-70
-52.3127
38.9363
49.6015
45.8343
32.8711
11.3589
-4.14975
-15.2494
-26.2196
-35.7946
-55.0231
-90.1818
-94.8711
-94.9619
-94.9501
-94.9037
-94.8048
-94.6169
-94.2933
-93.7968
-93.1171
-92.2709
-91.2856
-90.1846
-88.9802
-87.6713
-86.244
-84.67
-82.9008
-80.8534
-78.3733
-75.1243
-70.1596
-59.1757
0.465986
49.9782
49.2017
42.5742
23.8325
1.65238
-10.9692
-21.6937
-32.6209
-47.6394
-81.7504
-94.6776
-94.9505
-94.9472
-94.9025
-94.8043
-94.6164
-94.2909
-93.7862
-93.0868
-92.2057
-91.1701
-90.005
-88.7242
-87.3278
-85.8006
-84.1101
-82.1989
-79.9638
-77.2017
-73.4303
-67.0706
-48.468
43.0946
49.4342
44.5559
28.9173
6.27933
-7.60197
-18.3857
-29.5078
-41.2556
-68.5409
-94.0296
-94.9347
-94.9545
-94.9242
-94.849
-94.7001
-94.4336
-94.0035
-93.3826
-92.5717
-91.5928
-90.4721
-89.2288
-87.8688
-86.384
-84.7498
-82.9199
-80.8122
-78.2704
-74.9511
-69.8733
-58.484
4.50155
49.9786
49.0157
41.6028
21.8424
0.328655
-11.9828
-22.8209
-33.5696
-49.7678
-84.8864
-94.7487
-94.9507
-94.9421
-94.8911
-94.7812
-94.573
-94.216
-93.669
-92.9195
-91.9842
-90.8927
-89.6711
-88.3326
-86.8755
-85.2815
-83.5127
-81.501
-79.1211
-76.113
-71.8065
-63.6474
-30.9084
48.7483
49.1916
43.3168
26.1349
3.87652
-9.22935
-19.8678
-30.9321
-44.0521
-74.9961
-94.4659
-94.9463
-94.9512
-94.9124
-94.8231
-94.6483
-94.3382
-93.8461
-93.1503
-92.2609
-91.206
-90.0142
-88.7032
-87.2757
-85.7185
-83.9998
-82.0616
-79.7985
-77.0001
-73.1608
-66.5874
-46.4942
45.2531
49.3774
44.2714
28.2937
5.7438
-7.94299
-18.6898
-29.8039
-41.8188
-69.9001
-94.1539
-94.9376
-94.9529
-94.9194
-94.8387
-94.6794
-94.3945
-93.9364
-93.2779
-92.4226
-91.3955
-90.2251
-88.9314
-87.5204
-85.9822
-84.2891
-82.3888
-80.1866
-77.4967
-73.8884
-68.0148
-52.3922
34.644
49.6134
45.4958
31.0038
8.12255
-6.512
-17.4395
-28.5757
-39.545
-64.3066
-93.4548
-94.9189
-94.9528
-94.9247
-94.8509
-94.703
-94.4353
-93.9982
-93.3602
-92.5208
-91.5034
-90.3378
-89.0462
-87.6367
-86.1016
-84.4151
-82.5275
-80.3484
-77.7022
-74.1872
-68.5836
-54.4945
26.7272
49.7871
46.5807
33.6188
10.7008
-5.14279
-16.294
-27.421
-37.5529
-59.3356
-92.187
-94.8917
-94.952
-94.9287
-94.8601
-94.7203
-94.4637
-94.0391
-93.4115
-92.5776
-91.5604
-90.391
-89.0934
-87.6775
-86.1367
-84.4461
-82.5568
-80.3797
-77.7414
-74.2474
-68.7077
-54.9723
24.4434
49.8301
46.9022
34.4398
11.5616
-4.72942
-15.9607
-27.0818
-36.9938
-57.9536
-91.6385
-94.8806
-94.9514
-94.9292
-94.8615
-94.7226
-94.467
-94.0423
-93.4124
-92.5733
-91.5483
-90.3691
-89.0606
-87.6331
-86.0801
-84.3765
-82.4725
-80.2768
-77.611
-74.0655
-68.3858
-53.8857
29.154
49.7317
46.1866
32.5818
9.56476
-5.75573
-16.8112
-27.9515
-38.4548
-61.5754
-92.8614
-94.9046
-94.9513
-94.9246
-94.8513
-94.7032
-94.4336
-93.9906
-93.3405
-92.4816
-91.4384
-90.2423
-88.9172
-87.4722
-85.8995
-84.1718
-82.2362
-79.9946
-77.2527
-73.5527
-67.4235
-50.2592
39.9189
49.4899
44.8151
29.4182
6.63506
-7.40789
-18.2232
-29.3549
-40.973
-67.8442
-93.9512
-94.9305
-94.9509
-94.9173
-94.8348
-94.6715
-94.3785
-93.9053
-93.2221
-92.3318
-91.2607
-90.0398
-88.6911
-87.2214
-85.6203
-83.857
-81.8729
-79.5588
-76.6919
-72.7251
-65.7584
-42.8227
47.3994
49.2961
43.8578
27.3699
4.94355
-8.4775
-19.1743
-30.2724
-42.7301
-72.0448
-94.3097
-94.9409
-94.9498
-94.9112
-94.8209
-94.6432
-94.3265
-93.8202
-93.0984
-92.1692
-91.0619
-89.8079
-88.4278
-86.926
-85.2886
-83.4807
-81.4358
-79.0287
-75.9973
-71.6604
-63.3976
-29.6734
48.6801
49.182
43.2582
25.9714
3.7112
-9.35537
-19.987
-31.0454
-44.2845
-75.4914
-94.4861
-94.9451
-94.9474
-94.9041
-94.8055
-94.6124
-94.2698
-93.727
-92.9622
-91.989
-90.8403
-89.5484
-88.1324
-86.5938
-84.9151
-83.0556
-80.9392
-78.4204
-75.1825
-70.3465
-60.0668
-7.19806
49.9601
49.326
43.224
25.028
2.33184
-10.5078
-21.1929
-32.1883
-46.7025
-80.1509
-94.6325
-94.9458
-94.9407
-94.8892
-94.7759
-94.5579
-94.1781
-93.588
-92.7719
-91.7491
-90.5549
-89.2209
-87.7637
-86.1813
-84.4514
-82.5261
-80.3159
-77.6454
-74.1131
-68.498
-54.3975
26.7875
49.7777
46.4817
33.2586
10.173
-5.47463
-16.5894
-27.7336
-38.088
-60.6604
-92.6039
-94.898
-94.9495
-94.9223
-94.8467
-94.6937
-94.4147
-93.9557
-93.2809
-92.3888
-91.3051
-90.0633
-88.6885
-87.1901
-85.5589
-83.7645
-81.7468
-79.3925
-76.4689
-72.3936
-65.0865
-39.5631
48.2402
49.2356
43.5415
26.6421
4.30519
-8.9245
-19.5859
-30.6661
-43.5138
-73.8179
-94.409
-94.9429
-94.9478
-94.9057
-94.8091
-94.6199
-94.2835
-93.7485
-92.9905
-92.0203
-90.8697
-89.5712
-88.1451
-86.594
-84.9014
-83.027
-80.8943
-78.3562
-75.0898
-70.1929
-59.6582
-4.40109
49.9685
49.2746
42.8974
24.2966
1.79162
-10.9086
-21.6392
-32.585
-47.5663
-81.6239
-94.671
-94.946
-94.9384
-94.884
-94.7654
-94.5382
-94.1439
-93.5341
-92.6945
-91.6456
-90.424
-89.0615
-87.5741
-85.9586
-84.1904
-82.2173
-79.9411
-77.1655
-73.4244
-67.2112
-49.5841
41.0871
49.4498
44.5776
28.8099
6.01689
-7.82118
-18.598
-29.7271
-41.6796
-69.5499
-94.1133
-94.9337
-94.9484
-94.9108
-94.8212
-94.6448
-94.3298
-93.8239
-93.0976
-92.1558
-91.0272
-89.7443
-88.3294
-86.7881
-85.1071
-83.2496
-81.1448
-78.6565
-75.4916
-70.8563
-61.454
-17.0553
49.8233
49.2902
43.3796
25.7301
3.12455
-9.87246
-20.4935
-31.5355
-45.3106
-77.5707
-94.5577
-94.9446
-94.9426
-94.8935
-94.7837
-94.57
-94.1935
-93.6027
-92.7788
-91.7403
-90.5241
-89.1635
-87.6765
-86.0618
-84.2963
-82.3298
-80.0673
-77.3193
-73.6414
-67.6239
-51.2215
37.5893
49.527
44.9756
29.6833
6.76175
-7.36657
-18.1987
-29.3389
-40.9478
-67.7708
-93.9338
-94.9284
-94.9484
-94.9123
-94.8248
-94.6517
-94.3413
-93.8401
-93.1169
-92.1751
-91.043
-89.7539
-88.331
-86.7808
-85.0902
-83.2224
-81.1061
-78.6035
-75.4166
-70.7342
-61.1476
-14.9884
49.8808
49.3116
43.3989
25.6641
2.99141
-9.98772
-20.61
-31.6466
-45.5457
-78.0264
-94.5716
-94.9444
-94.9414
-94.891
-94.7786
-94.5603
-94.1765
-93.5754
-92.7392
-91.6871
-90.4565
-89.0809
-87.5781
-85.9459
-84.1602
-82.1684
-79.8706
-77.0658
-73.2732
-66.916
-48.3765
42.9851
49.4039
44.3461
28.3038
5.59007
-8.09213
-18.8394
-29.9603
-42.1271
-70.617
-94.2016
-94.9359
-94.9475
-94.9079
-94.8149
-94.6324
-94.3069
-93.7854
-93.039
-92.0739
-90.92
-89.6104
-88.1673
-86.5956
-84.8799
-82.9805
-80.8203
-78.2486
-74.9328
-69.9282
-58.936
0.469875
49.9757
49.1396
42.1419
22.7212
0.737545
-11.7017
-22.52
-33.3335
-49.2344
-84.1552
-94.7298
-94.9462
-94.9343
-94.8747
-94.7469
-94.5038
-94.0856
-93.4445
-92.5686
-91.4809
-90.219
-88.8145
-87.2823
-85.6169
-83.7899
-81.742
-79.3596
-76.4079
-72.2977
-64.9113
-38.8416
48.3315
49.2105
43.3927
26.2602
3.94074
-9.19376
-19.838
-30.9066
-44.0014
-74.8811
-94.458
-94.9433
-94.9454
-94.9003
-94.798
-94.598
-94.2436
-93.682
-92.8892
-91.8777
-90.6813
-89.3336
-87.8546
-86.2458
-84.4875
-82.5333
-80.2941
-77.5928
-74.021
-68.3239
-53.8086
29.2304
49.7221
46.1059
32.3228
9.225
-5.96895
-17.0009
-28.1494
-38.802
-62.439
-93.0651
-94.9071
-94.9482
-94.9173
-94.8358
-94.672
-94.3741
-93.8856
-93.1705
-92.229
-91.0892
-89.7866
-88.3465
-86.7773
-85.0669
-83.1785
-81.0399
-78.5103
-75.2837
-70.5176
-60.6021
-11.3255
49.9334
49.3407
43.3905
25.4423
2.66632
-10.2591
-20.9151
-31.9356
-46.1624
-79.1873
-94.6055
-94.9441
-94.9389
-94.8855
-94.7677
-94.5397
-94.141
-93.5199
-92.6597
-91.5814
-90.3234
-88.9192
-87.3861
-85.7203
-83.8951
-81.8532
-79.4847
-76.5633
-72.5273
-65.4024
-41.4067
47.8013
49.2454
43.5623
26.6179
4.21974
-9.00163
-19.662
-30.7424
-43.6693
-74.1529
-94.4228
-94.9421
-94.9455
-94.9009
-94.7994
-94.6009
-94.249
-93.6903
-92.8994
-91.8879
-90.689
-89.3364
-87.8509
-86.2342
-84.4671
-82.5028
-80.2514
-77.5335
-73.9331
-68.1615
-53.2377
31.4013
49.6711
45.7857
31.5467
8.46451
-6.38416
-17.3522
-28.5019
-39.4229
-63.9916
-93.3857
-94.9142
-94.9478
-94.9149
-94.8305
-94.6619
-94.3562
-93.8571
-93.1294
-92.1746
-91.0215
-89.7054
-88.2514
-86.6671
-84.9391
-83.029
-80.8609
-78.2861
-74.9761
-70.0034
-59.1847
-1.40842
49.9734
49.1905
42.3967
23.1969
1.01032
-11.5023
-22.3012
-33.154
-48.8305
-83.5808
-94.7167
-94.9455
-94.9339
-94.8739
-94.745
-94.4992
-94.0759
-93.426
-92.5372
-91.433
-90.1517
-88.7255
-87.1695
-85.4778
-83.6203
-81.5343
-79.0988
-76.0593
-71.7594
-63.7154
-32.1236
48.7088
49.1529
43.0871
25.5397
3.31536
-9.65261
-20.2665
-31.3074
-44.8253
-76.6157
-94.529
-94.9446
-94.9433
-94.8951
-94.7867
-94.5755
-94.2023
-93.6136
-92.7879
-91.7411
-90.509
-89.1259
-87.6111
-85.9638
-84.1611
-82.1506
-79.8321
-77.0016
-73.1681
-66.7023
-47.4656
44.123
49.376
44.2122
28.0263
5.37305
-8.22779
-18.9596
-30.0749
-42.3487
-71.142
-94.2418
-94.9368
-94.9465
-94.9052
-94.8091
-94.6203
-94.2838
-93.7448
-92.9744
-91.98
-90.7929
-89.4476
-87.9662
-86.3526
-84.5894
-82.6326
-80.3957
-77.7073
-74.173
-68.5982
-54.7839
24.9366
49.8135
46.7491
33.9505
10.9054
-5.1064
-16.2866
-27.4256
-37.57
-59.3741
-92.1892
-94.8888
-94.9476
-94.9195
-94.841
-94.6811
-94.3878
-93.9024
-93.1862
-92.2377
-91.0853
-89.7658
-88.3062
-86.7155
-84.9818
-83.0675
-80.8975
-78.3249
-75.0258
-70.0897
-59.4517
-3.37667
49.97
49.2357
42.6401
23.6762
1.30543
-11.2851
-22.0615
-32.9531
-48.3813
-82.9098
-94.7009
-94.945
-94.9341
-94.8745
-94.746
-94.5007
-94.0771
-93.4256
-92.5331
-91.4231
-90.1343
-88.6994
-87.1338
-85.4314
-83.5618
-81.4612
-79.0056
-75.9333
-71.5615
-63.2591
-29.3725
48.6196
49.1504
43.051
25.4018
3.15537
-9.78143
-20.39
-31.4241
-45.0693
-77.109
-94.5462
-94.9446
-94.9424
-94.8929
-94.7822
-94.5665
-94.1859
-93.5867
-92.748
-91.6869
-90.4402
-89.0423
-87.5123
-85.8485
-84.0267
-81.9921
-79.6393
-76.752
-72.7996
-65.961
-44.1199
46.7555
49.2958
43.8161
27.175
4.67888
-8.68571
-19.3729
-30.4687
-43.1219
-72.9288
-94.3575
-94.9401
-94.9455
-94.9018
-94.8014
-94.6049
-94.2554
-93.6985
-92.9069
-91.8907
-90.683
-89.3181
-87.8175
-86.1838
-84.3973
-82.4105
-80.1309
-77.3725
-73.6973
-67.7217
-51.6263
36.4933
49.5503
45.1
29.9614
7.00562
-7.22114
-18.072
-29.2148
-40.7174
-67.2058
-93.8685
-94.9259
-94.947
-94.9099
-94.8196
-94.6407
-94.3189
-93.798
-93.045
-92.0638
-90.8848
-89.543
-88.0626
-86.4495
-84.6881
-82.7361
-80.5101
-77.8445
-74.3622
-68.9399
-55.947
18.9835
49.9082
47.6179
36.3971
13.7553
-3.75105
-15.1927
-26.2949
-35.9499
-55.4071
-90.2811
-94.8525
-94.947
-94.9237
-94.8505
-94.699
-94.4174
-93.9455
-93.241
-92.2996
-91.1489
-89.8269
-88.3626
-86.7668
-85.0285
-83.1112
-80.941
-78.373
-75.0885
-70.1977
-59.7751
-5.74325
49.9639
49.2798
42.8993
24.2154
1.6621
-11.0218
-21.7699
-32.7032
-47.8279
-82.0456
-94.6802
-94.9445
-94.9346
-94.8758
-94.7483
-94.5043
-94.0818
-93.4303
-92.536
-91.422
-90.1276
-88.6859
-87.1128
-85.4022
-83.5236
-81.4123
-78.9427
-75.8479
-71.4271
-62.9458
-27.4339
48.4813
49.1553
43.0524
25.3495
3.06662
-9.85745
-20.464
-31.4945
-45.2176
-77.4038
-94.5557
-94.9445
-94.9416
-94.8912
-94.7787
-94.5597
-94.1735
-93.5661
-92.7172
-91.6446
-90.386
-88.9761
-87.4334
-85.7562
-83.9188
-81.8645
-79.4839
-76.55
-72.4983
-65.3357
-41.0684
47.8908
49.2396
43.5394
26.5803
4.20041
-9.01208
-19.6707
-30.7499
-43.6839
-74.1866
-94.4247
-94.9419
-94.9446
-94.8991
-94.7954
-94.5927
-94.2329
-93.6613
-92.8522
-91.8179
-90.5926
-89.2111
-87.6943
-86.0435
-84.2373
-82.2255
-79.91
-77.0917
-73.2929
-66.9478
-48.5334
42.75
49.4079
44.3695
28.3613
5.64486
-8.05478
-18.8053
-29.927
-42.0627
-70.4665
-94.1904
-94.935
-94.9462
-94.9051
-94.8089
-94.6198
-94.2821
-93.7401
-92.9639
-91.9605
-90.7616
-89.402
-87.9047
-86.2737
-84.4909
-82.5109
-80.2442
-77.511
-73.8929
-68.0895
-53.0142
32.1378
49.6518
45.6652
31.2466
8.16108
-6.56017
-17.5044
-28.6553
-39.6983
-64.6779
-93.5058
-94.9166
-94.947
-94.9123
-94.8251
-94.651
-94.3359
-93.8224
-93.0756
-92.0977
-90.9188
-89.5747
-88.0907
-86.4737
-84.7087
-82.7539
-80.5266
-77.8623
-74.3866
-68.9874
-56.1228
17.9559
49.9195
47.7485
36.7875
14.2347
-3.54032
-15.028
-26.1236
-35.8548
-55.1748
-90.1263
-94.8491
-94.9467
-94.9235
-94.8501
-94.6981
-94.4157
-93.9422
-93.235
-92.2896
-91.1338
-89.8057
-88.3347
-86.7315
-84.9852
-83.0587
-80.8771
-78.2926
-74.9789
-70.0164
-59.2766
-2.30089
49.9717
49.2026
42.4404
23.2327
0.989926
-11.5279
-22.3326
-33.183
-48.8961
-83.669
-94.7177
-94.9448
-94.9324
-94.8708
-94.7387
-94.4872
-94.0542
-93.3903
-92.4832
-91.3573
-90.0518
-88.5994
-87.0151
-85.292
-83.3978
-81.2655
-78.7638
-75.6111
-71.0541
-62.0435
-21.5704
49.5034
49.2084
43.1111
25.2532
2.82584
-10.0722
-20.6918
-31.7135
-45.6829
-78.3046
-94.5829
-94.9443
-94.9398
-94.8872
-94.7707
-94.5445
-94.1469
-93.524
-92.6569
-91.5657
-90.2891
-88.8618
-87.3021
-85.6067
-83.7481
-81.6664
-79.2453
-76.241
-72.0331
-64.334
-35.7285
48.6283
49.1707
43.1932
25.8141
3.57166
-9.45869
-20.0837
-31.1362
-44.4704
-75.8798
-94.5004
-94.9437
-94.9433
-94.8952
-94.7871
-94.5761
-94.2025
-93.6118
-92.7806
-91.7241
-90.4783
-89.0782
-87.5438
-85.8747
-84.0474
-82.0082
-79.652
-76.7637
-72.8151
-65.9959
-44.3017
46.654
49.2989
43.8319
27.2095
4.70709
-8.66658
-19.3554
-30.4522
-43.0891
-72.8547
-94.3533
-94.9398
-94.9451
-94.901
-94.7997
-94.6013
-94.2483
-93.6856
-92.8858
-91.8592
-90.6393
-89.2612
-87.7463
-86.0972
-84.2934
-82.286
-79.9789
-77.1774
-73.4171
-67.1927
-49.5612
41.0884
49.4453
44.5552
28.7591
5.97156
-7.85032
-18.6241
-29.7525
-41.7282
-69.6667
-94.1233
-94.9329
-94.9462
-94.9058
-94.8106
-94.623
-94.2874
-93.7478
-92.9733
-91.9701
-90.77
-89.4081
-87.9077
-86.2734
-84.4874
-82.5043
-80.2347
-77.4985
-73.8763
-68.0633
-52.9331
32.4007
49.645
45.6239
31.1452
8.06045
-6.61885
-17.5552
-28.7062
-39.7899
-64.906
-93.5432
-94.9173
-94.9467
-94.9117
-94.8236
-94.6481
-94.3307
-93.8138
-93.0626
-92.0798
-90.8955
-89.5459
-88.0562
-86.4331
-84.6615
-82.6989
-80.4612
-77.781
-74.2746
-68.792
-55.4916
21.324
49.8755
47.2741
35.367
12.4725
-4.36293
-15.6877
-26.8123
-36.5643
-56.8991
-91.1308
-94.868
-94.9467
-94.921
-94.8445
-94.6873
-94.3966
-93.9123
-93.1931
-92.2362
-91.0704
-89.7336
-88.2545
-86.643
-84.887
-82.948
-80.7484
-78.1349
-74.7652
-69.6565
-58.2368
4.80011
49.976
48.9329
41.103
20.6888
-0.497896
-12.6602
-23.5818
-34.1744
-51.1641
-86.5735
-94.7787
-94.9453
-94.9284
-94.8619
-94.7214
-94.4568
-94.0064
-93.3233
-92.3981
-91.2568
-89.9385
-88.4746
-86.8785
-85.1418
-83.2302
-81.0728
-78.531
-75.3027
-70.5597
-60.7829
-12.9356
49.9137
49.312
43.2697
25.1882
2.47723
-10.3961
-21.0673
-32.0739
-46.4592
-79.7308
-94.6212
-94.9437
-94.9369
-94.881
-94.7583
-94.5216
-94.1084
-93.4658
-92.5777
-91.4662
-90.1709
-88.7265
-87.15
-85.4366
-83.5565
-81.446
-78.981
-75.8981
-71.5087
-63.1469
-28.7223
48.5765
49.1488
43.0358
25.349
3.09688
-9.82801
-20.4345
-31.4657
-45.1562
-77.2823
-94.5518
-94.9443
-94.9415
-94.8909
-94.778
-94.5583
-94.1707
-93.5608
-92.7079
-91.63
-90.3647
-88.9472
-87.3965
-85.7106
-83.8639
-81.7989
-79.4042
-76.4478
-72.3482
-65.0246
-39.4825
48.223
49.2149
43.4182
26.3191
3.99103
-9.15771
-19.8045
-30.8751
-43.9372
-74.741
-94.4512
-94.9424
-94.944
-94.8973
-94.7915
-94.5848
-94.2183
-93.6367
-92.8153
-91.7674
-90.5284
-89.1335
-87.6033
-85.9387
-84.1172
-82.0865
-79.7447
-76.8828
-72.9924
-66.3606
-45.9978
45.5148
49.3362
44.0147
27.5989
5.0202
-8.45907
-19.1679
-30.2742
-42.738
-72.0503
-94.3039
-94.9382
-94.9453
-94.902
-94.802
-94.6059
-94.2568
-93.699
-92.9043
-91.882
-90.6652
-89.289
-87.7756
-86.128
-84.3265
-82.3231
-80.023
-77.2344
-73.5023
-67.3622
-50.2591
39.7298
49.4754
44.7071
29.0868
6.24411
-7.6826
-18.4763
-29.6098
-41.4572
-69.0125
-94.0631
-94.9311
-94.9462
-94.9064
-94.8119
-94.6256
-94.2919
-93.7544
-92.9816
-91.9794
-90.7792
-89.4167
-87.9155
-86.2805
-84.4944
-82.5121
-80.2444
-77.5124
-73.8994
-68.1119
-53.1236
31.7095
49.6611
45.7177
31.362
8.25925
-6.50945
-17.4625
-28.6144
-39.6255
-64.4965
-93.4745
-94.9156
-94.9466
-94.9119
-94.8241
-94.6489
-94.3319
-93.8152
-93.0637
-92.0798
-90.894
-89.5425
-88.051
-86.4262
-84.6532
-82.6896
-80.4513
-77.7706
-74.2636
-68.7781
-55.4579
21.4761
49.8731
47.2496
35.2942
12.3821
-4.40823
-15.725
-26.8512
-36.6276
-57.0538
-91.2084
-94.8694
-94.9466
-94.9206
-94.8436
-94.6855
-94.3934
-93.9071
-93.1854
-92.2257
-91.0571
-89.7177
-88.2362
-86.6223
-84.8641
-82.9228
-80.7203
-78.1025
-74.7241
-69.5912
-58.0512
6.01187
49.9753
48.8655
40.8032
20.1629
-0.775344
-12.8739
-23.8156
-34.3484
-51.5696
-87.018
-94.7876
-94.9453
-94.9276
-94.8601
-94.7179
-94.4506
-93.9964
-93.3089
-92.3794
-91.2341
-89.9121
-88.445
-86.846
-85.1062
-83.1911
-81.029
-78.4799
-75.2375
-70.4577
-60.5206
-11.1149
49.9342
49.3286
43.2846
25.1343
2.37341
-10.4864
-21.1718
-32.1719
-46.671
-80.1055
-94.6307
-94.9436
-94.9361
-94.8792
-94.7549
-94.5154
-94.098
-93.4503
-92.5567
-91.4399
-90.1399
-88.6913
-87.1109
-85.3935
-83.5089
-81.3927
-78.9191
-75.8202
-71.3922
-62.88
-27.0624
48.4433
49.1551
43.046
25.3218
3.03296
-9.88486
-20.4903
-31.5191
-45.2694
-77.5049
-94.5588
-94.9442
-94.9409
-94.8897
-94.7757
-94.5538
-94.1626
-93.5479
-92.6892
-91.6054
-90.3347
-88.9123
-87.3572
-85.6671
-83.8158
-81.7452
-79.3422
-76.371
-72.2372
-64.7923
-38.2646
48.4023
49.1982
43.3347
26.1354
3.84113
-9.26392
-19.9027
-30.9671
-44.1239
-75.1435
-94.4693
-94.9428
-94.9436
-94.8963
-94.7894
-94.5805
-94.2104
-93.624
-92.7971
-91.7437
-90.4997
-89.1005
-87.5666
-85.8985
-84.0734
-82.0384
-79.6901
-76.8166
-72.9
-66.1809
-45.1879
46.1104
49.3175
43.923
27.4029
4.86177
-8.56396
-19.2627
-30.3643
-42.9158
-72.459
-94.3295
-94.9389
-94.9451
-94.9011
-94.8001
-94.6022
-94.25
-93.6879
-92.8883
-91.8612
-90.6401
-89.2603
-87.7438
-86.0935
-84.2892
-82.2824
-79.9774
-77.1801
-73.4285
-67.2265
-49.7223
40.7808
49.4518
44.5873
28.8268
6.02602
-7.81721
-18.5951
-29.7246
-41.6752
-69.5386
-94.1118
-94.9325
-94.946
-94.9055
-94.81
-94.6219
-94.2853
-93.744
-92.9669
-91.9607
-90.7571
-89.3918
-87.8884
-86.2514
-84.4633
-82.4786
-80.2075
-77.4695
-73.8428
-68.0129
-52.7711
32.9368
49.632
45.5477
30.9662
7.89245
-6.71425
-17.637
-28.7874
-39.9363
-65.2702
-93.6011
-94.9186
-94.9465
-94.9108
-94.8219
-94.6446
-94.3245
-93.8039
-93.0482
-92.0605
-90.8716
-89.5178
-88.0244
-86.3981
-84.6236
-82.6581
-80.417
-77.7313
-74.2129
-68.6924
-55.1769
22.8925
49.8498
47.0388
34.7046
11.7028
-4.7326
-15.9873
-27.1217
-37.0687
-58.1357
-91.7062
-94.8788
-94.9466
-94.9191
-94.8404
-94.6794
-94.3831
-93.8914
-93.1643
-92.2001
-91.028
-89.6862
-88.2029
-86.5877
-84.8278
-82.8845
-80.6787
-78.0547
-74.6627
-69.4906
-57.7537
7.96125
49.973
48.7426
40.2848
19.2927
-1.21161
-13.2099
-24.1817
-34.6122
-52.1887
-87.6568
-94.8002
-94.9454
-94.9266
-94.8578
-94.7135
-94.4428
-93.9842
-93.2918
-92.3578
-91.2088
-89.8841
-88.4149
-86.8141
-85.0725
-83.1553
-80.9903
-78.436
-75.1826
-70.3726
-60.2983
-9.56132
49.9462
49.3327
43.2538
25.0092
2.23963
-10.5936
-21.2936
-32.2833
-46.9127
-80.5258
-94.6415
-94.9436
-94.9354
-94.8777
-94.752
-94.5101
-94.0893
-93.4376
-92.54
-91.4197
-90.1169
-88.6661
-87.0839
-85.3649
-83.4787
-81.3603
-78.8831
-75.777
-71.3301
-62.7395
-26.182
48.5006
49.16
43.0517
25.3052
2.9965
-9.91709
-20.5218
-31.5493
-45.3334
-77.6302
-94.5627
-94.9442
-94.9406
-94.8891
-94.7744
-94.5513
-94.1583
-93.5409
-92.6794
-91.5928
-90.3197
-88.8955
-87.3389
-85.6479
-83.7959
-81.7247
-79.3207
-76.3472
-72.2065
-64.7331
-37.9584
48.4382
49.1943
43.3147
26.0906
3.80395
-9.29048
-19.9273
-30.9901
-44.1709
-75.2445
-94.4737
-94.9429
-94.9435
-94.8959
-94.7887
-94.5792
-94.208
-93.6202
-92.7916
-91.7367
-90.4916
-89.0916
-87.5575
-85.8896
-84.0652
-82.0314
-79.6848
-76.8138
-72.9009
-66.1895
-45.2378
46.0743
49.3186
43.9286
27.4149
4.87147
-8.55749
-19.2568
-30.3587
-42.9048
-72.4336
-94.328
-94.9389
-94.945
-94.9011
-94.8
-94.602
-94.2496
-93.6874
-92.8876
-91.8604
-90.6393
-89.2597
-87.7439
-86.0947
-84.2922
-82.2881
-79.9871
-77.1962
-73.4565
-67.2868
-49.9766
40.2908
49.4628
44.6431
28.948
6.12765
-7.75418
-18.5394
-29.6708
-41.5728
-69.2924
-94.0893
-94.9318
-94.946
-94.9058
-94.8106
-94.623
-94.2873
-93.747
-92.9711
-91.9659
-90.7633
-89.399
-87.8969
-86.2617
-84.4763
-82.4955
-80.2302
-77.5017
-73.8933
-68.1126
-53.1428
31.6268
49.6631
45.73
31.3922
8.28914
-6.4922
-17.4477
-28.5994
-39.5986
-64.4297
-93.4629
-94.9153
-94.9465
-94.9117
-94.8239
-94.6485
-94.331
-93.8135
-93.061
-92.0759
-90.8891
-89.5371
-88.0456
-86.4219
-84.651
-82.6909
-80.4581
-77.7859
-74.2939
-68.8442
-55.693
20.2307
49.8913
47.4312
35.8213
13.0148
-4.10896
-15.4837
-26.6007
-36.2361
-56.1007
-90.7001
-94.8599
-94.9465
-94.9216
-94.8459
-94.6899
-94.4008
-93.9178
-93.1991
-92.2416
-91.0742
-89.7358
-88.2555
-86.644
-84.8896
-82.9545
-80.7618
-78.16
-74.8116
-69.753
-58.5489
2.65096
49.9761
49.0339
41.5716
21.5359
-0.0354564
-12.3065
-23.1934
-33.8773
-50.4762
-85.7685
-94.7623
-94.945
-94.9292
-94.8637
-94.7248
-94.4625
-94.0147
-93.3337
-92.4097
-91.2687
-89.9501
-88.4865
-86.8919
-85.1583
-83.2524
-81.1044
-78.5779
-75.377
-70.6965
-61.1656
-15.641
49.8617
49.2826
43.2293
25.2294
2.60303
-10.2824
-20.9348
-31.9481
-46.187
-79.2408
-94.6084
-94.9438
-94.9375
-94.8824
-94.7611
-94.5266
-94.1162
-93.4768
-92.5915
-91.4822
-90.189
-88.747
-87.1739
-85.4656
-83.5932
-81.4944
-79.0476
-75.9964
-71.6764
-63.558
-31.2692
48.6872
49.1469
43.0513
25.443
3.22264
-9.7239
-20.3339
-31.3704
-44.9563
-76.8817
-94.5382
-94.9441
-94.9419
-94.8918
-94.78
-94.5621
-94.1773
-93.5713
-92.7226
-91.6487
-90.3873
-88.9737
-87.4276
-85.748
-83.9099
-81.8576
-79.4823
-76.5593
-72.5296
-65.4295
-41.5918
47.7422
49.2479
43.5813
26.6716
4.27446
-8.9607
-19.6236
-30.7054
-43.5944
-73.9886
-94.4147
-94.9413
-94.9442
-94.8983
-94.7939
-94.5896
-94.227
-93.6509
-92.8355
-91.7935
-90.5598
-89.1699
-87.6453
-85.9876
-84.1757
-82.1588
-79.8382
-77.012
-73.1953
-66.7839
-47.8913
43.5855
49.3871
44.2654
28.1348
5.45557
-8.17645
-18.9142
-30.0318
-42.2652
-70.946
-94.227
-94.9359
-94.9455
-94.9034
-94.8052
-94.6124
-94.2685
-93.7176
-92.9305
-91.9151
-90.7044
-89.3339
-87.8266
-86.1867
-84.3956
-82.4072
-80.1299
-77.3797
-73.7241
-67.8018
-51.9958
35.3839
49.5746
45.2278
30.2392
7.2399
-7.0874
-17.9574
-29.1033
-40.5122
-66.6992
-93.8045
-94.9239
-94.9463
-94.909
-94.8179
-94.6371
-94.3116
-93.7843
-93.0219
-92.0287
-90.8358
-89.4796
-87.985
-86.3583
-84.5838
-82.6183
-80.3767
-77.6884
-74.1614
-68.6098
-54.9056
24.215
49.8259
46.841
34.1721
11.1151
-5.01655
-16.2177
-27.3577
-37.4583
-59.0974
-92.0876
-94.8862
-94.9466
-94.9179
-94.8377
-94.6743
-94.3745
-93.8785
-93.147
-92.1793
-91.0052
-89.6626
-88.1796
-86.5655
-84.8075
-82.8667
-80.6641
-78.044
-74.6566
-69.49
-57.762
7.9093
49.9731
48.748
40.311
19.3434
-1.18138
-13.1851
-24.1543
-34.5922
-52.1418
-87.6108
-94.7994
-94.9454
-94.9267
-94.8579
-94.7136
-94.4429
-93.9843
-93.2919
-92.358
-91.2093
-89.8854
-88.4177
-86.8195
-85.0817
-83.1698
-81.0125
-78.4698
-75.2366
-70.4719
-60.5785
-11.5417
49.9299
49.3255
43.2866
25.1616
2.41101
-10.4551
-21.1359
-32.1387
-46.5993
-79.9789
-94.6274
-94.9435
-94.9361
-94.8794
-94.7552
-94.5158
-94.0985
-93.4508
-92.5571
-91.4406
-90.1414
-88.6946
-87.1172
-85.4046
-83.527
-81.4209
-78.9626
-75.8895
-71.5159
-63.1931
-29.06
48.5945
49.1478
43.0336
25.3516
3.10517
-9.82046
-20.427
-31.4585
-45.1411
-77.252
-94.5508
-94.9442
-94.9413
-94.8905
-94.7773
-94.5569
-94.1682
-93.5569
-92.7024
-91.6231
-90.3572
-88.9402
-87.3914
-85.7093
-83.8687
-81.8131
-79.4326
-76.4994
-72.4452
-65.258
-40.734
47.965
49.2337
43.511
26.5192
4.15125
-9.04626
-19.7022
-30.7793
-43.7433
-74.3176
-94.431
-94.9418
-94.944
-94.8976
-94.7924
-94.5867
-94.2219
-93.6427
-92.8241
-91.779
-90.5431
-89.1516
-87.6262
-85.9682
-84.1562
-82.1392
-79.8182
-76.9906
-73.1687
-66.7372
-47.6968
43.8209
49.3814
44.2374
28.0753
5.40755
-8.20718
-18.9416
-30.0581
-42.3163
-71.0658
-94.2359
-94.9361
-94.9455
-94.9031
-94.8047
-94.6115
-94.2669
-93.7152
-92.9272
-91.9113
-90.7004
-89.3301
-87.8236
-86.1848
-84.3956
-82.4095
-80.1357
-77.3906
-73.7439
-67.844
-52.1601
34.8911
49.5862
45.2919
30.3851
7.37087
-7.01076
-17.891
-29.0379
-40.3918
-66.4014
-93.7652
-94.9228
-94.9464
-94.9094
-94.8187
-94.6386
-94.3142
-93.7882
-93.0273
-92.0354
-90.8439
-89.4891
-87.9963
-86.3719
-84.6005
-82.6394
-80.4041
-77.726
-74.2183
-68.7172
-55.2758
22.3972
49.8585
47.1178
34.9306
11.9712
-4.59844
-15.8769
-27.0072
-36.8808
-57.6742
-91.5039
-94.875
-94.9466
-94.9197
-94.8415
-94.6816
-94.3867
-93.8967
-93.1712
-92.2085
-91.038
-89.6983
-88.2181
-86.6075
-84.8543
-82.9205
-80.7287
-78.1264
-74.7737
-69.6969
-58.3907
3.73533
49.9762
48.9872
41.3553
21.1481
-0.244722
-12.4649
-23.3671
-34.0111
-50.7857
-86.1401
-94.77
-94.9451
-94.9287
-94.8626
-94.7226
-94.4587
-94.0087
-93.3255
-92.3997
-91.2577
-89.9392
-88.4765
-86.8837
-85.1529
-83.2507
-81.1078
-78.5887
-75.3993
-70.7422
-61.2947
-16.5436
49.8353
49.2724
43.217
25.2482
2.65078
-10.2399
-20.8854
-31.9012
-46.0861
-79.0556
-94.6033
-94.9438
-94.9378
-94.8831
-94.7624
-94.5288
-94.1199
-93.4824
-92.5992
-91.4923
-90.2017
-88.7629
-87.1938
-85.4907
-83.6253
-81.5362
-79.1039
-76.0775
-71.8106
-63.8762
-33.1786
48.7019
49.1527
43.0923
25.5641
3.34597
-9.62779
-20.2427
-31.2847
-44.7776
-76.5166
-94.525
-94.9439
-94.9423
-94.8928
-94.782
-94.5661
-94.1847
-93.5832
-92.7397
-91.6713
-90.4152
-89.007
-87.467
-85.7944
-83.9655
-81.9257
-79.5691
-76.6776
-72.7142
-65.8253
-43.5518
47.0188
49.2837
43.7572
27.0486
4.57692
-8.75459
-19.4355
-30.5282
-43.2402
-73.1976
-94.3726
-94.9401
-94.9446
-94.8996
-94.7969
-94.5957
-94.2383
-93.6694
-92.8624
-91.8288
-90.6031
-89.2208
-87.704
-86.0552
-84.2542
-82.2524
-79.954
-77.1655
-73.4255
-67.2434
-49.8196
40.586
49.4564
44.6115
28.8816
6.07427
-7.78664
-18.5678
-29.6982
-41.6247
-69.4172
-94.1007
-94.9321
-94.9459
-94.9055
-94.8101
-94.622
-94.2856
-93.7446
-92.9682
-91.9629
-90.761
-89.3985
-87.8995
-86.2688
-84.4896
-82.5175
-80.2647
-77.5553
-73.9815
-68.2898
-53.7967
29.1157
49.7221
46.0983
32.2798
9.15005
-6.02149
-17.0493
-28.2006
-38.8933
-62.6669
-93.1154
-94.9074
-94.9466
-94.9138
-94.8284
-94.6569
-94.3453
-93.8349
-93.0896
-92.1109
-90.9295
-89.5826
-88.097
-86.4808
-84.7202
-82.7747
-80.5636
-77.9265
-74.5016
-69.2268
-56.9482
13.0588
49.957
48.3178
38.6763
16.8216
-2.36565
-14.1032
-25.1437
-35.2625
-53.7414
-89.0624
-94.8279
-94.9459
-94.9245
-94.8528
-94.7035
-94.4251
-93.9563
-93.2532
-92.31
-91.1545
-89.8262
-88.3556
-86.7553
-85.0154
-83.1006
-80.9382
-78.3855
-75.1299
-70.3037
-60.1307
-8.38581
49.953
49.3192
43.158
24.7907
2.0768
-10.7138
-21.4273
-32.4025
-47.1703
-80.9651
-94.653
-94.9437
-94.9349
-94.8765
-94.7496
-94.5059
-94.0826
-93.4281
-92.5283
-91.4069
-90.1045
-88.6556
-87.0771
-85.3638
-83.4856
-81.3783
-78.9174
-75.8373
-71.4434
-63.0345
-28.0875
48.5277
49.1511
43.0388
25.3361
3.07011
-9.85151
-20.4575
-31.4877
-45.2028
-77.3748
-94.5547
-94.9442
-94.941
-94.89
-94.7762
-94.5547
-94.1643
-93.5509
-92.6943
-91.6132
-90.3463
-88.9291
-87.381
-85.7006
-83.8626
-81.8107
-79.4352
-76.5096
-72.4689
-65.3188
-41.0612
47.8829
49.239
43.5364
26.573
4.19366
-9.01701
-19.6753
-30.7543
-43.6928
-74.206
-94.4255
-94.9416
-94.944
-94.8978
-94.7928
-94.5875
-94.2234
-93.6454
-92.8284
-91.7853
-90.5516
-89.1629
-87.6408
-85.9871
-84.1807
-82.1715
-79.8617
-77.0521
-73.2658
-66.9376
-48.5615
42.6781
49.4088
44.3738
28.369
5.64928
-8.05256
-18.8035
-29.9254
-42.0597
-70.459
-94.1895
-94.9347
-94.9456
-94.904
-94.8067
-94.6155
-94.2741
-93.7267
-92.9436
-91.9325
-90.7261
-89.3604
-87.8588
-86.226
-84.4444
-82.4689
-80.2104
-77.4904
-73.8933
-68.1313
-53.2302
31.3019
49.6712
45.781
31.5185
8.41591
-6.41913
-17.3846
-28.536
-39.4848
-64.145
-93.4127
-94.9141
-94.9465
-94.912
-94.8246
-94.6498
-94.3333
-93.8171
-93.066
-92.0828
-90.8983
-89.5496
-88.0629
-86.4459
-84.6842
-82.7368
-80.5222
-77.8783
-74.4378
-69.1176
-56.601
15.143
49.9443
48.0951
37.9092
15.736
-2.85682
-14.4875
-25.5528
-35.5185
-54.3592
-89.5465
-94.8375
-94.9461
-94.9237
-94.8509
-94.6999
-94.4186
-93.946
-93.2387
-92.2919
-91.1339
-89.804
-88.3326
-86.7317
-84.9915
-83.076
-80.9122
-78.3566
-75.0939
-70.2473
-59.9786
-7.31022
49.958
49.3042
43.0558
24.5589
1.90527
-10.8414
-21.5695
-32.5282
-47.4444
-81.4218
-94.6646
-94.9439
-94.9344
-94.8754
-94.7475
-94.5021
-94.0766
-93.4198
-92.5179
-91.3951
-90.0918
-88.6427
-87.0643
-85.3513
-83.4735
-81.3668
-78.9061
-75.8256
-71.429
-63.005
-27.9074
48.5136
49.1521
43.0418
25.3381
3.06776
-9.85417
-20.4602
-31.4904
-45.2087
-77.3866
-94.5551
-94.9442
-94.941
-94.8899
-94.776
-94.5544
-94.1637
-93.55
-92.6931
-91.612
-90.3453
-88.9286
-87.3815
-85.7024
-83.8662
-81.8168
-79.4449
-76.525
-72.4955
-65.3795
-41.375
47.799
49.2442
43.5618
26.6275
4.23706
-8.98706
-19.6479
-30.7284
-43.6408
-74.0909
-94.4197
-94.9414
-94.9441
-94.898
-94.7932
-94.5884
-94.2251
-93.6484
-92.8328
-91.7912
-90.5592
-89.1722
-87.6522
-86.0008
-84.1975
-82.1925
-79.8887
-77.0892
-73.3228
-67.053
-49.0497
41.931
49.4261
44.4601
28.5552
5.80373
-7.95498
-18.7168
-29.8419
-41.8993
-70.0762
-94.1582
-94.9338
-94.9457
-94.9046
-94.808
-94.618
-94.2786
-93.7338
-92.9535
-91.9451
-90.7413
-89.378
-87.879
-86.2492
-84.4715
-82.5012
-80.2504
-77.5431
-73.971
-68.2781
-53.7622
29.2545
49.7191
46.0801
32.2382
9.11288
-6.03984
-17.0642
-28.2153
-38.9186
-62.7301
-93.1294
-94.9077
-94.9466
-94.9137
-94.8283
-94.6567
-94.345
-93.8346
-93.0893
-92.1111
-90.9304
-89.5849
-88.1014
-86.488
-84.7312
-82.7909
-80.587
-77.9609
-74.5556
-69.3286
-57.2721
11.0638
49.9654
48.5075
39.3749
17.8737
-1.87448
-13.719
-24.7307
-34.9907
-53.0898
-88.5079
-94.8172
-94.9457
-94.9254
-94.8549
-94.7077
-94.4325
-93.9681
-93.2698
-92.331
-91.1796
-89.8549
-88.3884
-86.7927
-85.059
-83.1525
-81.0022
-78.4686
-75.2481
-70.5062
-60.6862
-12.3015
49.9215
49.3198
43.29
25.2109
2.47903
-10.3982
-21.0707
-32.0778
-46.4677
-79.7445
-94.6212
-94.9435
-94.9365
-94.8802
-94.7567
-94.5185
-94.1028
-93.4573
-92.5662
-91.4527
-90.1573
-88.7153
-87.1442
-85.4399
-83.5736
-81.4831
-79.048
-76.0139
-71.7246
-63.6967
-32.1478
48.6989
49.1487
43.0648
25.4852
3.26686
-9.68905
-20.3008
-31.3392
-44.8913
-76.7493
-94.5334
-94.944
-94.942
-94.8921
-94.7806
-94.5633
-94.1798
-93.5758
-92.7299
-91.6597
-90.4029
-88.9953
-87.4569
-85.7874
-83.9626
-81.9286
-79.58
-76.7006
-72.7591
-65.9313
-44.0747
46.7596
49.2942
43.8087
27.1584
4.66463
-8.69559
-19.3819
-30.4774
-43.1392
-72.9679
-94.3596
-94.9397
-94.9447
-94.9
-94.7977
-94.5974
-94.2416
-93.675
-92.871
-91.8408
-90.6187
-89.2407
-87.7289
-86.0863
-84.2935
-82.3027
-80.0204
-77.2576
-73.5682
-67.5287
-50.9693
38.1153
49.5122
44.8981
29.5094
6.60862
-7.45955
-18.2802
-29.4187
-41.0974
-68.1376
-93.974
-94.9285
-94.9462
-94.9072
-94.8139
-94.6294
-94.2986
-93.7649
-92.9962
-91.9984
-90.8033
-89.4472
-87.955
-86.3326
-84.5642
-82.6069
-80.3759
-77.702
-74.1976
-68.6942
-55.2092
22.7381
49.853
47.0721
34.8118
11.847
-4.6528
-15.9192
-27.0498
-36.9497
-57.8437
-91.5807
-94.8765
-94.9466
-94.9195
-94.8412
-94.681
-94.3857
-93.8953
-93.1697
-92.2074
-91.0383
-89.7012
-88.2248
-86.6195
-84.8736
-82.9496
-80.7715
-78.1897
-74.8728
-69.8799
-58.9395
-0.00482433
49.9745
49.1374
42.0957
22.5526
0.572747
-11.8408
-22.6784
-33.4669
-49.5376
-84.5666
-94.7373
-94.9448
-94.9308
-94.8672
-94.7316
-94.4743
-94.0331
-93.3594
-92.4425
-91.3082
-89.9969
-88.5417
-86.9579
-85.2388
-83.3528
-81.2331
-78.7501
-75.6259
-71.1203
-62.266
-23.1381
49.2755
49.1904
43.0884
25.2742
2.89316
-10.0112
-20.6225
-31.6466
-45.5403
-78.0314
-94.5748
-94.9441
-94.9398
-94.8873
-94.7707
-94.5443
-94.1462
-93.5224
-92.6545
-91.5628
-90.2869
-88.8627
-87.3091
-85.6239
-83.781
-81.7227
-79.3369
-76.391
-72.301
-64.9747
-39.3051
48.2446
49.2119
43.4014
26.2778
3.95325
-9.18547
-19.8305
-30.8997
-43.9871
-74.8486
-94.4559
-94.9424
-94.9436
-94.8965
-94.79
-94.582
-94.2135
-93.6297
-92.8065
-91.758
-90.5204
-89.1294
-87.6064
-85.9528
-84.1473
-82.1393
-79.8305
-77.0208
-73.23
-66.8789
-48.3275
43.0039
49.4013
44.337
28.2909
5.58617
-8.09253
-18.8391
-29.9595
-42.1254
-70.6144
-94.2017
-94.9351
-94.9456
-94.9038
-94.8062
-94.6145
-94.2724
-93.7242
-92.9405
-91.9293
-90.7237
-89.3595
-87.8604
-86.2312
-84.4545
-82.4855
-80.2362
-77.5302
-73.9583
-68.2612
-53.7083
29.4689
49.7143
46.05
32.1669
9.04557
-6.07495
-17.0934
-28.2444
-38.9694
-62.8568
-93.1571
-94.9083
-94.9466
-94.9136
-94.828
-94.6562
-94.3441
-93.8334
-93.0879
-92.1097
-90.9297
-89.5852
-88.1033
-86.4922
-84.7385
-82.8023
-80.6041
-77.9867
-74.5964
-69.4056
-57.516
9.52756
49.9699
48.6358
39.8725
18.6571
-1.49933
-13.4267
-24.4147
-34.7742
-52.5732
-88.0341
-94.808
-94.9456
-94.9261
-94.8566
-94.7111
-94.4386
-93.9776
-93.283
-92.3477
-91.1994
-89.8778
-88.4144
-86.8227
-85.0939
-83.1943
-81.0538
-78.5356
-75.3431
-70.6677
-61.1198
-15.3343
49.8693
49.2884
43.2512
25.2718
2.63173
-10.2623
-20.9126
-31.9281
-46.1443
-79.1614
-94.6059
-94.9437
-94.9375
-94.8824
-94.7611
-94.5265
-94.1161
-93.4769
-92.5924
-91.4852
-90.1957
-88.7595
-87.1947
-85.4979
-83.6411
-81.5639
-79.1488
-76.1501
-71.9392
-64.1886
-35.0167
48.6553
49.164
43.1554
25.7204
3.48648
-9.52238
-20.1436
-31.1923
-44.586
-76.1202
-94.5098
-94.9436
-94.9426
-94.8937
-94.784
-94.5701
-94.1921
-93.5955
-92.7581
-91.6963
-90.4473
-89.0469
-87.5158
-85.8543
-84.0396
-82.0193
-79.6912
-76.8469
-72.9798
-66.3861
-46.1818
45.3445
49.3412
44.04
27.6539
5.06555
-8.42911
-19.1408
-30.2483
-42.6872
-71.9316
-94.296
-94.9379
-94.9451
-94.9017
-94.8016
-94.6052
-94.2559
-93.6981
-92.904
-91.8834
-90.6701
-89.3
-87.7959
-86.1618
-84.3794
-82.4027
-80.1414
-77.414
-73.7963
-67.9644
-52.6323
33.3869
49.6221
45.495
30.8543
7.80144
-6.7617
-17.6762
-28.8254
-40.0043
-65.4397
-93.6271
-94.9193
-94.9465
-94.9105
-94.8213
-94.6436
-94.3229
-93.8017
-93.0459
-92.0593
-90.8733
-89.5249
-88.0399
-86.4257
-84.6679
-82.7256
-80.5173
-77.8816
-74.4532
-69.1562
-56.7328
14.3779
49.9496
48.1845
38.2207
16.1849
-2.64551
-14.3193
-25.3731
-35.4067
-54.0891
-89.3409
-94.8336
-94.946
-94.9241
-94.8519
-94.7017
-94.4219
-93.9513
-93.2464
-92.3022
-91.1471
-89.8205
-88.3534
-86.7581
-85.0252
-83.1197
-80.9701
-78.436
-75.2116
-70.4541
-60.5548
-11.3697
49.9316
49.3291
43.3052
25.2057
2.44696
-10.4281
-21.1057
-32.1112
-46.5398
-79.8715
-94.6244
-94.9435
-94.9362
-94.8796
-94.7556
-94.5165
-94.0996
-93.4527
-92.5605
-91.4465
-90.1515
-88.7106
-87.1416
-85.4403
-83.578
-81.4932
-79.0661
-76.0449
-71.7814
-63.8376
-32.9991
48.6999
49.1517
43.0846
25.5406
3.3214
-9.64696
-20.2609
-31.3019
-44.8133
-76.5897
-94.5276
-94.944
-94.9421
-94.8925
-94.7815
-94.5651
-94.1831
-93.5813
-92.7381
-91.6709
-90.4176
-89.0138
-87.4799
-85.8158
-83.9982
-81.9738
-79.6394
-76.7834
-72.8896
-66.2081
-45.3784
45.965
49.3223
43.9468
27.4539
4.90297
-8.53647
-19.2377
-30.3406
-42.8689
-72.3508
-94.3227
-94.9387
-94.945
-94.901
-94.8
-94.6021
-94.2503
-93.6892
-92.8916
-91.8678
-90.6521
-89.2801
-87.7748
-86.1397
-84.3562
-82.3781
-80.1144
-77.3823
-73.7538
-67.8879
-52.3505
34.2949
49.6007
45.3746
30.5788
7.55173
-6.90417
-17.7985
-28.9461
-40.2239
-65.985
-93.7075
-94.9213
-94.9464
-94.9099
-94.8198
-94.6409
-94.3182
-93.7948
-93.0368
-92.0486
-90.8615
-89.5126
-88.0275
-86.4135
-84.6559
-82.7137
-80.5053
-77.8688
-74.4377
-69.1312
-56.6545
14.8458
49.9465
48.1335
38.0483
15.945
-2.753
-14.4032
-25.4621
-35.462
-54.223
-89.4444
-94.8356
-94.9461
-94.924
-94.8515
-94.701
-94.4205
-93.9492
-93.2436
-92.2988
-91.1434
-89.8169
-88.3501
-86.7554
-85.0234
-83.1192
-80.9711
-78.4391
-75.2179
-70.4671
-60.5916
-11.627
49.929
49.3271
43.3051
25.2187
2.46656
-10.4115
-21.0866
-32.0933
-46.5012
-79.8027
-94.6226
-94.9435
-94.9363
-94.8798
-94.756
-94.5173
-94.101
-93.4548
-92.5634
-91.4503
-90.1561
-88.7163
-87.1486
-85.449
-83.589
-81.5072
-79.0847
-76.0712
-71.8243
-63.9383
-33.5922
48.6939
49.1546
43.1019
25.5863
3.36467
-9.61405
-20.2299
-31.2729
-44.753
-76.466
-94.523
-94.9439
-94.9423
-94.8928
-94.7822
-94.5665
-94.1856
-93.5853
-92.744
-91.6787
-90.4272
-89.0252
-87.4933
-85.8315
-84.0168
-81.9964
-79.6679
-76.8217
-72.9481
-66.3289
-45.9332
45.5473
49.3352
44.0107
27.5909
5.01438
-8.46272
-19.1711
-30.2772
-42.7439
-72.0636
-94.3045
-94.9381
-94.9451
-94.9015
-94.8011
-94.6043
-94.2542
-93.6956
-92.9007
-91.8797
-90.6664
-89.2968
-87.7939
-86.1615
-84.3814
-82.4078
-80.1508
-77.4299
-73.8237
-68.021
-52.8476
32.6596
49.6394
45.5952
31.0876
8.01796
-6.63887
-17.571
-28.7209
-39.8158
-64.9709
-93.5536
-94.9175
-94.9465
-94.9111
-94.8225
-94.646
-94.327
-93.8079
-93.0544
-92.0701
-90.8861
-89.5397
-88.0572
-86.446
-84.6923
-82.7554
-80.5552
-77.9323
-74.528
-69.2928
-57.1687
11.7289
49.9631
48.452
39.1762
17.5864
-1.9989
-13.8131
-24.831
-35.0569
-53.2478
-88.6484
-94.8201
-94.9458
-94.9253
-94.8545
-94.707
-94.4313
-93.9662
-93.2674
-92.3288
-91.1784
-89.8559
-88.3928
-86.802
-85.0749
-83.1773
-81.0391
-78.5236
-75.3335
-70.6595
-61.1053
-15.2309
49.8717
49.2903
43.2588
25.2872
2.64281
-10.2544
-20.9039
-31.9202
-46.1274
-79.1295
-94.6049
-94.9436
-94.9376
-94.8825
-94.7612
-94.5267
-94.1165
-93.4775
-92.5935
-91.4872
-90.1991
-88.7649
-87.2028
-85.5097
-83.6579
-81.5875
-79.1824
-76.2002
-72.0234
-64.3851
-36.1403
48.594
49.1737
43.2064
25.839
3.58805
-9.4479
-20.074
-31.1274
-44.4525
-75.8417
-94.4986
-94.9434
-94.9428
-94.8943
-94.7854
-94.5729
-94.1971
-93.6038
-92.7702
-91.7125
-90.4677
-89.0718
-87.5455
-85.8898
-84.0825
-82.072
-79.7586
-76.9385
-73.1208
-66.6765
-47.4744
44.068
49.3755
44.2096
28.0178
5.36259
-8.23565
-18.9669
-30.0822
-42.3632
-71.1755
-94.2438
-94.9363
-94.9454
-94.9029
-94.8043
-94.6107
-94.2657
-93.714
-92.9267
-91.9128
-90.7057
-89.3414
-87.8435
-86.2164
-84.4429
-82.4783
-80.2346
-77.5362
-73.9762
-68.3046
-53.8723
28.8057
49.7297
46.1513
32.4179
9.29811
-5.93839
-16.9782
-28.1282
-38.7662
-62.3486
-93.0428
-94.9058
-94.9467
-94.9142
-94.8294
-94.6588
-94.3486
-93.8403
-93.0974
-92.1218
-90.9444
-89.6031
-88.125
-86.5189
-84.7718
-82.8448
-80.6597
-78.0628
-74.7099
-69.6119
-58.1525
5.38034
49.9758
48.9102
41.0207
20.5814
-0.527456
-12.676
-23.5966
-34.1835
-51.1855
-86.6022
-94.7797
-94.9453
-94.9282
-94.8614
-94.7203
-94.4546
-94.0026
-93.3176
-92.3912
-91.2504
-89.9355
-88.4789
-86.8949
-85.1763
-83.2904
-81.17
-78.6835
-75.5486
-71.01
-62.0059
-21.4101
49.5197
49.2126
43.1291
25.2924
2.8568
-10.0495
-20.6672
-31.6909
-45.635
-78.212
-94.5799
-94.944
-94.9394
-94.8864
-94.7689
-94.541
-94.1404
-93.5137
-92.6429
-91.549
-90.2721
-88.8481
-87.2962
-85.6141
-83.7757
-81.7237
-79.3466
-76.4139
-72.3482
-65.0925
-39.9476
48.126
49.2212
43.4465
26.3739
4.02911
-9.13265
-19.782
-30.8544
-43.8955
-74.6489
-94.4466
-94.9421
-94.9437
-94.8968
-94.7908
-94.5836
-94.2166
-93.6352
-92.815
-91.7701
-90.5366
-89.1504
-87.6332
-85.9868
-84.1907
-82.1953
-79.9048
-77.1246
-73.3918
-67.2083
-49.7108
40.7785
49.4525
44.5935
28.8459
6.04825
-7.80148
-18.5805
-29.7101
-41.6472
-69.4714
-94.1057
-94.9323
-94.9459
-94.9054
-94.8099
-94.6217
-94.2854
-93.7448
-92.9694
-91.9665
-90.7685
-89.4118
-87.9208
-86.3011
-84.5367
-82.5845
-80.3598
-77.6937
-74.1993
-68.712
-55.2825
22.3756
49.8594
47.1309
34.9822
12.0526
-4.54911
-15.8335
-26.9607
-36.8038
-57.4855
-91.4179
-94.8735
-94.9466
-94.92
-94.8423
-94.6831
-94.3893
-93.9009
-93.1775
-92.2177
-91.0515
-89.718
-88.2464
-86.6476
-84.9104
-82.9982
-80.8368
-78.2807
-75.0093
-70.125
-59.6522
-4.97257
49.9659
49.2667
42.8217
24.0545
1.5556
-11.0997
-21.8561
-32.7776
-47.9924
-82.307
-94.6864
-94.9442
-94.9335
-94.8733
-94.7434
-94.4949
-94.0653
-93.4045
-92.4996
-91.3757
-90.0736
-88.6278
-87.0549
-85.3497
-83.4823
-81.3896
-78.9486
-75.8995
-71.5655
-63.3518
-30.0932
48.644
49.1479
43.0452
25.4034
3.1688
-9.76868
-20.3773
-31.4117
-45.043
-77.0563
-94.5442
-94.9441
-94.9415
-94.891
-94.7783
-94.5589
-94.1721
-93.5637
-92.7135
-91.6401
-90.3818
-88.9748
-87.4389
-85.7738
-83.9556
-81.9305
-79.5943
-76.7332
-72.8247
-66.0871
-44.8367
46.3199
49.3103
43.8872
27.3252
4.79802
-8.6066
-19.3013
-30.401
-42.9881
-72.6244
-94.3393
-94.9391
-94.9448
-94.9005
-94.7989
-94.6
-94.2465
-93.6835
-92.8839
-91.8589
-90.6427
-89.2713
-87.7675
-86.1349
-84.355
-82.3817
-80.1245
-77.4019
-73.7899
-67.9649
-52.6472
33.333
49.6236
45.5045
30.8787
7.8269
-6.74607
-17.6624
-28.8115
-39.9789
-65.3765
-93.6175
-94.9191
-94.9465
-94.9106
-94.8215
-94.644
-94.3237
-93.8031
-93.0483
-92.0632
-90.8791
-89.5334
-88.0522
-86.443
-84.6919
-82.7585
-80.5629
-77.9466
-74.5532
-69.3429
-57.3296
10.7287
49.9666
48.542
39.5174
18.1148
-1.7474
-13.6164
-24.6187
-34.9137
-52.9054
-88.3442
-94.8142
-94.9458
-94.9258
-94.8557
-94.7092
-94.4353
-93.9726
-93.2764
-92.3403
-91.1923
-89.8723
-88.412
-86.8247
-85.1021
-83.2106
-81.0812
-78.5792
-75.4131
-70.7949
-61.4632
-17.7142
49.7906
49.2608
43.2142
25.31
2.74844
-10.1569
-20.7912
-31.8118
-45.895
-78.7004
-94.5933
-94.9438
-94.9384
-94.8842
-94.7646
-94.533
-94.1269
-93.4931
-92.6148
-91.514
-90.2312
-88.8024
-87.2462
-85.56
-83.7169
-81.6585
-79.2716
-76.3205
-72.2119
-64.8051
-38.4434
48.3691
49.1999
43.3396
26.1382
3.83628
-9.26921
-19.9081
-30.9726
-44.1355
-75.1674
-94.47
-94.9427
-94.9434
-94.8958
-94.7885
-94.579
-94.2084
-93.6221
-92.7966
-91.7468
-90.5095
-89.1204
-87.6012
-85.9531
-84.1553
-82.1577
-79.8635
-77.0759
-73.3255
-67.0846
-49.2101
41.6579
49.4327
44.494
28.6307
5.8688
-7.91331
-18.6795
-29.8058
-41.8298
-69.9102
-94.1442
-94.9334
-94.9458
-94.9048
-94.8085
-94.6191
-94.2807
-93.7376
-92.9598
-91.9548
-90.7555
-89.3981
-87.9071
-86.2878
-84.5238
-82.5723
-80.3483
-77.6824
-74.187
-68.6939
-55.2246
22.6662
49.8545
47.0884
34.8653
11.9203
-4.61211
-15.8844
-27.0131
-36.889
-57.6949
-91.5142
-94.8754
-94.9467
-94.9198
-94.8417
-94.6821
-94.3876
-93.8984
-93.1744
-92.2142
-91.0481
-89.7152
-88.2446
-86.6471
-84.9117
-83.0018
-80.8435
-78.2919
-75.0278
-70.1598
-59.7531
-5.68092
49.9638
49.2805
42.9085
24.2462
1.6926
-10.9971
-21.7419
-32.6784
-47.773
-81.9583
-94.678
-94.9441
-94.9339
-94.8742
-94.7451
-94.4979
-94.0702
-93.4113
-92.5084
-91.3863
-90.086
-88.6421
-87.0714
-85.3691
-83.5057
-81.4186
-78.9861
-75.9516
-71.6503
-63.5542
-31.3301
48.6837
49.1482
43.057
25.4543
3.23067
-9.71825
-20.3287
-31.3657
-44.9468
-76.8633
-94.5375
-94.9441
-94.9418
-94.8916
-94.7796
-94.5615
-94.1767
-93.5713
-92.7245
-91.6546
-90.3997
-88.996
-87.4637
-85.8026
-83.9894
-81.9712
-79.645
-76.8011
-72.9281
-66.3012
-45.8246
45.629
49.3327
43.9979
27.5629
4.99087
-8.47843
-19.1853
-30.2908
-42.7708
-72.1253
-94.3084
-94.9382
-94.945
-94.9014
-94.8008
-94.6038
-94.2535
-93.6947
-92.9
-91.8797
-90.6678
-89.3004
-87.8007
-86.1726
-84.3983
-82.4325
-80.1864
-77.4823
-73.9074
-68.1866
-53.4593
30.4358
49.6921
45.9122
31.8387
8.73189
-6.24243
-17.2338
-28.3847
-39.216
-63.4737
-93.2853
-94.9113
-94.9466
-94.9129
-94.8265
-94.6534
-94.3396
-93.8269
-93.0801
-92.1017
-90.9229
-89.5815
-88.1043
-86.4999
-84.755
-82.8305
-80.6485
-78.0549
-74.7057
-69.6117
-58.1567
5.36576
49.9758
48.9127
41.0361
20.6164
-0.503332
-12.6561
-23.5743
-34.1664
-51.1457
-86.5581
-94.7789
-94.9453
-94.9283
-94.8616
-94.7207
-94.4553
-94.0037
-93.3193
-92.3938
-91.2542
-89.941
-88.4867
-86.9058
-85.1913
-83.3109
-81.1982
-78.7231
-75.6076
-71.1116
-62.2673
-23.1585
49.2714
49.1922
43.1011
25.3087
2.92553
-9.98632
-20.5952
-31.621
-45.4862
-77.9265
-94.5715
-94.944
-94.9399
-94.8875
-94.7711
-94.5451
-94.1475
-93.5247
-92.6585
-91.5694
-90.2975
-88.8787
-87.3326
-85.6573
-83.8277
-81.7875
-79.4279
-76.5249
-72.5219
-65.4692
-41.8747
47.6457
49.2525
43.601
26.7077
4.29719
-8.94678
-19.6114
-30.6943
-43.5723
-73.9387
-94.4118
-94.9412
-94.9441
-94.8982
-94.7937
-94.5895
-94.2275
-93.653
-92.8409
-91.8041
-90.5783
-89.1993
-87.6895
-86.0514
-84.2654
-82.2838
-80.0136
-77.2673
-73.6036
-67.6217
-51.3572
37.1342
49.5349
45.0189
29.7804
6.84692
-7.31551
-18.1541
-29.2953
-40.8666
-67.5726
-93.9112
-94.9268
-94.9462
-94.9079
-94.8155
-94.6326
-94.3044
-93.7741
-93.0096
-92.0166
-90.827
-89.4778
-87.9941
-86.3829
-84.6291
-82.6918
-80.4892
-77.8597
-74.4373
-69.1439
-56.7051
14.5591
49.9486
48.1693
38.1774
16.1389
-2.65753
-14.3261
-25.3792
-35.4097
-54.0964
-89.3474
-94.8339
-94.9461
-94.9242
-94.852
-94.702
-94.4224
-93.9522
-93.2482
-92.3053
-91.1524
-89.8292
-88.3669
-86.7782
-85.054
-83.1603
-81.027
-78.5172
-75.3347
-70.6723
-61.1492
-15.5304
49.8643
49.288
43.2624
25.3148
2.67896
-10.2246
-20.8699
-31.8882
-46.0588
-79.0019
-94.6013
-94.9436
-94.9377
-94.8829
-94.762
-94.5282
-94.1189
-93.4812
-92.599
-91.4948
-90.2095
-88.7789
-87.2216
-85.5348
-83.6912
-81.632
-79.2436
-76.2887
-72.1695
-64.7207
-38.002
48.4231
49.1942
43.3103
26.072
3.78073
-9.30906
-19.9451
-31.0072
-44.206
-75.3191
-94.4766
-94.9429
-94.9432
-94.8954
-94.7878
-94.5776
-94.2059
-93.6183
-92.7915
-91.7408
-90.5031
-89.1143
-87.5959
-85.9493
-84.1535
-82.1587
-79.8683
-77.0862
-73.3455
-67.1296
-49.4018
41.329
49.4402
44.5319
28.7133
5.9381
-7.86966
-18.6407
-29.7682
-41.7579
-69.7381
-94.1293
-94.9329
-94.9458
-94.905
-94.809
-94.6201
-94.2826
-93.7408
-92.9643
-91.9609
-90.7633
-89.4079
-87.9191
-86.3027
-84.5425
-82.5961
-80.3794
-77.7251
-74.2515
-68.815
-55.6347
20.5619
49.8874
47.3995
35.7536
12.971
-4.11071
-15.479
-26.5929
-36.2222
-56.0675
-90.6829
-94.8599
-94.9466
-94.9219
-94.8464
-94.6908
-94.4024
-93.9205
-93.2038
-92.2496
-91.088
-89.7586
-88.2914
-86.698
-84.9682
-83.0665
-80.9206
-78.3893
-75.1639
-70.3917
-60.3988
-10.2441
49.9413
49.3404
43.3288
25.2175
2.42709
-10.4492
-21.131
-32.1357
-46.5927
-79.9635
-94.6265
-94.9434
-94.936
-94.8791
-94.7546
-94.5148
-94.097
-93.4492
-92.5567
-91.4435
-90.1506
-88.7135
-87.15
-85.4564
-83.6046
-81.5341
-79.1277
-76.1402
-71.9457
-64.2314
-35.3055
48.6389
49.1662
43.1655
25.7405
3.50092
-9.51237
-20.1344
-31.1839
-44.5688
-76.0841
-94.5083
-94.9436
-94.9426
-94.8937
-94.7841
-94.5704
-94.1928
-93.5973
-92.7618
-91.7029
-90.4582
-89.0637
-87.5404
-85.889
-84.0876
-82.0854
-79.7833
-76.9804
-73.1945
-66.8368
-48.1825
43.1899
49.3971
44.317
28.2491
5.55294
-8.11322
-18.8574
-29.977
-42.159
-70.6939
-94.2078
-94.9353
-94.9455
-94.9036
-94.8059
-94.614
-94.2717
-93.7238
-92.9409
-91.9318
-90.7298
-89.3709
-87.8794
-86.2602
-84.4969
-82.546
-80.3221
-77.6552
-74.155
-68.6433
-55.0597
23.481
49.8403
46.9668
34.5325
11.5448
-4.79266
-16.0307
-27.1634
-37.1355
-58.3011
-91.7773
-94.8804
-94.9467
-94.9191
-94.8401
-94.6791
-94.3826
-93.8911
-93.165
-92.2035
-91.0371
-89.7047
-88.2356
-86.6402
-84.9075
-83.0011
-80.8472
-78.3015
-75.0467
-70.1977
-59.8641
-6.45144
49.9613
49.2949
43.0016
24.4566
1.84728
-10.8808
-21.6122
-32.5649
-47.5243
-81.554
-94.6681
-94.944
-94.9343
-94.8753
-94.7471
-94.5015
-94.0758
-93.4193
-92.5189
-91.3992
-90.1014
-88.6603
-87.0932
-85.3954
-83.5381
-81.4595
-79.0397
-76.0271
-71.774
-63.8457
-33.0778
48.6976
49.1531
43.0924
25.5596
3.33837
-9.63426
-20.249
-31.2908
-44.7905
-76.5437
-94.526
-94.9439
-94.9422
-94.8926
-94.7816
-94.5654
-94.1837
-93.5826
-92.7409
-91.6761
-90.4264
-89.0278
-87.5009
-85.8462
-84.0409
-82.0334
-79.7231
-76.9056
-73.0871
-66.627
-47.2813
44.2764
49.3703
44.1835
27.9617
5.31629
-8.26563
-18.9938
-30.1079
-42.4133
-71.293
-94.2521
-94.9366
-94.9453
-94.9027
-94.8038
-94.6099
-94.2645
-93.7123
-92.9251
-91.9121
-90.7069
-89.3457
-87.8522
-86.2312
-84.4658
-82.5119
-80.2834
-77.6082
-74.0905
-68.5285
-54.6694
25.3334
49.805
46.6836
33.7745
10.7099
-5.20655
-16.3697
-27.5108
-37.7126
-59.7276
-92.3105
-94.8907
-94.9467
-94.9173
-94.8363
-94.6719
-94.3706
-93.8732
-93.1415
-92.1756
-91.0062
-89.6721
-88.2018
-86.6053
-84.871
-82.9619
-80.8034
-78.2493
-74.9772
-70.0818
-59.5374
-4.1422
49.968
49.252
42.7375
23.8837
1.44658
-11.1794
-21.9441
-32.8527
-48.1585
-82.5679
-94.6927
-94.9443
-94.9332
-94.8727
-94.7422
-94.4929
-94.0623
-93.4005
-92.4952
-91.3718
-90.0712
-88.6281
-87.0591
-85.3591
-83.4988
-81.4157
-78.9886
-75.9618
-71.6743
-63.6192
-31.7324
48.6908
49.1495
43.0665
25.4836
3.26094
-9.69449
-20.3061
-31.3445
-44.9026
-76.7734
-94.5344
-94.944
-94.9419
-94.8919
-94.7802
-94.5625
-94.1786
-93.5744
-92.7292
-91.6612
-90.4087
-89.0079
-87.4792
-85.8227
-84.0155
-82.0053
-79.6909
-76.866
-73.0308
-66.5165
-46.7999
44.7722
49.3572
44.1186
27.8219
5.20176
-8.34007
-19.0607
-30.1718
-42.5376
-71.584
-94.2725
-94.9372
-94.9452
-94.9022
-94.8028
-94.6078
-94.2607
-93.7064
-92.9169
-91.9019
-90.6951
-89.3328
-87.8384
-86.2167
-84.4505
-82.4956
-80.2653
-77.5868
-74.0617
-68.4775
-54.4949
26.1295
49.7887
46.5615
33.4567
10.371
-5.37777
-16.5108
-27.6546
-37.9549
-60.3291
-92.5039
-94.8946
-94.9467
-94.9166
-94.8347
-94.6689
-94.3656
-93.8659
-93.1318
-92.1642
-90.9937
-89.659
-88.1884
-86.5917
-84.8571
-82.9474
-80.7878
-78.2313
-74.9539
-70.0437
-59.4298
-3.3808
49.9696
49.2355
42.6415
23.6822
1.31168
-11.28
-22.0556
-32.9479
-48.3699
-82.8929
-94.7003
-94.9444
-94.9329
-94.8719
-94.7406
-94.4901
-94.0579
-93.3944
-92.4876
-91.3631
-90.0619
-88.6184
-87.0491
-85.3489
-83.4883
-81.4046
-78.9763
-75.9469
-71.6527
-63.5709
-31.4419
48.6854
49.1492
43.0632
25.4716
3.24743
-9.7053
-20.3165
-31.3542
-44.923
-76.8151
-94.5359
-94.9441
-94.9418
-94.8918
-94.7799
-94.562
-94.1776
-93.5727
-92.7269
-91.6583
-90.4055
-89.0045
-87.4757
-85.8194
-84.0124
-82.0026
-79.6886
-76.8642
-73.0295
-66.5155
-46.7976
44.7738
49.3571
44.1183
27.8211
5.20096
-8.34063
-19.0612
-30.1723
-42.5386
-71.5863
-94.2726
-94.9372
-94.9452
-94.9022
-94.8028
-94.6078
-94.2607
-93.7064
-92.917
-91.9021
-90.6955
-89.3335
-87.8397
-86.2185
-84.4531
-82.4992
-80.2704
-77.5942
-74.0734
-68.5002
-54.5752
25.7656
49.7962
46.6176
33.6026
10.5266
-5.29854
-16.4453
-27.5878
-37.842
-60.0488
-92.4159
-94.8928
-94.9467
-94.9169
-94.8355
-94.6703
-94.368
-93.8694
-93.1365
-92.1699
-91.0002
-89.6663
-88.1964
-86.6006
-84.8672
-82.9593
-80.8022
-78.2499
-74.9803
-70.0895
-59.5613
-4.30532
49.9676
49.2559
42.7615
23.937
1.48489
-11.1503
-21.9117
-32.8248
-48.0968
-82.4728
-94.6905
-94.9443
-94.9333
-94.873
-94.7427
-94.4938
-94.0637
-93.4024
-92.4978
-91.3751
-90.0753
-88.6331
-87.0653
-85.3669
-83.5088
-81.4287
-79.006
-75.9868
-71.7158
-63.7175
-32.3231
48.6973
49.151
43.0779
25.5181
3.29675
-9.66643
-20.2795
-31.3194
-44.8502
-76.6662
-94.5305
-94.944
-94.942
-94.8922
-94.7808
-94.5638
-94.1809
-93.5781
-92.7347
-91.6685
-90.4178
-89.0188
-87.4921
-85.8379
-84.0336
-82.0274
-79.7188
-76.9035
-73.0881
-66.6339
-47.3181
44.2342
49.3713
44.1887
27.9726
5.32506
-8.26005
-18.9889
-30.1032
-42.4041
-71.2713
-94.2505
-94.9365
-94.9454
-94.9027
-94.8039
-94.61
-94.2648
-93.713
-92.9262
-91.9138
-90.7094
-89.3494
-87.8574
-86.2383
-84.4754
-82.525
-80.3013
-77.6337
-74.1299
-68.6038
-54.9311
24.1015
49.829
46.8733
34.2803
11.265
-4.92914
-16.1418
-27.2774
-37.3234
-58.7643
-91.9628
-94.8839
-94.9467
-94.9185
-94.8389
-94.6768
-94.3789
-93.8856
-93.1579
-92.1954
-91.0288
-89.697
-88.2291
-86.6354
-84.905
-83.0014
-80.8513
-78.3107
-75.0638
-70.2314
-59.9618
-7.13516
49.9587
49.3066
43.0795
24.6349
1.98061
-10.781
-21.501
-32.4666
-47.3088
-81.1971
-94.6591
-94.9439
-94.9347
-94.8762
-94.7489
-94.5046
-94.0807
-93.4263
-92.5279
-91.4103
-90.1146
-88.6759
-87.1117
-85.4177
-83.5653
-81.4937
-79.0845
-76.09
-71.876
-64.0837
-34.4721
48.6713
49.1608
43.1364
25.6714
3.44111
-9.55671
-20.176
-31.2227
-44.6491
-76.2522
-94.5149
-94.9437
-94.9424
-94.8933
-94.7832
-94.5685
-94.1895
-93.592
-92.7545
-91.6942
-90.4487
-89.0543
-87.5319
-85.8822
-84.0834
-82.0846
-79.7871
-76.991
-73.2165
-66.8882
-48.4098
42.876
49.4046
44.3542
28.3294
5.61944
-8.07079
-18.8195
-29.9406
-42.0888
-70.5276
-94.1948
-94.9349
-94.9456
-94.9039
-94.8065
-94.6151
-94.2739
-93.7273
-92.9461
-91.939
-90.739
-89.3827
-87.8942
-86.2788
-84.5204
-82.5761
-80.3618
-77.7099
-74.2378
-68.799
-55.5897
20.8005
49.8841
47.367
35.6615
12.864
-4.15922
-15.5174
-26.6325
-36.2815
-56.2111
-90.7644
-94.8615
-94.9467
-94.9217
-94.8461
-94.6902
-94.4014
-93.9192
-93.2024
-92.2486
-91.088
-89.7602
-88.2955
-86.7054
-84.98
-83.0842
-80.9463
-78.4268
-75.2216
-70.495
-60.6847
-12.255
49.922
49.3239
43.3205
25.2961
2.55782
-10.3373
-21.0019
-32.0145
-46.3309
-79.4958
-94.6142
-94.9434
-94.9368
-94.8808
-94.758
-94.5209
-94.1069
-93.4638
-92.5762
-91.4678
-90.1796
-88.7476
-87.1899
-85.5035
-83.661
-81.6033
-79.2162
-76.2617
-72.1388
-64.6676
-37.738
48.4511
49.1909
43.2926
26.0303
3.74428
-9.33566
-19.9699
-31.0304
-44.2537
-75.4201
-94.4809
-94.943
-94.9431
-94.8952
-94.7873
-94.5767
-94.2044
-93.6161
-92.7889
-91.7385
-90.5017
-89.1149
-87.5994
-85.9569
-84.1666
-82.1792
-79.899
-77.1331
-73.4225
-67.2891
-50.0641
40.0883
49.4682
44.6742
29.023
6.19914
-7.70738
-18.4972
-29.6293
-41.4938
-69.1015
-94.0714
-94.9313
-94.946
-94.9059
-94.811
-94.6241
-94.2897
-93.7519
-92.9801
-91.9812
-90.7881
-89.4374
-87.9539
-86.3438
-84.5919
-82.6567
-80.4561
-77.8276
-74.4028
-69.0939
-56.5539
15.457
49.9423
48.0703
37.8475
15.6863
-2.85898
-14.4831
-25.5454
-35.5121
-54.3438
-89.5368
-94.8376
-94.9462
-94.924
-94.8514
-94.7008
-94.4203
-93.949
-93.2438
-92.3005
-91.1481
-89.8265
-88.3669
-86.782
-85.0631
-83.1763
-81.0523
-78.5563
-75.3964
-70.7832
-61.4474
-17.5946
49.7957
49.2641
43.23
25.3469
2.77941
-10.1337
-20.766
-31.7885
-45.845
-78.6048
-94.5903
-94.9437
-94.9385
-94.8845
-94.7651
-94.5338
-94.1283
-93.4955
-92.6185
-91.5199
-90.2404
-88.8161
-87.2661
-85.588
-83.7558
-81.7123
-79.3469
-76.4311
-72.3945
-65.2179
-40.6341
47.9751
49.2315
43.496
26.4771
4.10811
-9.07869
-19.7327
-30.8085
-43.8027
-74.4458
-94.4368
-94.9418
-94.9438
-94.8972
-94.7915
-94.5853
-94.2199
-93.6411
-92.8247
-91.7845
-90.5567
-89.1775
-87.6689
-86.0335
-84.2516
-82.2755
-80.0125
-77.2761
-73.6281
-67.6818
-51.6041
36.4704
49.5504
45.1018
29.9668
7.01171
-7.21716
-18.0684
-29.2112
-40.7106
-67.1886
-93.8657
-94.9255
-94.9463
-94.9084
-94.8166
-94.6348
-94.3082
-93.7802
-93.0185
-92.0284
-90.8422
-89.497
-88.0183
-86.4134
-84.668
-82.742
-80.5555
-77.9511
-74.5748
-69.3974
-57.511
9.60265
49.9699
48.6378
39.8974
18.7282
-1.44441
-13.3786
-24.3605
-34.7348
-52.4799
-87.9476
-94.8066
-94.9457
-94.9264
-94.8573
-94.7123
-94.4408
-93.9813
-93.2888
-92.3568
-91.2132
-89.8984
-88.4445
-86.8654
-85.1536
-83.2766
-81.1677
-78.6965
-75.5842
-71.0876
-62.2214
-22.8557
49.3226
49.1972
43.1167
25.3356
2.94205
-9.97528
-20.5835
-31.6104
-45.464
-77.8829
-94.5699
-94.944
-94.9399
-94.8875
-94.7712
-94.5451
-94.1476
-93.525
-92.6593
-91.5715
-90.3017
-88.8862
-87.3447
-85.6757
-83.8545
-81.8257
-79.4828
-76.6063
-72.6563
-65.7664
-43.3558
47.0909
49.2796
43.7343
26.9925
4.52474
-8.79179
-19.47
-30.5611
-43.3061
-73.344
-94.3803
-94.9403
-94.9444
-94.8992
-94.796
-94.5943
-94.2364
-93.6678
-92.8627
-91.8334
-90.6151
-89.244
-87.7427
-86.1147
-84.3414
-82.377
-80.1317
-77.426
-73.8416
-68.0817
-53.0976
31.7702
49.6609
45.7234
31.3926
8.30948
-6.47348
-17.4292
-28.5795
-39.5617
-64.3378
-93.4471
-94.915
-94.9466
-94.9119
-94.8242
-94.6493
-94.3328
-93.8171
-93.0677
-92.088
-90.9096
-89.5702
-88.0965
-86.4971
-84.7589
-82.8432
-80.6729
-78.0962
-74.7752
-69.7451
-58.5657
2.62713
49.9761
49.0469
41.6618
21.7596
0.133898
-12.167
-23.0363
-33.7515
-50.1877
-85.4179
-94.7558
-94.9451
-94.9299
-94.8651
-94.7275
-94.4671
-94.0221
-93.345
-92.4264
-91.2932
-89.9861
-88.5386
-86.9661
-85.2625
-83.397
-81.3051
-78.8623
-75.8036
-71.4362
-63.071
-28.3652
48.5453
49.154
43.0602
25.399
3.13332
-9.80226
-20.4108
-31.4443
-45.1121
-77.1945
-94.5487
-94.9441
-94.9412
-94.8903
-94.7769
-94.5561
-94.167
-93.5557
-92.7029
-91.6279
-90.3697
-88.9648
-87.4332
-85.7747
-83.9657
-81.9533
-79.6349
-76.8014
-72.9446
-66.3542
-46.0913
45.4067
49.3391
44.0287
27.6269
5.04086
-8.44615
-19.1564
-30.2634
-42.7169
-72
-94.3001
-94.938
-94.9451
-94.9015
-94.8012
-94.6047
-94.2553
-93.698
-92.9055
-91.8882
-90.6801
-89.3176
-87.8241
-86.204
-84.4402
-82.4884
-80.2624
-77.5895
-74.0729
-68.5066
-54.6046
25.6288
49.7991
46.6398
33.6621
10.5923
-5.26435
-16.4168
-27.5586
-37.7927
-59.9261
-92.3762
-94.8921
-94.9467
-94.9171
-94.8358
-94.6709
-94.3691
-93.8712
-93.1391
-92.1735
-91.0051
-89.6728
-88.2051
-86.6122
-84.8827
-82.98
-80.8304
-78.2894
-75.0396
-70.1958
-59.8663
-6.44785
49.9613
49.2966
43.0156
24.4956
1.88213
-10.8534
-21.5813
-32.5373
-47.4637
-81.455
-94.6657
-94.944
-94.9344
-94.8755
-94.7476
-94.5024
-94.0774
-93.4217
-92.5224
-91.4044
-90.1089
-88.6709
-87.108
-85.4159
-83.566
-81.4978
-79.0932
-76.1059
-71.9058
-64.1577
-34.9043
48.6554
49.1641
43.1545
25.7152
3.47973
-9.5279
-20.1489
-31.1974
-44.5969
-76.1435
-94.5107
-94.9436
-94.9425
-94.8935
-94.7837
-94.5696
-94.1914
-93.5951
-92.7592
-91.7006
-90.4571
-89.0649
-87.5452
-85.8988
-84.1043
-82.1112
-79.8222
-77.0396
-73.2921
-67.042
-49.0623
41.8904
49.4275
44.4687
28.5767
5.82482
-7.94081
-18.7039
-29.8293
-41.8748
-70.0176
-94.1532
-94.9336
-94.9457
-94.9046
-94.8081
-94.6184
-94.2798
-93.7367
-92.9594
-91.956
-90.7595
-89.4065
-87.9216
-86.3104
-84.5573
-82.6204
-80.4168
-77.7822
-74.3433
-68.993
-56.2332
17.3011
49.9265
47.8462
37.1186
14.7043
-3.30559
-14.8355
-25.9181
-35.7346
-54.8833
-89.9282
-94.8453
-94.9464
-94.9233
-94.8498
-94.6976
-94.4146
-93.94
-93.2313
-92.285
-91.1305
-89.8077
-88.3477
-86.7628
-85.0441
-83.1576
-81.0335
-78.5365
-75.3734
-70.7496
-61.3638
-17.009
49.8189
49.2718
43.2458
25.3563
2.76841
-10.146
-20.7804
-31.8027
-45.8757
-78.6618
-94.5918
-94.9437
-94.9383
-94.8841
-94.7645
-94.5327
-94.1265
-93.4928
-92.6151
-91.516
-90.2363
-88.8123
-87.263
-85.5861
-83.7556
-81.7144
-79.3522
-76.4413
-72.414
-65.2646
-40.8811
47.9153
49.2355
43.5151
26.5176
4.14017
-9.05664
-19.7125
-30.7897
-43.7646
-74.3627
-94.4327
-94.9417
-94.9438
-94.8973
-94.7919
-94.5859
-94.2212
-93.6433
-92.8279
-91.7891
-90.5628
-89.1852
-87.6787
-86.0457
-84.2669
-82.295
-80.0382
-77.3116
-73.6825
-67.7886
-52.0162
35.2977
49.5777
45.2495
30.2996
7.30691
-7.04383
-17.9182
-29.0637
-40.4386
-66.5173
-93.7807
-94.9233
-94.9464
-94.9092
-94.8184
-94.6383
-94.3142
-93.7894
-93.031
-92.044
-90.8605
-89.5176
-88.0416
-86.4398
-84.6985
-82.7781
-80.5999
-78.0089
-74.6581
-69.5458
-57.9692
6.63523
49.9748
48.8436
40.7436
20.1276
-0.745767
-12.839
-23.7732
-34.3134
-51.4881
-86.9374
-94.7867
-94.9455
-94.9279
-94.8606
-94.7188
-94.452
-93.9987
-93.3128
-92.3868
-91.248
-89.9372
-88.4871
-86.9122
-85.2058
-83.3362
-81.2381
-78.7841
-75.7034
-71.2812
-62.7014
-26.0099
48.5565
49.1669
43.0859
25.3875
3.06829
-9.86302
-20.471
-31.5026
-45.2357
-77.4384
-94.5563
-94.944
-94.9407
-94.8892
-94.7747
-94.5518
-94.1592
-93.5433
-92.6852
-91.605
-90.3425
-88.934
-87.3994
-85.7381
-83.9261
-81.9098
-79.5854
-76.7407
-72.8586
-66.1851
-45.3289
45.986
49.321
43.9389
27.4327
4.88132
-8.55225
-19.2525
-30.3549
-42.8973
-72.4152
-94.3263
-94.9387
-94.9449
-94.9008
-94.7996
-94.6015
-94.2496
-93.6891
-92.8932
-91.8728
-90.6625
-89.2983
-87.8037
-86.1829
-84.4183
-82.4656
-80.2377
-77.5612
-74.0359
-68.4423
-54.3847
26.6163
49.7785
46.4886
33.2716
10.179
-5.47489
-16.5908
-27.7357
-38.092
-60.6699
-92.6062
-94.8967
-94.9467
-94.9162
-94.8338
-94.6673
-94.363
-93.8622
-93.1274
-92.1597
-90.9902
-89.6574
-88.1898
-86.5972
-84.868
-82.9656
-80.8158
-78.2738
-75.0211
-70.1672
-59.7876
-5.88694
49.9632
49.2876
42.959
24.3725
1.79566
-10.9172
-21.6521
-32.5993
-47.5994
-81.6793
-94.6713
-94.9441
-94.9342
-94.875
-94.7466
-94.5006
-94.0745
-93.4177
-92.5175
-91.399
-90.1033
-88.6656
-87.1032
-85.4118
-83.5631
-81.4961
-79.0934
-76.1085
-71.9127
-64.1766
-35.016
48.6506
49.1651
43.1601
25.7287
3.49156
-9.51909
-20.1406
-31.1897
-44.5809
-76.1104
-94.5094
-94.9436
-94.9426
-94.8936
-94.7838
-94.5699
-94.1919
-93.5961
-92.7607
-91.7027
-90.46
-89.0688
-87.5503
-85.9054
-84.1129
-82.1226
-79.8375
-77.0613
-73.3261
-67.1117
-49.3523
41.4054
49.4386
44.5243
28.6974
5.92543
-7.87739
-18.6475
-29.7747
-41.7702
-69.7679
-94.1318
-94.933
-94.9458
-94.905
-94.8089
-94.62
-94.2826
-93.7411
-92.9656
-91.9639
-90.7691
-89.4177
-87.9345
-86.3255
-84.5751
-82.6418
-80.4435
-77.8174
-74.3947
-69.0867
-56.5376
15.5541
49.9416
48.0602
37.8162
15.6471
-2.87464
-14.4947
-25.5575
-35.5192
-54.361
-89.5499
-94.8379
-94.9462
-94.924
-94.8514
-94.7007
-94.4202
-93.949
-93.244
-92.3012
-91.1496
-89.8294
-88.3717
-86.7896
-85.0742
-83.1923
-81.075
-78.5888
-75.4457
-70.8699
-61.6772
-19.1721
49.7129
49.2445
43.2001
25.3583
2.84436
-10.0734
-20.6971
-31.722
-45.7024
-78.3366
-94.5828
-94.9438
-94.939
-94.8855
-94.7672
-94.5377
-94.1348
-93.5054
-92.6324
-91.5379
-90.2624
-88.8425
-87.2974
-85.6252
-83.8006
-81.7674
-79.4173
-76.5273
-72.5451
-65.5431
-42.2812
47.507
49.2594
43.6337
26.774
4.34683
-8.91387
-19.5817
-30.6666
-43.5169
-73.8157
-94.4053
-94.941
-94.9442
-94.8983
-94.7941
-94.5904
-94.2295
-93.6567
-92.8473
-91.8142
-90.5931
-89.2202
-87.7181
-86.0899
-84.3168
-82.3527
-80.1074
-77.4003
-73.8108
-68.031
-52.9206
32.392
49.6462
45.6372
31.1911
8.12134
-6.57803
-17.5181
-28.6679
-39.7204
-64.7329
-93.5147
-94.9166
-94.9465
-94.9114
-94.8232
-94.6474
-94.3296
-93.8125
-93.0619
-92.0815
-90.9031
-89.5643
-88.092
-86.4944
-84.7588
-82.8463
-80.6803
-78.1096
-74.7986
-69.7909
-58.7044
1.68873
49.9758
49.0856
41.8526
22.1234
0.347623
-12.0039
-22.8562
-33.6083
-49.8594
-84.9979
-94.747
-94.9451
-94.9304
-94.8663
-94.7299
-94.4713
-94.0286
-93.3541
-92.438
-91.3071
-90.0024
-88.5575
-86.9881
-85.2885
-83.4285
-81.3445
-78.9137
-75.8759
-71.5549
-63.3574
-30.1525
48.645
49.1503
43.0599
25.4423
3.20525
-9.74067
-20.3508
-31.387
-44.9916
-76.9534
-94.5407
-94.9441
-94.9416
-94.8912
-94.7787
-94.5597
-94.1734
-93.5662
-92.7181
-91.6479
-90.3946
-88.9945
-87.468
-85.8153
-84.0136
-82.011
-79.7071
-76.8978
-73.0908
-66.653
-47.4191
44.1159
49.3742
44.2028
28.0018
5.34795
-8.24564
-18.9761
-30.0911
-42.3804
-71.2155
-94.2464
-94.9364
-94.9453
-94.9028
-94.804
-94.6103
-94.2655
-93.7144
-92.9288
-91.9181
-90.7161
-89.359
-87.8711
-86.2572
-84.5012
-82.56
-80.3495
-77.7021
-74.2358
-68.8057
-55.6221
20.6282
49.8866
47.3934
35.7414
12.9644
-4.10975
-15.4769
-26.5901
-36.2175
-56.0562
-90.6765
-94.8599
-94.9466
-94.9219
-94.8465
-94.6911
-94.403
-93.9218
-93.2061
-92.2536
-91.0947
-89.7693
-88.3076
-86.7216
-85.0017
-83.1132
-80.9857
-78.4818
-75.3038
-70.6398
-61.0788
-15.0141
49.8765
49.2962
43.2891
25.3608
2.70581
-10.2069
-20.8506
-31.8709
-46.0221
-78.9318
-94.599
-94.9435
-94.9378
-94.8829
-94.7621
-94.5284
-94.1193
-93.4822
-92.601
-91.4989
-90.217
-88.7914
-87.241
-85.5634
-83.7323
-81.6902
-79.3265
-76.4119
-72.3744
-65.1869
-40.4944
48.0044
49.2292
43.4836
26.4481
4.08288
-9.09674
-19.7494
-30.8243
-43.8347
-74.5156
-94.44
-94.9419
-94.9437
-94.897
-94.7912
-94.5846
-94.2188
-93.6396
-92.8229
-91.783
-90.5562
-89.1787
-87.6727
-86.0408
-84.2635
-82.2937
-80.0396
-77.317
-73.6944
-67.816
-52.1246
34.9723
49.5853
45.2918
30.3958
7.39348
-6.99309
-17.8742
-29.0203
-40.3589
-66.3204
-93.7543
-94.9226
-94.9464
-94.9095
-94.819
-94.6394
-94.316
-93.7922
-93.035
-92.0492
-90.8669
-89.5255
-88.0512
-86.4517
-84.7135
-82.7971
-80.6248
-78.0429
-74.7085
-69.6371
-58.2482
4.78591
49.9761
48.9479
41.2041
20.9339
-0.318629
-12.5108
-23.4137
-34.0435
-50.8605
-86.2329
-94.7726
-94.9454
-94.9289
-94.8628
-94.723
-94.4593
-94.0101
-93.3286
-92.4065
-91.2712
-89.9633
-88.516
-86.9445
-85.2424
-83.3788
-81.2891
-78.8485
-75.7918
-71.4252
-63.053
-28.2557
48.5371
49.1552
43.0661
25.4113
3.14244
-9.7958
-20.4048
-31.4389
-45.101
-77.1721
-94.5479
-94.9441
-94.9412
-94.8903
-94.7769
-94.5561
-94.167
-93.5559
-92.7035
-91.6291
-90.3722
-88.969
-87.4399
-85.7848
-83.9803
-81.974
-79.6644
-76.8449
-73.0153
-66.5046
-46.7736
44.7897
49.3564
44.1142
27.8103
5.19009
-8.34837
-19.0684
-30.1793
-42.5523
-71.6177
-94.2746
-94.9372
-94.9452
-94.9021
-94.8026
-94.6074
-94.2603
-93.7063
-92.9175
-91.904
-90.6998
-89.3412
-87.8519
-86.237
-84.4798
-82.5369
-80.3236
-77.6713
-74.1941
-68.7326
-55.3807
21.876
49.8678
47.2112
35.2173
12.3395
-4.40579
-15.7156
-26.8377
-36.6031
-56.9944
-91.1805
-94.8692
-94.9467
-94.9207
-94.8438
-94.6861
-94.3946
-93.9092
-93.1895
-92.2339
-91.0731
-89.7466
-88.2843
-86.6979
-84.9773
-83.0874
-80.9575
-78.449
-75.2612
-70.571
-60.8969
-13.7341
49.9012
49.3107
43.3135
25.3566
2.66037
-10.2498
-20.9011
-31.9195
-46.1266
-79.1243
-94.6041
-94.9435
-94.9374
-94.8821
-94.7605
-94.5255
-94.1145
-93.475
-92.5915
-91.4874
-90.2038
-88.7769
-87.2255
-85.5469
-83.7146
-81.6709
-79.3046
-76.385
-72.3358
-65.1066
-40.0863
48.0908
49.2229
43.4519
26.3786
4.02653
-9.13617
-19.7857
-30.8583
-43.9037
-74.6661
-94.4471
-94.9421
-94.9436
-94.8967
-94.7905
-94.5833
-94.2164
-93.6358
-92.8177
-91.7765
-90.5486
-89.1704
-87.664
-86.0318
-84.2544
-82.2844
-80.0298
-77.306
-73.6804
-67.7914
-52.0347
35.2395
49.5791
45.2576
30.3185
7.32456
-7.03322
-17.9089
-29.0545
-40.4216
-66.4753
-93.7751
-94.9231
-94.9464
-94.9093
-94.8185
-94.6386
-94.3147
-93.7902
-93.0324
-92.0462
-90.8638
-89.5225
-88.0484
-86.4493
-84.7116
-82.7959
-80.6244
-78.0436
-74.7109
-69.6428
-58.2664
4.66458
49.9761
48.9544
41.2341
20.9885
-0.287973
-12.4872
-23.3877
-34.0236
-50.8147
-86.1796
-94.7715
-94.9453
-94.9289
-94.8629
-94.7233
-94.4599
-94.011
-93.3299
-92.4082
-91.2733
-89.9659
-88.5192
-86.9484
-85.2472
-83.3849
-81.2971
-78.8592
-75.8072
-71.4508
-63.1153
-28.6498
48.5645
49.1539
43.0642
25.4179
3.15679
-9.78317
-20.3924
-31.427
-45.0759
-77.1221
-94.5463
-94.9441
-94.9413
-94.8905
-94.7773
-94.5569
-94.1684
-93.5582
-92.7068
-91.6335
-90.3777
-88.9757
-87.4479
-85.7942
-83.9915
-81.9876
-79.6815
-76.8679
-73.0504
-66.5765
-47.0927
44.4675
49.365
44.1569
27.9022
5.26527
-8.29935
-19.0243
-30.1372
-42.4703
-71.4264
-94.2613
-94.9368
-94.9453
-94.9024
-94.8032
-94.6088
-94.2628
-93.7103
-92.9232
-91.9114
-90.7086
-89.3513
-87.8635
-86.2501
-84.4948
-82.5546
-80.3453
-77.6994
-74.2348
-68.8071
-55.6301
20.5853
49.8873
47.4001
35.7616
12.9902
-4.09709
-15.4666
-26.5792
-36.2011
-56.0166
-90.6536
-94.8595
-94.9466
-94.922
-94.8466
-94.6913
-94.4035
-93.9225
-93.2071
-92.2551
-91.0968
-89.772
-88.3113
-86.7266
-85.0085
-83.1223
-80.9981
-78.4991
-75.3295
-70.6848
-61.2004
-15.8632
49.8554
49.2866
43.2761
25.3737
2.74625
-10.1704
-20.809
-31.831
-45.9366
-78.7741
-94.5946
-94.9436
-94.938
-94.8836
-94.7633
-94.5306
-94.123
-93.4877
-92.6086
-91.5085
-90.2286
-88.8051
-87.257
-85.5822
-83.7547
-81.7175
-79.3611
-76.4589
-72.4479
-65.3458
-41.3099
47.8024
49.2425
43.549
26.5895
4.19671
-9.01768
-19.6768
-30.7563
-43.6973
-74.2147
-94.4254
-94.9415
-94.9439
-94.8976
-94.7924
-94.5871
-94.2234
-93.6471
-92.8339
-91.7974
-90.5738
-89.1993
-87.6963
-86.0678
-84.2947
-82.3305
-80.0846
-77.3757
-73.7805
-67.9799
-52.7387
33.0118
49.6316
45.5524
30.9942
7.9391
-6.68043
-17.6055
-28.7546
-39.8759
-65.1206
-93.5776
-94.9181
-94.9465
-94.9109
-94.8222
-94.6455
-94.3265
-93.8079
-93.056
-92.0748
-90.8962
-89.5579
-88.0865
-86.4904
-84.7566
-82.8465
-80.6836
-78.1173
-74.8131
-69.8201
-58.7935
1.08156
49.9754
49.109
41.9712
22.3541
0.48686
-11.8978
-22.739
-33.5138
-49.6445
-84.7144
-94.7411
-94.945
-94.9308
-94.8672
-94.7315
-94.4741
-94.033
-93.3602
-92.4459
-91.3167
-90.0137
-88.5707
-87.0037
-85.3073
-83.4515
-81.3735
-78.9517
-75.9297
-71.6433
-63.569
-31.4466
48.6846
49.1508
43.0731
25.497
3.2707
-9.68759
-20.2998
-31.3387
-44.8908
-76.7495
-94.5335
-94.944
-94.9419
-94.8919
-94.7801
-94.5623
-94.1783
-93.5741
-92.7295
-91.663
-90.4133
-89.0168
-87.4942
-85.8459
-84.0497
-82.0547
-79.7618
-76.9707
-73.2013
-66.8758
-48.38
42.9092
49.4038
44.3498
28.3191
5.61006
-8.07707
-18.8252
-29.9461
-42.0995
-70.5527
-94.1966
-94.9349
-94.9456
-94.9038
-94.8063
-94.6149
-94.2736
-93.7273
-92.9469
-91.9412
-90.7436
-89.3907
-87.9069
-86.2978
-84.5476
-82.6146
-80.4159
-77.788
-74.3595
-69.0308
-56.3639
16.5565
49.9334
47.9409
37.4258
15.1178
-3.11457
-14.6836
-25.7575
-35.6399
-54.6531
-89.7649
-94.8422
-94.9463
-94.9236
-94.8505
-94.6991
-94.4173
-93.9444
-93.2377
-92.2936
-91.1415
-89.8215
-88.3648
-86.7842
-85.0711
-83.192
-81.0785
-78.5975
-75.4625
-70.9028
-61.7669
-19.7805
49.6709
49.2373
43.1911
25.3696
2.87588
-10.0452
-20.6651
-31.6913
-45.6368
-78.2118
-94.5791
-94.9438
-94.9392
-94.886
-94.7681
-94.5393
-94.1377
-93.5099
-92.6387
-91.5463
-90.2732
-88.8559
-87.314
-85.6459
-83.8264
-81.8003
-79.4606
-76.5877
-72.6407
-65.7499
-43.3006
47.1106
49.2784
43.7272
26.9744
4.50737
-8.80433
-19.4816
-30.5723
-43.3285
-73.394
-94.3829
-94.9403
-94.9444
-94.8991
-94.7957
-94.5938
-94.2357
-93.667
-92.8622
-91.8339
-90.6175
-89.2491
-87.7517
-86.1288
-84.3624
-82.4072
-80.175
-77.4895
-73.9426
-68.2804
-53.8261
28.9808
49.7262
46.131
32.3753
9.26489
-5.95255
-16.9889
-28.1382
-38.7832
-62.3913
-93.0528
-94.9061
-94.9467
-94.9142
-94.8294
-94.6589
-94.3491
-93.8417
-93.1007
-92.1284
-90.9563
-89.6228
-88.1555
-86.564
-84.8361
-82.9349
-80.7858
-78.2432
-74.9861
-70.1153
-59.6458
-4.86944
49.9662
49.2702
42.853
24.1475
1.642
-11.0304
-21.7777
-32.7083
-47.839
-82.0671
-94.681
-94.9442
-94.9338
-94.8741
-94.7448
-94.4975
-94.0696
-93.411
-92.5094
-91.3903
-90.0949
-88.6584
-87.0979
-85.4092
-83.5641
-81.5019
-79.1058
-76.1312
-71.9551
-64.2804
-35.6151
48.6209
49.1704
43.1881
25.7949
3.54912
-9.47662
-20.1009
-31.1526
-44.5045
-75.9511
-94.5031
-94.9435
-94.9427
-94.894
-94.7846
-94.5714
-94.1947
-93.6007
-92.7676
-91.7122
-90.4723
-89.0844
-87.5696
-85.9296
-84.1431
-82.161
-79.8878
-77.1309
-73.4335
-67.3275
-50.2377
39.7259
49.4765
44.7166
29.1163
6.27869
-7.65835
-18.454
-29.5874
-41.4142
-68.9082
-94.0527
-94.9307
-94.946
-94.9061
-94.8116
-94.6252
-94.2918
-93.7555
-92.9857
-91.9894
-90.7995
-89.4529
-87.9747
-86.3715
-84.6288
-82.7058
-80.5225
-77.9208
-74.5447
-69.3578
-57.3998
10.3165
49.968
48.583
39.6887
18.4072
-1.59228
-13.4915
-24.4819
-34.8186
-52.6785
-88.1359
-94.8103
-94.9458
-94.9262
-94.8567
-94.7112
-94.4389
-93.9785
-93.2854
-92.3533
-91.2107
-89.898
-88.4474
-86.873
-85.1675
-83.299
-81.2016
-78.7471
-75.6625
-71.2252
-62.5746
-25.1852
48.8125
49.1745
43.0966
25.3866
3.05072
-9.87978
-20.4877
-31.5188
-45.27
-77.505
-94.5583
-94.944
-94.9406
-94.8889
-94.774
-94.5505
-94.1569
-93.5398
-92.6806
-91.5998
-90.3374
-88.9299
-87.3973
-85.739
-83.9314
-81.9209
-79.6048
-76.7729
-72.915
-66.3102
-45.9164
45.5429
49.3347
44.0063
27.5763
4.99719
-8.47563
-19.1832
-30.2892
-42.7676
-72.1173
-94.3075
-94.9382
-94.945
-94.9013
-94.8007
-94.6037
-94.2537
-93.696
-92.9033
-91.8865
-90.6799
-89.3198
-87.8299
-86.2147
-84.4575
-82.5145
-80.3008
-77.6467
-74.1642
-68.684
-55.2222
22.6735
49.8547
47.0928
34.8856
11.9554
-4.58965
-15.8643
-26.9914
-36.8531
-57.6066
-91.4743
-94.8747
-94.9467
-94.9199
-94.8421
-94.6829
-94.3892
-93.9013
-93.1793
-92.2222
-91.0607
-89.7344
-88.2729
-86.6877
-84.9687
-83.0809
-80.9532
-78.4474
-75.2633
-70.5789
-60.9214
-13.9
49.8984
49.3097
43.3169
25.3752
2.6832
-10.2312
-20.8798
-31.8996
-46.0839
-79.0454
-94.6019
-94.9435
-94.9375
-94.8824
-94.761
-94.5263
-94.1158
-93.4771
-92.5945
-91.4914
-90.2091
-88.7838
-87.2344
-85.5584
-83.7296
-81.6908
-79.3315
-76.4236
-72.3985
-65.2464
-40.8122
47.929
49.2342
43.5078
26.4992
4.12279
-9.0694
-19.7245
-30.801
-43.7876
-74.4127
-94.4351
-94.9418
-94.9438
-94.8972
-94.7916
-94.5854
-94.2204
-93.6423
-92.8272
-91.7891
-90.5644
-89.1893
-87.6862
-86.0579
-84.2853
-82.3218
-80.0768
-77.3686
-73.7736
-67.9708
-52.7092
33.1084
49.6293
45.5397
30.965
7.91259
-6.69523
-17.6181
-28.767
-39.8983
-65.1762
-93.5864
-94.9183
-94.9465
-94.9109
-94.8221
-94.6452
-94.326
-93.8074
-93.0554
-92.0744
-90.8962
-89.5585
-88.0881
-86.4933
-84.7613
-82.8535
-80.6939
-78.1323
-74.8365
-69.8631
-58.9219
0.202023
49.9747
49.1399
42.13
22.6649
0.676818
-11.7537
-22.5795
-33.3842
-49.3497
-84.315
-94.7325
-94.9449
-94.9313
-94.8683
-94.7336
-94.4778
-94.0389
-93.3684
-92.4562
-91.3289
-90.0276
-88.5864
-87.0216
-85.3279
-83.4757
-81.4029
-78.9892
-75.9813
-71.7266
-63.7648
-32.6236
48.6973
49.1536
43.0944
25.5624
3.33931
-9.63389
-20.2487
-31.2907
-44.7904
-76.5442
-94.5261
-94.9439
-94.9421
-94.8924
-94.7813
-94.5648
-94.1828
-93.5814
-92.7401
-91.6769
-90.4303
-89.0369
-87.5174
-85.8727
-84.081
-82.0918
-79.8078
-77.0315
-73.2924
-67.0572
-49.1432
41.7514
49.4307
44.4845
28.6107
5.8527
-7.92332
-18.6884
-29.8143
-41.846
-69.9487
-94.1472
-94.9334
-94.9457
-94.9047
-94.8083
-94.6188
-94.2807
-93.7383
-92.9623
-91.9607
-90.7667
-89.4169
-87.9363
-86.3308
-84.5852
-82.6582
-80.4686
-77.8555
-74.456
-69.204
-56.9207
13.2794
49.9562
48.3105
38.6805
16.8798
-2.30735
-14.0485
-25.0813
-35.2195
-53.6384
-88.9807
-94.8268
-94.9461
-94.9249
-94.8536
-94.7052
-94.4283
-93.9618
-93.2623
-92.3247
-91.1778
-89.8621
-88.4093
-86.8329
-85.125
-83.2531
-81.1503
-78.6866
-75.5839
-71.1015
-62.2708
-23.1805
49.2672
49.1952
43.1227
25.3684
2.98252
-9.94221
-20.5493
-31.578
-45.3958
-77.7499
-94.5657
-94.9439
-94.9401
-94.8879
-94.7719
-94.5465
-94.1501
-93.529
-92.6654
-91.5804
-90.3143
-88.9036
-87.3682
-85.7073
-83.8966
-81.8821
-79.56
-76.7172
-72.8349
-66.1508
-45.1924
46.0745
49.3179
43.9224
27.3951
4.84875
-8.57461
-19.2729
-30.3745
-42.9361
-72.5039
-94.3316
-94.9389
-94.9448
-94.9006
-94.7992
-94.6008
-94.2484
-93.6875
-92.8916
-91.8717
-90.6627
-89.3008
-87.8095
-86.1931
-84.4345
-82.4898
-80.2732
-77.6138
-74.1198
-68.6061
-54.9602
23.9551
49.8319
46.8986
34.353
11.3518
-4.88381
-16.1039
-27.2381
-37.2582
-58.6035
-91.8997
-94.8827
-94.9467
-94.9187
-94.8394
-94.6777
-94.3806
-93.8885
-93.1625
-92.2024
-91.039
-89.7116
-88.2497
-86.6641
-84.9444
-83.0553
-80.9253
-78.415
-75.2211
-70.5109
-60.7404
-12.622
49.9175
49.3232
43.3381
25.3651
2.63386
-10.2766
-20.9329
-31.9504
-46.1933
-79.2456
-94.6072
-94.9434
-94.9371
-94.8815
-94.7594
-94.5233
-94.1109
-93.4699
-92.585
-91.4799
-90.1961
-88.7696
-87.2192
-85.5424
-83.7126
-81.6724
-79.3108
-76.3984
-72.3626
-65.1727
-40.4396
48.0144
49.2283
43.4782
26.4343
4.07007
-9.10612
-19.7582
-30.8326
-43.8517
-74.5524
-94.4417
-94.9419
-94.9437
-94.8969
-94.7909
-94.5842
-94.2182
-93.6388
-92.8223
-91.783
-90.5574
-89.1817
-87.6783
-86.0499
-84.2773
-82.3138
-80.0686
-77.3598
-73.7629
-67.9529
-52.6452
33.3213
49.6243
45.5109
30.8987
7.85157
-6.72979
-17.6477
-28.7964
-39.9513
-65.3078
-93.607
-94.9188
-94.9465
-94.9107
-94.8217
-94.6446
-94.325
-93.8058
-93.0534
-92.0721
-90.8939
-89.5564
-88.0863
-86.4921
-84.7607
-82.854
-80.6955
-78.1356
-74.8426
-69.875
-58.9579
-0.0451694
49.9745
49.1483
42.1739
22.7526
0.731745
-11.7121
-22.5335
-33.3463
-49.2641
-84.1966
-94.7299
-94.9449
-94.9314
-94.8686
-94.7342
-94.479
-94.0406
-93.3709
-92.4594
-91.3328
-90.0321
-88.5917
-87.0278
-85.3352
-83.4847
-81.4141
-79.0038
-76.0018
-71.7601
-63.8434
-33.0921
48.6959
49.1554
43.1059
25.594
3.37015
-9.61026
-20.2264
-31.2698
-44.7469
-76.455
-94.5228
-94.9438
-94.9422
-94.8927
-94.7818
-94.5659
-94.1847
-93.5845
-92.7445
-91.6827
-90.4375
-89.0454
-87.5273
-85.8843
-84.0946
-82.1082
-79.8282
-77.0587
-73.3332
-67.1386
-49.4791
41.1778
49.4437
44.5503
28.7536
5.97253
-7.848
-18.6215
-29.7496
-41.7222
-69.6518
-94.1216
-94.9327
-94.9458
-94.9051
-94.8092
-94.6207
-94.2839
-93.7434
-92.9694
-91.9696
-90.7772
-89.429
-87.9498
-86.346
-84.6026
-82.6785
-80.4933
-77.8873
-74.5015
-69.2856
-57.1785
11.7015
49.9633
48.4632
39.2358
17.7089
-1.92179
-13.7474
-24.7581
-35.0066
-53.1276
-88.5441
-94.8183
-94.9459
-94.9256
-94.8552
-94.7084
-94.4339
-93.9708
-93.2748
-92.3404
-91.1963
-89.8827
-88.4318
-86.8576
-85.1523
-83.2841
-81.1867
-78.7317
-75.645
-71.2007
-62.5182
-24.8155
48.9122
49.1783
43.1022
25.3872
3.04289
-9.88743
-20.4954
-31.5263
-45.2858
-77.5356
-94.5592
-94.944
-94.9405
-94.8888
-94.7737
-94.5499
-94.1559
-93.5383
-92.6785
-91.5973
-90.3348
-88.9275
-87.3956
-85.7383
-83.9321
-81.9235
-79.6102
-76.7826
-72.9325
-66.3497
-46.0998
45.3916
49.3392
44.028
27.6227
5.03446
-8.45123
-19.1613
-30.2682
-42.7265
-72.0219
-94.3013
-94.938
-94.945
-94.9014
-94.801
-94.6044
-94.255
-93.6981
-92.9065
-91.8909
-90.6855
-89.3268
-87.8385
-86.2253
-84.4707
-82.5312
-80.3224
-77.6762
-74.2085
-68.7671
-55.5052
21.2358
49.8778
47.3067
35.4919
12.6674
-4.24861
-15.5883
-26.7055
-36.3913
-56.4783
-90.9118
-94.8642
-94.9467
-94.9214
-94.8453
-94.6889
-94.3994
-93.9165
-93.1994
-92.2464
-91.0879
-89.7639
-88.3047
-86.7221
-85.0068
-83.1242
-81.0045
-78.5119
-75.3524
-70.7284
-61.3194
-16.6831
49.8303
49.2777
43.2666
25.3955
2.79458
-10.1278
-20.761
-31.7851
-45.8383
-78.5899
-94.5894
-94.9436
-94.9384
-94.8842
-94.7647
-94.533
-94.127
-93.4938
-92.617
-91.5194
-90.2422
-88.8218
-87.2774
-85.6071
-83.7855
-81.7564
-79.4119
-76.5295
-72.5599
-65.5888
-42.5311
47.415
49.2638
43.6543
26.8157
4.37795
-8.89332
-19.5631
-30.6493
-43.4825
-73.7391
-94.4012
-94.9408
-94.9442
-94.8984
-94.7943
-94.591
-94.2306
-93.6589
-92.8511
-91.8201
-90.6018
-89.2324
-87.7347
-86.1122
-84.3465
-82.3923
-80.1612
-77.4765
-73.9292
-68.2616
-53.7665
29.2181
49.7208
46.0962
32.2908
9.18164
-5.99661
-17.0257
-28.1752
-38.8478
-62.5537
-93.0899
-94.9069
-94.9467
-94.914
-94.8289
-94.6582
-94.3479
-93.8399
-93.0986
-92.1264
-90.9548
-89.6222
-88.1565
-86.5669
-84.8417
-82.944
-80.7997
-78.264
-75.0189
-70.1753
-59.8191
-6.08618
49.9625
49.2932
42.9978
24.4679
1.87239
-10.8582
-21.586
-32.5409
-47.4715
-81.4693
-94.6662
-94.944
-94.9345
-94.8756
-94.7477
-94.5026
-94.0777
-93.4224
-92.5241
-91.4079
-90.1152
-88.6815
-87.1244
-85.4399
-83.6004
-81.5462
-79.1622
-76.2087
-72.0786
-64.5605
-37.1859
48.5047
49.1856
43.2661
25.9718
3.69668
-9.3697
-20.0015
-31.0598
-44.3141
-75.5492
-94.4865
-94.9431
-94.943
-94.8949
-94.7865
-94.5752
-94.2018
-93.6123
-92.7844
-91.7343
-90.4994
-89.1162
-87.6064
-85.9718
-84.1922
-82.2192
-79.9595
-77.2251
-73.5735
-67.6002
-51.316
37.2228
49.5333
45.0116
29.7672
6.83896
-7.31911
-18.1569
-29.2977
-40.8709
-67.5831
-93.9123
-94.9268
-94.9462
-94.9079
-94.8155
-94.6327
-94.3048
-93.7755
-93.013
-92.0234
-90.839
-89.4973
-88.0239
-86.4263
-84.6906
-82.7774
-80.6086
-78.0307
-74.7006
-69.6331
-58.2439
4.82435
49.9761
48.9475
41.2065
20.946
-0.306367
-12.5
-23.4014
-34.0337
-50.8377
-86.2065
-94.7721
-94.9454
-94.9289
-94.8629
-94.7233
-94.4599
-94.0111
-93.3302
-92.4091
-91.2752
-89.9694
-88.5251
-86.9575
-85.2606
-83.4039
-81.3239
-78.8975
-75.8646
-71.5489
-63.3561
-30.1522
48.6447
49.1515
43.0677
25.4627
3.22418
-9.7262
-20.3371
-31.3742
-44.9651
-76.9003
-94.5388
-94.944
-94.9416
-94.8913
-94.7789
-94.5601
-94.1741
-93.5674
-92.7202
-91.6515
-90.4004
-89.0034
-87.4811
-85.8339
-84.0396
-82.047
-79.7573
-76.9707
-73.208
-66.8973
-48.4816
42.7619
49.4072
44.3665
28.3545
5.63855
-8.05908
-18.8092
-29.9308
-42.07
-70.4827
-94.191
-94.9347
-94.9456
-94.9039
-94.8065
-94.6153
-94.2745
-93.7288
-92.9494
-91.945
-90.749
-89.398
-87.9168
-86.311
-84.5652
-82.6378
-80.4474
-77.8321
-74.4268
-69.1564
-56.7729
14.1673
49.9511
48.218
38.3565
16.4125
-2.52124
-14.2158
-25.2601
-35.334
-53.9134
-89.2041
-94.8312
-94.9461
-94.9245
-94.8528
-94.7036
-94.4253
-93.9573
-93.256
-92.3171
-91.1695
-89.8535
-88.401
-86.8252
-85.1183
-83.2476
-81.1462
-78.6843
-75.5838
-71.1048
-62.2823
-23.256
49.2537
49.1947
43.1243
25.3765
2.99237
-9.93419
-20.5416
-31.5708
-45.3805
-77.7197
-94.5648
-94.9439
-94.9401
-94.888
-94.7721
-94.5469
-94.1507
-93.53
-92.6669
-91.5826
-90.3173
-88.9077
-87.3739
-85.7148
-83.9066
-81.8955
-79.5783
-76.7434
-72.877
-66.2408
-45.6107
45.7759
49.3274
43.9696
27.4961
4.93045
-8.52024
-19.2237
-30.3277
-42.8437
-72.2917
-94.3185
-94.9385
-94.9449
-94.901
-94.8
-94.6024
-94.2514
-93.6924
-92.8986
-91.8809
-90.6741
-89.3143
-87.8253
-86.2117
-84.4565
-82.5164
-80.3065
-77.6579
-74.1847
-68.7265
-55.3717
21.9178
49.8672
47.2064
35.2058
12.3291
-4.40932
-15.718
-26.84
-36.6066
-57.0029
-91.1848
-94.8693
-94.9467
-94.9207
-94.8438
-94.6861
-94.3947
-93.9096
-93.1904
-92.2358
-91.0764
-89.7521
-88.2928
-86.7105
-84.9953
-83.1128
-80.9928
-78.4992
-75.3372
-70.7052
-61.2604
-16.2694
49.8436
49.2831
43.2781
25.4031
2.78761
-10.1359
-20.7705
-31.7946
-45.8587
-78.628
-94.5904
-94.9436
-94.9383
-94.884
-94.7643
-94.5323
-94.1258
-93.4919
-92.6145
-91.5165
-90.239
-88.8186
-87.2743
-85.6044
-83.7833
-81.755
-79.4115
-76.5307
-72.5635
-65.5989
-42.5841
47.395
49.2648
43.6588
26.8249
4.38494
-8.88862
-19.5589
-30.6453
-43.4745
-73.7212
-94.4003
-94.9408
-94.9442
-94.8984
-94.7944
-94.5911
-94.2309
-93.6594
-92.8519
-91.8213
-90.6035
-89.2348
-87.7378
-86.1163
-84.3519
-82.3995
-80.1708
-77.4899
-73.9499
-68.3017
-53.9102
28.6322
49.7342
46.1841
32.5073
9.39819
-5.881
-16.9287
-28.0775
-38.6773
-62.1268
-92.9904
-94.9047
-94.9467
-94.9145
-94.8301
-94.6603
-94.3514
-93.8453
-93.1058
-92.1351
-90.9647
-89.6332
-88.1686
-86.5805
-84.8571
-82.9619
-80.8214
-78.292
-75.0584
-70.2437
-60.0114
-7.44739
49.9574
49.315
43.1407
24.7896
2.10902
-10.6824
-21.3902
-32.3677
-47.0937
-80.8355
-94.65
-94.9438
-94.9351
-94.8771
-94.7507
-94.5078
-94.086
-93.4342
-92.539
-91.4255
-90.1351
-88.7035
-87.1486
-85.4669
-83.631
-81.582
-79.2062
-76.2672
-72.1694
-64.762
-38.2856
48.3826
49.1984
43.3298
26.112
3.81084
-9.28828
-19.926
-30.9897
-44.1705
-75.243
-94.4733
-94.9427
-94.9432
-94.8955
-94.7879
-94.5781
-94.207
-93.6208
-92.7966
-91.7503
-90.5188
-89.1386
-87.6318
-86.0004
-84.2246
-82.2568
-80.0047
-77.2832
-73.6581
-67.7618
-51.937
35.5198
49.5726
45.2229
30.241
7.25665
-7.07246
-17.9427
-29.0877
-40.4826
-66.6262
-93.7949
-94.9236
-94.9464
-94.9091
-94.8181
-94.6378
-94.3136
-93.7888
-93.0309
-92.0453
-90.8642
-89.5252
-88.0543
-86.4594
-84.7274
-82.8192
-80.6582
-78.093
-74.7876
-69.7847
-58.6962
1.76294
49.9758
49.0851
41.8553
22.1398
0.365974
-11.9879
-22.8378
-33.5931
-49.8245
-84.9529
-94.7462
-94.9451
-94.9305
-94.8666
-94.7303
-94.4721
-94.03
-93.3563
-92.4416
-91.3126
-90.0107
-88.5697
-87.0057
-85.3131
-83.4625
-81.3914
-78.9796
-75.9736
-71.7202
-63.7566
-32.5796
48.6971
49.154
43.0969
25.5689
3.3452
-9.62946
-20.2446
-31.2868
-44.7824
-76.5278
-94.5255
-94.9439
-94.9421
-94.8925
-94.7814
-94.5649
-94.1829
-93.5817
-92.7407
-91.6781
-90.4325
-89.0404
-87.5229
-85.8807
-84.0924
-82.1079
-79.8305
-77.0647
-73.3455
-67.1671
-49.6012
40.9565
49.4487
44.5755
28.8083
6.01828
-7.81957
-18.5964
-29.7253
-41.6759
-69.5403
-94.1116
-94.9324
-94.9458
-94.9053
-94.8096
-94.6214
-94.2852
-93.7455
-92.9724
-91.9737
-90.7825
-89.4356
-87.958
-86.3563
-84.6154
-82.695
-80.5148
-77.9168
-74.5456
-69.3666
-57.434
10.1034
49.9686
48.6015
39.7626
18.5278
-1.53169
-13.4437
-24.43
-34.7823
-52.5924
-88.0545
-94.8088
-94.9458
-94.9263
-94.857
-94.7119
-94.4401
-93.9804
-93.2882
-92.3573
-91.2161
-89.9052
-88.4569
-86.8857
-85.1842
-83.3212
-81.2313
-78.7881
-75.7226
-71.3277
-62.831
-26.8466
48.4165
49.1635
43.0929
25.4351
3.13086
-9.81156
-20.4215
-31.456
-45.1376
-77.2442
-94.55
-94.944
-94.941
-94.8899
-94.7759
-94.5541
-94.1634
-93.5501
-92.6954
-91.6194
-90.3618
-88.9593
-87.4322
-85.7804
-83.9808
-81.9811
-79.6809
-76.8756
-73.0719
-66.6322
-47.3534
44.1806
49.3723
44.1921
27.9763
5.32427
-8.26174
-18.9907
-30.1053
-42.4083
-71.2804
-94.2508
-94.9365
-94.9453
-94.9026
-94.8037
-94.6098
-94.2648
-93.7137
-92.9285
-91.919
-90.719
-89.3651
-87.8814
-86.2733
-84.5249
-82.594
-80.3979
-77.7726
-74.3461
-69.0164
-56.3271
16.766
49.9316
47.9162
37.3478
15.0167
-3.15889
-14.7181
-25.7938
-35.6611
-54.7047
-89.8018
-94.8429
-94.9463
-94.9236
-94.8504
-94.6989
-94.4169
-93.9439
-93.2374
-92.2938
-91.1427
-89.8244
-88.3701
-86.7929
-85.0843
-83.2112
-81.106
-78.6373
-75.5229
-71.0089
-62.0436
-21.6537
49.4909
49.2142
43.1566
25.3816
2.94897
-9.977
-20.5872
-31.6154
-45.4752
-77.902
-94.57
-94.9439
-94.9397
-94.8872
-94.7705
-94.5438
-94.1453
-93.5218
-92.6554
-91.568
-90.3002
-88.8885
-87.3528
-85.692
-83.882
-81.8687
-79.5478
-76.7062
-72.8244
-66.1367
-45.1392
46.1075
49.3166
43.9156
27.3792
4.83457
-8.5844
-19.2819
-30.3831
-42.9531
-72.5427
-94.3339
-94.9389
-94.9448
-94.9005
-94.799
-94.6005
-94.2479
-93.6869
-92.8909
-91.8714
-90.6632
-89.3025
-87.8129
-86.1989
-84.4434
-82.5029
-80.2922
-77.6418
-74.1641
-68.6919
-55.2576
22.4933
49.8578
47.1208
34.9652
12.049
-4.54346
-15.8265
-26.9522
-36.7891
-57.4494
-91.4012
-94.8733
-94.9467
-94.9202
-94.8426
-94.6838
-94.3908
-93.9038
-93.1828
-92.227
-91.0669
-89.7424
-88.2834
-86.7014
-84.9867
-83.1045
-80.9849
-78.4913
-75.3284
-70.6928
-61.2295
-16.0512
49.8501
49.2862
43.2855
25.4109
2.78759
-10.1373
-20.7724
-31.7967
-45.8634
-78.6365
-94.5906
-94.9435
-94.9382
-94.884
-94.7641
-94.532
-94.1253
-93.4912
-92.6136
-91.5156
-90.2382
-88.818
-87.2743
-85.6051
-83.7851
-81.7582
-79.4167
-76.5391
-72.578
-65.6321
-42.75
47.3319
49.2678
43.6737
26.8566
4.41
-8.87153
-19.5432
-30.6306
-43.4452
-73.6553
-94.3968
-94.9407
-94.9442
-94.8985
-94.7946
-94.5916
-94.2319
-93.6611
-92.8543
-91.8247
-90.6078
-89.24
-87.7442
-86.1241
-84.3614
-82.4113
-80.186
-77.5105
-73.9808
-68.3604
-54.1191
27.7584
49.7538
46.3164
32.8375
9.73326
-5.70453
-16.7812
-27.9285
-38.421
-61.4886
-92.832
-94.9014
-94.9467
-94.9152
-94.8317
-94.6634
-94.3567
-93.8531
-93.1162
-92.1477
-90.9791
-89.6491
-88.1859
-86.5995
-84.8784
-82.9865
-80.8509
-78.3295
-75.1109
-70.3333
-60.2609
-9.21366
49.9483
49.3386
43.3057
25.1715
2.40123
-10.466
-21.149
-32.1513
-46.626
-80.0235
-94.6282
-94.9434
-94.9359
-94.879
-94.7544
-94.5144
-94.0965
-93.449
-92.558
-91.448
-90.1605
-88.7315
-87.1794
-85.5011
-83.6698
-81.6272
-79.2614
-76.34
-72.2813
-65.0066
-39.5909
48.1824
49.2157
43.4153
26.2972
3.95905
-9.18398
-19.8299
-30.8998
-43.9877
-74.8491
-94.4556
-94.9423
-94.9435
-94.8963
-94.7896
-94.5816
-94.2135
-93.6314
-92.812
-91.7702
-90.543
-89.1666
-87.6633
-86.0357
-84.2645
-82.3029
-80.06
-77.354
-73.7605
-67.9554
-52.6629
33.2586
49.6258
45.52
30.9204
7.87237
-6.71767
-17.6372
-28.7859
-39.9323
-65.2607
-93.5996
-94.9186
-94.9465
-94.9108
-94.8218
-94.6449
-94.3255
-93.8067
-93.055
-92.0745
-90.8974
-89.5615
-88.0936
-86.502
-84.7743
-82.8723
-80.7205
-78.1709
-74.896
-69.9714
-59.2422
-2.01711
49.972
49.2068
42.49
23.3919
1.13971
-11.4043
-22.1922
-33.0623
-48.6253
-83.2789
-94.7095
-94.9446
-94.9325
-94.8711
-94.739
-94.4873
-94.0537
-93.3891
-92.4825
-91.3601
-90.0631
-88.6264
-87.0668
-85.3797
-83.5366
-81.4767
-79.0827
-76.1093
-71.9314
-64.2388
-35.3897
48.6322
49.1694
43.1837
25.7861
3.54258
-9.48115
-20.105
-31.1564
-44.5124
-75.968
-94.5039
-94.9435
-94.9427
-94.8939
-94.7844
-94.5711
-94.1942
-93.5999
-92.7668
-91.7119
-90.4732
-89.0872
-87.5754
-85.9394
-84.1584
-82.1835
-79.9207
-77.18
-73.5132
-67.4906
-50.8963
38.2583
49.5097
44.8879
29.4932
6.60156
-7.46156
-18.2813
-29.4192
-41.0978
-68.1387
-93.974
-94.9285
-94.9461
-94.9072
-94.8139
-94.6297
-94.2996
-93.7677
-93.0027
-92.0112
-90.8257
-89.4836
-88.0105
-86.4134
-84.6786
-82.7665
-80.5988
-78.0219
-74.6923
-69.6229
-58.2171
5.00727
49.976
48.9387
41.168
20.8804
-0.339876
-12.5251
-23.4287
-34.0543
-50.8853
-86.2617
-94.7733
-94.9454
-94.9289
-94.8628
-94.723
-94.4595
-94.0105
-93.3295
-92.4084
-91.2749
-89.9698
-88.5266
-86.9605
-85.2656
-83.4116
-81.3352
-78.9142
-75.8902
-71.5929
-63.4639
-30.8161
48.6683
49.1517
43.0742
25.4914
3.25923
-9.69766
-20.3096
-31.3482
-44.9108
-76.7904
-94.535
-94.944
-94.9418
-94.8917
-94.7797
-94.5615
-94.1767
-93.5717
-92.7264
-91.6598
-90.4109
-89.0161
-87.4965
-85.8524
-84.062
-82.0748
-79.793
-77.0191
-73.2823
-67.047
-49.1139
41.7939
49.4296
44.479
28.5981
5.84145
-7.9307
-18.695
-29.8208
-41.8585
-69.9784
-94.1496
-94.9335
-94.9457
-94.9046
-94.8082
-94.6186
-94.2804
-93.7381
-92.9625
-91.9615
-90.7687
-89.4208
-87.9427
-86.3405
-84.5992
-82.6781
-80.4967
-77.8962
-74.5192
-69.3227
-57.3001
10.9441
49.966
48.5313
39.4936
18.1077
-1.73148
-13.5987
-24.5975
-34.8977
-52.867
-88.3099
-94.8138
-94.9459
-94.926
-94.8561
-94.7101
-94.437
-93.9757
-93.2818
-92.3495
-91.2073
-89.8959
-88.4476
-86.8764
-85.1752
-83.3125
-81.2228
-78.7794
-75.7132
-71.3149
-62.8022
-26.6617
48.4006
49.1648
43.0975
25.4406
3.13119
-9.81229
-20.4224
-31.4571
-45.1401
-77.2489
-94.5501
-94.944
-94.941
-94.8898
-94.7758
-94.5539
-94.1629
-93.5494
-92.6945
-91.6183
-90.3608
-88.9586
-87.432
-85.7809
-83.9823
-81.9842
-79.686
-76.8838
-73.0861
-66.6632
-47.4915
44.0239
49.3762
44.2117
28.0181
5.35848
-8.23968
-18.971
-30.0864
-42.3715
-71.194
-94.2446
-94.9363
-94.9453
-94.9027
-94.804
-94.6104
-94.2659
-93.7154
-92.9311

