-70
-52.2868
39.0112
49.6005
45.8287
32.8579
11.345
-4.15685
-15.2548
-26.2247
-35.7971
-55.0285
-90.186
-94.8734
-94.9667
-94.9606
-94.9265
-94.8534
-94.7166
-94.4854
-94.1363
-93.6648
-93.0837
-92.4124
-91.6677
-90.8594
-89.9903
-89.0567
-88.0499
-86.9558
-85.754
-84.4146
-82.8927
-81.1159
-78.955
-76.145
-72.0048
-63.94
-30.7606
48.8797
49.303
44.0607
28.2309
6.10529
-7.57912
-18.3211
-29.4128
-41.0549
-68.0842
-94.0092
-94.9413
-94.9665
-94.9491
-94.901
-94.8056
-94.6359
-94.365
-93.9785
-93.4802
-92.8856
-92.2122
-91.4731
-90.6747
-89.8176
-88.897
-87.9034
-86.8227
-85.6343
-84.3086
-82.8008
-81.0381
-78.8909
-76.0928
-71.9579
-63.8639
-30.2961
48.868
49.3081
44.0908
28.3082
6.18547
-7.52275
-18.2691
-29.3608
-40.9568
-67.8451
-93.9853
-94.9408
-94.9666
-94.9495
-94.9019
-94.8073
-94.6392
-94.3708
-93.9881
-93.495
-92.9073
-92.2426
-91.5142
-90.7287
-89.8869
-88.9844
-88.0124
-86.9575
-85.8006
-84.5142
-83.0572
-81.3639
-79.3202
-76.6982
-72.9431
-66.1363
-43.1715
47.552
49.4088
44.6383
29.6442
7.53586
-6.61774
-17.449
-28.5326
-39.4287
-64.0523
-93.4621
-94.9288
-94.9667
-94.9528
-94.9094
-94.8221
-94.6656
-94.4138
-94.0512
-93.5794
-93.0127
-92.3682
-91.6595
-90.8941
-90.0737
-89.195
-88.2505
-87.2282
-86.1113
-84.8751
-83.4838
-81.8812
-79.9724
-77.577
-74.2862
-68.8621
-54.8075
27.1632
49.8177
46.9806
35.2395
13.3443
-3.43567
-14.7727
-25.7731
-35.5852
-54.5169
-89.7466
-94.8575
-94.9641
-94.9586
-94.924
-94.8506
-94.7161
-94.4937
-94.1639
-93.7234
-93.1836
-92.5617
-91.8731
-91.127
-90.3271
-89.4716
-88.5544
-87.5651
-86.489
-85.3046
-83.9812
-82.4716
-80.6988
-78.5236
-75.6533
-71.3083
-62.3146
-20.0963
49.7062
49.3841
44.2458
28.3686
5.98282
-7.73228
-18.4824
-29.5885
-41.3998
-68.9125
-94.0827
-94.9423
-94.9658
-94.9475
-94.8978
-94.7997
-94.6263
-94.3513
-93.9621
-93.4645
-92.8754
-92.2131
-91.4909
-90.7154
-89.8875
-89.0031
-88.0539
-87.0273
-85.9057
-84.6637
-83.2641
-81.648
-79.7156
-77.2738
-73.8768
-68.1242
-52.1223
36.5735
49.6397
45.8519
32.4203
10.2495
-5.03666
-16.088
-27.144
-37.0402
-58.0757
-91.7581
-94.8949
-94.9654
-94.9565
-94.9184
-94.8397
-94.6969
-94.4638
-94.1225
-93.672
-93.1248
-92.4983
-91.8073
-91.0607
-90.2618
-89.4085
-88.4949
-87.5106
-86.441
-85.265
-83.9522
-82.456
-80.7008
-78.5498
-75.7166
-71.4448
-62.7018
-22.7669
49.4484
49.3585
44.215
28.4202
6.13585
-7.60027
-18.3534
-29.4543
-41.1405
-68.2882
-94.0266
-94.9412
-94.966
-94.9482
-94.8993
-94.8024
-94.6306
-94.3575
-93.9701
-93.474
-92.8864
-92.2259
-91.5062
-90.7343
-89.9115
-89.0338
-88.0935
-87.0786
-85.972
-84.7495
-83.3755
-81.7946
-79.913
-77.5533
-74.3145
-68.9924
-55.3774
24.4834
49.8619
47.3337
36.2082
14.5219
-2.85657
-14.3085
-25.2818
-35.2844
-53.7884
-89.1816
-94.8463
-94.9635
-94.9587
-94.9244
-94.8516
-94.718
-94.4967
-94.1682
-93.7291
-93.1909
-92.5715
-91.8866
-91.1463
-90.3548
-89.5109
-88.6091
-87.64
-86.5899
-85.439
-84.1592
-82.7078
-81.0165
-78.9643
-76.3066
-72.431
-65.1227
-37.9428
48.6643
49.3506
44.355
29.0324
6.98929
-6.95529
-17.7458
-28.8294
-39.9647
-65.3953
-93.6837
-94.9339
-94.9666
-94.9514
-94.9061
-94.8154
-94.6534
-94.3935
-94.0213
-93.5401
-92.966
-92.3174
-91.6085
-90.8474
-90.0359
-89.1713
-88.2466
-87.2507
-86.168
-84.9762
-83.6428
-82.1177
-80.3182
-78.0913
-75.1069
-70.4458
-60.0288
-4.00022
49.974
49.3986
43.8654
27.0244
4.42034
-8.89507
-19.5732
-30.665
-43.5154
-73.7882
-94.4019
-94.9496
-94.9639
-94.9412
-94.885
-94.7764
-94.5879
-94.2945
-93.8867
-93.3728
-92.7711
-92.0999
-91.3722
-90.5941
-89.7663
-88.8844
-87.9405
-86.9222
-85.8121
-84.5855
-83.2061
-81.6167
-79.7202
-77.3308
-74.0225
-68.4843
-53.6163
31.7769
49.7315
46.396
33.7365
11.6402
-4.29767
-15.4742
-26.5078
-36.0305
-55.6015
-90.4866
-94.8718
-94.9645
-94.9576
-94.9213
-94.8452
-94.7061
-94.4772
-94.1398
-93.6918
-93.146
-92.5206
-91.8315
-91.0887
-90.296
-89.4521
-88.5518
-87.5856
-86.5398
-85.3952
-84.1237
-82.6833
-81.0065
-78.9743
-76.3465
-72.5253
-65.3738
-39.3713
48.483
49.3663
44.4399
29.2371
7.19581
-6.81803
-17.6218
-28.7037
-39.735
-64.8212
-93.5957
-94.9319
-94.9665
-94.9516
-94.9067
-94.8166
-94.6553
-94.3963
-94.0249
-93.5444
-92.9709
-92.3231
-91.6157
-90.8568
-90.049
-89.1895
-88.272
-87.2857
-86.2156
-85.0404
-83.7289
-82.2336
-80.4764
-78.3151
-75.4484
-71.0652
-61.7953
-16.6047
49.8604
49.4241
44.3448
28.4774
5.98462
-7.7589
-18.5152
-29.627
-41.4777
-69.0957
-94.096
-94.9422
-94.9652
-94.9462
-94.8952
-94.7947
-94.6173
-94.3367
-93.9408
-93.4364
-92.8417
-92.1761
-91.4537
-90.6817
-89.8616
-88.9898
-88.059
-87.0576
-85.9694
-84.7714
-83.4301
-81.8933
-80.0744
-77.8109
-74.7466
-69.8586
-58.3402
7.44288
49.98
49.0123
41.905
23.0436
1.55935
-10.9325
-21.6205
-32.5275
-47.4207
-81.4173
-94.6771
-94.9577
-94.9617
-94.9335
-94.8695
-94.7491
-94.5447
-94.2337
-93.8095
-93.2823
-92.671
-91.9931
-91.2608
-90.4796
-89.6498
-88.767
-87.823
-86.8055
-85.697
-84.473
-83.0966
-81.5104
-79.6159
-77.2245
-73.9012
-68.2939
-52.9516
34.0172
49.6893
46.1441
33.1342
11.0137
-4.61661
-15.7344
-26.7767
-36.4396
-56.5994
-91.0575
-94.8822
-94.9648
-94.9568
-94.9194
-94.8414
-94.6994
-94.4664
-94.1242
-93.6716
-93.122
-92.4938
-91.8031
-91.0601
-90.2687
-89.4279
-88.5325
-87.5733
-86.5373
-85.4055
-84.151
-82.7332
-81.0875
-79.1006
-76.5469
-72.8761
-66.1935
-43.7021
47.3228
49.4239
44.737
29.9181
7.85268
-6.40119
-17.2516
-28.3287
-39.0614
-63.1315
-93.2887
-94.9252
-94.9663
-94.9526
-94.9092
-94.8214
-94.6639
-94.4101
-94.0446
-93.57
-93.0019
-92.3592
-91.6568
-90.9039
-90.1032
-89.2529
-88.347
-87.3757
-86.325
-85.1747
-83.896
-82.4451
-80.751
-78.6873
-75.9938
-72.0055
-64.2203
-32.7418
48.903
49.3225
44.2096
28.6867
6.64707
-7.18387
-17.9527
-29.0381
-40.3491
-66.3524
-93.8155
-94.9368
-94.9664
-94.95
-94.9031
-94.8093
-94.6422
-94.3747
-93.993
-93.5018
-92.9186
-92.2628
-91.5495
-90.7872
-89.978
-89.1194
-88.2049
-87.2241
-86.162
-84.9976
-83.7006
-82.2245
-80.4932
-78.3691
-75.5627
-71.3052
-62.4895
-21.5076
49.5883
49.3734
44.2571
28.4862
6.17344
-7.58202
-18.3391
-29.4417
-41.1178
-68.232
-94.02
-94.9408
-94.9656
-94.9473
-94.8974
-94.7987
-94.6237
-94.3459
-93.9527
-93.4504
-92.8575
-92.1939
-91.4742
-90.7065
-89.8925
-89.0294
-88.1101
-87.124
-86.0557
-84.8837
-83.5766
-82.0864
-80.334
-78.1747
-75.3003
-70.8735
-61.3587
-13.6489
49.9181
49.4507
44.3828
28.4338
5.83069
-7.89338
-18.6469
-29.7634
-41.7429
-69.7254
-94.1462
-94.943
-94.9647
-94.9448
-94.8924
-94.7895
-94.6085
-94.3232
-93.9224
-93.4135
-92.8155
-92.1481
-91.4257
-90.6559
-89.8403
-88.9757
-88.055
-87.0674
-85.9974
-84.8233
-83.5133
-82.0188
-80.2594
-78.0876
-75.1874
-70.692
-60.8772
-10.2663
49.9503
49.4752
44.4033
28.3315
5.60783
-8.07761
-18.8248
-29.945
-42.0983
-70.561
-94.2075
-94.9442
-94.9642
-94.9435
-94.8898
-94.7847
-94.6006
-94.3116
-93.9071
-93.3952
-92.7951
-92.1264
-91.4033
-90.6332
-89.8178
-88.9538
-88.034
-87.0477
-85.9794
-84.8075
-83.5003
-82.0093
-80.2544
-78.0888
-75.1981
-70.7216
-60.9745
-10.9881
49.9451
49.4704
44.3994
28.352
5.65185
-8.04118
-18.7896
-29.9092
-42.0281
-70.3974
-94.196
-94.9439
-94.9643
-94.9437
-94.8902
-94.7854
-94.6017
-94.3133
-93.9093
-93.398
-92.7984
-92.1304
-91.4083
-90.6396
-89.826
-88.9643
-88.0477
-87.0652
-86.0019
-84.8364
-83.5374
-82.0575
-80.3184
-78.1772
-75.3305
-70.958
-61.6345
-15.6814
49.882
49.4322
44.3523
28.4479
5.91609
-7.81613
-18.5706
-29.684
-41.5882
-69.3588
-94.1174
-94.9424
-94.9648
-94.9452
-94.8933
-94.7912
-94.6112
-94.3272
-93.9276
-93.4201
-92.8236
-92.1582
-91.4386
-90.6727
-89.8623
-89.0046
-88.0928
-87.1164
-86.0608
-84.905
-83.6188
-82.1562
-80.4421
-78.3401
-75.5646
-71.3604
-62.7026
-23.0798
49.3976
49.357
44.2254
28.4694
6.20488
-7.54764
-18.3037
-29.4037
-41.0442
-68.0548
-94.0033
-94.9405
-94.9656
-94.9474
-94.8976
-94.7991
-94.6244
-94.347
-93.9543
-93.4529
-92.8615
-92.2003
-91.4845
-90.7223
-89.916
-89.063
-88.157
-87.1879
-86.1412
-84.9967
-83.7254
-82.283
-80.5979
-78.5415
-75.8484
-71.8347
-63.8929
-30.8383
48.8742
49.3201
44.187
28.606
6.54134
-7.26302
-18.0271
-29.1146
-40.4927
-66.7064
-93.8586
-94.9377
-94.9662
-94.9493
-94.9016
-94.8066
-94.6373
-94.367
-93.9823
-93.4885
-92.9039
-92.2484
-91.5377
-90.7803
-89.979
-89.1315
-88.232
-87.2705
-86.2334
-85.1012
-83.8457
-82.4249
-80.7707
-78.7625
-76.1556
-72.3362
-65.0814
-37.898
48.6599
49.355
44.393
29.1539
7.14073
-6.84566
-17.6439
-28.7243
-39.771
-64.9127
-93.6111
-94.9322
-94.9663
-94.951
-94.9054
-94.814
-94.6504
-94.388
-94.0124
-93.5279
-92.9516
-92.3035
-91.5992
-90.8479
-90.0526
-89.2116
-88.3194
-87.3667
-86.3404
-85.2217
-83.9839
-82.587
-80.9669
-79.0115
-76.4974
-72.8813
-66.3015
-44.3323
47.0171
49.4367
44.8128
30.1144
8.06852
-6.25858
-17.1231
-28.1962
-38.8257
-62.5394
-93.1631
-94.9226
-94.9662
-94.9528
-94.9097
-94.8222
-94.6652
-94.4119
-94.0469
-93.573
-93.0064
-92.3665
-91.6694
-90.9245
-90.1357
-89.3018
-88.4176
-87.4745
-86.4599
-85.3559
-84.1372
-82.7659
-81.1822
-79.2825
-76.8647
-73.4526
-67.5056
-49.8536
41.4886
49.5557
45.4271
31.5094
9.428
-5.4553
-16.4286
-27.4866
-37.6037
-59.475
-92.304
-94.9056
-94.9656
-94.9549
-94.9146
-94.832
-94.6826
-94.4398
-94.0867
-93.6241
-93.067
-92.435
-91.7444
-91.0056
-90.2228
-89.3956
-88.5193
-87.5856
-86.5826
-85.4934
-84.2939
-82.9483
-81.4007
-79.5557
-77.2307
-74.0087
-68.6132
-54.246
29.3249
49.7812
46.744
34.6836
12.7919
-3.66458
-14.942
-25.9435
-35.6785
-54.743
-89.918
-94.8614
-94.964
-94.9577
-94.9219
-94.8462
-94.7076
-94.4788
-94.1408
-93.6918
-93.1456
-92.5218
-91.8379
-91.1052
-90.3288
-89.5087
-88.641
-87.7179
-86.7281
-85.6555
-84.4775
-83.1607
-81.6533
-79.8688
-77.6445
-74.6218
-69.7683
-58.2052
8.27514
49.9792
48.9764
41.7806
22.8819
1.51299
-10.9525
-21.6382
-32.5386
-47.443
-81.4582
-94.6788
-94.9577
-94.9615
-94.9329
-94.8682
-94.7465
-94.5399
-94.2259
-93.7988
-93.2698
-92.6589
-91.985
-91.261
-90.4936
-89.6838
-88.8282
-87.92
-86.9487
-85.8996
-84.7517
-83.4749
-82.0231
-80.3206
-78.23
-75.4624
-71.2488
-62.4838
-21.6309
49.5737
49.3744
44.2728
28.5388
6.23815
-7.53454
-18.2947
-29.3969
-41.0331
-68.0275
-94
-94.9402
-94.9654
-94.947
-94.8969
-94.7976
-94.6218
-94.3429
-93.9488
-93.4467
-92.8557
-92.1968
-91.4852
-90.7297
-89.9328
-89.0925
-88.2029
-87.2545
-86.2342
-85.1232
-83.895
-82.5096
-80.9034
-78.9652
-76.4729
-72.8877
-66.3709
-44.7466
46.7841
49.4434
44.8465
30.1888
8.13817
-6.21666
-17.0866
-28.1592
-38.7607
-62.375
-93.1251
-94.9218
-94.9661
-94.9528
-94.9097
-94.8223
-94.6655
-94.4127
-94.0487
-93.5764
-93.0121
-92.3756
-91.683
-90.9444
-90.1637
-89.3402
-88.4692
-87.5426
-86.5485
-85.4705
-84.2849
-82.957
-81.4323
-79.6186
-77.3408
-74.2028
-69.0189
-55.7356
22.5992
49.8907
47.6142
37.0804
15.7401
-2.20684
-13.7755
-24.7055
-34.9019
-52.8669
-88.3921
-94.8316
-94.9628
-94.9586
-94.9245
-94.8517
-94.7177
-94.4952
-94.1643
-93.7224
-93.1826
-92.5648
-91.8871
-91.1614
-90.3934
-89.5839
-88.7291
-87.8221
-86.8523
-85.8048
-84.6586
-83.3833
-81.9323
-80.2286
-78.1322
-75.3466
-71.076
-62.0462
-18.5576
49.7884
49.4095
44.3556
28.6227
6.2269
-7.56764
-18.3327
-29.4401
-41.1186
-68.2311
-94.0178
-94.9403
-94.9651
-94.9464
-94.8957
-94.7954
-94.618
-94.3371
-93.941
-93.4373
-92.8457
-92.1872
-91.4773
-90.7247
-89.9321
-89.0975
-88.2151
-87.2759
-86.267
-85.1704
-83.9604
-82.5989
-81.0254
-79.1347
-76.7211
-73.2958
-67.2605
-48.8951
42.9503
49.5287
45.2863
31.1881
9.11105
-5.6373
-16.5842
-27.6462
-37.8732
-60.1472
-92.5244
-94.9098
-94.9657
-94.9543
-94.9133
-94.8294
-94.6783
-94.4333
-94.0783
-93.615
-93.0588
-92.4297
-91.7442
-91.013
-90.2407
-89.427
-88.568
-87.6559
-86.6799
-85.6244
-84.4675
-83.1772
-81.704
-79.9656
-77.8094
-74.9042
-70.3239
-59.9452
-3.57482
49.9744
49.3993
43.8964
27.1556
4.58869
-8.76383
-19.4485
-30.5433
-43.2698
-73.2431
-94.3736
-94.9486
-94.9636
-94.9406
-94.8839
-94.774
-94.5832
-94.2865
-93.8751
-93.3591
-92.7589
-92.0949
-91.3818
-90.6273
-89.8335
-88.9981
-88.115
-87.1751
-86.1652
-85.0669
-83.8544
-82.4887
-80.9076
-79.0033
-76.5619
-73.0705
-66.8149
-46.9241
45.2004
49.4837
45.0542
30.6612
8.59711
-5.93894
-16.8443
-27.9122
-38.3295
-61.291
-92.8569
-94.9163
-94.9659
-94.9535
-94.9113
-94.8256
-94.6714
-94.4225
-94.0633
-93.5964
-93.0377
-92.4074
-91.7219
-90.9917
-90.2213
-89.4105
-88.5552
-87.6478
-86.6777
-85.6294
-84.4815
-83.2026
-81.7443
-80.0264
-77.9011
-75.0503
-70.598
-60.7553
-9.34318
49.9556
49.4794
44.4393
28.4655
5.78247
-7.94671
-18.7018
-29.8218
-41.8581
-69.9933
-94.1645
-94.943
-94.9641
-94.9437
-94.8902
-94.7853
-94.6014
-94.3126
-93.9088
-93.3991
-92.804
-92.1444
-91.4356
-90.6861
-89.8983
-89.0703
-88.1964
-87.2679
-86.2721
-85.1917
-84.002
-82.6667
-81.1279
-79.2872
-76.9529
-73.6819
-68.0816
-52.3552
35.721
49.6607
46.0002
32.8479
10.791
-4.70102
-15.7927
-26.8306
-36.5212
-56.7977
-91.1657
-94.8846
-94.9648
-94.9564
-94.9184
-94.8395
-94.6959
-94.4609
-94.1169
-93.6639
-93.1168
-92.4958
-91.8183
-91.0959
-90.3338
-89.5325
-88.6885
-87.7951
-86.8419
-85.815
-84.6942
-83.4509
-82.0413
-80.3939
-78.3808
-75.7364
-71.7763
-63.8856
-30.8218
48.8735
49.3289
44.2532
28.8067
6.78069
-7.08996
-17.8663
-28.9501
-40.186
-65.9477
-93.7628
-94.9356
-94.9661
-94.9497
-94.9026
-94.8083
-94.6402
-94.3717
-93.9896
-93.5002
-92.9224
-92.2771
-91.5807
-90.8428
-90.067
-89.2522
-88.3936
-87.4833
-86.51
-85.4577
-84.3042
-83.0169
-81.5452
-79.8046
-77.6373
-74.6975
-70.0019
-59.0297
2.77687
49.9809
49.2352
42.9985
25.2415
3.10442
-9.7969
-20.3977
-31.4238
-45.0585
-77.0545
-94.5431
-94.9536
-94.9627
-94.937
-94.8766
-94.7612
-94.5631
-94.2588
-93.8412
-93.3215
-92.7205
-92.0582
-91.349
-90.6005
-89.8146
-88.989
-88.1182
-87.1932
-86.2016
-85.126
-83.9419
-82.6128
-81.0811
-79.2481
-76.9222
-73.6593
-68.0634
-52.3049
35.8568
49.6593
45.9966
32.8526
10.8135
-4.68122
-15.7736
-26.8093
-36.4855
-56.7107
-91.1226
-94.884
-94.9648
-94.9565
-94.9186
-94.8398
-94.6964
-94.4617
-94.1181
-93.6658
-93.1199
-92.5008
-91.8261
-91.1074
-90.3503
-89.5553
-88.7191
-87.8352
-86.8939
-85.8816
-84.7793
-83.5595
-82.1809
-80.5767
-78.6288
-76.0976
-72.3855
-65.3529
-39.494
48.4449
49.3793
44.5395
29.5416
7.57006
-6.55194
-17.3761
-28.4493
-39.272
-63.6631
-93.3976
-94.9278
-94.9663
-94.9519
-94.9074
-94.8176
-94.6568
-94.3985
-94.0286
-93.5517
-92.9856
-92.3511
-91.6649
-90.9372
-90.1721
-89.3694
-88.525
-87.6315
-86.6786
-85.6518
-84.5304
-83.2851
-81.8705
-80.2128
-78.1774
-75.4832
-71.3877
-62.9422
-24.6632
49.1195
49.3546
44.2989
28.769
6.60767
-7.24532
-18.0195
-29.1129
-40.4944
-66.709
-93.857
-94.9373
-94.9657
-94.9485
-94.9001
-94.8036
-94.6321
-94.359
-93.9719
-93.4781
-92.8973
-92.2509
-91.5554
-90.8203
-90.0491
-89.2407
-88.3906
-87.491
-86.5308
-85.4948
-84.3617
-83.1003
-81.6628
-79.9701
-77.8765
-75.0696
-70.6943
-61.0993
-11.8427
49.9377
49.4742
44.487
28.673
6.05586
-7.74291
-18.5105
-29.6292
-41.4866
-69.1096
-94.0928
-94.9414
-94.9644
-94.9447
-94.8923
-94.7893
-94.6082
-94.3232
-93.9239
-93.4194
-92.8303
-92.178
-91.4784
-90.7404
-89.9669
-89.1567
-88.3046
-87.4028
-86.4399
-85.4005
-84.2626
-82.9944
-81.5468
-79.8379
-77.716
-74.8522
-70.3276
-60.0706
-4.56297
49.9722
49.4175
44.0123
27.4282
4.82804
-8.59807
-19.2965
-30.398
-42.9812
-72.5928
-94.3371
-94.9475
-94.9636
-94.9411
-94.885
-94.7761
-94.587
-94.2928
-93.885
-93.374
-92.7807
-92.1262
-91.4256
-90.6872
-89.9139
-89.1038
-88.252
-87.3503
-86.3875
-85.3478
-84.2093
-82.9398
-81.4896
-79.7758
-77.644
-74.758
-70.1707
-59.618
-1.37812
49.9775
49.355
43.6385
26.5866
4.12597
-9.08168
-19.7394
-30.8171
-43.8183
-74.4524
-94.4342
-94.9503
-94.9633
-94.9394
-94.8814
-94.7698
-94.5769
-94.2786
-93.8672
-93.3537
-92.7592
-92.1044
-91.4042
-90.6668
-89.8947
-89.0863
-88.2365
-87.3372
-86.3771
-85.3407
-84.2061
-82.9414
-81.4973
-79.7916
-77.6717
-74.8058
-70.2651
-59.9074
-3.41222
49.9744
49.3982
43.895
27.1642
4.60728
-8.74811
-19.4333
-30.5282
-43.2392
-73.1754
-94.3698
-94.9485
-94.9635
-94.9406
-94.8839
-94.7741
-94.5838
-94.2885
-93.8799
-93.3688
-92.7763
-92.1233
-91.4251
-90.6901
-89.9209
-89.116
-88.2704
-87.3763
-86.4227
-85.3943
-84.2698
-83.0183
-81.5921
-79.9122
-77.8334
-75.0441
-70.692
-61.146
-12.2411
49.9335
49.4716
44.4862
28.6882
6.08502
-7.71946
-18.488
-29.6062
-41.4422
-69.0039
-94.084
-94.9412
-94.9644
-94.9448
-94.8925
-94.7898
-94.6091
-94.3249
-93.927
-93.4247
-92.8388
-92.1909
-91.497
-90.7662
-90.0018
-89.2026
-88.364
-87.4785
-86.5355
-85.5205
-84.4131
-83.184
-81.7886
-80.1536
-78.1469
-75.4913
-71.4612
-63.2049
-26.5147
48.6347
49.3419
44.2869
28.7968
6.68125
-7.18277
-17.9587
-29.049
-40.3734
-66.4111
-93.821
-94.9365
-94.9658
-94.9489
-94.9009
-94.8053
-94.6352
-94.3645
-93.9809
-93.4917
-92.9167
-92.2776
-91.5911
-90.8671
-90.1094
-89.3175
-88.4872
-87.6115
-86.6805
-85.6803
-84.5919
-83.3877
-82.0264
-80.4408
-78.5122
-75.9989
-72.2952
-65.2196
-38.7993
48.5418
49.3747
44.5243
29.5252
7.57365
-6.54321
-17.3662
-28.4379
-39.2506
-63.6099
-93.3882
-94.9277
-94.9663
-94.9519
-94.9075
-94.818
-94.6576
-94.4001
-94.0317
-93.5576
-92.9959
-92.3679
-91.6907
-90.9748
-90.2248
-89.4408
-88.6194
-87.754
-86.8353
-85.8504
-84.7812
-83.6024
-82.2755
-80.7394
-78.888
-76.5112
-73.1066
-67.0081
-47.8336
44.273
49.5114
45.2283
31.136
9.15626
-5.57363
-16.5167
-27.5695
-37.7365
-59.8067
-92.4228
-94.9085
-94.9658
-94.9547
-94.9141
-94.831
-94.6808
-94.4374
-94.0851
-93.6263
-93.0778
-92.4603
-91.7916
-91.083
-90.34
-89.5634
-88.7502
-87.8946
-86.9877
-86.0175
-84.9671
-83.8124
-82.5184
-81.0291
-79.2495
-76.9966
-73.8503
-68.5195
-54.0856
29.9152
49.7742
46.724
34.7111
12.9367
-3.53537
-14.8183
-25.8038
-35.5884
-54.5223
-89.7668
-94.8594
-94.9641
-94.958
-94.9224
-94.8474
-94.71
-94.4834
-94.1493
-93.707
-93.1716
-92.564
-91.903
-91.201
-90.4646
-89.6951
-88.8902
-88.0445
-87.1499
-86.1948
-85.1636
-84.034
-82.7736
-81.3317
-79.6237
-77.491
-74.5848
-69.9083
-58.8438
4.08141
49.9811
49.1951
42.8254
24.9485
2.94434
-9.89771
-20.4872
-31.5011
-45.217
-77.3757
-94.5554
-94.9541
-94.9627
-94.9368
-94.8762
-94.7606
-94.5624
-94.2588
-93.8434
-93.3284
-92.7353
-92.0846
-91.3912
-90.6631
-89.903
-89.1094
-88.2775
-87.4
-86.4663
-85.4623
-84.3679
-83.1544
-81.7781
-80.1675
-78.194
-75.5901
-71.6629
-63.7501
-30.0456
48.842
49.3339
44.2854
28.8918
6.87263
-7.02595
-17.8075
-28.8904
-40.0761
-65.6765
-93.726
-94.9347
-94.9661
-94.9498
-94.9029
-94.809
-94.6418
-94.3751
-93.9964
-93.5129
-92.944
-92.3115
-91.6325
-90.917
-90.1694
-89.3895
-88.5737
-87.7155
-86.8057
-85.8316
-84.7756
-83.6128
-82.3061
-80.7965
-78.982
-76.6633
-73.3701
-67.5887
-50.4091
40.3862
49.5829
45.6042
32.0034
10.0307
-5.07144
-16.0876
-27.1269
-36.9974
-57.9707
-91.729
-94.8957
-94.9654
-94.9559
-94.9171
-94.8368
-94.6912
-94.4541
-94.109
-93.6573
-93.1154
-92.5043
-91.8421
-91.1408
-90.4063
-89.6397
-88.8386
-87.9976
-87.1085
-86.16
-85.1366
-84.0162
-82.7669
-81.3389
-79.649
-77.542
-74.6785
-70.098
-59.4406
0.0269896
49.979
49.3291
43.5219
26.3971
4.03447
-9.12903
-19.778
-30.8491
-43.8801
-74.5884
-94.4412
-94.9507
-94.9634
-94.9395
-94.8816
-94.7701
-94.5776
-94.2802
-93.8708
-93.3609
-92.7722
-92.1259
-91.4372
-90.7148
-89.9616
-89.1764
-88.3549
-87.4899
-86.5716
-85.5865
-84.5159
-83.333
-81.9976
-80.4446
-78.5597
-76.1119
-72.5316
-65.8217
-42.1144
47.8438
49.415
44.7335
30.0104
8.05336
-6.2382
-17.0952
-28.1615
-38.7597
-62.3755
-93.1313
-94.9224
-94.9662
-94.9528
-94.9097
-94.8222
-94.6653
-94.413
-94.0512
-93.5846
-93.0312
-92.4124
-91.7453
-91.0412
-90.3052
-89.5379
-88.7365
-87.8952
-87.0058
-86.0567
-85.0318
-83.909
-82.6553
-81.2197
-79.5162
-77.3831
-74.4626
-69.7218
-58.2831
7.85153
49.9796
49.0228
42.0469
23.4953
2.00171
-10.5671
-21.205
-32.1494
-46.5921
-79.9893
-94.6396
-94.9567
-94.9621
-94.9346
-94.8717
-94.7529
-94.5509
-94.2435
-93.8256
-93.31
-92.7184
-92.0713
-91.3832
-90.6621
-89.9108
-89.1279
-88.3089
-87.4469
-86.5321
-85.5508
-84.4844
-83.3064
-81.9766
-80.4303
-78.5535
-76.1164
-72.5527
-65.8822
-42.4234
47.7468
49.4207
44.7673
30.0984
8.15139
-6.17291
-17.0363
-28.1005
-38.6514
-62.1042
-93.0691
-94.9212
-94.9662
-94.9531
-94.9102
-94.8232
-94.667
-94.4156
-94.0551
-93.5899
-93.0382
-92.4212
-91.7566
-91.0554
-90.323
-89.5602
-88.7641
-87.9292
-87.0476
-86.1079
-85.0947
-83.9865
-82.7517
-81.3416
-79.675
-77.6007
-74.7907
-70.3289
-60.1584
-5.00005
49.9711
49.4344
44.1494
27.8192
5.24183
-8.29716
-19.0161
-30.124
-42.44
-71.3521
-94.2606
-94.9456
-94.964
-94.9425
-94.8878
-94.7812
-94.5955
-94.306
-93.9042
-93.4011
-92.8184
-92.178
-91.4957
-90.7808
-90.0366
-89.2623
-88.4541
-87.6053
-86.7068
-85.746
-84.7056
-83.5613
-82.2769
-80.795
-79.0171
-76.7518
-73.5532
-68.0159
-52.2329
36.034
49.6609
46.032
33.007
11.0681
-4.50382
-15.6119
-26.6337
-36.2045
-56.0236
-90.7537
-94.8782
-94.9649
-94.9571
-94.9201
-94.8427
-94.7017
-94.4706
-94.1325
-93.6881
-93.1534
-92.5497
-91.8958
-91.2041
-90.4811
-89.7285
-88.9442
-88.1236
-87.2592
-86.3407
-85.3541
-84.28
-83.0904
-81.7425
-80.167
-78.2396
-75.7038
-71.9032
-64.3816
-33.888
48.8802
49.3465
44.3899
29.2328
7.30597
-6.71035
-17.5137
-28.5864
-39.5166
-64.2787
-93.5111
-94.9304
-94.9663
-94.9513
-94.9062
-94.8153
-94.6527
-94.3923
-94.0214
-93.5463
-92.9866
-92.3643
-91.6967
-90.9947
-90.2631
-89.5024
-88.7095
-87.879
-87.0026
-86.0691
-85.0633
-83.9637
-82.7394
-81.3421
-79.6919
-77.6408
-74.8686
-70.4895
-60.6502
-8.50694
49.9593
49.4804
44.4681
28.6003
5.97578
-7.79907
-18.5622
-29.6806
-41.5841
-69.3388
-94.1102
-94.9417
-94.9643
-94.9443
-94.8916
-94.7883
-94.607
-94.3228
-93.9263
-93.4281
-92.8498
-92.2137
-91.536
-90.8264
-90.0886
-89.322
-88.523
-87.6855
-86.8006
-85.8564
-84.8367
-83.7186
-82.4686
-81.0341
-79.3263
-77.1766
-74.2074
-69.3046
-56.9847
15.7797
49.9558
48.4218
39.7185
19.5905
-0.223145
-12.2203
-23.0169
-33.6665
-49.9683
-85.2049
-94.7676
-94.9608
-94.9603
-94.9291
-94.861
-94.7346
-94.5231
-94.2065
-93.7818
-93.2632
-92.672
-92.0282
-91.3459
-90.6327
-89.8911
-89.1199
-88.315
-87.4695
-86.5744
-85.6168
-84.5793
-83.4374
-82.1539
-80.6705
-78.8859
-76.6014
-73.3501
-67.6301
-50.6479
39.8785
49.5945
45.6768
32.2001
10.2672
-4.92444
-15.9583
-26.9902
-36.7707
-57.4114
-91.4806
-94.8915
-94.9654
-94.9564
-94.9181
-94.8387
-94.6946
-94.4597
-94.1178
-93.6707
-93.1349
-92.5319
-91.8803
-91.1924
-90.4747
-89.7287
-88.9526
-88.1418
-87.2891
-86.3848
-85.4153
-84.3621
-83.1988
-81.8854
-80.3574
-78.5011
-76.0873
-72.5505
-65.9147
-42.5415
47.7113
49.4276
44.8197
30.2602
8.35725
-6.02918
-16.9044
-27.9622
-38.4068
-61.4886
-92.9189
-94.9185
-94.9663
-94.9537
-94.9115
-94.8257
-94.6713
-94.4223
-94.0648
-93.6032
-93.056
-92.4448
-91.7876
-91.0958
-90.3752
-89.6266
-88.848
-88.0342
-87.1778
-86.2688
-85.2932
-84.2318
-83.057
-81.7271
-80.174
-78.2764
-75.7852
-72.0702
-64.8123
-36.4381
48.7713
49.3636
44.4912
29.5027
7.6081
-6.50247
-17.3238
-28.3908
-39.1631
-63.3924
-93.3498
-94.9272
-94.9664
-94.9522
-94.908
-94.8189
-94.6592
-94.4028
-94.0368
-93.5671
-93.0132
-92.397
-91.7363
-91.0422
-90.3201
-89.5705
-88.7909
-87.9763
-87.119
-86.2087
-85.2313
-84.1674
-82.9888
-81.653
-80.0904
-78.1763
-75.6531
-71.8601
-64.3153
-33.466
48.8864
49.3476
44.4017
29.2732
7.35875
-6.67161
-17.4775
-28.5488
-39.4481
-64.1077
-93.4821
-94.9299
-94.9663
-94.9515
-94.9065
-94.816
-94.654
-94.3947
-94.0253
-93.5524
-92.9959
-92.378
-91.7164
-91.022
-90.2999
-89.5509
-88.7722
-87.9587
-87.1028
-86.1941
-85.2187
-84.157
-82.981
-81.6483
-80.0896
-78.1806
-75.6651
-71.8865
-64.387
-33.9088
48.8785
49.3494
44.4132
29.3053
7.39618
-6.64533
-17.4534
-28.5239
-39.4027
-63.9942
-93.4619
-94.9295
-94.9664
-94.9516
-94.9068
-94.8165
-94.6549
-94.3962
-94.0275
-93.5556
-93.0001
-92.3832
-91.7228
-91.0298
-90.3095
-89.5625
-88.7862
-87.9755
-87.123
-86.2184
-85.248
-84.1926
-83.0247
-81.7027
-80.159
-78.2733
-75.7986
-72.1115
-64.9311
-37.1348
48.7165
49.3696
44.525
29.5882
7.70001
-6.44087
-17.268
-28.3334
-39.0602
-63.1336
-93.2982
-94.9261
-94.9664
-94.9524
-94.9086
-94.8199
-94.6611
-94.406
-94.0417
-93.5741
-93.0225
-92.4091
-91.7517
-91.0616
-90.3442
-89.6003
-88.8276
-88.0211
-87.1737
-86.2752
-85.3124
-84.2665
-83.1109
-81.8057
-80.286
-78.4373
-76.0288
-72.4885
-65.8063
-41.9749
47.8861
49.4217
44.7953
30.218
8.3309
-6.04006
-16.9122
-27.969
-38.4178
-61.5167
-92.9272
-94.9188
-94.9663
-94.9537
-94.9115
-94.8257
-94.6714
-94.4227
-94.0657
-93.6052
-93.0599
-92.4516
-91.7985
-91.1122
-90.3985
-89.6585
-88.8902
-88.089
-87.2477
-86.3568
-85.4033
-84.3693
-83.2293
-81.945
-80.4554
-78.6536
-76.3273
-72.9657
-66.8607
-47.2126
44.8972
49.506
45.2286
31.2077
9.31279
-5.44905
-16.3983
-27.4408
-37.5141
-59.2532
-92.2399
-94.9058
-94.966
-94.9553
-94.9154
-94.8333
-94.6851
-94.4447
-94.0971
-93.6456
-93.1078
-92.5055
-91.8571
-91.1749
-90.4651
-89.7293
-88.9658
-88.1701
-87.3357
-86.4531
-85.51
-84.4892
-83.3663
-82.1053
-80.6489
-78.8982
-76.6604
-73.4854
-67.9475
-51.9507
36.8478
49.6511
46.0015
33.0021
11.1529
-4.4183
-15.5269
-26.5379
-36.0538
-55.6548
-90.5442
-94.8753
-94.965
-94.9577
-94.9212
-94.8447
-94.7051
-94.4762
-94.1408
-93.7003
-93.171
-92.575
-91.9315
-91.2533
-90.5476
-89.8162
-89.0578
-88.2683
-87.4413
-86.5681
-85.6365
-84.6303
-83.5266
-82.2915
-80.8717
-79.177
-77.0347
-74.0552
-69.0738
-56.2061
20.2133
49.9212
47.9671
38.2662
17.539
-1.20779
-12.959
-23.8121
-34.2616
-51.3457
-86.8656
-94.803
-94.9622
-94.9599
-94.9275
-94.8577
-94.7287
-94.5141
-94.1946
-93.7686
-93.251
-92.6638
-92.0269
-91.3543
-90.6539
-89.9282
-89.1762
-88.3944
-87.5767
-86.7147
-85.7973
-84.809
-83.7284
-82.5243
-81.1482
-79.5193
-77.487
-74.7247
-70.3188
-60.2316
-5.48096
49.9697
49.4466
44.2428
28.0743
5.50583
-8.10926
-18.8423
-29.9532
-42.1064
-70.574
-94.2065
-94.9442
-94.9641
-94.9432
-94.8893
-94.7842
-94.6006
-94.3144
-93.9175
-93.4214
-92.8484
-92.2208
-91.5552
-90.8611
-90.1425
-89.3993
-88.6285
-87.8245
-86.9797
-86.084
-85.1233
-84.0787
-82.9228
-81.614
-80.0851
-78.2156
-75.7595
-72.0944
-64.947
-37.2925
48.6958
49.3708
44.5303
29.5981
7.70738
-6.43695
-17.2648
-28.3303
-39.0549
-63.1204
-93.2953
-94.9261
-94.9664
-94.9524
-94.9085
-94.8199
-94.6612
-94.4068
-94.0438
-93.5786
-93.0306
-92.4222
-91.7711
-91.089
-90.3813
-89.6491
-88.8905
-88.1008
-87.2734
-86.3989
-85.4651
-84.4551
-83.3448
-82.099
-80.6614
-78.9356
-76.7345
-73.6249
-68.2561
-53.1992
33.1206
49.7195
46.4039
33.9864
12.2327
-3.84084
-15.0482
-26.0361
-35.7155
-54.8311
-90.0003
-94.865
-94.9647
-94.9582
-94.9226
-94.8476
-94.7106
-94.4853
-94.1545
-93.7187
-93.1943
-92.6032
-91.965
-91.293
-90.5943
-89.8714
-89.123
-88.3454
-87.5326
-86.6763
-85.7654
-84.7846
-83.7128
-82.5191
-81.1557
-79.5431
-77.5337
-74.8089
-70.4857
-60.7283
-8.96858
49.9568
49.4909
44.5588
28.8668
6.27472
-7.58791
-18.3673
-29.4854
-41.2113
-68.4427
-94.0297
-94.9398
-94.9644
-94.9452
-94.8935
-94.7918
-94.613
-94.3324
-93.9411
-93.4499
-92.8813
-92.2578
-91.5964
-90.9072
-90.1945
-89.4582
-88.6957
-87.9017
-87.0691
-86.1879
-85.2452
-84.223
-83.0957
-81.8252
-80.3501
-78.5631
-76.2508
-72.8984
-66.7786
-46.9025
45.1672
49.4999
45.1964
31.1315
9.23341
-5.49717
-16.4402
-27.4843
-37.5875
-59.4362
-92.3035
-94.9069
-94.966
-94.9551
-94.915
-94.8327
-94.6842
-94.4439
-94.0972
-93.6478
-93.1135
-92.5163
-91.8749
-91.2015
-90.5026
-89.7799
-89.0322
-88.2553
-87.4431
-86.5873
-85.6763
-84.6949
-83.6215
-82.4245
-81.0551
-79.4313
-77.4004
-74.6284
-70.1749
-59.816
-2.44732
49.9758
49.3974
43.9468
27.4123
4.94434
-8.48323
-19.1809
-30.2789
-42.7401
-72.0456
-94.3048
-94.9469
-94.964
-94.942
-94.8869
-94.7799
-94.594
-94.3054
-93.907
-93.4108
-92.8395
-92.2152
-91.5544
-90.8668
-90.1561
-89.4224
-88.6629
-87.8723
-87.0434
-86.1664
-85.2286
-84.212
-83.0913
-81.8288
-80.3639
-78.5907
-76.2996
-72.9873
-66.9815
-47.8492
44.2006
49.5203
45.3048
31.3865
9.49722
-5.3396
-16.3036
-27.3429
-37.3496
-58.8445
-92.0903
-94.903
-94.9659
-94.9556
-94.916
-94.8347
-94.6877
-94.4495
-94.1053
-93.6584
-93.1266
-92.5319
-91.893
-91.2225
-90.5269
-89.8083
-89.0652
-88.2939
-87.4885
-86.6406
-85.7394
-84.77
-83.7117
-82.5342
-81.1912
-79.6057
-77.6358
-74.9783
-70.8078
-61.6619
-15.6039
49.8819
49.46
44.5986
29.2251
6.84878
-7.14505
-17.9478
-29.0536
-40.3937
-66.4524
-93.8179
-94.9355
-94.9651
-94.9478
-94.8989
-94.8016
-94.6294
-94.3569
-93.9742
-93.491
-92.9294
-92.3123
-91.6574
-90.9751
-90.2703
-89.5433
-88.7918
-88.0109
-87.194
-86.3319
-85.4123
-84.4189
-83.3284
-82.1066
-80.6993
-79.0143
-76.8745
-73.8766
-68.7981
-55.2931
24.7281
49.8643
47.4221
36.6624
15.4121
-2.24414
-13.7655
-24.6774
-34.8676
-52.7815
-88.3291
-94.8323
-94.9633
-94.9592
-94.9255
-94.8538
-94.722
-94.5041
-94.182
-93.7552
-93.2393
-92.6564
-92.0266
-91.3638
-90.6757
-89.9651
-89.2312
-88.4709
-87.6786
-86.8469
-85.9655
-85.0211
-83.9948
-82.8598
-81.5754
-80.076
-78.2443
-75.8425
-72.2744
-65.4052
-39.8218
48.3717
49.4011
44.7049
30.0463
8.20064
-6.10737
-16.9669
-28.0222
-38.5083
-61.7456
-92.9881
-94.9202
-94.9664
-94.9536
-94.9112
-94.8251
-94.6703
-94.4212
-94.0646
-93.6064
-93.0658
-92.4655
-91.8238
-91.1524
-90.4576
-89.7406
-89.0001
-88.232
-87.4303
-86.5867
-85.6903
-84.7261
-83.6736
-82.5027
-81.1672
-79.5906
-77.6316
-74.9888
-70.844
-61.7783
-16.4145
49.862
49.4534
44.594
29.2557
6.91591
-7.09008
-17.8948
-28.9981
-40.2895
-66.1965
-93.7863
-94.9349
-94.9652
-94.9481
-94.8996
-94.803
-94.6319
-94.3609
-93.9799
-93.4987
-92.9394
-92.325
-91.6732
-90.9947
-90.2943
-89.5727
-88.8276
-88.0544
-87.2465
-86.3952
-85.4888
-84.5116
-83.4414
-82.2458
-80.8744
-79.2421
-77.1885
-74.3581
-69.7264
-58.4726
6.6847
49.9802
49.0977
42.4237
24.2842
2.58885
-10.1241
-20.7133
-31.7
-45.6297
-78.1931
-94.5844
-94.9552
-94.9628
-94.9366
-94.8757
-94.7604
-94.5637
-94.264
-93.8567
-93.3555
-92.783
-92.1608
-91.5044
-90.823
-90.1201
-89.3957
-88.647
-87.8689
-87.0545
-86.1947
-85.277
-84.2848
-83.1942
-81.97
-80.5565
-78.858
-76.6891
-73.6209
-68.3213
-53.5225
31.9727
49.7413
46.5439
34.348
12.6559
-3.61326
-14.8594
-25.8361
-35.5977
-54.5438
-89.7951
-94.8612
-94.9645
-94.9584
-94.923
-94.8486
-94.7127
-94.4892
-94.1612
-93.7296
-93.2107
-92.627
-91.9981
-91.3377
-90.6532
-89.9473
-89.2193
-88.466
-87.682
-86.8601
-85.9903
-85.0597
-84.0501
-82.9359
-81.6783
-80.2154
-78.438
-76.1277
-72.7526
-66.5032
-45.5363
46.2489
49.4807
45.1183
31.0053
9.16971
-5.51067
-16.4436
-27.483
-37.581
-59.4203
-92.3028
-94.9074
-94.9662
-94.9554
-94.9153
-94.8332
-94.6848
-94.4446
-94.0983
-93.6502
-93.1187
-92.5262
-91.8916
-91.2274
-90.54
-89.8317
-89.1012
-88.3449
-87.5572
-86.7305
-85.8547
-84.9159
-83.8954
-82.7662
-81.4872
-79.9918
-78.1612
-75.7526
-72.1541
-65.1458
-38.3291
48.5908
49.3886
44.6487
29.9346
8.10863
-6.15871
-17.0101
-28.0651
-38.5821
-61.9318
-93.0346
-94.9212
-94.9665
-94.9535
-94.911
-94.8247
-94.6695
-94.4198
-94.0628
-93.6046
-93.0649
-92.4666
-91.8282
-91.1615
-90.4726
-89.7631
-89.0315
-88.2741
-87.4851
-86.6566
-85.7783
-84.8361
-83.8109
-82.6749
-81.3857
-79.8746
-78.0175
-75.5582
-71.8398
-64.3964
-33.9002
48.875
49.359
44.4885
29.5394
7.68903
-6.43571
-17.2594
-28.3221
-39.0381
-63.0794
-93.2897
-94.9262
-94.9665
-94.9525
-94.9087
-94.8202
-94.6616
-94.4073
-94.045
-93.5818
-93.0382
-92.4371
-91.7968
-91.1291
-90.4398
-89.7303
-88.9989
-88.2418
-87.4532
-86.6251
-85.7471
-84.8051
-83.7799
-82.6433
-81.353
-79.8394
-77.9773
-75.5073
-71.7606
-64.208
-32.7407
48.8872
49.3553
44.4652
29.4723
7.6086
-6.49218
-17.3113
-28.376
-39.1352
-63.324
-93.3384
-94.9271
-94.9664
-94.9523
-94.9082
-94.8192
-94.6598
-94.4045
-94.041
-93.5769
-93.0326
-92.4312
-91.7911
-91.1239
-90.4354
-89.7269
-88.9969
-88.2414
-87.4547
-86.6289
-85.7535
-84.8147
-83.7933
-82.6616
-81.3776
-79.8729
-78.024
-75.5771
-71.8817
-64.5105
-34.597
48.856
49.3623
44.5089
29.5951
7.75316
-6.39162
-17.2191
-28.2803
-38.9633
-62.8912
-93.2509
-94.9254
-94.9665
-94.9527
-94.9091
-94.821
-94.6631
-94.4098
-94.0487
-93.5869
-93.0448
-92.4453
-91.807
-91.1415
-90.4547
-89.7482
-89.0205
-88.2676
-87.484
-86.6619
-85.7911
-84.8579
-83.8435
-82.721
-81.4493
-79.9621
-78.141
-75.7435
-72.1598
-65.1799
-38.5224
48.5655
49.3913
44.6652
29.9791
8.16023
-6.12365
-16.9782
-28.0319
-38.5236
-61.7843
-92.9988
-94.9205
-94.9665
-94.9537
-94.9113
-94.8253
-94.6706
-94.4218
-94.066
-93.6093
-93.0716
-92.4758
-91.8404
-91.1775
-90.4932
-89.7893
-89.0645
-88.315
-87.5354
-86.7182
-85.8534
-84.9276
-83.9227
-82.8126
-81.5579
-80.0951
-78.3121
-75.983
-72.5513
-66.0831
-43.4136
47.3743
49.4498
44.9671
30.6779
8.8635
-5.6864
-16.5934
-27.6358
-37.8382
-60.0623
-92.5159
-94.9114
-94.9663
-94.955
-94.9144
-94.8313
-94.6813
-94.4391
-94.0908
-93.6413
-93.1096
-92.5185
-91.8869
-91.227
-90.5456
-89.8447
-89.1232
-88.3777
-87.6028
-86.7911
-85.9333
-85.0162
-84.0225
-82.9269
-81.6921
-80.2579
-78.5196
-76.2695
-73.0095
-67.0902
-48.3034
43.6765
49.5367
45.4155
31.706
9.90056
-5.07457
-16.0659
-27.0906
-36.9254
-57.7933
-91.6664
-94.896
-94.9659
-94.9566
-94.9182
-94.8388
-94.6949
-94.4609
-94.1217
-93.6807
-93.1559
-92.5699
-91.9422
-91.2855
-90.6071
-89.9093
-89.1913
-88.4499
-87.6799
-86.8744
-86.0241
-85.1165
-84.1347
-83.0548
-81.8414
-80.4381
-78.7473
-76.5799
-73.4944
-68.1019
-52.6363
34.9172
49.6905
46.2526
33.6755
11.9722
-3.93848
-15.1151
-26.0993
-35.7455
-54.9028
-90.059
-94.867
-94.965
-94.9584
-94.9229
-94.8482
-94.7117
-94.4877
-94.1593
-93.7281
-93.211
-92.6306
-92.007
-91.3538
-90.6785
-89.9841
-89.2698
-88.5329
-87.7684
-86.9696
-86.1275
-85.2302
-84.2616
-83.1989
-82.0087
-80.6384
-78.9984
-76.9178
-74.0101
-69.1228
-56.4654
18.9112
49.9343
48.1424
38.8804
18.514
-0.653332
-12.5121
-23.3204
-33.8879
-50.4729
-85.8553
-94.7833
-94.9618
-94.9606
-94.9293
-94.8613
-94.7353
-94.5253
-94.2122
-93.7947
-93.2883
-92.7157
-92.0976
-91.4488
-90.7776
-90.0874
-89.378
-88.6468
-87.8893
-87.0989
-86.2672
-85.3829
-84.4309
-83.3898
-82.2289
-80.8999
-79.3228
-77.3476
-74.6489
-70.3171
-60.3348
-6.04848
49.9678
49.4627
44.3741
28.4496
5.91321
-7.81868
-18.5732
-29.6861
-41.5902
-69.3503
-94.1098
-94.9418
-94.9644
-94.9445
-94.892
-94.7893
-94.6095
-94.3288
-93.9395
-93.4535
-92.8938
-92.2837
-91.6401
-90.9734
-90.2881
-89.5849
-88.8616
-88.1142
-87.3366
-86.521
-85.6572
-84.7314
-83.7246
-82.6098
-81.3457
-79.8652
-78.0484
-75.6491
-72.044
-64.9521
-37.2668
48.693
49.3798
44.6039
29.8302
8.00344
-6.22604
-17.07
-28.1266
-38.6905
-62.2049
-93.0994
-94.9225
-94.9665
-94.9533
-94.9105
-94.8236
-94.6679
-94.418
-94.0614
-93.6049
-93.0687
-92.4758
-91.8447
-91.1876
-90.5106
-89.8155
-89.1012
-88.3642
-87.5992
-86.7992
-85.9549
-85.0539
-84.0794
-83.0076
-81.803
-80.4096
-78.7306
-76.5777
-73.5129
-68.1621
-52.8898
34.1412
49.705
46.3418
33.9025
12.2351
-3.79402
-14.9942
-25.9713
-35.671
-54.7213
-89.9315
-94.8647
-94.9649
-94.9586
-94.9233
-94.849
-94.7133
-94.4904
-94.1638
-93.7345
-93.2199
-92.6425
-92.0224
-91.3734
-90.7033
-90.0149
-89.308
-88.5796
-87.8252
-87.0382
-86.2102
-85.3299
-84.3821
-83.3455
-82.1892
-80.865
-79.2924
-77.3211
-74.624
-70.2846
-60.2398
-5.31093
49.9698
49.4542
44.3231
28.3415
5.82675
-7.87278
-18.6211
-29.7322
-41.6772
-69.5566
-94.1267
-94.9423
-94.9644
-94.9444
-94.8918
-94.7889
-94.609
-94.3283
-93.9391
-93.4538
-92.8955
-92.2872
-91.6462
-90.9827
-90.3013
-89.6028
-88.885
-88.144
-87.374
-86.5674
-85.7142
-84.8013
-83.8104
-82.7158
-81.4782
-80.0351
-78.2752
-75.9756
-72.5884
-66.2234
-44.1875
47.0116
49.4613
45.0263
30.8128
8.99772
-5.60584
-16.5235
-27.5639
-37.7162
-59.7579
-92.4181
-94.9096
-94.9663
-94.9552
-94.9148
-94.8322
-94.6833
-94.4429
-94.0972
-93.6514
-93.1244
-92.5391
-91.9145
-91.2632
-90.5921
-89.9034
-89.1963
-88.4678
-87.7129
-86.925
-86.0954
-85.2124
-84.2605
-83.2177
-82.0517
-80.7125
-79.1149
-77.0989
-74.3088
-69.7177
-58.4834
6.80236
49.9801
49.1048
42.4958
24.5024
2.80758
-9.94836
-20.5206
-31.5181
-45.2443
-77.4392
-94.5594
-94.9546
-94.9631
-94.9376
-94.8778
-94.7641
-94.57
-94.2739
-93.8715
-93.3769
-92.8134
-92.2031
-91.5618
-90.899
-90.2188
-89.5215
-88.8048
-88.0648
-87.2955
-86.4892
-85.636
-84.7223
-83.7297
-82.6319
-81.389
-79.9365
-78.1596
-75.8258
-72.3566
-65.7055
-41.4648
48.0077
49.4256
44.8478
30.4157
8.61403
-5.83423
-16.7211
-27.7664
-38.0616
-60.6233
-92.6879
-94.9147
-94.9664
-94.9546
-94.9134
-94.8293
-94.678
-94.4342
-94.0848
-93.6357
-93.1064
-92.5199
-91.8951
-91.2445
-90.5747
-89.8878
-89.1831
-88.4574
-87.7058
-86.9217
-86.0965
-85.2186
-84.2728
-83.2374
-82.0807
-80.7536
-79.173
-77.1835
-74.4425
-69.9741
-59.3044
1.28611
49.9796
49.3161
43.5261
26.5661
4.31852
-8.8918
-19.5482
-30.623
-43.4189
-73.5814
-94.3923
-94.9496
-94.9639
-94.941
-94.8847
-94.7763
-94.5892
-94.3006
-93.905
-93.4156
-92.8558
-92.2483
-91.6095
-90.9495
-90.2724
-89.5789
-88.8669
-88.1325
-87.37
-86.572
-85.7289
-84.8277
-83.851
-82.7737
-81.5585
-80.1454
-78.4299
-76.2041
-72.9694
-67.0746
-48.2921
43.6653
49.5377
45.4247
31.7369
9.94371
-5.04519
-16.0393
-27.0621
-36.8777
-57.6754
-91.6147
-94.8952
-94.9659
-94.9566
-94.9184
-94.8392
-94.6959
-94.463
-94.126
-93.6883
-93.1685
-92.5892
-91.9701
-91.3242
-90.6589
-89.9768
-89.2774
-88.558
-87.8139
-87.0389
-86.2249
-85.3609
-84.4324
-83.4194
-82.2924
-81.0067
-79.4878
-77.5993
-75.0518
-71.0698
-62.4949
-21.3044
49.6009
49.4127
44.5735
29.4645
7.35485
-6.73395
-17.5528
-28.638
-39.62
-64.5361
-93.5496
-94.9305
-94.9658
-94.9503
-94.9042
-94.8116
-94.6466
-94.3841
-94.0136
-93.5447
-92.9995
-92.4018
-91.77
-91.1155
-90.4439
-89.7566
-89.0521
-88.3268
-87.5756
-86.7917
-85.9661
-85.0871
-84.1388
-83.0988
-81.9345
-80.5945
-78.9916
-76.9606
-74.1307
-69.4139
-57.5169
12.8761
49.9694
48.7205
40.9119
21.6952
1.06873
-11.2095
-21.8975
-32.7392
-47.8735
-82.1823
-94.7001
-94.9591
-94.962
-94.9334
-94.8694
-94.7497
-94.5481
-94.2446
-93.8368
-93.3395
-92.7759
-92.1675
-91.5297
-90.8715
-90.1969
-89.506
-88.7968
-88.0652
-87.3056
-86.5106
-85.6705
-84.7724
-83.7987
-82.7243
-81.5116
-80.1003
-78.3848
-76.1549
-72.9046
-66.9461
-47.6848
44.3771
49.5259
45.3702
31.6286
9.85407
-5.08804
-16.0729
-27.0953
-36.9309
-57.8074
-91.6758
-94.8965
-94.966
-94.9566
-94.9183
-94.8389
-94.6952
-94.4619
-94.1244
-93.6865
-93.167
-92.5887
-91.971
-91.3274
-90.6649
-89.9863
-89.2911
-88.5766
-87.8383
-87.0702
-86.2643
-85.41
-84.4932
-83.4947
-82.3863
-81.1253
-79.6416
-77.8082
-75.3602
-71.6101
-63.9186
-30.8264
48.861
49.3607
44.5043
29.5834
7.73917
-6.40132
-17.228
-28.2896
-38.9801
-62.9343
-93.261
-94.9257
-94.9665
-94.9526
-94.9089
-94.8205
-94.6622
-94.4085
-94.048
-93.5885
-93.0516
-92.4607
-91.8346
-91.1853
-90.5188
-89.837
-89.1387
-88.4208
-87.6783
-86.9047
-86.0916
-85.2279
-84.2987
-83.2834
-82.1516
-80.8568
-79.3212
-77.4007
-74.7851
-70.6218
-61.2683
-12.6183
49.9282
49.4928
44.7134
29.4412
7.01734
-7.04811
-17.8648
-28.9729
-40.2469
-66.0868
-93.7679
-94.9341
-94.965
-94.9479
-94.8992
-94.8025
-94.6314
-94.3615
-93.9835
-93.5085
-92.9595
-92.3603
-91.7288
-91.0762
-90.4076
-89.7241
-89.0243
-88.3045
-87.5597
-86.783
-85.9657
-85.0965
-84.1596
-83.1336
-81.9868
-80.6696
-79.0991
-77.1186
-74.383
-69.9064
-59.1416
2.35201
49.98
49.2831
43.3526
26.1995
4.0298
-9.0916
-19.7315
-30.7951
-43.764
-74.3418
-94.4302
-94.9507
-94.9637
-94.9403
-94.8833
-94.774
-94.5858
-94.2966
-93.9012
-93.4133
-92.8563
-92.2528
-91.6195
-90.9662
-90.2972
-89.6133
-88.9127
-88.1915
-87.4445
-86.6648
-85.8432
-84.9679
-84.0229
-82.9856
-81.8226
-80.4815
-78.8729
-76.8261
-73.9549
-69.1058
-56.4836
18.8043
49.9354
48.1634
38.9687
18.6772
-0.546801
-12.4235
-23.2215
-33.8095
-50.2915
-85.6345
-94.779
-94.9617
-94.9608
-94.9298
-94.8622
-94.7372
-94.529
-94.2189
-93.8059
-93.3059
-92.7421
-92.1353
-91.5007
-90.8468
-90.1775
-89.4928
-88.7907
-88.0673
-87.3172
-86.533
-85.7056
-84.8225
-83.8668
-82.8148
-81.631
-80.259
-78.6011
-76.467
-73.412
-68.0301
-52.4038
35.5914
49.681
46.2137
33.6224
11.9704
-3.91281
-15.0848
-26.0629
-35.7206
-54.8423
-90.0229
-94.8669
-94.9651
-94.9586
-94.9233
-94.8489
-94.7132
-94.4907
-94.1652
-93.7386
-93.2285
-92.6579
-92.047
-91.4098
-90.7542
-90.0834
-89.3973
-88.6936
-87.968
-87.2151
-86.4273
-85.595
-84.7053
-83.7409
-82.6767
-81.4755
-80.0773
-78.3774
-76.1675
-72.9473
-67.0554
-48.1605
43.8433
49.5387
45.4475
31.8343
10.0986
-4.93347
-15.9362
-26.9506
-36.691
-57.2144
-91.4048
-94.892
-94.966
-94.9572
-94.9195
-94.8412
-94.6992
-94.4681
-94.1332
-93.6982
-93.1816
-92.6067
-91.9931
-91.3544
-90.6979
-90.0264
-89.3398
-88.6354
-87.9091
-87.1551
-86.3657
-85.5313
-84.6388
-83.6702
-82.6003
-81.3905
-79.9793
-78.2576
-76.0076
-72.6973
-66.5121
-45.5608
46.2243
49.4895
45.1945
31.2573
9.51541
-5.27053
-16.2242
-27.2491
-37.1829
-58.431
-91.9404
-94.9015
-94.9663
-94.9563
-94.9174
-94.8372
-94.692
-94.4566
-94.117
-93.6777
-93.158
-92.5811
-91.9665
-91.3273
-90.6708
-89.9996
-89.3133
-88.6094
-87.8835
-87.1298
-86.3408
-85.5067
-84.6143
-83.6457
-82.5753
-81.3645
-79.9512
-78.2255
-75.9671
-72.636
-66.3797
-44.8995
46.6377
49.479
45.1417
31.1384
9.39755
-5.33919
-16.2831
-27.3099
-37.284
-58.6816
-92.0393
-94.9033
-94.9663
-94.9562
-94.917
-94.8364
-94.6906
-94.4543
-94.1136
-93.6736
-93.1534
-92.5763
-91.9618
-91.323
-90.6671
-89.9967
-89.3113
-88.6085
-87.8839
-87.1318
-86.3446
-85.5125
-84.6226
-83.657
-82.5903
-81.3844
-79.9778
-78.262
-76.0204
-72.7251
-66.5802
-45.8928
45.9913
49.4954
45.2269
31.3353
9.59899
-5.21937
-16.1795
-27.2024
-37.1051
-58.2375
-91.8622
-94.9002
-94.9662
-94.9565
-94.9178
-94.8379
-94.6933
-94.4587
-94.1199
-93.6817
-93.163
-92.5872
-91.9738
-91.336
-90.6812
-90.0119
-89.328
-88.6268
-87.9042
-87.1545
-86.3702
-85.5416
-84.6559
-83.6957
-82.6359
-81.4393
-80.0458
-78.3504
-76.1442
-72.9248
-67.0199
-47.9881
44.0478
49.5358
45.4358
31.8169
10.0925
-4.93217
-15.9335
-26.9468
-36.6839
-57.1969
-91.3972
-94.892
-94.966
-94.9572
-94.9195
-94.8414
-94.6995
-94.4687
-94.1341
-93.6997
-93.1841
-92.6105
-91.9989
-91.3626
-90.7092
-90.0415
-89.3593
-88.6603
-87.9402
-87.1936
-86.413
-85.5889
-84.7089
-83.7558
-82.7054
-81.5214
-80.146
-78.4788
-76.3218
-73.207
-67.6224
-50.6789
39.8268
49.6094
45.8242
32.7195
11.0325
-4.40429
-15.4878
-26.4823
-35.9572
-55.4189
-90.4157
-94.8748
-94.9655
-94.9584
-94.9225
-94.8472
-94.7098
-94.4849
-94.1568
-93.728
-93.2168
-92.6463
-92.0369
-91.4024
-90.7507
-90.0848
-89.4047
-88.7081
-87.991
-87.248
-86.4718
-85.6533
-84.7802
-83.836
-82.7972
-81.629
-80.2762
-78.6436
-76.5468
-73.5581
-68.3465
-53.6484
31.6135
49.7534
46.6583
34.7432
13.2594
-3.22685
-14.5195
-25.4645
-35.3618
-53.9686
-89.3693
-94.8545
-94.9647
-94.9592
-94.9248
-94.8521
-94.7191
-94.5004
-94.1794
-93.7575
-93.2519
-92.6859
-92.0799
-91.4482
-90.7989
-90.1355
-89.4581
-88.7646
-88.051
-87.3122
-86.5411
-85.7289
-84.8636
-83.9293
-82.9035
-81.7528
-80.4251
-78.8311
-76.8001
-73.9462
-69.1154
-56.5047
18.7905
49.936
48.1798
39.0543
18.8585
-0.415004
-12.3111
-23.0949
-33.7078
-50.0555
-85.3389
-94.7734
-94.9617
-94.9611
-94.9304
-94.8634
-94.7393
-94.5323
-94.2238
-93.8128
-93.3155
-92.7551
-92.1529
-91.524
-90.8773
-90.2166
-89.5422
-88.8523
-88.1432
-87.4099
-86.6457
-85.8419
-84.9872
-84.0665
-83.0585
-81.932
-80.6386
-79.0969
-77.1544
-74.4769
-70.1193
-59.8202
-2.227
49.9756
49.4065
44.0469
27.7427
5.33119
-8.19326
-18.9083
-30.0093
-42.2093
-70.8177
-94.2238
-94.9449
-94.9643
-94.9434
-94.8898
-94.7854
-94.604
-94.3225
-93.9345
-93.4534
-92.9029
-92.3062
-91.6806
-91.0364
-90.3785
-89.7079
-89.023
-88.3205
-87.5956
-86.8421
-86.0518
-85.2143
-84.3157
-83.3367
-82.2496
-81.0118
-79.5537
-77.7496
-75.3375
-71.6381
-64.0599
-31.7426
48.8719
49.3626
44.5239
29.6527
7.83327
-6.33237
-17.1638
-28.2222
-38.8593
-62.632
-93.1977
-94.9245
-94.9665
-94.9529
-94.9095
-94.8218
-94.6647
-94.4132
-94.0558
-93.6009
-93.0698
-92.4865
-91.8697
-91.2318
-90.5791
-89.9136
-89.2346
-88.5391
-87.8231
-87.0806
-86.3042
-85.4845
-84.6087
-83.6595
-82.6123
-81.4306
-80.0555
-78.3842
-76.214
-73.0606
-67.3377
-49.4485
42.0522
49.572
45.6288
32.2715
10.5731
-4.65501
-15.6969
-26.6997
-36.2841
-56.2148
-90.888
-94.8832
-94.9658
-94.9579
-94.9212
-94.8447
-94.7056
-94.4785
-94.1483
-93.7183
-93.2071
-92.6378
-92.0307
-91.3995
-90.7521
-90.0914
-89.4175
-88.7281
-88.0193
-87.286
-86.5212
-85.716
-84.8588
-83.934
-82.9193
-81.7824
-80.4723
-78.9027
-76.9095
-74.1252
-69.4733
-57.7422
11.642
49.9731
48.8278
41.3663
22.5386
1.62215
-10.7855
-21.427
-32.328
-46.9694
-80.6719
-94.6614
-94.9581
-94.9626
-94.9351
-94.8729
-94.7558
-94.5578
-94.2589
-93.8565
-93.3658
-92.8103
-92.2121
-91.587
-90.9445
-90.2886
-89.6201
-88.9373
-88.2367
-87.5135
-86.7614
-85.9723
-85.1355
-84.237
-83.2571
-82.1676
-80.9251
-79.4581
-77.6368
-75.188
-71.3938
-63.4399
-27.6808
48.7061
49.3702
44.5386
29.6203
7.7297
-6.42238
-17.2518
-28.3172
-39.0322
-63.0668
-93.2882
-94.926
-94.9663
-94.9522
-94.9082
-94.8192
-94.66
-94.4055
-94.0448
-93.587
-93.0539
-92.4695
-91.8529
-91.216
-90.565
-89.9019
-89.2259
-88.534
-87.8221
-87.0844
-86.3137
-85.5004
-84.6323
-83.6924
-82.6567
-81.4898
-80.1347
-78.4931
-76.3723
-73.3194
-67.8926
-51.8459
37.1282
49.6562
46.0849
33.3461
11.7147
-4.0283
-15.1729
-26.1516
-35.7677
-54.9555
-90.106
-94.8689
-94.9653
-94.9587
-94.9233
-94.8491
-94.7136
-94.4916
-94.1673
-93.743
-93.2365
-92.6713
-92.0677
-91.44
-90.796
-90.1392
-89.4698
-88.7855
-88.0829
-87.3568
-86.6005
-85.8056
-84.9611
-84.0518
-83.0572
-81.9467
-80.6731
-79.1577
-77.2538
-74.643
-70.4408
-60.7947
-9.07549
49.9554
49.5066
44.7138
29.3666
6.88448
-7.15173
-17.9632
-29.0752
-40.4382
-66.5553
-93.8241
-94.9351
-94.9647
-94.9472
-94.8978
-94.8
-94.6276
-94.3564
-93.9782
-93.5053
-92.9611
-92.3696
-91.749
-91.1102
-90.4586
-89.7955
-89.1196
-88.4278
-87.7158
-86.9774
-86.2054
-85.39
-84.5185
-83.5735
-82.5303
-81.3518
-79.9786
-78.3065
-76.1293
-72.9514
-67.1337
-48.5654
43.3111
49.5492
45.507
31.983
10.2658
-4.83233
-15.8483
-26.8581
-36.5389
-56.8397
-91.2205
-94.8889
-94.9659
-94.9574
-94.9201
-94.8426
-94.7019
-94.4731
-94.1414
-93.7107
-93.1998
-92.632
-92.0273
-91.3995
-90.7562
-90.1005
-89.4325
-88.7499
-88.049
-87.3249
-86.5707
-85.7781
-84.9359
-84.0292
-83.0373
-81.9297
-80.6593
-79.1475
-77.2474
-74.6413
-70.4453
-60.8133
-9.1931
49.9547
49.5082
44.7272
29.4051
6.92767
-7.12203
-17.936
-29.0476
-40.3869
-66.4292
-93.8083
-94.9347
-94.9648
-94.9473
-94.8981
-94.8006
-94.6286
-94.3579
-93.9804
-93.5082
-92.965
-92.3746
-91.7554
-91.1182
-90.4686
-89.8077
-89.1345
-88.4459
-87.7374
-87.0034
-86.2364
-85.427
-84.5626
-83.6265
-82.5945
-81.4309
-80.0784
-78.4377
-76.3142
-73.2486
-67.769
-51.3605
38.3
49.6355
45.9687
33.0642
11.404
-4.19934
-15.316
-26.3022
-35.8531
-55.1641
-90.2479
-94.8716
-94.9654
-94.9585
-94.9229
-94.8483
-94.7121
-94.4893
-94.1644
-93.7399
-93.234
-92.67
-92.0683
-91.4432
-90.8025
-90.1497
-89.4849
-88.8062
-88.1099
-87.3912
-86.6436
-85.8589
-85.0263
-84.1318
-83.1553
-82.0682
-80.8262
-79.3562
-77.5244
-75.0475
-71.1705
-62.8576
-23.6619
49.2973
49.3984
44.601
29.6703
7.69262
-6.47394
-17.3068
-28.3791
-39.1472
-63.3536
-93.3416
-94.9267
-94.9661
-94.9517
-94.9071
-94.8172
-94.6564
-94.3999
-94.0371
-93.5776
-93.044
-92.4606
-91.8462
-91.2127
-90.5664
-89.9091
-89.2399
-88.5562
-87.8537
-87.1269
-86.3689
-85.5706
-84.7204
-83.8023
-82.794
-81.6625
-80.3561
-78.7864
-76.785
-73.9716
-69.2154
-56.8964
16.633
49.9519
48.4073
39.828
20.0466
0.224993
-11.8206
-22.559
-33.2813
-49.0828
-84.0212
-94.7446
-94.9608
-94.9616
-94.932
-94.8667
-94.7452
-94.5419
-94.238
-93.8322
-93.3404
-92.7862
-92.1912
-91.571
-90.9346
-90.2861
-89.6262
-88.9532
-88.264
-87.5539
-86.8168
-86.0452
-85.2291
-84.3553
-83.4058
-82.3548
-81.1632
-79.7678
-78.0564
-75.8023
-72.4448
-66.0231
-43.0802
47.4894
49.4561
45.037
30.9294
9.22233
-5.43023
-16.3572
-27.3839
-37.4056
-58.9854
-92.1569
-94.9057
-94.9664
-94.956
-94.9166
-94.8355
-94.689
-94.4522
-94.1117
-93.6734
-93.1571
-92.5866
-91.9813
-91.3547
-90.7138
-90.0615
-89.3976
-88.7199
-88.0247
-87.3069
-86.56
-85.7757
-84.9431
-84.0475
-83.069
-81.978
-80.729
-79.2468
-77.3922
-74.8676
-70.8661
-62.0324
-17.8806
49.8121
49.4544
44.7061
29.7
7.52773
-6.64131
-17.4761
-28.5641
-39.4894
-64.2074
-93.4913
-94.929
-94.9656
-94.9503
-94.9043
-94.8119
-94.6476
-94.3864
-94.0188
-93.5553
-93.019
-92.4342
-91.8198
-91.1873
-90.5426
-89.8875
-89.2211
-88.5404
-87.8415
-87.1188
-86.3654
-85.5725
-84.7284
-83.8175
-82.818
-81.6976
-80.4057
-78.8568
-76.8883
-74.1372
-69.5442
-58.0264
9.85085
49.9767
48.949
41.8623
23.4178
2.17029
-10.3853
-20.9868
-31.9364
-46.1252
-79.147
-94.6168
-94.9566
-94.963
-94.9365
-94.8757
-94.7608
-94.5661
-94.2711
-93.8729
-93.3869
-92.8366
-92.2444
-91.6266
-90.9928
-90.3473
-89.6911
-89.0227
-88.339
-87.6355
-86.9066
-86.1448
-85.3406
-84.4816
-83.5509
-82.5242
-81.3656
-80.0174
-78.3794
-76.2543
-73.1753
-67.6343
-50.7762
39.6039
49.6151
45.8654
32.8424
11.1966
-4.29923
-15.3947
-26.3822
-35.8953
-55.2673
-90.3206
-94.8734
-94.9656
-94.9586
-94.9229
-94.8481
-94.7116
-94.4884
-94.1631
-93.7387
-93.2335
-92.6711
-92.0718
-91.45
-90.8135
-90.1658
-89.5071
-88.8355
-88.1476
-87.4386
-86.7024
-85.9312
-85.1146
-84.2394
-83.2869
-82.2304
-81.0294
-79.6178
-77.8774
-75.5652
-72.0673
-65.1457
-38.2016
48.5961
49.4029
44.7701
30.3266
8.62441
-5.79212
-16.6721
-27.7086
-37.9559
-60.3585
-92.6147
-94.914
-94.9666
-94.955
-94.9143
-94.831
-94.6808
-94.4386
-94.0923
-93.6487
-93.1286
-92.5561
-91.9505
-91.3247
-90.6857
-90.0361
-89.3755
-88.7017
-88.011
-87.2983
-86.5572
-85.7795
-84.9545
-84.068
-83.1003
-82.0226
-80.7911
-79.3331
-77.5157
-75.0578
-71.2121
-62.9876
-24.5167
49.1397
49.3929
44.604
29.7177
7.77807
-6.40713
-17.2434
-28.3118
-39.0252
-63.0478
-93.2819
-94.9257
-94.9662
-94.9521
-94.9079
-94.8187
-94.6592
-94.4044
-94.0437
-93.5867
-93.0559
-92.4757
-91.8651
-91.2363
-90.5955
-89.9447
-89.2831
-88.6082
-87.9161
-87.2015
-86.4579
-85.6766
-84.8467
-83.9535
-82.9764
-81.8857
-80.6351
-79.1474
-77.2796
-74.7233
-70.6309
-61.3905
-13.3261
49.919
49.494
44.7713
29.6665
7.32448
-6.82422
-17.6562
-28.7574
-39.8482
-65.0992
-93.6295
-94.9312
-94.9651
-94.9489
-94.9015
-94.8069
-94.6392
-94.3741
-94.0027
-93.5364
-92.9989
-92.4145
-91.8015
-91.1717
-90.5305
-89.8796
-89.2181
-88.5433
-87.8509
-87.1358
-86.3911
-85.6083
-84.7762
-83.8798
-82.8981
-81.8004
-80.5393
-79.0347
-77.1374
-74.522
-70.276
-60.3588
-5.97325
49.9674
49.472
44.4698
28.7626
6.29207
-7.54308
-18.3163
-29.4273
-41.0949
-68.1559
-93.9985
-94.9392
-94.9646
-94.9458
-94.8949
-94.7949
-94.6197
-94.3459
-93.9663
-93.4938
-92.9525
-92.3661
-91.7526
-91.1229
-90.4823
-89.8321
-89.1712
-88.4968
-87.8048
-87.0898
-86.345
-85.5617
-84.7287
-83.8307
-82.8466
-81.7452
-80.4779
-78.9632
-77.048
-74.3954
-70.0493
-59.6702
-1.11711
49.9769
49.3865
43.944
27.5409
5.18582
-8.28294
-18.9872
-30.0836
-42.3521
-71.1513
-94.2466
-94.9456
-94.9643
-94.9432
-94.8895
-94.7852
-94.6043
-94.3241
-93.9389
-93.4626
-92.9192
-92.3321
-91.7187
-91.0896
-90.4497
-89.8003
-89.1402
-88.4667
-87.7754
-87.061
-86.3166
-85.5337
-84.7009
-83.8028
-82.8182
-81.7156
-80.4462
-78.9277
-77.0048
-74.3354
-69.9423
-59.3372
1.20066
49.9791
49.3283
43.6258
26.8523
4.61801
-8.6671
-19.3369
-30.4181
-43.0081
-72.6623
-94.3423
-94.9483
-94.9642
-94.942
-94.8869
-94.7805
-94.5969
-94.3138
-93.9262
-93.4484
-92.9042
-92.3171
-91.7041
-91.0757
-90.4366
-89.7881
-89.1291
-88.4566
-87.7664
-87.0533
-86.3103
-85.5289
-84.6978
-83.8016
-82.8192
-81.7194
-80.4535
-78.9395
-77.0235
-74.3663
-70.0025
-59.5272
-0.102878
49.978
49.3634
43.8177
27.2696
4.96342
-8.43126
-19.1215
-30.2123
-42.6029
-71.7338
-94.2856
-94.9467
-94.9643
-94.9428
-94.8885
-94.7835
-94.6015
-94.3203
-93.9344
-93.4578
-92.9147
-92.3283
-91.7161
-91.0884
-90.4503
-89.8029
-89.1452
-88.4743
-87.7861
-87.0752
-86.335
-85.5569
-84.7297
-83.8384
-82.8623
-81.7708
-80.5162
-79.0192
-77.1309
-74.5273
-70.3011
-60.4453
-6.56532
49.9655
49.4807
44.5318
28.9217
6.45316
-7.43378
-18.2168
-29.3279
-40.9079
-67.7024
-93.9528
-94.9381
-94.9647
-94.9462
-94.8958
-94.7965
-94.6223
-94.3497
-93.9716
-93.5007
-92.9612
-92.377
-91.7661
-91.1394
-90.5024
-89.8565
-89.2006
-88.5321
-87.8469
-87.1397
-86.4042
-85.6318
-84.8118
-83.9297
-82.9655
-81.8899
-80.658
-79.1949
-77.3628
-74.8672
-70.9125
-62.2142
-19.1975
49.7491
49.4417
44.6845
29.7038
7.58116
-6.59129
-17.4264
-28.5104
-39.3902
-63.9609
-93.4499
-94.9283
-94.9657
-94.9507
-94.9051
-94.8135
-94.6504
-94.3913
-94.0265
-93.5666
-93.0348
-92.4556
-91.8478
-91.2232
-90.588
-89.9439
-89.2903
-88.6246
-87.943
-87.2406
-86.5108
-85.7457
-84.935
-84.0647
-83.116
-82.0613
-80.8588
-79.4398
-77.6799
-75.3206
-71.6947
-64.2729
-32.974
48.8758
49.3726
44.6048
29.9104
8.16648
-6.09401
-16.9434
-27.9909
-38.4477
-61.5956
-92.9566
-94.9202
-94.9666
-94.954
-94.9119
-94.8264
-94.6727
-94.426
-94.0749
-93.6276
-93.1058
-92.5337
-91.9308
-91.3095
-90.6768
-90.0349
-89.3835
-88.7205
-88.0421
-87.3436
-86.6189
-85.8603
-85.0577
-84.1981
-83.2633
-82.2275
-81.0515
-79.6719
-77.9759
-75.7346
-72.3796
-65.9125
-42.4547
47.7145
49.4514
45.0266
30.9383
9.26956
-5.38719
-16.3149
-27.3371
-37.3245
-58.7824
-92.0833
-94.9046
-94.9665
-94.9563
-94.9172
-94.8367
-94.6911
-94.4555
-94.1169
-93.6811
-93.1685
-92.603
-92.0044
-91.3861
-90.7555
-90.1155
-89.4661
-88.8053
-88.1297
-87.4348
-86.7146
-85.9617
-85.1664
-84.3161
-83.3937
-82.3745
-81.2217
-79.8762
-78.2347
-76.0915
-72.9536
-67.1904
-48.7705
43.058
49.5596
45.5865
32.2316
10.6053
-4.6055
-15.6443
-26.6388
-36.1864
-55.9761
-90.7594
-94.8816
-94.966
-94.9583
-94.922
-94.8463
-94.7082
-94.483
-94.1557
-93.7301
-93.2254
-92.6652
-92.0701
-91.4542
-90.8253
-90.1869
-89.5392
-88.8805
-88.2076
-87.516
-86.7999
-86.0522
-85.2636
-84.4219
-83.5106
-82.5063
-81.3742
-80.0589
-78.4647
-76.4054
-73.4461
-68.2246
-53.1981
33.1971
49.7285
46.5268
34.4777
13.0464
-3.29032
-14.5552
-25.4945
-35.3733
-53.995
-89.3998
-94.856
-94.965
-94.9595
-94.9253
-94.8531
-94.7211
-94.5042
-94.1865
-93.77
-93.2725
-92.7178
-92.1265
-91.5134
-90.8868
-90.2505
-89.6049
-88.9487
-88.2786
-87.5903
-86.8784
-86.1359
-85.3536
-84.5201
-83.6193
-82.629
-81.516
-80.2283
-78.6771
-76.692
-73.8866
-69.1047
-56.5163
18.8306
49.9362
48.1992
39.1692
19.1182
-0.217667
-12.1418
-22.9036
-33.5514
-49.6944
-84.8717
-94.7643
-94.9616
-94.9615
-94.9314
-94.8655
-94.7433
-94.5392
-94.235
-93.8303
-93.3414
-92.7924
-92.2047
-91.594
-90.9693
-90.3348
-89.6915
-89.0378
-88.371
-87.6869
-86.9801
-86.244
-85.4699
-84.6465
-83.7589
-82.786
-81.697
-80.4436
-78.945
-77.0496
-74.4241
-70.1265
-59.9109
-2.68065
49.9747
49.423
44.1724
28.0905
5.69977
-7.92844
-18.6624
-29.766
-41.7371
-69.7028
-94.1387
-94.9428
-94.9646
-94.9446
-94.8923
-94.7901
-94.6121
-94.3353
-93.9536
-93.4807
-92.9408
-92.3577
-91.749
-91.1255
-90.4925
-89.8512
-89.2007
-88.5384
-87.8603
-87.1613
-86.4352
-85.6738
-84.8667
-84.0002
-83.0552
-82.0041
-80.8047
-79.3877
-77.6278
-75.2633
-71.6156
-64.0909
-31.811
48.8696
49.3708
44.5909
29.8644
8.105
-6.13828
-16.9844
-28.0341
-38.5244
-61.7891
-93.0051
-94.921
-94.9666
-94.9537
-94.9114
-94.8254
-94.671
-94.4234
-94.0716
-93.624
-93.1025
-92.5314
-91.9302
-91.3114
-90.6818
-90.0438
-89.397
-88.7393
-88.0671
-87.3759
-86.6596
-85.9108
-85.12
-84.2746
-83.3573
-82.3437
-81.1972
-79.8587
-78.2253
-76.0927
-72.9707
-67.2435
-49.0213
42.6993
49.5661
45.6222
32.3183
10.7006
-4.54987
-15.5966
-26.5886
-36.1103
-55.7898
-90.6508
-94.8798
-94.9659
-94.9584
-94.9223
-94.8469
-94.7094
-94.485
-94.1589
-93.7347
-93.2315
-92.6731
-92.0801
-91.4667
-90.8409
-90.206
-89.5626
-88.9088
-88.2416
-87.5566
-86.8483
-86.1097
-85.3319
-84.5033
-83.6081
-82.6242
-81.5189
-80.2407
-78.702
-76.7356
-73.9635
-69.2641
-57.0794
15.707
49.9576
48.5119
40.2333
20.7534
0.663512
-11.4754
-22.1763
-32.9618
-48.3621
-82.9606
-94.7209
-94.9602
-94.9622
-94.9334
-94.8696
-94.7503
-94.5501
-94.2502
-93.8492
-93.3634
-92.8168
-92.2313
-91.6228
-91.0007
-90.3692
-89.7294
-89.0799
-88.4181
-87.7398
-87.04
-86.312
-85.5477
-84.7363
-83.8634
-82.9092
-81.8445
-80.6248
-79.1758
-77.3608
-74.8883
-70.973
-62.3904
-20.3255
49.6778
49.4341
44.6947
29.7995
7.74512
-6.46456
-17.3064
-28.3837
-39.1599
-63.3854
-93.3457
-94.9265
-94.9659
-94.9513
-94.9064
-94.816
-94.6546
-94.3977
-94.0354
-93.5782
-93.0494
-92.4736
-91.8698
-91.2501
-90.6206
-89.9835
-89.338
-88.6818
-88.0114
-87.3219
-86.6074
-85.8604
-85.0713
-84.2274
-83.3113
-82.2986
-81.1522
-79.8128
-78.176
-76.0347
-72.8902
-67.0839
-48.3097
43.6459
49.549
45.5314
32.1041
10.4723
-4.68102
-15.7082
-26.7056
-36.2876
-56.2228
-90.8992
-94.884
-94.966
-94.9581
-94.9216
-94.8454
-94.7068
-94.481
-94.1535
-93.7284
-93.225
-92.667
-92.0749
-91.4628
-90.8386
-90.2058
-89.5647
-88.9137
-88.2497
-87.5683
-86.8642
-86.1305
-85.3584
-84.5365
-83.6496
-82.6759
-81.5838
-80.3237
-78.8115
-76.8882
-74.2
-69.7231
-58.6309
6.1257
49.9802
49.1583
42.8118
25.2554
3.46161
-9.45056
-20.0503
-31.0806
-44.3361
-75.5781
-94.4877
-94.9528
-94.9639
-94.9398
-94.8824
-94.7727
-94.5847
-94.2975
-93.9073
-93.4291
-92.8871
-92.3044
-91.6979
-91.0775
-90.4483
-89.8113
-89.1655
-88.5084
-87.8358
-87.143
-86.4238
-85.6701
-84.8718
-84.0155
-83.0826
-82.0463
-80.8659
-79.4748
-77.7535
-75.4559
-71.9549
-64.9442
-37.0139
48.7075
49.3959
44.7416
30.2764
8.59072
-5.8071
-16.6833
-27.7189
-37.9728
-60.4021
-92.6296
-94.9143
-94.9667
-94.955
-94.9143
-94.8309
-94.6808
-94.4391
-94.0941
-93.6532
-93.1377
-92.5717
-91.975
-91.3605
-90.7352
-90.102
-89.4608
-88.8096
-88.145
-87.4628
-86.7571
-86.0211
-85.2455
-84.4188
-83.5248
-82.5412
-81.4347
-80.1527
-78.6055
-76.6201
-73.803
-68.9669
-56.0349
21.3759
49.9117
47.9213
38.3041
17.8928
-0.834204
-12.61
-23.4102
-33.9405
-50.5892
-86.0144
-94.7887
-94.9625
-94.9612
-94.9303
-94.8633
-94.7394
-94.5335
-94.2278
-93.8224
-93.3342
-92.787
-92.2025
-91.5959
-90.9763
-90.348
-89.7118
-89.0664
-88.4091
-87.7359
-87.0418
-86.3203
-85.5634
-84.7606
-83.898
-82.956
-81.9069
-80.7075
-79.287
-77.5161
-75.1233
-71.3936
-63.5261
-28.0493
48.7288
49.3788
44.6169
29.8798
8.07105
-6.17655
-17.024
-28.0782
-38.605
-61.9937
-93.0545
-94.9218
-94.9665
-94.9533
-94.9106
-94.8237
-94.6679
-94.4184
-94.0643
-93.6148
-93.0925
-92.5218
-91.9223
-91.3064
-90.6808
-90.0477
-89.407
-88.7564
-88.0925
-87.4107
-86.7055
-85.9696
-85.1939
-84.3665
-83.4713
-82.4855
-81.3752
-80.0872
-78.5292
-76.5237
-73.663
-68.6984
-55.0568
26.0221
49.8502
47.3664
36.6885
15.7291
-1.92218
-13.4582
-24.3247
-34.6046
-52.1487
-87.743
-94.8237
-94.9637
-94.9604
-94.928
-94.8588
-94.7315
-94.5213
-94.2111
-93.8021
-93.3116
-92.7633
-92.1785
-91.5723
-90.9535
-90.3262
-89.6911
-89.0469
-88.391
-87.7192
-87.0267
-86.3069
-85.5518
-84.751
-83.8905
-82.9511
-81.9047
-80.7088
-79.2926
-77.5276
-75.1441
-71.4336
-63.6325
-28.7383
48.7698
49.3777
44.6189
29.9052
8.11914
-6.13829
-16.9875
-28.0392
-38.5351
-61.8168
-93.0122
-94.9211
-94.9665
-94.9536
-94.911
-94.8246
-94.6695
-94.4208
-94.0677
-93.6192
-93.0979
-92.5282
-91.9296
-91.3147
-90.6903
-90.0586
-89.4194
-88.7706
-88.1089
-87.4296
-86.7274
-85.995
-85.2235
-84.4012
-83.5122
-82.5343
-81.4346
-80.1611
-78.6251
-76.6565
-73.8694
-69.1097
-56.5597
18.6093
49.9381
48.2275
39.2735
19.293
-0.111963
-12.0571
-22.8098
-33.4757
-49.5208
-84.6387
-94.7593
-94.9615
-94.9617
-94.9318
-94.8663
-94.7448
-94.542
-94.2396
-93.8373
-93.3516
-92.8065
-92.2238
-91.6192
-91.0018
-90.3761
-89.743
-89.1012
-88.4482
-87.7801
-87.0918
-86.3774
-85.6288
-84.8361
-83.9858
-83.0596
-82.0308
-80.859
-79.4784
-77.7708
-75.4933
-72.0303
-65.1337
-38.0801
48.6049
49.407
44.8074
30.4507
8.79286
-5.67209
-16.5615
-27.5911
-37.7521
-59.8487
-92.4579
-94.9114
-94.9667
-94.9555
-94.9154
-94.833
-94.6843
-94.4447
-94.102
-93.6634
-93.1502
-92.5866
-91.9924
-91.3808
-90.7589
-90.1296
-89.4929
-88.8471
-88.1888
-87.5138
-86.8168
-86.0907
-85.3272
-84.515
-83.6389
-82.6779
-81.6011
-80.3603
-78.874
-76.9897
-74.3712
-70.0639
-59.7317
-1.32662
49.9766
49.3988
44.0424
27.8232
5.49105
-8.0602
-18.7794
-29.8781
-41.9512
-70.2102
-94.1782
-94.9439
-94.9646
-94.9443
-94.8917
-94.7892
-94.6109
-94.3342
-93.9534
-93.4824
-92.9456
-92.367
-91.7642
-91.1479
-90.5235
-89.8925
-89.2539
-88.6053
-87.943
-87.2625
-86.5577
-85.8214
-85.0442
-84.2138
-83.3133
-82.3191
-81.1955
-79.8857
-78.291
-76.2169
-73.2048
-67.7824
-51.4186
38.1733
49.6426
46.0344
33.2902
11.7402
-3.97448
-15.1145
-26.0831
-35.722
-54.8436
-90.0373
-94.8685
-94.9655
-94.959
-94.9239
-94.8503
-94.716
-94.4963
-94.176
-93.7582
-93.2614
-92.7095
-92.1233
-91.5171
-90.8995
-90.2741
-89.6414
-89.0002
-88.3475
-87.6794
-86.9908
-86.2754
-85.5251
-84.7297
-83.8751
-82.9424
-81.904
-80.7176
-79.3136
-77.5657
-75.21
-71.5581
-63.9604
-30.8388
48.8546
49.3763
44.6313
29.9844
8.25402
-6.03417
-16.889
-27.934
-38.348
-61.3455
-92.8936
-94.919
-94.9666
-94.9541
-94.9123
-94.827
-94.6736
-94.4274
-94.0772
-93.6316
-93.1131
-92.546
-91.9501
-91.338
-90.7167
-90.0885
-89.4534
-88.8094
-88.1532
-87.4804
-86.7857
-86.0622
-85.3012
-84.4918
-83.6187
-82.6609
-81.5877
-80.3508
-78.8693
-76.991
-74.3815
-70.0921
-59.8294
-2.0132
49.9756
49.4133
44.1275
28.0167
5.66263
-7.94508
-18.6749
-29.7762
-41.755
-69.7448
-94.1413
-94.9429
-94.9646
-94.9447
-94.8925
-94.7907
-94.6133
-94.3378
-93.9581
-93.4882
-92.9526
-92.375
-91.7735
-91.1588
-90.5362
-89.9072
-89.2712
-88.6255
-87.9666
-87.29
-86.5898
-85.8589
-85.0882
-84.2655
-83.3748
-82.3929
-81.2856
-79.9986
-78.4384
-76.4232
-73.5325
-68.4634
-54.1851
29.6236
49.7915
46.9361
35.5315
14.2961
-2.64216
-14.0297
-24.9355
-35.0171
-53.1356
-88.6793
-94.8421
-94.9644
-94.9599
-94.9266
-94.8558
-94.7263
-94.5132
-94.2004
-93.7895
-93.2986
-92.7511
-92.1684
-91.5653
-90.9505
-90.3279
-89.6985
-89.0609
-88.4124
-87.7493
-87.0666
-86.3582
-85.6164
-84.8314
-83.9898
-83.0738
-82.0573
-80.901
-79.5411
-77.8636
-75.6364
-72.2802
-65.7358
-41.4416
48.0072
49.4436
45.0023
30.921
9.29668
-5.35375
-16.2801
-27.2976
-37.2555
-58.6112
-92.0206
-94.9038
-94.9666
-94.9565
-94.9176
-94.8374
-94.6923
-94.4574
-94.1202
-93.687
-93.1784
-92.6188
-92.0282
-91.4201
-90.802
-90.177
-89.5453
-88.9052
-88.2537
-87.5867
-86.8989
-86.1839
-85.4336
-84.6373
-83.7809
-82.845
-81.8011
-80.6054
-79.1857
-77.4096
-74.9965
-71.1999
-63.0297
-24.6349
49.113
49.3992
44.6639
29.914
8.03351
-6.22442
-17.0744
-28.1348
-38.7087
-62.2524
-93.1114
-94.9225
-94.9663
-94.9529
-94.9096
-94.822
-94.665
-94.4139
-94.0582
-93.6078
-93.0857
-92.5167
-91.9202
-91.3087
-90.6887
-90.0625
-89.4299
-88.7887
-88.1357
-87.4665
-86.7758
-86.0568
-85.301
-84.4973
-83.6311
-82.6815
-81.6184
-80.3949
-78.9322
-77.0832
-74.5276
-70.3719
-60.6958
-8.16248
49.9592
49.5047
44.7202
29.4385
7.01559
-7.04865
-17.865
-28.9727
-40.2458
-66.0792
-93.7618
-94.9338
-94.9649
-94.9478
-94.8991
-94.8027
-94.6326
-94.3653
-93.9933
-93.5292
-92.9975
-92.4227
-91.8232
-91.2105
-90.5901
-89.964
-89.3313
-88.6898
-88.0361
-87.3656
-86.6728
-85.9508
-85.1909
-84.3816
-83.5075
-82.5472
-81.4687
-80.2225
-78.7241
-76.8135
-74.134
-69.6492
-58.4378
7.36077
49.9794
49.1004
42.5513
24.7608
3.11997
-9.68931
-20.27
-31.2809
-44.7465
-76.4369
-94.523
-94.9539
-94.9637
-94.9391
-94.881
-94.7703
-94.5814
-94.2938
-93.9043
-93.4281
-92.8898
-92.3123
-91.7124
-91.1003
-90.4808
-89.8552
-89.2227
-88.5807
-87.9257
-87.2533
-86.5575
-85.8313
-85.0657
-84.2488
-83.3644
-82.3898
-81.2913
-80.0153
-78.4697
-76.4767
-73.6265
-68.6634
-54.9475
26.4937
49.8433
47.3164
36.5621
15.5868
-1.98263
-13.5023
-24.3704
-34.6349
-52.2208
-87.8188
-94.8254
-94.9639
-94.9604
-94.928
-94.8587
-94.7313
-94.5212
-94.2117
-93.804
-93.3157
-92.7707
-92.1904
-91.5898
-90.9778
-90.3586
-89.733
-89.0998
-88.4566
-87.7995
-87.1239
-86.4238
-85.6919
-84.9186
-84.0915
-83.1934
-82.2
-81.0748
-79.7591
-78.1502
-76.044
-72.9512
-67.2558
-49.0625
42.6348
49.5706
45.6611
32.448
10.8871
-4.42326
-15.4823
-26.4651
-35.933
-55.3585
-90.392
-94.8758
-94.966
-94.9589
-94.9233
-94.8486
-94.7125
-94.49
-94.1665
-93.7459
-93.2475
-92.6953
-92.1102
-91.5066
-90.8925
-90.2718
-89.6448
-89.0103
-88.3654
-87.7062
-87.028
-86.3245
-85.5881
-84.8089
-83.9741
-83.0656
-82.0579
-80.9124
-79.5662
-77.9076
-75.7107
-72.4153
-66.0607
-43.171
47.4527
49.4664
45.1234
31.2099
9.60471
-5.16369
-16.1136
-27.1236
-36.9651
-57.8906
-91.7253
-94.8988
-94.9665
-94.9571
-94.919
-94.84
-94.697
-94.4651
-94.1312
-93.7012
-93.1958
-92.639
-92.0511
-91.446
-90.8311
-90.2099
-89.5825
-88.9475
-88.3019
-87.6417
-86.9619
-86.2565
-85.5174
-84.7347
-83.8949
-82.9797
-81.9626
-80.8036
-79.4368
-77.7447
-75.4852
-72.0454
-65.1904
-38.3451
48.5753
49.4123
44.8449
30.5622
8.93419
-5.57438
-16.4723
-27.4967
-37.5902
-59.4441
-92.3244
-94.9092
-94.9667
-94.9559
-94.9162
-94.8347
-94.6873
-94.4494
-94.1089
-93.6729
-93.1627
-92.6028
-92.0131
-91.4069
-90.7917
-90.1703
-89.5429
-88.9077
-88.2619
-87.6014
-86.9211
-86.2147
-85.4743
-84.6898
-83.8474
-82.9287
-81.9067
-80.7402
-79.362
-77.6506
-75.3546
-71.829
-64.6643
-35.2205
48.8222
49.3897
44.724
30.2658
8.61278
-5.78168
-16.657
-27.6893
-37.92
-60.2696
-92.5911
-94.9138
-94.9667
-94.9552
-94.9147
-94.8316
-94.6819
-94.4407
-94.0964
-93.657
-93.1442
-92.5825
-91.9918
-91.3852
-90.7698
-90.1485
-89.5213
-88.8864
-88.2408
-87.5805
-86.9002
-86.1938
-85.4533
-84.6685
-83.8256
-82.906
-81.8825
-80.7137
-79.3317
-77.6136
-75.3043
-71.7467
-64.4625
-33.9825
48.862
49.3839
44.6907
30.1773
8.51001
-5.85111
-16.7199
-27.7553
-38.0342
-60.5559
-92.6764
-94.9153
-94.9667
-94.955
-94.9141
-94.8305
-94.6799
-94.4375
-94.0919
-93.6513
-93.1376
-92.5753
-91.9844
-91.3779
-90.7627
-90.1417
-89.5149
-88.8805
-88.2355
-87.5758
-86.8963
-86.1906
-85.451
-84.667
-83.8252
-82.9069
-81.8849
-80.7181
-79.3386
-77.6243
-75.3216
-71.778
-64.5431
-34.482
48.849
49.386
44.7036
30.2127
8.55217
-5.82225
-16.6936
-27.7277
-37.9863
-60.4358
-92.6411
-94.9147
-94.9667
-94.9551
-94.9143
-94.831
-94.6807
-94.4389
-94.094
-93.654
-93.1408
-92.5791
-91.9887
-91.3825
-90.7679
-90.1474
-89.5212
-88.8875
-88.2434
-87.5846
-86.9062
-86.2019
-85.4639
-84.6819
-83.8425
-82.9272
-81.9091
-80.7475
-79.3757
-77.6736
-75.3931
-71.9
-64.8471
-36.3278
48.7609
49.3966
44.7628
30.3652
8.72438
-5.70816
-16.591
-27.6203
-37.8006
-59.9696
-92.4976
-94.9122
-94.9667
-94.9555
-94.9153
-94.8328
-94.6839
-94.4441
-94.1014
-93.6635
-93.1522
-92.5918
-92.0023
-91.3969
-90.7829
-90.1631
-89.5377
-88.9048
-88.2617
-87.6041
-86.9272
-86.2247
-85.4889
-84.7096
-83.8736
-82.9625
-81.9502
-80.7965
-79.4363
-77.7528
-75.506
-72.0905
-65.3093
-39.0301
48.4837
49.4191
44.8816
30.6525
9.03267
-5.51129
-16.4163
-27.4381
-37.4908
-59.1964
-92.2385
-94.9077
-94.9667
-94.9561
-94.9167
-94.8356
-94.689
-94.4522
-94.1129
-93.6783
-93.1696
-92.6111
-92.0229
-91.4186
-90.8053
-90.1863
-89.5616
-88.9297
-88.2877
-87.6315
-86.9563
-86.256
-85.5227
-84.7467
-83.9148
-83.009
-82.0037
-80.8597
-79.5139
-77.853
-75.6476
-72.3256
-65.8656
-42.1206
47.8151
49.4535
45.0596
31.0686
9.46614
-5.24455
-16.1829
-27.1952
-37.0836
-58.1839
-91.8501
-94.901
-94.9666
-94.9569
-94.9185
-94.8391
-94.6953
-94.4624
-94.1276
-93.697
-93.1915
-92.6353
-92.0487
-91.4454
-90.833
-90.2148
-89.591
-88.9601
-88.3193
-87.6647
-86.9914
-86.2934
-85.563
-84.7905
-83.9633
-83.0635
-82.0662
-80.9333
-79.6035
-77.9684
-75.8096
-72.5916
-66.476
-45.3011
46.3797
49.4982
45.29
31.6018
10.0185
-4.91497
-15.8981
-26.8983
-36.594
-56.9741
-91.3006
-94.8916
-94.9664
-94.9578
-94.9206
-94.8433
-94.7029
-94.4746
-94.1449
-93.719
-93.2172
-92.6635
-92.0787
-91.4765
-90.8651
-90.2477
-89.6248
-88.9951
-88.3556
-87.7026
-87.0314
-86.3359
-85.6086
-84.8401
-84.0179
-83.1246
-82.136
-81.0151
-79.7029
-78.0957
-75.9865
-72.8774
-67.1115
-48.3789
43.5651
49.5555
45.5874
32.2903
10.7381
-4.49988
-15.5444
-26.5286
-36.015
-55.5569
-90.5166
-94.8781
-94.9661
-94.9588
-94.923
-94.8481
-94.7116
-94.4886
-94.1647
-93.7441
-93.2462
-92.6953
-92.1123
-91.5114
-90.9009
-90.2844
-89.6626
-89.034
-88.396
-87.7448
-87.0758
-86.383
-85.6592
-84.895
-84.0781
-83.1919
-82.2126
-81.1046
-79.8112
-78.2335
-76.1768
-73.1804
-67.7619
-51.2859
38.5185
49.6404
46.04
33.3523
11.8732
-3.87247
-15.0196
-25.9778
-35.6563
-54.6819
-89.9286
-94.8671
-94.9657
-94.9593
-94.9246
-94.8515
-94.7181
-94.4997
-94.1811
-93.7657
-93.2721
-92.7246
-92.1439
-91.5449
-90.9358
-90.3206
-89.7001
-89.073
-88.4366
-87.7874
-87.1207
-86.4308
-85.7105
-84.9507
-84.1393
-83.2602
-82.2903
-81.1952
-79.9205
-78.3722
-76.3666
-73.4783
-68.3801
-53.8263
31.0439
49.7691
46.8019
35.229
14.0009
-2.75686
-14.1097
-25.015
-35.0639
-53.2462
-88.7835
-94.8449
-94.9648
-94.9601
-94.9268
-94.8561
-94.7268
-94.5139
-94.2017
-93.7921
-93.3032
-92.759
-92.1808
-91.5835
-90.976
-90.3621
-89.743
-89.1173
-88.4828
-87.8357
-87.1716
-86.4848
-85.7685
-85.0135
-84.2083
-83.3371
-82.3776
-81.2968
-80.0427
-78.5261
-76.5758
-73.8018
-69.0301
-56.283
20.1572
49.9249
48.0766
38.8232
18.6938
-0.382088
-12.2502
-23.0149
-33.6322
-49.8765
-85.1202
-94.7706
-94.9621
-94.9617
-94.9316
-94.8658
-94.7439
-94.5408
-94.2387
-93.8379
-93.3553
-92.8151
-92.2394
-91.6436
-91.0371
-90.4243
-89.8065
-89.1824
-88.5499
-87.9054
-87.2446
-86.5619
-85.8506
-85.102
-84.3048
-83.4441
-82.4984
-81.4366
-80.2098
-78.7354
-76.8571
-74.2288
-69.8546
-59.1038
3.07283
49.98
49.2834
43.4378
26.5555
4.47594
-8.7372
-19.3925
-30.464
-43.0942
-72.8607
-94.3546
-94.9489
-94.9644
-94.9422
-94.8872
-94.7813
-94.5987
-94.3179
-93.9345
-93.4637
-92.9299
-92.3568
-91.7619
-91.1557
-90.5433
-89.9263
-89.3039
-88.6739
-88.0331
-87.3771
-86.7007
-85.9974
-85.259
-84.475
-83.6311
-82.7079
-81.6768
-80.4939
-79.0863
-77.3204
-74.9121
-71.1005
-62.8089
-23.1002
49.3811
49.4129
44.6919
29.9352
8.01592
-6.24834
-17.0998
-28.1636
-38.7618
-62.3863
-93.1409
-94.923
-94.9662
-94.9526
-94.909
-94.8209
-94.6633
-94.4116
-94.0559
-93.6066
-93.087
-92.5219
-91.931
-91.3267
-90.7154
-90.0997
-89.4793
-88.8522
-88.2155
-87.5651
-86.896
-86.2023
-85.4761
-84.7078
-83.8844
-82.9883
-81.994
-80.8632
-79.534
-77.896
-75.7266
-72.4764
-66.2376
-44.1102
47.0379
49.4802
45.1979
31.3895
9.79911
-5.04425
-16.0093
-27.0142
-36.7841
-57.4427
-91.5254
-94.8954
-94.9665
-94.9574
-94.9197
-94.8416
-94.7
-94.4703
-94.1392
-93.7125
-93.2108
-92.6581
-92.0751
-91.4756
-90.8675
-90.254
-89.6358
-89.0114
-88.378
-87.7319
-87.0686
-86.3822
-85.6656
-84.9097
-84.1024
-83.2275
-82.262
-81.1718
-79.9023
-78.3596
-76.3607
-73.4807
-68.3967
-53.8962
30.7932
49.7736
46.8338
35.3169
14.1138
-2.69481
-14.0584
-24.9597
-35.0271
-53.1575
-88.706
-94.8435
-94.9647
-94.9602
-94.927
-94.8566
-94.7276
-94.5154
-94.2039
-93.7954
-93.3077
-92.765
-92.1886
-91.5934
-90.9883
-90.3774
-89.7616
-89.1399
-88.5098
-87.8678
-87.2096
-86.5297
-85.8212
-85.0756
-84.2817
-83.4243
-82.4822
-81.4244
-80.2021
-78.7328
-76.8611
-74.242
-69.8858
-59.2027
2.44167
49.9797
49.3054
43.5562
26.8147
4.69325
-8.5857
-19.2532
-30.3308
-42.8305
-72.2606
-94.3192
-94.9479
-94.9645
-94.9427
-94.8884
-94.7834
-94.602
-94.3225
-93.9406
-93.4709
-92.9383
-92.3665
-91.773
-91.1684
-90.558
-89.9433
-89.3237
-88.6969
-88.0597
-87.408
-86.7365
-86.039
-85.3075
-84.5316
-83.6979
-82.7872
-81.7724
-80.6117
-79.2364
-77.522
-75.2087
-71.6216
-64.1869
-32.255
48.871
49.3797
44.6644
30.0999
8.4128
-5.91871
-16.7818
-27.8205
-38.148
-60.8435
-92.7591
-94.9167
-94.9667
-94.9546
-94.9133
-94.8291
-94.6775
-94.4342
-94.0879
-93.6474
-93.135
-92.5755
-91.9886
-91.3874
-90.7789
-90.1658
-89.5483
-88.9246
-88.2919
-87.6464
-86.9832
-86.2966
-85.579
-84.8213
-84.0113
-83.1321
-82.1601
-81.0599
-79.7747
-78.2057
-76.1586
-73.173
-67.7685
-51.328
38.421
49.6425
46.0549
33.3961
11.9318
-3.83563
-14.9873
-25.9429
-35.635
-54.6297
-89.8923
-94.8665
-94.9657
-94.9594
-94.9247
-94.8518
-94.7188
-94.5011
-94.1836
-93.7696
-93.2779
-92.7328
-92.1551
-91.5595
-90.9547
-90.3445
-89.7297
-89.1091
-88.4804
-87.8399
-87.1832
-86.5049
-85.7982
-85.0545
-84.2624
-83.407
-82.467
-81.4114
-80.1913
-78.7245
-76.8554
-74.2389
-69.885
-59.2015
2.46721
49.9797
49.3053
43.5578
26.8234
4.70524
-8.57611
-19.244
-30.3217
-42.8121
-72.218
-94.3164
-94.9479
-94.9645
-94.9428
-94.8885
-94.7837
-94.6025
-94.3234
-93.9418
-93.4727
-92.9407
-92.3696
-91.7771
-91.1736
-90.5646
-89.9515
-89.3337
-88.709
-88.0743
-87.4253
-86.7571
-86.0633
-85.3362
-84.5655
-83.7381
-82.8354
-81.831
-80.6842
-79.3289
-77.6458
-75.3893
-71.9328
-64.9674
-37.0429
48.7019
49.4026
44.7976
30.4556
8.82819
-5.63909
-16.5288
-27.5551
-37.6888
-59.6908
-92.4079
-94.9107
-94.9667
-94.9557
-94.9157
-94.8337
-94.6857
-94.4473
-94.1068
-93.6718
-93.164
-92.6079
-92.0237
-91.4245
-90.8178
-90.2066
-89.591
-88.9697
-88.3398
-87.6975
-87.0383
-86.3563
-85.6445
-84.8939
-84.0925
-83.2244
-82.2669
-81.1862
-79.929
-78.4034
-76.431
-73.6012
-68.6533
-54.8952
26.7943
49.84
47.304
36.5691
15.6595
-1.90868
-13.4317
-24.2893
-34.5736
-52.0731
-87.6746
-94.8232
-94.964
-94.9607
-94.9286
-94.8598
-94.7335
-94.5249
-94.2175
-93.8128
-93.3283
-92.7884
-92.2145
-91.6218
-91.0194
-90.4116
-89.7993
-89.1817
-88.5564
-87.92
-87.2683
-86.596
-85.8965
-85.1616
-84.3807
-83.5393
-82.6178
-81.5869
-80.4018
-78.9878
-77.2066
-74.7618
-70.8474
-62.1062
-18.0757
49.8025
49.4639
44.8083
30.0441
7.97871
-6.31941
-17.1784
-28.2538
-38.9293
-62.8056
-93.2265
-94.924
-94.9658
-94.9517
-94.9073
-94.8177
-94.6576
-94.4027
-94.0436
-93.5915
-93.0704
-92.5053
-91.9157
-91.3137
-90.7058
-90.0942
-89.4787
-88.8573
-88.227
-87.584
-86.9233
-86.2391
-85.524
-84.7687
-83.9608
-83.0836
-82.1132
-81.014
-79.7287
-78.1576
-76.1037
-73.099
-67.6275
-50.7381
39.6968
49.6209
45.9358
33.1094
11.6152
-4.01009
-15.1329
-26.0965
-35.7243
-54.848
-90.0475
-94.8695
-94.9658
-94.9592
-94.9243
-94.8509
-94.7172
-94.4985
-94.1801
-93.7655
-93.2738
-92.7291
-92.1524
-91.5582
-90.9552
-90.3472
-89.735
-89.1175
-88.4921
-87.8556
-87.2034
-86.5304
-85.8297
-85.093
-84.3093
-83.4642
-82.537
-81.4979
-80.3005
-78.8668
-77.0514
-74.5384
-70.4482
-60.9504
-9.79696
49.9506
49.5251
44.8883
29.9101
7.54622
-6.68877
-17.5374
-28.6385
-39.6338
-64.5636
-93.5415
-94.9291
-94.965
-94.9492
-94.9022
-94.8083
-94.6418
-94.3791
-94.0121
-93.5536
-93.0282
-92.4609
-91.8704
-91.2686
-90.6613
-90.0506
-89.436
-88.8155
-88.1861
-87.5439
-86.8838
-86.2
-85.4851
-84.7297
-83.9214
-83.0432
-82.071
-80.9688
-79.6784
-78.0984
-76.0272
-72.9835
-67.3866
-49.6773
41.6586
49.588
45.7591
32.6915
11.1638
-4.26067
-15.3429
-26.3173
-35.8496
-55.1535
-90.2576
-94.8734
-94.9659
-94.959
-94.9237
-94.8497
-94.7148
-94.4945
-94.1742
-93.7579
-93.265
-92.7196
-92.1426
-91.5487
-90.9461
-90.3387
-89.7274
-89.1109
-88.4867
-87.8515
-87.2009
-86.5295
-85.8307
-85.0962
-84.315
-83.4728
-82.5492
-81.5147
-80.3232
-78.8979
-77.0957
-74.607
-70.5765
-61.3307
-12.5137
49.9281
49.5112
44.8896
30.0184
7.75165
-6.52791
-17.3845
-28.4771
-39.3378
-63.8255
-93.4178
-94.927
-94.9653
-94.9502
-94.9042
-94.8119
-94.648
-94.3882
-94.0242
-93.5682
-93.0447
-92.4786
-91.8892
-91.2882
-90.6818
-90.0722
-89.4588
-88.8398
-88.2122
-87.572
-86.9145
-86.2338
-85.5226
-84.7717
-83.9688
-83.0975
-82.1344
-81.0444
-79.7714
-78.2182
-76.1942
-73.2497
-67.9533
-52.1347
36.3733
49.6766
46.2444
33.8462
12.4209
-3.57666
-14.7748
-25.7193
-35.5032
-54.3095
-89.6531
-94.8618
-94.9654
-94.9595
-94.9252
-94.8529
-94.7209
-94.5049
-94.1897
-93.7783
-93.2894
-92.7472
-92.1726
-91.5806
-90.9797
-90.374
-89.7644
-89.1497
-88.5277
-87.8949
-87.2473
-86.5794
-85.8848
-85.1554
-84.3806
-83.5464
-82.6333
-81.6126
-80.4407
-79.0446
-77.2905
-74.8938
-71.0913
-62.7892
-22.8372
49.4208
49.4198
44.7354
30.0633
8.17449
-6.13757
-16.9982
-28.0573
-38.5727
-61.9107
-93.0306
-94.9209
-94.9662
-94.9531
-94.9101
-94.8229
-94.6665
-94.4164
-94.0626
-93.6154
-93.0984
-92.5366
-91.9497
-91.3504
-90.7452
-90.1366
-89.5245
-88.9071
-88.2817
-87.6442
-86.9901
-86.3137
-85.6078
-84.8636
-84.0694
-83.2093
-82.261
-81.1912
-79.9478
-78.4406
-76.4965
-73.7192
-68.9077
-55.8695
22.2595
49.9025
47.8428
38.1136
17.7072
-0.876418
-12.6263
-23.4213
-33.9426
-50.5918
-86.0244
-94.7897
-94.9627
-94.9614
-94.9307
-94.8641
-94.7411
-94.5369
-94.2343
-93.834
-93.3533
-92.8165
-92.2454
-91.6557
-91.0565
-90.4524
-89.8444
-89.2319
-88.6124
-87.9829
-87.3392
-86.6762
-85.9878
-85.2662
-84.5011
-83.6794
-82.7824
-81.7837
-80.6427
-79.293
-77.6149
-75.3611
-71.9002
-64.8944
-36.5458
48.7434
49.4023
44.8055
30.496
8.89415
-5.58912
-16.4819
-27.5047
-37.6019
-59.4743
-92.337
-94.9096
-94.9668
-94.9559
-94.9162
-94.8346
-94.6871
-94.4493
-94.1094
-93.6752
-93.1686
-92.6142
-92.0321
-91.4358
-90.8326
-90.2256
-89.6151
-88.9996
-88.3764
-87.7419
-87.0916
-86.42
-85.7204
-84.9842
-84.2001
-83.3532
-82.4224
-81.3769
-80.1685
-78.7154
-76.8638
-74.2735
-69.9728
-59.4993
0.453647
49.9783
49.3638
43.8727
27.5066
5.27687
-8.18717
-18.8894
-29.9806
-42.1458
-70.6708
-94.2128
-94.945
-94.9647
-94.9441
-94.8913
-94.7887
-94.6106
-94.3351
-93.957
-93.4911
-92.9621
-92.3941
-91.805
-91.2056
-90.6014
-89.994
-89.3829
-88.766
-88.1403
-87.5018
-86.8458
-86.1662
-85.4559
-84.7053
-83.9023
-83.03
-82.0647
-80.9705
-79.6901
-78.1236
-76.0728
-73.0673
-67.5767
-50.5163
40.1357
49.6141
45.9022
33.0372
11.5465
-4.0432
-15.159
-26.1231
-35.7388
-54.8834
-90.0742
-94.8701
-94.9658
-94.9592
-94.9243
-94.8508
-94.717
-94.4982
-94.18
-93.7659
-93.2751
-92.7318
-92.1571
-91.5655
-90.9656
-90.3613
-89.7534
-89.1409
-88.5213
-87.8914
-87.2469
-86.5826
-85.8922
-85.1675
-84.3982
-83.5706
-82.6654
-81.6549
-80.4963
-79.119
-77.3943
-75.0509
-71.3738
-63.5532
-28.0129
48.7256
49.388
44.6928
30.1217
8.38559
-5.95286
-16.8176
-27.861
-38.2213
-61.0272
-92.8088
-94.9174
-94.9666
-94.9543
-94.9126
-94.8277
-94.6749
-94.4296
-94.0812
-93.639
-93.1262
-92.5676
-91.9833
-91.3861
-90.7829
-90.1765
-89.5669
-88.9525
-88.3304
-87.6969
-87.0477
-86.377
-85.6781
-84.9423
-84.1583
-83.3111
-82.3795
-81.3322
-80.1202
-78.6605
-76.7965
-74.1794
-69.8035
-58.9645
4.07155
49.9802
49.252
43.2947
26.2907
4.29764
-8.85151
-19.4946
-30.5582
-43.2796
-73.2782
-94.3773
-94.9496
-94.9644
-94.942
-94.8869
-94.7809
-94.5985
-94.3183
-93.9365
-93.4683
-92.9384
-92.3705
-91.7821
-91.1839
-90.5809
-89.9749
-89.3652
-88.7499
-88.1257
-87.4889
-86.8346
-86.157
-85.4487
-84.7005
-83.9
-83.0307
-82.0688
-80.9789
-79.704
-78.1453
-76.107
-73.1258
-67.7053
-51.0731
38.9755
49.6337
46.0101
33.2974
11.8345
-3.88326
-15.025
-25.9818
-35.6571
-54.6839
-89.9332
-94.8675
-94.9657
-94.9594
-94.9246
-94.8516
-94.7185
-94.5008
-94.1838
-93.771
-93.2815
-92.7393
-92.1656
-91.5751
-90.9764
-90.3734
-89.767
-89.1562
-88.5386
-87.9109
-87.269
-86.6077
-85.9208
-85.2004
-84.4362
-83.6148
-82.7175
-81.7171
-80.5725
-79.2156
-77.5235
-75.24
-71.7031
-64.4061
-33.5199
48.8691
49.3881
44.7287
30.3026
8.67834
-5.73062
-16.6086
-27.6373
-37.8287
-60.0408
-92.5217
-94.9127
-94.9668
-94.9554
-94.9151
-94.8324
-94.6832
-94.443
-94.1003
-93.6637
-93.1553
-92.6002
-92.0183
-91.423
-90.8214
-90.2165
-89.6085
-88.9959
-88.376
-87.7453
-87.0993
-86.4325
-85.7384
-85.0086
-84.232
-83.3941
-82.4745
-81.4433
-80.2541
-78.8289
-77.0223
-74.5179
-70.4342
-60.9279
-9.61077
49.9516
49.5243
44.8843
29.9062
7.54912
-6.68474
-17.5332
-28.6337
-39.6246
-64.5407
-93.5374
-94.9291
-94.965
-94.9492
-94.9023
-94.8086
-94.6425
-94.3803
-94.0143
-93.5572
-93.0336
-92.4688
-91.8815
-91.2836
-90.6811
-90.0759
-89.4678
-88.8547
-88.2338
-87.6013
-86.9525
-86.2818
-85.5823
-84.8449
-84.0584
-83.2072
-82.2692
-81.2121
-79.9849
-78.5002
-76.5912
-73.8797
-69.2414
-57.0833
15.7625
49.9574
48.5249
40.3254
20.9837
0.855565
-11.3133
-21.9927
-32.8016
-48.0032
-82.406
-94.7082
-94.96
-94.9626
-94.9344
-94.8714
-94.754
-94.5569
-94.2618
-93.8679
-93.3921
-92.8588
-92.2905
-91.7034
-91.1071
-90.5063
-89.9024
-89.2946
-88.6809
-88.0582
-87.4225
-86.7691
-86.0919
-85.3836
-84.6348
-83.833
-82.9613
-81.9954
-80.899
-79.6137
-78.0365
-75.9631
-72.9023
-67.2273
-48.9191
42.8317
49.5708
45.6796
32.5355
11.0359
-4.31492
-15.3826
-26.3559
-35.8682
-55.1991
-90.2928
-94.8745
-94.9661
-94.9591
-94.9238
-94.8497
-94.7146
-94.494
-94.1735
-93.7574
-93.2653
-92.7215
-92.1471
-91.5565
-90.9583
-90.3562
-89.751
-89.1417
-88.5259
-87.9002
-87.2605
-86.6018
-85.9177
-85.2005
-84.4399
-83.6228
-82.7305
-81.7364
-80.5997
-79.2539
-77.5783
-75.3238
-71.8515
-64.7822
-35.8247
48.7904
49.3993
44.7941
30.4782
8.88531
-5.5913
-16.4826
-27.5048
-37.6014
-59.4724
-92.3364
-94.9096
-94.9668
-94.956
-94.9163
-94.8347
-94.6873
-94.4495
-94.1098
-93.676
-93.1701
-92.617
-92.0369
-91.4431
-90.843
-90.2398
-89.6338
-89.0234
-88.4061
-87.7784
-87.1359
-86.4733
-85.7842
-85.0602
-84.2909
-83.462
-82.5539
-81.5378
-80.3695
-78.9753
-77.2193
-74.8113
-70.9674
-62.4657
-20.5495
49.66
49.4421
44.7824
30.0975
8.1402
-6.18183
-17.0448
-28.1097
-38.6687
-62.1513
-93.0845
-94.9216
-94.966
-94.9526
-94.9092
-94.8213
-94.6639
-94.4126
-94.0577
-93.6099
-93.0932
-92.5327
-91.9482
-91.3521
-90.751
-90.1474
-89.5411
-88.9305
-88.3126
-87.6839
-87.0399
-86.375
-85.6826
-84.9542
-84.1789
-83.3418
-82.4226
-81.3908
-80.1996
-78.7697
-76.9531
-74.4257
-70.2772
-60.4698
-6.36936
49.9657
49.4898
44.6315
29.2609
6.88299
-7.12223
-17.9269
-29.032
-40.3519
-66.3384
-93.793
-94.9345
-94.9649
-94.9477
-94.8989
-94.8024
-94.6327
-94.3664
-93.9968
-93.5373
-93.0129
-92.4483
-91.8621
-91.2657
-90.6651
-90.0621
-89.4563
-88.8459
-88.2278
-87.5984
-86.9531
-86.2863
-85.5911
-84.8587
-84.078
-83.2337
-82.3042
-81.2581
-80.0456
-78.5823
-76.708
-74.0642
-69.605
-58.3315
8.19414
49.9786
49.0683
42.4452
24.6335
3.09793
-9.68645
-20.2618
-31.2682
-44.7169
-76.38
-94.5215
-94.954
-94.9639
-94.9395
-94.8817
-94.7718
-94.5843
-94.2991
-93.9135
-93.4433
-92.9132
-92.3467
-91.7606
-91.1654
-90.5659
-89.9639
-89.3587
-88.7483
-88.1296
-87.4988
-86.8514
-86.1815
-85.482
-84.7441
-83.9558
-83.1013
-82.1579
-81.092
-79.8503
-78.3409
-76.3858
-73.5744
-68.6443
-54.889
26.8052
49.8402
47.31
36.5986
15.7169
-1.86816
-13.3959
-24.2493
-34.5439
-52.0027
-87.6059
-94.8221
-94.964
-94.9608
-94.9287
-94.8602
-94.7342
-94.5263
-94.2202
-93.8174
-93.3361
-92.8003
-92.2316
-91.6455
-91.0509
-90.4523
-89.8508
-89.2456
-88.6345
-88.0145
-87.3815
-86.7309
-86.0566
-85.3513
-84.6056
-83.8071
-82.939
-81.9767
-80.8842
-79.6032
-78.0308
-75.9632
-72.9099
-67.2485
-48.9984
42.7267
49.5738
45.7005
32.5977
11.1197
-4.26038
-15.334
-26.3035
-35.8377
-55.1241
-90.2444
-94.8738
-94.9661
-94.9592
-94.924
-94.8502
-94.7155
-94.4954
-94.1755
-93.7602
-93.269
-92.7262
-92.1531
-91.5641
-90.9677
-90.3678
-89.7652
-89.1588
-88.5464
-87.9245
-87.2894
-86.6358
-85.9577
-85.2476
-84.4955
-83.6886
-82.8091
-81.8315
-80.7171
-79.4031
-77.7775
-75.6126
-72.3417
-65.9675
-42.5962
47.6583
49.4649
45.138
31.2979
9.75968
-5.04605
-16.0034
-27.0039
-36.7632
-57.3909
-91.5055
-94.8955
-94.9666
-94.9576
-94.9201
-94.8422
-94.7007
-94.4713
-94.1409
-93.7158
-93.2171
-92.6693
-92.0929
-91.5021
-90.9047
-90.3041
-89.701
-89.094
-88.4808
-87.858
-87.2213
-86.5658
-85.8852
-85.1715
-84.4149
-83.602
-82.7144
-81.7255
-80.5949
-79.2565
-77.5908
-75.3512
-71.9078
-64.9302
-36.7014
48.7326
49.4056
44.8303
30.5721
8.99308
-5.52031
-16.4189
-27.4378
-37.4875
-59.1882
-92.238
-94.908
-94.9668
-94.9562
-94.9168
-94.8358
-94.6893
-94.4528
-94.1146
-93.6824
-93.1781
-92.6266
-92.0481
-91.4562
-90.8582
-90.2574
-89.6542
-89.047
-88.4335
-87.8101
-87.1727
-86.516
-85.8337
-85.1179
-84.3583
-83.5413
-82.6483
-81.6518
-80.5102
-79.1549
-77.4612
-75.1686
-71.5992
-64.1579
-31.9291
48.8711
49.3853
44.7103
30.2461
8.60487
-5.78236
-16.6562
-27.6876
-37.9164
-60.2613
-92.59
-94.9139
-94.9668
-94.9552
-94.9146
-94.8315
-94.6816
-94.4405
-94.097
-93.6599
-93.1518
-92.5976
-92.0176
-91.4249
-90.8266
-90.2257
-89.6225
-89.0154
-88.4019
-87.7784
-87.1407
-86.4835
-85.8004
-85.0835
-84.3224
-83.5033
-82.6072
-81.6065
-80.4587
-79.0936
-77.3833
-75.0589
-71.413
-63.6801
-28.8354
48.7723
49.3868
44.6973
30.1587
8.45242
-5.90067
-16.7681
-27.8079
-38.1275
-60.7921
-92.7441
-94.9164
-94.9666
-94.9546
-94.9132
-94.8289
-94.6771
-94.4332
-94.0867
-93.6467
-93.1364
-92.5808
-92
-91.4069
-90.8086
-90.2079
-89.6049
-88.9981
-88.3848
-87.7615
-87.1239
-86.4669
-85.7839
-85.0669
-84.3055
-83.486
-82.5891
-81.5872
-80.4374
-79.0691
-77.3531
-75.0175
-71.3434
-63.5001
-27.6503
48.6996
49.3901
44.7037
30.146
8.40918
-5.93838
-16.805
-27.848
-38.1989
-60.9713
-92.7935
-94.9171
-94.9666
-94.9543
-94.9127
-94.8279
-94.6753
-94.4305
-94.0829
-93.6419
-93.1309
-92.5749
-91.9939
-91.4009
-90.8027
-90.2023
-89.5997
-88.9933
-88.3805
-87.7577
-87.1207
-86.4642
-85.7818
-85.0656
-84.305
-83.4864
-82.5906
-81.59
-80.4419
-79.0759
-77.3635
-75.0339
-71.3741
-63.5839
-28.2156
48.7366
49.3883
44.6993
30.149
8.42659
-5.92244
-16.7892
-27.8308
-38.1681
-60.8939
-92.7723
-94.9168
-94.9666
-94.9544
-94.913
-94.8284
-94.6761
-94.4318
-94.0847
-93.6444
-93.1339
-92.5783
-91.9977
-91.405
-90.8073
-90.2072
-89.605
-88.9991
-88.3869
-87.7648
-87.1286
-86.473
-85.7917
-85.0768
-84.3178
-83.5011
-82.6078
-81.6104
-80.4668
-79.1073
-77.4054
-75.0954
-71.4817
-63.8665
-30.0773
48.8274
49.3848
44.6962
30.1814
8.50332
-5.85911
-16.7282
-27.7648
-38.0512
-60.5996
-92.6896
-94.9155
-94.9667
-94.9548
-94.9138
-94.8299
-94.6789
-94.4362
-94.091
-93.6525
-93.1434
-92.5889
-92.0091
-91.4169
-90.8196
-90.22
-89.6182
-89.0129
-88.4012
-87.7799
-87.1446
-86.4902
-85.8103
-85.097
-84.3401
-83.526
-82.6361
-81.6432
-80.5059
-79.1557
-77.469
-75.1874
-71.6402
-64.2744
-32.6912
48.8741
49.3867
44.7216
30.2838
8.65609
-5.74564
-16.6222
-27.6516
-37.8535
-60.1034
-92.5414
-94.9131
-94.9668
-94.9554
-94.915
-94.8322
-94.6829
-94.4427
-94.1002
-93.6643
-93.1573
-92.6043
-92.0255
-91.4341
-90.8372
-90.2381
-89.6367
-89.0319
-88.4209
-87.8004
-87.166
-86.5128
-85.8344
-85.123
-84.3684
-83.5574
-82.6714
-81.6838
-80.5538
-79.2146
-77.5457
-75.2971
-71.8277
-64.7449
-35.603
48.8015
49.3987
44.7938
30.4827
8.89556
-5.58288
-16.4746
-27.496
-37.5862
-59.4344
-92.3237
-94.9094
-94.9668
-94.956
-94.9164
-94.8349
-94.6877
-94.4504
-94.1113
-93.6784
-93.1739
-92.6227
-92.045
-91.4544
-90.858
-90.2593
-89.6584
-89.054
-88.4436
-87.8239
-87.1905
-86.5386
-85.8618
-85.1523
-84.4003
-83.5924
-82.7107
-81.7287
-80.6067
-79.2793
-77.6295
-75.4162
-72.0283
-65.2366
-38.5176
48.5507
49.4207
44.9114
30.7714
9.21176
-5.38008
-16.2944
-27.3074
-37.2672
-58.6397
-92.0356
-94.9045
-94.9668
-94.9567
-94.9179
-94.8379
-94.693
-94.4589
-94.1233
-93.6938
-93.192
-92.6426
-92.0661
-91.4761
-90.8803
-90.282
-89.6815
-89.0776
-88.4678
-87.8489
-87.2166
-86.5659
-85.8907
-85.1833
-84.4338
-83.6294
-82.752
-81.7759
-80.662
-79.347
-77.7169
-75.5399
-72.2352
-65.7309
-41.3096
48.0374
49.4497
45.062
31.1263
9.58631
-5.14842
-16.0915
-27.0954
-36.9137
-57.7634
-91.6746
-94.8984
-94.9667
-94.9574
-94.9195
-94.841
-94.6986
-94.4678
-94.1361
-93.7101
-93.211
-92.6635
-92.0882
-91.499
-90.9037
-90.3057
-89.7057
-89.1023
-88.4932
-87.8751
-87.2438
-86.5945
-85.9209
-85.2157
-84.4689
-83.6679
-82.795
-81.8251
-80.7198
-79.4172
-77.8074
-75.6672
-72.4451
-66.2205
-43.9341
47.1215
49.4834
45.2354
31.5292
10.0076
-4.89551
-15.8726
-26.8667
-36.5377
-56.835
-91.2361
-94.891
-94.9666
-94.9581
-94.9211
-94.8442
-94.7044
-94.4773
-94.1496
-93.7272
-93.2309
-92.6854
-92.1113
-91.5228
-90.928
-90.3305
-89.7309
-89.1281
-88.5197
-87.9024
-87.2723
-86.6243
-85.9526
-85.2495
-84.5057
-83.7083
-82.8401
-81.8764
-80.78
-79.4904
-77.9012
-75.7984
-72.66
-66.7093
-46.4124
45.5719
49.5219
45.4346
31.9908
10.4915
-4.61212
-15.6298
-26.6126
-36.1367
-55.8525
-90.7004
-94.8819
-94.9664
-94.9588
-94.9228
-94.8476
-94.7106
-94.4873
-94.1638
-93.7452
-93.2519
-92.7083
-92.1355
-91.5478
-90.9536
-90.3566
-89.7575
-89.1553
-88.5476
-87.9313
-87.3024
-86.6559
-85.986
-85.2854
-84.5444
-83.7508
-82.8875
-81.9304
-80.8431
-79.567
-77.9992
-75.9349
-72.8805
-67.1981
-48.7501
43.0759
49.5687
45.6782
32.5571
11.0907
-4.27032
-15.3402
-26.3088
-35.8395
-55.1277
-90.2475
-94.874
-94.9661
-94.9593
-94.9241
-94.8503
-94.7158
-94.4959
-94.1763
-93.7616
-93.2712
-92.7299
-92.1586
-91.572
-90.9786
-90.3822
-89.7838
-89.1823
-88.5755
-87.9602
-87.3325
-86.6876
-86.0196
-85.3213
-84.5833
-83.7935
-82.9352
-81.9847
-80.9064
-79.6438
-78.0972
-76.0705
-73.0974
-67.6666
-50.8587
39.4663
49.6286
45.9972
33.3071
11.8988
-3.8236
-14.9669
-25.9161
-35.6142
-54.5779
-89.8613
-94.8667
-94.9659
-94.9596
-94.9251
-94.8525
-94.7201
-94.5033
-94.1875
-93.7763
-93.289
-92.7499
-92.1803
-91.5949
-91.0025
-90.4069
-89.8092

