-70
-68.3779
-66.3009
-62.9792
-55.6854
-24.594
43.6396
43.208
8.60224
-12.4176
-25.7774
-39.4057
-68.1216
-94.0709
-94.9605
-94.979
-94.963
-94.9316
-94.8815
-94.811
-94.7231
-94.6236
-94.5182
-94.4111
-94.3049
-94.2007
-94.099
-93.9996
-93.9025
-93.8075
-93.7143
-93.623
-93.5332
-93.445
-93.3581
-93.2726
-93.1883
-93.1053
-93.0234
-92.9426
-92.8629
-92.7841
-92.7064
-92.6296
-92.5537
-92.4787
-92.4045
-92.3312
-92.2586
-92.1868
-92.1158
-92.0454
-91.9758
-91.9068
-91.8384
-91.7707
-91.7035
-91.637
-91.571
-91.5055
-91.4406
-91.3762
-91.3122
-91.2488
-91.1858
-91.1232
-91.0611
-90.9994
-90.938
-90.8771
-90.8165
-90.7563
-90.6965
-90.6369
-90.5777
-90.5188
-90.4602
-90.4019
-90.3439
-90.2861
-90.2286
-90.1713
-90.1143
-90.0575
-90.0009
-89.9446
-89.8884
-89.8324
-89.7767
-89.7211
-89.6656
-89.6104
-89.5552
-89.5003
-89.4454
-89.3907
-89.3362
-89.2817
-89.2274
-89.1732
-89.119
-89.065
-89.0111
-88.9572
-88.9034
-88.8497
-88.7961
-88.7425
-88.689
-88.6355
-88.5821
-88.5287
-88.4753
-88.422
-88.3687
-88.3154
-88.2621
-88.2089
-88.1556
-88.1024
-88.0491
-87.9958
-87.9426
-87.8893
-87.836
-87.7826
-87.7292
-87.6758
-87.6224
-87.5689
-87.5153
-87.4617
-87.4081
-87.3544
-87.3006
-87.2468
-87.1929
-87.1389
-87.0848
-87.0306
-86.9764
-86.922
-86.8676
-86.813
-86.7583
-86.7036
-86.6487
-86.5937
-86.5385
-86.4833
-86.4279
-86.3723
-86.3166
-86.2608
-86.2048
-86.1486
-86.0923
-86.0359
-85.9792
-85.9224
-85.8653
-85.8081
-85.7507
-85.6931
-85.6353
-85.5773
-85.519
-85.4606
-85.4019
-85.343
-85.2838
-85.2244
-85.1647
-85.1047
-85.0445
-84.9841
-84.9233
-84.8622
-84.8009
-84.7392
-84.6772
-84.6149
-84.5523
-84.4893
-84.426
-84.3623
-84.2982
-84.2338
-84.169
-84.1037
-84.0381
-83.972
-83.9055
-83.8386
-83.7712
-83.7033
-83.635
-83.5661
-83.4967
-83.4268
-83.3564
-83.2854
-83.2138
-83.1416
-83.0689
-82.9954
-82.9214
-82.8466
-82.7712
-82.695
-82.6181
-82.5405
-82.462
-82.3828
-82.3027
-82.2217
-82.1398
-82.057
-81.9732
-81.8883
-81.8025
-81.7156
-81.6275
-81.5383
-81.4478
-81.3561
-81.263
-81.1686
-81.0728
-80.9754
-80.8765
-80.7759
-80.6736
-80.5696
-80.4636
-80.3557
-80.2457
-80.1335
-80.019
-79.902
-79.7825
-79.6603
-79.5353
-79.4071
-79.2758
-79.141
-79.0025
-78.8601
-78.7135
-78.5624
-78.4064
-78.2452
-78.0783
-77.9053
-77.7256
-77.5387
-77.3436
-77.1398
-76.9262
-76.7018
-76.4652
-76.215
-75.9493
-75.666
-75.3623
-75.0349
-74.6796
-74.291
-73.8619
-73.3828
-72.8403
-72.2151
-71.478
-70.5819
-69.4445
-67.9044
-65.5863
-61.3385
-49.2898
13.4333
49.5676
37.0492
-3.54069
-17.6724
-31.5615
-49.4887
-85.9714
-94.7443
-94.9741
-94.9726
-94.9497
-94.909
-94.8464
-94.7615
-94.6584
-94.5434
-94.4227
-94.3006
-94.1798
-94.0615
-93.9463
-93.8343
-93.7254
-93.6196
-93.5165
-93.4162
-93.3184
-93.2229
-93.1298
-93.0388
-92.9499
-92.8629
-92.7779
-92.6947
-92.6132
-92.5334
-92.4552
-92.3785
-92.3033
-92.2296
-92.1572
-92.0861
-92.0164
-91.9478
-91.8804
-91.8142
-91.749
-91.6849
-91.6218
-91.5597
-91.4985
-91.4383
-91.3789
-91.3204
-91.2626
-91.2057
-91.1495
-91.094
-91.0393
-90.9852
-90.9318
-90.879
-90.8268
-90.7752
-90.7241
-90.6736
-90.6237
-90.5742
-90.5252
-90.4767
-90.4287
-90.381
-90.3338
-90.287
-90.2406
-90.1946
-90.149
-90.1036
-90.0587
-90.014
-89.9697
-89.9256
-89.8819
-89.8384
-89.7952
-89.7522
-89.7095
-89.667
-89.6248
-89.5828
-89.541
-89.4994
-89.4579
-89.4167
-89.3757
-89.3348
-89.294
-89.2535
-89.2131
-89.1728
-89.1326
-89.0926
-89.0528
-89.013
-88.9733
-88.9338
-88.8943
-88.855
-88.8157
-88.7765
-88.7374
-88.6984
-88.6594
-88.6205
-88.5817
-88.5429
-88.5042
-88.4656
-88.4269
-88.3884
-88.3498
-88.3113
-88.2728
-88.2344
-88.196
-88.1575
-88.1192
-88.0808
-88.0424
-88.004
-87.9657
-87.9273
-87.889
-87.8506
-87.8122
-87.7738
-87.7354
-87.697
-87.6586
-87.6202
-87.5817
-87.5432
-87.5046
-87.4661
-87.4275
-87.3889
-87.3502
-87.3115
-87.2727
-87.2339
-87.1951
-87.1562
-87.1172
-87.0782
-87.0392
-87
-86.9609
-86.9216
-86.8823
-86.8429
-86.8035
-86.7639
-86.7244
-86.6847
-86.6449
-86.6051
-86.5652
-86.5252
-86.4851
-86.4449
-86.4047
-86.3643
-86.3238
-86.2833
-86.2426
-86.2019
-86.161
-86.12
-86.0789
-86.0377
-85.9964
-85.955
-85.9135
-85.8718
-85.83
-85.7881
-85.746
-85.7038
-85.6615
-85.6191
-85.5765
-85.5337
-85.4908
-85.4478
-85.4046
-85.3613
-85.3178
-85.2741
-85.2303
-85.1863
-85.1422
-85.0978
-85.0533
-85.0086
-84.9638
-84.9187
-84.8735
-84.828
-84.7824
-84.7365
-84.6905
-84.6442
-84.5977
-84.551
-84.5041
-84.457
-84.4096
-84.3619
-84.3141
-84.266
-84.2176
-84.169
-84.1201
-84.0709
-84.0215
-83.9718
-83.9218
-83.8715
-83.8209
-83.77
-83.7188
-83.6672
-83.6153
-83.5631
-83.5106
-83.4577
-83.4044
-83.3508
-83.2968
-83.2424
-83.1876
-83.1324
-83.0768
-83.0208
-82.9643
-82.9074
-82.85
-82.7921
-82.7338
-82.6749
-82.6156
-82.5557
-82.4953
-82.4343
-82.3727
-82.3106
-82.2478
-82.1844
-82.1204
-82.0557
-81.9904
-81.9243
-81.8575
-81.7899
-81.7216
-81.6525
-81.5825
-81.5117
-81.44
-81.3674
-81.2938
-81.2193
-81.1437
-81.0671
-80.9894
-80.9105
-80.8304
-80.7491
-80.6665
-80.5826
-80.4973
-80.4105
-80.3222
-80.2323
-80.1408
-80.0475
-79.9523
-79.8553
-79.7562
-79.6551
-79.5517
-79.4459
-79.3377
-79.2268
-79.1131
-78.9965
-78.8768
-78.7538
-78.6272
-78.4968
-78.3623
-78.2235
-78.0801
-77.9315
-77.7776
-77.6177
-77.4514
-77.2781
-77.0971
-76.9076
-76.7088
-76.4996
-76.2789
-76.0452
-75.7967
-75.5315
-75.247
-74.9402
-74.6071
-74.2428
-73.8408
-73.3926
-72.8861
-72.3044
-71.6221
-70.7995
-69.7684
-68.4015
-66.4196
-63.051
-55.0505
-17.6011
48.5127
44.4097
12.2277
-11.8132
-25.1048
-38.7727
-66.5087
-93.9507
-94.9584
-94.9776
-94.9595
-94.9237
-94.8646
-94.7788
-94.6689
-94.5416
-94.4048
-94.2647
-94.1252
-93.9886
-93.8557
-93.7271
-93.6025
-93.482
-93.3654
-93.2523
-93.1428
-93.0364
-92.9332
-92.833
-92.7355
-92.6408
-92.5486
-92.4589
-92.3716
-92.2866
-92.2037
-92.1229
-92.0442
-91.9673
-91.8923
-91.8191
-91.7476
-91.6777
-91.6094
-91.5427
-91.4773
-91.4134
-91.3509
-91.2897
-91.2297
-91.1709
-91.1133
-91.0568
-91.0013
-90.9469
-90.8935
-90.8411
-90.7896
-90.739
-90.6892
-90.6403
-90.5922
-90.5448
-90.4982
-90.4523
-90.4071
-90.3626
-90.3187
-90.2754
-90.2327
-90.1905
-90.149
-90.1079
-90.0674
-90.0273
-89.9878
-89.9487
-89.91
-89.8718
-89.8339
-89.7965
-89.7594
-89.7227
-89.6864
-89.6504
-89.6147
-89.5794
-89.5443
-89.5096
-89.4751
-89.4409
-89.4069
-89.3732
-89.3398
-89.3065
-89.2735
-89.2407
-89.2082
-89.1758
-89.1436
-89.1116
-89.0797
-89.0481
-89.0166
-88.9852
-88.954
-88.9229
-88.892
-88.8612
-88.8306
-88.8
-88.7696
-88.7392
-88.709
-88.6789
-88.6489
-88.6189
-88.5891
-88.5593
-88.5296
-88.5
-88.4705
-88.441
-88.4116
-88.3822
-88.3529
-88.3237
-88.2945
-88.2653
-88.2362
-88.2071
-88.1781
-88.1491
-88.1201
-88.0912
-88.0623
-88.0334
-88.0046
-87.9757
-87.9469
-87.9181
-87.8893
-87.8605
-87.8318
-87.803
-87.7742
-87.7455
-87.7167
-87.688
-87.6592
-87.6305
-87.6017
-87.573
-87.5442
-87.5154
-87.4866
-87.4578
-87.429
-87.4001
-87.3713
-87.3424
-87.3135
-87.2846
-87.2557
-87.2267
-87.1978
-87.1688
-87.1397
-87.1107
-87.0816
-87.0525
-87.0233
-86.9941
-86.9649
-86.9357
-86.9064
-86.8771
-86.8477
-86.8183
-86.7889
-86.7594
-86.7299
-86.7003
-86.6707
-86.6411
-86.6114
-86.5816
-86.5518
-86.522
-86.4921
-86.4622
-86.4322
-86.4021
-86.372
-86.3419
-86.3117
-86.2814
-86.2511
-86.2207
-86.1903
-86.1598
-86.1293
-86.0986
-86.068
-86.0372
-86.0064
-85.9755
-85.9446
-85.9136
-85.8825
-85.8514
-85.8201
-85.7888
-85.7575
-85.726
-85.6945
-85.6629
-85.6313
-85.5995
-85.5677
-85.5358
-85.5038
-85.4717
-85.4396
-85.4073
-85.375
-85.3425
-85.31
-85.2774
-85.2447
-85.2119
-85.179
-85.1461
-85.113
-85.0798
-85.0465
-85.0131
-84.9796
-84.946
-84.9123
-84.8785
-84.8446
-84.8105
-84.7764
-84.7421
-84.7077
-84.6732
-84.6385
-84.6038
-84.5689
-84.5339
-84.4987
-84.4634
-84.428
-84.3925
-84.3568
-84.3209
-84.285
-84.2488
-84.2126
-84.1761
-84.1395
-84.1028
-84.0659
-84.0288
-83.9916
-83.9542
-83.9166
-83.8789
-83.841
-83.8029
-83.7646
-83.7261
-83.6874
-83.6485
-83.6095
-83.5702
-83.5307
-83.491
-83.4511
-83.411
-83.3706
-83.33
-83.2892
-83.2482
-83.2069
-83.1653
-83.1235
-83.0815
-83.0391
-82.9965
-82.9537
-82.9105
-82.8671
-82.8233
-82.7793
-82.7349
-82.6903
-82.6453
-82.5999
-82.5543
-82.5083
-82.4619
-82.4151
-82.368
-82.3205
-82.2727
-82.2244
-82.1757
-82.1265
-82.077
-82.027
-81.9765
-81.9256
-81.8742
-81.8223
-81.7698
-81.7169
-81.6634
-81.6093
-81.5547
-81.4995
-81.4437
-81.3872
-81.3301
-81.2724
-81.2139
-81.1547
-81.0948
-81.0342
-80.9727
-80.9105
-80.8474
-80.7835
-80.7186
-80.6528
-80.5861
-80.5183
-80.4495
-80.3796
-80.3086
-80.2364
-80.1631
-80.0884
-80.0124
-79.9351
-79.8563
-79.7759
-79.6941
-79.6105
-79.5253
-79.4382
-79.3492
-79.2582
-79.1651
-79.0698
-78.9722
-78.8721
-78.7693
-78.6638
-78.5553
-78.4437
-78.3288
-78.2103
-78.088
-77.9616
-77.8309
-77.6954
-77.5548
-77.4087
-77.2567
-77.0981
-76.9324
-76.7589
-76.5768
-76.3851
-76.1828
-75.9687
-75.7411
-75.4985
-75.2384
-74.9584
-74.6551
-74.3243
-73.9607
-73.5573
-73.1044
-72.5891
-71.992
-71.2843
-70.4194
-69.3155
-67.8123
-65.5362
-61.3324
-49.2286
13.2925
49.5658
36.9727
-3.77017
-17.8557
-31.7776
-49.9652
-86.4837
-94.753
-94.9719
-94.9676
-94.9397
-94.8897
-94.8121
-94.7056
-94.5748
-94.4279
-94.2727
-94.1153
-93.9593
-93.807
-93.6592
-93.5163
-93.3783
-93.2452
-93.1167
-92.9927
-92.8729
-92.7572
-92.6454
-92.5372
-92.4326
-92.3314
-92.2334
-92.1386
-92.0467
-91.9577
-91.8714
-91.7877
-91.7065
-91.6278
-91.5513
-91.4771
-91.4051
-91.3351
-91.267
-91.2009
-91.1365
-91.074
-91.0131
-90.9538
-90.8961
-90.8399
-90.7851
-90.7317
-90.6796
-90.6288
-90.5792
-90.5309
-90.4836
-90.4375
-90.3924
-90.3483
-90.3052
-90.2631
-90.2219
-90.1815
-90.142
-90.1032
-90.0653
-90.0281
-89.9916
-89.9558
-89.9207
-89.8863
-89.8524
-89.8192
-89.7865
-89.7544
-89.7228
-89.6917
-89.6611
-89.631
-89.6014
-89.5722
-89.5434
-89.515
-89.487
-89.4594
-89.4322
-89.4053
-89.3787
-89.3525
-89.3266
-89.301
-89.2756
-89.2506
-89.2258
-89.2013
-89.177
-89.1529
-89.1291
-89.1055
-89.0821
-89.0589
-89.0359
-89.0131
-88.9904
-88.968
-88.9457
-88.9235
-88.9016
-88.8797
-88.858
-88.8364
-88.815
-88.7937
-88.7724
-88.7514
-88.7304
-88.7095
-88.6887
-88.668
-88.6474
-88.6269
-88.6064
-88.5861
-88.5658
-88.5456
-88.5254
-88.5053
-88.4853
-88.4654
-88.4454
-88.4256
-88.4058
-88.386
-88.3663
-88.3466
-88.327
-88.3074
-88.2878
-88.2683
-88.2488
-88.2293
-88.2098
-88.1904
-88.171
-88.1516
-88.1323
-88.113
-88.0936
-88.0743
-88.055
-88.0357
-88.0165
-87.9972
-87.978
-87.9587
-87.9395
-87.9203
-87.901
-87.8818
-87.8626
-87.8434
-87.8241
-87.8049
-87.7857
-87.7665
-87.7473
-87.728
-87.7088
-87.6896
-87.6703
-87.6511
-87.6318
-87.6126
-87.5933
-87.574
-87.5548
-87.5355
-87.5162
-87.4968
-87.4775
-87.4582
-87.4388
-87.4195
-87.4001
-87.3807
-87.3613
-87.3419
-87.3225
-87.3031
-87.2836
-87.2642
-87.2447
-87.2252
-87.2057
-87.1862
-87.1666
-87.1471
-87.1275
-87.1079
-87.0883
-87.0687
-87.0491
-87.0294
-87.0098
-86.9901
-86.9704
-86.9507
-86.9309
-86.9112
-86.8914
-86.8716
-86.8518
-86.832
-86.8121
-86.7923
-86.7724
-86.7525
-86.7326
-86.7126
-86.6927
-86.6727
-86.6527
-86.6327
-86.6126
-86.5926
-86.5725
-86.5524
-86.5323
-86.5122
-86.492
-86.4718
-86.4516
-86.4314
-86.4112
-86.3909
-86.3706
-86.3503
-86.33
-86.3097
-86.2893
-86.2689
-86.2485
-86.2281
-86.2076
-86.1872
-86.1667
-86.1462
-86.1256
-86.1051
-86.0845
-86.0639
-86.0432
-86.0226
-86.0019
-85.9812
-85.9605
-85.9398
-85.919
-85.8982
-85.8774
-85.8565
-85.8357
-85.8148
-85.7939
-85.7729
-85.752
-85.731
-85.71
-85.6889
-85.6679
-85.6468
-85.6256
-85.6045
-85.5833
-85.5621
-85.5409
-85.5196
-85.4983
-85.477
-85.4557
-85.4343
-85.4129
-85.3915
-85.37
-85.3486
-85.327
-85.3055
-85.2839
-85.2623
-85.2407
-85.219
-85.1973
-85.1756
-85.1538
-85.132
-85.1102
-85.0883
-85.0664
-85.0444
-85.0225
-85.0005
-84.9784
-84.9563
-84.9342
-84.9121
-84.8899
-84.8676
-84.8454
-84.8231
-84.8007
-84.7783
-84.7559
-84.7334
-84.7109
-84.6884
-84.6658
-84.6431
-84.6204
-84.5977
-84.5749
-84.5521
-84.5293
-84.5064
-84.4834
-84.4604
-84.4373
-84.4142
-84.3911
-84.3679
-84.3446
-84.3213
-84.2979
-84.2745
-84.2511
-84.2275
-84.204
-84.1803
-84.1566
-84.1329
-84.109
-84.0852
-84.0612
-84.0372
-84.0132
-83.989
-83.9649
-83.9406
-83.9163
-83.8919
-83.8674
-83.8429
-83.8183
-83.7936
-83.7688
-83.744
-83.7191
-83.6941
-83.6691
-83.6439
-83.6187
-83.5934
-83.568
-83.5426
-83.517
-83.4914
-83.4656
-83.4398
-83.4139
-83.3879
-83.3618
-83.3356
-83.3093
-83.2829
-83.2564
-83.2298
-83.2031
-83.1762
-83.1493
-83.1223
-83.0951
-83.0678
-83.0404
-83.0129
-82.9853
-82.9575
-82.9297
-82.9016
-82.8735
-82.8452
-82.8168
-82.7883
-82.7596
-82.7308
-82.7018
-82.6726
-82.6434
-82.6139
-82.5843
-82.5546
-82.5247
-82.4946
-82.4643
-82.4339
-82.4033
-82.3725
-82.3415
-82.3103
-82.279
-82.2474
-82.2157
-82.1837
-82.1515
-82.1191
-82.0865
-82.0537
-82.0206
-81.9873
-81.9538
-81.92
-81.886
-81.8517
-81.8172
-81.7824
-81.7473
-81.712
-81.6763
-81.6404
-81.6041
-81.5676
-81.5307
-81.4935
-81.456
-81.4182
-81.38
-81.3414
-81.3025
-81.2632
-81.2235
-81.1834
-81.143
-81.1021
-81.0607
-81.019
-80.9767
-80.934
-80.8909
-80.8472
-80.8031
-80.7584
-80.7131
-80.6674
-80.621
-80.5741
-80.5265
-80.4784
-80.4296
-80.3801
-80.3299
-80.279
-80.2274
-80.175
-80.1218
-80.0678
-80.013
-79.9573
-79.9007
-79.8431
-79.7845
-79.7249
-79.6643
-79.6026
-79.5397
-79.4756
-79.4103
-79.3436
-79.2756
-79.2062
-79.1353
-79.0629
-78.9888
-78.913
-78.8354
-78.7559
-78.6744
-78.5909
-78.5051
-78.417
-78.3264
-78.2332
-78.1372
-78.0383
-77.9362
-77.8308
-77.7218
-77.609
-77.4921
-77.3707
-77.2446
-77.1133
-76.9765
-76.8335
-76.6839
-76.5271
-76.3622
-76.1885
-76.005
-75.8106
-75.6038
-75.3832
-75.1468
-74.8922
-74.6166
-74.3165
-73.9871
-73.6226
-73.2152
-72.7539
-72.2237
-71.6022
-70.8547
-69.9234
-68.703
-66.9728
-64.1645
-58.172
-34.6649
41.196
44.5371
13.9747
-11.427
-24.6237
-38.3226
-65.3715
-93.8364
-94.9533
-94.9752
-94.9559
-94.9167
-94.851
-94.7538
-94.626
-94.4745
-94.3082
-94.1353
-93.9615
-93.7905
-93.6241
-93.4632
-93.3083
-93.1592
-93.0158
-92.878
-92.7455
-92.6181
-92.4955
-92.3775
-92.2639
-92.1545
-92.0491
-91.9476
-91.8497
-91.7553
-91.6643
-91.5766
-91.4919
-91.4102
-91.3313
-91.2551
-91.1815
-91.1105
-91.0418
-90.9755
-90.9113
-90.8493
-90.7893
-90.7313
-90.6752
-90.6209
-90.5683
-90.5174
-90.468
-90.4202
-90.3739
-90.3291
-90.2856
-90.2434
-90.2024
-90.1627
-90.1241
-90.0867
-90.0504
-90.015
-89.9807
-89.9474
-89.9149
-89.8834
-89.8527
-89.8228
-89.7937
-89.7654
-89.7378
-89.7109
-89.6846
-89.6591
-89.6341
-89.6097
-89.5859
-89.5627
-89.54
-89.5178
-89.4961
-89.4749
-89.4541
-89.4337
-89.4138
-89.3943
-89.3751
-89.3563
-89.3379
-89.3198
-89.3021
-89.2846
-89.2675
-89.2507
-89.2341
-89.2178
-89.2017
-89.1859
-89.1703
-89.155
-89.1398
-89.1249
-89.1102
-89.0956
-89.0812
-89.067
-89.053
-89.0391
-89.0254
-89.0118
-88.9984
-88.9851
-88.9719
-88.9588
-88.9458
-88.933
-88.9203
-88.9076
-88.8951
-88.8826
-88.8702
-88.8579
-88.8457
-88.8335
-88.8214
-88.8094
-88.7975
-88.7856
-88.7737
-88.7619
-88.7502
-88.7385
-88.7268
-88.7152
-88.7036
-88.6921
-88.6806
-88.6691
-88.6576
-88.6462
-88.6348
-88.6234
-88.6121
-88.6007
-88.5894
-88.5781
-88.5668
-88.5555
-88.5443
-88.533
-88.5218
-88.5105
-88.4993
-88.4881
-88.4768
-88.4656
-88.4544
-88.4432
-88.432
-88.4208
-88.4096
-88.3984
-88.3872
-88.3759
-88.3647
-88.3535
-88.3423
-88.3311
-88.3198
-88.3086
-88.2973
-88.2861
-88.2748
-88.2636
-88.2523
-88.241
-88.2297
-88.2184
-88.2071
-88.1958
-88.1845
-88.1732
-88.1618
-88.1505
-88.1391
-88.1278
-88.1164
-88.105
-88.0936
-88.0822
-88.0708
-88.0594
-88.048
-88.0365
-88.0251
-88.0136
-88.0022
-87.9907
-87.9792
-87.9677
-87.9562
-87.9447
-87.9332
-87.9217
-87.9101
-87.8986
-87.887
-87.8755
-87.8639
-87.8523
-87.8407
-87.8292
-87.8176
-87.806
-87.7943
-87.7827
-87.7711
-87.7595
-87.7478
-87.7362
-87.7245
-87.7129
-87.7012
-87.6896
-87.6779
-87.6662
-87.6546
-87.6429
-87.6312
-87.6195
-87.6078
-87.5961
-87.5844
-87.5727
-87.561
-87.5493
-87.5376
-87.5258
-87.5141
-87.5024
-87.4907
-87.479
-87.4672
-87.4555
-87.4438
-87.432
-87.4203
-87.4086
-87.3969
-87.3851
-87.3734
-87.3617
-87.35
-87.3382
-87.3265
-87.3148
-87.3031
-87.2913
-87.2796
-87.2679
-87.2562
-87.2445
-87.2328
-87.2211
-87.2094
-87.1977
-87.186
-87.1743
-87.1626
-87.1509
-87.1392
-87.1275
-87.1159
-87.1042
-87.0925
-87.0809
-87.0692
-87.0576
-87.0459
-87.0343
-87.0227
-87.011
-86.9994
-86.9878
-86.9762
-86.9646
-86.953
-86.9414
-86.9299
-86.9183
-86.9067
-86.8952
-86.8836
-86.8721
-86.8606
-86.849
-86.8375
-86.826
-86.8145
-86.803
-86.7916
-86.7801
-86.7686
-86.7572
-86.7457
-86.7343
-86.7229
-86.7115
-86.7001
-86.6887
-86.6773
-86.6659
-86.6545
-86.6432
-86.6318
-86.6205
-86.6092
-86.5979
-86.5866
-86.5753
-86.564
-86.5527
-86.5415
-86.5303
-86.519
-86.5078
-86.4966
-86.4854
-86.4742
-86.463
-86.4519
-86.4407
-86.4296
-86.4185
-86.4074
-86.3963
-86.3852
-86.3741
-86.3631
-86.352
-86.341
-86.3299
-86.3189
-86.3079
-86.297
-86.286
-86.275
-86.2641
-86.2532
-86.2423
-86.2314
-86.2205
-86.2096
-86.1987
-86.1879
-86.1771
-86.1662
-86.1554
-86.1446
-86.1339
-86.1231
-86.1123
-86.1016
-86.0909
-86.0802
-86.0695
-86.0588
-86.0482
-86.0375
-86.0269
-86.0163
-86.0056
-85.9951
-85.9845
-85.9739
-85.9634
-85.9529
-85.9423
-85.9318
-85.9213
-85.9109
-85.9004
-85.89
-85.8795
-85.8691
-85.8587
-85.8484
-85.838
-85.8276
-85.8173
-85.807
-85.7967
-85.7864
-85.7761
-85.7658
-85.7556
-85.7454
-85.7352
-85.725
-85.7148
-85.7046
-85.6945
-85.6843
-85.6742
-85.6641
-85.654
-85.6439
-85.6339
-85.6238
-85.6138
-85.6038
-85.5938
-85.5838
-85.5738
-85.5638
-85.5539
-85.544
-85.5341
-85.5242
-85.5143
-85.5044
-85.4946
-85.4848
-85.475
-85.4652
-85.4554
-85.4456
-85.4359
-85.4261
-85.4164
-85.4067
-85.397
-85.3873
-85.3776
-85.368
-85.3584
-85.3487
-85.3391
-85.3296
-85.32
-85.3104
-85.3009
-85.2914
-85.2819
-85.2724
-85.2629
-85.2534
-85.244
-85.2346
-85.2251
-85.2157
-85.2063
-85.197
-85.1876
-85.1783
-85.1689
-85.1596
-85.1503
-85.141
-85.1318
-85.1225
-85.1133
-85.1041
-85.0949
-85.0857
-85.0765
-85.0673
-85.0582
-85.049
-85.0399
-85.0308
-85.0217
-85.0127
-85.0036
-84.9946
-84.9855
-84.9765
-84.9675
-84.9585
-84.9495
-84.9406
-84.9316
-84.9227
-84.9138
-84.9049
-84.896
-84.8871
-84.8783
-84.8694
-84.8606
-84.8518
-84.843
-84.8342
-84.8254
-84.8166
-84.8079
-84.7992
-84.7905
-84.7817
-84.7731
-84.7644
-84.7557
-84.7471
-84.7384
-84.7298
-84.7212
-84.7126
-84.704
-84.6955
-84.6869
-84.6784
-84.6698
-84.6613
-84.6528
-84.6443
-84.6359
-84.6274
-84.619
-84.6105
-84.6021
-84.5937
-84.5853
-84.5769
-84.5686
-84.5602
-84.5519
-84.5435
-84.5352
-84.5269
-84.5186
-84.5103
-84.5021
-84.4938
-84.4856
-84.4774
-84.4691
-84.4609
-84.4527
-84.4446
-84.4364
-84.4282
-84.4201
-84.412
-84.4039
-84.3958
-84.3877
-84.3796
-84.3715
-84.3634
-84.3554
-84.3474
-84.3394
-84.3313
-84.3233
-84.3154
-84.3074
-84.2994
-84.2915
-84.2835
-84.2756
-84.2677
-84.2598
-84.2519
-84.244
-84.2362
-84.2283
-84.2204
-84.2126
-84.2048
-84.197
-84.1892
-84.1814
-84.1736
-84.1658
-84.158
-84.1503
-84.1425
-84.1348
-84.1271
-84.1194
-84.1117
-84.104
-84.0963
-84.0887
-84.081
-84.0734
-84.0657
-84.0581
-84.0505
-84.0429
-84.0353
-84.0277
-84.0201
-84.0126
-84.005
-83.9975
-83.9899
-83.9824
-83.9749
-83.9674
-83.9599
-83.9524
-83.9449
-83.9374
-83.93
-83.9225
-83.9151
-83.9076
-83.9002
-83.8928
-83.8854
-83.878
-83.8706
-83.8632
-83.8559
-83.8485
-83.8412
-83.8338
-83.8265
-83.8192
-83.8118
-83.8045
-83.7972
-83.7899
-83.7827
-83.7754
-83.7681
-83.7608
-83.7536
-83.7463
-83.7391
-83.7319
-83.7247
-83.7174
-83.7102
-83.703
-83.6958
-83.6887
-83.6815
-83.6743
-83.6671
-83.66
-83.6528
-83.6457
-83.6386
-83.6314
-83.6243
-83.6172
-83.6101
-83.603
-83.5959
-83.5888
-83.5818
-83.5747
-83.5676
-83.5606
-83.5535
-83.5465
-83.5394
-83.5324
-83.5254
-83.5183
-83.5113
-83.5043
-83.4973
-83.4903
-83.4833
-83.4763
-83.4694
-83.4624
-83.4554
-83.4484
-83.4415
-83.4345
-83.4276
-83.4206
-83.4137
-83.4068
-83.3998
-83.3929
-83.386
-83.3791
-83.3722
-83.3653
-83.3584
-83.3515
-83.3446
-83.3377
-83.3308
-83.3239
-83.3171
-83.3102
-83.3033
-83.2965
-83.2896
-83.2828
-83.2759
-83.2691
-83.2622
-83.2554
-83.2486
-83.2417
-83.2349
-83.2281
-83.2212
-83.2144
-83.2076
-83.2008
-83.194
-83.1872
-83.1804
-83.1736
-83.1668
-83.16
-83.1532
-83.1464
-83.1396
-83.1328
-83.126
-83.1192
-83.1124
-83.1057
-83.0989
-83.0921
-83.0853
-83.0786
-83.0718
-83.065
-83.0583
-83.0515
-83.0447
-83.038
-83.0312
-83.0244
-83.0177
-83.0109
-83.0041
-82.9974
-82.9906
-82.9839
-82.9771
-82.9703
-82.9636
-82.9568
-82.9501
-82.9433
-82.9365
-82.9298
-82.923
-82.9162
-82.9095
-82.9027
-82.896
-82.8892
-82.8824
-82.8757
-82.8689
-82.8621
-82.8554
-82.8486
-82.8418
-82.8351
-82.8283
-82.8215
-82.8147
-82.8079
-82.8012
-82.7944
-82.7876
-82.7808
-82.774
-82.7672
-82.7604
-82.7536
-82.7468
-82.74
-82.7331
-82.7263
-82.7195
-82.7127
-82.7059
-82.699
-82.6922
-82.6853
-82.6785
-82.6717
-82.6648
-82.6579
-82.6511
-82.6442
-82.6374
-82.6305
-82.6236
-82.6167
-82.6098
-82.6029
-82.596
-82.5891
-82.5822
-82.5753
-82.5684
-82.5614
-82.5545
-82.5476
-82.5406
-82.5336
-82.5267
-82.5197
-82.5127
-82.5057
-82.4987
-82.4917
-82.4847
-82.4777
-82.4707
-82.4636
-82.4566
-82.4495
-82.4425
-82.4354
-82.4283
-82.4212
-82.4141
-82.407
-82.3999
-82.3928
-82.3856
-82.3785
-82.3713
-82.3642
-82.357
-82.3498
-82.3426
-82.3354
-82.3282
-82.3209
-82.3137
-82.3064
-82.2992
-82.2919
-82.2846
-82.2773
-82.27
-82.2626
-82.2553
-82.2479
-82.2405
-82.2331
-82.2257
-82.2183
-82.2109
-82.2034
-82.196
-82.1885
-82.181
-82.1735
-82.166
-82.1584
-82.1509
-82.1433
-82.1357
-82.1281
-82.1205
-82.1128
-82.1052
-82.0975
-82.0898
-82.0821
-82.0744
-82.0666
-82.0588
-82.051
-82.0432
-82.0354
-82.0275
-82.0197
-82.0118
-82.0039
-81.9959
-81.988
-81.98
-81.972
-81.9639
-81.9559
-81.9478
-81.9397
-81.9316
-81.9235
-81.9153
-81.9071
-81.8989
-81.8907
-81.8824
-81.8741
-81.8658
-81.8574
-81.8491
-81.8407
-81.8322
-81.8238
-81.8153
-81.8068
-81.7982
-81.7896
-81.781
-81.7724
-81.7637
-81.755
-81.7463
-81.7375
-81.7287
-81.7199
-81.711
-81.7021
-81.6931
-81.6842
-81.6752
-81.6661
-81.657
-81.6479
-81.6388
-81.6296
-81.6204
-81.6111
-81.6018
-81.5924
-81.583
-81.5736
-81.5641
-81.5546
-81.5451
-81.5355
-81.5258
-81.5161
-81.5064
-81.4966
-81.4867
-81.4769
-81.4669
-81.457
-81.4469
-81.4368
-81.4267
-81.4165
-81.4063
-81.396
-81.3857
-81.3753
-81.3649
-81.3544
-81.3438
-81.3332
-81.3225
-81.3118
-81.301
-81.2901
-81.2792
-81.2682
-81.2571
-81.246
-81.2348
-81.2236
-81.2123
-81.2009
-81.1894
-81.1779
-81.1663
-81.1546
-81.1429
-81.1311
-81.1192
-81.1072
-81.0952
-81.083
-81.0708
-81.0585
-81.0461
-81.0337
-81.0211
-81.0085
-80.9957
-80.9829
-80.97
-80.957
-80.9438
-80.9306
-80.9173
-80.9039
-80.8904
-80.8768
-80.8631
-80.8493
-80.8354
-80.8213
-80.8071
-80.7929
-80.7785
-80.764
-80.7493
-80.7346
-80.7197
-80.7047
-80.6896
-80.6743
-80.6589
-80.6433
-80.6277
-80.6118
-80.5959
-80.5797
-80.5635
-80.547
-80.5305
-80.5137
-80.4968
-80.4797
-80.4625
-80.4451
-80.4275
-80.4097
-80.3918
-80.3736
-80.3553
-80.3368
-80.3181
-80.2991
-80.28
-80.2606
-80.2411
-80.2213
-80.2013
-80.181
-80.1606
-80.1399
-80.1189
-80.0977
-80.0762
-80.0544
-80.0324
-80.0101
-79.9875
-79.9647
-79.9415
-79.9181
-79.8943
-79.8702
-79.8457
-79.821
-79.7959
-79.7704
-79.7445
-79.7183
-79.6917
-79.6648
-79.6374
-79.6096
-79.5813
-79.5527
-79.5235
-79.4939
-79.4639
-79.4333
-79.4022
-79.3706
-79.3385
-79.3058
-79.2725
-79.2386
-79.2041
-79.169
-79.1333
-79.0968
-79.0596
-79.0218
-78.9831
-78.9437
-78.9035
-78.8625
-78.8206
-78.7778
-78.734
-78.6893
-78.6436
-78.5968
-78.5489
-78.4999
-78.4497
-78.3982
-78.3455
-78.2914
-78.2358
-78.1788
-78.1202
-78.0599
-77.998
-77.9342
-77.8685
-77.8008
-77.731
-77.6589
-77.5845
-77.5075
-77.4278
-77.3453
-77.2598
-77.171
-77.0787
-76.9828
-76.8829
-76.7786
-76.6698
-76.5559
-76.4366
-76.3114
-76.1797
-76.0409
-75.8943
-75.7391
-75.5743
-75.3988
-75.2113
-75.0101
-74.7935
-74.5591
-74.3041
-74.0248
-73.7169
-73.3744
-72.9896
-72.5518
-72.046
-71.4502
-70.73
-69.8286
-68.6418
-66.9521
-64.1987
-58.2945
-35.1005
40.8512
44.5475
13.9003
-11.4801
-24.6975
-38.3931
-65.5527
-93.8527
-94.9519
-94.9728
-94.9513
-94.9076
-94.8339
-94.7243
-94.5796
-94.4075
-94.2182
-94.0211
-93.8232
-93.6286
-93.4399
-93.2579
-93.0834
-92.9161
-92.7561
-92.603
-92.4566
-92.3165
-92.1825
-92.0543
-91.9316
-91.8142
-91.7017
-91.5941
-91.4911
-91.3924
-91.2979
-91.2074
-91.1208
-91.0378
-90.9583
-90.8821
-90.8091
-90.7393
-90.6723
-90.6082
-90.5468
-90.488
-90.4316
-90.3776
-90.3259
-90.2764
-90.2289
-90.1835
-90.14
-90.0983
-90.0584
-90.0201
-89.9835
-89.9485
-89.9149
-89.8828
-89.852
-89.8226
-89.7944
-89.7674
-89.7416
-89.7169
-89.6932
-89.6706
-89.6489
-89.6282
-89.6083
-89.5894
-89.5712
-89.5538
-89.5372
-89.5213
-89.5061
-89.4915
-89.4776
-89.4642
-89.4515
-89.4393
-89.4276
-89.4164
-89.4057
-89.3955
-89.3857
-89.3763
-89.3673
-89.3587
-89.3505
-89.3426
-89.335
-89.3277
-89.3208
-89.3141
-89.3076
-89.3015
-89.2955
-89.2898
-89.2844
-89.2791
-89.274
-89.2691
-89.2643
-89.2598
-89.2553
-89.2511
-89.2469
-89.2429
-89.239
-89.2352
-89.2315
-89.2279
-89.2244
-89.221
-89.2177
-89.2144
-89.2112
-89.208
-89.2049
-89.2019
-89.1989
-89.1959
-89.193
-89.1901
-89.1872
-89.1844
-89.1815
-89.1787
-89.1759
-89.1731
-89.1703
-89.1676
-89.1648
-89.162
-89.1592
-89.1564
-89.1536
-89.1508
-89.148
-89.1451
-89.1422
-89.1394
-89.1364
-89.1335
-89.1306
-89.1276
-89.1246
-89.1216
-89.1185
-89.1154
-89.1123
-89.1091
-89.106
-89.1027
-89.0995
-89.0962
-89.0929
-89.0895
-89.0861
-89.0827
-89.0792
-89.0757
-89.0722
-89.0686
-89.065
-89.0613
-89.0576
-89.0539
-89.0501
-89.0463
-89.0425
-89.0386
-89.0346
-89.0307
-89.0266
-89.0226
-89.0185
-89.0144
-89.0102
-89.006
-89.0018
-88.9975
-88.9932
-88.9888
-88.9844
-88.98
-88.9755
-88.971
-88.9665
-88.9619
-88.9573
-88.9527
-88.948
-88.9433
-88.9385
-88.9338
-88.9289
-88.9241
-88.9192
-88.9143
-88.9094
-88.9044
-88.8994
-88.8944
-88.8893
-88.8842
-88.8791
-88.8739
-88.8687
-88.8635
-88.8583
-88.853
-88.8478
-88.8424
-88.8371
-88.8317
-88.8264
-88.8209
-88.8155
-88.8101
-88.8046
-88.7991
-88.7936
-88.788
-88.7824
-88.7769
-88.7713
-88.7656
-88.76
-88.7543
-88.7486
-88.7429
-88.7372
-88.7315
-88.7258
-88.72
-88.7142
-88.7084
-88.7026
-88.6968
-88.6909
-88.6851
-88.6792
-88.6734
-88.6675
-88.6616
-88.6557
-88.6498
-88.6438
-88.6379
-88.6319
-88.626
-88.62
-88.614
-88.608
-88.6021
-88.5961
-88.59
-88.584
-88.578
-88.572
-88.566
-88.5599
-88.5539
-88.5478
-88.5418
-88.5357
-88.5297
-88.5236
-88.5176
-88.5115
-88.5054
-88.4993
-88.4933
-88.4872
-88.4811
-88.4751
-88.469
-88.4629
-88.4568
-88.4508
-88.4447
-88.4386
-88.4325
-88.4265
-88.4204
-88.4143
-88.4083
-88.4022
-88.3962
-88.3901
-88.3841
-88.378
-88.372
-88.3659
-88.3599
-88.3539
-88.3478
-88.3418
-88.3358
-88.3298
-88.3238
-88.3178
-88.3118
-88.3058
-88.2998
-88.2939
-88.2879
-88.2819
-88.276
-88.27
-88.2641
-88.2582
-88.2523
-88.2463
-88.2404
-88.2345
-88.2287
-88.2228
-88.2169
-88.2111
-88.2052
-88.1994
-88.1935
-88.1877
-88.1819
-88.1761
-88.1703
-88.1646
-88.1588
-88.153
-88.1473
-88.1415
-88.1358
-88.1301
-88.1244
-88.1187
-88.113
-88.1074
-88.1017
-88.0961
-88.0905
-88.0848
-88.0792
-88.0736
-88.0681
-88.0625
-88.0569
-88.0514
-88.0459
-88.0404
-88.0349
-88.0294
-88.0239
-88.0184
-88.013
-88.0075
-88.0021
-87.9967
-87.9913
-87.9859
-87.9806
-87.9752
-87.9699
-87.9646
-87.9593
-87.954
-87.9487
-87.9434
-87.9382
-87.933
-87.9277
-87.9225
-87.9173
-87.9122
-87.907
-87.9019
-87.8967
-87.8916
-87.8865
-87.8814
-87.8764
-87.8713
-87.8663
-87.8613
-87.8563
-87.8513
-87.8463
-87.8413
-87.8364
-87.8315
-87.8265
-87.8216
-87.8168
-87.8119
-87.8071
-87.8022
-87.7974
-87.7926
-87.7878
-87.783
-87.7783
-87.7736
-87.7688
-87.7641
-87.7594
-87.7548
-87.7501
-87.7455
-87.7409
-87.7362
-87.7317
-87.7271
-87.7225
-87.718
-87.7135
-87.709
-87.7045
-87.7
-87.6955
-87.6911
-87.6867
-87.6822
-87.6779
-87.6735
-87.6691
-87.6648
-87.6604
-87.6561
-87.6518
-87.6475
-87.6433
-87.639
-87.6348
-87.6306
-87.6264
-87.6222
-87.618
-87.6139
-87.6098
-87.6057
-87.6016
-87.5975
-87.5934
-87.5893
-87.5853
-87.5813
-87.5773
-87.5733
-87.5693
-87.5654
-87.5615
-87.5575
-87.5536
-87.5497
-87.5459
-87.542
-87.5382
-87.5344
-87.5305
-87.5268
-87.523
-87.5192
-87.5155
-87.5118
-87.508
-87.5044
-87.5007
-87.497
-87.4934
-87.4897
-87.4861
-87.4825
-87.4789
-87.4754
-87.4718
-87.4683
-87.4648
-87.4613
-87.4578
-87.4543
-87.4509
-87.4474
-87.444
-87.4406
-87.4372
-87.4338
-87.4305
-87.4271
-87.4238
-87.4205
-87.4172
-87.4139
-87.4106
-87.4074
-87.4041
-87.4009
-87.3977
-87.3945
-87.3913
-87.3882
-87.385
-87.3819
-87.3788
-87.3756
-87.3726
-87.3695
-87.3664
-87.3634
-87.3604
-87.3573
-87.3543
-87.3514
-87.3484
-87.3454
-87.3425
-87.3396
-87.3367
-87.3338
-87.3309
-87.328
-87.3252
-87.3223
-87.3195
-87.3167
-87.3139
-87.3111
-87.3083
-87.3056
-87.3029
-87.3001
-87.2974
-87.2947
-87.292
-87.2894
-87.2867
-87.2841
-87.2815
-87.2788
-87.2762
-87.2737
-87.2711
-87.2685
-87.266
-87.2635
-87.2609
-87.2584
-87.2559
-87.2535
-87.251
-87.2486
-87.2461
-87.2437
-87.2413
-87.2389
-87.2365
-87.2341
-87.2318
-87.2294
-87.2271
-87.2248
-87.2225
-87.2202
-87.2179
-87.2157
-87.2134
-87.2112
-87.2089
-87.2067
-87.2045
-87.2023
-87.2001
-87.198
-87.1958
-87.1937
-87.1916
-87.1894
-87.1873
-87.1852
-87.1832
-87.1811
-87.179
-87.177
-87.175
-87.173
-87.1709
-87.169
-87.167
-87.165
-87.163
-87.1611
-87.1592
-87.1572
-87.1553
-87.1534
-87.1515
-87.1496
-87.1478
-87.1459
-87.1441
-87.1422
-87.1404
-87.1386
-87.1368
-87.135
-87.1332
-87.1315
-87.1297
-87.128
-87.1262
-87.1245
-87.1228
-87.1211
-87.1194
-87.1177
-87.1161
-87.1144
-87.1128
-87.1111
-87.1095
-87.1079
-87.1063
-87.1047
-87.1031
-87.1015
-87.1
-87.0984
-87.0969
-87.0954
-87.0938
-87.0923
-87.0908
-87.0893
-87.0878
-87.0864
-87.0849
-87.0835
-87.082
-87.0806
-87.0792
-87.0778
-87.0764
-87.075
-87.0736
-87.0722
-87.0708
-87.0695
-87.0681
-87.0668
-87.0655
-87.0642
-87.0629
-87.0616
-87.0603
-87.059
-87.0577
-87.0565
-87.0552
-87.054
-87.0527
-87.0515
-87.0503
-87.0491
-87.0479
-87.0467
-87.0455
-87.0443
-87.0432
-87.042
-87.0409
-87.0397
-87.0386
-87.0375
-87.0364
-87.0353
-87.0342
-87.0331
-87.032
-87.0309
-87.0299
-87.0288
-87.0278
-87.0267
-87.0257
-87.0247
-87.0237
-87.0227
-87.0217
-87.0207
-87.0197
-87.0187
-87.0177
-87.0168
-87.0158
-87.0149
-87.014
-87.013
-87.0121
-87.0112
-87.0103
-87.0094
-87.0085
-87.0076
-87.0067
-87.0059
-87.005
-87.0042
-87.0033
-87.0025
-87.0017
-87.0008
-87
-86.9992
-86.9984
-86.9976
-86.9968
-86.996
-86.9953
-86.9945
-86.9937
-86.993
-86.9922
-86.9915
-86.9908
-86.99
-86.9893
-86.9886
-86.9879
-86.9872
-86.9865
-86.9858
-86.9851
-86.9844
-86.9838
-86.9831
-86.9825
-86.9818
-86.9812
-86.9805
-86.9799
-86.9793
-86.9786
-86.978
-86.9774
-86.9768
-86.9762
-86.9756
-86.9751
-86.9745
-86.9739
-86.9733
-86.9728
-86.9722
-86.9717
-86.9711
-86.9706
-86.9701
-86.9696
-86.969
-86.9685
-86.968
-86.9675
-86.967
-86.9665
-86.966
-86.9656
-86.9651
-86.9646
-86.9641
-86.9637
-86.9632
-86.9628
-86.9623
-86.9619
-86.9615
-86.961
-86.9606
-86.9602
-86.9598
-86.9594
-86.959
-86.9586
-86.9582
-86.9578
-86.9574
-86.957
-86.9567
-86.9563
-86.9559
-86.9556
-86.9552
-86.9549
-86.9545
-86.9542
-86.9538
-86.9535
-86.9532
-86.9528
-86.9525
-86.9522
-86.9519
-86.9516
-86.9513
-86.951
-86.9507
-86.9504
-86.9501
-86.9499
-86.9496
-86.9493
-86.949
-86.9488
-86.9485
-86.9483
-86.948
-86.9478
-86.9475
-86.9473
-86.9471
-86.9468
-86.9466
-86.9464
-86.9462
-86.946
-86.9457
-86.9455
-86.9453
-86.9451
-86.9449
-86.9447
-86.9446
-86.9444
-86.9442
-86.944
-86.9438
-86.9437
-86.9435
-86.9433
-86.9432
-86.943
-86.9429
-86.9427
-86.9426
-86.9424
-86.9423
-86.9422
-86.942
-86.9419
-86.9418
-86.9417
-86.9415
-86.9414
-86.9413
-86.9412
-86.9411
-86.941
-86.9409
-86.9408
-86.9407
-86.9406
-86.9405
-86.9405
-86.9404
-86.9403
-86.9402
-86.9402
-86.9401
-86.94
-86.94
-86.9399
-86.9398
-86.9398
-86.9397
-86.9397
-86.9396
-86.9396
-86.9396
-86.9395
-86.9395
-86.9395
-86.9394
-86.9394
-86.9394
-86.9393
-86.9393
-86.9393
-86.9393
-86.9393
-86.9393
-86.9393
-86.9393
-86.9393
-86.9393
-86.9393
-86.9393
-86.9393
-86.9393
-86.9393
-86.9393
-86.9393
-86.9394
-86.9394
-86.9394
-86.9394
-86.9395
-86.9395
-86.9395
-86.9396
-86.9396
-86.9397
-86.9397
-86.9397
-86.9398
-86.9398
-86.9399
-86.9399
-86.94
-86.9401
-86.9401
-86.9402
-86.9402
-86.9403
-86.9404
-86.9404
-86.9405
-86.9406
-86.9407
-86.9407
-86.9408
-86.9409
-86.941
-86.9411
-86.9411
-86.9412
-86.9413
-86.9414
-86.9415
-86.9416
-86.9417
-86.9418
-86.9419
-86.942
-86.9421
-86.9422
-86.9423
-86.9424
-86.9425
-86.9426
-86.9428
-86.9429
-86.943
-86.9431
-86.9432
-86.9433
-86.9435
-86.9436
-86.9437
-86.9438
-86.944
-86.9441
-86.9442
-86.9444
-86.9445
-86.9446
-86.9448
-86.9449
-86.945
-86.9452
-86.9453
-86.9455
-86.9456
-86.9458
-86.9459
-86.9461
-86.9462
-86.9464
-86.9465
-86.9467
-86.9468
-86.947
-86.9471
-86.9473
-86.9475
-86.9476
-86.9478
-86.9479
-86.9481
-86.9483
-86.9484
-86.9486
-86.9488
-86.9489
-86.9491
-86.9493
-86.9495
-86.9496
-86.9498
-86.95
-86.9502
-86.9503
-86.9505
-86.9507
-86.9509
-86.9511
-86.9512
-86.9514
-86.9516
-86.9518
-86.952
-86.9522
-86.9524
-86.9525
-86.9527
-86.9529
-86.9531
-86.9533
-86.9535
-86.9537
-86.9539
-86.9541
-86.9543
-86.9545
-86.9547
-86.9549
-86.9551
-86.9553
-86.9555
-86.9557
-86.9559
-86.9561
-86.9563
-86.9565
-86.9567
-86.9569
-86.9571
-86.9573
-86.9575
-86.9577
-86.9579
-86.9581
-86.9584
-86.9586
-86.9588
-86.959
-86.9592
-86.9594
-86.9596
-86.9598
-86.9601
-86.9603
-86.9605
-86.9607
-86.9609
-86.9611
-86.9614
-86.9616
-86.9618
-86.962
-86.9622
-86.9624
-86.9627
-86.9629
-86.9631
-86.9633
-86.9636
-86.9638
-86.964
-86.9642
-86.9644
-86.9647
-86.9649
-86.9651
-86.9653
-86.9656
-86.9658
-86.966
-86.9662
-86.9665
-86.9667
-86.9669
-86.9671
-86.9674
-86.9676
-86.9678
-86.9681
-86.9683
-86.9685
-86.9687
-86.969
-86.9692
-86.9694
-86.9697
-86.9699
-86.9701
-86.9704
-86.9706
-86.9708
-86.9711
-86.9713
-86.9715
-86.9718
-86.972
-86.9722
-86.9724
-86.9727
-86.9729
-86.9731
-86.9734
-86.9736
-86.9738
-86.9741
-86.9743
-86.9745
-86.9748
-86.975
-86.9752
-86.9755
-86.9757
-86.976
-86.9762
-86.9764
-86.9767
-86.9769
-86.9771
-86.9774
-86.9776
-86.9778
-86.9781
-86.9783
-86.9785
-86.9788
-86.979
-86.9792
-86.9795
-86.9797
-86.9799
-86.9802
-86.9804
-86.9806
-86.9809
-86.9811
-86.9813
-86.9816
-86.9818
-86.9821
-86.9823
-86.9825
-86.9828
-86.983
-86.9832
-86.9835
-86.9837
-86.9839
-86.9842
-86.9844
-86.9846
-86.9849
-86.9851
-86.9853
-86.9856
-86.9858
-86.986
-86.9863
-86.9865
-86.9867
-86.987
-86.9872
-86.9874
-86.9877
-86.9879
-86.9881
-86.9884
-86.9886
-86.9888
-86.989
-86.9893
-86.9895
-86.9897
-86.99
-86.9902
-86.9904
-86.9907
-86.9909
-86.9911
-86.9913
-86.9916
-86.9918
-86.992
-86.9923
-86.9925
-86.9927
-86.993
-86.9932
-86.9934
-86.9936
-86.9939
-86.9941
-86.9943
-86.9945
-86.9948
-86.995
-86.9952
-86.9954
-86.9957
-86.9959
-86.9961
-86.9963
-86.9966
-86.9968
-86.997
-86.9972
-86.9975
-86.9977
-86.9979
-86.9981
-86.9983
-86.9986
-86.9988
-86.999
-86.9992
-86.9995
-86.9997
-86.9999
-87.0001
-87.0003
-87.0005
-87.0008
-87.001
-87.0012
-87.0014
-87.0016
-87.0019
-87.0021
-87.0023
-87.0025
-87.0027
-87.0029
-87.0031
-87.0034
-87.0036
-87.0038
-87.004
-87.0042
-87.0044
-87.0046
-87.0049
-87.0051
-87.0053
-87.0055
-87.0057
-87.0059
-87.0061
-87.0063
-87.0065
-87.0067
-87.007
-87.0072
-87.0074
-87.0076
-87.0078
-87.008
-87.0082
-87.0084
-87.0086
-87.0088
-87.009
-87.0092
-87.0094
-87.0096
-87.0098
-87.01
-87.0102
-87.0104
-87.0106
-87.0108
-87.011
-87.0112
-87.0114
-87.0116
-87.0118
-87.012
-87.0122
-87.0124
-87.0126
-87.0128
-87.013
-87.0132
-87.0134
-87.0136
-87.0138
-87.014
-87.0142
-87.0144
-87.0146
-87.0148
-87.015
-87.0151
-87.0153
-87.0155
-87.0157
-87.0159
-87.0161
-87.0163
-87.0165
-87.0167
-87.0168
-87.017
-87.0172
-87.0174
-87.0176
-87.0178
-87.018
-87.0181
-87.0183
-87.0185
-87.0187
-87.0189
-87.0191
-87.0192
-87.0194
-87.0196
-87.0198
-87.02
-87.0201
-87.0203
-87.0205
-87.0207
-87.0208
-87.021
-87.0212
-87.0214
-87.0216
-87.0217
-87.0219
-87.0221
-87.0222
-87.0224
-87.0226
-87.0228
-87.0229
-87.0231
-87.0233
-87.0234
-87.0236
-87.0238
-87.024
-87.0241
-87.0243
-87.0245
-87.0246
-87.0248
-87.0249
-87.0251
-87.0253
-87.0254
-87.0256
-87.0258
-87.0259
-87.0261
-87.0263
-87.0264
-87.0266
-87.0267
-87.0269
-87.0271
-87.0272
-87.0274
-87.0275
-87.0277
-87.0278
-87.028
-87.0281
-87.0283
-87.0285
-87.0286
-87.0288
-87.0289
-87.0291
-87.0292
-87.0294
-87.0295
-87.0297
-87.0298
-87.03
-87.0301
-87.0303
-87.0304
-87.0306
-87.0307
-87.0308
-87.031
-87.0311
-87.0313
-87.0314
-87.0316
-87.0317
-87.0319
-87.032
-87.0321
-87.0323
-87.0324
-87.0326
-87.0327
-87.0328
-87.033
-87.0331
-87.0332
-87.0334
-87.0335
-87.0337
-87.0338
-87.0339
-87.0341
-87.0342
-87.0343
-87.0345
-87.0346
-87.0347
-87.0348
-87.035
-87.0351
-87.0352
-87.0354
-87.0355
-87.0356
-87.0357
-87.0359
-87.036
-87.0361
-87.0362
-87.0364
-87.0365
-87.0366
-87.0367
-87.0369
-87.037
-87.0371
-87.0372
-87.0373
-87.0375
-87.0376
-87.0377
-87.0378
-87.0379
-87.038
-87.0382
-87.0383
-87.0384
-87.0385
-87.0386
-87.0387
-87.0388
-87.039
-87.0391
-87.0392
-87.0393
-87.0394
-87.0395
-87.0396
-87.0397
-87.0398
-87.0399
-87.04
-87.0402
-87.0403
-87.0404
-87.0405
-87.0406
-87.0407
-87.0408
-87.0409
-87.041
-87.0411
-87.0412
-87.0413
-87.0414
-87.0415
-87.0416
-87.0417
-87.0418
-87.0419
-87.042
-87.0421
-87.0422
-87.0423
-87.0423
-87.0424
-87.0425
-87.0426
-87.0427
-87.0428
-87.0429
-87.043
-87.0431
-87.0432
-87.0433
-87.0434
-87.0434
-87.0435
-87.0436
-87.0437
-87.0438
-87.0439
-87.044
-87.044
-87.0441
-87.0442
-87.0443
-87.0444
-87.0444
-87.0445
-87.0446
-87.0447
-87.0448
-87.0448
-87.0449
-87.045
-87.0451
-87.0452
-87.0452
-87.0453
-87.0454
-87.0455
-87.0455
-87.0456
-87.0457
-87.0457
-87.0458
-87.0459
-87.046
-87.046
-87.0461
-87.0462
-87.0462
-87.0463
-87.0464
-87.0464
-87.0465
-87.0466
-87.0466
-87.0467
-87.0468
-87.0468
-87.0469
-87.047
-87.047
-87.0471
-87.0471
-87.0472
-87.0473
-87.0473
-87.0474
-87.0474
-87.0475
-87.0475
-87.0476
-87.0477
-87.0477
-87.0478
-87.0478
-87.0479
-87.0479
-87.048
-87.048
-87.0481
-87.0481
-87.0482
-87.0482
-87.0483
-87.0483
-87.0484
-87.0484
-87.0485
-87.0485
-87.0486
-87.0486
-87.0487
-87.0487
-87.0488
-87.0488
-87.0488
-87.0489
-87.0489
-87.049
-87.049
-87.0491
-87.0491
-87.0491
-87.0492
-87.0492
-87.0493
-87.0493
-87.0493
-87.0494
-87.0494
-87.0494
-87.0495
-87.0495
-87.0495
-87.0496
-87.0496
-87.0496
-87.0497
-87.0497
-87.0497
-87.0498
-87.0498
-87.0498
-87.0499
-87.0499
-87.0499
-87.0499
-87.05
-87.05
-87.05
-87.05
-87.0501
-87.0501
-87.0501
-87.0501
-87.0502
-87.0502
-87.0502
-87.0502
-87.0502
-87.0503
-87.0503
-87.0503
-87.0503
-87.0503
-87.0504
-87.0504
-87.0504
-87.0504
-87.0504
-87.0504
-87.0504
-87.0505
-87.0505
-87.0505
-87.0505
-87.0505
-87.0505
-87.0505
-87.0505
-87.0506
-87.0506
-87.0506
-87.0506
-87.0506
-87.0506
-87.0506
-87.0506
-87.0506
-87.0506
-87.0506
-87.0506
-87.0506
-87.0506
-87.0506
-87.0506
-87.0506
-87.0506
-87.0506
-87.0506
-87.0506
-87.0506
-87.0506
-87.0506
-87.0506
-87.0506
-87.0506
-87.0506
-87.0506
-87.0506
-87.0506
-87.0506
-87.0506
-87.0506
-87.0506
-87.0506
-87.0506
-87.0506
-87.0506
-87.0505
-87.0505
-87.0505
-87.0505
-87.0505
-87.0505
-87.0505
-87.0505
-87.0504
-87.0504
-87.0504
-87.0504
-87.0504
-87.0504
-87.0504
-87.0503
-87.0503
-87.0503
-87.0503
-87.0503
-87.0502
-87.0502
-87.0502
-87.0502
-87.0502
-87.0501
-87.0501
-87.0501
-87.0501
-87.05
-87.05
-87.05
-87.05
-87.0499
-87.0499
-87.0499
-87.0499
-87.0498
-87.0498
-87.0498
-87.0497
-87.0497
-87.0497
-87.0497
-87.0496
-87.0496
-87.0496
-87.0495
-87.0495
-87.0495
-87.0494
-87.0494
-87.0494
-87.0493
-87.0493
-87.0493
-87.0492
-87.0492
-87.0491
-87.0491
-87.0491
-87.049
-87.049
-87.0489
-87.0489
-87.0489
-87.0488
-87.0488
-87.0487
-87.0487
-87.0487
-87.0486
-87.0486
-87.0485
-87.0485
-87.0484
-87.0484
-87.0483
-87.0483
-87.0482
-87.0482
-87.0481
-87.0481
-87.048
-87.048
-87.0479
-87.0479
-87.0478
-87.0478
-87.0477
-87.0477
-87.0476
-87.0476
-87.0475
-87.0475
-87.0474
-87.0474
-87.0473
-87.0472
-87.0472
-87.0471
-87.0471
-87.047
-87.047
-87.0469
-87.0468
-87.0468
-87.0467
-87.0467
-87.0466
-87.0465
-87.0465
-87.0464
-87.0463
-87.0463
-87.0462
-87.0462
-87.0461
-87.046
-87.046
-87.0459
-87.0458
-87.0458
-87.0457
-87.0456
-87.0455
-87.0455
-87.0454
-87.0453
-87.0453
-87.0452
-87.0451
-87.0451
-87.045
-87.0449
-87.0448
-87.0448
-87.0447
-87.0446
-87.0445
-87.0445
-87.0444
-87.0443
-87.0442
-87.0442
-87.0441
-87.044
-87.0439
-87.0438
-87.0438
-87.0437
-87.0436
-87.0435
-87.0434
-87.0434
-87.0433
-87.0432
-87.0431
-87.043
-87.0429
-87.0429
-87.0428
-87.0427
-87.0426
-87.0425
-87.0424
-87.0423
-87.0423
-87.0422
-87.0421
-87.042
-87.0419
-87.0418
-87.0417
-87.0416
-87.0415
-87.0415
-87.0414
-87.0413
-87.0412
-87.0411
-87.041
-87.0409
-87.0408
-87.0407
-87.0406
-87.0405
-87.0404
-87.0403
-87.0402
-87.0401
-87.04
-87.0399
-87.0398
-87.0397
-87.0396
-87.0395
-87.0394
-87.0393
-87.0392
-87.0391
-87.039
-87.0389
-87.0388
-87.0387
-87.0386
-87.0385
-87.0384
-87.0383
-87.0382
-87.0381
-87.038
-87.0379
-87.0378
-87.0377
-87.0376
-87.0375
-87.0374
-87.0372
-87.0371
-87.037
-87.0369
-87.0368
-87.0367
-87.0366
-87.0365
-87.0364
-87.0362
-87.0361
-87.036
-87.0359
-87.0358
-87.0357
-87.0356
-87.0354
-87.0353
-87.0352
-87.0351
-87.035
-87.0349
-87.0347
-87.0346
-87.0345
-87.0344
-87.0343
-87.0342
-87.034
-87.0339
-87.0338
-87.0337
-87.0335
-87.0334
-87.0333
-87.0332
-87.0331
-87.0329
-87.0328
-87.0327
-87.0326
-87.0324
-87.0323
-87.0322
-87.0321
-87.0319
-87.0318
-87.0317
-87.0315
-87.0314
-87.0313
-87.0312
-87.031
-87.0309
-87.0308
-87.0306
-87.0305
-87.0304
-87.0302
-87.0301
-87.03
-87.0298
-87.0297
-87.0296
-87.0294
-87.0293
-87.0292
-87.029
-87.0289
-87.0287
-87.0286
-87.0285
-87.0283
-87.0282
-87.0281
-87.0279
-87.0278
-87.0276
-87.0275
-87.0274
-87.0272
-87.0271
-87.0269
-87.0268
-87.0267
-87.0265
-87.0264
-87.0262
-87.0261
-87.0259
-87.0258
-87.0256
-87.0255
-87.0254
-87.0252
-87.0251
-87.0249
-87.0248
-87.0246
-87.0245
-87.0243
-87.0242
-87.024
-87.0239
-87.0237
-87.0236
-87.0234
-87.0233
-87.0231
-87.023
-87.0228
-87.0227
-87.0225
-87.0223
-87.0222
-87.022
-87.0219
-87.0217
-87.0216
-87.0214
-87.0213
-87.0211
-87.0209
-87.0208
-87.0206
-87.0205
-87.0203
-87.0202
-87.02
-87.0198
-87.0197
-87.0195
-87.0194
-87.0192
-87.019
-87.0189
-87.0187
-87.0185
-87.0184
-87.0182
-87.0181
-87.0179
-87.0177
-87.0176
-87.0174
-87.0172
-87.0171
-87.0169
-87.0167
-87.0166
-87.0164
-87.0162
-87.0161
-87.0159
-87.0157
-87.0156
-87.0154
-87.0152
-87.015
-87.0149
-87.0147
-87.0145
-87.0144
-87.0142
-87.014
-87.0138
-87.0137
-87.0135
-87.0133
-87.0131
-87.013
-87.0128
-87.0126
-87.0124
-87.0123
-87.0121
-87.0119
-87.0117
-87.0116
-87.0114
-87.0112
-87.011
-87.0108
-87.0107
-87.0105
-87.0103
-87.0101
-87.0099
-87.0098
-87.0096
-87.0094
-87.0092
-87.009
-87.0088
-87.0087
-87.0085
-87.0083
-87.0081
-87.0079
-87.0077
-87.0076
-87.0074
-87.0072
-87.007
-87.0068
-87.0066
-87.0064
-87.0062
-87.0061
-87.0059
-87.0057
-87.0055
-87.0053
-87.0051
-87.0049
-87.0047
-87.0045
-87.0043
-87.0042
-87.004
-87.0038
-87.0036
-87.0034
-87.0032
-87.003
-87.0028
-87.0026
-87.0024
-87.0022
-87.002
-87.0018
-87.0016
-87.0014
-87.0012
-87.001
-87.0008
-87.0006
-87.0004
-87.0002
-87
-86.9998
-86.9996
-86.9994
-86.9992
-86.999
-86.9988
-86.9986
-86.9984
-86.9982
-86.998
-86.9978
-86.9976
-86.9974
-86.9972
-86.997
-86.9968
-86.9966
-86.9964
-86.9962
-86.996
-86.9958
-86.9956
-86.9954
-86.9952
-86.995
-86.9947
-86.9945
-86.9943
-86.9941
-86.9939
-86.9937
-86.9935
-86.9933
-86.9931
-86.9929
-86.9927
-86.9924
-86.9922
-86.992
-86.9918
-86.9916
-86.9914
-86.9912
-86.9909
-86.9907
-86.9905
-86.9903
-86.9901
-86.9899
-86.9897
-86.9894
-86.9892
-86.989
-86.9888
-86.9886
-86.9884
-86.9881
-86.9879
-86.9877
-86.9875
-86.9873
-86.987
-86.9868
-86.9866
-86.9864
-86.9862
-86.9859
-86.9857
-86.9855
-86.9853
-86.985
-86.9848
-86.9846
-86.9844
-86.9842
-86.9839
-86.9837
-86.9835
-86.9833
-86.983
-86.9828
-86.9826
-86.9823
-86.9821
-86.9819
-86.9817
-86.9814
-86.9812
-86.981
-86.9807
-86.9805
-86.9803
-86.9801
-86.9798
-86.9796
-86.9794
-86.9791
-86.9789
-86.9787
-86.9784
-86.9782
-86.978
-86.9777
-86.9775
-86.9773
-86.977
-86.9768
-86.9766
-86.9763
-86.9761
-86.9759
-86.9756
-86.9754
-86.9752
-86.9749
-86.9747
-86.9744
-86.9742
-86.974
-86.9737
-86.9735
-86.9733
-86.973
-86.9728
-86.9725
-86.9723
-86.9721
-86.9718
-86.9716
-86.9713
-86.9711
-86.9708
-86.9706
-86.9704
-86.9701
-86.9699
-86.9696
-86.9694
-86.9691
-86.9689
-86.9686
-86.9684
-86.9682
-86.9679
-86.9677
-86.9674
-86.9672
-86.9669
-86.9667
-86.9664
-86.9662
-86.9659
-86.9657
-86.9654
-86.9652
-86.9649
-86.9647
-86.9644
-86.9642
-86.9639
-86.9637
-86.9634
-86.9632
-86.9629
-86.9627
-86.9624
-86.9622
-86.9619
-86.9617
-86.9614
-86.9612
-86.9609
-86.9606
-86.9604
-86.9601
-86.9599
-86.9596
-86.9594
-86.9591
-86.9588
-86.9586
-86.9583
-86.9581
-86.9578
-86.9576
-86.9573
-86.957
-86.9568
-86.9565
-86.9563
-86.956
-86.9557
-86.9555
-86.9552
-86.955
-86.9547
-86.9544
-86.9542
-86.9539
-86.9536
-86.9534
-86.9531
-86.9528
-86.9526
-86.9523
-86.9521
-86.9518
-86.9515
-86.9513
-86.951
-86.9507
-86.9505
-86.9502
-86.9499
-86.9497
-86.9494
-86.9491
-86.9488
-86.9486
-86.9483
-86.948
-86.9478
-86.9475
-86.9472
-86.947
-86.9467
-86.9464
-86.9461
-86.9459
-86.9456
-86.9453
-86.9451
-86.9448
-86.9445
-86.9442
-86.944
-86.9437
-86.9434
-86.9431
-86.9429
-86.9426
-86.9423
-86.942
-86.9418
-86.9415
-86.9412
-86.9409
-86.9406
-86.9404
-86.9401
-86.9398
-86.9395
-86.9392
-86.939
-86.9387
-86.9384
-86.9381
-86.9378
-86.9376
-86.9373
-86.937
-86.9367
-86.9364
-86.9362
-86.9359
-86.9356
-86.9353
-86.935
-86.9347
-86.9345
-86.9342
-86.9339
-86.9336
-86.9333
-86.933
-86.9327
-86.9325
-86.9322
-86.9319
-86.9316
-86.9313
-86.931
-86.9307
-86.9305
-86.9302
-86.9299
-86.9296
-86.9293
-86.929
-86.9287
-86.9284
-86.9281
-86.9278
-86.9276
-86.9273
-86.927
-86.9267
-86.9264
-86.9261
-86.9258
-86.9255
-86.9252
-86.9249
-86.9246
-86.9243
-86.924
-86.9237
-86.9235
-86.9232
-86.9229
-86.9226
-86.9223
-86.922
-86.9217
-86.9214
-86.9211
-86.9208
-86.9205
-86.9202
-86.9199
-86.9196
-86.9193
-86.919
-86.9187
-86.9184
-86.9181
-86.9178
-86.9175
-86.9172
-86.9169
-86.9166
-86.9163
-86.916
-86.9157
-86.9154
-86.9151
-86.9148
-86.9145
-86.9142
-86.9139
-86.9136
-86.9133
-86.913
-86.9126
-86.9123
-86.912
-86.9117
-86.9114
-86.9111
-86.9108
-86.9105
-86.9102
-86.9099
-86.9096
-86.9093
-86.909
-86.9087
-86.9083
-86.908
-86.9077
-86.9074
-86.9071
-86.9068
-86.9065
-86.9062
-86.9059
-86.9056
-86.9052
-86.9049
-86.9046
-86.9043
-86.904
-86.9037
-86.9034
-86.9031
-86.9027
-86.9024
-86.9021
-86.9018
-86.9015
-86.9012
-86.9009
-86.9005
-86.9002
-86.8999
-86.8996
-86.8993
-86.899
-86.8986
-86.8983
-86.898
-86.8977
-86.8974
-86.8971
-86.8967
-86.8964
-86.8961
-86.8958
-86.8955
-86.8951
-86.8948
-86.8945
-86.8942
-86.8939
-86.8935
-86.8932
-86.8929
-86.8926
-86.8922
-86.8919
-86.8916
-86.8913
-86.891
-86.8906
-86.8903
-86.89
-86.8897
-86.8893
-86.889
-86.8887
-86.8884
-86.888
-86.8877
-86.8874
-86.887
-86.8867
-86.8864
-86.8861
-86.8857
-86.8854
-86.8851
-86.8848
-86.8844
-86.8841
-86.8838
-86.8834
-86.8831
-86.8828
-86.8824
-86.8821
-86.8818
-86.8815
-86.8811
-86.8808
-86.8805
-86.8801
-86.8798
-86.8795
-86.8791
-86.8788
-86.8785
-86.8781
-86.8778
-86.8775
-86.8771
-86.8768
-86.8765
-86.8761
-86.8758
-86.8754
-86.8751
-86.8748
-86.8744
-86.8741
-86.8738
-86.8734
-86.8731
-86.8728
-86.8724
-86.8721
-86.8717
-86.8714
-86.8711
-86.8707
-86.8704
-86.87
-86.8697
-86.8694
-86.869
-86.8687
-86.8683
-86.868
-86.8677
-86.8673
-86.867
-86.8666
-86.8663
-86.8659
-86.8656
-86.8653
-86.8649
-86.8646
-86.8642
-86.8639
-86.8635
-86.8632
-86.8628
-86.8625
-86.8622
-86.8618
-86.8615
-86.8611
-86.8608
-86.8604
-86.8601
-86.8597
-86.8594
-86.859
-86.8587
-86.8583
-86.858
-86.8576
-86.8573
-86.8569
-86.8566
-86.8562
-86.8559
-86.8555
-86.8552
-86.8548
-86.8545
-86.8541
-86.8538
-86.8534
-86.8531
-86.8527
-86.8524
-86.852
-86.8517
-86.8513
-86.851
-86.8506
-86.8502
-86.8499
-86.8495
-86.8492
-86.8488
-86.8485
-86.8481
-86.8478
-86.8474
-86.847
-86.8467
-86.8463
-86.846
-86.8456
-86.8453
-86.8449
-86.8445
-86.8442
-86.8438
-86.8435
-86.8431
-86.8428
-86.8424
-86.842
-86.8417
-86.8413
-86.841
-86.8406
-86.8402
-86.8399
-86.8395
-86.8391
-86.8388
-86.8384
-86.8381
-86.8377
-86.8373
-86.837
-86.8366
-86.8362
-86.8359
-86.8355
-86.8351
-86.8348
-86.8344
-86.8341
-86.8337
-86.8333
-86.833
-86.8326
-86.8322
-86.8319
-86.8315
-86.8311
-86.8308
-86.8304
-86.83
-86.8297
-86.8293
-86.8289
-86.8285
-86.8282
-86.8278
-86.8274
-86.8271
-86.8267
-86.8263
-86.826
-86.8256
-86.8252
-86.8248
-86.8245
-86.8241
-86.8237
-86.8234
-86.823
-86.8226
-86.8222
-86.8219
-86.8215
-86.8211
-86.8207
-86.8204
-86.82
-86.8196
-86.8192
-86.8189
-86.8185
-86.8181
-86.8177
-86.8174
-86.817
-86.8166
-86.8162
-86.8159
-86.8155
-86.8151
-86.8147
-86.8144
-86.814
-86.8136
-86.8132
-86.8128
-86.8125
-86.8121
-86.8117
-86.8113
-86.8109
-86.8106
-86.8102
-86.8098
-86.8094
-86.809
-86.8087
-86.8083
-86.8079
-86.8075
-86.8071
-86.8067
-86.8064
-86.806
-86.8056
-86.8052
-86.8048
-86.8044
-86.8041
-86.8037
-86.8033
-86.8029
-86.8025
-86.8021
-86.8018
-86.8014
-86.801
-86.8006
-86.8002
-86.7998
-86.7994
-86.799
-86.7987
-86.7983
-86.7979
-86.7975
-86.7971
-86.7967
-86.7963
-86.7959
-86.7956
-86.7952
-86.7948
-86.7944
-86.794
-86.7936
-86.7932
-86.7928
-86.7924
-86.792
-86.7917
-86.7913
-86.7909
-86.7905
-86.7901
-86.7897
-86.7893
-86.7889
-86.7885
-86.7881
-86.7877
-86.7873
-86.7869
-86.7865
-86.7861
-86.7858
-86.7854
-86.785
-86.7846
-86.7842
-86.7838
-86.7834
-86.783
-86.7826
-86.7822
-86.7818
-86.7814
-86.781
-86.7806
-86.7802
-86.7798
-86.7794
-86.779
-86.7786
-86.7782
-86.7778
-86.7774
-86.777
-86.7766
-86.7762
-86.7758
-86.7754
-86.775
-86.7746
-86.7742
-86.7738
-86.7734
-86.773
-86.7726
-86.7722
-86.7718
-86.7714
-86.771
-86.7706
-86.7702
-86.7698
-86.7694
-86.769
-86.7686
-86.7682
-86.7677
-86.7673
-86.7669
-86.7665
-86.7661
-86.7657
-86.7653
-86.7649
-86.7645
-86.7641
-86.7637
-86.7633
-86.7629
-86.7625
-86.7621
-86.7616
-86.7612
-86.7608
-86.7604
-86.76
-86.7596
-86.7592
-86.7588
-86.7584
-86.758
-86.7576
-86.7571
-86.7567
-86.7563
-86.7559
-86.7555
-86.7551
-86.7547
-86.7543
-86.7538
-86.7534
-86.753
-86.7526
-86.7522
-86.7518
-86.7514
-86.751
-86.7505
-86.7501
-86.7497
-86.7493
-86.7489
-86.7485
-86.7481
-86.7476
-86.7472
-86.7468
-86.7464
-86.746
-86.7456
-86.7451
-86.7447
-86.7443
-86.7439
-86.7435
-86.743
-86.7426
-86.7422
-86.7418
-86.7414
-86.741
-86.7405
-86.7401
-86.7397
-86.7393
-86.7389
-86.7384
-86.738
-86.7376
-86.7372
-86.7367
-86.7363
-86.7359
-86.7355
-86.7351
-86.7346
-86.7342
-86.7338
-86.7334
-86.7329
-86.7325
-86.7321
-86.7317
-86.7313
-86.7308
-86.7304
-86.73
-86.7296
-86.7291
-86.7287
-86.7283
-86.7278
-86.7274
-86.727
-86.7266
-86.7261
-86.7257
-86.7253
-86.7249
-86.7244
-86.724
-86.7236
-86.7231
-86.7227
-86.7223
-86.7219
-86.7214
-86.721
-86.7206
-86.7201
-86.7197
-86.7193
-86.7189
-86.7184
-86.718
-86.7176
-86.7171
-86.7167
-86.7163
-86.7158
-86.7154
-86.715
-86.7145
-86.7141
-86.7137
-86.7132
-86.7128
-86.7124
-86.7119
-86.7115
-86.7111
-86.7106
-86.7102
-86.7098
-86.7093
-86.7089
-86.7085
-86.708
-86.7076
-86.7071
-86.7067
-86.7063
-86.7058
-86.7054
-86.705
-86.7045
-86.7041
-86.7036
-86.7032
-86.7028
-86.7023
-86.7019
-86.7014
-86.701
-86.7006
-86.7001
-86.6997
-86.6992
-86.6988
-86.6984
-86.6979
-86.6975
-86.697
-86.6966
-86.6962
-86.6957
-86.6953
-86.6948
-86.6944
-86.6939
-86.6935
-86.6931
-86.6926
-86.6922
-86.6917
-86.6913
-86.6908
-86.6904
-86.6899
-86.6895
-86.689
-86.6886
-86.6882
-86.6877
-86.6873
-86.6868
-86.6864
-86.6859
-86.6855
-86.685
-86.6846
-86.6841
-86.6837
-86.6832
-86.6828
-86.6823
-86.6819
-86.6814
-86.681
-86.6805
-86.6801
-86.6796
-86.6792
-86.6787
-86.6783
-86.6778
-86.6774
-86.6769
-86.6765
-86.676
-86.6756
-86.6751
-86.6747
-86.6742
-86.6738
-86.6733
-86.6729
-86.6724
-86.6719
-86.6715
-86.671
-86.6706
-86.6701
-86.6697
-86.6692
-86.6688
-86.6683
-86.6678
-86.6674
-86.6669
-86.6665
-86.666
-86.6656
-86.6651
-86.6647
-86.6642
-86.6637
-86.6633
-86.6628
-86.6624
-86.6619
-86.6614
-86.661
-86.6605
-86.6601
-86.6596
-86.6591
-86.6587
-86.6582
-86.6578
-86.6573
-86.6568
-86.6564
-86.6559
-86.6555
-86.655
-86.6545
-86.6541
-86.6536
-86.6531
-86.6527
-86.6522
-86.6518
-86.6513
-86.6508
-86.6504
-86.6499
-86.6494
-86.649
-86.6485
-86.648
-86.6476
-86.6471
-86.6466
-86.6462
-86.6457
-86.6452
-86.6448
-86.6443
-86.6438
-86.6434
-86.6429
-86.6424
-86.642
-86.6415
-86.641
-86.6406
-86.6401
-86.6396
-86.6392
-86.6387
-86.6382
-86.6378
-86.6373
-86.6368
-86.6363
-86.6359
-86.6354
-86.6349
-86.6345
-86.634
-86.6335
-86.633
-86.6326
-86.6321
-86.6316
-86.6312
-86.6307
-86.6302
-86.6297
-86.6293
-86.6288
-86.6283
-86.6278
-86.6274
-86.6269
-86.6264
-86.6259
-86.6255
-86.625
-86.6245
-86.624
-86.6236
-86.6231
-86.6226
-86.6221
-86.6217
-86.6212
-86.6207
-86.6202
-86.6198
-86.6193
-86.6188
-86.6183
-86.6178
-86.6174
-86.6169
-86.6164
-86.6159
-86.6154
-86.615
-86.6145
-86.614
-86.6135
-86.613
-86.6126
-86.6121
-86.6116
-86.6111
-86.6106
-86.6102
-86.6097
-86.6092
-86.6087
-86.6082
-86.6077
-86.6073
-86.6068
-86.6063
-86.6058
-86.6053
-86.6048
-86.6044
-86.6039
-86.6034
-86.6029
-86.6024
-86.6019
-86.6015
-86.601
-86.6005
-86.6
-86.5995
-86.599
-86.5985
-86.598
-86.5976
-86.5971
-86.5966
-86.5961
-86.5956
-86.5951
-86.5946
-86.5941
-86.5937
-86.5932
-86.5927
-86.5922
-86.5917
-86.5912
-86.5907
-86.5902
-86.5897
-86.5893
-86.5888
-86.5883
-86.5878
-86.5873
-86.5868
-86.5863
-86.5858
-86.5853
-86.5848
-86.5843
-86.5838
-86.5834
-86.5829
-86.5824
-86.5819
-86.5814
-86.5809
-86.5804
-86.5799
-86.5794
-86.5789
-86.5784
-86.5779
-86.5774
-86.5769
-86.5764
-86.5759
-86.5754
-86.5749
-86.5744
-86.5739
-86.5735
-86.573
-86.5725
-86.572
-86.5715
-86.571
-86.5705
-86.57
-86.5695
-86.569
-86.5685
-86.568
-86.5675
-86.567
-86.5665
-86.566
-86.5655
-86.565
-86.5645
-86.564
-86.5635
-86.563
-86.5625
-86.562
-86.5615
-86.561
-86.5605
-86.56
-86.5595
-86.559
-86.5585
-86.558
-86.5574
-86.5569
-86.5564
-86.5559
-86.5554
-86.5549
-86.5544
-86.5539
-86.5534
-86.5529
-86.5524
-86.5519
-86.5514
-86.5509
-86.5504
-86.5499
-86.5494
-86.5489
-86.5484
-86.5479
-86.5473
-86.5468
-86.5463
-86.5458
-86.5453
-86.5448
-86.5443
-86.5438
-86.5433
-86.5428
-86.5423
-86.5418
-86.5412
-86.5407
-86.5402
-86.5397
-86.5392
-86.5387
-86.5382
-86.5377
-86.5372
-86.5367
-86.5361
-86.5356
-86.5351
-86.5346
-86.5341
-86.5336
-86.5331
-86.5326
-86.532
-86.5315
-86.531
-86.5305
-86.53
-86.5295
-86.529
-86.5284
-86.5279
-86.5274
-86.5269
-86.5264
-86.5259
-86.5254
-86.5248
-86.5243
-86.5238
-86.5233
-86.5228
-86.5223
-86.5217
-86.5212
-86.5207
-86.5202
-86.5197
-86.5192
-86.5186
-86.5181
-86.5176
-86.5171
-86.5166
-86.516
-86.5155
-86.515
-86.5145
-86.514
-86.5134
-86.5129
-86.5124
-86.5119
-86.5114
-86.5108
-86.5103
-86.5098
-86.5093
-86.5088
-86.5082
-86.5077
-86.5072
-86.5067
-86.5061
-86.5056
-86.5051
-86.5046
-86.5041
-86.5035
-86.503
-86.5025
-86.502
-86.5014
-86.5009
-86.5004
-86.4999
-86.4993
-86.4988
-86.4983
-86.4978
-86.4972
-86.4967
-86.4962
-86.4957
-86.4951
-86.4946
-86.4941
-86.4935
-86.493
-86.4925
-86.492
-86.4914
-86.4909
-86.4904
-86.4899
-86.4893
-86.4888
-86.4883
-86.4877
-86.4872
-86.4867
-86.4861
-86.4856
-86.4851
-86.4846
-86.484
-86.4835
-86.483
-86.4824
-86.4819
-86.4814
-86.4808
-86.4803
-86.4798
-86.4792
-86.4787
-86.4782
-86.4776
-86.4771
-86.4766
-86.476
-86.4755
-86.475
-86.4744
-86.4739
-86.4734
-86.4728
-86.4723
-86.4718
-86.4712
-86.4707
-86.4702
-86.4696
-86.4691
-86.4686
-86.468
-86.4675
-86.4669
-86.4664
-86.4659
-86.4653
-86.4648
-86.4642
-86.4637
-86.4632
-86.4626
-86.4621
-86.4616
-86.461
-86.4605
-86.4599
-86.4594
-86.4589
-86.4583
-86.4578
-86.4572
-86.4567
-86.4561
-86.4556
-86.4551
-86.4545
-86.454
-86.4534
-86.4529
-86.4524
-86.4518
-86.4513
-86.4507
-86.4502
-86.4496
-86.4491
-86.4485
-86.448
-86.4475
-86.4469
-86.4464
-86.4458
-86.4453
-86.4447
-86.4442
-86.4436
-86.4431
-86.4425
-86.442
-86.4415
-86.4409
-86.4404
-86.4398
-86.4393
-86.4387
-86.4382
-86.4376
-86.4371
-86.4365
-86.436
-86.4354
-86.4349
-86.4343
-86.4338
-86.4332
-86.4327
-86.4321
-86.4316
-86.431
-86.4305
-86.4299
-86.4294
-86.4288
-86.4283
-86.4277
-86.4272
-86.4266
-86.4261
-86.4255
-86.4249
-86.4244
-86.4238
-86.4233
-86.4227
-86.4222
-86.4216
-86.4211
-86.4205
-86.42
-86.4194
-86.4188
-86.4183
-86.4177
-86.4172
-86.4166
-86.4161
-86.4155
-86.415
-86.4144
-86.4138
-86.4133
-86.4127
-86.4122
-86.4116
-86.4111
-86.4105
-86.4099
-86.4094
-86.4088
-86.4083
-86.4077
-86.4071
-86.4066
-86.406
-86.4055
-86.4049
-86.4043
-86.4038
-86.4032
-86.4027
-86.4021
-86.4015
-86.401
-86.4004
-86.3998
-86.3993
-86.3987
-86.3982
-86.3976
-86.397
-86.3965
-86.3959
-86.3953
-86.3948
-86.3942
-86.3936
-86.3931
-86.3925
-86.392
-86.3914
-86.3908
-86.3903
-86.3897
-86.3891
-86.3886
-86.388
-86.3874
-86.3869
-86.3863
-86.3857
-86.3852
-86.3846
-86.384
-86.3834
-86.3829
-86.3823
-86.3817
-86.3812
-86.3806
-86.38
-86.3795
-86.3789
-86.3783
-86.3778
-86.3772
-86.3766
-86.376
-86.3755
-86.3749
-86.3743
-86.3738
-86.3732
-86.3726
-86.372
-86.3715
-86.3709
-86.3703
-86.3698
-86.3692
-86.3686
-86.368
-86.3675
-86.3669
-86.3663
-86.3657
-86.3652
-86.3646
-86.364
-86.3634
-86.3629
-86.3623
-86.3617
-86.3611
-86.3606
-86.36
-86.3594
-86.3588
-86.3583
-86.3577
-86.3571
-86.3565
-86.3559
-86.3554
-86.3548
-86.3542
-86.3536
-86.3531
-86.3525
-86.3519
-86.3513
-86.3507
-86.3502
-86.3496
-86.349
-86.3484
-86.3478
-86.3473
-86.3467
-86.3461
-86.3455
-86.3449
-86.3444
-86.3438
-86.3432
-86.3426
-86.342
-86.3414
-86.3409
-86.3403
-86.3397
-86.3391
-86.3385
-86.3379
-86.3374
-86.3368
-86.3362
-86.3356
-86.335
-86.3344
-86.3339
-86.3333
-86.3327
-86.3321
-86.3315
-86.3309
-86.3303
-86.3298
-86.3292
-86.3286
-86.328
-86.3274
-86.3268
-86.3262
-86.3256
-86.3251
-86.3245
-86.3239
-86.3233
-86.3227
-86.3221
-86.3215
-86.3209
-86.3203
-86.3198
-86.3192
-86.3186
-86.318
-86.3174
-86.3168
-86.3162
-86.3156
-86.315
-86.3144
-86.3138
-86.3133
-86.3127
-86.3121
-86.3115
-86.3109
-86.3103
-86.3097
-86.3091
-86.3085
-86.3079
-86.3073
-86.3067
-86.3061
-86.3055
-86.3049
-86.3044
-86.3038
-86.3032
-86.3026
-86.302
-86.3014
-86.3008
-86.3002
-86.2996
-86.299
-86.2984
-86.2978
-86.2972
-86.2966
-86.296
-86.2954
-86.2948
-86.2942
-86.2936
-86.293
-86.2924
-86.2918
-86.2912
-86.2906
-86.29
-86.2894
-86.2888
-86.2882
-86.2876
-86.287
-86.2864
-86.2858
-86.2852
-86.2846
-86.284
-86.2834
-86.2828
-86.2822
-86.2816
-86.281
-86.2804
-86.2798
-86.2792
-86.2786
-86.278
-86.2774
-86.2768
-86.2762
-86.2756
-86.275
-86.2744
-86.2738
-86.2732
-86.2726
-86.272
-86.2713
-86.2707
-86.2701
-86.2695
-86.2689
-86.2683
-86.2677
-86.2671
-86.2665
-86.2659
-86.2653
-86.2647
-86.2641
-86.2635
-86.2629
-86.2622
-86.2616
-86.261
-86.2604
-86.2598
-86.2592
-86.2586
-86.258
-86.2574
-86.2568
-86.2562
-86.2555
-86.2549
-86.2543
-86.2537
-86.2531
-86.2525
-86.2519
-86.2513
-86.2507
-86.25
-86.2494
-86.2488
-86.2482
-86.2476
-86.247
-86.2464
-86.2458
-86.2451
-86.2445
-86.2439
-86.2433
-86.2427
-86.2421
-86.2415
-86.2408
-86.2402
-86.2396
-86.239
-86.2384
-86.2378
-86.2371
-86.2365
-86.2359
-86.2353
-86.2347
-86.2341
-86.2334
-86.2328
-86.2322
-86.2316
-86.231
-86.2304
-86.2297
-86.2291
-86.2285
-86.2279
-86.2273
-86.2266
-86.226
-86.2254
-86.2248
-86.2242
-86.2235
-86.2229
-86.2223
-86.2217
-86.2211
-86.2204
-86.2198
-86.2192
-86.2186
-86.2179
-86.2173
-86.2167
-86.2161
-86.2154
-86.2148
-86.2142
-86.2136
-86.213
-86.2123
-86.2117
-86.2111
-86.2105
-86.2098
-86.2092
-86.2086
-86.2079
-86.2073
-86.2067
-86.2061
-86.2054
-86.2048
-86.2042
-86.2036
-86.2029
-86.2023
-86.2017
-86.201
-86.2004
-86.1998
-86.1992
-86.1985
-86.1979
-86.1973
-86.1966
-86.196
-86.1954
-86.1947
-86.1941
-86.1935
-86.1929
-86.1922
-86.1916
-86.191
-86.1903
-86.1897
-86.1891
-86.1884
-86.1878
-86.1872
-86.1865
-86.1859
-86.1853
-86.1846
-86.184
-86.1834
-86.1827
-86.1821
-86.1815
-86.1808
-86.1802
-86.1795
-86.1789
-86.1783
-86.1776
-86.177
-86.1764
-86.1757
-86.1751
-86.1745
-86.1738
-86.1732
-86.1725
-86.1719
-86.1713
-86.1706
-86.17
-86.1693
-86.1687
-86.1681
-86.1674
-86.1668
-86.1661
-86.1655
-86.1649
-86.1642
-86.1636
-86.1629
-86.1623
-86.1617
-86.161
-86.1604
-86.1597
-86.1591
-86.1584
-86.1578
-86.1572
-86.1565
-86.1559
-86.1552
-86.1546
-86.1539
-86.1533
-86.1526
-86.152
-86.1514
-86.1507
-86.1501
-86.1494
-86.1488
-86.1481
-86.1475
-86.1468
-86.1462
-86.1455
-86.1449
-86.1442
-86.1436
-86.143
-86.1423
-86.1417
-86.141
-86.1404
-86.1397
-86.1391
-86.1384
-86.1378
-86.1371
-86.1365
-86.1358
-86.1352
-86.1345
-86.1339
-86.1332
-86.1326
-86.1319
-86.1313
-86.1306
-86.1299
-86.1293
-86.1286
-86.128
-86.1273
-86.1267
-86.126
-86.1254
-86.1247
-86.1241
-86.1234
-86.1228
-86.1221
-86.1214
-86.1208
-86.1201
-86.1195
-86.1188
-86.1182
-86.1175
-86.1169
-86.1162
-86.1155
-86.1149
-86.1142
-86.1136
-86.1129
-86.1123
-86.1116
-86.1109
-86.1103
-86.1096
-86.109
-86.1083
-86.1076
-86.107
-86.1063
-86.1057
-86.105
-86.1043
-86.1037
-86.103
-86.1024
-86.1017
-86.101
-86.1004
-86.0997
-86.0991
-86.0984
-86.0977
-86.0971
-86.0964
-86.0957
-86.0951
-86.0944
-86.0938
-86.0931
-86.0924
-86.0918
-86.0911
-86.0904
-86.0898
-86.0891
-86.0884
-86.0878
-86.0871
-86.0864
-86.0858
-86.0851
-86.0844
-86.0838
-86.0831
-86.0824
-86.0818
-86.0811
-86.0804
-86.0798
-86.0791
-86.0784
-86.0778
-86.0771
-86.0764
-86.0758
-86.0751
-86.0744
-86.0738
-86.0731
-86.0724
-86.0717
-86.0711
-86.0704
-86.0697
-86.0691
-86.0684
-86.0677
-86.067
-86.0664
-86.0657
-86.065
-86.0644
-86.0637
-86.063
-86.0623
-86.0617
-86.061
-86.0603
-86.0596
-86.059
-86.0583
-86.0576
-86.0569
-86.0563
-86.0556
-86.0549
-86.0542
-86.0536
-86.0529
-86.0522
-86.0515
-86.0509
-86.0502
-86.0495
-86.0488
-86.0481
-86.0475
-86.0468
-86.0461
-86.0454
-86.0448
-86.0441
-86.0434
-86.0427
-86.042
-86.0414
-86.0407
-86.04
-86.0393
-86.0386
-86.038
-86.0373
-86.0366
-86.0359
-86.0352
-86.0345
-86.0339
-86.0332
-86.0325
-86.0318
-86.0311
-86.0305
-86.0298
-86.0291
-86.0284
-86.0277
-86.027
-86.0264
-86.0257
-86.025
-86.0243
-86.0236
-86.0229
-86.0222
-86.0216
-86.0209
-86.0202
-86.0195
-86.0188
-86.0181
-86.0174
-86.0168
-86.0161
-86.0154
-86.0147
-86.014
-86.0133
-86.0126
-86.0119
-86.0112
-86.0106
-86.0099
-86.0092
-86.0085
-86.0078
-86.0071
-86.0064
-86.0057
-86.005
-86.0043
-86.0037
-86.003
-86.0023
-86.0016
-86.0009
-86.0002
-85.9995
-85.9988
-85.9981
-85.9974
-85.9967
-85.996
-85.9953
-85.9947
-85.994
-85.9933
-85.9926
-85.9919
-85.9912
-85.9905
-85.9898
-85.9891
-85.9884
-85.9877
-85.987
-85.9863
-85.9856
-85.9849
-85.9842
-85.9835
-85.9828
-85.9821
-85.9814
-85.9807
-85.98
-85.9793
-85.9786
-85.9779
-85.9772
-85.9765
-85.9758
-85.9751
-85.9744
-85.9737
-85.973
-85.9723
-85.9716
-85.9709
-85.9702
-85.9695
-85.9688
-85.9681
-85.9674
-85.9667
-85.966
-85.9653
-85.9646
-85.9639
-85.9632
-85.9625
-85.9618
-85.9611
-85.9604
-85.9597
-85.959
-85.9582
-85.9575
-85.9568
-85.9561
-85.9554
-85.9547
-85.954
-85.9533
-85.9526
-85.9519
-85.9512
-85.9505
-85.9498
-85.949
-85.9483
-85.9476
-85.9469
-85.9462
-85.9455
-85.9448
-85.9441
-85.9434
-85.9427
-85.9419
-85.9412
-85.9405
-85.9398
-85.9391
-85.9384
-85.9377
-85.937
-85.9362
-85.9355
-85.9348
-85.9341
-85.9334
-85.9327
-85.932
-85.9312
-85.9305
-85.9298
-85.9291
-85.9284
-85.9277
-85.9269
-85.9262
-85.9255
-85.9248
-85.9241
-85.9234
-85.9226
-85.9219
-85.9212
-85.9205
-85.9198
-85.919
-85.9183
-85.9176
-85.9169
-85.9162
-85.9154
-85.9147
-85.914
-85.9133
-85.9126
-85.9118
-85.9111
-85.9104
-85.9097
-85.9089
-85.9082
-85.9075
-85.9068
-85.9061
-85.9053
-85.9046
-85.9039
-85.9032
-85.9024
-85.9017
-85.901
-85.9003
-85.8995
-85.8988
-85.8981
-85.8974
-85.8966
-85.8959
-85.8952
-85.8944
-85.8937
-85.893
-85.8923
-85.8915
-85.8908
-85.8901
-85.8893
-85.8886
-85.8879
-85.8872
-85.8864
-85.8857
-85.885
-85.8842
-85.8835
-85.8828
-85.882
-85.8813
-85.8806
-85.8798
-85.8791
-85.8784
-85.8777
-85.8769
-85.8762
-85.8755
-85.8747
-85.874
-85.8732
-85.8725
-85.8718
-85.871
-85.8703
-85.8696
-85.8688
-85.8681
-85.8674
-85.8666
-85.8659
-85.8652
-85.8644
-85.8637
-85.8629
-85.8622
-85.8615
-85.8607
-85.86
-85.8593
-85.8585
-85.8578
-85.857
-85.8563
-85.8556
-85.8548
-85.8541
-85.8533
-85.8526
-85.8519
-85.8511
-85.8504
-85.8496
-85.8489
-85.8481
-85.8474
-85.8467
-85.8459
-85.8452
-85.8444
-85.8437
-85.8429
-85.8422
-85.8415
-85.8407
-85.84
-85.8392
-85.8385
-85.8377
-85.837
-85.8362
-85.8355
-85.8348
-85.834
-85.8333
-85.8325
-85.8318
-85.831
-85.8303
-85.8295
-85.8288
-85.828
-85.8273
-85.8265
-85.8258
-85.825
-85.8243
-85.8235
-85.8228
-85.822
-85.8213
-85.8205
-85.8198
-85.819
-85.8183
-85.8175
-85.8168
-85.816
-85.8153
-85.8145
-85.8138
-85.813
-85.8123
-85.8115
-85.8107
-85.81
-85.8092
-85.8085
-85.8077
-85.807
-85.8062
-85.8055
-85.8047
-85.804
-85.8032
-85.8024
-85.8017
-85.8009
-85.8002
-85.7994
-85.7987
-85.7979
-85.7971
-85.7964
-85.7956
-85.7949
-85.7941
-85.7933
-85.7926
-85.7918
-85.7911
-85.7903
-85.7895
-85.7888
-85.788
-85.7873
-85.7865
-85.7857
-85.785
-85.7842
-85.7835
-85.7827
-85.7819
-85.7812
-85.7804
-85.7796
-85.7789
-85.7781
-85.7773
-85.7766
-85.7758
-85.7751
-85.7743
-85.7735
-85.7728
-85.772
-85.7712
-85.7705
-85.7697
-85.7689
-85.7682
-85.7674
-85.7666
-85.7659
-85.7651
-85.7643
-85.7636
-85.7628
-85.762
-85.7612
-85.7605
-85.7597
-85.7589
-85.7582
-85.7574
-85.7566
-85.7559
-85.7551
-85.7543
-85.7535
-85.7528
-85.752
-85.7512
-85.7505
-85.7497
-85.7489
-85.7481
-85.7474
-85.7466
-85.7458
-85.745
-85.7443
-85.7435
-85.7427
-85.7419
-85.7412
-85.7404
-85.7396
-85.7388
-85.7381
-85.7373
-85.7365
-85.7357
-85.735
-85.7342
-85.7334
-85.7326
-85.7318
-85.7311
-85.7303
-85.7295
-85.7287
-85.7279
-85.7272
-85.7264
-85.7256
-85.7248
-85.724
-85.7232
-85.7225
-85.7217
-85.7209
-85.7201
-85.7193
-85.7185
-85.7178
-85.717
-85.7162
-85.7154
-85.7146
-85.7138
-85.7131
-85.7123
-85.7115
-85.7107
-85.7099
-85.7091
-85.7083
-85.7075
-85.7068
-85.706
-85.7052
-85.7044
-85.7036
-85.7028
-85.702
-85.7012
-85.7004
-85.6997
-85.6989
-85.6981
-85.6973
-85.6965
-85.6957
-85.6949
-85.6941
-85.6933
-85.6925
-85.6917
-85.6909
-85.6902
-85.6894
-85.6886
-85.6878
-85.687
-85.6862
-85.6854
-85.6846
-85.6838
-85.683
-85.6822
-85.6814
-85.6806
-85.6798
-85.679
-85.6782
-85.6774
-85.6766
-85.6758
-85.675
-85.6742
-85.6734
-85.6726
-85.6718
-85.671
-85.6702
-85.6694
-85.6686
-85.6678
-85.667
-85.6662
-85.6654
-85.6646
-85.6638
-85.663
-85.6622
-85.6614
-85.6606
-85.6598
-85.659
-85.6582
-85.6574
-85.6566
-85.6558
-85.655
-85.6541
-85.6533
-85.6525
-85.6517
-85.6509
-85.6501
-85.6493
-85.6485
-85.6477
-85.6469
-85.6461
-85.6453
-85.6445
-85.6436
-85.6428
-85.642
-85.6412
-85.6404
-85.6396
-85.6388
-85.638
-85.6372
-85.6363
-85.6355
-85.6347
-85.6339
-85.6331
-85.6323
-85.6315
-85.6307
-85.6298
-85.629
-85.6282
-85.6274
-85.6266
-85.6258
-85.6249
-85.6241
-85.6233
-85.6225
-85.6217
-85.6209
-85.62
-85.6192
-85.6184
-85.6176
-85.6168
-85.6159
-85.6151
-85.6143
-85.6135
-85.6127
-85.6118
-85.611
-85.6102
-85.6094
-85.6086
-85.6077
-85.6069
-85.6061
-85.6053
-85.6045
-85.6036
-85.6028
-85.602
-85.6012
-85.6003
-85.5995
-85.5987
-85.5979
-85.597
-85.5962
-85.5954
-85.5946
-85.5937
-85.5929
-85.5921
-85.5912
-85.5904
-85.5896
-85.5888
-85.5879
-85.5871
-85.5863
-85.5854
-85.5846
-85.5838
-85.583
-85.5821
-85.5813
-85.5805
-85.5796
-85.5788
-85.578
-85.5771
-85.5763
-85.5755
-85.5746
-85.5738
-85.573
-85.5721
-85.5713
-85.5705
-85.5696
-85.5688
-85.568
-85.5671
-85.5663
-85.5655
-85.5646
-85.5638
-85.563
-85.5621
-85.5613
-85.5604
-85.5596
-85.5588
-85.5579
-85.5571
-85.5562
-85.5554
-85.5546
-85.5537
-85.5529
-85.552
-85.5512
-85.5504
-85.5495
-85.5487
-85.5478
-85.547
-85.5462
-85.5453
-85.5445
-85.5436
-85.5428
-85.5419
-85.5411
-85.5403
-85.5394
-85.5386
-85.5377
-85.5369
-85.536
-85.5352
-85.5343
-85.5335
-85.5326
-85.5318
-85.5309
-85.5301
-85.5293
-85.5284
-85.5276
-85.5267
-85.5259
-85.525
-85.5242
-85.5233
-85.5225
-85.5216
-85.5208
-85.5199
-85.5191
-85.5182
-85.5174
-85.5165
-85.5156
-85.5148
-85.5139
-85.5131
-85.5122
-85.5114
-85.5105
-85.5097
-85.5088
-85.508
-85.5071
-85.5063
-85.5054
-85.5045
-85.5037
-85.5028
-85.502
-85.5011
-85.5003
-85.4994
-85.4985
-85.4977
-85.4968
-85.496
-85.4951
-85.4942
-85.4934
-85.4925
-85.4917
-85.4908
-85.4899
-85.4891
-85.4882
-85.4873
-85.4865
-85.4856
-85.4848
-85.4839
-85.483
-85.4822
-85.4813
-85.4804
-85.4796
-85.4787
-85.4778
-85.477
-85.4761
-85.4752
-85.4744
-85.4735
-85.4726
-85.4718
-85.4709
-85.47
-85.4691
-85.4683
-85.4674
-85.4665
-85.4657
-85.4648
-85.4639
-85.463
-85.4622
-85.4613
-85.4604
-85.4596
-85.4587
-85.4578
-85.4569
-85.4561
-85.4552
-85.4543
-85.4534
-85.4526
-85.4517
-85.4508
-85.4499
-85.449
-85.4482
-85.4473
-85.4464
-85.4455
-85.4447
-85.4438
-85.4429
-85.442
-85.4411
-85.4403
-85.4394
-85.4385
-85.4376
-85.4367
-85.4358
-85.435
-85.4341
-85.4332
-85.4323
-85.4314
-85.4305
-85.4297
-85.4288
-85.4279
-85.427
-85.4261
-85.4252
-85.4243
-85.4235
-85.4226
-85.4217
-85.4208
-85.4199
-85.419
-85.4181
-85.4172
-85.4163
-85.4155
-85.4146
-85.4137
-85.4128
-85.4119
-85.411
-85.4101
-85.4092
-85.4083
-85.4074
-85.4065
-85.4056
-85.4047
-85.4038
-85.403
-85.4021
-85.4012
-85.4003
-85.3994
-85.3985
-85.3976
-85.3967
-85.3958
-85.3949
-85.394
-85.3931
-85.3922
-85.3913
-85.3904
-85.3895
-85.3886
-85.3877
-85.3868
-85.3859
-85.385
-85.3841
-85.3832
-85.3823
-85.3814
-85.3805
-85.3796
-85.3787
-85.3778
-85.3769
-85.376
-85.375
-85.3741
-85.3732
-85.3723
-85.3714
-85.3705
-85.3696
-85.3687
-85.3678
-85.3669
-85.366
-85.3651
-85.3642
-85.3632
-85.3623
-85.3614
-85.3605
-85.3596
-85.3587
-85.3578
-85.3569
-85.356
-85.355
-85.3541
-85.3532
-85.3523
-85.3514
-85.3505
-85.3496
-85.3486
-85.3477
-85.3468
-85.3459
-85.345
-85.3441
-85.3431
-85.3422
-85.3413
-85.3404
-85.3395
-85.3386
-85.3376
-85.3367
-85.3358
-85.3349
-85.334
-85.333
-85.3321
-85.3312
-85.3303
-85.3294
-85.3284
-85.3275
-85.3266
-85.3257
-85.3247
-85.3238
-85.3229
-85.322
-85.321
-85.3201
-85.3192
-85.3183
-85.3173
-85.3164
-85.3155
-85.3146
-85.3136
-85.3127
-85.3118
-85.3108
-85.3099
-85.309
-85.308
-85.3071
-85.3062
-85.3053
-85.3043
-85.3034
-85.3025
-85.3015
-85.3006
-85.2997
-85.2987
-85.2978
-85.2969
-85.2959
-85.295
-85.2941
-85.2931
-85.2922
-85.2913
-85.2903
-85.2894
-85.2884
-85.2875
-85.2866
-85.2856
-85.2847
-85.2837
-85.2828
-85.2819
-85.2809
-85.28
-85.279
-85.2781
-85.2772
-85.2762
-85.2753
-85.2743
-85.2734
-85.2725
-85.2715
-85.2706
-85.2696
-85.2687
-85.2677
-85.2668
-85.2658
-85.2649
-85.264
-85.263
-85.2621
-85.2611
-85.2602
-85.2592
-85.2583
-85.2573
-85.2564
-85.2554
-85.2545
-85.2535
-85.2526
-85.2516
-85.2507
-85.2497
-85.2488
-85.2478
-85.2468
-85.2459
-85.2449
-85.244
-85.243
-85.2421
-85.2411
-85.2402
-85.2392
-85.2382
-85.2373
-85.2363
-85.2354
-85.2344
-85.2335
-85.2325
-85.2315
-85.2306
-85.2296
-85.2287
-85.2277
-85.2267
-85.2258
-85.2248
-85.2238
-85.2229
-85.2219
-85.2209
-85.22
-85.219
-85.2181
-85.2171
-85.2161
-85.2152
-85.2142
-85.2132
-85.2122
-85.2113
-85.2103
-85.2093
-85.2084
-85.2074
-85.2064
-85.2055
-85.2045
-85.2035
-85.2025
-85.2016
-85.2006
-85.1996
-85.1986
-85.1977
-85.1967
-85.1957
-85.1947
-85.1938
-85.1928
-85.1918
-85.1908
-85.1899
-85.1889
-85.1879
-85.1869
-85.1859
-85.185
-85.184
-85.183
-85.182
-85.181
-85.1801
-85.1791
-85.1781
-85.1771
-85.1761
-85.1751
-85.1742
-85.1732
-85.1722
-85.1712
-85.1702
-85.1692
-85.1682
-85.1673
-85.1663
-85.1653
-85.1643
-85.1633
-85.1623
-85.1613
-85.1603
-85.1593
-85.1584
-85.1574
-85.1564
-85.1554
-85.1544
-85.1534
-85.1524
-85.1514
-85.1504
-85.1494
-85.1484
-85.1474
-85.1464
-85.1454
-85.1444
-85.1434
-85.1424
-85.1414
-85.1404
-85.1394
-85.1384
-85.1374
-85.1364
-85.1354
-85.1344
-85.1334
-85.1324
-85.1314
-85.1304
-85.1294
-85.1284
-85.1274
-85.1264
-85.1254
-85.1244
-85.1234
-85.1224
-85.1214
-85.1204
-85.1194
-85.1184
-85.1174
-85.1163
-85.1153
-85.1143
-85.1133
-85.1123
-85.1113
-85.1103
-85.1093
-85.1083
-85.1072
-85.1062
-85.1052
-85.1042
-85.1032
-85.1022
-85.1012
-85.1001
-85.0991
-85.0981
-85.0971
-85.0961
-85.0951
-85.094
-85.093
-85.092
-85.091
-85.09
-85.0889
-85.0879
-85.0869
-85.0859
-85.0849
-85.0838
-85.0828
-85.0818
-85.0808
-85.0797
-85.0787
-85.0777
-85.0767
-85.0756
-85.0746
-85.0736
-85.0726
-85.0715
-85.0705
-85.0695
-85.0685
-85.0674
-85.0664
-85.0654
-85.0643
-85.0633
-85.0623
-85.0612
-85.0602
-85.0592
-85.0581
-85.0571
-85.0561
-85.055
-85.054
-85.053
-85.0519
-85.0509
-85.0499
-85.0488
-85.0478
-85.0468
-85.0457
-85.0447
-85.0436
-85.0426
-85.0416
-85.0405
-85.0395
-85.0384
-85.0374
-85.0363
-85.0353
-85.0343
-85.0332
-85.0322
-85.0311
-85.0301
-85.029
-85.028
-85.0269
-85.0259
-85.0249
-85.0238
-85.0228
-85.0217
-85.0207
-85.0196
-85.0186
-85.0175
-85.0165
-85.0154
-85.0144
-85.0133
-85.0122
-85.0112
-85.0101
-85.0091
-85.008
-85.007
-85.0059
-85.0049
-85.0038
-85.0027
-85.0017
-85.0006
-84.9996
-84.9985
-84.9975
-84.9964
-84.9953
-84.9943
-84.9932
-84.9921
-84.9911
-84.99
-84.989
-84.9879
-84.9868
-84.9858
-84.9847
-84.9836
-84.9826
-84.9815
-84.9804
-84.9793
-84.9783
-84.9772
-84.9761
-84.9751
-84.974
-84.9729
-84.9719
-84.9708
-84.9697
-84.9686
-84.9676
-84.9665
-84.9654
-84.9643
-84.9633
-84.9622
-84.9611
-84.96
-84.9589
-84.9579
-84.9568
-84.9557
-84.9546
-84.9535
-84.9525
-84.9514
-84.9503
-84.9492
-84.9481
-84.947
-84.9459
-84.9449
-84.9438
-84.9427
-84.9416
-84.9405
-84.9394
-84.9383
-84.9372
-84.9362
-84.9351
-84.934
-84.9329
-84.9318
-84.9307
-84.9296
-84.9285
-84.9274
-84.9263
-84.9252
-84.9241
-84.923
-84.9219
-84.9208
-84.9197
-84.9186
-84.9175
-84.9164
-84.9153
-84.9142
-84.9131
-84.912
-84.9109
-84.9098
-84.9087
-84.9076
-84.9065
-84.9054
-84.9043
-84.9032
-84.9021
-84.901
-84.8999
-84.8988
-84.8977
-84.8966
-84.8955
-84.8943
-84.8932
-84.8921
-84.891
-84.8899
-84.8888
-84.8877
-84.8866
-84.8854
-84.8843
-84.8832
-84.8821
-84.881
-84.8799
-84.8787
-84.8776
-84.8765
-84.8754
-84.8743
-84.8731
-84.872
-84.8709
-84.8698
-84.8687
-84.8675
-84.8664
-84.8653
-84.8642
-84.863
-84.8619
-84.8608
-84.8597
-84.8585
-84.8574
-84.8563
-84.8551
-84.854
-84.8529
-84.8517
-84.8506
-84.8495
-84.8484
-84.8472
-84.8461
-84.845
-84.8438
-84.8427
-84.8415
-84.8404
-84.8393
-84.8381
-84.837
-84.8359
-84.8347
-84.8336
-84.8324
-84.8313
-84.8302
-84.829
-84.8279
-84.8267
-84.8256
-84.8244
-84.8233
-84.8222
-84.821
-84.8199
-84.8187
-84.8176
-84.8164
-84.8153
-84.8141
-84.813
-84.8118
-84.8107
-84.8095
-84.8084
-84.8072
-84.8061
-84.8049
-84.8037
-84.8026
-84.8014
-84.8003
-84.7991
-84.798
-84.7968
-84.7957
-84.7945
-84.7933
-84.7922
-84.791
-84.7899
-84.7887
-84.7875
-84.7864
-84.7852
-84.784
-84.7829
-84.7817
-84.7805
-84.7794
-84.7782
-84.777
-84.7759
-84.7747
-84.7735
-84.7724
-84.7712
-84.77
-84.7688
-84.7677
-84.7665
-84.7653
-84.7642
-84.763
-84.7618
-84.7606
-84.7594
-84.7583
-84.7571
-84.7559
-84.7547
-84.7535
-84.7524
-84.7512
-84.75
-84.7488
-84.7476
-84.7464
-84.7453
-84.7441
-84.7429
-84.7417
-84.7405
-84.7393
-84.7381
-84.7369
-84.7358
-84.7346
-84.7334
-84.7322
-84.731
-84.7298
-84.7286
-84.7274
-84.7262
-84.725
-84.7238
-84.7226
-84.7214
-84.7202
-84.719
-84.7178
-84.7166
-84.7154
-84.7142
-84.713
-84.7118
-84.7106
-84.7094
-84.7082
-84.707
-84.7058
-84.7046
-84.7033
-84.7021
-84.7009
-84.6997
-84.6985
-84.6973
-84.6961
-84.6949
-84.6936
-84.6924
-84.6912
-84.69
-84.6888
-84.6876
-84.6863
-84.6851
-84.6839
-84.6827
-84.6815
-84.6802
-84.679
-84.6778
-84.6766
-84.6753
-84.6741
-84.6729
-84.6717
-84.6704
-84.6692
-84.668
-84.6667
-84.6655
-84.6643
-84.6631
-84.6618
-84.6606
-84.6594
-84.6581
-84.6569
-84.6556
-84.6544
-84.6532
-84.6519
-84.6507
-84.6495
-84.6482
-84.647
-84.6457
-84.6445
-84.6432
-84.642
-84.6408
-84.6395
-84.6383
-84.637
-84.6358
-84.6345
-84.6333
-84.632
-84.6308
-84.6295
-84.6283
-84.627
-84.6258
-84.6245
-84.6233
-84.622
-84.6207
-84.6195
-84.6182
-84.617
-84.6157
-84.6145
-84.6132
-84.6119
-84.6107
-84.6094
-84.6081
-84.6069
-84.6056
-84.6043
-84.6031
-84.6018
-84.6005
-84.5993
-84.598
-84.5967
-84.5955
-84.5942
-84.5929
-84.5917
-84.5904
-84.5891
-84.5878
-84.5866
-84.5853
-84.584
-84.5827
-84.5814
-84.5802
-84.5789
-84.5776
-84.5763
-84.575
-84.5738
-84.5725
-84.5712
-84.5699
-84.5686
-84.5673
-84.566
-84.5648
-84.5635
-84.5622
-84.5609
-84.5596
-84.5583
-84.557
-84.5557
-84.5544
-84.5531
-84.5518
-84.5505
-84.5492
-84.5479
-84.5466
-84.5453
-84.544
-84.5427
-84.5414
-84.5401
-84.5388
-84.5375
-84.5362
-84.5349
-84.5336
-84.5323
-84.531
-84.5297
-84.5284
-84.5271
-84.5257
-84.5244
-84.5231
-84.5218
-84.5205
-84.5192
-84.5179
-84.5165
-84.5152
-84.5139
-84.5126
-84.5113
-84.5099
-84.5086
-84.5073
-84.506
-84.5046
-84.5033
-84.502
-84.5007
-84.4993
-84.498
-84.4967
-84.4953
-84.494
-84.4927
-84.4913
-84.49
-84.4887
-84.4873
-84.486
-84.4846
-84.4833
-84.482
-84.4806
-84.4793
-84.4779
-84.4766
-84.4752
-84.4739
-84.4725
-84.4712
-84.4699
-84.4685
-84.4672
-84.4658
-84.4644
-84.4631
-84.4617
-84.4604
-84.459
-84.4577
-84.4563
-84.455
-84.4536
-84.4522
-84.4509
-84.4495
-84.4481
-84.4468
-84.4454
-84.444
-84.4427
-84.4413
-84.4399
-84.4386
-84.4372
-84.4358
-84.4345
-84.4331
-84.4317
-84.4303
-84.429
-84.4276
-84.4262
-84.4248
-84.4234
-84.4221
-84.4207
-84.4193
-84.4179
-84.4165
-84.4151
-84.4137
-84.4124
-84.411
-84.4096
-84.4082
-84.4068
-84.4054
-84.404
-84.4026
-84.4012
-84.3998
-84.3984
-84.397
-84.3956
-84.3942
-84.3928
-84.3914
-84.39
-84.3886
-84.3872
-84.3858
-84.3844
-84.383
-84.3816
-84.3802
-84.3788
-84.3774
-84.3759
-84.3745
-84.3731
-84.3717
-84.3703
-84.3689
-84.3675
-84.366
-84.3646
-84.3632
-84.3618
-84.3603
-84.3589
-84.3575
-84.3561
-84.3546
-84.3532
-84.3518
-84.3504
-84.3489
-84.3475
-84.3461
-84.3446
-84.3432
-84.3418
-84.3403
-84.3389
-84.3374
-84.336
-84.3346
-84.3331
-84.3317
-84.3302
-84.3288
-84.3273
-84.3259
-84.3244
-84.323
-84.3215
-84.3201
-84.3186
-84.3172
-84.3157
-84.3143
-84.3128
-84.3114
-84.3099
-84.3084
-84.307
-84.3055
-84.3041
-84.3026
-84.3011
-84.2997
-84.2982
-84.2967
-84.2953
-84.2938
-84.2923
-84.2909
-84.2894
-84.2879
-84.2864
-84.285
-84.2835
-84.282
-84.2805
-84.279
-84.2776
-84.2761
-84.2746
-84.2731
-84.2716
-84.2701
-84.2686
-84.2671
-84.2657
-84.2642
-84.2627
-84.2612
-84.2597
-84.2582
-84.2567
-84.2552
-84.2537
-84.2522
-84.2507
-84.2492
-84.2477
-84.2462
-84.2447
-84.2431
-84.2416
-84.2401
-84.2386
-84.2371
-84.2356
-84.2341
-84.2325
-84.231
-84.2295
-84.228
-84.2265
-84.2249
-84.2234
-84.2219
-84.2204
-84.2188
-84.2173
-84.2158
-84.2142
-84.2127
-84.2112
-84.2096
-84.2081
-84.2065
-84.205
-84.2035
-84.2019
-84.2004
-84.1988
-84.1973
-84.1957
-84.1942
-84.1926
-84.1911
-84.1895
-84.188
-84.1864
-84.1849
-84.1833
-84.1818
-84.1802
-84.1786
-84.1771
-84.1755
-84.1739
-84.1724
-84.1708
-84.1692
-84.1677
-84.1661
-84.1645
-84.163
-84.1614
-84.1598
-84.1582
-84.1566
-84.1551
-84.1535
-84.1519
-84.1503
-84.1487
-84.1471
-84.1456
-84.144
-84.1424
-84.1408
-84.1392
-84.1376
-84.136
-84.1344
-84.1328
-84.1312
-84.1296
-84.128
-84.1264
-84.1248
-84.1232
-84.1216
-84.12
-84.1183
-84.1167
-84.1151
-84.1135
-84.1119
-84.1103
-84.1087
-84.107
-84.1054
-84.1038
-84.1022
-84.1005
-84.0989
-84.0973
-84.0957
-84.094
-84.0924
-84.0908
-84.0891
-84.0875
-84.0859
-84.0842
-84.0826
-84.0809
-84.0793
-84.0776
-84.076
-84.0743
-84.0727
-84.071
-84.0694
-84.0677
-84.0661
-84.0644
-84.0628
-84.0611
-84.0595
-84.0578
-84.0561
-84.0545
-84.0528
-84.0511
-84.0495
-84.0478
-84.0461
-84.0444
-84.0428
-84.0411
-84.0394
-84.0377
-84.0361
-84.0344
-84.0327
-84.031
-84.0293
-84.0276
-84.0259
-84.0242
-84.0225
-84.0208
-84.0191
-84.0174
-84.0157
-84.014
-84.0123
-84.0106
-84.0089
-84.0072
-84.0055
-84.0038
-84.0021
-84.0004
-83.9986
-83.9969
-83.9952
-83.9935
-83.9918
-83.99
-83.9883
-83.9866
-83.9849
-83.9831
-83.9814
-83.9796
-83.9779
-83.9762
-83.9744
-83.9727
-83.9709
-83.9692
-83.9675
-83.9657
-83.964
-83.9622
-83.9604
-83.9587
-83.9569
-83.9552
-83.9534
-83.9516
-83.9499
-83.9481
-83.9463
-83.9446
-83.9428
-83.941
-83.9393
-83.9375
-83.9357
-83.9339
-83.9321
-83.9304
-83.9286
-83.9268
-83.925
-83.9232
-83.9214
-83.9196
-83.9178
-83.916
-83.9142
-83.9124
-83.9106
-83.9088
-83.907
-83.9052
-83.9034
-83.9016
-83.8998
-83.8979
-83.8961
-83.8943
-83.8925
-83.8907
-83.8888
-83.887
-83.8852
-83.8834
-83.8815
-83.8797
-83.8778
-83.876
-83.8742
-83.8723
-83.8705
-83.8686
-83.8668
-83.8649
-83.8631
-83.8612
-83.8594
-83.8575
-83.8557
-83.8538
-83.8519
-83.8501
-83.8482
-83.8463
-83.8445
-83.8426
-83.8407
-83.8389
-83.837
-83.8351
-83.8332
-83.8313
-83.8294
-83.8276
-83.8257
-83.8238
-83.8219
-83.82
-83.8181
-83.8162
-83.8143
-83.8124
-83.8105
-83.8086
-83.8067
-83.8048
-83.8028
-83.8009
-83.799
-83.7971
-83.7952
-83.7932
-83.7913
-83.7894
-83.7875
-83.7855
-83.7836
-83.7816
-83.7797
-83.7778
-83.7758
-83.7739
-83.7719
-83.77
-83.768
-83.7661
-83.7641
-83.7621
-83.7602
-83.7582
-83.7562
-83.7543
-83.7523
-83.7503
-83.7484
-83.7464
-83.7444
-83.7424
-83.7404
-83.7384
-83.7364
-83.7344
-83.7325
-83.7305
-83.7285
-83.7265
-83.7244
-83.7224
-83.7204
-83.7184
-83.7164
-83.7144
-83.7124
-83.7103
-83.7083
-83.7063
-83.7043
-83.7022
-83.7002
-83.6982
-83.6961
-83.6941
-83.692
-83.69
-83.6879
-83.6859
-83.6838
-83.6818
-83.6797
-83.6777
-83.6756
-83.6735
-83.6715
-83.6694
-83.6673
-83.6653
-83.6632
-83.6611
-83.659
-83.6569
-83.6548
-83.6527
-83.6507
-83.6486
-83.6465
-83.6444
-83.6423
-83.6401
-83.638
-83.6359
-83.6338
-83.6317
-83.6296
-83.6275
-83.6253
-83.6232
-83.6211
-83.6189
-83.6168
-83.6147
-83.6125
-83.6104
-83.6082
-83.6061
-83.6039
-83.6018
-83.5996
-83.5975
-83.5953
-83.5931
-83.591
-83.5888
-83.5866
-83.5844
-83.5823
-83.5801
-83.5779
-83.5757
-83.5735
-83.5713
-83.5691
-83.5669
-83.5647
-83.5625
-83.5603
-83.5581
-83.5559
-83.5537
-83.5515
-83.5492
-83.547
-83.5448
-83.5426
-83.5403
-83.5381
-83.5358
-83.5336
-83.5313
-83.5291
-83.5268
-83.5246
-83.5223
-83.5201
-83.5178
-83.5155
-83.5132
-83.511
-83.5087
-83.5064
-83.5041
-83.5018
-83.4995
-83.4972
-83.4949
-83.4926
-83.4903
-83.488
-83.4857
-83.4834
-83.4811
-83.4788
-83.4764
-83.4741
-83.4718
-83.4694
-83.4671
-83.4647
-83.4624
-83.46
-83.4577
-83.4553
-83.453
-83.4506
-83.4482
-83.4459
-83.4435
-83.4411
-83.4387
-83.4364
-83.434
-83.4316
-83.4292
-83.4268
-83.4244
-83.422
-83.4196
-83.4171
-83.4147
-83.4123
-83.4099
-83.4075
-83.405
-83.4026
-83.4002
-83.3977
-83.3953
-83.3928
-83.3904
-83.3879
-83.3854
-83.383
-83.3805
-83.378
-83.3756
-83.3731
-83.3706
-83.3681
-83.3656
-83.3631
-83.3606
-83.3581
-83.3556
-83.3531
-83.3506
-83.3481
-83.3456
-83.343
-83.3405
-83.338
-83.3354
-83.3329
-83.3303
-83.3278
-83.3252
-83.3227
-83.3201
-83.3175
-83.315
-83.3124
-83.3098
-83.3072
-83.3046
-83.3021
-83.2995
-83.2969
-83.2942
-83.2916
-83.289
-83.2864
-83.2838
-83.2812
-83.2785
-83.2759
-83.2732
-83.2706
-83.2679
-83.2653
-83.2626
-83.26
-83.2573
-83.2546
-83.2519
-83.2493
-83.2466
-83.2439
-83.2412
-83.2385
-83.2358
-83.233
-83.2303
-83.2276
-83.2249
-83.2221
-83.2194
-83.2167
-83.2139
-83.2112
-83.2084
-83.2057
-83.2029
-83.2001
-83.1973
-83.1946
-83.1918
-83.189
-83.1862
-83.1834
-83.1806
-83.1778
-83.175
-83.1721
-83.1693
-83.1665
-83.1636
-83.1608
-83.1579
-83.1551
-83.1522
-83.1494
-83.1465
-83.1436
-83.1407
-83.1379
-83.135
-83.1321
-83.1292
-83.1263
-83.1234
-83.1204
-83.1175
-83.1146
-83.1117
-83.1087
-83.1058
-83.1028
-83.0999
-83.0969
-83.0939
-83.091
-83.088
-83.085
-83.082
-83.079
-83.076
-83.073
-83.07
-83.067
-83.0639
-83.0609
-83.0579
-83.0548
-83.0518
-83.0487
-83.0456
-83.0426
-83.0395
-83.0364
-83.0333
-83.0302
-83.0271
-83.024
-83.0209
-83.0178
-83.0146
-83.0115
-83.0083
-83.0052
-83.002
-82.9989
-82.9957
-82.9925
-82.9893
-82.9861
-82.9829
-82.9797
-82.9765
-82.9733
-82.9701
-82.9669
-82.9636
-82.9604
-82.9571
-82.9538
-82.9506
-82.9473
-82.944
-82.9407
-82.9374
-82.9341
-82.9308
-82.9275
-82.9242
-82.9208
-82.9175
-82.9141
-82.9108
-82.9074
-82.904
-82.9007
-82.8973
-82.8939
-82.8905
-82.8871
-82.8837
-82.8802
-82.8768
-82.8734
-82.8699
-82.8664
-82.863
-82.8595
-82.856
-82.8525
-82.849
-82.8455
-82.842
-82.8385
-82.835
-82.8314
-82.8279
-82.8243
-82.8207
-82.8172
-82.8136
-82.81
-82.8064
-82.8028
-82.7992
-82.7955
-82.7919
-82.7882
-82.7846
-82.7809
-82.7772
-82.7735
-82.7698
-82.7661
-82.7624
-82.7587
-82.755
-82.7512
-82.7475
-82.7437
-82.7399
-82.7362
-82.7324
-82.7286
-82.7247
-82.7209
-82.7171
-82.7132
-82.7094
-82.7055
-82.7017
-82.6978
-82.6939
-82.69
-82.6861
-82.6821
-82.6782
-82.6742
-82.6703
-82.6663
-82.6623
-82.6583
-82.6543
-82.6503
-82.6463
-82.6423
-82.6382
-82.6342
-82.6301
-82.626
-82.6219
-82.6178
-82.6137
-82.6096
-82.6054
-82.6013
-82.5971
-82.593
-82.5888
-82.5846
-82.5804
-82.5761
-82.5719
-82.5676
-82.5634
-82.5591
-82.5548
-82.5505
-82.5462
-82.5419
-82.5375
-82.5332
-82.5288
-82.5244
-82.52
-82.5156
-82.5112
-82.5068
-82.5023
-82.4979
-82.4934
-82.4889
-82.4844
-82.4799
-82.4753
-82.4708
-82.4662
-82.4616
-82.457
-82.4524
-82.4478
-82.4432
-82.4385
-82.4338
-82.4292
-82.4245
-82.4197
-82.415
-82.4103
-82.4055
-82.4007
-82.3959
-82.3911
-82.3863
-82.3815
-82.3766
-82.3717
-82.3668
-82.3619
-82.357
-82.3521
-82.3471
-82.3421
-82.3371
-82.3321
-82.3271
-82.322
-82.317
-82.3119
-82.3068
-82.3017
-82.2965
-82.2914
-82.2862
-82.281
-82.2758
-82.2705
-82.2653
-82.26
-82.2547
-82.2494
-82.2441
-82.2387
-82.2333
-82.2279
-82.2225
-82.2171
-82.2116
-82.2061
-82.2006
-82.1951
-82.1896
-82.184
-82.1784
-82.1728
-82.1672
-82.1615
-82.1558
-82.1502
-82.1444
-82.1387
-82.1329
-82.1271
-82.1213
-82.1155
-82.1096
-82.1037
-82.0978
-82.0919
-82.0859
-82.0799
-82.0739
-82.0679
-82.0618
-82.0557
-82.0496
-82.0435
-82.0373
-82.0311
-82.0249
-82.0186
-82.0124
-82.006
-81.9997
-81.9933
-81.987
-81.9805
-81.9741
-81.9676
-81.9611
-81.9546
-81.948
-81.9414
-81.9348
-81.9281
-81.9214
-81.9147
-81.9079
-81.9011
-81.8943
-81.8875
-81.8806
-81.8737
-81.8667
-81.8597
-81.8527
-81.8457
-81.8386
-81.8315
-81.8243
-81.8171
-81.8099
-81.8026
-81.7953
-81.788
-81.7806
-81.7731
-81.7657
-81.7582
-81.7507
-81.7431
-81.7355
-81.7278
-81.7201
-81.7124
-81.7046
-81.6968
-81.6889
-81.681
-81.673
-81.665
-81.657
-81.6489
-81.6408
-81.6326
-81.6244
-81.6161
-81.6078
-81.5994
-81.591
-81.5826
-81.574
-81.5655
-81.5569
-81.5482
-81.5395
-81.5307
-81.5219
-81.513
-81.5041
-81.4951
-81.4861
-81.477
-81.4678
-81.4586
-81.4493
-81.44
-81.4306
-81.4212
-81.4117
-81.4021
-81.3925
-81.3828
-81.373
-81.3632
-81.3533
-81.3434
-81.3333
-81.3232
-81.3131
-81.3029
-81.2926
-81.2822
-81.2717
-81.2612
-81.2506
-81.24
-81.2292
-81.2184
-81.2075
-81.1965
-81.1855
-81.1743
-81.1631
-81.1518
-81.1404
-81.1289
-81.1174
-81.1057
-81.0939
-81.0821
-81.0702
-81.0582
-81.046
-81.0338
-81.0215
-81.0091
-80.9966
-80.9839
-80.9712
-80.9584
-80.9455
-80.9324
-80.9193
-80.906
-80.8926
-80.8791
-80.8655
-80.8518
-80.8379
-80.8239
-80.8098
-80.7956
-80.7812
-80.7667
-80.7521
-80.7373
-80.7224
-80.7074
-80.6922
-80.6768
-80.6614
-80.6457
-80.6299
-80.614
-80.5979
-80.5816
-80.5652
-80.5486
-80.5318
-80.5148
-80.4977
-80.4804
-80.4629
-80.4452
-80.4274
-80.4093
-80.391
-80.3725
-80.3539
-80.335
-80.3158
-80.2965
-80.2769
-80.2571
-80.2371
-80.2168
-80.1963
-80.1756
-80.1546
-80.1333
-80.1117
-80.0899
-80.0678
-80.0454
-80.0227
-79.9997
-79.9764
-79.9528
-79.9289
-79.9046
-79.88
-79.855
-79.8297
-79.8041
-79.778
-79.7516
-79.7247
-79.6975
-79.6698
-79.6418
-79.6132
-79.5843
-79.5548
-79.5249
-79.4945
-79.4636
-79.4321
-79.4002
-79.3676
-79.3345
-79.3008
-79.2665
-79.2316
-79.196
-79.1597
-79.1228
-79.0851
-79.0467
-79.0075
-78.9676
-78.9268
-78.8851
-78.8426
-78.7991
-78.7547
-78.7093
-78.6629
-78.6153
-78.5667
-78.5168
-78.4658
-78.4135
-78.3598
-78.3048
-78.2483
-78.1903
-78.1306
-78.0693
-78.0062
-77.9413
-77.8744
-77.8054
-77.7342
-77.6607
-77.5848
-77.5062
-77.425
-77.3407
-77.2534
-77.1627
-77.0684
-76.9703
-76.868
-76.7613
-76.6498
-76.5331
-76.4107
-76.2822
-76.1469
-76.0042
-75.8533
-75.6933
-75.5233
-75.3419
-75.1478
-74.9392
-74.7141
-74.4699
-74.2035
-73.9108
-73.5869
-73.225
-72.8161
-72.3478
-71.802
-71.1518
-70.3539
-69.3336
-67.9461
-65.8622
-62.1012
-51.8959
-0.150086
49.7942
43.0471
6.47901
-13.0047
-26.4362
-39.8617
-69.2322
-94.1524
-94.9557
-94.964
-94.9311
-94.8678
-94.7625
-94.609
-94.4116
-94.1828
-93.9365
-93.6843
-93.4339
-93.1898
-92.9543
-92.7285
-92.5125
-92.3064
-92.1098
-91.9223
-91.7435
-91.5731
-91.4106
-91.2556
-91.1079
-90.967
-90.8327
-90.7046
-90.5825
-90.4661
-90.3551
-90.2493
-90.1485
-90.0524
-89.9609
-89.8736
-89.7905
-89.7114
-89.636
-89.5643
-89.496
-89.4311
-89.3693
-89.3106
-89.2548
-89.2017
-89.1513
-89.1035
-89.0581
-89.0151
-88.9742
-88.9356
-88.899
-88.8643
-88.8315
-88.8006
-88.7713
-88.7437
-88.7177
-88.6932
-88.6701
-88.6484
-88.628
-88.6089
-88.591
-88.5743
-88.5587
-88.5441
-88.5305
-88.5179
-88.5063
-88.4955
-88.4855
-88.4763
-88.4679
-88.4603
-88.4533
-88.4469
-88.4413
-88.4362
-88.4316
-88.4276
-88.4241
-88.4212
-88.4186
-88.4165
-88.4148
-88.4135
-88.4126
-88.412
-88.4118
-88.4119
-88.4122
-88.4129
-88.4138
-88.4149
-88.4163
-88.4178
-88.4196
-88.4215
-88.4237
-88.4259
-88.4283
-88.4309
-88.4336
-88.4364
-88.4392
-88.4422
-88.4453
-88.4484
-88.4516
-88.4548
-88.4581
-88.4615
-88.4648
-88.4682
-88.4716
-88.475
-88.4785
-88.4819
-88.4853
-88.4887
-88.4921
-88.4955
-88.4988
-88.5021
-88.5054
-88.5086
-88.5118
-88.515
-88.5181
-88.5211
-88.5241
-88.5271
-88.5299
-88.5327
-88.5355
-88.5382
-88.5408
-88.5433
-88.5458
-88.5482
-88.5505
-88.5527
-88.5549
-88.5569
-88.5589
-88.5608
-88.5626
-88.5644
-88.566
-88.5676
-88.5691

