-70
-68.5123
-66.6362
-63.7201
-57.7336
-35.4585
40.7398
49.3179
44.4615
29.5959
7.85046
-6.34446
-17.1918
-28.2484
-38.8955
-62.4987
-92.3515
-94.7431
-94.8947
-94.8742
-94.8057
-94.7028
-94.5732
-94.4264
-94.2714
-94.115
-93.9611
-93.8117
-93.6677
-93.5293
-93.3964
-93.2685
-93.1455
-93.0271
-92.9128
-92.8025
-92.696
-92.593
-92.4933
-92.3967
-92.3031
-92.2124
-92.1243
-92.0388
-91.9557
-91.875
-91.7964
-91.72
-91.6456
-91.5731
-91.5025
-91.4336
-91.3663
-91.3007
-91.2367
-91.1741
-91.1129
-91.053
-90.9945
-90.9371
-90.881
-90.826
-90.772
-90.7191
-90.6672
-90.6163
-90.5662
-90.5171
-90.4687
-90.4212
-90.3744
-90.3284
-90.2831
-90.2384
-90.1944
-90.151
-90.1082
-90.066
-90.0243
-89.9831
-89.9424
-89.9022
-89.8625
-89.8232
-89.7843
-89.7458
-89.7077
-89.67
-89.6326
-89.5955
-89.5588
-89.5223
-89.4862
-89.4503
-89.4147
-89.3793
-89.3442
-89.3093
-89.2746
-89.2402
-89.2059
-89.1718
-89.1379
-89.1041
-89.0705
-89.0371
-89.0038
-88.9706
-88.9376
-88.9047
-88.8719
-88.8392
-88.8066
-88.774
-88.7416
-88.7093
-88.677
-88.6448
-88.6127
-88.5806
-88.5486
-88.5166
-88.4846
-88.4527
-88.4209
-88.3891
-88.3572
-88.3255
-88.2937
-88.262
-88.2302
-88.1985
-88.1668
-88.1351
-88.1034
-88.0716
-88.0399
-88.0082
-87.9764
-87.9446
-87.9129
-87.8811
-87.8492
-87.8174
-87.7855
-87.7536
-87.7216
-87.6897
-87.6577
-87.6256
-87.5935
-87.5614
-87.5292
-87.497
-87.4647
-87.4324
-87.4001
-87.3676
-87.3352
-87.3026
-87.2701
-87.2374
-87.2047
-87.1719
-87.1391
-87.1062
-87.0733
-87.0403
-87.0072
-86.974
-86.9408
-86.9075
-86.8741
-86.8407
-86.8072
-86.7736
-86.7399
-86.7061
-86.6723
-86.6384
-86.6044
-86.5703
-86.5361
-86.5019
-86.4675
-86.4331
-86.3986
-86.364
-86.3293
-86.2945
-86.2596
-86.2247
-86.1896
-86.1544
-86.1192
-86.0838
-86.0483
-86.0128
-85.9771
-85.9413
-85.9054
-85.8695
-85.8334
-85.7972
-85.7609
-85.7244
-85.6879
-85.6513
-85.6145
-85.5776
-85.5406
-85.5035
-85.4663
-85.429
-85.3915
-85.3539
-85.3162
-85.2783
-85.2403
-85.2022
-85.164
-85.1256
-85.0871
-85.0484
-85.0096
-84.9707
-84.9316
-84.8924
-84.8531
-84.8136
-84.7739
-84.7341
-84.6941
-84.654
-84.6137
-84.5733
-84.5327
-84.4919
-84.451
-84.4099
-84.3686
-84.3272
-84.2856
-84.2438
-84.2018
-84.1596
-84.1173
-84.0747
-84.032
-83.989
-83.9459
-83.9025
-83.859
-83.8152
-83.7713
-83.7271
-83.6827
-83.638
-83.5931
-83.548
-83.5027
-83.4571
-83.4113
-83.3652
-83.3189
-83.2723
-83.2254
-83.1783
-83.1309
-83.0832
-83.0352
-82.9869
-82.9383
-82.8895
-82.8403
-82.7908
-82.7409
-82.6908
-82.6402
-82.5894
-82.5382
-82.4866
-82.4346
-82.3823
-82.3295
-82.2764
-82.2229
-82.1689
-82.1145
-82.0597
-82.0044
-81.9486
-81.8923
-81.8356
-81.7784
-81.7206
-81.6623
-81.6035
-81.544
-81.4841
-81.4235
-81.3622
-81.3004
-81.2379
-81.1747
-81.1108
-81.0462
-80.9809
-80.9147
-80.8478
-80.7801
-80.7115
-80.642
-80.5716
-80.5002
-80.4279
-80.3545
-80.2801
-80.2045
-80.1278
-80.0499
-79.9708
-79.8903
-79.8085
-79.7253
-79.6405
-79.5542
-79.4663
-79.3767
-79.2852
-79.1919
-79.0966
-78.9991
-78.8995
-78.7975
-78.6931
-78.586
-78.4762
-78.3633
-78.2474
-78.128
-78.0051
-77.8783
-77.7474
-77.612
-77.4719
-77.3265
-77.1754
-77.0183
-76.8544
-76.6831
-76.5037
-76.3153
-76.1169
-75.9073
-75.6851
-75.4487
-75.196
-74.9245
-74.6312
-74.3124
-73.9629
-73.5765
-73.1445
-72.655
-72.0912
-71.4275
-70.624
-69.6122
-68.2626
-66.2912
-62.9021
-54.6809
-15.4133
49.0327
49.4217
44.8078
30.5814
9.11727
-5.43568
-16.3535
-27.366
-37.3784
-58.8354
-91.4159
-94.7218
-94.9003
-94.875
-94.7987
-94.6839
-94.538
-94.3719
-94.1963
-94.0195
-93.8464
-93.6795
-93.52
-93.368
-93.2234
-93.0858
-92.9548
-92.83
-92.711
-92.5975
-92.489
-92.3853
-92.2862
-92.1914
-92.1005
-92.0135
-91.93
-91.85
-91.7731
-91.6993
-91.6284
-91.5603
-91.4947
-91.4315
-91.3707
-91.3122
-91.2557
-91.2012
-91.1485
-91.0977
-91.0486
-91.0011
-90.9551
-90.9106
-90.8674
-90.8256
-90.785
-90.7456
-90.7073
-90.6701
-90.6338
-90.5986
-90.5642
-90.5307
-90.498
-90.4661
-90.4349
-90.4044
-90.3746
-90.3454
-90.3167
-90.2887
-90.2611
-90.234
-90.2074
-90.1813
-90.1555
-90.1302
-90.1052
-90.0806
-90.0562
-90.0322
-90.0085
-89.985
-89.9618
-89.9388
-89.9161
-89.8935
-89.8711
-89.8489
-89.8269
-89.805
-89.7832
-89.7616
-89.74
-89.7186
-89.6973
-89.676
-89.6548
-89.6337
-89.6126
-89.5916
-89.5706
-89.5497
-89.5288
-89.5079
-89.487
-89.4661
-89.4452
-89.4243
-89.4034
-89.3825
-89.3616
-89.3406
-89.3197
-89.2987
-89.2776
-89.2565
-89.2354
-89.2142
-89.193
-89.1717
-89.1503
-89.1289
-89.1075
-89.086
-89.0644
-89.0427
-89.021
-88.9992
-88.9773
-88.9553
-88.9333
-88.9112
-88.889
-88.8667
-88.8443
-88.8219
-88.7993
-88.7767
-88.754
-88.7312
-88.7082
-88.6852
-88.6622
-88.639
-88.6157
-88.5923
-88.5688
-88.5453
-88.5216
-88.4978
-88.4739
-88.45
-88.4259
-88.4017
-88.3774
-88.3531
-88.3286
-88.304
-88.2793
-88.2545
-88.2296
-88.2046
-88.1795
-88.1543
-88.129
-88.1036
-88.0781
-88.0524
-88.0267
-88.0009
-87.9749
-87.9489
-87.9227
-87.8964
-87.8701
-87.8436
-87.817
-87.7903
-87.7635
-87.7366
-87.7096
-87.6825
-87.6553
-87.628
-87.6005
-87.573
-87.5453
-87.5176
-87.4897
-87.4617
-87.4336
-87.4054
-87.3771
-87.3487
-87.3202
-87.2916
-87.2629
-87.234
-87.2051
-87.176
-87.1469
-87.1176
-87.0882
-87.0587
-87.0291
-86.9994
-86.9696
-86.9397
-86.9096
-86.8795
-86.8492
-86.8189
-86.7884
-86.7578
-86.7271
-86.6963
-86.6654
-86.6343
-86.6032
-86.5719
-86.5405
-86.509
-86.4774
-86.4457
-86.4139
-86.3819
-86.3499
-86.3177
-86.2854
-86.253
-86.2205
-86.1878
-86.1551
-86.1222
-86.0892
-86.0561
-86.0228
-85.9895
-85.956
-85.9224
-85.8887
-85.8548
-85.8208
-85.7867
-85.7525
-85.7181
-85.6837
-85.649
-85.6143
-85.5794
-85.5444
-85.5093
-85.474
-85.4386
-85.4031
-85.3674
-85.3316
-85.2957
-85.2596
-85.2233
-85.187
-85.1505
-85.1138
-85.077
-85.04
-85.0029
-84.9657
-84.9283
-84.8907
-84.853
-84.8151
-84.7771
-84.7389
-84.7006
-84.6621
-84.6234
-84.5845
-84.5455
-84.5063
-84.467
-84.4274
-84.3877
-84.3478
-84.3077
-84.2675
-84.227
-84.1864
-84.1455
-84.1045
-84.0632
-84.0218
-83.9802
-83.9383
-83.8963
-83.854
-83.8115
-83.7688
-83.7259
-83.6827
-83.6393
-83.5957
-83.5518
-83.5077
-83.4633
-83.4187
-83.3738
-83.3287
-83.2833
-83.2376
-83.1916
-83.1454
-83.0989
-83.052
-83.0049
-82.9575
-82.9098
-82.8617
-82.8133
-82.7646
-82.7156
-82.6662
-82.6164
-82.5663
-82.5159
-82.465
-82.4137
-82.3621
-82.3101
-82.2576
-82.2047
-82.1514
-82.0976
-82.0434
-81.9887
-81.9335
-81.8778
-81.8216
-81.7649
-81.7076
-81.6498
-81.5914
-81.5325
-81.4729
-81.4127
-81.3519
-81.2904
-81.2282
-81.1654
-81.1018
-81.0374
-80.9723
-80.9064
-80.8397
-80.7721
-80.7036
-80.6342
-80.5639
-80.4925
-80.4202
-80.3468
-80.2722
-80.1966
-80.1197
-80.0416
-79.9622
-79.8814
-79.7992
-79.7155
-79.6303
-79.5435
-79.4549
-79.3646
-79.2724
-79.1782
-79.082
-78.9835
-78.8828
-78.7796
-78.6738
-78.5653
-78.4538
-78.3393
-78.2215
-78.1001
-77.9749
-77.8457
-77.7122
-77.5739
-77.4305
-77.2817
-77.1269
-76.9655
-76.797
-76.6206
-76.4355
-76.2408
-76.0354
-75.8179
-75.5867
-75.3401
-75.0757
-74.7907
-74.4817
-74.1441
-73.7721
-73.3583
-72.8921
-72.3589
-71.7372
-70.9939
-70.0743
-68.8794
-67.2065
-64.5471
-59.1212
-39.5922
38.4441
49.4899
45.579
32.8134
11.9847
-3.53023
-14.6509
-25.5353
-35.3654
-53.8823
-88.6213
-94.5532
-94.8774
-94.8725
-94.8017
-94.6858
-94.5315
-94.3495
-94.1517
-93.9486
-93.747
-93.5512
-93.3633
-93.184
-93.0136
-92.8519
-92.6984
-92.5528
-92.4147
-92.2835
-92.1588
-92.0404
-91.9278
-91.8207
-91.7188
-91.6218
-91.5294
-91.4414
-91.3575
-91.2776
-91.2013
-91.1285
-91.0591
-90.9928
-90.9295
-90.869
-90.8111
-90.7558
-90.7029
-90.6523
-90.6038
-90.5574
-90.5128
-90.4702
-90.4292
-90.3899
-90.3521
-90.3159
-90.281
-90.2474
-90.2151
-90.184
-90.154
-90.1251
-90.0971
-90.0701
-90.044
-90.0188
-89.9943
-89.9706
-89.9476
-89.9252
-89.9035
-89.8824
-89.8618
-89.8418
-89.8222
-89.8031
-89.7844
-89.7662
-89.7483
-89.7307
-89.7135
-89.6965
-89.6799
-89.6635
-89.6473
-89.6314
-89.6157
-89.6001
-89.5847
-89.5695
-89.5544
-89.5394
-89.5245
-89.5097
-89.495
-89.4804
-89.4658
-89.4513
-89.4368
-89.4224
-89.408
-89.3935
-89.3791
-89.3647
-89.3503
-89.3358
-89.3213
-89.3068
-89.2923
-89.2777
-89.263
-89.2483
-89.2335
-89.2187
-89.2038
-89.1888
-89.1737
-89.1586
-89.1434
-89.1281
-89.1127
-89.0972
-89.0816
-89.0659
-89.0501
-89.0341
-89.0181
-89.002
-88.9857
-88.9694
-88.9529
-88.9363
-88.9196
-88.9028
-88.8859
-88.8688
-88.8516
-88.8343
-88.8168
-88.7992
-88.7815
-88.7637
-88.7458
-88.7277
-88.7094
-88.6911
-88.6726
-88.654
-88.6353
-88.6164
-88.5974
-88.5782
-88.559
-88.5396
-88.52
-88.5004
-88.4806
-88.4606
-88.4405
-88.4203
-88.4
-88.3795
-88.3589
-88.3382
-88.3173
-88.2963
-88.2752
-88.2539
-88.2325
-88.211
-88.1894
-88.1676
-88.1456
-88.1236
-88.1014
-88.0791
-88.0567
-88.0341
-88.0114
-87.9886
-87.9656
-87.9425
-87.9193
-87.896
-87.8725
-87.8489
-87.8252
-87.8014
-87.7774
-87.7533
-87.7291
-87.7047
-87.6803
-87.6557
-87.631
-87.6061
-87.5812
-87.5561
-87.5309
-87.5055
-87.4801
-87.4545
-87.4288
-87.403
-87.377
-87.351
-87.3248
-87.2985
-87.272
-87.2455
-87.2188
-87.192
-87.1651
-87.1381
-87.111
-87.0837
-87.0563
-87.0288
-87.0012
-86.9734
-86.9456
-86.9176
-86.8895
-86.8613
-86.833
-86.8045
-86.7759
-86.7472
-86.7184
-86.6895
-86.6605
-86.6313
-86.602
-86.5726
-86.5431
-86.5134
-86.4837
-86.4538
-86.4238
-86.3936
-86.3634
-86.333
-86.3025
-86.2719
-86.2412
-86.2104
-86.1794
-86.1483
-86.1171
-86.0857
-86.0543
-86.0227
-85.991
-85.9591
-85.9272
-85.8951
-85.8629
-85.8305
-85.798
-85.7654
-85.7327
-85.6999
-85.6669
-85.6338
-85.6005
-85.5671
-85.5336
-85.5
-85.4662
-85.4322
-85.3982
-85.364
-85.3297
-85.2952
-85.2606
-85.2258
-85.1909
-85.1559
-85.1207
-85.0854
-85.0499
-85.0143
-84.9785
-84.9425
-84.9065
-84.8702
-84.8338
-84.7973
-84.7606
-84.7237
-84.6867
-84.6495
-84.6121
-84.5746
-84.5369
-84.499
-84.461
-84.4227
-84.3843
-84.3458
-84.307
-84.2681
-84.2289
-84.1896
-84.1501
-84.1104
-84.0705
-84.0304
-83.9901
-83.9496
-83.9089
-83.8679
-83.8268
-83.7854
-83.7439
-83.702
-83.66
-83.6177
-83.5752
-83.5325
-83.4895
-83.4463
-83.4028
-83.359
-83.315
-83.2708
-83.2262
-83.1814
-83.1363
-83.0909
-83.0453
-82.9993
-82.953
-82.9064
-82.8595
-82.8123
-82.7647
-82.7169
-82.6686
-82.62
-82.5711
-82.5218
-82.4721
-82.4221
-82.3716
-82.3207
-82.2695
-82.2178
-82.1657
-82.1131
-82.0601
-82.0066
-81.9527
-81.8982
-81.8433
-81.7878
-81.7318
-81.6753
-81.6182
-81.5605
-81.5023
-81.4434
-81.3839
-81.3238
-81.263
-81.2015
-81.1393
-81.0763
-81.0126
-80.9482
-80.8829
-80.8168
-80.7498
-80.6819
-80.6131
-80.5434
-80.4726
-80.4008
-80.328
-80.254
-80.1789
-80.1025
-80.0249
-79.946
-79.8657
-79.784
-79.7008
-79.616
-79.5296
-79.4415
-79.3516
-79.2597
-79.1659
-79.07
-78.9719
-78.8714
-78.7685
-78.6629
-78.5546
-78.4434
-78.329
-78.2112
-78.0899
-77.9648
-77.8356
-77.702
-77.5636
-77.4201
-77.271
-77.1159
-76.9541
-76.7851
-76.6082
-76.4224
-76.2269
-76.0205
-75.8019
-75.5694
-75.3212
-75.0549
-74.7677
-74.456
-74.1151
-73.7393
-73.3205
-72.848
-72.3067
-71.6741
-70.9155
-69.9731
-68.7412
-66.9994
-64.1808
-58.2033
-34.9338
41.7383
49.4113
45.1641
31.8514
10.9227
-4.15506
-15.1814
-26.1001
-35.7162
-54.7623
-89.3591
-94.6077
-94.8813
-94.8632
-94.7803
-94.6484
-94.4738
-94.2684
-94.0457
-93.8173
-93.591
-93.3715
-93.1611
-92.9609
-92.7709
-92.5909
-92.4206
-92.2594
-92.1069
-91.9626
-91.8259
-91.6964
-91.5738
-91.4576
-91.3475
-91.2431
-91.1441
-91.0502
-90.9612
-90.8767
-90.7965
-90.7205
-90.6482
-90.5797
-90.5146
-90.4528
-90.3941
-90.3383
-90.2853
-90.2349
-90.187
-90.1415
-90.0983
-90.0571
-90.018
-89.9807
-89.9452
-89.9115
-89.8793
-89.8487
-89.8195
-89.7917
-89.7651
-89.7397
-89.7155
-89.6924
-89.6703
-89.6491
-89.6289
-89.6095
-89.5909
-89.5731
-89.5559
-89.5394
-89.5236
-89.5083
-89.4936
-89.4794
-89.4656
-89.4523
-89.4394
-89.4269
-89.4147
-89.4029
-89.3914
-89.3801
-89.3691
-89.3583
-89.3478
-89.3374
-89.3272
-89.3171
-89.3072
-89.2974
-89.2877
-89.2781
-89.2686
-89.2591
-89.2497
-89.2403
-89.2309
-89.2216
-89.2122
-89.2029
-89.1935
-89.1841
-89.1746
-89.1652
-89.1556
-89.1461
-89.1364
-89.1267
-89.1169
-89.107
-89.097
-89.087
-89.0768
-89.0666
-89.0562
-89.0457
-89.0351
-89.0244
-89.0135
-89.0026
-88.9915
-88.9803
-88.9689
-88.9574
-88.9458
-88.934
-88.9221
-88.91
-88.8978
-88.8854
-88.8729
-88.8603
-88.8475
-88.8345
-88.8214
-88.8081
-88.7947
-88.7811
-88.7673
-88.7534
-88.7394
-88.7251
-88.7108
-88.6962
-88.6815
-88.6667
-88.6516
-88.6365
-88.6211
-88.6056
-88.59
-88.5741
-88.5582
-88.542
-88.5257
-88.5093
-88.4927
-88.4759
-88.459
-88.4419
-88.4246
-88.4072
-88.3897
-88.3719
-88.3541
-88.3361
-88.3179
-88.2995
-88.2811
-88.2624
-88.2436
-88.2247
-88.2056
-88.1863
-88.167
-88.1474
-88.1277
-88.1079
-88.0879
-88.0678
-88.0475
-88.0271
-88.0065
-87.9858
-87.9649
-87.9439
-87.9228
-87.9015
-87.8801
-87.8585
-87.8368
-87.8149
-87.7929
-87.7708
-87.7486
-87.7262
-87.7036
-87.681
-87.6582
-87.6352
-87.6121
-87.5889
-87.5656
-87.5421
-87.5185
-87.4947
-87.4709
-87.4469
-87.4227
-87.3985
-87.3741
-87.3496
-87.3249
-87.3001
-87.2752
-87.2502
-87.225
-87.1997
-87.1743
-87.1488
-87.1231
-87.0973
-87.0714
-87.0453
-87.0191
-86.9929
-86.9664
-86.9399
-86.9132
-86.8864
-86.8595
-86.8325
-86.8053
-86.778
-86.7506
-86.7231
-86.6954
-86.6677
-86.6398
-86.6117
-86.5836
-86.5553
-86.5269
-86.4984
-86.4698
-86.441
-86.4122
-86.3832
-86.354
-86.3248
-86.2954
-86.2659
-86.2363
-86.2066
-86.1767
-86.1467
-86.1166
-86.0863
-86.056
-86.0255
-85.9949
-85.9641
-85.9333
-85.9023
-85.8712
-85.8399
-85.8085
-85.777
-85.7454
-85.7136
-85.6817
-85.6497
-85.6175
-85.5853
-85.5528
-85.5203
-85.4876
-85.4548
-85.4218
-85.3887
-85.3555
-85.3221
-85.2886
-85.2549
-85.2212
-85.1872
-85.1531
-85.1189
-85.0845
-85.05
-85.0154
-84.9806
-84.9456
-84.9105
-84.8752
-84.8398
-84.8042
-84.7685
-84.7326
-84.6966
-84.6604
-84.624
-84.5874
-84.5507
-84.5139
-84.4768
-84.4396
-84.4022
-84.3646
-84.3269
-84.289
-84.2508
-84.2126
-84.1741
-84.1354
-84.0965
-84.0575
-84.0182
-83.9788
-83.9391
-83.8992
-83.8591
-83.8188
-83.7783
-83.7376
-83.6967
-83.6555
-83.6141
-83.5725
-83.5306
-83.4885
-83.4461
-83.4035
-83.3607
-83.3176
-83.2742
-83.2306
-83.1866
-83.1425
-83.098
-83.0532
-83.0082
-82.9628
-82.9172
-82.8712
-82.825
-82.7784
-82.7314
-82.6842
-82.6366
-82.5886
-82.5403
-82.4916
-82.4426
-82.3931
-82.3433
-82.2931
-82.2424
-82.1914
-82.1399
-82.0879
-82.0356
-81.9827
-81.9294
-81.8756
-81.8212
-81.7664
-81.7111
-81.6551
-81.5987
-81.5417
-81.484
-81.4258
-81.3669
-81.3074
-81.2473
-81.1864
-81.1248
-81.0625
-80.9995
-80.9357
-80.871
-80.8056
-80.7393
-80.672
-80.6039
-80.5348
-80.4647
-80.3936
-80.3214
-80.2481
-80.1737
-80.098
-80.0211
-79.9429
-79.8633
-79.7823
-79.6998
-79.6158
-79.5301
-79.4427
-79.3535
-79.2624
-79.1694
-79.0743
-78.977
-78.8773
-78.7752
-78.6705
-78.5631
-78.4527
-78.3393
-78.2225
-78.1022
-77.9781
-77.8499
-77.7174
-77.5802
-77.4379
-77.2901
-77.1363
-76.9759
-76.8085
-76.6332
-76.4492
-76.2556
-76.0512
-75.8349
-75.605
-75.3596
-75.0965
-74.813
-74.5056
-74.1698
-73.8
-73.3886
-72.9254
-72.3961
-71.7795
-71.0433
-70.1343
-68.9568
-67.3161
-64.73
-59.546
-41.5734
35.8345
49.5476
45.8888
33.5277
12.7742
-3.08761
-14.2842
-25.1451
-35.112
-53.2553
-88.045
-94.5083
-94.8642
-94.8568
-94.7741
-94.6378
-94.4545
-94.2359
-93.9965
-93.749
-93.5025
-93.2626
-93.0322
-92.8128
-92.6046
-92.4075
-92.2212
-92.0452
-91.8788
-91.7217
-91.5732
-91.4328
-91.3001
-91.1747
-91.0562
-90.9441
-90.8381
-90.7379
-90.6431
-90.5535
-90.4687
-90.3886
-90.3128
-90.2411
-90.1733
-90.1092
-90.0486
-89.9913
-89.9372
-89.886
-89.8376
-89.7918
-89.7486
-89.7077
-89.6691
-89.6326
-89.5982
-89.5656
-89.5349
-89.5058
-89.4783
-89.4524
-89.4279
-89.4048
-89.3829
-89.3622
-89.3427
-89.3243
-89.3068
-89.2903
-89.2747
-89.2599
-89.2459
-89.2327
-89.2201
-89.2082
-89.1969
-89.1861
-89.1759
-89.1661
-89.1568
-89.148
-89.1395
-89.1313
-89.1235
-89.116
-89.1088
-89.1018
-89.095
-89.0885
-89.0821
-89.0759
-89.0698
-89.0639
-89.0581
-89.0523
-89.0466
-89.041
-89.0354
-89.0299
-89.0244
-89.0189
-89.0133
-89.0078
-89.0022
-88.9966
-88.991
-88.9852
-88.9795
-88.9736
-88.9677
-88.9617
-88.9555
-88.9493
-88.943
-88.9366
-88.93
-88.9233
-88.9165
-88.9096
-88.9025
-88.8953
-88.8879
-88.8804
-88.8727
-88.8649
-88.8569
-88.8488
-88.8405
-88.832
-88.8234
-88.8146
-88.8056
-88.7965
-88.7872
-88.7777
-88.768
-88.7582
-88.7482
-88.738
-88.7276
-88.717
-88.7063
-88.6953
-88.6842
-88.6729
-88.6615
-88.6498
-88.638
-88.626
-88.6138
-88.6014
-88.5888
-88.5761
-88.5631
-88.55
-88.5367
-88.5233
-88.5096
-88.4958
-88.4817
-88.4676
-88.4532
-88.4386
-88.4239
-88.409
-88.3939
-88.3787
-88.3632
-88.3476
-88.3319
-88.3159
-88.2998
-88.2835
-88.267
-88.2504
-88.2336
-88.2166
-88.1995
-88.1822
-88.1647
-88.1471
-88.1293
-88.1114
-88.0933
-88.075
-88.0565
-88.0379
-88.0192
-88.0003
-87.9812
-87.962
-87.9426
-87.9231
-87.9034
-87.8835
-87.8635
-87.8434
-87.8231
-87.8026
-87.7821
-87.7613
-87.7404
-87.7194
-87.6982
-87.6769
-87.6554
-87.6338
-87.612
-87.5901
-87.5681
-87.5459
-87.5236
-87.5011
-87.4785
-87.4558
-87.4329
-87.4099
-87.3867
-87.3635
-87.34
-87.3165
-87.2928
-87.269
-87.245
-87.2209
-87.1967
-87.1723
-87.1478
-87.1232
-87.0985
-87.0736
-87.0486
-87.0235
-86.9982
-86.9728
-86.9473
-86.9216
-86.8958
-86.8699
-86.8439
-86.8177
-86.7915
-86.765
-86.7385
-86.7118
-86.6851
-86.6581
-86.6311
-86.6039
-86.5766
-86.5492
-86.5217
-86.494
-86.4662
-86.4383
-86.4103
-86.3821
-86.3538
-86.3254
-86.2969
-86.2682
-86.2394
-86.2105
-86.1815
-86.1523
-86.123
-86.0936
-86.0641
-86.0344
-86.0046
-85.9747
-85.9447
-85.9145
-85.8842
-85.8538
-85.8232
-85.7925
-85.7617
-85.7308
-85.6997
-85.6685
-85.6371
-85.6057
-85.5741
-85.5423
-85.5105
-85.4785
-85.4463
-85.4141
-85.3817
-85.3491
-85.3164
-85.2836
-85.2507
-85.2176
-85.1843
-85.151
-85.1174
-85.0838
-85.0499
-85.016
-84.9819
-84.9476
-84.9132
-84.8786
-84.8439
-84.8091
-84.774
-84.7389
-84.7035
-84.668
-84.6324
-84.5966
-84.5606
-84.5244
-84.4881
-84.4516
-84.415
-84.3781
-84.3411
-84.3039
-84.2666
-84.229
-84.1913
-84.1534
-84.1152
-84.0769
-84.0385
-83.9998
-83.9609
-83.9218
-83.8825
-83.843
-83.8033
-83.7634
-83.7232
-83.6829
-83.6423
-83.6015
-83.5604
-83.5191
-83.4776
-83.4359
-83.3939
-83.3516
-83.3091
-83.2663
-83.2233
-83.18
-83.1364
-83.0926
-83.0485
-83.0041
-82.9593
-82.9143
-82.869
-82.8234
-82.7774
-82.7312
-82.6846
-82.6376
-82.5903
-82.5427
-82.4947
-82.4463
-82.3976
-82.3484
-82.2989
-82.249
-82.1986
-82.1478
-82.0966
-82.045
-81.9929
-81.9403
-81.8873
-81.8337
-81.7797
-81.7251
-81.67
-81.6144
-81.5582
-81.5014
-81.444
-81.386
-81.3274
-81.2681
-81.2081
-81.1475
-81.0862
-81.0241
-80.9612
-80.8976
-80.8331
-80.7678
-80.7017
-80.6346
-80.5666
-80.4977
-80.4277
-80.3567
-80.2847
-80.2115
-80.1371
-80.0615
-79.9846
-79.9065
-79.8269
-79.7459
-79.6634
-79.5794
-79.4936
-79.4062
-79.3169
-79.2257
-79.1325
-79.0372
-78.9397
-78.8399
-78.7375
-78.6325
-78.5247
-78.414
-78.3
-78.1827
-78.0619
-77.9371
-77.8083
-77.6749
-77.5368
-77.3936
-77.2446
-77.0896
-76.9279
-76.7589
-76.5818
-76.3958
-76.2
-75.9931
-75.7738
-75.5405
-75.2913
-75.0237
-74.7349
-74.421
-74.0776
-73.6984
-73.2754
-72.7974
-72.2487
-71.6059
-70.8326
-69.8677
-68.5983
-66.7847
-63.794
-57.1782
-29.4058
42.6569
49.3836
44.9992
31.404
10.3589
-4.52709
-15.5128
-26.4575
-35.9337
-55.3164
-89.7719
-94.637
-94.8798
-94.8486
-94.7496
-94.5947
-94.3906
-94.1508
-93.8914
-93.6257
-93.3628
-93.1083
-92.8648
-92.6335
-92.4145
-92.2075
-92.0121
-91.8277
-91.6537
-91.4895
-91.3346
-91.1883
-91.0503
-90.9201
-90.7971
-90.6811
-90.5716
-90.4682
-90.3706
-90.2785
-90.1917
-90.1097
-90.0324
-89.9594
-89.8907
-89.8258
-89.7647
-89.7071
-89.6529
-89.6018
-89.5537
-89.5084
-89.4657
-89.4257
-89.388
-89.3526
-89.3193
-89.288
-89.2587
-89.2311
-89.2053
-89.1811
-89.1584
-89.1372
-89.1173
-89.0987
-89.0813
-89.065
-89.0498
-89.0356
-89.0223
-89.0099
-88.9984
-88.9876
-88.9776
-88.9682
-88.9595
-88.9513
-88.9437
-88.9367
-88.9301
-88.9239
-88.9181
-88.9128
-88.9077
-88.903
-88.8985
-88.8943
-88.8904
-88.8866
-88.8831
-88.8797
-88.8764
-88.8733
-88.8702
-88.8673
-88.8644
-88.8616
-88.8588
-88.856
-88.8533
-88.8505
-88.8478
-88.845
-88.8421
-88.8393
-88.8363
-88.8333
-88.8302
-88.827
-88.8238
-88.8204
-88.8169
-88.8133
-88.8096
-88.8057
-88.8018
-88.7976
-88.7934
-88.7889
-88.7844
-88.7796
-88.7747
-88.7697
-88.7644
-88.759
-88.7535
-88.7477
-88.7418
-88.7356
-88.7293
-88.7229
-88.7162
-88.7093
-88.7022
-88.695
-88.6875
-88.6799
-88.6721
-88.664
-88.6558
-88.6474
-88.6387
-88.6299
-88.6209
-88.6116
-88.6022
-88.5926
-88.5827
-88.5727
-88.5625
-88.5521
-88.5414
-88.5306
-88.5196
-88.5084
-88.4969
-88.4853
-88.4735
-88.4615
-88.4493
-88.4369
-88.4243
-88.4115
-88.3985
-88.3854
-88.372
-88.3585
-88.3447
-88.3308
-88.3167
-88.3024
-88.2879
-88.2732
-88.2584
-88.2433
-88.2281
-88.2127
-88.1971
-88.1814
-88.1655
-88.1494
-88.1331
-88.1166
-88.1
-88.0832
-88.0662
-88.049
-88.0317
-88.0142
-87.9966
-87.9788
-87.9608
-87.9426
-87.9243
-87.9058
-87.8872
-87.8684
-87.8495
-87.8303
-87.8111
-87.7916
-87.772
-87.7523
-87.7324
-87.7123
-87.6921
-87.6718
-87.6513
-87.6306
-87.6098
-87.5889
-87.5678
-87.5465
-87.5251
-87.5036
-87.4819
-87.46
-87.4381
-87.416
-87.3937
-87.3713
-87.3488
-87.3261
-87.3033
-87.2803
-87.2572
-87.234
-87.2106
-87.1871
-87.1635
-87.1397
-87.1158
-87.0918
-87.0676
-87.0433
-87.0188
-86.9943
-86.9696
-86.9447
-86.9198
-86.8947
-86.8694
-86.8441
-86.8186
-86.793
-86.7672
-86.7414
-86.7154
-86.6893
-86.663
-86.6366
-86.6101
-86.5835
-86.5567
-86.5298
-86.5028
-86.4757
-86.4484
-86.421
-86.3935
-86.3659
-86.3381
-86.3102
-86.2822
-86.254
-86.2258
-86.1974
-86.1688
-86.1402
-86.1114
-86.0825
-86.0535
-86.0243
-85.995
-85.9656
-85.9361
-85.9064
-85.8766
-85.8467
-85.8167
-85.7865
-85.7562
-85.7257
-85.6952
-85.6645
-85.6337
-85.6027
-85.5716
-85.5404
-85.509
-85.4775
-85.4459
-85.4141
-85.3823
-85.3502
-85.318
-85.2857
-85.2533
-85.2207
-85.188
-85.1551
-85.1221
-85.089
-85.0557
-85.0222
-84.9886
-84.9549
-84.921
-84.887
-84.8528
-84.8185
-84.784
-84.7493
-84.7145
-84.6796
-84.6444
-84.6092
-84.5737
-84.5381
-84.5023
-84.4664
-84.4303
-84.394
-84.3576
-84.3209
-84.2841
-84.2472
-84.21
-84.1727
-84.1351
-84.0974
-84.0595
-84.0214
-83.9831
-83.9446
-83.9059
-83.867
-83.8279
-83.7886
-83.7491
-83.7093
-83.6694
-83.6292
-83.5888
-83.5481
-83.5073
-83.4662
-83.4248
-83.3833
-83.3414
-83.2993
-83.257
-83.2144
-83.1715
-83.1284
-83.085
-83.0413
-82.9973
-82.953
-82.9084
-82.8636
-82.8184
-82.7729
-82.7271
-82.6809
-82.6345
-82.5876
-82.5405
-82.4929
-82.4451
-82.3968
-82.3481
-82.2991
-82.2497
-82.1998
-82.1496
-82.0989
-82.0478
-81.9962
-81.9441
-81.8916
-81.8386
-81.7851
-81.7311
-81.6766
-81.6215
-81.5659
-81.5097
-81.4529
-81.3955
-81.3375
-81.2789
-81.2196
-81.1596
-81.0989
-81.0375
-80.9753
-80.9124
-80.8486
-80.7841
-80.7187
-80.6524
-80.5852
-80.517
-80.4479
-80.3777
-80.3065
-80.2342
-80.1607
-80.0861
-80.0102
-79.933
-79.8545
-79.7745
-79.6931
-79.6101
-79.5256
-79.4393
-79.3513
-79.2614
-79.1696
-79.0757
-78.9797
-78.8814
-78.7806
-78.6773
-78.5713
-78.4624
-78.3505
-78.2353
-78.1166
-77.9942
-77.8679
-77.7372
-77.602
-77.4617
-77.3161
-77.1647
-77.0068
-76.8421
-76.6696
-76.4887
-76.2985
-76.0978
-75.8856
-75.6601
-75.4198
-75.1625
-74.8855
-74.5856
-74.2587
-73.8995
-73.501
-73.0538
-72.5449
-71.9554
-71.2568
-70.4027
-69.3128
-67.829
-65.5839
-61.4484
-49.6303
11.796
49.8793
48.693
41.3277
23.3731
2.87144
-9.71363
-20.2575
-31.2073
-44.509
-75.3729
-93.8011
-94.8128
-94.8603
-94.7882
-94.6533
-94.463
-94.2284
-93.9656
-93.6901
-93.4135
-93.1431
-92.883
-92.6351
-92.4001
-92.1778
-91.968
-91.7701
-91.5836
-91.4076
-91.2418
-91.0855
-90.9382
-90.7994
-90.6685
-90.5452
-90.429
-90.3195
-90.2163
-90.1192
-90.0277
-89.9416
-89.8605
-89.7843
-89.7125
-89.6451
-89.5817
-89.5221
-89.4662
-89.4137
-89.3644
-89.3182
-89.2749
-89.2344
-89.1965
-89.161
-89.1278
-89.0969
-89.068
-89.0411
-89.016
-88.9927
-88.971
-88.9509
-88.9322
-88.915
-88.899
-88.8843
-88.8707
-88.8582
-88.8467
-88.8362
-88.8265
-88.8177
-88.8097
-88.8024
-88.7958
-88.7898
-88.7845
-88.7797
-88.7753
-88.7715
-88.7681
-88.7651
-88.7624
-88.7601
-88.7581
-88.7563
-88.7549
-88.7536
-88.7525
-88.7516
-88.7509
-88.7502
-88.7497
-88.7493
-88.749
-88.7487
-88.7484
-88.7482
-88.7479
-88.7477
-88.7474
-88.7471
-88.7468
-88.7464
-88.7459
-88.7454
-88.7448
-88.744
-88.7432
-88.7423
-88.7412
-88.74
-88.7387
-88.7372
-88.7356
-88.7338
-88.7318
-88.7297
-88.7275
-88.725
-88.7224
-88.7196
-88.7166
-88.7134
-88.7101
-88.7065
-88.7027
-88.6988
-88.6946
-88.6902
-88.6857
-88.6809
-88.6759
-88.6707
-88.6653
-88.6597
-88.6538
-88.6478
-88.6415
-88.6351
-88.6284
-88.6215
-88.6143
-88.607
-88.5994
-88.5917
-88.5837
-88.5755
-88.567
-88.5584
-88.5496
-88.5405
-88.5312
-88.5217
-88.512
-88.5021
-88.492
-88.4816
-88.4711
-88.4603
-88.4493
-88.4382
-88.4268
-88.4152
-88.4034
-88.3914
-88.3792
-88.3668
-88.3542
-88.3414
-88.3284
-88.3152
-88.3019
-88.2883
-88.2745
-88.2605
-88.2464
-88.232
-88.2175
-88.2027
-88.1878
-88.1727
-88.1574
-88.142
-88.1263
-88.1105
-88.0945
-88.0783
-88.0619
-88.0454
-88.0287
-88.0118
-87.9947
-87.9775
-87.9601
-87.9425
-87.9247
-87.9068
-87.8887
-87.8705
-87.8521
-87.8335
-87.8148
-87.7959
-87.7768
-87.7576
-87.7382
-87.7187
-87.699
-87.6791
-87.6591
-87.639
-87.6187
-87.5982
-87.5776
-87.5569
-87.536
-87.5149
-87.4937
-87.4724
-87.4509
-87.4292
-87.4074
-87.3855
-87.3634
-87.3412
-87.3189
-87.2964
-87.2737
-87.251
-87.2281
-87.205
-87.1818
-87.1585
-87.1351
-87.1115
-87.0877
-87.0639
-87.0399
-87.0157
-86.9915
-86.9671
-86.9426
-86.9179
-86.8931
-86.8682
-86.8431
-86.818
-86.7927
-86.7672
-86.7417
-86.716
-86.6901
-86.6642
-86.6381
-86.6119
-86.5856
-86.5591
-86.5325
-86.5058
-86.479
-86.452
-86.4249
-86.3977
-86.3704
-86.3429
-86.3153
-86.2876
-86.2598
-86.2318
-86.2037
-86.1755
-86.1471
-86.1187
-86.0901
-86.0614
-86.0325
-86.0035
-85.9744
-85.9452
-85.9159
-85.8864
-85.8568
-85.827
-85.7972
-85.7672
-85.7371
-85.7068
-85.6764
-85.6459
-85.6153
-85.5845
-85.5536
-85.5226
-85.4914
-85.4601
-85.4287
-85.3971
-85.3654
-85.3336
-85.3016
-85.2695
-85.2373
-85.2049
-85.1723
-85.1397
-85.1069
-85.0739
-85.0408
-85.0076
-84.9742
-84.9407
-84.907
-84.8732
-84.8392
-84.8051
-84.7708
-84.7364
-84.7018
-84.667
-84.6321
-84.597
-84.5618
-84.5264
-84.4909
-84.4552
-84.4193
-84.3832
-84.347
-84.3106
-84.274
-84.2373
-84.2003
-84.1632
-84.1259
-84.0884
-84.0508
-84.0129
-83.9748
-83.9366
-83.8981
-83.8595
-83.8206
-83.7815
-83.7423
-83.7028
-83.6631
-83.6231
-83.583
-83.5426
-83.502
-83.4612
-83.4201
-83.3788
-83.3372
-83.2954
-83.2533
-83.211
-83.1684
-83.1255
-83.0824
-83.039
-82.9953
-82.9513
-82.907
-82.8624
-82.8176
-82.7724
-82.7269
-82.681
-82.6349
-82.5883
-82.5415
-82.4943
-82.4467
-82.3988
-82.3505
-82.3018
-82.2527
-82.2032
-82.1533
-82.1029
-82.0522
-82.001
-81.9493
-81.8971
-81.8445
-81.7914
-81.7378
-81.6837
-81.629
-81.5738
-81.518
-81.4616
-81.4047
-81.3471
-81.2889
-81.2301
-81.1705
-81.1103
-81.0494
-80.9877
-80.9253
-80.8621
-80.7981
-80.7332
-80.6675
-80.6008
-80.5332
-80.4647
-80.3951
-80.3246
-80.2529
-80.1801
-80.1061
-80.0309
-79.9545
-79.8767
-79.7975
-79.7169
-79.6348
-79.5511
-79.4657
-79.3787
-79.2898
-79.1989
-79.1061
-79.0112
-78.914
-78.8144
-78.7124
-78.6077
-78.5002
-78.3898
-78.2761
-78.1591
-78.0385
-77.914
-77.7853
-77.6522
-77.5142
-77.3711
-77.2223
-77.0674
-76.9057
-76.7366
-76.5595
-76.3734
-76.1774
-75.9702
-75.7506
-75.5168
-75.2669
-74.9986
-74.7087
-74.3935
-74.0484
-73.6671
-73.2413
-72.7597
-72.206
-71.5563
-70.7729
-69.7922
-68.4962
-66.6306
-63.5101
-56.3854
-24.9686
44.1892
49.38
44.9178
31.1288
9.9689
-4.80392
-15.7659
-26.7316
-36.3316
-56.282
-90.3227
-94.6631
-94.8774
-94.8372
-94.7272
-94.5571
-94.334
-94.073
-93.7912
-93.5033
-93.219
-92.9441
-92.6814
-92.432
-92.1961
-91.9735
-91.7636
-91.5657
-91.3793
-91.2035
-91.038
-90.882
-90.735
-90.5965
-90.466
-90.3431
-90.2274
-90.1184
-90.0158
-89.9192
-89.8282
-89.7427
-89.6623
-89.5867
-89.5156
-89.4488
-89.3862
-89.3273
-89.2722
-89.2205
-89.172
-89.1267
-89.0842
-89.0446
-89.0075
-88.973
-88.9407
-88.9107
-88.8828
-88.8569
-88.8328
-88.8105
-88.7899
-88.7708
-88.7532
-88.737
-88.7221
-88.7085
-88.696
-88.6846
-88.6742
-88.6648
-88.6564
-88.6487
-88.6418
-88.6357
-88.6303
-88.6255
-88.6213
-88.6177
-88.6145
-88.6119
-88.6097
-88.6079
-88.6064
-88.6053
-88.6045
-88.604
-88.6037
-88.6036
-88.6037
-88.604
-88.6045
-88.6051
-88.6058
-88.6065
-88.6074
-88.6083
-88.6092
-88.6102
-88.6111
-88.612
-88.613
-88.6138
-88.6147
-88.6154
-88.6161
-88.6167
-88.6172
-88.6177
-88.618
-88.6181
-88.6182
-88.6181
-88.6179
-88.6175
-88.617
-88.6163
-88.6155
-88.6144
-88.6132
-88.6119
-88.6103
-88.6085
-88.6066
-88.6044
-88.6021
-88.5996
-88.5968
-88.5939
-88.5907
-88.5873
-88.5837
-88.5799
-88.5759
-88.5717
-88.5672
-88.5626
-88.5577
-88.5526
-88.5472
-88.5417
-88.5359
-88.5299
-88.5236
-88.5172
-88.5105
-88.5036
-88.4965
-88.4891
-88.4816
-88.4738
-88.4658
-88.4575
-88.4491
-88.4404
-88.4315
-88.4224
-88.413
-88.4035
-88.3937
-88.3837
-88.3735
-88.3631
-88.3525
-88.3417
-88.3306
-88.3194
-88.3079
-88.2962
-88.2843
-88.2722
-88.2599
-88.2474
-88.2347
-88.2219
-88.2088
-88.1955
-88.182
-88.1683
-88.1544
-88.1403
-88.126
-88.1116
-88.0969
-88.0821
-88.0671
-88.0518
-88.0364
-88.0209
-88.0051
-87.9891
-87.973
-87.9567
-87.9402
-87.9236
-87.9067
-87.8897
-87.8725
-87.8552
-87.8376
-87.8199
-87.8021
-87.784
-87.7658
-87.7475
-87.7289
-87.7102
-87.6914
-87.6724
-87.6532
-87.6339
-87.6144
-87.5947
-87.5749
-87.5549
-87.5348
-87.5145
-87.4941
-87.4735
-87.4528
-87.4319
-87.4109
-87.3897
-87.3684
-87.347
-87.3253
-87.3036
-87.2817
-87.2596
-87.2374
-87.2151
-87.1926
-87.17
-87.1473
-87.1244
-87.1014
-87.0782
-87.0549
-87.0314
-87.0079
-86.9841
-86.9603
-86.9363
-86.9122
-86.8879
-86.8636
-86.839
-86.8144
-86.7896
-86.7647
-86.7396
-86.7145
-86.6892
-86.6637
-86.6382
-86.6125
-86.5867
-86.5607
-86.5346
-86.5084
-86.4821
-86.4556
-86.429
-86.4023
-86.3755
-86.3485
-86.3214
-86.2942
-86.2668
-86.2394
-86.2118
-86.184
-86.1562
-86.1282
-86.1001
-86.0718
-86.0435
-86.015
-85.9864
-85.9576
-85.9287
-85.8997
-85.8706
-85.8413
-85.812
-85.7824
-85.7528
-85.723
-85.6931
-85.6631
-85.6329
-85.6026
-85.5722
-85.5417
-85.511
-85.4802
-85.4492
-85.4181
-85.3869
-85.3555
-85.324
-85.2924
-85.2606
-85.2287
-85.1967
-85.1645
-85.1322
-85.0997
-85.0671
-85.0344
-85.0015
-84.9684
-84.9353
-84.9019
-84.8684
-84.8348
-84.801
-84.7671
-84.733
-84.6988
-84.6644
-84.6298
-84.5951
-84.5602
-84.5252
-84.49
-84.4547
-84.4191
-84.3834
-84.3476
-84.3115
-84.2753
-84.2389
-84.2023
-84.1656
-84.1287
-84.0915
-84.0542
-84.0167
-83.9791
-83.9412
-83.9031
-83.8648
-83.8264
-83.7877
-83.7488
-83.7097
-83.6704
-83.6308
-83.5911
-83.5511
-83.5109
-83.4705
-83.4298
-83.3889
-83.3477
-83.3063
-83.2647
-83.2228
-83.1806
-83.1382
-83.0955
-83.0525
-83.0093
-82.9658
-82.922
-82.8778
-82.8334
-82.7887
-82.7437
-82.6983
-82.6526
-82.6066
-82.5603
-82.5136
-82.4665
-82.4191
-82.3713
-82.3232
-82.2746
-82.2257
-82.1763
-82.1265
-82.0764
-82.0257
-81.9747
-81.9231
-81.8711
-81.8186
-81.7657
-81.7122
-81.6582
-81.6036
-81.5486
-81.4929
-81.4367
-81.3798
-81.3224
-81.2643
-81.2056
-81.1462
-81.0861
-81.0252
-80.9637
-80.9013
-80.8382
-80.7743
-80.7095
-80.6439
-80.5773
-80.5098
-80.4414
-80.3719
-80.3014
-80.2298
-80.157
-80.0831
-80.008
-79.9315
-79.8538
-79.7746
-79.694
-79.6119
-79.5282
-79.4429
-79.3558
-79.2668
-79.176
-79.0831
-78.9881
-78.8908
-78.7912
-78.689
-78.5842
-78.4765
-78.3659
-78.2521
-78.1348
-78.0139
-77.8891
-77.7601
-77.6266
-77.4883
-77.3446
-77.1953
-77.0397
-76.8774
-76.7076
-76.5296
-76.3425
-76.1454
-75.9369
-75.7158
-75.4803
-75.2285
-74.9577
-74.6651
-74.3466
-73.9976
-73.6113
-73.1794
-72.6898
-72.1257
-71.4616
-70.6576
-69.6453
-68.2955
-66.3241
-62.9356
-54.7016
-15.3795
49.0398
49.4234
44.8128
30.5918
9.12768
-5.42913
-16.3478
-27.3603
-37.3692
-58.816
-91.406
-94.7098
-94.8752
-94.8246
-94.7044
-94.5228
-94.2881
-94.0166
-93.7261
-93.431
-93.1407
-92.8608
-92.5938
-92.3407
-92.1016
-91.876
-91.6635
-91.4633
-91.2747
-91.0972
-90.93
-90.7726
-90.6244
-90.4849
-90.3535
-90.2299
-90.1137
-90.0043
-89.9014
-89.8047
-89.7137
-89.6283
-89.5481
-89.4728
-89.4021
-89.3358
-89.2737
-89.2155
-89.1611
-89.1102
-89.0625
-89.0181
-88.9766
-88.9379
-88.9019
-88.8685
-88.8374
-88.8085
-88.7818
-88.7571
-88.7343
-88.7133
-88.6939
-88.6762
-88.6599
-88.6451
-88.6316
-88.6193
-88.6083
-88.5983
-88.5894
-88.5814
-88.5744
-88.5682
-88.5628
-88.5581
-88.5541
-88.5508
-88.5481
-88.5459
-88.5443
-88.5431
-88.5423
-88.542
-88.542
-88.5423
-88.543
-88.5439
-88.545
-88.5464
-88.548
-88.5497
-88.5516
-88.5536
-88.5556
-88.5578
-88.56
-88.5623
-88.5646
-88.5669
-88.5692
-88.5715
-88.5737
-88.5759
-88.578
-88.5801
-88.5821
-88.584
-88.5858
-88.5874
-88.589
-88.5904
-88.5917
-88.5928
-88.5938
-88.5946
-88.5952
-88.5957
-88.596
-88.5962
-88.5961
-88.5958
-88.5954
-88.5947
-88.5939
-88.5928
-88.5915
-88.5901
-88.5884
-88.5865
-88.5843
-88.582
-88.5794
-88.5766
-88.5736
-88.5703
-88.5668
-88.5631
-88.5592
-88.555
-88.5506
-88.5459
-88.5411
-88.536
-88.5306
-88.525
-88.5192
-88.5132
-88.5069
-88.5004
-88.4937
-88.4867
-88.4795
-88.4721
-88.4645
-88.4566
-88.4485
-88.4401
-88.4316
-88.4228
-88.4138
-88.4045
-88.3951
-88.3854
-88.3755
-88.3654
-88.3551
-88.3445
-88.3337
-88.3227
-88.3115
-88.3001
-88.2885
-88.2767
-88.2647
-88.2524
-88.24
-88.2273
-88.2144
-88.2014
-88.1881
-88.1747
-88.161
-88.1472
-88.1331
-88.1189
-88.1044
-88.0898
-88.075
-88.06
-88.0448
-88.0294
-88.0138
-87.9981
-87.9822
-87.9661
-87.9498
-87.9333
-87.9167
-87.8998
-87.8828
-87.8657
-87.8483
-87.8308
-87.8131
-87.7953
-87.7772
-87.7591
-87.7407
-87.7222
-87.7035
-87.6847
-87.6657
-87.6465
-87.6272
-87.6077
-87.588
-87.5683
-87.5483
-87.5282
-87.5079
-87.4875
-87.467
-87.4463
-87.4254
-87.4044
-87.3832
-87.3619
-87.3405
-87.3189
-87.2971
-87.2752
-87.2532
-87.231
-87.2087
-87.1863
-87.1637
-87.141
-87.1181
-87.0951
-87.0719
-87.0487
-87.0252
-87.0017
-86.978
-86.9542
-86.9302
-86.9061
-86.8819
-86.8576
-86.8331
-86.8084
-86.7837
-86.7588
-86.7338
-86.7087
-86.6834
-86.658
-86.6325
-86.6068
-86.581
-86.5551
-86.5291
-86.5029
-86.4766
-86.4502
-86.4237
-86.397
-86.3702
-86.3433
-86.3162
-86.289
-86.2617
-86.2343
-86.2067
-86.1791
-86.1512
-86.1233
-86.0953
-86.0671
-86.0388
-86.0103
-85.9818
-85.9531
-85.9243
-85.8953
-85.8662
-85.837
-85.8077
-85.7783
-85.7487
-85.719
-85.6892
-85.6592
-85.6291
-85.5989
-85.5685
-85.538
-85.5074
-85.4767
-85.4458
-85.4148
-85.3836
-85.3523
-85.3209
-85.2894
-85.2577
-85.2259
-85.1939
-85.1618
-85.1296
-85.0972
-85.0647
-85.032
-84.9992
-84.9663
-84.9332
-84.8999
-84.8665
-84.833
-84.7993
-84.7655
-84.7315
-84.6974
-84.6631
-84.6286
-84.594
-84.5592
-84.5243
-84.4892
-84.454
-84.4185
-84.3829
-84.3472
-84.3113
-84.2752
-84.2389
-84.2024
-84.1658
-84.129
-84.092
-84.0548
-84.0175
-83.9799
-83.9422
-83.9042
-83.8661
-83.8277
-83.7892
-83.7504
-83.7115
-83.6723
-83.6329
-83.5933
-83.5535
-83.5134
-83.4731
-83.4326
-83.3918
-83.3508
-83.3096
-83.2681
-83.2264
-83.1844
-83.1421
-83.0996
-83.0568
-83.0137
-82.9704
-82.9267
-82.8828
-82.8386
-82.794
-82.7492
-82.704
-82.6586
-82.6127
-82.5666
-82.5201
-82.4733
-82.4261
-82.3785
-82.3305
-82.2822
-82.2335
-82.1844
-82.1349
-82.0849
-82.0345
-81.9837
-81.9324
-81.8807
-81.8285
-81.7758
-81.7226
-81.6688
-81.6146
-81.5598
-81.5044
-81.4485
-81.392
-81.3349
-81.2771
-81.2187
-81.1596
-81.0999
-81.0394
-80.9782
-80.9163
-80.8536
-80.79
-80.7257
-80.6604
-80.5943
-80.5273
-80.4593
-80.3903
-80.3202
-80.2491
-80.1769
-80.1035
-80.0289
-79.9531
-79.8759
-79.7974
-79.7175
-79.636
-79.553
-79.4684
-79.3821
-79.2939
-79.2039
-79.1119
-79.0177
-78.9214
-78.8228
-78.7217
-78.618
-78.5115
-78.4021
-78.2895
-78.1737
-78.0543
-77.931
-77.8037
-77.672
-77.5356
-77.3941
-77.247
-77.0939
-76.9342
-76.7674
-76.5926
-76.4091
-76.2158
-76.0118
-75.7956
-75.5657
-75.3202
-75.0568
-74.7727
-74.4643
-74.1272
-73.7554
-73.3414
-72.8746
-72.3402
-71.7163
-70.9693
-70.0435
-68.8378
-67.1433
-64.4322
-58.8205
-37.9992
39.9199
49.4561
45.3985
32.3957
11.5235
-3.79745
-14.8761
-25.775
-35.5167
-54.2603
-88.9427
-94.5688
-94.8637
-94.8383
-94.7357
-94.571
-94.3503
-94.0874
-93.7996
-93.502
-93.2059
-92.9178
-92.6416
-92.3788
-92.13
-91.895
-91.6734
-91.4646
-91.2679
-91.0826
-90.9082
-90.7439
-90.5893
-90.4438
-90.3068
-90.1779
-90.0566
-89.9425
-89.8352
-89.7343
-89.6395
-89.5504
-89.4667
-89.3882
-89.3145
-89.2454
-89.1807
-89.12
-89.0633
-89.0102
-88.9606
-88.9143
-88.8711
-88.8309
-88.7934
-88.7586
-88.7263
-88.6963
-88.6686
-88.6429
-88.6193
-88.5975
-88.5775
-88.5592
-88.5424
-88.5271
-88.5133
-88.5007
-88.4894
-88.4793
-88.4702
-88.4622
-88.4551
-88.449
-88.4437
-88.4391
-88.4353
-88.4322
-88.4297
-88.4278
-88.4265
-88.4257
-88.4253
-88.4254
-88.4258
-88.4266
-88.4278
-88.4292
-88.4309
-88.4328
-88.435
-88.4373
-88.4398
-88.4424
-88.4451
-88.448
-88.4509
-88.4538
-88.4568
-88.4599
-88.4629
-88.4659
-88.4689
-88.4718
-88.4747
-88.4776
-88.4803
-88.483
-88.4856
-88.488
-88.4904
-88.4926
-88.4947
-88.4966
-88.4984
-88.5
-88.5015
-88.5028
-88.5039
-88.5048
-88.5056
-88.5061
-88.5065
-88.5067
-88.5066
-88.5064
-88.5059
-88.5052
-88.5043
-88.5032
-88.5019
-88.5003
-88.4985
-88.4965
-88.4943
-88.4918
-88.4891
-88.4862
-88.483
-88.4796
-88.476
-88.4721
-88.468
-88.4636
-88.459
-88.4542
-88.4491
-88.4438
-88.4383
-88.4325
-88.4265
-88.4203
-88.4138
-88.4071
-88.4001
-88.393
-88.3856
-88.3779
-88.37
-88.3619
-88.3536
-88.345
-88.3362
-88.3272
-88.318
-88.3085
-88.2988
-88.2889
-88.2788
-88.2684
-88.2578
-88.247
-88.236
-88.2248
-88.2134
-88.2018
-88.1899
-88.1778
-88.1656
-88.1531
-88.1404
-88.1275
-88.1145
-88.1012
-88.0877
-88.074
-88.0601
-88.046
-88.0318
-88.0173
-88.0026
-87.9878
-87.9728
-87.9575
-87.9421
-87.9265
-87.9108
-87.8948
-87.8786
-87.8623
-87.8458
-87.8291
-87.8123
-87.7953
-87.7781
-87.7607
-87.7431
-87.7254
-87.7075
-87.6895
-87.6713
-87.6529
-87.6343
-87.6156
-87.5967
-87.5777
-87.5585
-87.5391
-87.5196
-87.4999
-87.4801
-87.4601
-87.44
-87.4197
-87.3992
-87.3786
-87.3579
-87.337
-87.316
-87.2948
-87.2734
-87.2519
-87.2303
-87.2085
-87.1866
-87.1645
-87.1423
-87.12
-87.0975
-87.0749
-87.0521
-87.0292
-87.0062
-86.983
-86.9597
-86.9362
-86.9126
-86.8889
-86.865
-86.841
-86.8169
-86.7926
-86.7682
-86.7437
-86.7191
-86.6943
-86.6693
-86.6443
-86.6191
-86.5938
-86.5684
-86.5428
-86.5171
-86.4913
-86.4653
-86.4392
-86.413
-86.3867
-86.3602
-86.3336
-86.3069
-86.28
-86.253
-86.2259
-86.1987
-86.1714
-86.1439
-86.1163
-86.0885
-86.0607
-86.0327
-86.0046
-85.9763
-85.9479
-85.9194
-85.8908
-85.8621
-85.8332
-85.8042
-85.775
-85.7458
-85.7164
-85.6869
-85.6572
-85.6274
-85.5975
-85.5675
-85.5373
-85.507
-85.4766
-85.446
-85.4153
-85.3845
-85.3535
-85.3224
-85.2911
-85.2598
-85.2283
-85.1966
-85.1648
-85.1329
-85.1008
-85.0686
-85.0363
-85.0038
-84.9712
-84.9384
-84.9055
-84.8724
-84.8392
-84.8058
-84.7723
-84.7386
-84.7048
-84.6709
-84.6367
-84.6024
-84.568
-84.5334
-84.4986
-84.4637
-84.4286
-84.3934
-84.3579
-84.3224
-84.2866
-84.2507
-84.2146
-84.1783
-84.1418
-84.1052
-84.0683
-84.0313
-83.9941
-83.9567
-83.9191
-83.8813
-83.8434
-83.8052
-83.7668
-83.7282
-83.6894
-83.6504
-83.6112
-83.5717
-83.532
-83.4921
-83.452
-83.4117
-83.3711
-83.3302
-83.2892
-83.2478
-83.2062
-83.1644
-83.1223
-83.0799
-83.0373
-82.9944
-82.9512
-82.9077
-82.8639
-82.8199
-82.7755
-82.7308
-82.6858
-82.6405
-82.5948
-82.5488
-82.5025
-82.4558
-82.4088
-82.3614
-82.3136
-82.2654
-82.2169
-82.1679
-82.1185
-82.0687
-82.0185
-81.9679
-81.9167
-81.8652
-81.8131
-81.7606
-81.7075
-81.6539
-81.5999
-81.5452
-81.49
-81.4343
-81.3779
-81.3209
-81.2634
-81.2051
-81.1462
-81.0866
-81.0263
-80.9653
-80.9035
-80.8409
-80.7776
-80.7134
-80.6483
-80.5824
-80.5155
-80.4476
-80.3788
-80.309
-80.238
-80.166
-80.0928
-80.0184
-79.9427
-79.8657
-79.7874
-79.7076
-79.6263
-79.5435
-79.459
-79.3729
-79.2849
-79.1951
-79.1032
-79.0093
-78.9132
-78.8147
-78.7138
-78.6103
-78.504
-78.3948
-78.2825
-78.1668
-78.0476
-77.9246
-77.7975
-77.6661
-77.5299
-77.3886
-77.2417
-77.0889
-76.9295
-76.7629
-76.5884
-76.4051
-76.2122
-76.0084
-75.7926
-75.5631
-75.318
-75.055
-74.7713
-74.4634
-74.1268
-73.7558
-73.3425
-72.8766
-72.3433
-71.7208
-70.9758
-70.0528
-68.8517
-67.1655
-64.4732
-58.926
-38.5393
39.4603
49.4667
45.4539
32.5224
11.6614
-3.71811
-14.8093
-25.7041
-35.4724
-54.1497
-88.8473
-94.561
-94.8619
-94.837
-94.7337
-94.5676
-94.3448
-94.079
-93.7877
-93.4864
-93.1863
-92.8944
-92.6144
-92.3481
-92.0958
-91.8577
-91.6331
-91.4215
-91.2222
-91.0346
-90.8579
-90.6917
-90.5351
-90.3879
-90.2493
-90.1189
-89.9962
-89.8809
-89.7725
-89.6706
-89.5749
-89.485
-89.4006
-89.3214
-89.2471
-89.1776
-89.1124
-89.0514
-88.9943
-88.941
-88.8913
-88.8448
-88.8016
-88.7613
-88.7238
-88.6891
-88.6569
-88.627
-88.5994
-88.574
-88.5506
-88.5291
-88.5094
-88.4914
-88.475
-88.4601
-88.4466
-88.4345
-88.4236
-88.4139
-88.4053
-88.3978
-88.3912
-88.3856
-88.3808
-88.3768
-88.3735
-88.371
-88.3691
-88.3678
-88.3671
-88.3668
-88.3671
-88.3677
-88.3688
-88.3702
-88.372
-88.3741
-88.3764
-88.379
-88.3818
-88.3848
-88.3879
-88.3912
-88.3946
-88.398
-88.4016
-88.4052
-88.4089
-88.4126
-88.4162
-88.4199
-88.4236
-88.4272
-88.4307
-88.4342
-88.4376
-88.4409
-88.4441
-88.4472
-88.4502
-88.453
-88.4558
-88.4583
-88.4607
-88.463
-88.4651
-88.467
-88.4687
-88.4703
-88.4716
-88.4728
-88.4737
-88.4745
-88.4751
-88.4754
-88.4755
-88.4754
-88.4751
-88.4746
-88.4738
-88.4728
-88.4716
-88.4701
-88.4684
-88.4665
-88.4643
-88.4619
-88.4593
-88.4564
-88.4533
-88.4499
-88.4463
-88.4425
-88.4384
-88.4341
-88.4295
-88.4247
-88.4197
-88.4144
-88.4089
-88.4031
-88.3971
-88.3909
-88.3844
-88.3777
-88.3707
-88.3635
-88.3561
-88.3484
-88.3405
-88.3324
-88.324
-88.3154
-88.3066
-88.2976
-88.2883
-88.2788
-88.2691
-88.2592
-88.249
-88.2386
-88.228
-88.2172
-88.2061
-88.1949
-88.1834
-88.1717
-88.1599
-88.1478
-88.1354
-88.1229
-88.1102
-88.0973
-88.0842
-88.0708
-88.0573
-88.0436
-88.0297
-88.0155
-88.0012
-87.9867
-87.972
-87.9571
-87.9421
-87.9268
-87.9113
-87.8957
-87.8799
-87.8639
-87.8477
-87.8313
-87.8148
-87.7981
-87.7812
-87.7641
-87.7469
-87.7295
-87.7119
-87.6941
-87.6762
-87.6581
-87.6398
-87.6214
-87.6028
-87.5841
-87.5652
-87.5461
-87.5269
-87.5075
-87.4879
-87.4682
-87.4483
-87.4283
-87.4082
-87.3878
-87.3674
-87.3467
-87.326
-87.305
-87.284
-87.2627
-87.2414
-87.2199
-87.1982
-87.1764
-87.1545
-87.1324
-87.1101
-87.0878
-87.0652
-87.0426
-87.0198
-86.9969
-86.9738
-86.9506
-86.9273
-86.9038
-86.8802
-86.8564
-86.8325
-86.8085
-86.7844
-86.7601
-86.7357
-86.7111
-86.6865
-86.6617
-86.6367
-86.6117
-86.5865
-86.5611
-86.5357
-86.5101
-86.4844
-86.4585
-86.4326
-86.4065
-86.3802
-86.3539
-86.3274
-86.3008
-86.2741
-86.2472
-86.2202
-86.1931
-86.1658
-86.1385
-86.111
-86.0834
-86.0556
-86.0277
-85.9997
-85.9716
-85.9434
-85.915
-85.8865
-85.8578
-85.8291
-85.8002
-85.7712
-85.742
-85.7128
-85.6834
-85.6538
-85.6242
-85.5944
-85.5645
-85.5344
-85.5042
-85.4739
-85.4435
-85.4129
-85.3822
-85.3513
-85.3204
-85.2892
-85.258
-85.2266
-85.1951
-85.1634
-85.1317
-85.0997
-85.0676
-85.0354
-85.0031
-84.9706
-84.9379
-84.9051
-84.8722
-84.8391
-84.8059
-84.7725
-84.739
-84.7053
-84.6715
-84.6375
-84.6034
-84.5691
-84.5346
-84.5
-84.4652
-84.4303
-84.3952
-84.3599
-84.3244
-84.2888
-84.2531
-84.2171
-84.181
-84.1447
-84.1082
-84.0715
-84.0346
-83.9976
-83.9604
-83.9229
-83.8853
-83.8475
-83.8095
-83.7713
-83.7329
-83.6942
-83.6554
-83.6164
-83.5771
-83.5376
-83.4979
-83.4579
-83.4178
-83.3774
-83.3367
-83.2958
-83.2547
-83.2133
-83.1717
-83.1298
-83.0876
-83.0452
-83.0025
-82.9595
-82.9162
-82.8727
-82.8288
-82.7847
-82.7402
-82.6955
-82.6504
-82.6049
-82.5592
-82.5131
-82.4667
-82.4199
-82.3727
-82.3252
-82.2773
-82.229
-82.1803
-82.1312
-82.0817
-82.0318
-81.9814
-81.9306
-81.8793
-81.8276
-81.7754
-81.7227
-81.6694
-81.6157
-81.5614
-81.5065
-81.4511
-81.3951
-81.3386
-81.2814
-81.2235
-81.165
-81.1058
-81.046
-80.9854
-80.924
-80.8619
-80.799
-80.7353
-80.6708
-80.6053
-80.539
-80.4717
-80.4034
-80.3341
-80.2638
-80.1924
-80.1198
-80.0461
-79.9711
-79.8948
-79.8172
-79.7382
-79.6578
-79.5758
-79.4922
-79.407
-79.32
-79.2311
-79.1403
-79.0475
-78.9525
-78.8552
-78.7556
-78.6534
-78.5486
-78.4408
-78.3301
-78.2161
-78.0987
-77.9776
-77.8526
-77.7233
-77.5895
-77.4508
-77.3067
-77.1568
-77.0006
-76.8376
-76.667
-76.488
-76.2999
-76.1015
-75.8916
-75.6687
-75.4312
-75.177
-74.9035
-74.6075
-74.285
-73.931
-73.5386
-73.0988
-72.5992
-72.0217
-71.339
-70.5079
-69.4533
-68.0305
-65.9109
-62.1253
-52.0686
-0.542568
49.8315
49.2915
43.8501
28.154
6.51655
-7.20329
-17.9587
-29.0184
-40.2866
-65.9172
-92.9626
-94.772
-94.8635
-94.7959
-94.6588
-94.4589
-94.2068
-93.9199
-93.6163
-93.3099
-93.0097
-92.7207
-92.4453
-92.1844
-91.9381
-91.7058
-91.4871
-91.2812
-91.0874
-90.9051
-90.7336
-90.5722
-90.4205
-90.2778
-90.1436
-90.0175
-89.899
-89.7876
-89.6831
-89.585
-89.4929
-89.4065
-89.3256
-89.2498
-89.1788
-89.1123
-89.0503
-88.9923
-88.9381
-88.8876
-88.8406
-88.7969
-88.7563
-88.7186
-88.6836
-88.6513
-88.6214
-88.5939
-88.5686
-88.5454
-88.5241
-88.5047
-88.4871
-88.4711
-88.4566
-88.4436
-88.432
-88.4217
-88.4126
-88.4046
-88.3978
-88.3919
-88.3869
-88.3829
-88.3796
-88.3771
-88.3754
-88.3743
-88.3738
-88.3739
-88.3745
-88.3755
-88.3771
-88.379
-88.3813
-88.3839
-88.3869
-88.3901
-88.3936
-88.3972
-88.4011
-88.4051
-88.4093
-88.4136
-88.4179
-88.4224
-88.4269
-88.4314
-88.436
-88.4405
-88.4451
-88.4496
-88.454
-88.4584
-88.4628
-88.467
-88.4712
-88.4752
-88.4791
-88.483
-88.4866
-88.4901
-88.4935
-88.4967
-88.4998
-88.5027
-88.5053
-88.5078
-88.5102
-88.5123
-88.5142
-88.5159
-88.5174
-88.5187
-88.5197
-88.5206
-88.5212
-88.5216
-88.5217
-88.5216
-88.5213
-88.5208
-88.52
-88.519
-88.5177
-88.5162
-88.5144
-88.5124
-88.5102
-88.5077
-88.5049
-88.5019
-88.4987
-88.4952
-88.4915
-88.4875
-88.4832
-88.4788
-88.474
-88.4691
-88.4639
-88.4584
-88.4527
-88.4467
-88.4406
-88.4341
-88.4274
-88.4205
-88.4134
-88.406
-88.3984
-88.3905
-88.3824
-88.3741
-88.3655
-88.3567
-88.3477
-88.3384
-88.3289
-88.3192
-88.3093
-88.2991
-88.2887
-88.2781
-88.2673
-88.2563
-88.245
-88.2335
-88.2219
-88.21
-88.1979
-88.1856
-88.173
-88.1603
-88.1474
-88.1342
-88.1209
-88.1074
-88.0936
-88.0797
-88.0656
-88.0512
-88.0367
-88.022
-88.0071
-87.992
-87.9768
-87.9613
-87.9457
-87.9298
-87.9138
-87.8976
-87.8813
-87.8647
-87.848
-87.8311
-87.814
-87.7968
-87.7793
-87.7618
-87.744
-87.7261
-87.708
-87.6897
-87.6713
-87.6527
-87.634
-87.615
-87.596
-87.5767
-87.5574
-87.5378
-87.5181
-87.4983
-87.4782
-87.4581
-87.4378
-87.4173
-87.3967
-87.3759
-87.355
-87.334
-87.3128
-87.2914
-87.2699
-87.2483
-87.2265
-87.2046
-87.1825
-87.1603
-87.138
-87.1155
-87.0928
-87.0701
-87.0472
-87.0241
-87.001
-86.9777
-86.9542
-86.9307
-86.907
-86.8831
-86.8591
-86.835
-86.8108
-86.7864
-86.7619
-86.7373
-86.7125
-86.6877
-86.6626
-86.6375
-86.6122
-86.5868
-86.5613
-86.5357
-86.5099
-86.484
-86.4579
-86.4318
-86.4055
-86.3791
-86.3525
-86.3259
-86.2991
-86.2722
-86.2452
-86.218
-86.1907
-86.1633
-86.1358
-86.1081
-86.0803
-86.0524
-86.0244
-85.9962
-85.968
-85.9395
-85.911
-85.8824
-85.8536
-85.8247
-85.7956
-85.7665
-85.7372
-85.7078
-85.6782
-85.6486
-85.6188
-85.5888
-85.5588
-85.5286
-85.4983
-85.4679
-85.4373
-85.4066
-85.3758
-85.3448
-85.3137
-85.2825
-85.2511
-85.2196
-85.188
-85.1562
-85.1243
-85.0922
-85.06
-85.0277
-84.9953
-84.9627
-84.9299
-84.897
-84.864
-84.8308
-84.7975
-84.764
-84.7303
-84.6966
-84.6626
-84.6286
-84.5943
-84.5599
-84.5254
-84.4907
-84.4558
-84.4208
-84.3856
-84.3502
-84.3147
-84.279
-84.2431
-84.207
-84.1708
-84.1344
-84.0978
-84.0611
-84.0241
-83.987
-83.9497
-83.9122
-83.8745
-83.8366
-83.7985
-83.7602
-83.7217
-83.683
-83.6441
-83.6049
-83.5656
-83.526
-83.4862
-83.4462
-83.4059
-83.3654
-83.3247
-83.2837
-83.2425
-83.2011
-83.1593
-83.1174
-83.0751
-83.0326
-82.9898
-82.9468
-82.9034
-82.8598
-82.8158
-82.7716
-82.727
-82.6822
-82.637
-82.5915
-82.5457
-82.4995
-82.4529
-82.4061
-82.3588
-82.3112
-82.2632
-82.2148
-82.166
-82.1168
-82.0672
-82.0172
-81.9667
-81.9158
-81.8644
-81.8125
-81.7602
-81.7073
-81.654
-81.6001
-81.5457
-81.4907
-81.4352
-81.379
-81.3223
-81.265
-81.207
-81.1483
-81.089
-81.0289
-80.9682
-80.9067
-80.8444
-80.7813
-80.7174
-80.6526
-80.587
-80.5204
-80.4529
-80.3844
-80.3149
-80.2443
-80.1726
-80.0998
-80.0258
-79.9505
-79.8739
-79.796
-79.7167
-79.6359
-79.5535
-79.4696
-79.3839
-79.2965
-79.2071
-79.1159
-79.0225
-78.927
-78.8292
-78.729
-78.6262
-78.5206
-78.4122
-78.3007
-78.1859
-78.0676
-77.9456
-77.8195
-77.6892
-77.5542
-77.4141
-77.2687
-77.1173
-76.9594
-76.7946
-76.622
-76.4408
-76.2501
-76.0489
-75.8359
-75.6096
-75.3681
-75.1092
-74.8303
-74.528
-74.198
-73.8348
-73.4313
-72.9776
-72.4599
-71.8584
-71.1426
-70.2629
-69.1314
-67.5723
-65.1643
-60.5374
-45.9473
25.9478
49.7469
47.1326
36.5816
16.4078
-1.1367
-12.7215
-23.4718
-33.926
-50.4217
-84.9695
-94.3177
-94.8369
-94.8401
-94.7473
-94.5889
-94.3714
-94.1076
-93.8151
-93.5099
-93.2043
-92.9058
-92.6188
-92.3454
-92.0863
-91.8415
-91.6106
-91.393
-91.1881
-90.9951
-90.8135
-90.6426
-90.4818
-90.3306
-90.1883
-90.0544
-89.9286
-89.8104
-89.6993
-89.5949
-89.4969
-89.4049
-89.3187
-89.2378
-89.162
-89.091
-89.0246
-88.9625
-88.9044
-88.8503
-88.7998
-88.7527
-88.7089
-88.6682
-88.6305
-88.5955
-88.5631
-88.5331
-88.5056
-88.4802
-88.4569
-88.4356
-88.4161
-88.3984
-88.3824
-88.3679
-88.3549
-88.3433
-88.3329
-88.3238
-88.3158
-88.309
-88.3031
-88.2982
-88.2941
-88.2909
-88.2884
-88.2867
-88.2857
-88.2852
-88.2853
-88.286
-88.2872
-88.2888
-88.2908
-88.2932
-88.2959
-88.2989
-88.3023
-88.3058
-88.3096
-88.3136
-88.3178
-88.3221
-88.3265
-88.331
-88.3356
-88.3402
-88.3449
-88.3496
-88.3544
-88.3591
-88.3638
-88.3684
-88.373
-88.3775
-88.3819
-88.3863
-88.3905
-88.3947
-88.3987
-88.4025
-88.4063
-88.4098
-88.4133
-88.4165
-88.4196
-88.4225
-88.4252
-88.4278
-88.4301
-88.4322
-88.4342
-88.4359
-88.4374
-88.4387
-88.4397
-88.4406
-88.4412
-88.4416
-88.4417
-88.4416
-88.4413
-88.4408
-88.44
-88.4389
-88.4376
-88.4361
-88.4343
-88.4323
-88.4301
-88.4275
-88.4248
-88.4218
-88.4185
-88.415
-88.4113
-88.4073
-88.403
-88.3985
-88.3938
-88.3888
-88.3835
-88.3781
-88.3723
-88.3664
-88.3602
-88.3537
-88.347
-88.3401
-88.3329
-88.3255
-88.3178
-88.3099
-88.3018
-88.2935
-88.2849
-88.2761
-88.267
-88.2577
-88.2482
-88.2385
-88.2286
-88.2184
-88.208
-88.1974
-88.1865
-88.1755
-88.1642
-88.1527
-88.141
-88.1291
-88.117
-88.1046
-88.0921
-88.0794
-88.0664
-88.0533
-88.0399
-88.0264
-88.0126
-87.9987
-87.9845
-87.9702
-87.9556
-87.9409
-87.926
-87.9109
-87.8956
-87.8801
-87.8645
-87.8486
-87.8326
-87.8164
-87.8
-87.7835
-87.7667
-87.7498
-87.7327
-87.7154
-87.698
-87.6804
-87.6626
-87.6447
-87.6266
-87.6083
-87.5899
-87.5713
-87.5525
-87.5336
-87.5145
-87.4952
-87.4758
-87.4563
-87.4366
-87.4167
-87.3967
-87.3765
-87.3561
-87.3357
-87.315
-87.2942
-87.2733
-87.2522
-87.231
-87.2096
-87.1881
-87.1665
-87.1447
-87.1227
-87.1006
-87.0784
-87.056
-87.0335
-87.0109
-86.9881
-86.9652
-86.9421
-86.9189
-86.8956
-86.8721
-86.8485
-86.8248
-86.8009
-86.7769
-86.7528
-86.7285
-86.7041
-86.6796
-86.6549
-86.6301
-86.6052
-86.5802
-86.555
-86.5297
-86.5042
-86.4787
-86.453
-86.4272
-86.4012
-86.3752
-86.349
-86.3226
-86.2962
-86.2696
-86.2429
-86.2161
-86.1891
-86.162
-86.1348
-86.1075
-86.08
-86.0524
-86.0247
-85.9969
-85.9689
-85.9408
-85.9126
-85.8843
-85.8558
-85.8272
-85.7985
-85.7697
-85.7407
-85.7116
-85.6824
-85.653
-85.6235
-85.5939
-85.5642
-85.5343
-85.5043
-85.4742
-85.4439
-85.4135
-85.383
-85.3523
-85.3215
-85.2906
-85.2595
-85.2284
-85.197
-85.1656
-85.134
-85.1022
-85.0703
-85.0383
-85.0062
-84.9739
-84.9414
-84.9088
-84.8761
-84.8432
-84.8102
-84.7771
-84.7437
-84.7103
-84.6767
-84.6429
-84.609
-84.5749
-84.5407
-84.5063
-84.4717
-84.437
-84.4021
-84.3671
-84.3319
-84.2965
-84.261
-84.2253
-84.1894
-84.1533
-84.1171
-84.0806
-84.044
-84.0072
-83.9703
-83.9331
-83.8958
-83.8582
-83.8205
-83.7825
-83.7444
-83.706
-83.6675
-83.6287
-83.5897
-83.5505
-83.5111
-83.4715
-83.4316
-83.3915
-83.3512
-83.3106
-83.2698
-83.2287
-83.1874
-83.1458
-83.104
-83.0619
-83.0195
-82.9769
-82.934
-82.8908
-82.8473
-82.8035
-82.7594
-82.715
-82.6703
-82.6253
-82.58
-82.5343
-82.4883
-82.4419
-82.3952
-82.3481
-82.3006
-82.2528
-82.2045
-82.1559
-82.1069
-82.0574
-82.0075
-81.9572
-81.9064
-81.8552
-81.8035
-81.7513
-81.6987
-81.6455
-81.5918
-81.5375
-81.4827
-81.4273
-81.3714
-81.3148
-81.2576
-81.1998
-81.1413
-81.0822
-81.0223
-80.9618
-80.9004
-80.8383
-80.7754
-80.7117
-80.6472
-80.5817
-80.5153
-80.448
-80.3797
-80.3104
-80.24
-80.1686
-80.0959
-80.0221
-79.9471
-79.8707
-79.7931
-79.714
-79.6334
-79.5513
-79.4676
-79.3822
-79.295
-79.2059
-79.115
-79.0219
-78.9267
-78.8292
-78.7293
-78.6268
-78.5216
-78.4135
-78.3024
-78.188
-78.0701
-77.9485
-77.8229
-77.693
-77.5585
-77.419
-77.2741
-77.1233
-76.9661
-76.8019
-76.63
-76.4497
-76.2599
-76.0597
-75.8478
-75.6226
-75.3825
-75.1251
-74.848
-74.5477
-74.2201
-73.8599
-73.4598
-73.0104
-72.4983
-71.9041
-71.1985
-70.3337
-69.2258
-67.7089
-65.3915
-61.0387
-48.0178
18.6945
49.8449
48.0335
39.1303
19.9009
0.765378
-11.2618
-21.8945
-32.658
-47.5681
-80.9286
-94.1051
-94.8233
-94.8445
-94.7572
-94.6028
-94.3879
-94.1251
-93.8318
-93.5249
-93.2169
-92.9158
-92.6262
-92.3502
-92.0887
-91.8416
-91.6086
-91.3891
-91.1824
-90.9878
-90.8047
-90.6324
-90.4703
-90.3179
-90.1745
-90.0398
-89.9131
-89.7941
-89.6823
-89.5773
-89.4788
-89.3863
-89.2996
-89.2184
-89.1423
-89.0711
-89.0045
-88.9422
-88.8841
-88.8299
-88.7793
-88.7323
-88.6885
-88.6479
-88.6102
-88.5753
-88.5431
-88.5133
-88.4859
-88.4608
-88.4377
-88.4166
-88.3975
-88.38
-88.3643
-88.3501
-88.3374
-88.3261
-88.3161
-88.3073
-88.2997
-88.2932
-88.2877
-88.2831
-88.2795
-88.2766
-88.2746
-88.2732
-88.2726
-88.2726
-88.2731
-88.2742
-88.2757
-88.2778
-88.2802
-88.283
-88.2861
-88.2896
-88.2933
-88.2973
-88.3015
-88.3059
-88.3105
-88.3152
-88.32
-88.325
-88.33
-88.3351
-88.3402
-88.3453
-88.3504
-88.3555
-88.3606
-88.3656
-88.3706
-88.3755
-88.3804
-88.3851
-88.3897
-88.3942
-88.3986
-88.4029
-88.407
-88.4109
-88.4147
-88.4183
-88.4218
-88.4251
-88.4281
-88.431
-88.4337
-88.4362
-88.4385
-88.4405
-88.4424
-88.444
-88.4454
-88.4465
-88.4475
-88.4482
-88.4487
-88.4489
-88.4489
-88.4486
-88.4481
-88.4474
-88.4464
-88.4452
-88.4437
-88.442
-88.44
-88.4378
-88.4353
-88.4326
-88.4296
-88.4264
-88.4229
-88.4192
-88.4152
-88.411
-88.4065
-88.4017
-88.3968
-88.3915
-88.3861
-88.3803
-88.3744
-88.3682
-88.3617
-88.355
-88.3481
-88.3409
-88.3335
-88.3258
-88.3179
-88.3098
-88.3015
-88.2929
-88.284
-88.275
-88.2657
-88.2562
-88.2464
-88.2365
-88.2263
-88.2159
-88.2052
-88.1944
-88.1833
-88.172
-88.1605
-88.1488
-88.1369
-88.1248
-88.1124
-88.0999
-88.0871
-88.0741
-88.061
-88.0476
-88.034
-88.0203
-88.0063
-87.9922
-87.9778
-87.9633
-87.9485
-87.9336
-87.9185
-87.9032
-87.8877
-87.872
-87.8562
-87.8401
-87.8239
-87.8075
-87.791
-87.7742
-87.7573
-87.7402
-87.7229
-87.7055
-87.6879
-87.6701
-87.6521
-87.634
-87.6157
-87.5973
-87.5787
-87.5599
-87.541
-87.5219
-87.5027
-87.4832
-87.4637
-87.444
-87.4241
-87.4041
-87.3839
-87.3636
-87.3431
-87.3225
-87.3017
-87.2808
-87.2597
-87.2385
-87.2171
-87.1956
-87.1739
-87.1522
-87.1302
-87.1081
-87.0859
-87.0636
-87.0411
-87.0184
-86.9957
-86.9728
-86.9497
-86.9265
-86.9032
-86.8798
-86.8562
-86.8325
-86.8086
-86.7846
-86.7605
-86.7363
-86.7119
-86.6874
-86.6628
-86.638
-86.6131
-86.5881
-86.5629
-86.5376
-86.5122
-86.4867
-86.461
-86.4353
-86.4093
-86.3833
-86.3571
-86.3308
-86.3044
-86.2779
-86.2512
-86.2244
-86.1975
-86.1705
-86.1433
-86.116
-86.0886
-86.061
-86.0334
-86.0056
-85.9776
-85.9496
-85.9214
-85.8931
-85.8647
-85.8362
-85.8075
-85.7787
-85.7498
-85.7207
-85.6915
-85.6622
-85.6328
-85.6033
-85.5736
-85.5437
-85.5138
-85.4837
-85.4535
-85.4232
-85.3927
-85.3621
-85.3314
-85.3005
-85.2696
-85.2384
-85.2072
-85.1758
-85.1442
-85.1126
-85.0808
-85.0488
-85.0167
-84.9845
-84.9521
-84.9196
-84.887
-84.8542
-84.8213
-84.7882
-84.7549
-84.7216
-84.688
-84.6543
-84.6205
-84.5865
-84.5524
-84.5181
-84.4836
-84.449
-84.4142
-84.3793
-84.3442
-84.3089
-84.2735
-84.2378
-84.2021
-84.1661
-84.13
-84.0937
-84.0572
-84.0205
-83.9836
-83.9466
-83.9093
-83.8719
-83.8343
-83.7965
-83.7585
-83.7202
-83.6818
-83.6432
-83.6043
-83.5653
-83.526
-83.4865
-83.4468
-83.4068
-83.3666
-83.3262
-83.2855
-83.2446
-83.2035
-83.1621
-83.1204
-83.0785
-83.0363
-82.9938
-82.9511
-82.9081
-82.8648
-82.8212
-82.7773
-82.7331
-82.6886
-82.6437
-82.5986
-82.5531
-82.5073
-82.4611
-82.4146
-82.3678
-82.3205
-82.2729
-82.2249
-82.1766
-82.1278
-82.0786
-82.029
-81.9789
-81.9284
-81.8775
-81.8261
-81.7742
-81.7218
-81.6689
-81.6156
-81.5616
-81.5072
-81.4521
-81.3965
-81.3403
-81.2835
-81.2261
-81.168
-81.1093
-81.0498
-80.9897
-80.9288
-80.8671
-80.8047
-80.7415
-80.6774
-80.6125
-80.5467
-80.4799
-80.4122
-80.3435
-80.2737
-80.2029
-80.1309
-80.0578
-79.9834
-79.9078
-79.8309
-79.7526
-79.6729
-79.5917
-79.5089
-79.4244
-79.3383
-79.2503
-79.1604
-79.0685
-78.9745
-78.8783
-78.7797
-78.6787
-78.575
-78.4685
-78.3591
-78.2465
-78.1306
-78.011
-77.8876
-77.7601
-77.6282
-77.4914
-77.3495
-77.2019
-77.0483
-76.888
-76.7203
-76.5446
-76.36
-76.1656
-75.9601
-75.7422
-75.5103
-75.2624
-74.9962
-74.7087
-74.3963
-74.0541
-73.6763
-73.2545
-72.7776
-72.2298
-71.5878
-70.8148
-69.8494
-68.5779
-66.7583
-63.7489
-57.0485
-28.6455
42.6105
49.3837
44.9941
31.3741
10.3058
-4.56769
-15.5507
-26.4992
-35.9789
-55.4281
-89.84
-94.6367
-94.8715
-94.8307
-94.7156
-94.536
-94.2985
-94.0186
-93.7149
-93.4034
-93.0949
-92.796
-92.5102
-92.2389
-91.9823
-91.7403
-91.5123
-91.2976
-91.0955
-90.9053
-90.7263
-90.5579
-90.3995
-90.2505
-90.1104
-89.9786
-89.8548
-89.7384
-89.629
-89.5264
-89.43
-89.3396
-89.2548
-89.1753
-89.1008
-89.0311
-88.9659
-88.905
-88.8481
-88.795
-88.7455
-88.6995
-88.6566
-88.6169
-88.58
-88.5458
-88.5142
-88.4851
-88.4583
-88.4337
-88.4111
-88.3905
-88.3717
-88.3546
-88.3392
-88.3253
-88.3129
-88.3018
-88.292
-88.2835
-88.276
-88.2696
-88.2643
-88.2598
-88.2562
-88.2535
-88.2515
-88.2502
-88.2495
-88.2495
-88.25
-88.2511
-88.2526
-88.2546
-88.257
-88.2598
-88.2629
-88.2662
-88.2699
-88.2738
-88.2779
-88.2822
-88.2867
-88.2913
-88.296
-88.3009
-88.3058
-88.3107
-88.3157
-88.3207
-88.3257
-88.3307
-88.3356
-88.3405
-88.3454
-88.3501
-88.3548
-88.3594
-88.3639
-88.3683
-88.3725
-88.3767
-88.3806
-88.3844
-88.3881
-88.3916
-88.3949
-88.398
-88.4009
-88.4037
-88.4062
-88.4086
-88.4107
-88.4126
-88.4144
-88.4158
-88.4171
-88.4182
-88.419
-88.4195
-88.4199
-88.42
-88.4199
-88.4195
-88.4189
-88.418
-88.4169
-88.4156
-88.414
-88.4121
-88.41
-88.4077
-88.4051
-88.4023
-88.3992
-88.3958
-88.3922
-88.3884
-88.3843
-88.38
-88.3754
-88.3706
-88.3655
-88.3602
-88.3546
-88.3488
-88.3427
-88.3364
-88.3299
-88.3231
-88.3161
-88.3088
-88.3013
-88.2936
-88.2856
-88.2774
-88.2689
-88.2603
-88.2513
-88.2422
-88.2328
-88.2233
-88.2134
-88.2034
-88.1931
-88.1827
-88.172
-88.161
-88.1499
-88.1385
-88.127
-88.1152
-88.1032
-88.091
-88.0786
-88.066
-88.0532
-88.0401
-88.0269
-88.0135
-87.9999
-87.986
-87.972
-87.9578
-87.9434
-87.9288
-87.914
-87.899
-87.8839
-87.8685
-87.853
-87.8373
-87.8214
-87.8053
-87.789
-87.7726
-87.7559
-87.7392
-87.7222
-87.705
-87.6877
-87.6702
-87.6526
-87.6348
-87.6168
-87.5986
-87.5803
-87.5618
-87.5432
-87.5244
-87.5054
-87.4863
-87.467
-87.4475
-87.4279
-87.4082
-87.3883
-87.3682
-87.348
-87.3276
-87.3071
-87.2865
-87.2657
-87.2447
-87.2236
-87.2023
-87.1809
-87.1594
-87.1377
-87.1159
-87.0939
-87.0718
-87.0496
-87.0272
-87.0047
-86.982
-86.9592
-86.9363
-86.9132
-86.89
-86.8666
-86.8431
-86.8195
-86.7958
-86.7719
-86.7479
-86.7238
-86.6995
-86.6751
-86.6505
-86.6259
-86.6011
-86.5762
-86.5511
-86.5259
-86.5006
-86.4752
-86.4496
-86.4239
-86.3981
-86.3722
-86.3461
-86.3199
-86.2936
-86.2671
-86.2406
-86.2139
-86.187
-86.1601
-86.133
-86.1058
-86.0785
-86.051
-86.0235
-85.9958
-85.968
-85.94
-85.9119
-85.8837
-85.8554
-85.8269
-85.7984
-85.7697
-85.7408
-85.7119
-85.6828
-85.6536
-85.6242
-85.5948
-85.5652
-85.5355
-85.5056
-85.4756
-85.4455
-85.4153
-85.3849
-85.3544
-85.3238
-85.293
-85.2621
-85.2311
-85.1999
-85.1686
-85.1372
-85.1056
-85.0739
-85.042
-85.01
-84.9779
-84.9456
-84.9132
-84.8807
-84.848
-84.8151
-84.7821
-84.749
-84.7157
-84.6823
-84.6487
-84.6149
-84.581
-84.547
-84.5128
-84.4784
-84.4439
-84.4092
-84.3744
-84.3394
-84.3042
-84.2688
-84.2333
-84.1976
-84.1618
-84.1257
-84.0895
-84.0531
-84.0166
-83.9798
-83.9429
-83.9057
-83.8684
-83.8309
-83.7932
-83.7553
-83.7171
-83.6788
-83.6403
-83.6015
-83.5626
-83.5234
-83.484
-83.4444
-83.4046
-83.3645
-83.3242
-83.2836
-83.2428
-83.2018
-83.1605
-83.1189
-83.0771
-83.0351
-82.9927
-82.9501
-82.9072
-82.864
-82.8205
-82.7768
-82.7327
-82.6883
-82.6436
-82.5986
-82.5532
-82.5076
-82.4615
-82.4152
-82.3684
-82.3213
-82.2739
-82.226
-82.1778
-82.1291
-82.0801
-82.0306
-81.9807
-81.9304
-81.8796
-81.8284
-81.7766
-81.7244
-81.6717
-81.6185
-81.5647
-81.5105
-81.4556
-81.4002
-81.3442
-81.2875
-81.2303
-81.1724
-81.1139
-81.0546
-80.9947
-80.934
-80.8726
-80.8104
-80.7474
-80.6835
-80.6188
-80.5533
-80.4868
-80.4193
-80.3508
-80.2814
-80.2108
-80.1391
-80.0663
-79.9923
-79.917
-79.8404
-79.7625
-79.6831
-79.6022
-79.5198
-79.4357
-79.35
-79.2624
-79.173
-79.0816
-78.9881
-78.8924
-78.7943
-78.6938
-78.5908
-78.4849
-78.3762
-78.2643
-78.1491
-78.0303
-77.9078
-77.7811
-77.6501
-77.5144
-77.3736
-77.2272
-77.0749
-76.916
-76.7499
-76.5759
-76.3932
-76.2008
-75.9976
-75.7823
-75.5533
-75.3088
-75.0464
-74.7634
-74.4561
-74.1202
-73.7498
-73.3373
-72.8722
-72.3398
-71.7183
-70.9744
-70.0528
-68.8534
-67.1699
-64.4827
-58.9494
-38.6413
39.3612
49.4687
45.4644
32.5454
11.6851
-3.70507
-14.7986
-25.6928
-35.4654
-54.1321
-88.8305
-94.5588
-94.8601
-94.8338
-94.7278
-94.5574
-94.3286
-94.0555
-93.7559
-93.446
-93.1372
-92.8367
-92.5485
-92.2744
-92.0149
-91.7699
-91.5389
-91.3214
-91.1167
-90.9239
-90.7426
-90.572
-90.4115
-90.2606
-90.1186
-89.9852
-89.8598
-89.7419
-89.6312
-89.5272
-89.4296
-89.3381
-89.2522
-89.1718
-89.0964
-89.0259
-88.9599
-88.8983
-88.8407
-88.787
-88.737
-88.6904
-88.6471
-88.6068
-88.5695
-88.535
-88.5031
-88.4737
-88.4466
-88.4217
-88.399
-88.3781
-88.3592
-88.342
-88.3265
-88.3125
-88.3
-88.2888
-88.279
-88.2704
-88.263
-88.2566
-88.2512
-88.2468
-88.2433
-88.2406
-88.2387
-88.2374
-88.2369
-88.237
-88.2376
-88.2388
-88.2405
-88.2426
-88.2451
-88.248
-88.2512
-88.2548
-88.2586
-88.2627
-88.267
-88.2715
-88.2761
-88.2809
-88.2858
-88.2908
-88.2959
-88.301
-88.3062
-88.3114
-88.3166
-88.3218
-88.327
-88.3321
-88.3371
-88.3421
-88.347
-88.3518
-88.3565
-88.3611
-88.3656
-88.3699
-88.3741
-88.3781
-88.382
-88.3857
-88.3892
-88.3925
-88.3957
-88.3986
-88.4014
-88.404
-88.4063
-88.4084
-88.4104
-88.4121
-88.4135
-88.4148
-88.4158
-88.4166
-88.4171
-88.4174
-88.4175
-88.4173
-88.4169
-88.4163
-88.4153
-88.4142
-88.4128
-88.4111
-88.4092
-88.4071
-88.4047
-88.4021
-88.3992
-88.396
-88.3926
-88.3889
-88.385
-88.3809
-88.3765
-88.3718
-88.3669
-88.3618
-88.3564
-88.3508
-88.3449
-88.3387
-88.3324
-88.3257
-88.3189
-88.3118
-88.3045
-88.2969
-88.2891
-88.281
-88.2727
-88.2642
-88.2555
-88.2465
-88.2373
-88.2278
-88.2182
-88.2083
-88.1982
-88.1879
-88.1773
-88.1665
-88.1555
-88.1443
-88.1329
-88.1213
-88.1094
-88.0974
-88.0851
-88.0726
-88.06
-88.0471
-88.034
-88.0207
-88.0072
-87.9935
-87.9796
-87.9656
-87.9513
-87.9368
-87.9222
-87.9073
-87.8923
-87.8771
-87.8617
-87.8461
-87.8303
-87.8143
-87.7982
-87.7819
-87.7654
-87.7487
-87.7319
-87.7148
-87.6977
-87.6803
-87.6628
-87.6451
-87.6272
-87.6092
-87.591
-87.5726
-87.5541
-87.5354
-87.5165
-87.4975
-87.4783
-87.459
-87.4395
-87.4199
-87.4001
-87.3802
-87.3601
-87.3398
-87.3194
-87.2989
-87.2782
-87.2573
-87.2363
-87.2152
-87.1939
-87.1725
-87.1509
-87.1292
-87.1074
-87.0854
-87.0632
-87.041
-87.0185
-86.996
-86.9733
-86.9505
-86.9275
-86.9044
-86.8812
-86.8578
-86.8343
-86.8107
-86.7869
-86.763
-86.739
-86.7148
-86.6905
-86.6661
-86.6416
-86.6169
-86.5921
-86.5671
-86.5421
-86.5169
-86.4915
-86.4661
-86.4405
-86.4148
-86.389
-86.363
-86.337
-86.3107
-86.2844
-86.258
-86.2314
-86.2047
-86.1778
-86.1509
-86.1238
-86.0966
-86.0693
-86.0418
-86.0142
-85.9865
-85.9587
-85.9307
-85.9027
-85.8745
-85.8461
-85.8177
-85.7891
-85.7604
-85.7316
-85.7026
-85.6735
-85.6443
-85.615
-85.5855
-85.5559
-85.5262
-85.4963
-85.4664
-85.4363
-85.406
-85.3757
-85.3452
-85.3145
-85.2838
-85.2529
-85.2218
-85.1907
-85.1594
-85.1279
-85.0964
-85.0647
-85.0328
-85.0008
-84.9687
-84.9365
-84.9041
-84.8715
-84.8388
-84.806
-84.773
-84.7399
-84.7066
-84.6732
-84.6396
-84.6059
-84.572
-84.5379
-84.5037
-84.4694
-84.4349
-84.4002
-84.3654
-84.3304
-84.2952
-84.2599
-84.2244
-84.1887
-84.1529
-84.1168
-84.0806
-84.0443
-84.0077
-83.971
-83.934
-83.8969
-83.8596
-83.8221
-83.7844
-83.7465
-83.7084
-83.6701
-83.6316
-83.5929
-83.5539
-83.5148
-83.4754
-83.4358
-83.396
-83.3559
-83.3156
-83.2751
-83.2343
-83.1933
-83.152
-83.1105
-83.0687
-83.0266
-82.9843
-82.9417
-82.8988
-82.8556
-82.8122
-82.7684
-82.7244
-82.68
-82.6353
-82.5903
-82.545
-82.4993
-82.4533
-82.407
-82.3602
-82.3132
-82.2657
-82.2179
-82.1697
-82.121
-82.072
-82.0226
-81.9727
-81.9223
-81.8716
-81.8203
-81.7686
-81.7164
-81.6637
-81.6105
-81.5568
-81.5025
-81.4476
-81.3922
-81.3362
-81.2796
-81.2224
-81.1645
-81.1059
-81.0467
-80.9868
-80.9261
-80.8647
-80.8025
-80.7395
-80.6756
-80.6109
-80.5453
-80.4788
-80.4113
-80.3429
-80.2734
-80.2028
-80.1311
-80.0583
-79.9842
-79.9089
-79.8323
-79.7543
-79.6749
-79.594
-79.5116
-79.4275
-79.3417
-79.2541
-79.1646
-79.0731
-78.9795
-78.8837
-78.7856
-78.685
-78.5818
-78.4759
-78.367
-78.255
-78.1396
-78.0207
-77.898
-77.7712
-77.64
-77.5041
-77.363
-77.2164
-77.0637
-76.9045
-76.738
-76.5636
-76.3804
-76.1875
-75.9837
-75.7678
-75.538
-75.2926
-75.0292
-74.7449
-74.4363
-74.0986
-73.7262
-73.311
-72.8426
-72.3058
-71.6784
-70.9263
-69.9923
-68.7725
-67.051
-64.2756
-58.4357
-36.0571
41.1918
49.4247
45.2331
32.0101
11.0957
-4.05191
-15.0932
-26.0062
-35.6596
-54.6187
-89.2368
-94.59
-94.8644
-94.8327
-94.7237
-94.5502
-94.3184
-94.0427
-93.7413
-93.4301
-93.1205
-92.8197
-92.5314
-92.2573
-91.998
-91.7531
-91.5224
-91.3051
-91.1006
-90.9081
-90.727
-90.5567
-90.3964
-90.2457
-90.104
-89.9707
-89.8455
-89.7279
-89.6174
-89.5136
-89.4163
-89.3249
-89.2393
-89.159
-89.0838
-89.0135
-88.9477
-88.8862
-88.8288
-88.7753
-88.7255
-88.679
-88.6359
-88.5959
-88.5587
-88.5244
-88.4926
-88.4634
-88.4365
-88.4117
-88.3891
-88.3685
-88.3497
-88.3326
-88.3172
-88.3034
-88.291
-88.2801
-88.2704
-88.2619
-88.2546
-88.2484
-88.2432
-88.2389
-88.2355
-88.2329
-88.2311
-88.2301
-88.2297
-88.2299
-88.2306
-88.2319
-88.2337
-88.236
-88.2386
-88.2417
-88.245
-88.2487
-88.2526
-88.2568
-88.2612
-88.2658
-88.2706
-88.2755
-88.2805
-88.2857
-88.2909
-88.2961
-88.3014
-88.3067
-88.312
-88.3173
-88.3226
-88.3278
-88.333
-88.3381
-88.3431
-88.348
-88.3528
-88.3575
-88.362
-88.3664
-88.3707
-88.3748
-88.3788
-88.3826
-88.3862
-88.3896
-88.3929
-88.3959
-88.3988
-88.4014
-88.4039
-88.4061
-88.4081
-88.4099
-88.4114
-88.4128
-88.4139
-88.4147
-88.4153
-88.4157
-88.4159
-88.4158
-88.4155
-88.4149
-88.4141
-88.413
-88.4117
-88.4101
-88.4083
-88.4062
-88.4039
-88.4013
-88.3985
-88.3954
-88.392
-88.3885
-88.3846
-88.3806
-88.3762
-88.3716
-88.3668
-88.3617
-88.3564
-88.3508
-88.345
-88.3389
-88.3326
-88.3261
-88.3193
-88.3123
-88.305
-88.2975
-88.2897
-88.2817
-88.2735
-88.2651
-88.2564
-88.2475
-88.2383
-88.2289
-88.2193
-88.2095
-88.1994
-88.1892
-88.1787
-88.168
-88.157
-88.1459
-88.1345
-88.123
-88.1112
-88.0992
-88.087
-88.0745
-88.0619
-88.0491
-88.0361
-88.0228
-88.0094
-87.9958
-87.9819
-87.9679
-87.9537
-87.9393
-87.9247
-87.9099
-87.8949
-87.8797
-87.8644
-87.8488
-87.8331
-87.8172
-87.8011
-87.7849
-87.7684
-87.7518
-87.735
-87.7181
-87.7009
-87.6836
-87.6661
-87.6485
-87.6307
-87.6127
-87.5945
-87.5762
-87.5578
-87.5391
-87.5203
-87.5014
-87.4823
-87.463
-87.4436
-87.424
-87.4042
-87.3843
-87.3643
-87.3441
-87.3238
-87.3033
-87.2826
-87.2618
-87.2409
-87.2198
-87.1986
-87.1772
-87.1557
-87.134
-87.1122
-87.0903
-87.0682
-87.046
-87.0236
-87.0011
-86.9785
-86.9557
-86.9328
-86.9098
-86.8866
-86.8633
-86.8399
-86.8163
-86.7926
-86.7687
-86.7448
-86.7206
-86.6964
-86.6721
-86.6476
-86.6229
-86.5982
-86.5733
-86.5483
-86.5232
-86.4979
-86.4725
-86.447
-86.4214
-86.3956
-86.3697
-86.3437
-86.3175
-86.2913
-86.2649
-86.2384
-86.2117
-86.1849
-86.158
-86.131
-86.1039
-86.0766
-86.0492
-86.0217
-85.9941
-85.9663
-85.9384
-85.9104
-85.8823
-85.854
-85.8256
-85.7971
-85.7685
-85.7397
-85.7109
-85.6818
-85.6527
-85.6234
-85.594
-85.5645
-85.5349
-85.5051
-85.4752
-85.4452
-85.415
-85.3847
-85.3543
-85.3237
-85.2931
-85.2622
-85.2313
-85.2002
-85.169
-85.1376
-85.1062
-85.0745
-85.0428
-85.0109
-84.9788
-84.9467
-84.9144
-84.8819
-84.8493
-84.8165
-84.7837
-84.7506
-84.7174
-84.6841
-84.6506
-84.617
-84.5832
-84.5493
-84.5152
-84.4809
-84.4465
-84.4119
-84.3772
-84.3423
-84.3073
-84.272
-84.2366
-84.2011
-84.1654
-84.1294
-84.0934
-84.0571
-84.0207
-83.984
-83.9472
-83.9102
-83.873
-83.8356
-83.7981
-83.7603
-83.7223
-83.6842
-83.6458
-83.6072
-83.5684
-83.5294
-83.4901
-83.4507
-83.411
-83.3711
-83.3309
-83.2905
-83.2499
-83.209
-83.1679
-83.1266
-83.0849
-83.043
-83.0009
-82.9584
-82.9157
-82.8727
-82.8295
-82.7859
-82.742
-82.6979
-82.6534
-82.6086
-82.5634
-82.518
-82.4722
-82.426
-82.3795
-82.3327
-82.2855
-82.2379
-82.1899
-82.1415
-82.0927
-82.0435
-81.9939
-81.9438
-81.8933
-81.8423
-81.7909
-81.739
-81.6866
-81.6337
-81.5802
-81.5263
-81.4718
-81.4167
-81.361
-81.3048
-81.2479
-81.1904
-81.1322
-81.0734
-81.0138
-80.9536
-80.8926
-80.8308
-80.7683
-80.7049
-80.6407
-80.5756
-80.5096
-80.4427
-80.3748
-80.3059
-80.2359
-80.1648
-80.0926
-80.0192
-79.9446
-79.8687
-79.7915
-79.7129
-79.6328
-79.5512
-79.468
-79.3831
-79.2965
-79.208
-79.1176
-79.0252
-78.9306
-78.8338
-78.7345
-78.6327
-78.5283
-78.421
-78.3106
-78.1971
-78.0801
-77.9594
-77.8348
-77.7059
-77.5725
-77.4342
-77.2905
-77.1411
-76.9854
-76.8227
-76.6526
-76.4741
-76.2863
-76.0884
-75.8789
-75.6565
-75.4194
-75.1656
-74.8925
-74.5969
-74.2749
-73.9212
-73.5292
-73.0897
-72.5903
-72.0129
-71.3302
-70.4988
-69.4433
-68.0184
-65.8939
-62.0927
-51.9536
0.0738343
49.8375
49.2744
43.7628
27.9654
6.34692
-7.31673
-18.0613
-29.1204
-40.4739
-66.3649
-93.0207
-94.7736
-94.8612
-94.7912
-94.6505
-94.4459
-94.1879
-93.8945
-93.584
-93.2706
-92.9635
-92.6679
-92.3863
-92.1195
-91.8677
-91.6303
-91.4068
-91.1965
-90.9986
-90.8125
-90.6375
-90.4729
-90.3182
-90.1729
-90.0362
-89.9079
-89.7874
-89.6742
-89.568
-89.4684
-89.375
-89.2875
-89.2056
-89.1289
-89.0572
-88.9902
-88.9276
-88.8692
-88.8148
-88.7641
-88.717
-88.6733
-88.6327
-88.5952
-88.5605
-88.5285
-88.499
-88.4719
-88.4471
-88.4244
-88.4038
-88.385
-88.3681
-88.3528
-88.3391
-88.327
-88.3162
-88.3068
-88.2986
-88.2916
-88.2857
-88.2808
-88.2769
-88.2739
-88.2717
-88.2703
-88.2697
-88.2697
-88.2704
-88.2716
-88.2734
-88.2757
-88.2784
-88.2815
-88.285
-88.2889
-88.2931
-88.2975
-88.3022
-88.3071
-88.3122
-88.3175
-88.3229
-88.3285
-88.3341
-88.3398
-88.3456
-88.3514
-88.3572
-88.363
-88.3688
-88.3745
-88.3802
-88.3859
-88.3915
-88.3969
-88.4023
-88.4076
-88.4128
-88.4178
-88.4227
-88.4274
-88.432
-88.4364
-88.4406
-88.4447
-88.4485
-88.4522
-88.4557
-88.459
-88.462
-88.4649
-88.4675
-88.4699
-88.4721
-88.474
-88.4758
-88.4772
-88.4785
-88.4795
-88.4803
-88.4808
-88.481
-88.4811
-88.4808
-88.4804
-88.4796
-88.4786
-88.4774
-88.4759
-88.4742
-88.4722
-88.4699
-88.4674
-88.4646
-88.4616
-88.4583
-88.4548
-88.451
-88.447
-88.4427
-88.4381
-88.4333
-88.4283
-88.423
-88.4174
-88.4116
-88.4056
-88.3993
-88.3928
-88.386
-88.379
-88.3717
-88.3642
-88.3565
-88.3485
-88.3403
-88.3318
-88.3231
-88.3142
-88.3051
-88.2957
-88.2861
-88.2763
-88.2662
-88.2559
-88.2454
-88.2347
-88.2238
-88.2126
-88.2013
-88.1897
-88.1779
-88.1659
-88.1537
-88.1412
-88.1286
-88.1158
-88.1027
-88.0895
-88.0761
-88.0624
-88.0486
-88.0346
-88.0203
-88.0059
-87.9913
-87.9765
-87.9615
-87.9463
-87.931
-87.9154
-87.8997
-87.8838
-87.8677
-87.8515
-87.835
-87.8184
-87.8016
-87.7846
-87.7675
-87.7502
-87.7327
-87.7151
-87.6973
-87.6793
-87.6612
-87.6428
-87.6244
-87.6058
-87.587
-87.568
-87.5489
-87.5296
-87.5102
-87.4907
-87.4709
-87.4511
-87.431
-87.4109
-87.3905
-87.3701
-87.3494
-87.3287
-87.3077
-87.2867
-87.2655
-87.2441
-87.2226
-87.201
-87.1792
-87.1573
-87.1353
-87.1131
-87.0908
-87.0683
-87.0457
-87.023
-87.0001
-86.9771
-86.954
-86.9307
-86.9073
-86.8838
-86.8601
-86.8363
-86.8124
-86.7883
-86.7641
-86.7398
-86.7154
-86.6908
-86.6661
-86.6413
-86.6164
-86.5913
-86.5661
-86.5408
-86.5153
-86.4897
-86.4641
-86.4382
-86.4123
-86.3862
-86.36
-86.3337
-86.3073
-86.2807
-86.254
-86.2272
-86.2003
-86.1732
-86.1461
-86.1188
-86.0913
-86.0638
-86.0361
-86.0083
-85.9804
-85.9524
-85.9242
-85.896
-85.8676
-85.839
-85.8104
-85.7816
-85.7527
-85.7237
-85.6946
-85.6653
-85.6359
-85.6064
-85.5768
-85.547
-85.5171
-85.4871
-85.4569
-85.4266
-85.3962
-85.3657
-85.335
-85.3042
-85.2733
-85.2423
-85.2111
-85.1798
-85.1483
-85.1167
-85.085
-85.0531
-85.0212
-84.989
-84.9568
-84.9243
-84.8918
-84.8591
-84.8263
-84.7933
-84.7602
-84.7269
-84.6935
-84.6599
-84.6262
-84.5924
-84.5583
-84.5242
-84.4898
-84.4554
-84.4207
-84.3859
-84.351
-84.3158
-84.2805
-84.2451
-84.2095
-84.1737
-84.1377
-84.1015
-84.0652
-84.0287
-83.992
-83.9552
-83.9181
-83.8809
-83.8434
-83.8058
-83.768
-83.73
-83.6918
-83.6533
-83.6147
-83.5758
-83.5368
-83.4975
-83.458
-83.4183
-83.3783
-83.3381
-83.2977
-83.2571
-83.2162
-83.175
-83.1336
-83.0919
-83.05
-83.0078
-82.9654
-82.9227
-82.8796
-82.8363
-82.7928
-82.7489
-82.7047
-82.6602
-82.6153
-82.5702
-82.5247
-82.4789
-82.4328
-82.3863
-82.3394
-82.2922
-82.2446
-82.1966
-82.1482
-82.0994
-82.0502
-82.0006
-81.9505
-81.9
-81.8491
-81.7976
-81.7457
-81.6933
-81.6404
-81.587
-81.5331
-81.4786
-81.4235
-81.3679
-81.3117
-81.2548
-81.1973
-81.1392
-81.0804
-81.0209
-80.9607
-80.8997
-80.838
-80.7755
-80.7122
-80.6481
-80.583
-80.5171
-80.4502
-80.3824
-80.3135
-80.2436
-80.1726
-80.1005
-80.0272
-79.9527
-79.8769
-79.7998
-79.7213
-79.6413
-79.5599
-79.4768
-79.392
-79.3056
-79.2172
-79.127
-79.0347
-78.9403
-78.8437
-78.7446
-78.6431
-78.5388
-78.4318
-78.3217
-78.2084
-78.0917
-77.9714
-77.8471
-77.7186
-77.5856
-77.4477
-77.3045
-77.1556
-77.0004
-76.8384
-76.6689
-76.4911
-76.3042
-76.1072
-75.8987
-75.6775
-75.4417
-75.1895
-74.9181
-74.6245
-74.3049
-73.9541
-73.5656
-73.1306
-72.6369
-72.0669
-71.3945
-70.5778
-69.5452
-68.1598
-66.1154
-62.5314
-53.4143
-8.0099
49.6768
49.431
44.6455
29.977
8.29222
-6.0316
-16.9052
-27.9509
-38.3887
-61.3205
-92.1303
-94.7366
-94.8673
-94.806
-94.6725
-94.4741
-94.2202
-93.9284
-93.6178
-93.3032
-92.9944
-92.697
-92.4136
-92.1451
-91.8917
-91.6528
-91.428
-91.2164
-91.0174
-90.8302
-90.6542
-90.4887
-90.3331
-90.1869
-90.0495
-89.9204
-89.7991
-89.6853
-89.5785
-89.4783
-89.3844
-89.2963
-89.2139
-89.1367
-89.0645
-88.997
-88.934
-88.8752
-88.8205
-88.7695
-88.722
-88.678
-88.6371
-88.5993
-88.5643
-88.532
-88.5023
-88.475
-88.4499
-88.427
-88.4062
-88.3872
-88.3701
-88.3547
-88.3408
-88.3285
-88.3176
-88.3081
-88.2998
-88.2926
-88.2866
-88.2816
-88.2776
-88.2745
-88.2723
-88.2708
-88.2701
-88.27
-88.2706
-88.2718
-88.2735
-88.2757
-88.2784
-88.2815
-88.2849
-88.2888
-88.2929
-88.2973
-88.302
-88.3069
-88.312
-88.3172
-88.3226
-88.3281
-88.3338
-88.3395
-88.3452
-88.351
-88.3568
-88.3626
-88.3684
-88.3742
-88.3799
-88.3855
-88.3911
-88.3966
-88.402
-88.4073
-88.4125
-88.4175
-88.4224
-88.4272
-88.4317
-88.4362
-88.4404
-88.4445
-88.4484
-88.4521
-88.4556
-88.4589
-88.462
-88.4648
-88.4675
-88.4699
-88.4721
-88.4741
-88.4759
-88.4774
-88.4786
-88.4797
-88.4805
-88.481
-88.4813
-88.4814
-88.4812
-88.4807
-88.48
-88.4791
-88.4779
-88.4764
-88.4747
-88.4727
-88.4705
-88.468
-88.4653
-88.4623
-88.4591
-88.4556
-88.4518
-88.4478
-88.4435
-88.439
-88.4343
-88.4292
-88.424
-88.4185
-88.4127
-88.4067
-88.4004
-88.3939
-88.3872
-88.3802
-88.373
-88.3655
-88.3578
-88.3499
-88.3417
-88.3333
-88.3246
-88.3158
-88.3066
-88.2973
-88.2877
-88.2779
-88.2679
-88.2577
-88.2472
-88.2365
-88.2256
-88.2145
-88.2032
-88.1916
-88.1799
-88.1679
-88.1557
-88.1433
-88.1308
-88.118
-88.105
-88.0917
-88.0783
-88.0647
-88.0509
-88.0369
-88.0228
-88.0084
-87.9938
-87.979
-87.9641
-87.949
-87.9336
-87.9181
-87.9024
-87.8866
-87.8705
-87.8543
-87.8379
-87.8213
-87.8045
-87.7876
-87.7705
-87.7532
-87.7358
-87.7182
-87.7004
-87.6825
-87.6644
-87.6461
-87.6277
-87.6091
-87.5903
-87.5714
-87.5524
-87.5331
-87.5137
-87.4942
-87.4745
-87.4547
-87.4347
-87.4146
-87.3943
-87.3738
-87.3532
-87.3325
-87.3116
-87.2906
-87.2694
-87.2481
-87.2267
-87.2051
-87.1834
-87.1615
-87.1395
-87.1173
-87.095
-87.0726
-87.0501
-87.0274
-87.0045
-86.9816
-86.9585
-86.9353
-86.9119
-86.8884
-86.8648
-86.841
-86.8171
-86.7931
-86.769
-86.7447
-86.7203
-86.6958
-86.6712
-86.6464
-86.6215
-86.5964
-86.5713
-86.546
-86.5206
-86.4951
-86.4694
-86.4436
-86.4177
-86.3917
-86.3656
-86.3393
-86.3129
-86.2864
-86.2597
-86.233
-86.2061
-86.1791
-86.152
-86.1247
-86.0973
-86.0699
-86.0422
-86.0145
-85.9866
-85.9587
-85.9306
-85.9023
-85.874
-85.8455
-85.8169
-85.7882
-85.7593
-85.7304
-85.7013
-85.6721
-85.6427
-85.6133
-85.5837
-85.554
-85.5241
-85.4942
-85.4641
-85.4339
-85.4035
-85.373
-85.3424
-85.3117
-85.2808
-85.2499
-85.2187
-85.1875
-85.1561
-85.1246
-85.0929
-85.0611
-85.0292
-84.9971
-84.9649
-84.9326
-84.9001
-84.8675
-84.8347
-84.8018
-84.7687
-84.7355
-84.7022
-84.6687
-84.6351
-84.6013
-84.5673
-84.5332
-84.499
-84.4646
-84.43
-84.3953
-84.3604
-84.3254
-84.2902
-84.2548
-84.2192
-84.1835
-84.1476
-84.1116
-84.0753
-84.0389
-84.0023
-83.9656
-83.9286
-83.8915
-83.8541
-83.8166
-83.7789
-83.7409
-83.7028
-83.6645
-83.626
-83.5872
-83.5483
-83.5091
-83.4697
-83.4301
-83.3902
-83.3502
-83.3099
-83.2693
-83.2285
-83.1875
-83.1462
-83.1047
-83.0629
-83.0209
-82.9785
-82.9359
-82.8931
-82.8499
-82.8064
-82.7627
-82.7186
-82.6743
-82.6296
-82.5846
-82.5393
-82.4937
-82.4477
-82.4013
-82.3546
-82.3076
-82.2602
-82.2123
-82.1641
-82.1155
-82.0665
-82.0171
-81.9673
-81.917
-81.8662
-81.815
-81.7633
-81.7112
-81.6585
-81.6053
-81.5516
-81.4974
-81.4426
-81.3872
-81.3312
-81.2747
-81.2175
-81.1596
-81.1011
-81.0419
-80.982
-80.9214
-80.86
-80.7979
-80.7349
-80.6711
-80.6065
-80.541
-80.4745
-80.4071
-80.3387
-80.2692
-80.1987
-80.1271
-80.0543
-79.9803
-79.9051
-79.8285
-79.7506
-79.6713
-79.5904
-79.508
-79.424
-79.3383
-79.2507
-79.1613
-79.0699
-78.9764
-78.8807
-78.7826
-78.6821
-78.579
-78.4732
-78.3643
-78.2524
-78.1371
-78.0183
-77.8957
-77.7689
-77.6378
-77.5019
-77.361
-77.2144
-77.0618
-76.9027
-76.7363
-76.5619
-76.3788
-76.186
-75.9822
-75.7663
-75.5366
-75.2913
-75.0279
-74.7437
-74.435
-74.0973
-73.7248
-73.3096
-72.841
-72.304
-71.6762
-70.9235
-69.9885
-68.767
-67.0419
-64.2575
-58.3834
-35.7597
41.3423
49.4208
45.213
31.9628
11.0431
-4.08365
-15.1204
-26.0353
-35.6773
-54.6636
-89.2734
-94.5928
-94.8646
-94.8323
-94.7226
-94.5482
-94.3153
-94.0383
-93.7356
-93.4231
-93.1123
-92.8103
-92.5209
-92.2458
-91.9855
-91.7398
-91.5082
-91.2902
-91.085
-90.8919
-90.7102
-90.5393
-90.3786
-90.2274
-90.0853
-89.9517
-89.8262
-89.7083
-89.5975
-89.4935
-89.396
-89.3045
-89.2187
-89.1383
-89.063
-88.9926
-88.9268
-88.8653
-88.8079
-88.7544
-88.7045
-88.6582
-88.6151
-88.5751
-88.5381
-88.5038
-88.4722
-88.443
-88.4162
-88.3917
-88.3692
-88.3487
-88.33
-88.3132
-88.298
-88.2843
-88.2721
-88.2614
-88.2519
-88.2436
-88.2366
-88.2305
-88.2255
-88.2215
-88.2183
-88.216
-88.2144
-88.2136
-88.2134
-88.2139
-88.2149
-88.2165
-88.2185
-88.221
-88.2239
-88.2272
-88.2308
-88.2347
-88.2389
-88.2434
-88.2481
-88.2529
-88.258
-88.2631
-88.2684
-88.2738
-88.2793
-88.2848
-88.2903
-88.2959
-88.3015
-88.307
-88.3125
-88.318
-88.3234
-88.3288
-88.334
-88.3392
-88.3443
-88.3492
-88.354
-88.3587
-88.3632
-88.3676
-88.3718
-88.3758
-88.3797
-88.3834
-88.3868
-88.3901
-88.3932
-88.3961
-88.3988
-88.4012
-88.4035
-88.4055
-88.4073
-88.4089
-88.4102
-88.4113
-88.4121
-88.4128
-88.4131
-88.4133
-88.4131
-88.4128
-88.4122
-88.4113
-88.4102
-88.4089
-88.4072
-88.4054
-88.4033
-88.4009
-88.3983
-88.3954
-88.3923
-88.3889
-88.3853
-88.3814
-88.3773
-88.3729
-88.3683
-88.3634
-88.3582
-88.3529
-88.3472
-88.3414
-88.3352
-88.3289
-88.3223
-88.3154
-88.3083
-88.301
-88.2934
-88.2856
-88.2776
-88.2693
-88.2608
-88.2521
-88.2431
-88.2339
-88.2245
-88.2148
-88.205
-88.1949
-88.1846
-88.174
-88.1633
-88.1523
-88.1411
-88.1297
-88.1181
-88.1062
-88.0942
-88.0819
-88.0695
-88.0568
-88.044
-88.0309
-88.0176
-88.0041
-87.9905
-87.9766
-87.9626
-87.9483
-87.9339
-87.9192
-87.9044
-87.8894
-87.8742
-87.8588
-87.8433
-87.8275
-87.8116
-87.7955
-87.7792
-87.7628
-87.7461
-87.7293
-87.7123
-87.6952
-87.6779
-87.6604
-87.6427
-87.6249
-87.6069
-87.5887
-87.5704
-87.5519
-87.5333
-87.5145
-87.4955
-87.4764
-87.4571
-87.4377
-87.4181
-87.3984
-87.3785
-87.3585
-87.3383
-87.3179
-87.2974
-87.2768
-87.256
-87.2351
-87.214
-87.1928
-87.1715
-87.15
-87.1283
-87.1065
-87.0846
-87.0625
-87.0403
-87.018
-86.9955
-86.9729
-86.9502
-86.9273
-86.9043
-86.8811
-86.8578
-86.8344
-86.8109
-86.7872
-86.7634
-86.7395
-86.7154
-86.6912
-86.6669
-86.6424
-86.6178
-86.5931
-86.5683
-86.5433
-86.5182
-86.493
-86.4676
-86.4422
-86.4166
-86.3909
-86.365
-86.339
-86.313
-86.2867
-86.2604
-86.2339
-86.2073
-86.1806
-86.1538
-86.1268
-86.0998
-86.0725
-86.0452
-86.0178
-85.9902
-85.9625
-85.9347
-85.9067
-85.8787
-85.8505
-85.8221
-85.7937
-85.7651
-85.7365
-85.7076
-85.6787
-85.6496
-85.6205
-85.5911
-85.5617
-85.5321
-85.5024
-85.4726
-85.4427
-85.4126
-85.3824
-85.3521
-85.3216
-85.291
-85.2603
-85.2294
-85.1984
-85.1673
-85.136
-85.1047
-85.0731
-85.0415
-85.0097
-84.9777
-84.9457
-84.9134
-84.8811
-84.8486
-84.816
-84.7832
-84.7503
-84.7172
-84.684
-84.6506
-84.6171
-84.5834
-84.5496
-84.5156
-84.4815
-84.4472
-84.4127
-84.3781
-84.3434
-84.3084
-84.2734
-84.2381
-84.2027
-84.1671
-84.1313
-84.0953
-84.0592
-84.0229
-83.9864
-83.9498
-83.9129
-83.8759
-83.8386
-83.8012
-83.7636
-83.7258
-83.6878
-83.6495
-83.6111
-83.5725
-83.5336
-83.4946
-83.4553
-83.4158
-83.376
-83.336
-83.2958
-83.2554
-83.2147
-83.1738
-83.1326
-83.0912
-83.0495
-83.0075
-82.9653
-82.9228
-82.88
-82.8369
-82.7936
-82.7499
-82.706
-82.6617
-82.6171
-82.5722
-82.527
-82.4814
-82.4355
-82.3893
-82.3427
-82.2957
-82.2484
-82.2007
-82.1525
-82.104
-82.0551
-82.0058
-81.956
-81.9058
-81.8551
-81.804
-81.7524
-81.7003
-81.6477
-81.5946
-81.541
-81.4868
-81.4321
-81.3768
-81.3209
-81.2644
-81.2073
-81.1495
-81.0911
-81.032
-80.9722
-80.9116
-80.8503
-80.7883
-80.7254
-80.6616
-80.5971
-80.5316
-80.4652
-80.3979
-80.3295
-80.2601
-80.1897
-80.1181
-80.0454
-79.9715
-79.8963
-79.8198
-79.7419
-79.6626
-79.5819
-79.4995
-79.4155
-79.3298
-79.2423
-79.153
-79.0616
-78.9681
-78.8724
-78.7744
-78.674
-78.5709
-78.465
-78.3562
-78.2443
-78.129
-78.0102
-77.8876
-77.7608
-77.6297
-77.4938
-77.3528
-77.2062
-77.0535
-76.8943
-76.7278
-76.5534
-76.3701
-76.1771
-75.9732
-75.7571
-75.5272
-75.2815
-75.0178
-74.7331
-74.4239
-74.0856
-73.7124
-73.2961
-72.8262
-72.2875
-71.6575
-70.9014
-69.9614
-68.7317
-66.991
-64.1701
-58.1674
-34.6639
41.8164
49.4082
45.146
31.8028
10.8617
-4.19501
-15.2168
-26.1381
-35.7397
-54.821
-89.3972
-94.6025
-94.866
-94.8318
-94.7209
-94.5453
-94.3112
-94.0333
-93.7298
-93.4168
-93.1058
-92.8037
-92.5143
-92.2392
-91.979
-91.7334
-91.5019
-91.284
-91.0789
-90.8859
-90.7044
-90.5336
-90.373
-90.2219
-90.0799
-89.9465
-89.821
-89.7032
-89.5925
-89.4887
-89.3912
-89.2998
-89.2141
-89.1338
-89.0586
-88.9883
-88.9226
-88.8611
-88.8038
-88.7504
-88.7006
-88.6543
-88.6113
-88.5714
-88.5345
-88.5003
-88.4687
-88.4396
-88.4129
-88.3884
-88.366
-88.3455
-88.327
-88.3102
-88.295
-88.2814
-88.2693
-88.2586
-88.2492
-88.241
-88.234
-88.228
-88.2231
-88.2191
-88.216
-88.2137
-88.2122
-88.2114
-88.2113
-88.2118
-88.2129
-88.2145
-88.2166
-88.2191
-88.2221
-88.2254
-88.2291
-88.233
-88.2373
-88.2418
-88.2465
-88.2514
-88.2565
-88.2617
-88.267
-88.2724
-88.2779
-88.2835
-88.2891
-88.2947
-88.3003
-88.3059
-88.3115
-88.317
-88.3224
-88.3278
-88.3331
-88.3383
-88.3434
-88.3484
-88.3532
-88.3579
-88.3625
-88.3669
-88.3711
-88.3752
-88.3791
-88.3828
-88.3863
-88.3896
-88.3928
-88.3957
-88.3984
-88.4009
-88.4031
-88.4052
-88.407
-88.4086
-88.41
-88.4111
-88.412
-88.4126
-88.413
-88.4132
-88.4131
-88.4128
-88.4122
-88.4113
-88.4103
-88.4089
-88.4073
-88.4055
-88.4034
-88.4011
-88.3985
-88.3956
-88.3925
-88.3892
-88.3856
-88.3817
-88.3776
-88.3733
-88.3686
-88.3638
-88.3587
-88.3533
-88.3477
-88.3419
-88.3358
-88.3294
-88.3229
-88.316
-88.309
-88.3017
-88.2941
-88.2863
-88.2783
-88.2701
-88.2616
-88.2529
-88.2439
-88.2347
-88.2253
-88.2157
-88.2059
-88.1958
-88.1855
-88.175
-88.1642
-88.1533
-88.1421
-88.1307
-88.1191
-88.1073
-88.0953
-88.0831
-88.0706
-88.058
-88.0452
-88.0321
-88.0189
-88.0054
-87.9918
-87.9779
-87.9639
-87.9497
-87.9353
-87.9207
-87.9059
-87.8909
-87.8757
-87.8603
-87.8448
-87.8291
-87.8132
-87.7971
-87.7808
-87.7644
-87.7478
-87.731
-87.714
-87.6969
-87.6796
-87.6621
-87.6445
-87.6267
-87.6087
-87.5906
-87.5723
-87.5538
-87.5352
-87.5165
-87.4975
-87.4784
-87.4592
-87.4398
-87.4202
-87.4005
-87.3806
-87.3606
-87.3405
-87.3201
-87.2997
-87.2791
-87.2583
-87.2374
-87.2164
-87.1952
-87.1739
-87.1524
-87.1308
-87.109
-87.0871
-87.0651
-87.0429
-87.0206
-86.9981
-86.9756
-86.9528
-86.93
-86.907
-86.8839
-86.8606
-86.8372
-86.8137
-86.7901
-86.7663
-86.7424
-86.7183
-86.6942
-86.6699
-86.6455
-86.6209
-86.5962
-86.5714
-86.5465
-86.5214
-86.4962
-86.4709
-86.4455
-86.4199
-86.3942
-86.3684
-86.3425
-86.3164
-86.2902
-86.2639
-86.2375
-86.211
-86.1843
-86.1575
-86.1306
-86.1035
-86.0763
-86.049
-86.0216
-85.9941
-85.9664
-85.9387
-85.9107
-85.8827
-85.8546
-85.8263
-85.7979
-85.7694
-85.7407
-85.7119
-85.683
-85.654
-85.6249
-85.5956
-85.5662
-85.5367
-85.507
-85.4773
-85.4474
-85.4173
-85.3872
-85.3569
-85.3264
-85.2959
-85.2652
-85.2344
-85.2035
-85.1724
-85.1412
-85.1098
-85.0784
-85.0468
-85.015
-84.9831
-84.9511
-84.9189
-84.8866
-84.8542
-84.8216
-84.7889
-84.756
-84.723
-84.6898
-84.6565
-84.6231
-84.5894
-84.5557
-84.5218
-84.4877
-84.4535
-84.4191
-84.3845
-84.3498
-84.315
-84.2799
-84.2448
-84.2094
-84.1739
-84.1381
-84.1023
-84.0662
-84.03
-83.9936
-83.957
-83.9202
-83.8832
-83.8461
-83.8087
-83.7712
-83.7334
-83.6955
-83.6574
-83.619
-83.5805
-83.5417
-83.5027
-83.4635
-83.4241
-83.3844
-83.3445
-83.3044
-83.2641
-83.2235
-83.1827
-83.1416
-83.1002
-83.0586
-83.0168
-82.9746
-82.9322
-82.8896
-82.8466
-82.8034
-82.7598
-82.716
-82.6718
-82.6274
-82.5826
-82.5375
-82.4921
-82.4463
-82.4002
-82.3537
-82.3069
-82.2597
-82.2121
-82.1641
-82.1157
-82.067
-82.0178
-81.9682
-81.9181
-81.8676
-81.8167
-81.7652
-81.7133
-81.6609
-81.608
-81.5546
-81.5006
-81.4461
-81.391
-81.3353
-81.279
-81.2221
-81.1646
-81.1064
-81.0475
-80.988
-80.9277
-80.8666
-80.8048
-80.7422
-80.6788
-80.6145
-80.5493
-80.4833
-80.4162
-80.3482
-80.2792
-80.2091
-80.1379
-80.0656
-79.9921
-79.9173
-79.8413
-79.7639
-79.6851
-79.6048
-79.523
-79.4395
-79.3544
-79.2675
-79.1788
-79.088
-78.9953
-78.9003
-78.8031
-78.7034
-78.6012
-78.4963
-78.3884
-78.2775
-78.1634
-78.0457
-77.9243
-77.7989
-77.6692
-77.5348
-77.3955
-77.2507
-77.1001
-76.943
-76.7788
-76.607
-76.4266
-76.2368
-76.0364
-75.8243
-75.5989
-75.3584
-75.1006
-74.8228
-74.5217
-74.193
-73.8313
-73.4295
-72.9777
-72.4623
-71.8636
-71.1515
-70.2769
-69.153
-67.607
-65.2264
-60.6817
-46.5677
23.9554
49.7798
47.3902
37.271
17.303
-0.660671
-12.3512
-23.073
-33.6189
-49.7142
-84.0644
-94.2681
-94.8324
-94.8392
-94.7463
-94.5863
-94.3658
-94.0978
-93.8
-93.4889
-93.1772
-92.8727
-92.5799
-92.301
-92.0367
-91.787
-91.5515
-91.3297
-91.1209
-90.9244
-90.7395
-90.5655
-90.4019
-90.2481
-90.1035
-89.9675
-89.8398
-89.7198
-89.6072
-89.5014
-89.4022
-89.3092
-89.2219
-89.1402
-89.0638
-88.9922
-88.9254
-88.8629
-88.8046
-88.7503
-88.6997
-88.6526
-88.6089
-88.5684
-88.5308
-88.4961
-88.4641
-88.4346
-88.4075
-88.3826
-88.3599
-88.3392
-88.3204
-88.3034
-88.288
-88.2743
-88.2621
-88.2513
-88.2418
-88.2336
-88.2265
-88.2206
-88.2156
-88.2117
-88.2086
-88.2064
-88.205
-88.2043
-88.2043
-88.2049
-88.2061
-88.2079
-88.2102
-88.2129
-88.216
-88.2195
-88.2234
-88.2275
-88.232
-88.2367
-88.2417
-88.2468
-88.2521
-88.2575
-88.2631
-88.2688
-88.2745
-88.2803
-88.2862
-88.292
-88.2979
-88.3037
-88.3096
-88.3153
-88.3211
-88.3267
-88.3323
-88.3377
-88.3431
-88.3483
-88.3535
-88.3584
-88.3633
-88.3679
-88.3724
-88.3768
-88.3809
-88.3849
-88.3887
-88.3923
-88.3957
-88.3988
-88.4018
-88.4046
-88.4071
-88.4094
-88.4115
-88.4133
-88.4149
-88.4163
-88.4174
-88.4183
-88.419
-88.4194
-88.4195
-88.4194
-88.4191
-88.4185
-88.4177
-88.4166
-88.4152
-88.4136
-88.4117
-88.4096
-88.4073
-88.4046
-88.4018
-88.3986
-88.3952
-88.3916
-88.3877
-88.3836
-88.3792
-88.3745
-88.3696
-88.3645
-88.3591
-88.3534
-88.3475
-88.3414
-88.335
-88.3284
-88.3215
-88.3144
-88.307
-88.2994
-88.2916
-88.2835
-88.2752
-88.2667
-88.2579
-88.2489
-88.2397
-88.2303
-88.2206
-88.2107
-88.2005
-88.1902
-88.1796
-88.1688
-88.1578
-88.1466
-88.1352
-88.1235
-88.1117
-88.0996
-88.0873
-88.0748
-88.0621
-88.0493
-88.0362
-88.0229
-88.0094
-87.9957
-87.9818
-87.9677
-87.9534
-87.939
-87.9243
-87.9095
-87.8944

