-70
-52.483
38.4485
49.6095
45.8771
32.9706
11.4642
-4.09216
-15.2012
-26.1688
-35.7654
-54.9516
-90.1328
-94.8702
-94.9619
-94.95
-94.9035
-94.8045
-94.6171
-94.297
-93.8118
-93.1586
-92.3613
-91.4533
-90.4632
-89.4081
-88.2933
-87.1144
-85.8581
-84.5014
-83.0083
-81.3208
-79.339
-76.8684
-73.4554
-67.6604
-51.2614
38.0224
49.5789
45.4326
31.1941
8.71448
-6.02054
-16.9658
-28.0668
-38.6222
-62.0121
-93.0072
-94.913
-94.9569
-94.9346
-94.8716
-94.7445
-94.5147
-94.1418
-93.604
-92.9087
-92.0854
-91.1686
-90.1859
-89.1541
-88.0792
-86.9584
-85.7814
-84.53
-83.1759
-81.6748
-79.9539
-77.8808
-75.1783
-71.1177
-62.8392
-26.2414
48.5594
49.2838
43.8767
27.5901
5.30602
-8.18236
-18.8898
-29.9858
-42.1627
-70.7368
-94.2297
-94.9413
-94.9547
-94.922
-94.8434
-94.6886
-94.4141
-93.982
-93.3819
-92.636
-91.7836
-90.8627
-89.9003
-88.9108
-87.8987
-86.8603
-85.7864
-84.6619
-83.4646
-82.1617
-80.7027
-79.0027
-76.9023
-74.0503
-69.4411
-58.4356
4.19787
49.9769
49.1259
42.3605
23.7429
1.86923
-10.7406
-21.4196
-32.3617
-47.0633
-80.8005
-94.6561
-94.9501
-94.9471
-94.9025
-94.8048
-94.6198
-94.3048
-93.8297
-93.1956
-92.4334
-91.5854
-90.6884
-89.7672
-88.8344
-87.8934
-86.9412
-85.9701
-84.9683
-83.9193
-82.8002
-81.5779
-80.2011
-78.5836
-76.5629
-73.7787
-69.1879
-57.8995
7.62435
49.9751
48.9764
41.7351
22.6868
1.29961
-11.135
-21.8469
-32.7262
-47.8591
-82.1349
-94.6921
-94.951
-94.946
-94.8997
-94.7993
-94.6103
-94.291
-93.8132
-93.181
-92.4275
-91.5965
-90.7257
-89.8402
-88.953
-88.068
-87.1831
-86.2922
-85.3862
-84.4527
-83.4754
-82.4322
-81.2913
-80.0042
-78.4898
-76.5977
-73.9992
-69.7771
-59.9151
-6.37607
49.9598
49.429
44.1073
27.6395
4.99616
-8.48787
-19.1971
-30.3042
-42.7969
-72.1742
-94.3113
-94.9411
-94.9509
-94.9139
-94.8277
-94.6602
-94.3685
-93.9196
-93.3119
-92.5776
-91.763
-90.9096
-90.0459
-89.1869
-88.3381
-87.4986
-86.6635
-85.8253
-84.9743
-84.0982
-83.1812
-82.2023
-81.1316
-79.9239
-78.5044
-76.7367
-74.3306
-70.5094
-62.146
-22.258
49.4194
49.3673
44.3118
28.7362
6.52216
-7.31804
-18.0903
-29.1872
-40.6356
-67.0558
-93.8949
-94.9327
-94.9541
-94.9231
-94.8463
-94.694
-94.4232
-93.9973
-93.4099
-92.6906
-91.8869
-91.0432
-90.1907
-89.3463
-88.5168
-87.7022
-86.8984
-86.0987
-85.2948
-84.4762
-83.6302
-82.7403
-81.7846
-80.7312
-79.5317
-78.1044
-76.2971
-73.7755
-69.5966
-59.5812
-3.94656
49.9663
49.4058
44.0058
27.5135
4.99321
-8.46073
-19.1634
-30.2648
-42.7137
-71.9837
-94.2997
-94.9405
-94.9502
-94.9125
-94.8248
-94.6548
-94.3593
-93.9053
-93.293
-92.5569
-91.7457
-90.903
-90.0582
-89.227
-88.415
-87.6218
-86.843
-86.072
-85.3009
-84.5199
-83.7176
-82.8793
-81.9859
-81.0107
-79.9142
-78.6327
-77.0528
-74.9445
-71.7368
-65.4364
-42.5951
47.5258
49.4217
44.819
30.2889
8.41455
-5.98384
-16.8613
-27.916
-38.3251
-61.2849
-92.8682
-94.913
-94.9557
-94.9309
-94.863
-94.7257
-94.4774
-94.0793
-93.5192
-92.8217
-92.0333
-91.2006
-90.3582
-89.5264
-88.7143
-87.9234
-87.1509
-86.3912
-85.6372
-84.8804
-84.1106
-83.3156
-82.4798
-81.5823
-80.5935
-79.4685
-78.1327
-76.449
-74.1249
-70.3727
-62.0001
-21.3069
49.532
49.3926
44.4663
29.1757
7.02904
-6.95942
-17.7593
-28.8497
-40.0076
-65.5028
-93.6963
-94.928
-94.9532
-94.9225
-94.845
-94.6907
-94.4153
-93.9806
-93.3807
-92.6478
-91.8333
-90.985
-90.1358
-89.3038
-88.4959
-87.7122
-86.9487
-86.1993
-85.4562
-84.7108
-83.9528
-83.1696
-82.3458
-81.4604
-80.4837
-79.3706
-78.0463
-76.3729
-74.0553
-70.297
-61.8521
-20.3735
49.6197
49.4013
44.4798
29.1691
6.9891
-6.9955
-17.7949
-28.8877
-40.0791
-65.6801
-93.7199
-94.9281
-94.9526
-94.921
-94.842
-94.6849
-94.4048
-93.9636
-93.356
-92.6154
-91.794
-90.9403
-90.0875
-89.2538
-88.446
-87.6641
-86.904
-86.1594
-85.4228
-84.6854
-83.937
-83.1657
-82.3561
-81.4883
-80.5337
-79.4499
-78.1668
-76.5573
-74.355
-70.865
-63.434
-31.0738
48.7131
49.3399
44.3988
29.302
7.4181
-6.62338
-17.4312
-28.4998
-39.3585
-63.8857
-93.4435
-94.9235
-94.9538
-94.9245
-94.8491
-94.698
-94.4265
-93.9945
-93.3939
-92.656
-91.8331
-90.9748
-90.1161
-89.2762
-88.463
-87.6767
-86.9135
-86.1673
-85.4305
-84.6944
-83.9489
-83.1822
-82.3792
-81.5206
-80.5787
-79.5125
-78.2553
-76.6871
-74.5598
-71.2414
-64.4212
-37.1618
48.5665
49.3667
44.5594
29.739
7.91994
-6.27702
-17.1146
-28.1718
-38.7702
-62.4059
-93.146
-94.9178
-94.9541
-94.9263
-94.8529
-94.705
-94.4381
-94.0114
-93.4149
-92.6783
-91.8533
-90.9905
-90.1258
-89.2797
-88.4604
-87.6689
-86.9015
-86.152
-85.413
-84.6757
-83.9301
-83.1642
-82.3633
-81.5079
-80.5707
-79.5112
-78.2636
-76.7101
-74.6082
-71.3444
-64.7055
-38.8634
48.371
49.3818
44.6381
29.9235
8.10677
-6.15712
-17.0078
-28.0622
-38.5768
-61.9191
-93.0322
-94.9155
-94.9538
-94.9262
-94.8528
-94.7047
-94.4372
-94.009
-93.4096
-92.6685
-91.838
-90.969
-90.0981
-89.2461
-88.4217
-87.6258
-86.8547
-86.1023
-85.3609
-84.6219
-83.8749
-83.1079
-82.306
-81.4494
-80.5106
-79.4486
-78.1967
-76.6346
-74.5141
-71.2025
-64.385
-37.0808
48.5666
49.3648
44.5484
29.709
7.88496
-6.30108
-17.1365
-28.1947
-38.8108
-62.5083
-93.1685
-94.9179
-94.9533
-94.9246
-94.8494
-94.6979
-94.4246
-93.988
-93.3784
-92.6268
-91.7866
-90.9093
-90.0316
-89.1741
-88.3454
-87.5459
-86.7717
-86.0167
-85.2729
-84.5313
-83.7815
-83.0111
-82.2046
-81.342
-80.3946
-79.3198
-78.0471
-76.4494
-74.2589
-70.7762
-63.3218
-30.6099
48.6873
49.3379
44.3851
29.2586
7.36284
-6.66346
-17.4685
-28.5385
-39.4289
-64.0617
-93.4744
-94.9234
-94.9523
-94.9211
-94.8419
-94.6834
-94.3985
-93.9462
-93.3188
-92.5504
-91.6965
-90.809
-89.9242
-89.062
-88.23
-87.4281
-86.6519
-85.8948
-85.1486
-84.4039
-83.65
-82.8741
-82.0601
-81.1868
-80.224
-79.1257
-77.816
-76.154
-73.8361
-70.0339
-61.3046
-16.9123
49.8137
49.4328
44.5227
29.1193
6.80789
-7.15387
-17.95
-29.052
-40.388
-66.441
-93.8165
-94.9286
-94.9495
-94.9141
-94.8275
-94.6561
-94.3521
-93.8758
-93.2247
-92.4369
-91.5697
-90.6747
-89.7867
-88.924
-88.0932
-87.2932
-86.5193
-85.7644
-85.0201
-84.2768
-83.5235
-82.747
-81.9308
-81.0529
-80.0819
-78.9697
-77.6356
-75.9282
-73.5147
-69.4565
-59.6049
-4.74496
49.9624
49.4218
44.1314
27.8524
5.33711
-8.21507
-18.9358
-30.0422
-42.2766
-70.9718
-94.2327
-94.9368
-94.9461
-94.9042
-94.8076
-94.62
-94.2935
-93.7924
-93.1196
-92.3168
-91.4416
-90.5439
-89.6565
-88.7965
-87.9692
-87.1733
-86.4036
-85.6527
-84.9122
-84.1724
-83.422
-82.6478
-81.833
-80.9552
-79.9822
-78.8644
-77.5183
-75.7862
-73.3166
-69.098
-58.4857
3.10718
49.974
49.2266
43.052
25.511
3.44014
-9.52261
-20.1334
-31.1728
-44.534
-75.9867
-94.5008
-94.9435
-94.943
-94.8953
-94.7896
-94.5879
-94.2426
-93.7217
-93.0325
-92.2192
-91.3388
-90.44
-89.5538
-88.6963
-87.8721
-87.0794
-86.3129
-85.5652
-84.8276
-84.0904
-83.3423
-82.5698
-81.7559
-80.8776
-79.9025
-78.7796
-77.4229
-75.6687
-73.1486
-68.7846
-57.4548
9.97805
49.9702
48.8871
41.5356
22.6713
1.5659
-10.8645
-21.5255
-32.426
-47.1885
-81.047
-94.6671
-94.9477
-94.9397
-94.8863
-94.7718
-94.5565
-94.1938
-93.655
-92.9513
-92.1289
-91.2444
-90.3446
-89.4595
-88.6039
-87.7819
-86.9915
-86.2271
-85.4812
-84.745
-84.0086
-83.2606
-82.4874
-81.6715
-80.7895
-79.8078
-78.6736
-77.2973
-75.5061
-72.9054
-68.3097
-55.7935
19.8521
49.9171
47.9839
38.3463
17.6824
-1.11841
-12.8841
-23.7288
-34.1989
-51.1991
-86.7156
-94.7963
-94.9507
-94.935
-94.8746
-94.7488
-94.5162
-94.1315
-93.5709
-92.8505
-92.0183
-91.1298
-90.23
-89.3467
-88.4934
-87.6738
-86.8852
-86.1219
-85.3762
-84.6393
-83.9011
-83.1499
-82.3716
-81.5483
-80.6552
-79.6569
-78.497
-77.0781
-75.2091
-72.4406
-67.3514
-52.0861
35.3243
49.6672
46.1272
33.3351
11.5446
-4.19213
-15.3337
-26.3334
-35.8809
-55.2326
-90.2841
-94.8656
-94.9523
-94.9305
-94.8633
-94.7253
-94.473
-94.0619
-93.4738
-92.731
-91.8845
-90.9892
-90.0875
-89.2051
-88.3536
-87.5355
-86.7476
-85.9839
-85.2365
-84.4963
-83.7527
-82.9938
-82.2046
-81.366
-80.4515
-79.4218
-78.2142
-76.7172
-74.7045
-71.6157
-65.5094
-43.536
47.0955
49.4361
44.9084
30.5221
8.67726
-5.81151
-16.7066
-27.7548
-38.0443
-60.5788
-92.6715
-94.9076
-94.9519
-94.9233
-94.8468
-94.6922
-94.4124
-93.9639
-93.3356
-92.5588
-91.6891
-90.7814
-89.8749
-88.9921
-88.1419
-87.3251
-86.5376
-85.7725
-85.0216
-84.2752
-83.5224
-82.75
-81.9419
-81.0768
-80.1248
-79.0401
-77.7473
-76.1073
-73.8202
-70.072
-61.5115
-18.5883
49.7342
49.4139
44.4793
29.0799
6.82306
-7.12812
-17.9218
-29.0203
-40.3269
-66.2928
-93.7994
-94.9277
-94.9481
-94.9111
-94.8211
-94.6429
-94.3263
-93.8304
-93.1528
-92.335
-91.4375
-90.5145
-89.6024
-88.7196
-87.8724
-87.0594
-86.2751
-85.5118
-84.7604
-84.0106
-83.2506
-82.4665
-81.6403
-80.7484
-79.7561
-78.6098
-77.2174
-75.4011
-72.7509
-68.017
-54.7728
24.9199
49.8512
47.3475
36.4455
15.113
-2.40612
-13.8984
-24.8215
-34.9646
-53.0116
-88.5444
-94.8314
-94.9508
-94.9317
-94.867
-94.7336
-94.4886
-94.0864
-93.5051
-92.7636
-91.9116
-91.0057
-90.0903
-89.193
-88.3269
-87.4948
-86.694
-85.9181
-85.159
-84.4074
-83.6523
-82.881
-82.0781
-81.2233
-80.2882
-79.2309
-77.983
-76.4209
-74.287
-70.9171
-63.8282
-34.1202
48.6921
49.3392
44.3991
29.3112
7.43585
-6.6091
-17.4175
-28.4852
-39.3319
-63.819
-93.4309
-94.9217
-94.9503
-94.917
-94.8333
-94.6656
-94.3643
-93.8863
-93.2245
-92.4163
-91.5214
-90.5953
-89.6761
-88.7843
-87.9274
-87.1047
-86.3111
-85.5391
-84.7795
-84.0222
-83.2552
-82.4643
-81.6315
-80.7328
-79.7331
-78.578
-77.1738
-75.3388
-72.652
-67.8161
-54.0168
28.2865
49.7949
46.9199
35.289
13.7013
-3.10476
-14.4554
-25.4133
-35.3439
-53.9253
-89.3222
-94.8463
-94.951
-94.9302
-94.8636
-94.7265
-94.4754
-94.0644
-93.4727
-92.7207
-91.8595
-90.9456
-90.0235
-89.1204
-88.2488
-87.4113
-86.605
-85.8232
-85.0577
-84.2987
-83.535
-82.7534
-81.9374
-81.0656
-80.1078
-79.0181
-77.7209
-76.0765
-73.784
-70.0249
-61.4231
-18.1254
49.7572
49.4154
44.4614
28.9983
6.70727
-7.21493
-18.0034
-29.1044
-40.4847
-66.6812
-93.8469
-94.9283
-94.9471
-94.9088
-94.8162
-94.6332
-94.3087
-93.8016
-93.1107
-92.2787
-91.3676
-90.4321
-89.5085
-88.6154
-87.7586
-86.9366
-86.1436
-85.3713
-84.6103
-83.85
-83.078
-82.2793
-81.4348
-80.5185
-79.4924
-78.2962
-76.8235
-74.862
-71.8958
-66.199
-47.1065
44.5558
49.4932
45.1806
31.0889
9.17643
-5.53641
-16.476
-27.5225
-37.6524
-59.5977
-92.3575
-94.9011
-94.9509
-94.9225
-94.8457
-94.6904
-94.4095
-93.9592
-93.3268
-92.5422
-91.6607
-90.7379
-89.8145
-88.9142
-88.0468
-87.2134
-86.4099
-85.6293
-84.8629
-84.1006
-83.3306
-82.5391
-81.7084
-80.8151
-79.8256
-78.6879
-77.3137
-75.5337
-72.9643
-68.464
-56.4451
15.9607
49.9477
48.3889
39.6544
19.5625
-0.190623
-12.1816
-22.9695
-33.6252
-49.8722
-85.094
-94.7618
-94.9487
-94.9341
-94.8733
-94.7458
-94.5088
-94.1147
-93.5371
-92.7921
-91.9298
-91.0088
-90.0766
-89.1627
-88.281
-87.4349
-86.6213
-85.8338
-85.0639
-84.3017
-83.5361
-82.7535
-81.9377
-81.0673
-80.1123
-79.0274
-77.7378
-76.1064
-73.8388
-70.1411
-61.7836
-20.7542
49.5667
49.3864
44.3962
28.9401
6.73084
-7.17598
-17.9609
-29.0568
-40.3926
-66.4571
-93.8219
-94.9279
-94.9472
-94.9089
-94.8165
-94.6335
-94.3085
-93.8
-93.1063
-92.2701
-91.3539
-90.4129
-89.484
-88.586
-87.7248
-86.8989
-86.1022
-85.3266
-84.5626
-83.7991
-83.0238
-82.2212
-81.3719
-80.4497
-79.4151
-78.206
-76.712
-74.7105
-71.6525
-65.6532
-44.4545
46.5987
49.4435
44.926
30.509
8.60281
-5.87918
-16.7733
-27.8279
-38.174
-60.9039
-92.7607
-94.9083
-94.9505
-94.9202
-94.8404
-94.6798
-94.3899
-93.9267
-93.2795
-92.4807
-91.5876
-90.6563
-89.7271
-88.8227
-87.9524
-87.1166
-86.3107
-85.5274
-84.7579
-83.9916
-83.2164
-82.4179
-81.5778
-80.6714
-79.6631
-78.4971
-77.0768
-75.2141
-72.4681
-67.4554
-52.645
33.4001
49.6993
46.3001
33.711
11.8934
-4.0358
-15.2143
-26.2134
-35.8183
-55.0792
-90.1739
-94.8623
-94.9508
-94.9278
-94.858
-94.7148
-94.453
-94.0266
-93.4163
-92.6455
-91.7675
-90.8397
-89.9064
-88.994
-88.1143
-87.2697
-86.4563
-85.6675
-84.8944
-84.1267
-83.3529
-82.5589
-81.7271
-80.8343
-79.8472
-78.7147
-77.3501
-75.5882
-73.0573
-68.6643
-57.1817
11.3844
49.9667
48.7783
41.0763
21.8335
1.03512
-11.2658
-21.9695
-32.8106
-48.0364
-82.4381
-94.7012
-94.947
-94.9356
-94.8773
-94.7534
-94.5215
-94.1323
-93.5575
-92.8113
-91.944
-91.0156
-90.075
-89.1529
-88.2637
-87.4109
-86.5915
-85.799
-85.0246
-84.2583
-83.4887
-82.702
-81.8818
-81.0062
-80.0443
-78.9499
-77.646
-75.9896
-73.6727
-69.848
-60.9629
-15.0062
49.8649
49.4413
44.479
28.8822
6.45611
-7.42091
-18.2018
-29.3113
-40.8769
-67.6404
-93.9524
-94.9297
-94.9454
-94.9046
-94.8076
-94.617
-94.2808
-93.7585
-93.0509
-92.2031
-91.278
-90.331
-89.3982
-88.4977
-87.635
-86.808
-86.0105
-85.234
-84.4688
-83.7037
-82.9258
-82.1195
-81.2649
-80.3342
-79.2868
-78.057
-76.5273
-74.457
-71.2365
-64.677
-39.2685
48.2569
49.3725
44.5626
29.6744
7.77813
-6.39384
-17.2271
-28.2923
-38.9878
-62.9516
-93.2592
-94.9177
-94.9496
-94.9164
-94.8323
-94.6636
-94.3605
-93.8789
-93.2107
-92.3927
-91.4848
-90.5436
-89.6088
-88.7017
-87.8303
-86.9942
-86.1881
-85.4044
-84.6336
-83.8648
-83.0857
-82.2813
-81.4323
-80.5127
-79.4844
-78.287
-76.8145
-74.8549
-71.8935
-66.2101
-47.1957
44.4515
49.4949
45.1895
31.1091
9.19656
-5.52464
-16.4659
-27.5121
-37.6348
-59.5536
-92.3427
-94.9006
-94.9504
-94.9215
-94.8434
-94.6856
-94.4001
-93.9423
-93.2995
-92.5024
-91.6075
-90.6716
-89.7361
-88.8247
-87.9473
-87.1047
-86.2926
-85.5037
-84.7289
-83.9576
-83.1775
-82.374
-81.5285
-80.6157
-79.5993
-78.4218
-76.9838
-75.0897
-72.2757
-67.0572
-51.024
38.0414
49.6126
45.8057
32.5236
10.6225
-4.71929
-15.7827
-26.8065
-36.4692
-56.6684
-91.116
-94.8789
-94.9506
-94.9252
-94.8519
-94.7025
-94.4306
-93.9903
-93.3649
-92.5806
-91.6922
-90.7572
-89.819
-88.903
-88.0206
-87.1731
-86.3569
-85.5646
-84.7874
-84.0148
-83.2346
-82.4323
-81.5896
-80.682
-79.6739
-78.5102
-77.0954
-75.2441
-72.5242
-67.5902
-53.2313
31.2699
49.7385
46.5377
34.2876
12.5158
-3.72082
-14.9592
-25.9471
-35.6671
-54.7107
-89.914
-94.857
-94.9503
-94.9275
-94.8574
-94.7138
-94.4511
-94.0228
-93.4091
-92.6332
-91.7487
-90.8137
-89.8731
-88.9537
-88.0676
-87.217
-86.3981
-85.604
-84.8256
-84.0526
-83.273
-82.4723
-81.6323
-80.7291
-79.7279
-78.5748
-77.1775
-75.3582
-72.7068
-67.9727
-54.7229
24.9541
49.8494
47.3269
36.3651
14.9761
-2.49358
-13.9742
-24.9053
-35.0224
-53.1503
-88.6647
-94.8329
-94.9496
-94.929
-94.8615
-94.7222
-94.4665
-94.0471
-93.4422
-92.6726
-91.791
-90.8561
-89.9138
-88.992
-88.1036
-87.251
-86.4307
-85.6358
-84.8574
-84.085
-83.3068
-82.5085
-81.6721
-80.774
-79.7802
-78.6382
-77.2589
-75.4714
-72.8863
-68.3408
-56.0837
17.869
49.9338
48.1813
38.9355
18.4515
-0.784281
-12.6422
-23.4729
-34.0145
-50.7716
-86.2137
-94.7844
-94.9485
-94.9316
-94.8677
-94.7345
-94.4882
-94.0805
-93.4864
-92.7241
-91.8454
-90.91
-89.9653
-89.0406
-88.1495
-87.2949
-86.4734
-85.6782
-84.9003
-84.1294
-83.3536
-82.559
-81.728
-80.8373
-79.8543
-78.7282
-77.3739
-75.6297
-73.1339
-68.8348
-57.803
7.2536
49.9729
49.0334
42.1237
23.6617
2.12389
-10.4742
-21.101
-32.0556
-46.3898
-79.6283
-94.6257
-94.9448
-94.9368
-94.8807
-94.7599
-94.5321
-94.1469
-93.5736
-92.8249
-91.9514
-91.0148
-90.0656
-89.1354
-88.2394
-87.381
-86.5572
-85.7611
-84.984
-84.2156
-83.4441
-82.6558
-81.8339
-80.9562
-79.9915
-78.8926
-77.5809
-75.9104
-73.563
-69.6565
-60.4149
-11.116
49.9252
49.4704
44.5042
28.7676
6.19545
-7.63639
-18.4098
-29.5268
-41.2896
-68.6376
-94.0477
-94.931
-94.9438
-94.9007
-94.7998
-94.6024
-94.2562
-93.7215
-93.0011
-92.1419
-91.2077
-90.254
-89.3164
-88.4126
-87.5476
-86.719
-85.9202
-85.1425
-84.3759
-83.6089
-82.8284
-82.0184
-81.1581
-80.2189
-79.1582
-77.9069
-76.3395
-74.1947
-70.7938
-63.5774
-32.7684
48.6853
49.3264
44.3111
29.0502
7.12083
-6.83391
-17.6254
-28.7002
-39.7237
-64.7982
-93.595
-94.9241
-94.9484
-94.9122
-94.8233
-94.6461
-94.3292
-93.8288
-93.1398
-92.3028
-91.3803
-90.4295
-89.4889
-88.5788
-87.7062
-86.8698
-86.0636
-85.2795
-84.5076
-83.7369
-82.9542
-82.1442
-81.2866
-80.3541
-79.306
-78.077
-76.5506
-74.4882
-71.2883
-64.8018
-39.9631
48.1359
49.3806
44.6059
29.7785
7.88555
-6.32365
-17.1641
-28.2277
-38.8732
-62.664
-93.1985
-94.9164
-94.9494
-94.9162
-94.8317
-94.6624
-94.3577
-93.873
-93.1999
-92.3753
-91.4598
-90.5108
-89.5682
-88.6537
-87.7753
-86.9325
-86.1201
-85.3299
-84.5523
-83.7764
-82.9891
-82.1749
-81.3137
-80.3782
-79.3279
-78.0977
-76.5719
-74.5139
-71.3288
-64.9007
-40.5257
48.0199
49.387
44.6373
29.8486
7.95193
-6.28252
-17.128
-28.191
-38.8084
-62.5005
-93.1623
-94.9157
-94.9494
-94.9164
-94.8322
-94.6632
-94.3592
-93.8752
-93.2027
-92.3782
-91.462
-90.5115
-89.5669
-88.6499
-87.7687
-86.9229
-86.1072
-85.3136
-84.5323
-83.7524
-82.9605
-82.141
-81.2735
-80.33
-79.269
-78.0235
-76.4736
-74.3715
-71.0854
-64.3073
-37.1795
48.5132
49.3519
44.4557
29.4241
7.52808
-6.55564
-17.3717
-28.44
-39.2517
-63.6152
-93.3912
-94.9202
-94.949
-94.9145
-94.828
-94.6551
-94.3446
-93.8521
-93.1703
-92.3376
-91.4154
-90.4609
-89.5139
-88.5954
-87.7131
-86.8662
-86.049
-85.2534
-84.4694
-83.6857
-82.8888
-82.0627
-81.1862
-80.2302
-79.1513
-77.8786
-76.2834
-74.0956
-70.6053
-63.0777
-29.6087
48.5996
49.3247
44.2837
28.9364
6.95823
-6.95695
-17.7413
-28.8209
-39.9466
-65.3545
-93.6789
-94.9255
-94.9479
-94.9108
-94.8202
-94.64
-94.3181
-93.8107
-93.1136
-92.2681
-91.3371
-90.3779
-89.4289
-88.5102
-87.6283
-86.7818
-85.9646
-85.1683
-84.3826
-83.5959
-82.7945
-81.9616
-81.0753
-80.1053
-79.0053
-77.6997
-76.0484
-73.7506
-69.9873
-61.3798
-18.0505
49.758
49.4092
44.4072
28.8272
6.49982
-7.36442
-18.1422
-29.2458
-40.7497
-67.3318
-93.9213
-94.9292
-94.9455
-94.9048
-94.8079
-94.6171
-94.2796
-93.7539
-93.0399
-92.1823
-91.2449
-90.2839
-89.3362
-88.4204
-87.5422
-86.6994
-85.8858
-85.0923
-84.3089
-83.5236
-82.7225
-81.8887
-80.9998
-80.0246
-78.9156
-77.5942
-75.9139
-73.5559
-69.6351
-60.3541
-10.7191
49.9289
49.4708
44.4863
28.6936
6.09641
-7.71036
-18.4792
-29.5971
-41.4244
-68.9595
-94.0762
-94.9315
-94.9434
-94.8998
-94.798
-94.599
-94.2503
-93.7125
-92.9885
-92.125
-91.1859
-90.2262
-89.2817
-88.3702
-87.4967
-86.6588
-85.8499
-85.0612
-84.2825
-83.5018
-82.7053
-81.8762
-80.9923
-80.0224
-78.9196
-77.6058
-75.936
-73.5958
-69.7158
-60.5999
-12.484
49.9089
49.4583
44.4741
28.7376
6.20078
-7.62338
-18.3951
-29.5102
-41.2566
-68.5583
-94.041
-94.9309
-94.9439
-94.901
-94.8003
-94.6033
-94.2574
-93.7227
-93.0016
-92.1406
-91.2035
-90.2456
-89.303
-88.3933
-87.522
-86.6866
-85.8806
-85.0952
-84.3202
-83.5441
-82.7532
-81.931
-81.0558
-80.0975
-79.0109
-77.7215
-76.0923
-73.8304
-70.1461
-61.8374
-21.2446
49.5084
49.3762
44.3473
28.8161
6.59908
-7.26694
-18.0441
-29.141
-40.5495
-66.8438
-93.8683
-94.9285
-94.9462
-94.9064
-94.8113
-94.6233
-94.2902
-93.7698
-93.0613
-92.2088
-91.2759
-90.3191
-89.3754
-88.4639
-87.5903
-86.7528
-85.945
-85.1583
-84.3827
-83.6067
-82.8168
-81.9968
-81.1255
-80.1736
-79.0971
-77.824
-76.2235
-74.0191
-70.4788
-62.7428
-27.3792
48.4218
49.3307
44.2939
28.9051
6.87146
-7.0315
-17.8141
-28.8981
-40.0914
-65.7149
-93.7287
-94.9263
-94.9475
-94.9097
-94.8181
-94.636
-94.3114
-93.8009
-93.1012
-92.2546
-91.3242
-90.3672
-89.4214
-88.5067
-87.6295
-86.788
-85.9764
-85.186
-84.4068
-83.6272
-82.8339
-82.0105
-81.1357
-80.1803
-79.0999
-77.8223
-76.216
-74.0027
-70.444
-62.6434
-26.7105
48.3551
49.3338
44.3032
28.9101
6.85932
-7.04471
-17.8277
-28.9129
-40.1196
-65.7844
-93.7379
-94.9264
-94.9474
-94.9095
-94.8175
-94.635
-94.3095
-93.7979
-93.0968
-92.2486
-91.3167
-90.358
-89.4106
-88.4941
-87.6148
-86.7712
-85.9571
-85.1639
-84.3815
-83.5982
-82.8006
-81.9719
-81.0904
-80.1261
-79.0336
-77.738
-76.1023
-73.8327
-70.1368
-61.7949
-20.9169
49.5456
49.38
44.3573
28.8305
6.60595
-7.26437
-18.0424
-29.1397
-40.5475
-66.8385
-93.8675
-94.9284
-94.9462
-94.9064
-94.8112
-94.6232
-94.2897
-93.7686
-93.0588
-92.2044
-91.2691
-90.3091
-89.3618
-88.446
-87.5677
-86.7249
-85.9114
-85.1184
-84.3356
-83.5514
-82.752
-81.9205
-81.0348
-80.0642
-78.9619
-77.6511
-75.9885
-73.6655
-69.8333
-60.9272
-14.7836
49.8688
49.4399
44.4543
28.7939
6.3437
-7.50354
-18.279
-29.3897
-41.0257
-68.002
-93.989
-94.9301
-94.9446
-94.9027
-94.8037
-94.6094
-94.2671
-93.7362
-93.018
-92.1582
-91.2207
-90.2611
-89.3156
-88.4025
-87.5273
-86.6877
-85.8771
-85.087
-84.3069
-83.5252
-82.7281
-81.8986
-81.0147
-80.0455
-78.9443
-77.6337
-75.97
-73.6426
-69.7958
-60.8217
-14.0285
49.8841
49.4461
44.461
28.7748
6.29502
-7.54448
-18.3187
-29.431
-41.1046
-68.1924
-94.0072
-94.9304
-94.9444
-94.9021
-94.8026
-94.6074
-94.2638
-93.7316
-93.0126
-92.1527
-91.2158
-90.2573
-89.3134
-88.4023
-87.5292
-86.6918
-85.8838
-85.0963
-84.3192
-83.5408
-82.7475
-81.9225
-81.0441
-80.0819
-78.9901
-77.6932
-76.0519
-73.7673
-70.0263
-61.489
-18.7721
49.7162
49.4013
44.3906
28.8149
6.51006
-7.35135
-18.1284
-29.2307
-40.7206
-67.261
-93.914
-94.9291
-94.9456
-94.9051
-94.8085
-94.6182
-94.2816
-93.7572
-93.0451
-92.1898
-91.2553
-90.2976
-89.3536
-88.4418
-87.5681
-86.7301
-85.9218
-85.1344
-84.3578
-83.5804
-82.7888
-81.9664
-81.0917
-80.135
-79.0516
-77.7679
-76.1493
-73.9093
-70.2811
-62.1988
-23.6936
49.1254
49.3535
44.3156
28.8387
6.70359
-7.17341
-17.952
-29.0434
-40.3641
-66.3881
-93.8149
-94.9277
-94.9467
-94.9079
-94.8142
-94.6287
-94.2989
-93.7823
-93.077
-92.2262
-91.2936
-90.3357
-89.3902
-88.4763
-87.5999
-86.7594
-85.9486
-85.1588
-84.38
-83.6004
-82.8068
-81.9826
-81.1063
-80.1482
-79.0637
-77.779
-76.1603
-73.9215
-70.2985
-62.2419
-23.9779
49.0649
49.3514
44.3145
28.848
6.72293
-7.15756
-17.9367
-29.0274
-40.334
-66.3142
-93.8059
-94.9276
-94.9468
-94.9081
-94.8146
-94.6294
-94.3001
-93.7839
-93.0787
-92.2277
-91.2944
-90.3355
-89.3888
-88.4733
-87.5954
-86.7531
-85.9403
-85.1483
-84.367
-83.5848
-82.7881
-81.9602
-81.0793
-80.1153
-79.0226
-77.7261
-76.0882
-73.8129
-70.1006
-61.6882
-20.1497
49.6174
49.3877
44.3701
28.8284
6.57625
-7.29217
-18.0701
-29.1692
-40.6036
-66.9757
-93.8829
-94.9287
-94.946
-94.906
-94.8104
-94.6216
-94.287
-93.7647
-93.0539
-92.1989
-91.2634
-90.3038
-89.357
-88.442
-87.5646
-86.7228
-85.9103
-85.1183
-84.3367
-83.5537
-82.7557
-81.9258
-81.042
-80.0736
-78.9743
-77.6675
-76.0113
-73.7
-69.8956
-61.1036
-16.0175
49.8363
49.4286
44.4375
28.808
6.40325
-7.45081
-18.2272
-29.3354
-40.9214
-67.7489
-93.9642
-94.9298
-94.945
-94.9035
-94.8054
-94.6124
-94.2719
-93.7429
-93.0264
-92.1678
-91.2309
-90.2714
-89.3259
-88.4128
-87.5375
-86.6977
-85.8873
-85.0973
-84.3175
-83.5363
-82.7399
-81.9113
-81.0288
-80.0616
-78.9631
-77.6566
-76
-73.6863
-69.8738
-61.0431
-15.5884
49.8484
49.4324
44.4422
28.7987
6.3768
-7.47341
-18.2492
-29.3584
-40.9654
-67.8557
-93.9748
-94.93
-94.9448
-94.9032
-94.8047
-94.6112
-94.27
-93.7404
-93.0234
-92.1648
-91.2283
-90.2696
-89.3252
-88.4133
-87.5394
-86.7013
-85.8925
-85.1044
-84.3266
-83.5477
-82.7539
-81.9285
-81.0498
-80.0874
-78.9955
-77.6986
-76.0577
-73.774
-70.0358
-61.5099
-18.8971
49.7084
49.4001
44.3891
28.8173
6.51745
-7.345
-18.1222
-29.2242
-40.7082
-67.2308
-93.9108
-94.9291
-94.9457
-94.9052
-94.8088
-94.6187
-94.2822
-93.758
-93.0457
-92.1903
-91.2555
-90.2973
-89.3527
-88.4404
-87.5659
-86.7273
-85.9183
-85.1301
-84.3526
-83.5742
-82.7815
-81.9577
-81.0814
-80.1225
-79.0361
-77.7478
-76.1218
-73.8674
-70.2037
-61.9807
-22.177
49.3886
49.3673
44.3353
28.8275
6.64403
-7.22716
-18.005
-29.0997
-40.471
-66.6505
-93.846
-94.9282
-94.9464
-94.9071
-94.8126
-94.6257
-94.2938
-93.7747
-93.067
-92.2145
-91.2808
-90.3225
-89.3768
-88.4629
-87.5867
-86.7463
-85.9354
-85.1455
-84.3664
-83.5865
-82.7923
-81.9671
-81.0894
-80.1292
-79.0415
-77.7519
-76.1246
-73.8688
-70.2033
-61.9762
-22.1406
49.3944
49.3678
44.3371
28.8313
6.64761
-7.22479
-18.0029
-29.0976
-40.467
-66.6407
-93.8449
-94.9281
-94.9464
-94.9071
-94.8126
-94.6257
-94.2939
-93.7747
-93.0668
-92.2138
-91.2796
-90.3205
-89.374
-88.4591
-87.5818
-86.7402
-85.9281
-85.1368
-84.356
-83.5743
-82.7779
-81.9501
-81.0691
-80.1047
-79.0112
-77.7131
-76.0717
-73.7892
-70.0575
-61.5643
-19.2663
49.6847
49.3966
44.3851
28.8259
6.54153
-7.32456
-18.1023
-29.2034
-40.6687
-67.1343
-93.9003
-94.9289
-94.9458
-94.9055
-94.8094
-94.6198
-94.2839
-93.7602
-93.0481
-92.1923
-91.2565
-90.297
-89.3506
-88.4362
-87.5595
-86.7184
-85.9067
-85.1155
-84.3348
-83.5527
-82.7557
-81.9267
-81.0441
-80.077
-78.9794
-77.6747
-76.0217
-73.7162
-69.9253
-61.1876
-16.6058
49.8169
49.423
44.4285
28.8122
6.42895
-7.42755
-18.2043
-29.3112
-40.8749
-67.6365
-93.9529
-94.9296
-94.9451
-94.9039
-94.8062
-94.6138
-94.2741
-93.7461
-93.0304
-92.1723
-91.2356
-90.2763
-89.3309
-88.4178
-87.5425
-86.703
-85.8927
-85.103
-84.3237
-83.5429
-82.7472
-81.9195
-81.0381
-80.0723
-78.9759
-77.6726
-76.0212
-73.7176
-69.9302
-61.2039
-16.7235
49.8125
49.4218
44.4257
28.8097
6.43006
-7.42583
-18.2024
-29.3092
-40.8709
-67.6268
-93.952
-94.9296
-94.9451
-94.9039
-94.8062
-94.6139
-94.2744
-93.7466
-93.0311
-92.1734
-91.2372
-90.2784
-89.3337
-88.4213
-87.547
-86.7083
-85.8991
-85.1106
-84.3326
-83.5534
-82.7595
-81.934
-81.0553
-80.093
-79.0015
-77.7053
-76.0658
-73.7848
-70.0537
-61.5572
-19.2178
49.6874
49.3969
44.384
28.8193
6.53153
-7.33222
-18.1095
-29.2108
-40.6827
-67.1687
-93.9041
-94.929
-94.9458
-94.9054
-94.8092
-94.6195
-94.2835
-93.7597
-93.0478
-92.1924
-91.2574
-90.299
-89.354
-88.4411
-87.5662
-86.727
-85.9174
-85.1287
-84.3506
-83.5716
-82.7781
-81.9534
-81.076
-80.1158
-79.0275
-77.7366
-76.1062
-73.8434
-70.159
-61.8525
-21.2784
49.5038
49.3761
44.3496
28.8253
6.61143
-7.25769
-18.0354
-29.1321
-40.5327
-66.8024
-93.8636
-94.9284
-94.9462
-94.9066
-94.8116
-94.6239
-94.2908
-93.7703
-93.0612
-92.2076
-91.2732
-90.3145
-89.3687
-88.4548
-87.5786
-86.7381
-85.9272
-85.1372
-84.3579
-83.5776
-82.7829
-81.957
-81.0783
-80.1167
-79.0268
-77.7339
-76.1008
-73.8335
-70.1391
-61.7943
-20.8706
49.5485
49.3803
44.3571
28.8269
6.59958
-7.26948
-18.0473
-29.1448
-40.5572
-66.8625
-93.8703
-94.9285
-94.9462
-94.9064
-94.8112
-94.6231
-94.2895
-93.7683
-93.0585
-92.2043
-91.2694
-90.3102
-89.3639
-88.4494
-87.5726
-86.7314
-85.9198
-85.1289
-84.3485
-83.567
-82.7709
-81.9432
-81.0622
-80.0976
-79.0035
-77.7043
-76.0607
-73.7735
-70.0291
-61.4826
-18.6874
49.7214
49.4025
44.3948
28.8235
6.51764
-7.34653
-18.1241
-29.2264
-40.7127
-67.2416
-93.9119
-94.9291
-94.9457
-94.9052
-94.8087
-94.6185
-94.2819
-93.7572
-93.0443
-92.188
-91.252
-90.2925
-89.3465
-88.4325
-87.5562
-86.7156
-85.9045
-85.1139
-84.3337
-83.5523
-82.7559
-81.9277
-81.0458
-80.0798
-78.9833
-77.6803
-76.0298
-73.7287
-69.9483
-61.2533
-17.0658
49.7997
49.4186
44.4211
28.8146
6.44827
-7.40989
-18.1868
-29.2927
-40.8395
-67.5508
-93.9442
-94.9295
-94.9452
-94.9042
-94.8067
-94.6149
-94.2759
-93.7485
-93.0334
-92.1758
-91.2393
-90.2801
-89.3347
-88.4216
-87.5464
-86.7069
-85.8968
-85.1073
-84.3282
-83.5479
-82.7526
-81.9255
-81.0448
-80.0801
-78.9852
-77.6841
-76.0364
-73.74
-69.9706
-61.3187
-17.5296
49.7803
49.4139
44.413
28.8151
6.4654
-7.39376
-18.1707
-29.2757
-40.8068
-67.4717
-93.9361
-94.9294
-94.9454
-94.9045
-94.8073
-94.6158
-94.2775
-93.7509
-93.0366
-92.1795
-91.2435
-90.2847
-89.3396
-88.4269
-87.5522
-86.7132
-85.9037
-85.1149
-84.3366
-83.5572
-82.7631
-81.9375
-81.0587
-80.0965
-79.0051
-77.7093
-76.0704
-73.7909
-70.0638
-61.5837
-19.3982
49.6749
49.3951
44.3812
28.8207
6.53968
-7.32486
-18.1023
-29.2031
-40.6681
-67.1331
-93.9002
-94.9289
-94.9458
-94.9056
-94.8095
-94.6199
-94.2842
-93.7607
-93.0489
-92.1936
-91.2585
-90.2998
-89.3545
-88.4413
-87.566
-86.7265
-85.9166
-85.1274
-84.3489
-83.5694
-82.7753
-81.95
-81.0719
-80.1107
-79.021
-77.7281
-76.0944
-73.8254
-70.1254
-61.7565
-20.6058
49.5747
49.3829
44.3609
28.8244
6.58716
-7.28065
-18.0583
-29.1565
-40.5793
-66.9168
-93.8764
-94.9286
-94.9461
-94.9063
-94.8109
-94.6226
-94.2886
-93.7669
-93.0568
-92.2025
-91.2677
-90.3087
-89.3629
-88.4489
-87.5727
-86.7323
-85.9214
-85.1313
-84.3519
-83.5714
-82.7764
-81.95
-81.0707
-80.1082
-79.0169
-77.7217
-76.0847
-73.8096
-70.0954
-61.6702
-20.0019
49.629
49.3891
44.3718
28.8252
6.56695
-7.30022
-18.0779
-29.1774
-40.6192
-67.0139
-93.8872
-94.9287
-94.946
-94.906
-94.8103
-94.6213
-94.2865
-93.7639
-93.0529
-92.1978
-91.2625
-90.3032
-89.3571
-88.4429
-87.5664
-86.7257
-85.9144
-85.1238
-84.3437
-83.5625
-82.7666
-81.939
-81.0582
-80.0935
-78.9992
-77.6995
-76.0549
-73.7654
-70.0145
-61.4409
-18.3902
49.7381
49.4054
44.3996
28.8219
6.50486
-7.35821
-18.1356
-29.2387
-40.736
-67.2987
-93.918
-94.9292
-94.9456
-94.905
-94.8084
-94.6179
-94.2808
-93.7556
-93.0423
-92.1858
-91.2497
-90.2903
-89.3444
-88.4307
-87.5548
-86.7145
-85.9037
-85.1135
-84.3337
-83.5527
-82.7568
-81.9291
-81.0479
-80.0826
-78.9871
-77.6854
-76.037
-73.7398
-69.9687
-61.3113
-17.473
49.7828
49.4145
44.4144
28.8165
6.4651
-7.39442
-18.1715
-29.2765
-40.8084
-67.4757
-93.9365
-94.9294
-94.9454
-94.9045
-94.8073
-94.6158
-94.2774
-93.7507
-93.0362
-92.1789
-91.2426
-90.2834
-89.338
-88.4249
-87.5497
-86.7102
-85.9002
-85.1108
-84.3318
-83.5516
-82.7566
-81.9298
-81.0497
-80.0856
-78.9917
-77.6921
-76.0469
-73.7554
-69.9983
-61.3967
-18.0787
49.7543
49.4085
44.404
28.8179
6.48859
-7.37253
-18.1497
-29.2535
-40.7642
-67.3676
-93.9252
-94.9293
-94.9455
-94.9048
-94.808
-94.6171
-94.2796
-93.7539
-93.0402
-92.1836
-91.2478
-90.2889
-89.3437
-88.4307
-87.5557
-86.7164
-85.9066
-85.1176
-84.3391
-83.5595
-82.7652
-81.9394
-81.0605
-80.0982
-79.0067
-77.7109
-76.072
-73.7927
-70.0664
-61.5897
-19.4369
49.6721
49.3947
44.3807
28.8214
6.542
-7.32287
-18.1003
-29.2011
-40.6643
-67.1237
-93.8992
-94.9289
-94.9458
-94.9056
-94.8096
-94.6201
-94.2845
-93.7609
-93.0492
-92.1938
-91.2586
-90.2997
-89.3542
-88.4409
-87.5653
-86.7256
-85.9154
-85.126
-84.3471
-83.5673
-82.7729
-81.9471
-81.0684
-80.1065
-79.0158
-77.7213
-76.0851
-73.8112
-70.0991
-61.6811
-20.0778
49.6224
49.3882
44.3701
28.8239
6.56799
-7.29886
-18.0765
-29.1758
-40.6162
-67.0065
-93.8864
-94.9287
-94.946
-94.906
-94.8103
-94.6215
-94.2868
-93.7643
-93.0534
-92.1985
-91.2633
-90.3043
-89.3584
-88.4445
-87.5684
-86.728
-85.9172
-85.1271
-84.3476
-83.567
-82.7719
-81.9453
-81.0655
-80.1024
-79.0102
-77.7135
-76.074
-73.7939
-70.0667
-61.5886
-19.426
49.6731
49.3949
44.3817
28.8239
6.54474
-7.32097
-18.0986
-29.1993
-40.661
-67.1156
-93.8983
-94.9289
-94.9458
-94.9056
-94.8096
-94.6201
-94.2845
-93.761
-93.0492
-92.1935
-91.258
-90.2987
-89.3527
-88.4387
-87.5625
-86.722
-85.911
-85.1207
-84.3409
-83.5599
-82.7642
-81.9368
-81.0561
-80.0915
-78.9973
-77.6975
-76.0526
-73.7623
-70.0092
-61.4255
-18.2791
49.744
49.4065
44.4013
28.8209
6.49962
-7.3629
-18.1403
-29.2435
-40.7453
-67.3214
-93.9204
-94.9292
-94.9456
-94.905
-94.8083
-94.6177
-94.2804
-93.7551
-93.0416
-92.1849
-91.2489
-90.2896
-89.3438
-88.4302
-87.5545
-86.7145
-85.9039
-85.1139
-84.3344
-83.5537
-82.7581
-81.9309
-81.0501
-80.0854
-78.9907
-77.6901
-76.0434
-73.7494
-69.9863
-61.3612
-17.8242
49.7668
49.4111
44.4086
28.818
6.47957
-7.38112
-18.1583
-29.2626
-40.7817
-67.4103
-93.9297
-94.9293
-94.9454
-94.9047
-94.8077
-94.6166
-94.2787
-93.7526
-93.0386
-92.1816
-91.2455
-90.2863
-89.3409
-88.4277
-87.5525
-86.7129
-85.9029
-85.1135
-84.3345
-83.5544
-82.7595
-81.933
-81.0531
-80.0895
-78.9961
-77.6975
-76.0539
-73.7656
-70.0166
-61.448
-18.4402
49.7351
49.4048
44.398
28.8193
6.50345
-7.35883
-18.1361
-29.2391
-40.7367
-67.3005
-93.9182
-94.9292
-94.9456
-94.905
-94.8084
-94.6179
-94.2809
-93.7558
-93.0427
-92.1863
-91.2506
-90.2916
-89.3462
-88.4331
-87.5579
-86.7184
-85.9084
-85.1192
-84.3405
-83.5607
-82.7662
-81.9403
-81.0612
-80.0987
-79.007
-77.7109
-76.0717
-73.7918
-70.0642
-61.5829
-19.3865
49.6757
49.3952
44.3818
28.8219
6.54079
-7.32416
-18.1017
-29.2025
-40.667
-67.1303
-93.8999
-94.9289
-94.9458
-94.9056
-94.8096
-94.62
-94.2843
-93.7607
-93.0489
-92.1934
-91.2581
-90.2991
-89.3535
-88.44
-87.5643
-86.7244
-85.9141
-85.1245
-84.3455
-83.5654
-82.7708
-81.9447
-81.0655
-80.103
-79.0116
-77.7159
-76.0777
-73.8001
-70.0786
-61.6226
-19.6643
49.6555
49.3924
44.3772
28.8234
6.5526
-7.31337
-18.091
-29.1912
-40.6455
-67.0778
-93.8942
-94.9288
-94.9459
-94.9058
-94.8099
-94.6206
-94.2854
-93.7622
-93.0507
-92.1954
-91.26
-90.3009
-89.355
-88.4412
-87.5652
-86.7249
-85.9141
-85.1241
-84.3446
-83.564
-82.7688
-81.942
-81.0621
-80.0986
-79.0058
-77.7083
-76.0671
-73.7839
-70.0486
-61.5371
-19.0633
49.6978
49.3986
44.3879
28.823
6.53053
-7.33418
-18.1117
-29.2133
-40.6876
-67.1804
-93.9053
-94.929
-94.9458
-94.9054
-94.8092
-94.6194
-94.2833
-93.7592
-93.0468
-92.1909
-91.2552
-90.2959
-89.35
-88.4362
-87.5602
-86.7199
-85.9091
-85.119
-84.3393
-83.5586
-82.763
-81.9358
-81.0553
-80.0909
-78.9968
-77.6972
-76.0525
-73.7624
-70.0094
-61.4261
-18.2825
49.7438
49.4065
44.4012
28.8205
6.49923
-7.36316
-18.1405
-29.2438
-40.7458
-67.3225
-93.9205
-94.9292
-94.9456
-94.905
-94.8083
-94.6177
-94.2805
-93.7551
-93.0417
-92.185
-91.249
-90.2897
-89.344
-88.4305
-87.5549
-86.715
-85.9045
-85.1147
-84.3354
-83.5549
-82.7596
-81.9326
-81.0521
-80.0878
-78.9937
-77.694
-76.0487
-73.7573
-70.0008
-61.4021
-18.1132
49.7525
49.4082
44.4038
28.819
6.4913
-7.37028
-18.1475
-29.2512
-40.7599
-67.3571
-93.9241
-94.9293
-94.9455
-94.9049
-94.8081
-94.6173
-94.2798
-93.7542
-93.0405
-92.1838
-91.2478
-90.2887
-89.3432
-88.43
-87.5546
-86.715
-85.9049
-85.1155
-84.3365
-83.5565
-82.7616
-81.9352
-81.0554
-80.092
-78.999
-77.7009
-76.0583
-73.772
-70.0279
-61.4795
-18.6608
49.7225
49.4026
44.3943
28.8203
6.51258
-7.35044
-18.1278
-29.2303
-40.7199
-67.2594
-93.9138
-94.9291
-94.9457
-94.9052
-94.8087
-94.6185
-94.2818
-93.757
-93.0442
-92.188
-91.2523
-90.2933
-89.3478
-88.4345
-87.5591
-86.7195
-85.9093
-85.1199
-84.3411
-83.5611
-82.7665
-81.9404
-81.0612
-80.0984
-79.0065
-77.71
-76.0703
-73.7895
-70.0597
-61.5695
-19.2917
49.6823
49.3962
44.3835
28.8221
6.53763
-7.32721
-18.1047
-29.2058
-40.6732
-67.1455
-93.9016
-94.929
-94.9458
-94.9055
-94.8095
-94.6198
-94.284
-93.7603
-93.0483
-92.1927
-91.2572
-90.2982
-89.3525
-88.4389
-87.5632
-86.7233
-85.9129
-85.1232
-84.344
-83.5638
-82.769
-81.9427
-81.0632
-80.1003
-79.0083
-77.7118
-76.0722
-73.7918
-70.0633
-61.579
-19.3571
49.6778
49.3956
44.3826
28.823
6.54107
-7.32419
-18.1018
-29.2027
-40.6673
-67.131
-93.9
-94.9289
-94.9458
-94.9056
-94.8096
-94.62
-94.2843
-93.7607
-93.0487
-92.1931
-91.2576
-90.2984
-89.3526
-88.4388
-87.5629
-86.7227
-85.912
-85.122
-84.3426
-83.562
-82.7668
-81.94
-81.0599
-80.0963
-79.0032
-77.7052
-76.0631
-73.7781
-70.038
-61.507
-18.8521
49.7111
49.4007
44.3915
28.8223
6.52198
-7.34208
-18.1196
-29.2216
-40.7034
-67.2191
-93.9095
-94.9291
-94.9457
-94.9053
-94.809
-94.6189
-94.2825
-93.7581
-93.0454
-92.1893
-91.2535
-90.2943
-89.3484
-88.4347
-87.5589
-86.7188
-85.9081
-85.1181
-84.3386
-83.558
-82.7626
-81.9356
-81.0552
-80.091
-78.9971
-77.6978
-76.0535
-73.764
-70.0125
-61.4347
-18.3435
49.7405
49.4059
44.4001
28.8205
6.50136
-7.36113
-18.1385
-29.2416
-40.7417
-67.3124
-93.9195
-94.9292
-94.9456
-94.905
-94.8084
-94.6178
-94.2807
-93.7554
-93.0421
-92.1855
-91.2495
-90.2903
-89.3447
-88.4312
-87.5556
-86.7158
-85.9054
-85.1157
-84.3364
-83.556
-82.7609
-81.934
-81.0539
-80.0899
-78.9962
-77.697
-76.0529
-73.7635
-70.012
-61.4338
-18.3374
49.7408
49.4059
44.4
28.8198
6.50033
-7.36193
-18.1392
-29.2424
-40.7431
-67.3161
-93.9198
-94.9292
-94.9456
-94.905
-94.8083
-94.6178
-94.2806
-93.7554
-93.042
-92.1855
-91.2496
-90.2905
-89.345
-88.4317
-87.5563
-86.7166
-85.9064
-85.1169
-84.338
-83.5578
-82.763
-81.9366
-81.0569
-80.0936
-79.0008
-77.7029
-76.0609
-73.7756
-70.0344
-61.4975
-18.7862
49.7151
49.4014
44.3922
28.8209
6.51784
-7.34561
-18.123
-29.2252
-40.7103
-67.2358
-93.9113
-94.9291
-94.9457
-94.9053
-94.8089
-94.6188
-94.2822
-93.7577
-93.045
-92.1889
-91.2533
-90.2942
-89.3486
-88.4352
-87.5597
-86.72
-85.9098
-85.1202
-84.3413
-83.5612
-82.7665
-81.9402
-81.0608
-80.0979
-79.0057
-77.7089
-76.0687
-73.7869
-70.0546
-61.5547
-19.1868
49.6895
49.3973
44.3854
28.822
6.53377
-7.33084
-18.1083
-29.2096
-40.6806
-67.1633
-93.9035
-94.929
-94.9458
-94.9055
-94.8094
-94.6196
-94.2837
-93.7598
-93.0476
-92.1919
-91.2564
-90.2973
-89.3516
-88.438
-87.5622
-86.7222
-85.9118
-85.122
-84.3428
-83.5625
-82.7676
-81.9411
-81.0615
-80.0983
-79.0059
-77.7088
-76.0682
-73.7859
-70.0524
-61.5482
-19.1404
49.6927
49.3978
44.3864
28.8225
6.53272
-7.33198
-18.1095
-29.2109
-40.683
-67.1693
-93.9041
-94.929
-94.9458
-94.9055
-94.8093
-94.6196
-94.2836
-93.7596
-93.0473
-92.1915
-91.2559
-90.2967
-89.3509
-88.4372
-87.5613
-86.7212
-85.9106
-85.1207
-84.3413
-83.5607
-82.7655
-81.9387
-81.0587
-80.0949
-79.0017
-77.7035
-76.061
-73.775
-70.0325
-61.4915
-18.7427
49.7178
49.4018
44.3933
28.8217
6.51738
-7.34629
-18.1237
-29.226
-40.7118
-67.2396
-93.9117
-94.9291
-94.9457
-94.9052
-94.8088
-94.6187
-94.2821
-93.7575
-93.0447
-92.1885
-91.2527
-90.2934
-89.3477
-88.4341
-87.5583
-86.7183
-85.9077
-85.1178
-84.3385
-83.5579
-82.7627
-81.9358
-81.0555
-80.0915
-78.9978
-77.6988
-76.0549
-73.7662
-70.0167
-61.4468
-18.4287
49.7358
49.405
44.3985
28.8205
6.5045
-7.35816
-18.1355
-29.2385
-40.7356
-67.2977
-93.9179
-94.9292
-94.9456
-94.9051
-94.8085
-94.618
-94.281
-93.7559
-93.0427
-92.1862
-91.2503
-90.291
-89.3454
-88.432
-87.5564
-86.7166
-85.9062
-85.1165
-84.3374
-83.5571
-82.762
-81.9353
-81.0552
-80.0914
-78.9981
-77.6994
-76.056
-73.7681
-70.0203
-61.4574
-18.5047
49.7315
49.4042
44.3971
28.8203
6.50701
-7.35574
-18.1331
-29.2359
-40.7307
-67.2857
-93.9166
-94.9292
-94.9456
-94.9051
-94.8085
-94.6182
-94.2813
-93.7563
-93.0432
-92.1868
-91.251
-90.2918
-89.3463
-88.4329
-87.5574
-86.7177
-85.9075
-85.1179
-84.3389
-83.5588
-82.7639
-81.9375
-81.0578
-80.0945
-79.0018
-77.7041
-76.0623
-73.7775
-70.0377
-61.5068
-18.8509
49.7111
49.4007
44.3912
28.8212
6.52062
-7.34309
-18.1205
-29.2226
-40.7052
-67.2235
-93.91
-94.9291
-94.9457
-94.9053
-94.809
-94.6189
-94.2825
-93.7581
-93.0455
-92.1894
-91.2537
-90.2946
-89.349
-88.4356
-87.56
-86.7202
-85.9099
-85.1203
-84.3412
-83.5611
-82.7662
-81.9399
-81.0603
-80.0972
-79.0048
-77.7077
-76.067
-73.7843
-70.0499
-61.5411
-19.0906
49.6959
49.3983
44.3871
28.8221
6.53034
-7.33411
-18.1116
-29.2131
-40.6872
-67.1796
-93.9052
-94.929
-94.9458
-94.9054
-94.8092
-94.6194
-94.2834
-93.7593
-93.047
-92.1912
-91.2556
-90.2964
-89.3507
-88.4371
-87.5614
-86.7214
-85.9109
-85.1211
-84.3419
-83.5616
-82.7666
-81.94
-81.0603
-80.0969
-79.0043
-77.7068
-76.0655
-73.7819
-70.0451
-61.5274
-18.9947
49.7021
49.3993
44.3889
28.8222
6.52702
-7.33728
-18.1148
-29.2165
-40.6937
-67.1953
-93.9069
-94.929
-94.9457
-94.9054
-94.8091
-94.6193
-94.2831
-93.7588
-93.0464
-92.1904
-91.2548
-90.2955
-89.3498
-88.4361
-87.5603
-86.7203
-85.9097
-85.1198
-84.3405
-83.56
-82.7648
-81.938
-81.058
-80.0943
-79.001
-77.7027
-76.06
-73.7737
-70.0302
-61.485
-18.697
49.7205
49.4023
44.394
28.8214
6.51534
-7.34814
-18.1256
-29.2279
-40.7155
-67.2486
-93.9127
-94.9291
-94.9457
-94.9052
-94.8088
-94.6186
-94.282
-93.7573
-93.0444
-92.1882
-91.2524
-90.2931
-89.3474
-88.4338
-87.5581
-86.7182
-85.9077
-85.1179
-84.3386
-83.5581
-82.7629
-81.9361
-81.056
-80.0921
-78.9987
-77.6999
-76.0565
-73.7686
-70.0211
-61.4594
-18.5182
49.7308
49.4041
44.397
28.8207
6.50797
-7.35493
-18.1323
-29.2351
-40.7291
-67.2818
-93.9162
-94.9292
-94.9456
-94.9051
-94.8086
-94.6182
-94.2813
-93.7564
-93.0433
-92.1869
-91.251
-90.2918
-89.3462
-88.4327
-87.5572
-86.7173
-85.907
-85.1173
-84.3382
-83.5579
-82.7628
-81.9362
-81.0563
-80.0926
-78.9995
-77.7011
-76.0583
-73.7714
-70.0264
-61.4746
-18.6249
49.7247
49.403
44.3951
28.8207
6.51188
-7.35124
-18.1286
-29.2312
-40.7216
-67.2636
-93.9143
-94.9291
-94.9457
-94.9052
-94.8087
-94.6184
-94.2817
-93.7569
-93.044
-92.1877
-91.2519
-90.2928
-89.3472
-88.4338
-87.5582
-86.7184
-85.9082
-85.1186
-84.3395
-83.5593
-82.7644
-81.938
-81.0583
-80.095
-79.0023
-77.7046
-76.063
-73.7784
-70.0392
-61.511
-18.8802
49.7093
49.4004
44.3907
28.8214
6.52192
-7.34191
-18.1193
-29.2213
-40.7029
-67.2177
-93.9094
-94.9291
-94.9457
-94.9053
-94.809
-94.619
-94.2826
-93.7582
-93.0457
-92.1896
-91.2539
-90.2948
-89.3492
-88.4357
-87.5601
-86.7202
-85.9098
-85.1202
-84.3411
-83.5608
-82.7659
-81.9395
-81.0598
-80.0966
-79.0041
-77.7067
-76.0656
-73.7822
-70.046
-61.53
-19.0127
49.701
49.3991
44.3885
28.822
6.52739
-7.33687
-18.1144
-29.216
-40.6928
-67.1931
-93.9067
-94.929
-94.9457
-94.9054
-94.8092
-94.6193
-94.2831
-93.7589
-93.0465
-92.1906
-91.255
-90.2958
-89.3501
-88.4365
-87.5607
-86.7207
-85.9103
-85.1205
-84.3412
-83.5609
-82.7659
-81.9393
-81.0594
-80.096
-79.0032
-77.7055
-76.0638
-73.7794
-70.0406
-61.5145
-18.9041
49.7079
49.4002
44.3904
28.8219
6.52342
-7.34062
-18.1181
-29.22
-40.7004
-67.2117
-93.9087
-94.929
-94.9457
-94.9053
-94.809
-94.6191
-94.2827
-93.7584
-93.0458
-92.1898
-91.254
-90.2948
-89.3491
-88.4355
-87.5597
-86.7197
-85.9092
-85.1193
-84.34
-83.5596
-82.7644
-81.9377
-81.0577
-80.094
-79.0008
-77.7025
-76.0598
-73.7735
-70.0299
-61.4841
-18.6911
49.7208
49.4023
44.394
28.8213
6.51498
-7.34845
-18.1259
-29.2282
-40.7161
-67.25
-93.9128
-94.9291
-94.9457
-94.9052
-94.8088
-94.6186
-94.282
-93.7573
-93.0444
-92.1882
-91.2524
-90.2931
-89.3474
-88.4339
-87.5582
-86.7183
-85.9078
-85.1181
-84.3388
-83.5584
-82.7633
-81.9366
-81.0565
-80.0928
-78.9995
-77.701
-76.058
-73.7709
-70.0252
-61.4711
-18.6001
49.7261
49.4033
44.3956
28.8209
6.51119
-7.35193
-18.1293
-29.2319
-40.7231
-67.2671
-93.9147
-94.9291
-94.9456
-94.9052
-94.8087
-94.6184
-94.2816
-93.7568
-93.0438
-92.1875
-91.2517
-90.2925
-89.3468
-88.4334
-87.5578
-86.7179
-85.9076
-85.1179
-84.3388
-83.5585
-82.7635
-81.9369
-81.057
-80.0935
-79.0005
-77.7023
-76.0599
-73.7738
-70.0307
-61.4868
-18.7103
49.7197
49.4021
44.3936
28.8209
6.51523
-7.34811
-18.1255
-29.2279
-40.7153
-67.2482
-93.9126
-94.9291
-94.9457
-94.9052
-94.8088
-94.6186
-94.282
-93.7574
-93.0445
-92.1883
-91.2526
-90.2934
-89.3478
-88.4343
-87.5588
-86.7189
-85.9086
-85.119
-84.3399
-83.5597
-82.7647
-81.9383
-81.0586
-80.0952
-79.0025
-77.7049
-76.0633
-73.7788
-70.0398
-61.5127
-18.8915
49.7086
49.4003
44.3905
28.8215
6.52247
-7.34141
-18.1189
-29.2208
-40.7019
-67.2153
-93.9091
-94.9291
-94.9457
-94.9053
-94.809
-94.619
-94.2827
-93.7583
-93.0457
-92.1897
-91.254
-90.2949
-89.3492
-88.4357
-87.56
-86.7201
-85.9097
-85.12
-84.3409
-83.5606
-82.7657
-81.9392
-81.0595
-80.0962
-79.0035
-77.706
-76.0646
-73.7807
-70.0431
-61.5219
-18.9559
49.7046
49.3997
44.3894
28.8218
6.52516
-7.33894
-18.1164
-29.2182
-40.6969
-67.2033
-93.9078
-94.929
-94.9457
-94.9054
-94.8091
-94.6192
-94.2829
-93.7586
-93.0462
-92.1902
-91.2545
-90.2953
-89.3496
-88.436
-87.5603
-86.7203
-85.9098
-85.12
-84.3408
-83.5604
-82.7654
-81.9388
-81.0589
-80.0954
-79.0026
-77.7047
-76.0628
-73.7779
-70.038
-61.5073
-18.8538
49.711
49.4007
44.3913
28.8218
6.52143
-7.34247
-18.1199
-29.222
-40.7041
-67.2207
-93.9097
-94.9291
-94.9457
-94.9053
-94.809
-94.619
-94.2826
-93.7581
-93.0455
-92.1894
-91.2537
-90.2944
-89.3487
-88.4351
-87.5594
-86.7194
-85.9089
-85.1191
-84.3398
-83.5594
-82.7643
-81.9376
-81.0576
-80.094
-79.0009
-77.7026
-76.0601
-73.7739
-70.0307
-61.4864
-18.7075
49.7199
49.4022
44.3937
28.8212
6.51551
-7.34793
-18.1253
-29.2277
-40.715
-67.2475
-93.9125
-94.9291
-94.9457
-94.9052
-94.8088
-94.6186
-94.282
-93.7574
-93.0445
-92.1883
-91.2525
-90.2933
-89.3476
-88.4341
-87.5584
-86.7185
-85.908
-85.1183
-84.3391
-83.5587
-82.7636
-81.937
-81.057
-80.0934
-79.0002
-77.7019
-76.0592
-73.7728
-70.0288
-61.4812
-18.671
49.722
49.4025
44.3943
28.821
6.51391
-7.34939
-18.1268
-29.2292
-40.7179
-67.2546
-93.9133
-94.9291
-94.9457
-94.9052
-94.8088
-94.6185
-94.2819
-93.7572
-93.0443
-92.188
-91.2522
-90.2931
-89.3474
-88.4339
-87.5583
-86.7185
-85.9081
-85.1184
-84.3393
-83.559
-82.764
-81.9374
-81.0576
-80.0941
-79.0012
-77.7032
-76.061
-73.7755
-70.0338
-61.4955
-18.7711
49.716
49.4015
44.3926
28.8212
6.51777
-7.34579
-18.1232
-29.2254
-40.7107
-67.2369
-93.9114
-94.9291
-94.9457
-94.9053
-94.8089
-94.6188
-94.2822
-93.7577
-93.0449
-92.1888
-91.2531
-90.2939
-89.3482
-88.4348
-87.5591
-86.7193
-85.9089
-85.1192
-84.3401
-83.5599
-82.7649
-81.9384
-81.0587
-80.0954
-79.0026
-77.705
-76.0633
-73.7789
-70.04
-61.5131
-18.8948
49.7084
49.4003
44.3905
28.8216
6.52268
-7.34123
-18.1187
-29.2206
-40.7015
-67.2145
-93.909
-94.9291
-94.9457
-94.9053
-94.809
-94.619
-94.2827
-93.7583
-93.0458
-92.1897
-91.254
-90.2949
-89.3492
-88.4356
-87.56
-86.72
-85.9096
-85.1199
-84.3407
-83.5604
-82.7654
-81.9389
-81.0592
-80.0958
-79.0031
-77.7054
-76.0639
-73.7796
-70.0412
-61.5164
-18.9179
49.707
49.4
44.3901
28.8218
6.52373
-7.34028
-18.1177
-29.2196
-40.6996
-67.2099
-93.9085
-94.929
-94.9457
-94.9053
-94.8091
-94.6191
-94.2828
-93.7585
-93.0459
-92.1899
-91.2542
-90.295
-89.3493
-88.4357
-87.56
-86.72
-85.9095
-85.1198
-84.3405
-83.5602
-82.7651
-81.9385
-81.0586
-80.0951
-79.0022
-77.7043
-76.0623
-73.7772
-70.0368
-61.504
-18.8309
49.7124
49.4009
44.3917
28.8217
6.52048
-7.34334
-18.1208
-29.2229
-40.7058
-67.225
-93.9101
-94.9291
-94.9457
-94.9053
-94.809
-94.6189
-94.2825
-93.758
-93.0453
-92.1892
-91.2535
-90.2943
-89.3486
-88.435
-87.5593
-86.7193
-85.9088
-85.119
-84.3398
-83.5594
-82.7643
-81.9377
-81.0577
-80.0941
-79.0011
-77.7029
-76.0605
-73.7746
-70.032
-61.4904
-18.7354
49.7182
49.4019
44.3933
28.8213
6.51659
-7.34693
-18.1244
-29.2266
-40.713
-67.2425
-93.912
-94.9291
-94.9457
-94.9052
-94.8088
-94.6187
-94.2821
-93.7575
-93.0447
-92.1885
-91.2527
-90.2935
-89.3478
-88.4343
-87.5586
-86.7187
-85.9083
-85.1186
-84.3394
-83.559
-82.764
-81.9373
-81.0574
-80.0939
-79.0008
-77.7027
-76.0603
-73.7744
-70.0317
-61.4897
-18.731
49.7184
49.4019
44.3933
28.8212
6.51626
-7.3472
-18.1246
-29.2269
-40.7135
-67.2438
-93.9122
-94.9291
-94.9457
-94.9052
-94.8088
-94.6187
-94.2821
-93.7575
-93.0447
-92.1885
-91.2527
-90.2935
-89.3479
-88.4344
-87.5587
-86.7189
-85.9085
-85.1188
-84.3396
-83.5594
-82.7644
-81.9378
-81.058
-80.0946
-79.0017
-77.7038
-76.0618
-73.7767
-70.036
-61.5017
-18.8151
49.7133
49.4011
44.3919
28.8214
6.51957
-7.34413
-18.1216
-29.2237
-40.7074
-67.2287
-93.9105
-94.9291
-94.9457
-94.9053
-94.8089
-94.6189
-94.2824
-93.7579
-93.0452
-92.1891
-91.2534
-90.2942
-89.3486
-88.435
-87.5594
-86.7195
-85.9091
-85.1194
-84.3403
-83.56
-82.765
-81.9385
-81.0588
-80.0954
-79.0027
-77.705
-76.0634
-73.7789
-70.04
-61.5133
-18.8962
49.7083
49.4003
44.3905
28.8216
6.52279
-7.34114
-18.1186
-29.2205
-40.7014
-67.2141
-93.909
-94.9291
-94.9457
-94.9053
-94.809
-94.619
-94.2827
-93.7583
-93.0458
-92.1897
-91.254
-90.2949
-89.3492
-88.4356
-87.5599
-86.72
-85.9095
-85.1198
-84.3406
-83.5603
-82.7653
-81.9387
-81.059
-80.0956
-79.0028
-77.7051
-76.0634
-73.779
-70.0401
-61.5133
-18.8964
49.7083
49.4003
44.3905
28.8217
6.52292
-7.34104
-18.1185
-29.2204
-40.7012
-67.2137
-93.9089
-94.9291
-94.9457
-94.9053
-94.809
-94.619
-94.2827
-93.7583
-93.0458
-92.1897
-91.254
-90.2948
-89.3491
-88.4355
-87.5598
-86.7198
-85.9094
-85.1196
-84.3404
-83.56
-82.765
-81.9383
-81.0585
-80.095
-79.0021
-77.7042
-76.0622
-73.7771
-70.0366
-61.5035
-18.8273
49.7126
49.401
44.3917
28.8216
6.52029
-7.34351
-18.121
-29.223
-40.7062
-67.2258
-93.9102
-94.9291
-94.9457
-94.9053
-94.809
-94.6189
-94.2825
-93.758
-93.0453
-92.1892
-91.2535
-90.2942
-89.3485
-88.435
-87.5593
-86.7193
-85.9088
-85.1191
-84.3398
-83.5595
-82.7644
-81.9378
-81.0579
-80.0943
-79.0013
-77.7033
-76.061
-73.7754
-70.0336
-61.4951
-18.7686
49.7162
49.4016
44.3927
28.8214
6.51789
-7.34572
-18.1232
-29.2254
-40.7106
-67.2366
-93.9114
-94.9291
-94.9457
-94.9053
-94.8089
-94.6188
-94.2822
-93.7577
-93.0449
-92.1888
-91.253
-90.2938
-89.3481
-88.4346
-87.5589
-86.719
-85.9086
-85.1188
-84.3396
-83.5593
-82.7643
-81.9377
-81.0578
-80.0943
-79.0013
-77.7034
-76.0612
-73.7757
-70.0342
-61.4969
-18.7812
49.7154
49.4014
44.3925
28.8214
6.51829
-7.34533
-18.1228
-29.2249
-40.7098
-67.2347
-93.9112
-94.9291
-94.9457
-94.9053
-94.8089
-94.6188
-94.2823
-93.7577
-93.045
-92.1889
-91.2531
-90.2939
-89.3482
-88.4347
-87.5591
-86.7192
-85.9088
-85.1191
-84.3399
-83.5596
-82.7646
-81.9381
-81.0583
-80.0949
-79.002
-77.7043
-76.0624
-73.7775
-70.0376
-61.5063
-18.8478
49.7113
49.4008
44.3913
28.8215
6.52089
-7.34291
-18.1204
-29.2224
-40.7049
-67.2228
-93.9099
-94.9291
-94.9457
-94.9053
-94.809
-94.6189
-94.2825
-93.7581
-93.0455
-92.1894
-91.2536
-90.2945
-89.3488
-88.4352
-87.5596
-86.7196
-85.9092
-85.1195
-84.3404
-83.5601
-82.7651
-81.9386
-81.0588
-80.0954
-79.0027
-77.705
-76.0634
-73.779
-70.0401
-61.5136
-18.8988
49.7082
49.4002
44.3904
28.8217
6.52292
-7.34103
-18.1185
-29.2204
-40.7011
-67.2135
-93.9089
-94.9291
-94.9457
-94.9053
-94.809
-94.619
-94.2827
-93.7584
-93.0458
-92.1897
-91.254
-90.2949
-89.3491
-88.4356
-87.5599
-86.7199
-85.9095
-85.1197
-84.3405
-83.5602
-82.7652
-81.9386
-81.0588
-80.0954
-79.0026
-77.7049
-76.0632
-73.7787
-70.0396
-61.5121
-18.8882
49.7088
49.4003
44.3906
28.8217
6.5226
-7.34134
-18.1188
-29.2208
-40.7018
-67.2151
-93.9091
-94.9291
-94.9457
-94.9053
-94.809
-94.619
-94.2827
-93.7583
-93.0457
-92.1897
-91.2539
-90.2947
-89.349
-88.4354
-87.5597
-86.7198
-85.9093
-85.1195
-84.3403
-83.56
-82.7649
-81.9383
-81.0584
-80.095
-79.0021
-77.7042
-76.0623
-73.7773
-70.037
-61.5047
-18.8366
49.712
49.4009
44.3916
28.8216
6.52062
-7.3432
-18.1206
-29.2227
-40.7055
-67.2242
-93.9101
-94.9291
-94.9457
-94.9053
-94.809
-94.6189
-94.2825
-93.758
-93.0454
-92.1893
-91.2535
-90.2943
-89.3486
-88.435
-87.5593
-86.7194
-85.9089
-85.1192
-84.3399
-83.5596
-82.7646
-81.9379
-81.0581
-80.0946
-79.0016
-77.7037
-76.0616
-73.7763
-70.0353
-61.5
-18.8032
49.7141
49.4012
44.3921
28.8215
6.51925
-7.34446
-18.1219
-29.224
-40.7081
-67.2304
-93.9107
-94.9291
-94.9457
-94.9053
-94.8089
-94.6188
-94.2824
-93.7579
-93.0452
-92.189
-91.2533
-90.2941
-89.3484
-88.4348
-87.5591
-86.7192
-85.9088
-85.1191
-84.3399
-83.5596
-82.7645
-81.9379
-81.0581
-80.0947
-79.0018
-77.7039
-76.0619
-73.7768
-70.0363
-61.5028
-18.823
49.7129
49.401
44.3918
28.8215
6.51996
-7.34378
-18.1212
-29.2233
-40.7067
-67.2271
-93.9104
-94.9291
-94.9457
-94.9053
-94.8089
-94.6189
-94.2824
-93.758
-93.0453
-92.1892
-91.2534
-90.2942
-89.3486
-88.435
-87.5593
-86.7194
-85.909
-85.1193
-84.3401
-83.5598
-82.7648
-81.9383
-81.0585
-80.0951
-79.0023
-77.7046
-76.0628
-73.7782
-70.0388
-61.51
-18.8736
49.7097
49.4005
44.3909
28.8216
6.52192
-7.34196
-18.1194
-29.2214
-40.703
-67.2181
-93.9094
-94.9291
-94.9457
-94.9053
-94.809
-94.619
-94.2826
-93.7582
-93.0456
-92.1896
-91.2538
-90.2947
-89.3489
-88.4354
-87.5597
-86.7198
-85.9093
-85.1196
-84.3404
-83.5601
-82.7651
-81.9386
-81.0588
-80.0955
-79.0027
-77.7051
-76.0634
-73.7791
-70.0404
-61.5144
-18.9044
49.7078
49.4002
44.3903
28.8217
6.52315
-7.34081
-18.1183
-29.2202
-40.7007
-67.2125
-93.9088
-94.9291
-94.9457
-94.9053
-94.809
-94.6191
-94.2827
-93.7584
-93.0458
-92.1898
-91.2541
-90.2949
-89.3492
-88.4356
-87.5599
-86.7199
-85.9095
-85.1197
-84.3405
-83.5602
-82.7652
-81.9386
-81.0588
-80.0954
-79.0026
-77.7049
-76.0632
-73.7787
-70.0397
-61.5124
-18.8902
49.7087
49.4003
44.3906
28.8217
6.52266
-7.34128
-18.1187
-29.2207
-40.7017
-67.2148
-93.909
-94.9291
-94.9457
-94.9053
-94.809
-94.619
-94.2827
-93.7583
-93.0457
-92.1897
-91.2539
-90.2947
-89.349
-88.4354
-87.5597
-86.7197
-85.9093
-85.1195
-84.3403
-83.56
-82.7649
-81.9383
-81.0585
-80.0951
-79.0022
-77.7044
-76.0625
-73.7777
-70.0378
-61.5071
-18.8537
49.711
49.4007
44.3912
28.8216
6.52126
-7.34259
-18.1201
-29.2221
-40.7043
-67.2213
-93.9097
-94.9291
-94.9457
-94.9053
-94.809
-94.619
-94.2826
-93.7581
-93.0455
-92.1894
-91.2537
-90.2945
-89.3487
-88.4352
-87.5595
-86.7195
-85.909
-85.1193
-84.3401
-83.5597
-82.7647
-81.9381
-81.0583
-80.0948
-79.0019
-77.7041
-76.0622
-73.7772
-70.037
-61.5048
-18.8371
49.712
49.4009
44.3915
28.8216
6.52056
-7.34323
-18.1207
-29.2227
-40.7056
-67.2244
-93.9101
-94.9291
-94.9457
-94.9053
-94.809
-94.6189
-94.2825
-93.758
-93.0454
-92.1893
-91.2535
-90.2943
-89.3486
-88.4351
-87.5594
-86.7194
-85.909
-85.1193
-84.3401
-83.5598
-82.7647
-81.9382
-81.0584
-80.095
-79.0021
-77.7043
-76.0625
-73.7777
-70.038
-61.5078
-18.8584
49.7107
49.4006
44.3911
28.8216
6.52135
-7.34249
-18.1199
-29.222
-40.7041
-67.2207
-93.9097
-94.9291
-94.9457
-94.9053
-94.809
-94.619
-94.2826
-93.7581
-93.0455
-92.1894
-91.2537
-90.2945
-89.3488
-88.4352
-87.5596
-86.7196
-85.9092
-85.1195
-84.3403
-83.56
-82.765
-81.9384
-81.0587
-80.0953
-79.0025
-77.7049
-76.0632
-73.7788
-70.0399
-61.5131
-18.8956
49.7084
49.4003
44.3905
28.8216
6.52278
-7.34115
-18.1186
-29.2205
-40.7014
-67.2141
-93.909
-94.9291
-94.9457
-94.9053
-94.809
-94.619
-94.2827
-93.7583
-93.0458
-92.1897
-91.254
-90.2948
-89.3491
-88.4355
-87.5598
-86.7199
-85.9094
-85.1197
-84.3405
-83.5602
-82.7652
-81.9386
-81.0589
-80.0955
-79.0028
-77.7051
-76.0636
-73.7792
-70.0408
-61.5156
-18.9133
49.7073
49.4001
44.3902
28.8217
6.52349
-7.34049
-18.1179
-29.2198
-40.7
-67.2109
-93.9086
-94.929
-94.9457
-94.9053
-94.8091
-94.6191
-94.2828
-93.7584
-93.0459
-92.1898
-91.2541
-90.2949
-89.3492
-88.4356
-87.5599
-86.7199
-85.9095
-85.1197
-84.3405
-83.5602
-82.7652
-81.9386
-81.0588
-80.0954
-79.0026
-77.705
-76.0633
-73.7789
-70.0401
-61.5136
-18.8996
49.7081
49.4002
44.3904
28.8217
6.52301
-7.34095
-18.1184
-29.2203
-40.701
-67.2132
-93.9089
-94.9291
-94.9457
-94.9053
-94.809
-94.6191
-94.2827
-93.7584
-93.0458
-92.1897
-91.254
-90.2948
-89.3491
-88.4355
-87.5598
-86.7198
-85.9093
-85.1196
-84.3403
-83.56
-82.765
-81.9384
-81.0586
-80.0952
-79.0023
-77.7046
-76.0628
-73.7782
-70.0388
-61.5101
-18.8751
49.7097
49.4005
44.3909
28.8217
6.52206
-7.34183
-18.1193
-29.2213
-40.7028
-67.2175
-93.9093
-94.9291
-94.9457
-94.9053
-94.809
-94.619
-94.2826
-93.7582
-93.0456
-92.1895
-91.2538
-90.2946
-89.3489
-88.4353
-87.5596
-86.7196
-85.9092
-85.1194
-84.3402
-83.5599
-82.7649
-81.9383
-81.0585
-80.0951
-79.0022
-77.7045
-76.0627
-73.778
-70.0385
-61.5093
-18.8691
49.71
49.4005
44.391
28.8216
6.52179
-7.34208
-18.1195
-29.2215
-40.7033
-67.2187
-93.9095
-94.9291
-94.9457
-94.9053
-94.809
-94.619
-94.2826
-93.7582
-93.0456
-92.1895
-91.2538
-90.2946
-89.3489
-88.4353
-87.5596
-86.7196
-85.9092
-85.1194
-84.3402
-83.5599
-82.7649
-81.9384
-81.0586
-80.0952
-79.0024
-77.7047
-76.063
-73.7785
-70.0395
-61.5121
-18.889
49.7088
49.4003
44.3906
28.8216
6.52253
-7.34138
-18.1188
-29.2208
-40.7018
-67.2153
-93.9091
-94.9291
-94.9457
-94.9053
-94.809
-94.619
-94.2827
-93.7583
-93.0457
-92.1897
-91.2539
-90.2947
-89.349
-88.4354
-87.5597
-86.7198
-85.9093
-85.1196
-84.3404
-83.5601
-82.7651
-81.9386
-81.0588
-80.0954
-79.0027
-77.7051
-76.0635
-73.7793
-70.0408
-61.5159
-18.9158
49.7071
49.4001
44.3901
28.8217
6.52356
-7.34042
-18.1179
-29.2198
-40.6999
-67.2105
-93.9086
-94.929
-94.9457
-94.9053
-94.8091
-94.6191
-94.2828
-93.7584
-93.0459
-92.1899
-91.2541
-90.2949
-89.3492
-88.4356
-87.5599
-86.7199
-85.9095
-85.1197
-84.3405
-83.5602
-82.7652
-81.9387
-81.0589
-80.0956
-79.0028
-77.7052
-76.0637
-73.7795
-70.0413
-61.5173
-18.9255
49.7065
49.4
44.39
28.8217
6.52395
-7.34005
-18.1175
-29.2194
-40.6992
-67.2087
-93.9084
-94.929
-94.9457
-94.9054
-94.8091
-94.6191
-94.2828
-93.7585
-93.046
-92.1899
-91.2542
-90.295
-89.3493
-88.4357
-87.56
-86.72
-85.9095
-85.1197
-84.3405
-83.5602
-82.7652
-81.9386
-81.0589
-80.0955
-79.0027
-77.7051
-76.0635
-73.7792
-70.0407
-61.5156
-18.914
49.7073
49.4001
44.3902
28.8217
6.52354
-7.34045
-18.1179
-29.2198
-40.7
-67.2107
-93.9086
-94.929
-94.9457
-94.9053
-94.8091
-94.6191
-94.2828
-93.7584
-93.0459
-92.1898
-91.2541
-90.2949
-89.3492
-88.4356
-87.5599
-86.7199
-85.9094
-85.1196
-84.3404
-83.5601
-82.7651
-81.9385
-81.0587
-80.0953
-79.0025
-77.7049
-76.0632
-73.7788
-70.0399
-61.5135
-18.8987
49.7082
49.4002
44.3904
28.8217
6.52295
-7.341
-18.1185
-29.2204
-40.7011
-67.2134
-93.9089
-94.9291
-94.9457
-94.9053
-94.809
-94.619
-94.2827
-93.7584
-93.0458
-92.1897
-91.254
-90.2948
-89.3491
-88.4355
-87.5597
-86.7198
-85.9093
-85.1196
-84.3403
-83.56
-82.765
-81.9384
-81.0587
-80.0953
-79.0025
-77.7048
-76.0632
-73.7787
-70.0399
-61.5135
-18.8989
49.7082
49.4002
44.3904
28.8217
6.52293
-7.34101
-18.1185
-29.2204
-40.7011
-67.2135
-93.9089
-94.9291
-94.9457
-94.9053
-94.809
-94.619
-94.2827
-93.7584
-93.0458
-92.1897
-91.254
-90.2948
-89.3491
-88.4355
-87.5598
-86.7198
-85.9093
-85.1196
-84.3404
-83.5601
-82.7651
-81.9385
-81.0588
-80.0954
-79.0027
-77.705
-76.0635
-73.7792
-70.0408
-61.5159
-18.9162
49.7071
49.4001
44.3901
28.8217
6.52357
-7.34041
-18.1179
-29.2198
-40.6999
-67.2105
-93.9086
-94.929
-94.9457
-94.9053
-94.8091
-94.6191
-94.2828
-93.7584
-93.0459
-92.1899
-91.2541
-90.2949
-89.3492
-88.4356
-87.5599
-86.7199
-85.9095
-85.1197
-84.3405
-83.5602
-82.7652
-81.9387
-81.0589
-80.0956
-79.0029
-77.7053
-76.0638
-73.7797
-70.0417
-61.5186
-18.9352
49.7059
49.3999
44.3898
28.8217
6.52429
-7.33973
-18.1172
-29.219
-40.6985
-67.2071
-93.9082
-94.929
-94.9457
-94.9054
-94.8091
-94.6191
-94.2828
-93.7585
-93.046
-92.19
-91.2543
-90.2951
-89.3493
-88.4357
-87.56
-86.72
-85.9096
-85.1198
-84.3406
-83.5603
-82.7653
-81.9388
-81.059
-80.0957
-79.0029
-77.7054
-76.0639
-73.7799
-70.042
-61.5193
-18.9402
49.7056
49.3998
44.3897
28.8217
6.52451
-7.33953
-18.117
-29.2188
-40.6981
-67.2061
-93.9081
-94.929
-94.9457
-94.9054
-94.8091
-94.6191
-94.2829
-93.7586
-93.046
-92.19
-91.2543
-90.2951
-89.3494
-88.4358
-87.56
-86.72
-85.9096
-85.1198
-84.3406
-83.5603
-82.7652
-81.9387
-81.0589
-80.0956
-79.0029
-77.7053
-76.0638
-73.7796
-70.0415
-61.5181
-18.9316
49.7062
49.3999
44.3898
28.8217
6.52419
-7.33983
-18.1173
-29.2191
-40.6987
-67.2076
-93.9083
-94.929
-94.9457
-94.9054
-94.8091
-94.6191
-94.2828
-93.7585
-93.046
-92.19
-91.2542
-90.295
-89.3493
-88.4357
-87.56
-86.72
-85.9095
-85.1197
-84.3405
-83.5602
-82.7652
-81.9386
-81.0588
-80.0955
-79.0027
-77.7051
-76.0636
-73.7794
-70.0411
-61.5169
-18.923
49.7067
49.4
44.39
28.8217
6.52386
-7.34014
-18.1176
-29.2195
-40.6993
-67.2092
-93.9084
-94.929
-94.9457
-94.9054
-94.8091
-94.6191
-94.2828
-93.7585
-93.0459
-92.1899
-91.2542
-90.295
-89.3492
-88.4356
-87.5599
-86.7199
-85.9094
-85.1197
-84.3405
-83.5602
-82.7651
-81.9386
-81.0588
-80.0955
-79.0027
-77.7051
-76.0636
-73.7794
-70.0413
-61.5174
-18.9266
49.7065
49.3999
44.3899
28.8217
6.52397
-7.34003
-18.1175
-29.2194
-40.6991
-67.2086
-93.9084
-94.929
-94.9457
-94.9054
-94.8091
-94.6191
-94.2828
-93.7585
-93.046
-92.1899
-91.2542
-90.295
-89.3493
-88.4357
-87.5599
-86.72
-85.9095
-85.1197
-84.3405
-83.5602
-82.7652
-81.9387
-81.0589
-80.0956
-79.0029
-77.7053
-76.0639
-73.7798
-70.042
-61.5194
-18.941
49.7056
49.3998
44.3897
28.8217
6.52451
-7.33952
-18.117
-29.2188
-40.6981
-67.2061
-93.9081
-94.929
-94.9457
-94.9054
-94.8091
-94.6191
-94.2829
-93.7586
-93.0461
-92.19
-91.2543
-90.2951
-89.3494
-88.4358
-87.56
-86.7201
-85.9096
-85.1198
-84.3406
-83.5603
-82.7653
-81.9388
-81.059
-80.0957
-79.003
-77.7055
-76.0641
-73.7802
-70.0426
-61.5213
-18.9543
49.7047
49.3997
44.3894
28.8217
6.52504
-7.33903
-18.1165
-29.2183
-40.6971
-67.2037
-93.9078
-94.929
-94.9457
-94.9054
-94.8091
-94.6192
-94.2829
-93.7586
-93.0461
-92.1901
-91.2544
-90.2952
-89.3495
-88.4359
-87.5601
-86.7201
-85.9096
-85.1199
-84.3407
-83.5604
-82.7654
-81.9388
-81.0591
-80.0958
-79.0031
-77.7055
-76.0642
-73.7803
-70.0428
-61.5217
-18.9569
49.7046
49.3996
44.3894
28.8217
6.52516
-7.33893
-18.1164
-29.2182
-40.6969
-67.2032
-93.9078
-94.929
-94.9457
-94.9054
-94.8091
-94.6192
-94.2829
-93.7586
-93.0462
-92.1901
-91.2544
-90.2952
-89.3495
-88.4359
-87.5601
-86.7201
-85.9096
-85.1199
-84.3406
-83.5603
-82.7653
-81.9388
-81.059
-80.0957
-79.003
-77.7055
-76.0641
-73.7801
-70.0425
-61.5208
-18.9509
49.7049
49.3997
44.3895
28.8217
6.52492
-7.33915
-18.1166
-29.2184
-40.6973
-67.2042
-93.9079
-94.929
-94.9457
-94.9054
-94.8091
-94.6192
-94.2829
-93.7586
-93.0461
-92.1901
-91.2544
-90.2952
-89.3494
-88.4358
-87.5601
-86.7201
-85.9096
-85.1198
-84.3406
-83.5603
-82.7653
-81.9387
-81.059
-80.0956
-79.0029
-77.7054
-76.064
-73.78
-70.0422
-61.5202
-18.947
49.7052
49.3997
44.3896
28.8217
6.52475
-7.3393
-18.1168
-29.2186
-40.6976
-67.205
-93.908
-94.929
-94.9457
-94.9054
-94.8091
-94.6192
-94.2829
-93.7586
-93.0461
-92.1901
-91.2544
-90.2951
-89.3494
-88.4358
-87.56
-86.72
-85.9096
-85.1198
-84.3406
-83.5603
-82.7653
-81.9387
-81.059
-80.0957
-79.003
-77.7054
-76.064
-73.7801
-70.0425
-61.521
-18.9524
49.7049
49.3997
44.3895
28.8217
6.52495
-7.33911
-18.1166
-29.2184
-40.6973
-67.204
-93.9079
-94.929
-94.9457
-94.9054
-94.8091
-94.6192
-94.2829
-93.7586
-93.0461
-92.1901
-91.2544
-90.2952
-89.3494
-88.4358
-87.5601
-86.7201
-85.9096
-85.1199
-84.3406
-83.5603
-82.7653
-81.9388
-81.0591
-80.0958
-79.0031
-77.7056
-76.0642
-73.7804
-70.0431
-61.5227
-18.9642
49.7041
49.3996
44.3893
28.8218
6.52543
-7.33867
-18.1161
-29.2179
-40.6964
-67.2019
-93.9076
-94.929
-94.9457
-94.9054
-94.8091
-94.6192
-94.2829
-93.7587
-93.0462
-92.1902
-91.2545
-90.2953
-89.3495
-88.4359
-87.5602
-86.7202
-85.9097
-85.1199
-84.3407
-83.5604
-82.7654
-81.9389
-81.0591
-80.0958
-79.0032
-77.7057
-76.0644
-73.7806
-70.0435
-61.524
-18.9733
49.7035
49.3995
44.3891
28.8218
6.52581
-7.33832
-18.1158
-29.2176
-40.6957
-67.2002
-93.9075
-94.929
-94.9457
-94.9054
-94.8091
-94.6192
-94.283
-93.7587
-93.0463
-92.1903
-91.2546
-90.2954
-89.3496
-88.436
-87.5602
-86.7202
-85.9097
-85.12
-84.3407
-83.5604
-82.7654
-81.9389
-81.0592
-80.0959
-79.0032
-77.7057
-76.0644
-73.7807
-70.0436
-61.5241
-18.9744
49.7035
49.3995
44.3891
28.8218
6.52586
-7.33828
-18.1158
-29.2175
-40.6956
-67.2
-93.9074
-94.929
-94.9457
-94.9054
-94.8091
-94.6192
-94.283
-93.7587
-93.0463
-92.1903
-91.2546
-90.2954
-89.3496
-88.436
-87.5602
-86.7202
-85.9097
-85.1199
-84.3407
-83.5604
-82.7654
-81.9389
-81.0591
-80.0958
-79.0031
-77.7057
-76.0643
-73.7806
-70.0434
-61.5236
-18.9707
49.7037
49.3995
44.3892
28.8218
6.52571
-7.33841
-18.1159
-29.2177
-40.6959
-67.2007
-93.9075
-94.929
-94.9457
-94.9054
-94.8091
-94.6192
-94.283
-93.7587
-93.0462
-92.1902
-91.2545
-90.2953
-89.3496
-88.4359
-87.5602
-86.7202
-85.9097
-85.1199
-84.3407
-83.5604
-82.7654
-81.9388
-81.0591
-80.0958
-79.0031
-77.7056
-76.0643
-73.7805
-70.0433
-61.5235
-18.9701
49.7037
49.3995
44.3892
28.8218
6.52568
-7.33844
-18.1159
-29.2177
-40.6959
-67.2008
-93.9075
-94.929
-94.9457
-94.9054
-94.8091
-94.6192
-94.283
-93.7587
-93.0462
-92.1902
-91.2545
-90.2953
-89.3496
-88.4359
-87.5602
-86.7202
-85.9097
-85.1199
-84.3407
-83.5604
-82.7654
-81.9389
-81.0591
-80.0958
-79.0032
-77.7057
-76.0644
-73.7807
-70.0436
-61.5244
-18.9763
49.7033
49.3994
44.3891
28.8218
6.52592
-7.33822
-18.1157
-29.2174
-40.6955
-67.1997
-93.9074
-94.929
-94.9457
-94.9054
-94.8091
-94.6192
-94.283
-93.7587
-93.0463
-92.1903
-91.2546
-90.2954
-89.3496
-88.436
-87.5602
-86.7202
-85.9097
-85.12
-84.3407
-83.5604
-82.7654
-81.9389
-81.0592
-80.0959
-79.0033
-77.7058
-76.0646
-73.7809
-70.0441
-61.5257
-18.9858
49.7027
49.3993
44.3889
28.8218
6.5263
-7.33786
-18.1153
-29.2171
-40.6948
-67.198
-93.9072
-94.929
-94.9457
-94.9054
-94.8091
-94.6192
-94.283
-93.7588
-93.0463
-92.1903
-91.2547
-90.2954
-89.3497
-88.436
-87.5603
-86.7203
-85.9098
-85.12
-84.3408
-83.5605
-82.7655
-81.939
-81.0592
-80.096
-79.0033
-77.7059
-76.0647
-73.7811
-70.0444
-61.5266
-18.9921
49.7023
49.3993
44.3888
28.8219
6.52656
-7.33763
-18.1151
-29.2168
-40.6943
-67.1968
-93.9071
-94.929
-94.9457
-94.9054
-94.8091
-94.6192
-94.283
-93.7588
-93.0464
-92.1904
-91.2547
-90.2955
-89.3497
-88.4361
-87.5603
-86.7203
-85.9098
-85.12
-84.3408
-83.5605
-82.7655
-81.939
-81.0592
-80.096
-79.0033
-77.7059
-76.0647
-73.7811
-70.0444
-61.5267
-18.9927
49.7023
49.3993
44.3888
28.8219
6.52659
-7.3376
-18.1151
-29.2168
-40.6942
-67.1967
-93.9071
-94.929
-94.9457
-94.9054
-94.8091
-94.6192
-94.283
-93.7588
-93.0464
-92.1904
-91.2547
-90.2955
-89.3497
-88.4361
-87.5603
-86.7203
-85.9098
-85.12
-84.3408
-83.5605
-82.7655
-81.939
-81.0592
-80.0959
-79.0033
-77.7059
-76.0647
-73.7811
-70.0443
-61.5264
-18.991
49.7024
49.3993
44.3888
28.8219
6.52652
-7.33766
-18.1151
-29.2169
-40.6944
-67.197
-93.9071
-94.929
-94.9457
-94.9054
-94.8091
-94.6192
-94.283
-93.7588
-93.0464
-92.1904
-91.2547
-90.2955
-89.3497
-88.4361
-87.5603
-86.7203
-85.9098
-85.12
-84.3408
-83.5605
-82.7655
-81.9389
-81.0592
-80.0959
-79.0033
-77.7059
-76.0647
-73.7811
-70.0444
-61.5266
-18.9926
49.7023
49.3993
44.3888
28.8219
6.52658
-7.33761
-18.1151
-29.2168
-40.6943
-67.1967
-93.9071
-94.929
-94.9457
-94.9054
-94.8091
-94.6192
-94.283
-93.7588
-93.0464
-92.1904
-91.2547
-90.2955
-89.3497
-88.4361
-87.5603
-86.7203
-85.9098
-85.12
-84.3408
-83.5605
-82.7655
-81.939
-81.0592
-80.096
-79.0034
-77.7059
-76.0648
-73.7812
-70.0447
-61.5275
-18.9988
49.7019
49.3992
44.3887
28.8219
6.52682
-7.33738
-18.1149
-29.2166
-40.6938
-67.1956
-93.907
-94.929
-94.9457
-94.9054
-94.8091
-94.6193
-94.2831
-93.7589
-93.0464
-92.1904
-91.2547
-90.2955
-89.3498
-88.4361
-87.5604
-86.7203
-85.9098
-85.1201
-84.3408
-83.5605
-82.7655
-81.939
-81.0593
-80.096
-79.0034
-77.706
-76.0649
-73.7814
-70.0451
-61.5286
-19.0063
49.7014
49.3991
44.3886
28.8219
6.52712
-7.33711
-18.1146
-29.2163
-40.6932
-67.1943
-93.9068
-94.929
-94.9457
-94.9054
-94.8092
-94.6193
-94.2831
-93.7589
-93.0465
-92.1905
-91.2548
-90.2956
-89.3498
-88.4362
-87.5604
-86.7204
-85.9099
-85.1201
-84.3409
-83.5606
-82.7656
-81.9391
-81.0593
-80.0961
-79.0035
-77.7061
-76.065
-73.7816
-70.0453
-61.5292
-19.0108
49.7011
49.3991
44.3885
28.8219
6.52731
-7.33694
-18.1144
-29.2161
-40.6929
-67.1934
-93.9067
-94.929
-94.9457
-94.9054
-94.8092
-94.6193
-94.2831
-93.7589
-93.0465
-92.1905
-91.2548
-90.2956
-89.3498
-88.4362
-87.5604
-86.7204
-85.9099
-85.1201
-84.3409
-83.5606
-82.7656
-81.9391
-81.0593
-80.0961
-79.0035
-77.7061
-76.065
-73.7816
-70.0453
-61.5293
-19.0115
49.7011
49.3991
44.3885
28.8219
6.52734
-7.33691
-18.1144
-29.2161
-40.6928
-67.1933
-93.9067
-94.929
-94.9457
-94.9054
-94.8092
-94.6193
-94.2831
-93.7589
-93.0465
-92.1905
-91.2548
-90.2956
-89.3498
-88.4362
-87.5604
-86.7204
-85.9099
-85.1201
-84.3409
-83.5606
-82.7656
-81.939
-81.0593
-80.0961
-79.0035
-77.7061
-76.065
-73.7815
-70.0453
-61.5293
-19.0114
49.7011
49.3991
44.3885
28.8219
6.52733
-7.33691
-18.1144
-29.2161
-40.6929
-67.1933
-93.9067
-94.929
-94.9457
-94.9054
-94.8092
-94.6193
-94.2831
-93.7589
-93.0465
-92.1905
-91.2548
-90.2956
-89.3498
-88.4362
-87.5604
-86.7204
-85.9099
-85.1201
-84.3409
-83.5606
-82.7656
-81.9391
-81.0593
-80.0961
-79.0035
-77.7061
-76.065
-73.7816
-70.0454
-61.5297
-19.0141
49.7009
49.3991
44.3884
28.8219
6.52743
-7.33682
-18.1143
-29.216
-40.6927
-67.1929
-93.9067
-94.929
-94.9457
-94.9054
-94.8092
-94.6193
-94.2831
-93.7589
-93.0465
-92.1905
-91.2549
-90.2956
-89.3499
-88.4362
-87.5604
-86.7204
-85.9099
-85.1201
-84.3409
-83.5606
-82.7656
-81.9391
-81.0594
-80.0961
-79.0035
-77.7062
-76.0651
-73.7818
-70.0457
-61.5305
-19.0199
49.7005
49.399
44.3883
28.8219
6.52766
-7.33661
-18.1141
-29.2158
-40.6922
-67.1918
-93.9066
-94.929
-94.9458
-94.9054
-94.8092
-94.6193
-94.2831
-93.759
-93.0465
-92.1906
-91.2549
-90.2957
-89.3499
-88.4363
-87.5605
-86.7204
-85.9099
-85.1202
-84.3409
-83.5606
-82.7656
-81.9391
-81.0594
-80.0962
-79.0036
-77.7063
-76.0652
-73.7819
-70.046
-61.5313
-19.0259
49.7001
49.3989
44.3882
28.822
6.5279
-7.33639
-18.1139
-29.2155
-40.6918
-67.1907
-93.9064
-94.929
-94.9458
-94.9054
-94.8092
-94.6193
-94.2832
-93.759
-93.0466
-92.1906
-91.2549
-90.2957
-89.3499
-88.4363
-87.5605
-86.7205
-85.91
-85.1202
-84.341
-83.5606
-82.7656
-81.9391
-81.0594
-80.0962
-79.0036
-77.7063
-76.0653
-73.782
-70.0462
-61.5318
-19.0293
49.6999
49.3989
44.3882
28.822
6.52804
-7.33626
-18.1137
-29.2154
-40.6915
-67.1901
-93.9064
-94.929
-94.9458
-94.9054
-94.8092
-94.6193
-94.2832
-93.759
-93.0466
-92.1907
-91.255
-90.2957
-89.35
-88.4363
-87.5605
-86.7205
-85.91
-85.1202
-84.341
-83.5606
-82.7657
-81.9391
-81.0594
-80.0962
-79.0036
-77.7063
-76.0653
-73.782
-70.0462
-61.5319
-19.0303
49.6999
49.3989
44.3882
28.822
6.52808
-7.33622
-18.1137
-29.2153
-40.6915
-67.1899
-93.9064
-94.929
-94.9458
-94.9054
-94.8092
-94.6193
-94.2832
-93.759
-93.0466
-92.1907
-91.255
-90.2957
-89.35
-88.4363
-87.5605
-86.7205
-85.91
-85.1202
-84.341
-83.5606
-82.7656
-81.9391
-81.0594
-80.0962
-79.0036
-77.7063
-76.0653
-73.782
-70.0463
-61.5321
-19.0314
49.6998
49.3989
44.3881
28.822
6.52812
-7.33619
-18.1137
-29.2153
-40.6914
-67.1898
-93.9063
-94.929
-94.9458
-94.9054
-94.8092
-94.6193
-94.2832
-93.759
-93.0466
-92.1907
-91.255
-90.2958
-89.35
-88.4363
-87.5605
-86.7205
-85.91
-85.1202
-84.341
-83.5606
-82.7657
-81.9392
-81.0594
-80.0962
-79.0037
-77.7063
-76.0653
-73.7821
-70.0464
-61.5326
-19.0347
49.6996
49.3989
44.3881
28.822
6.52825
-7.33607
-18.1136
-29.2152
-40.6911
-67.1892
-93.9063
-94.929
-94.9458
-94.9054
-94.8092
-94.6193
-94.2832
-93.759
-93.0466
-92.1907
-91.255
-90.2958
-89.35
-88.4363
-87.5606
-86.7205
-85.91
-85.1202
-84.341
-83.5607
-82.7657
-81.9392
-81.0595
-80.0962
-79.0037
-77.7064
-76.0654
-73.7822
-70.0467
-61.5333
-19.0399
49.6992
49.3988
44.388
28.822
6.52845
-7.33588
-18.1134
-29.215
-40.6908
-67.1882
-93.9062
-94.929
-94.9458
-94.9054
-94.8092
-94.6193
-94.2832
-93.7591
-93.0467
-92.1907
-91.255
-90.2958
-89.35
-88.4364
-87.5606
-86.7205
-85.91
-85.1202
-84.341
-83.5607
-82.7657
-81.9392
-81.0595
-80.0963
-79.0037
-77.7065
-76.0655
-73.7824
-70.0469
-61.534
-19.0447
49.6989
49.3988
44.3879
28.822
6.52864
-7.3357
-18.1132
-29.2148
-40.6904
-67.1874
-93.9061
-94.929
-94.9458
-94.9054
-94.8092
-94.6194
-94.2832
-93.7591
-93.0467
-92.1908
-91.2551
-90.2959
-89.3501
-88.4364
-87.5606
-86.7206
-85.9101
-85.1203
-84.341
-83.5607
-82.7657
-81.9392
-81.0595
-80.0963
-79.0038
-77.7065
-76.0655
-73.7824
-70.047
-61.5344
-19.0475
49.6988
49.3987
44.3879
28.822
6.52875
-7.3356
-18.1131
-29.2147
-40.6902
-67.1869
-93.906
-94.929
-94.9458
-94.9054
-94.8092
-94.6194
-94.2832
-93.7591
-93.0467
-92.1908
-91.2551
-90.2959
-89.3501
-88.4364
-87.5606
-86.7206
-85.9101
-85.1203
-84.341
-83.5607
-82.7657
-81.9392
-81.0595
-80.0963
-79.0038
-77.7065
-76.0655
-73.7825
-70.0471
-61.5346
-19.0489
49.6987
49.3987
44.3878
28.822
6.5288
-7.33555
-18.113
-29.2146
-40.6901
-67.1866
-93.906
-94.929
-94.9458
-94.9054
-94.8092
-94.6194
-94.2832
-93.7591
-93.0467
-92.1908
-91.2551
-90.2959
-89.3501
-88.4364
-87.5606
-86.7206
-85.9101
-85.1203
-84.341
-83.5607
-82.7657
-81.9392
-81.0595
-80.0963
-79.0038
-77.7065
-76.0656
-73.7825
-70.0472
-61.5348
-19.0508
49.6985
49.3987
44.3878
28.822
6.52888
-7.33548
-18.113
-29.2146
-40.69
-67.1863
-93.906
-94.929
-94.9458
-94.9054
-94.8092
-94.6194
-94.2832
-93.7591
-93.0467
-92.1908
-91.2551
-90.2959
-89.3501
-88.4364
-87.5606
-86.7206
-85.9101
-85.1203
-84.341
-83.5607
-82.7657
-81.9392
-81.0596
-80.0963
-79.0038
-77.7065
-76.0656
-73.7826
-70.0473
-61.5353
-19.0544
49.6983
49.3987
44.3878
28.822
6.52901
-7.33535
-18.1128
-29.2144
-40.6897
-67.1856
-93.9059
-94.929
-94.9458
-94.9054
-94.8092
-94.6194
-94.2833
-93.7591
-93.0468
-92.1908
-91.2551
-90.2959
-89.3501
-88.4365
-87.5607
-86.7206
-85.9101
-85.1203
-84.3411
-83.5608
-82.7658
-81.9393
-81.0596
-80.0964
-79.0039
-77.7066
-76.0657
-73.7827
-70.0476
-61.536
-19.059
49.698
49.3986
44.3877
28.8221
6.52919
-7.33518
-18.1127
-29.2142
-40.6894
-67.1848
-93.9058
-94.929
-94.9458
-94.9054
-94.8092
-94.6194
-94.2833
-93.7592
-93.0468
-92.1909
-91.2552
-90.296
-89.3502
-88.4365
-87.5607
-86.7206
-85.9101
-85.1203
-84.3411
-83.5608
-82.7658
-81.9393
-81.0596
-80.0964
-79.0039
-77.7066
-76.0658
-73.7828
-70.0478
-61.5365
-19.0629
49.6978
49.3986
44.3876
28.8221
6.52935
-7.33504
-18.1125
-29.2141
-40.6891
-67.1841
-93.9057
-94.929
-94.9458
-94.9054
-94.8092
-94.6194
-94.2833
-93.7592
-93.0468
-92.1909
-91.2552
-90.296
-89.3502
-88.4365
-87.5607
-86.7207
-85.9101
-85.1203
-84.3411
-83.5608
-82.7658
-81.9393
-81.0596
-80.0964
-79.0039
-77.7067
-76.0658
-73.7829
-70.0479
-61.5369
-19.0654
49.6976
49.3985
44.3876
28.8221
6.52945
-7.33495
-18.1124
-29.214
-40.6889
-67.1837
-93.9057
-94.929
-94.9458
-94.9054
-94.8092
-94.6194
-94.2833
-93.7592
-93.0468
-92.1909
-91.2552
-90.296
-89.3502
-88.4365
-87.5607
-86.7207
-85.9101
-85.1203
-84.3411
-83.5608
-82.7658
-81.9393
-81.0596
-80.0964
-79.0039
-77.7067
-76.0658
-73.7829
-70.048
-61.5371
-19.0672
49.6975
49.3985
44.3875
28.8221
6.52951
-7.33488
-18.1124
-29.2139
-40.6888
-67.1834
-93.9057
-94.929
-94.9458
-94.9054
-94.8092
-94.6194
-94.2833
-93.7592
-93.0468
-92.1909
-91.2552
-90.296
-89.3502
-88.4365
-87.5607
-86.7207
-85.9102
-85.1204
-84.3411
-83.5608
-82.7658
-81.9393
-81.0596
-80.0964
-79.0039
-77.7067
-76.0659
-73.783
-70.0481
-61.5375
-19.0696
49.6973
49.3985
44.3875
28.8221
6.52961
-7.3348
-18.1123
-29.2138
-40.6886
-67.1829
-93.9056
-94.929
-94.9458
-94.9054
-94.8092
-94.6194
-94.2833
-93.7592
-93.0469
-92.1909
-91.2553
-90.296
-89.3502
-88.4366
-87.5607
-86.7207
-85.9102
-85.1204
-84.3411
-83.5608
-82.7658
-81.9393
-81.0597
-80.0965
-79.004
-77.7068
-76.0659
-73.7831
-70.0482
-61.538
-19.0732
49.6971
49.3985
44.3874
28.8221
6.52974
-7.33467
-18.1122
-29.2137
-40.6883
-67.1823
-93.9055
-94.929
-94.9458
-94.9054
-94.8092
-94.6194
-94.2833
-93.7592
-93.0469
-92.191
-91.2553
-90.2961
-89.3503
-88.4366
-87.5608
-86.7207
-85.9102
-85.1204
-84.3411
-83.5608
-82.7658
-81.9394
-81.0597
-80.0965
-79.004
-77.7068
-76.066
-73.7832
-70.0484
-61.5385
-19.0772
49.6968
49.3984
44.3874
28.8221
6.5299
-7.33453
-18.112
-29.2136
-40.688
-67.1816
-93.9055
-94.929
-94.9458
-94.9054
-94.8092
-94.6194
-94.2833
-93.7592
-93.0469
-92.191
-91.2553
-90.2961
-89.3503
-88.4366
-87.5608
-86.7207
-85.9102
-85.1204
-84.3412
-83.5608
-82.7659
-81.9394
-81.0597
-80.0965
-79.004
-77.7068
-76.066
-73.7832
-70.0486
-61.539
-19.0806
49.6966
49.3984
44.3873
28.8221
6.53003
-7.3344
-18.1119
-29.2134
-40.6878
-67.181
-93.9054
-94.929
-94.9458
-94.9054
-94.8092
-94.6194
-94.2833
-93.7593
-93.0469
-92.191
-91.2553
-90.2961
-89.3503
-88.4366
-87.5608
-86.7208
-85.9102
-85.1204
-84.3412
-83.5609
-82.7659
-81.9394
-81.0597
-80.0965
-79.0041
-77.7069
-76.0661
-73.7833
-70.0487
-61.5393
-19.083
49.6964
49.3984
44.3873
28.8221
6.53012
-7.33432
-18.1118
-29.2133
-40.6876
-67.1806
-93.9053
-94.929
-94.9458
-94.9054
-94.8092
-94.6194
-94.2834
-93.7593
-93.0469
-92.191
-91.2554
-90.2961
-89.3503
-88.4366
-87.5608
-86.7208
-85.9102
-85.1204
-84.3412
-83.5609
-82.7659
-81.9394
-81.0597
-80.0965
-79.0041
-77.7069
-76.0661
-73.7833
-70.0488
-61.5396
-19.0851
49.6963
49.3983
44.3872
28.8221
6.5302
-7.33424
-18.1117
-29.2133
-40.6875
-67.1802
-93.9053
-94.929
-94.9458
-94.9054
-94.8092
-94.6194
-94.2834
-93.7593
-93.047
-92.191
-91.2554
-90.2961
-89.3503
-88.4366
-87.5608
-86.7208
-85.9102
-85.1204
-84.3412
-83.5609
-82.7659
-81.9394
-81.0597
-80.0966
-79.0041
-77.7069
-76.0661
-73.7834
-70.0489
-61.54
-19.0877
49.6961
49.3983
44.3872
28.8221
6.5303
-7.33415
-18.1116
-29.2132
-40.6873
-67.1797
-93.9053
-94.929
-94.9458
-94.9054
-94.8092
-94.6194
-94.2834
-93.7593
-93.047
-92.1911
-91.2554
-90.2962
-89.3504
-88.4367
-87.5608
-86.7208
-85.9103
-85.1204
-84.3412
-83.5609
-82.7659
-81.9394
-81.0598
-80.0966
-79.0041
-77.7069
-76.0662
-73.7835
-70.0491
-61.5405
-19.0912
49.6959
49.3983
44.3871
28.8221
6.53043
-7.33403
-18.1115
-29.213
-40.687
-67.1791
-93.9052
-94.929
-94.9458
-94.9054
-94.8093
-94.6195
-94.2834
-93.7593
-93.047
-92.1911
-91.2554
-90.2962
-89.3504
-88.4367
-87.5609
-86.7208
-85.9103
-85.1205
-84.3412
-83.5609
-82.7659
-81.9394
-81.0598
-80.0966
-79.0041
-77.707
-76.0662
-73.7836
-70.0493
-61.541
-19.0947
49.6957
49.3982
44.387
28.8221
6.53057
-7.3339
-18.1114
-29.2129
-40.6868
-67.1785
-93.9051
-94.929
-94.9458
-94.9054
-94.8093
-94.6195
-94.2834
-93.7593
-93.047
-92.1911
-91.2554
-90.2962
-89.3504
-88.4367
-87.5609
-86.7208
-85.9103
-85.1205
-84.3412
-83.5609
-82.7659
-81.9395
-81.0598
-80.0966
-79.0042
-77.707
-76.0663
-73.7837
-70.0494
-61.5414
-19.0977
49.6955
49.3982
44.387
28.8221
6.53069
-7.33379
-18.1113
-29.2128
-40.6866
-67.178
-93.9051
-94.929
-94.9458
-94.9055
-94.8093
-94.6195
-94.2834
-93.7593
-93.047
-92.1911
-91.2555
-90.2962
-89.3504
-88.4367
-87.5609
-86.7208
-85.9103
-85.1205
-84.3412
-83.5609
-82.766
-81.9395
-81.0598
-80.0966
-79.0042
-77.707
-76.0663
-73.7837
-70.0495
-61.5417
-19.1001
49.6953
49.3982
44.387
28.8221
6.53078
-7.3337
-18.1112
-29.2127
-40.6864
-67.1776
-93.905
-94.929
-94.9458
-94.9055
-94.8093
-94.6195
-94.2834
-93.7594
-93.047
-92.1912
-91.2555
-90.2962
-89.3504
-88.4367
-87.5609
-86.7208
-85.9103
-85.1205
-84.3413
-83.5609
-82.766
-81.9395
-81.0598
-80.0967
-79.0042
-77.7071
-76.0664
-73.7838
-70.0496
-61.542
-19.1024
49.6952
49.3982
44.3869
28.8221
6.53086
-7.33362
-18.1111
-29.2126
-40.6862
-67.1772
-93.905
-94.929
-94.9458
-94.9055
-94.8093
-94.6195
-94.2834
-93.7594
-93.0471
-92.1912
-91.2555
-90.2963
-89.3504
-88.4368
-87.5609
-86.7209
-85.9103
-85.1205
-84.3413
-83.5609
-82.766
-81.9395
-81.0598
-80.0967
-79.0042
-77.7071
-76.0664
-73.7838
-70.0497
-61.5424
-19.1051
49.695
49.3981
44.3869
28.8221
6.53097
-7.33353
-18.111
-29.2125
-40.686
-67.1767
-93.9049
-94.929
-94.9458
-94.9055
-94.8093
-94.6195
-94.2834
-93.7594
-93.0471
-92.1912
-91.2555
-90.2963
-89.3505
-88.4368
-87.5609
-86.7209
-85.9103
-85.1205
-84.3413
-83.561
-82.766
-81.9395
-81.0599
-80.0967
-79.0043
-77.7071
-76.0665
-73.7839
-70.0499
-61.5429
-19.1084
49.6948
49.3981
44.3868
28.8221
6.53109
-7.33341
-18.1109
-29.2124
-40.6858
-67.1761
-93.9049
-94.929
-94.9458
-94.9055
-94.8093
-94.6195
-94.2834
-93.7594
-93.0471
-92.1912
-91.2555
-90.2963
-89.3505
-88.4368
-87.561
-86.7209
-85.9103
-85.1205
-84.3413
-83.561
-82.766
-81.9395
-81.0599
-80.0967
-79.0043
-77.7072
-76.0665
-73.784
-70.0501
-61.5433
-19.1116
49.6946
49.3981
44.3868
28.8221
6.53121
-7.3333
-18.1108
-29.2123
-40.6856
-67.1755
-93.9048
-94.929
-94.9458
-94.9055
-94.8093
-94.6195
-94.2835
-93.7594
-93.0471
-92.1912
-91.2556
-90.2963
-89.3505
-88.4368
-87.561
-86.7209
-85.9104
-85.1206
-84.3413
-83.561
-82.766
-81.9395
-81.0599
-80.0967
-79.0043
-77.7072
-76.0665
-73.7841
-70.0502
-61.5437
-19.1143
49.6944
49.398
44.3867
28.8221
6.53132
-7.3332
-18.1107
-29.2121
-40.6854
-67.1751
-93.9048
-94.929
-94.9458
-94.9055
-94.8093
-94.6195
-94.2835
-93.7594
-93.0471
-92.1912
-91.2556
-90.2963
-89.3505
-88.4368
-87.561
-86.7209
-85.9104
-85.1206
-84.3413
-83.561
-82.766
-81.9395
-81.0599
-80.0967
-79.0043
-77.7072
-76.0666
-73.7841
-70.0503
-61.5441
-19.1167
49.6942
49.398
44.3867
28.8221
6.5314
-7.33311
-18.1106
-29.2121
-40.6852
-67.1746
-93.9047
-94.929
-94.9458
-94.9055
-94.8093
-94.6195
-94.2835
-93.7594
-93.0472
-92.1913
-91.2556
-90.2964
-89.3505
-88.4368
-87.561
-86.7209
-85.9104
-85.1206
-84.3413
-83.561
-82.766
-81.9396
-81.0599
-80.0968
-79.0043
-77.7072
-76.0666
-73.7842
-70.0504
-61.5444
-19.119
49.6941
49.398
44.3866
28.8221
6.53149
-7.33303
-18.1105
-29.212
-40.685
-67.1742
-93.9047
-94.929
-94.9458
-94.9055
-94.8093
-94.6195
-94.2835
-93.7595
-93.0472
-92.1913
-91.2556
-90.2964
-89.3506
-88.4369
-87.561
-86.7209
-85.9104
-85.1206
-84.3413
-83.561
-82.766
-81.9396
-81.0599
-80.0968
-79.0044
-77.7073
-76.0667
-73.7842
-70.0505
-61.5448
-19.1218
49.6939
49.398
44.3866
28.8222
6.5316
-7.33293
-18.1104
-29.2119
-40.6848
-67.1737
-93.9046
-94.929
-94.9458
-94.9055
-94.8093
-94.6195
-94.2835
-93.7595
-93.0472
-92.1913
-91.2556
-90.2964
-89.3506
-88.4369
-87.561
-86.721
-85.9104
-85.1206
-84.3413
-83.561
-82.7661
-81.9396
-81.0599
-80.0968
-79.0044
-77.7073
-76.0667
-73.7843
-70.0507
-61.5452
-19.1248
49.6937
49.3979
44.3865
28.8222
6.53171
-7.33283
-18.1103
-29.2118
-40.6846
-67.1732
-93.9046
-94.929
-94.9458
-94.9055
-94.8093
-94.6195
-94.2835
-93.7595
-93.0472
-92.1913
-91.2557
-90.2964
-89.3506
-88.4369
-87.5611
-86.721
-85.9104
-85.1206
-84.3414
-83.561
-82.7661
-81.9396
-81.06
-80.0968
-79.0044
-77.7073
-76.0668
-73.7844
-70.0508
-61.5456
-19.1277
49.6935
49.3979
44.3865
28.8222
6.53182
-7.33272
-18.1102
-29.2116
-40.6844
-67.1727
-93.9045
-94.929
-94.9458
-94.9055
-94.8093
-94.6195
-94.2835
-93.7595
-93.0472
-92.1913
-91.2557
-90.2964
-89.3506
-88.4369
-87.5611
-86.721
-85.9104
-85.1206
-84.3414
-83.5611
-82.7661
-81.9396
-81.06
-80.0968
-79.0044
-77.7074
-76.0668
-73.7844
-70.0509
-61.546
-19.1303
49.6933
49.3979
44.3864
28.8222
6.53192
-7.33263
-18.1101
-29.2115
-40.6842
-67.1723
-93.9045
-94.929
-94.9458
-94.9055
-94.8093
-94.6195
-94.2835
-93.7595
-93.0472
-92.1914
-91.2557
-90.2965
-89.3506
-88.4369
-87.5611
-86.721
-85.9105
-85.1206
-84.3414
-83.5611
-82.7661
-81.9396
-81.06
-80.0968
-79.0044
-77.7074
-76.0668
-73.7845
-70.051
-61.5463
-19.1326
49.6932
49.3979
44.3864
28.8222
6.53201
-7.33255
-18.1101
-29.2115
-40.6841
-67.1718
-93.9044
-94.929
-94.9458
-94.9055
-94.8093
-94.6195
-94.2835
-93.7595
-93.0473
-92.1914
-91.2557
-90.2965
-89.3506
-88.4369
-87.5611
-86.721
-85.9105
-85.1206
-84.3414
-83.5611
-82.7661
-81.9396
-81.06
-80.0969
-79.0045
-77.7074
-76.0669
-73.7846
-70.0512
-61.5466
-19.1351
49.693
49.3978
44.3863
28.8222
6.5321
-7.33246
-18.11
-29.2114
-40.6839
-67.1714
-93.9044
-94.929
-94.9458
-94.9055
-94.8093
-94.6195
-94.2835
-93.7595
-93.0473
-92.1914
-91.2557
-90.2965
-89.3507
-88.437
-87.5611
-86.721
-85.9105
-85.1207
-84.3414
-83.5611
-82.7661
-81.9396
-81.06
-80.0969
-79.0045
-77.7074
-76.0669
-73.7846
-70.0513
-61.547
-19.1378
49.6929
49.3978
44.3863
28.8222
6.5322
-7.33237
-18.1099
-29.2113
-40.6837
-67.171
-93.9043
-94.929
-94.9458
-94.9055
-94.8093
-94.6196
-94.2835
-93.7595
-93.0473
-92.1914
-91.2558
-90.2965
-89.3507
-88.437
-87.5611
-86.721
-85.9105
-85.1207
-84.3414
-83.5611
-82.7661
-81.9397
-81.06
-80.0969
-79.0045
-77.7075
-76.0669
-73.7847
-70.0514
-61.5474
-19.1406
49.6927
49.3978
44.3862
28.8222
6.5323
-7.33227
-18.1098
-29.2112
-40.6835
-67.1705
-93.9043
-94.929
-94.9458
-94.9055
-94.8093
-94.6196
-94.2835
-93.7596
-93.0473
-92.1914
-91.2558
-90.2965
-89.3507
-88.437
-87.5611
-86.7211
-85.9105
-85.1207
-84.3414
-83.5611
-82.7661
-81.9397
-81.06
-80.0969
-79.0045
-77.7075
-76.067
-73.7848
-70.0516
-61.5478
-19.1433
49.6925
49.3977
44.3862
28.8222
6.5324
-7.33217
-18.1097
-29.2111
-40.6833
-67.17
-93.9042
-94.929
-94.9458
-94.9055
-94.8093
-94.6196
-94.2836
-93.7596
-93.0473
-92.1915
-91.2558
-90.2966
-89.3507
-88.437
-87.5612
-86.7211
-85.9105
-85.1207
-84.3414
-83.5611
-82.7661
-81.9397
-81.0601
-80.0969
-79.0046
-77.7075
-76.067
-73.7848
-70.0517
-61.5481
-19.1457
49.6923
49.3977
44.3861
28.8222
6.5325
-7.33209
-18.1096
-29.211
-40.6831
-67.1696
-93.9042
-94.929
-94.9458
-94.9055
-94.8093
-94.6196
-94.2836
-93.7596
-93.0473
-92.1915
-91.2558
-90.2966
-89.3507
-88.437
-87.5612
-86.7211
-85.9105
-85.1207
-84.3414
-83.5611
-82.7662
-81.9397
-81.0601
-80.0969
-79.0046
-77.7076
-76.0671
-73.7849
-70.0518
-61.5484
-19.148
49.6922
49.3977
44.3861
28.8222
6.53258
-7.332
-18.1095
-29.2109
-40.683
-67.1692
-93.9041
-94.929
-94.9458
-94.9055
-94.8093
-94.6196
-94.2836
-93.7596
-93.0473
-92.1915
-91.2558
-90.2966
-89.3508
-88.437
-87.5612
-86.7211
-85.9105
-85.1207
-84.3415
-83.5611
-82.7662
-81.9397
-81.0601
-80.097
-79.0046
-77.7076
-76.0671
-73.7849
-70.0519
-61.5488
-19.1504
49.692
49.3977
44.3861
28.8222
6.53267
-7.33192
-18.1094
-29.2108
-40.6828
-67.1687
-93.9041
-94.929
-94.9458
-94.9055
-94.8093
-94.6196
-94.2836
-93.7596
-93.0474
-92.1915
-91.2558
-90.2966
-89.3508
-88.4371
-87.5612
-86.7211
-85.9105
-85.1207
-84.3415
-83.5612
-82.7662
-81.9397
-81.0601
-80.097
-79.0046
-77.7076
-76.0671
-73.785
-70.052
-61.5491
-19.153
49.6919
49.3976
44.386
28.8222
6.53277
-7.33183
-18.1093
-29.2107
-40.6826
-67.1683
-93.904
-94.929
-94.9458
-94.9055
-94.8093
-94.6196
-94.2836
-93.7596
-93.0474
-92.1915
-91.2559
-90.2966
-89.3508
-88.4371
-87.5612
-86.7211
-85.9106
-85.1207
-84.3415
-83.5612
-82.7662
-81.9397
-81.0601
-80.097
-79.0046
-77.7076
-76.0672
-73.7851
-70.0521
-61.5495
-19.1556
49.6917
49.3976
44.386
28.8222
6.53287
-7.33174
-18.1092
-29.2106
-40.6824
-67.1678
-93.904
-94.929
-94.9458
-94.9055
-94.8093
-94.6196
-94.2836
-93.7596
-93.0474
-92.1915
-91.2559
-90.2966
-89.3508
-88.4371
-87.5612
-86.7211
-85.9106
-85.1207
-84.3415
-83.5612
-82.7662
-81.9397
-81.0601
-80.097
-79.0047
-77.7077
-76.0672
-73.7851
-70.0523
-61.5499
-19.1582
49.6915
49.3976
44.3859
28.8222
6.53296
-7.33165
-18.1092
-29.2105
-40.6822
-67.1674
-93.9039
-94.929
-94.9458
-94.9055
-94.8093
-94.6196
-94.2836
-93.7596
-93.0474
-92.1916
-91.2559
-90.2967
-89.3508
-88.4371
-87.5612
-86.7211
-85.9106
-85.1208
-84.3415
-83.5612
-82.7662
-81.9398
-81.0601
-80.097
-79.0047
-77.7077
-76.0673
-73.7852
-70.0524
-61.5502
-19.1605
49.6914
49.3976
44.3859
28.8222
6.53305
-7.33157
-18.1091
-29.2104
-40.6821
-67.167
-93.9039
-94.929
-94.9458
-94.9055
-94.8093
-94.6196
-94.2836
-93.7597
-93.0474
-92.1916
-91.2559
-90.2967
-89.3508
-88.4371
-87.5613
-86.7212
-85.9106
-85.1208
-84.3415
-83.5612
-82.7662
-81.9398
-81.0601
-80.097
-79.0047
-77.7077
-76.0673
-73.7852
-70.0525
-61.5505
-19.1628
49.6912
49.3975
44.3858
28.8222
6.53313
-7.33149
-18.109
-29.2103
-40.6819
-67.1666
-93.9038
-94.929
-94.9458
-94.9055
-94.8093
-94.6196
-94.2836
-93.7597
-93.0474
-92.1916
-91.2559
-90.2967
-89.3508
-88.4371
-87.5613
-86.7212
-85.9106
-85.1208
-84.3415
-83.5612
-82.7662
-81.9398
-81.0602
-80.0971
-79.0047
-77.7077
-76.0673
-73.7853
-70.0526
-61.5508
-19.1651
49.6911
49.3975
44.3858
28.8222
6.53322
-7.3314
-18.1089
-29.2102
-40.6817
-67.1662
-93.9038
-94.929
-94.9458
-94.9055
-94.8093
-94.6196
-94.2836
-93.7597
-93.0475
-92.1916
-91.256
-90.2967
-89.3509
-88.4371
-87.5613
-86.7212
-85.9106
-85.1208
-84.3415
-83.5612
-82.7662
-81.9398
-81.0602
-80.0971
-79.0047
-77.7078
-76.0674
-73.7854
-70.0527
-61.5512
-19.1676
49.6909
49.3975
44.3857
28.8222
6.53331
-7.33132
-18.1088
-29.2102
-40.6816
-67.1658
-93.9038
-94.929
-94.9458
-94.9055
-94.8093
-94.6196
-94.2836
-93.7597
-93.0475
-92.1916
-91.256
-90.2967
-89.3509
-88.4372
-87.5613
-86.7212
-85.9106
-85.1208
-84.3415
-83.5612
-82.7663
-81.9398
-81.0602
-80.0971
-79.0047
-77.7078
-76.0674
-73.7854
-70.0528
-61.5515
-19.1701
49.6907
49.3975
44.3857
28.8222
6.5334
-7.33123
-18.1087
-29.2101
-40.6814
-67.1653
-93.9037
-94.929
-94.9458
-94.9055
-94.8093
-94.6196
-94.2837
-93.7597
-93.0475
-92.1916
-91.256
-90.2967
-89.3509
-88.4372
-87.5613
-86.7212
-85.9106
-85.1208
-84.3415
-83.5612
-82.7663
-81.9398
-81.0602
-80.0971
-79.0048
-77.7078
-76.0674
-73.7855
-70.0529
-61.5519
-19.1724
49.6906
49.3974
44.3857
28.8222
6.53349
-7.33115
-18.1087
-29.21
-40.6812
-67.1649
-93.9037
-94.929
-94.9458
-94.9055
-94.8093
-94.6196
-94.2837
-93.7597
-93.0475
-92.1917
-91.256
-90.2968
-89.3509
-88.4372
-87.5613
-86.7212
-85.9106
-85.1208
-84.3416
-83.5612
-82.7663
-81.9398
-81.0602
-80.0971
-79.0048
-77.7078
-76.0675
-73.7855
-70.053
-61.5522
-19.1747
49.6904
49.3974
44.3856
28.8222
6.53357
-7.33107
-18.1086
-29.2099
-40.6811
-67.1645
-93.9036
-94.929
-94.9458
-94.9055
-94.8093
-94.6196
-94.2837
-93.7597
-93.0475
-92.1917
-91.256
-90.2968
-89.3509
-88.4372
-87.5613
-86.7212
-85.9107
-85.1208
-84.3416
-83.5613
-82.7663
-81.9398
-81.0602
-80.0971
-79.0048
-77.7079
-76.0675
-73.7856
-70.0531
-61.5525
-19.1769
49.6903
49.3974
44.3856
28.8222
6.53365
-7.33099
-18.1085
-29.2098
-40.6809
-67.1642
-93.9036
-94.929
-94.9458
-94.9055
-94.8093
-94.6196
-94.2837
-93.7597
-93.0475
-92.1917
-91.256
-90.2968
-89.3509
-88.4372
-87.5613
-86.7212
-85.9107
-85.1208
-84.3416
-83.5613
-82.7663
-81.9398
-81.0602
-80.0971
-79.0048
-77.7079
-76.0675
-73.7856
-70.0532
-61.5528
-19.1792
49.6901
49.3974
44.3855
28.8222
6.53374
-7.33091
-18.1084
-29.2097
-40.6807
-67.1638
-93.9035
-94.929
-94.9458
-94.9055
-94.8094
-94.6196
-94.2837
-93.7597
-93.0475
-92.1917
-91.2561
-90.2968
-89.351
-88.4372
-87.5614
-86.7212
-85.9107
-85.1208
-84.3416
-83.5613
-82.7663
-81.9399
-81.0602
-80.0972
-79.0048
-77.7079
-76.0676
-73.7857
-70.0534
-61.5531
-19.1816
49.69
49.3973
44.3855
28.8222
6.53382
-7.33083
-18.1083
-29.2096
-40.6806
-67.1634
-93.9035
-94.929
-94.9458
-94.9055
-94.8094
-94.6196
-94.2837
-93.7598
-93.0476
-92.1917
-91.2561
-90.2968
-89.351
-88.4372
-87.5614
-86.7213
-85.9107
-85.1209
-84.3416
-83.5613
-82.7663
-81.9399
-81.0603
-80.0972
-79.0049
-77.7079
-76.0676
-73.7857

