-70
-52.6035
38.0918
49.6153
45.908
33.0426
11.5402
-4.05128
-15.1678
-26.1342
-35.7462
-54.9057
-90.1024
-94.8715
-94.9659
-94.9589
-94.9226
-94.8441
-94.695
-94.4401
-94.054
-93.5359
-92.907
-92.1957
-91.426
-90.6129
-89.7631
-88.8765
-87.9481
-86.9691
-85.9262
-84.8008
-83.5666
-82.1837
-80.5881
-78.6676
-76.1972
-72.6255
-66.0502
-43.6653
47.2518
49.4194
44.7165
29.8671
7.79721
-6.43875
-17.2863
-28.365
-39.1269
-63.2966
-93.3204
-94.9254
-94.9655
-94.9508
-94.9049
-94.8113
-94.6413
-94.3658
-93.9705
-93.4637
-92.8696
-92.2148
-91.5202
-90.7988
-90.0567
-89.295
-88.5115
-87.7012
-86.8571
-85.9693
-85.0251
-84.0068
-82.8893
-81.6351
-80.1843
-78.4323
-76.1717
-72.9063
-67.0033
-48.4962
43.4201
49.5313
45.3598
31.4992
9.59259
-5.29186
-16.2658
-27.3059
-37.2895
-58.6959
-92.0337
-94.9018
-94.9655
-94.955
-94.9144
-94.8299
-94.675
-94.4213
-94.0538
-93.5798
-93.0237
-92.4131
-91.7706
-91.1105
-90.4405
-89.763
-89.0773
-88.3806
-87.6686
-86.9357
-86.1745
-85.3762
-84.529
-83.6173
-82.6188
-81.5014
-80.2143
-78.6715
-76.7098
-73.9643
-69.3728
-57.8852
9.75115
49.9758
48.9466
41.8454
23.3679
2.12037
-10.4269
-21.0344
-31.9815
-46.2229
-79.3318
-94.6236
-94.9567
-94.9625
-94.9353
-94.8725
-94.7525
-94.5468
-94.2337
-93.8126
-93.3037
-92.7362
-92.1363
-91.5222
-90.9041
-90.2864
-89.6698
-89.0529
-88.4328
-87.8059
-87.1677
-86.5131
-85.8357
-85.1277
-84.3795
-83.5782
-82.7065
-81.7393
-80.6391
-79.3455
-77.7511
-75.6415
-72.4946
-66.5549
-46.7306
45.4129
49.5199
45.4107
31.8922
10.3338
-4.7263
-15.7356
-26.7284
-36.3172
-56.2958
-90.951
-94.8859
-94.9662
-94.958
-94.9208
-94.8422
-94.6972
-94.4586
-94.1125
-93.6678
-93.1503
-92.5889
-92.0071
-91.42
-90.8354
-90.2564
-89.683
-89.1137
-88.5459
-87.9764
-87.4015
-86.8172
-86.2185
-85.6
-84.9548
-84.2745
-83.548
-82.7608
-81.8921
-80.9118
-79.7728
-78.3951
-76.6294
-74.1475
-70.029
-60.2259
-6.19189
49.9649
49.4933
44.696
29.5046
7.2118
-6.88241
-17.704
-28.8026
-39.9261
-65.2818
-93.6496
-94.9315
-94.965
-94.9486
-94.9004
-94.8036
-94.6308
-94.3568
-93.9756
-93.5047
-92.9747
-92.4148
-91.8461
-91.2807
-90.7242
-90.1779
-89.6411
-89.1116
-88.5868
-88.0637
-87.539
-87.0092
-86.4704
-85.9183
-85.3475
-84.7521
-84.1243
-83.4545
-82.7294
-81.9314
-81.0343
-79.9984
-78.7586
-77.1973
-75.0719
-71.7681
-65.0629
-38.887
48.5426
49.4364
45.0512
31.2305
9.844
-4.93536
-15.8878
-26.8721
-36.5366
-56.8313
-91.2475
-94.8924
-94.967
-94.9584
-94.9211
-94.8425
-94.6972
-94.4583
-94.1137
-93.6746
-93.1691
-92.6273
-92.0725
-91.5195
-90.9755
-90.443
-89.9221
-89.4111
-88.9077
-88.4093
-87.9129
-87.4156
-86.914
-86.4045
-85.8832
-85.3454
-84.7856
-84.1972
-83.5714
-82.8972
-82.1595
-81.3367
-80.3969
-79.2897
-77.9276
-76.1434
-73.5573
-69.0427
-57.0886
15.2001
49.9602
48.636
40.9006
22.2424
1.84122
-10.5112
-21.0897
-31.9946
-46.2284
-79.3763
-94.6318
-94.9585
-94.9643
-94.9384
-94.8788
-94.7653
-94.5714
-94.2776
-93.8846
-93.414
-92.8956
-92.356
-91.8136
-91.2787
-90.7558
-90.2459
-89.7481
-89.2605
-88.7807
-88.3062
-87.8342
-87.3619
-86.8863
-86.4041
-85.9116
-85.4048
-84.8787
-84.3276
-83.7441
-83.1188
-82.4392
-81.6878
-80.8397
-79.8565
-78.6754
-77.1837
-75.1507
-72
-65.7043
-42.385
47.839
49.4847
45.343
32.0212
10.821
-4.29549
-15.3177
-26.2619
-35.791
-55.0053
-90.198
-94.8763
-94.9671
-94.9602
-94.9253
-94.8507
-94.7122
-94.4832
-94.1508
-93.7251
-93.2333
-92.7056
-92.1658
-91.6292
-91.1033
-90.5912
-90.0928
-89.6069
-89.1312
-88.6634
-88.2007
-87.7407
-87.2803
-86.8168
-86.3469
-85.8672
-85.3737
-84.8618
-84.3258
-83.7588
-83.1519
-82.4933
-81.7668
-80.9492
-80.0054
-78.8785
-77.4686
-75.5771
-72.729
-67.3847
-50.5729
40.3781
49.6325
46.1252
33.8878
12.9138
-3.09276
-14.3025
-25.1821
-35.1343
-53.4064
-88.9844
-94.855
-94.9666
-94.9615
-94.9287
-94.8584
-94.728
-94.5118
-94.1951
-93.7848
-93.3057
-92.7873
-92.2541
-91.7222
-91.2004
-90.6921
-90.198
-89.7168
-89.2467
-88.7853
-88.3301
-87.8785
-87.428
-86.9757
-86.5187
-86.0537
-85.5771
-85.0848
-84.5718
-84.0322
-83.4583
-82.8403
-82.165
-81.4139
-80.56
-79.5614
-78.3484
-76.7931
-74.6246
-71.1293
-63.5401
-29.3129
48.8078
49.4184
44.9878
31.1318
9.7936
-4.94545
-15.8898
-26.8703
-36.5302
-56.8156
-91.2439
-94.8928
-94.9671
-94.9586
-94.9214
-94.8429
-94.6975
-94.4583
-94.1137
-93.6768
-93.1773
-92.6463
-92.1074
-91.575
-91.0558
-90.5522
-90.0636
-89.5885
-89.1244
-88.6689
-88.2193
-87.7731
-87.3276
-86.8799
-86.4272
-85.9662
-85.4933
-85.0043
-84.4943
-83.9571
-83.3851
-82.7683
-82.0934
-81.3416
-80.4853
-79.4814
-78.2584
-76.6835
-74.4734
-70.8701
-62.8487
-24.6504
49.0945
49.4377
45.0167
31.0851
9.62119
-5.09766
-16.0381
-27.0349
-36.809
-57.5051
-91.5679
-94.8974
-94.9669
-94.9576
-94.9195
-94.8392
-94.6912
-94.4485
-94.1004
-93.6607
-93.1596
-92.6284
-92.0905
-91.5598
-91.0431
-90.5422
-90.0567
-89.5848
-89.1242
-88.6724
-88.2268
-87.7847
-87.3436
-86.9006
-86.453
-85.9976
-85.5308
-85.0486
-84.5461
-84.0177
-83.4559
-82.8513
-82.1913
-81.4581
-80.6262
-79.6561
-78.4828
-76.9884
-74.9285
-71.6805
-64.9774
-38.2634
48.6366
49.4488
45.1785
31.6816
10.507
-4.46179
-15.4535
-26.4014
-35.8662
-55.1876
-90.3216
-94.8788
-94.9673
-94.9602
-94.9251
-94.8503
-94.7111
-94.481
-94.1473
-93.7212
-93.2306
-92.7063
-92.1722
-91.6432
-91.1268
-90.6258
-90.14
-89.668
-89.2077
-88.7566
-88.3122
-87.8719
-87.4333
-86.9936
-86.55
-86.0994
-85.6384
-85.1633
-84.6694
-84.1514
-83.6023
-83.0136
-82.3735
-81.6662
-80.8689
-79.947
-78.8448
-77.4646
-75.6127
-72.8291
-67.6419
-51.6888
37.9045
49.6732
46.362
34.4967
13.6634
-2.65997
-13.9391
-24.7901
-34.8739
-52.7775
-88.429
-94.8452
-94.9664
-94.962
-94.93
-94.8613
-94.7336
-94.5214
-94.2096
-93.8044
-93.3303
-92.8168
-92.2888
-91.7626
-91.2471
-90.746
-90.2599
-89.7879
-89.3278
-88.8776
-88.4348
-87.997
-87.5615
-87.1258
-86.6872
-86.2429
-85.7895
-85.3235
-84.8405
-84.3357
-83.8029
-83.2341
-82.6191
-81.9441
-81.1893
-80.326
-79.3087
-78.0605
-76.4375
-74.1251
-70.25
-61.0743
-11.9103
49.9324
49.5444
45.218
31.1275
9.24632
-5.47954
-16.4223
-27.4648
-37.5535
-59.3553
-92.2833
-94.907
-94.9659
-94.9547
-94.9136
-94.8283
-94.6728
-94.4209
-94.0642
-93.6189
-93.1159
-92.5862
-92.0524
-91.5276
-91.0179
-90.5249
-90.0478
-89.5849
-89.1337
-88.6918
-88.2566
-87.8255
-87.3961
-86.9657
-86.5317
-86.0909
-85.6403
-85.176
-84.6939
-84.1886
-83.6537
-83.081
-82.4598
-81.775
-81.0058
-80.1208
-79.07
-77.7674
-76.0478
-73.536
-69.1225
-57.4288
13.3619
49.9678
48.8099
41.626
23.6206
2.82826
-9.76085
-20.2952
-31.2645
-44.6844
-76.3424
-94.5287
-94.9556
-94.9652
-94.9415
-94.8852
-94.777
-94.5907
-94.3065
-93.9243
-93.4653
-92.96
-92.4354
-91.9104
-91.3957
-90.8958
-90.4119
-89.943
-89.4873
-89.0427
-88.6066
-88.1768
-87.7507
-87.3258
-86.8997
-86.4695
-86.0326
-85.5854
-85.1245
-84.6454
-84.1429
-83.6107
-83.0404
-82.4212
-81.7382
-80.9701
-80.0855
-79.0337
-77.7278
-76
-73.4672
-68.9891
-56.954
16.2608
49.9556
48.5821
40.8065
22.2737
2.01152
-10.3419
-20.8898
-31.8012
-45.8071
-78.5942
-94.6105
-94.9584
-94.965
-94.94
-94.8819
-94.7711
-94.5816
-94.2941
-93.9096
-93.4497
-92.9446
-92.4212
-91.898
-91.3852
-90.8875
-90.4057
-89.9389
-89.4855
-89.043
-88.6092
-88.1818
-87.7582
-87.3359
-86.9125
-86.4854
-86.0516
-85.608
-85.1509
-84.6761
-84.1786
-83.652
-83.0884
-82.4772
-81.8041
-81.0489
-80.1812
-79.1535
-77.8842
-76.218
-73.8097
-69.6676
-59.2629
1.21205
49.9776
49.3857
44.1742
28.564
6.59875
-7.19386
-17.9551
-29.0352
-40.3364
-66.3013
-93.7915
-94.9356
-94.9657
-94.9489
-94.9009
-94.8053
-94.6357
-94.3688
-94.0004
-93.5495
-93.0471
-92.5223
-91.996
-91.4798
-90.9791
-90.4952
-90.0273
-89.5735
-89.1315
-88.6989
-88.2733
-87.8521
-87.4331
-87.0137
-86.5912
-86.163
-85.7259
-85.2766
-84.8111
-84.3245
-83.8112
-83.2638
-82.6726
-82.0249
-81.3028
-80.48
-79.5162
-78.344
-76.8408
-74.7495
-71.4038
-64.3016
-34.1482
48.8845
49.428
45.079
31.4573
10.2736
-4.60013
-15.5722
-26.5264
-35.9821
-55.4712
-90.5018
-94.8818
-94.9673
-94.96
-94.9245
-94.8489
-94.7083
-94.476
-94.1396
-93.7112
-93.2198
-92.6969
-92.1663
-91.6427
-91.1333
-90.6406
-90.1642
-89.7025
-89.2533
-88.8142
-88.3827
-87.9564
-87.5327
-87.1091
-86.683
-86.2516
-85.812
-85.3607
-84.8936
-84.4062
-83.8927
-83.3461
-82.7569
-82.1128
-81.3964
-80.5826
-79.6325
-78.4828
-77.0183
-75.0022
-71.8362
-65.3795
-40.5178
48.3102
49.4735
45.3214
32.0587
10.9684
-4.16366
-15.1897
-26.1185
-35.7007
-54.7825
-90.0537
-94.8747
-94.9673
-94.9607
-94.9262
-94.8525
-94.7155
-94.4888
-94.1594
-93.738
-93.2523
-92.7327
-92.2036
-91.6798
-91.1693
-90.6747
-90.1961
-89.7321
-89.2806
-88.8393
-88.4056
-87.9772
-87.5515
-87.126
-86.6981
-86.2651
-85.8238
-85.3709
-84.9023
-84.4135
-83.8986
-83.3505
-82.7599
-82.1142
-81.3963
-80.5808
-79.6289
-78.4768
-77.0093
-74.9885
-71.8126
-65.3234
-40.2068
48.3669
49.4704
45.3054
32.0204
10.9257
-4.18961
-15.2122
-26.1424
-35.7147
-54.8168
-90.0773
-94.8751
-94.9673
-94.9607
-94.9261
-94.8523
-94.7151
-94.488
-94.1582
-93.7362
-93.2498
-92.7296
-92.1997
-91.6752
-91.1639
-90.6685
-90.1891
-89.7243
-89.2719
-88.8296
-88.395
-87.9656
-87.5389
-87.1124
-86.6833
-86.2491
-85.8065
-85.3521
-84.8818
-84.3911
-83.874
-83.3233
-82.7296
-82.0801
-81.3573
-80.5353
-79.5744
-78.409
-76.9198
-74.8586
-71.5897
-64.7731
-37.0177
48.7542
49.4433
45.1628
31.6735
10.5319
-4.4331
-15.4242
-26.3681
-35.8451
-55.1355
-90.2903
-94.8785
-94.9673
-94.9603
-94.9253
-94.8506
-94.7115
-94.4815
-94.148
-93.7223
-93.2327
-92.7101
-92.1787
-91.6533
-91.1413
-90.6456
-90.166
-89.7009
-89.2483
-88.8056
-88.3706
-87.9407
-87.5134
-87.086
-86.6561
-86.2207
-85.7768
-85.3209
-84.8489
-84.3559
-83.8362
-83.2824
-82.6847
-82.0301
-81.3007
-80.4697
-79.4962
-78.3119
-76.7914
-74.6715
-71.263
-63.9357
-31.8369
48.8916
49.4219
45.0361
31.3244
10.0917
-4.72675
-15.6874
-26.6507
-36.1735
-55.9391
-90.7769
-94.8859
-94.9672
-94.9595
-94.9234
-94.8468
-94.7044
-94.4697
-94.1304
-93.6991
-93.205
-92.6794
-92.1462
-91.6199
-91.1078
-90.6122
-90.1328
-89.668
-89.2155
-88.773
-88.338
-87.9078
-87.4802
-87.0523
-86.6217
-86.1853
-85.7402
-85.2828
-84.8089
-84.3137
-83.7912
-83.2338
-82.6316
-81.9713
-81.2342
-80.3929
-79.4046
-78.1978
-76.6399
-74.4477
-70.8638
-62.8623
-24.6806
49.09
49.4414
45.051
31.2011
9.78486
-4.98207
-15.9324
-26.9211
-36.6192
-57.0367
-91.3493
-94.894
-94.9669
-94.958
-94.9204
-94.841
-94.6942
-94.4533
-94.1073
-93.67
-93.1715
-92.6434
-92.1093
-91.5832
-91.0719
-90.5774
-90.0993
-89.6358
-89.1847
-88.7434
-88.3094
-87.8802
-87.4534
-87.0263
-86.5962
-86.1603
-85.7154
-85.2581
-84.7842
-84.2888
-83.7658
-83.2076
-82.6041
-81.9421
-81.2024
-80.3572
-79.3632
-78.1472
-76.5735
-74.3503
-70.6887
-62.3749
-21.2773
49.5944
49.4686
45.0934
31.1868
9.6582
-5.10104
-16.0499
-27.0523
-36.8425
-57.5892
-91.6025
-94.8975
-94.9666
-94.9572
-94.9187
-94.8379
-94.6889
-94.4452
-94.0964
-93.6569
-93.1572
-92.6288
-92.0951
-91.57
-91.0599
-90.5668
-90.0902
-89.6282
-89.1786
-88.7389
-88.3064
-87.8788
-87.4536
-87.0282
-86.5998
-86.1657
-85.7229
-85.2676
-84.796
-84.3031
-83.783
-83.228
-82.6284
-81.971
-81.2372
-80.3997
-79.4162
-78.2158
-76.6676
-74.4924
-70.9474
-63.0946
-26.2674
48.6712
49.4317
45.042
31.2242
9.85256
-4.9244
-15.8767
-26.8597
-36.5156
-56.7808
-91.2244
-94.8923
-94.967
-94.9584
-94.9211
-94.8423
-94.6965
-94.457
-94.1124
-93.6765
-93.1791
-92.6519
-92.1184
-91.5929
-91.0821
-90.5883
-90.1109
-89.6482
-89.1979
-88.7576
-88.3248
-87.8969
-87.4714
-87.0459
-86.6176
-86.1837
-85.7411
-85.2864
-84.8155
-84.3234
-83.8044
-83.251
-82.6535
-81.9987
-81.2683
-80.4356
-79.4591
-78.2693
-76.7387
-74.5977
-71.136
-63.6024
-29.661
48.8233
49.4219
45.0228
31.2556
9.97369
-4.81666
-15.7716
-26.7427
-36.3191
-56.2964
-90.9744
-94.8888
-94.9672
-94.959
-94.9225
-94.845
-94.7012
-94.4645
-94.123
-93.6898
-93.1944
-92.6682
-92.135
-91.6092
-91.0979
-90.6034
-90.1253
-89.662
-89.211
-88.7701
-88.3367
-87.9084
-87.4826
-87.0567
-86.6282
-86.1942
-85.7516
-85.297
-84.8262
-84.3345
-83.816
-83.2632
-82.6666
-82.0131
-81.2845
-80.4543
-79.4813
-78.297
-76.7756
-74.6524
-71.2333
-63.8608
-31.345
48.8809
49.4214
45.0307
31.3039
10.0603
-4.74965
-15.7086
-26.6738
-36.2093
-56.027
-90.8265
-94.8866
-94.9672
-94.9593
-94.9232
-94.8463
-94.7036
-94.4683
-94.1286
-93.6969
-93.2026
-92.677
-92.1439
-91.6181
-91.1066
-90.6117
-90.1332
-89.6694
-89.2181
-88.7769
-88.3433
-87.9147
-87.4888
-87.0629
-86.6344
-86.2004
-85.758
-85.3036
-84.8331
-84.3418
-83.8238
-83.2717
-82.676
-82.0236
-81.2967
-80.4687
-79.4988
-78.3192
-76.8057
-74.6974
-71.3139
-64.0735
-32.7078
48.8973
49.4233
45.0472
31.3623
10.1465
-4.68777
-15.6517
-26.6121
-36.1138
-55.7924
-90.6926
-94.8846
-94.9672
-94.9596
-94.9237
-94.8474
-94.7056
-94.4716
-94.1333
-93.7029
-93.2096
-92.6846
-92.1519
-91.626
-91.1143
-90.6193
-90.1405
-89.6765
-89.2251
-88.7837
-88.35
-87.9215
-87.4956
-87.0698
-86.6415
-86.2078
-85.7658
-85.3118
-84.8419
-84.3513
-83.8342
-83.2833
-82.689
-82.0385
-81.3139
-80.4891
-79.5238
-78.3511
-76.8489
-74.7616
-71.4284
-64.3724
-34.585
48.8742
49.4294
45.0855
31.4733
10.2918
-4.58869
-15.5622
-26.5158
-35.9661
-55.4321
-90.4772
-94.8813
-94.9673
-94.96
-94.9245
-94.8489
-94.7084
-94.4763
-94.1402
-93.7118
-93.2201
-92.6961
-92.1639
-91.6382
-91.1264
-90.6311
-90.1522
-89.688
-89.2364
-88.795
-88.3613
-87.9329
-87.5072
-87.0818
-86.6539
-86.2208
-85.7794
-85.3263
-84.8574
-84.3681
-83.8525
-83.3035
-82.7116
-82.0641
-81.3434
-80.524
-79.5662
-78.4047
-76.9208
-74.868
-71.6154
-64.8491
-37.4733
48.7152
49.4465
45.1795
31.7144
10.5787
-4.40381
-15.3986
-26.3409
-35.8296
-55.0975
-90.2652
-94.8781
-94.9673
-94.9603
-94.9254
-94.8507
-94.7118
-94.4822
-94.1493
-93.7242
-93.2351
-92.713
-92.1818
-91.6565
-91.1449
-90.6495
-90.1704
-89.706
-89.2544
-88.813
-88.3794
-87.9513
-87.526
-87.1011
-86.6739
-86.2417
-85.8014
-85.3496
-84.8823
-84.395
-83.8818
-83.3357
-82.7474
-82.1045
-81.39
-80.5787
-79.6323
-78.4878
-77.0317
-75.0303
-71.8966
-65.5443
-41.4485
48.1022
49.4832
45.3716
32.1774
11.1
-4.08458
-15.1218
-26.0463
-35.6586
-54.6794
-89.9821
-94.8736
-94.9673
-94.9608
-94.9264
-94.8529
-94.7164
-94.4905
-94.1623
-93.7418
-93.2565
-92.737
-92.2072
-91.6827
-91.1712
-90.6757
-90.1964
-89.7319
-89.2802
-88.8389
-88.4055
-87.9778
-87.5531
-87.1289
-86.7027
-86.2717
-85.8329
-85.3829
-84.9178
-84.4331
-83.9231
-83.3809
-82.7975
-82.1609
-81.4544
-80.6538
-79.7226
-78.6007
-77.1808
-75.2461
-72.2629
-66.4122
-46.0053
46.1111
49.5419
45.6758
32.8962
11.8987
-3.61605
-14.7231
-25.6224
-35.4034
-54.0574
-89.5241
-94.8658
-94.9671
-94.9613
-94.9277
-94.856
-94.7227
-94.502
-94.1803
-93.7661
-93.2858
-92.7695
-92.2416
-91.7178
-91.2064
-90.7108
-90.2313
-89.7666
-89.3148
-88.8735
-88.4405
-88.0132
-87.5891
-87.1659
-86.7409
-86.3114
-85.8744
-85.4266
-84.9642
-84.4827
-83.9767
-83.4394
-82.862
-82.233
-81.5363
-80.7489
-79.8361
-78.7412
-77.365
-75.5088
-72.6988
-67.3957
-50.6262
40.2995
49.6388
46.1864
34.1082
13.2652
-2.85057
-14.0864
-24.9434
-34.9715
-53.012
-88.6498
-94.8499
-94.9666
-94.962
-94.9297
-94.8605
-94.732
-94.5185
-94.2053
-93.7993
-93.3251
-92.8128
-92.2871
-91.7643
-91.2533
-90.7577
-90.278
-89.8133
-89.3616
-88.9207
-88.4882
-88.0616
-87.6387
-87.2169
-86.7937
-86.3663
-85.9319
-85.4873
-85.0287
-84.5518
-84.0513
-83.5207
-82.9516
-82.333
-81.6498
-80.8805
-79.9925
-78.934
-77.6151
-75.8605
-73.2663
-68.602
-55.5483
23.8766
49.8887
47.8204
38.3847
18.6465
-0.0107228
-11.8439
-22.5271
-33.1997
-48.8717
-83.7894
-94.7501
-94.9631
-94.9639
-94.9358
-94.8733
-94.7557
-94.5572
-94.2603
-93.8682
-93.4036
-92.8966
-92.3732
-91.8511
-91.3399
-90.844
-90.3643
-89.8999
-89.4488
-89.009
-88.5781
-88.1538
-87.7336
-87.3152
-86.896
-86.4735
-86.0449
-85.607
-85.1563
-84.6887
-84.1995
-83.6824
-83.13
-82.5322
-81.8755
-81.141
-80.3007
-79.3105
-78.0971
-76.5232
-74.293
-70.6014
-62.1376
-19.5515
49.7264
49.4867
45.1466
31.2751
9.71978
-5.0753
-16.0315
-27.0353
-36.8165
-57.5259
-91.5727
-94.8968
-94.9665
-94.9571
-94.9186
-94.8375
-94.6883
-94.4441
-94.0949
-93.6554
-93.1563
-92.6291
-92.0973
-91.5746
-91.0676
-90.578
-90.1055
-89.648
-89.2034
-88.7691
-88.3427
-87.9217
-87.5036
-87.086
-86.6663
-86.2418
-85.8095
-85.3662
-84.9081
-84.4306
-83.9284
-83.3946
-82.8206
-82.1947
-81.5008
-80.7159
-79.8048
-78.7107
-77.3335
-75.4723
-72.6467
-67.2885
-50.1577
41.2014
49.6249
46.1113
33.9267
13.0554
-2.96689
-14.1825
-25.0463
-35.0391
-53.1747
-88.7947
-94.8526
-94.9667
-94.9619
-94.9294
-94.8599
-94.7308
-94.5166
-94.2028
-93.7965
-93.3228
-92.8115
-92.2873
-91.7664
-91.2576
-90.7643
-90.2872
-89.8252
-89.3763
-88.9384
-88.5091
-88.086
-87.6666
-87.2487
-86.8297
-86.4069
-85.9775
-85.5385
-85.0861
-84.6161
-84.1236
-83.6024
-83.0445
-82.4395
-81.7732
-81.0256
-80.167
-79.1504
-77.8956
-76.2506
-73.8788
-69.8211
-59.7699
-2.33605
49.9736
49.4643
44.6251
29.6031
7.59325
-6.547
-17.3756
-28.4509
-39.2747
-63.6568
-93.3796
-94.9268
-94.9657
-94.9509
-94.9054
-94.8133
-94.6485
-94.3866
-94.0221
-93.5731
-93.071
-92.5457
-92.0186
-91.5019
-91.0014
-90.5182
-90.0518
-89.6002
-89.1612
-88.7323
-88.311
-87.8949
-87.4817
-87.069
-86.6542
-86.2346
-85.8075
-85.3695
-84.9169
-84.4454
-83.9497
-83.4232
-82.8574
-82.2411
-81.5588
-80.7884
-79.8965
-78.8294
-77.4931
-75.7034
-73.0279
-68.1165
-53.6705
31.9001
49.7705
46.9499
36
15.5119
-1.65437
-13.1221
-23.9097
-34.2576
-51.3107
-86.9338
-94.8169
-94.9654
-94.9629
-94.9324
-94.8663
-94.7432
-94.5374
-94.2333
-93.8358
-93.3687
-92.8619
-92.3405
-91.8216
-91.3143
-90.8226
-90.3471
-89.887
-89.4403
-89.0049
-88.5785
-88.1587
-87.7433
-87.3297
-86.9157
-86.4985
-86.0756
-85.6438
-85.1998
-84.7397
-84.2587
-83.7511
-83.2096
-82.6248
-81.984
-81.2694
-80.4551
-79.5012
-78.3413
-76.8544
-74.7882
-71.4917
-64.5426
-35.5878
48.8416
49.4377
45.1424
31.6439
10.5206
-4.43155
-15.4201
-26.3623
-35.8405
-55.1243
-90.2848
-94.8786
-94.9674
-94.9604
-94.9253
-94.8505
-94.7113
-94.4809
-94.1469
-93.721
-93.2318
-92.7105
-92.1814
-91.6592
-91.1515
-90.6607
-90.1868
-89.7281
-89.2825
-88.8477
-88.4212
-88.0005
-87.5833
-87.1671
-86.7494
-86.3275
-85.8985
-85.4593
-85.0063
-84.535
-84.0405
-83.5162
-82.9539
-82.3429
-81.6684
-80.9092
-80.0339
-78.9921
-77.6973
-75.9822
-73.4656
-69.0127
-57.0512
15.736
49.9584
48.6323
40.999
22.6161
2.24181
-10.1683
-20.6986
-31.626
-45.4347
-77.868
-94.5859
-94.9576
-94.9651
-94.9406
-94.8832
-94.7734
-94.5851
-94.2989
-93.9155
-93.4565
-92.9523
-92.4302
-91.9086
-91.3981
-90.9033
-90.4251
-89.9628
-89.5145
-89.078
-88.651
-88.2311
-87.8159
-87.4032
-86.9904
-86.5751
-86.1545
-85.7258
-85.2856
-84.8302
-84.355
-83.8546
-83.322
-82.7484
-82.1219
-81.4262
-80.6374
-79.7195
-78.6135
-77.2145
-75.3113
-72.3882
-66.7135
-47.4782
44.8806
49.5675
45.8157
33.2437
12.3092
-3.37096
-14.5137
-25.3976
-35.2619
-53.7138
-89.2553
-94.8613
-94.9671
-94.9616
-94.9285
-94.8576
-94.726
-94.5078
-94.1893
-93.7788
-93.3022
-92.7896
-92.2654
-91.7455
-91.2383
-90.7471
-90.2724
-89.813
-89.3668
-88.9318
-88.5054
-88.0853
-87.6692
-87.2546
-86.8391
-86.42
-85.9946
-85.5599
-85.1122
-84.6475
-84.1609
-83.6464
-83.0964
-82.5008
-81.8461
-81.1133
-80.274
-79.2843
-78.0699
-76.4921
-74.2513
-70.5278
-61.9221
-17.9705
49.8047
49.5016
45.181
31.3071
9.70627
-5.10105
-16.0597
-27.0683
-36.8739
-57.6681
-91.6335
-94.8975
-94.9664
-94.9569
-94.918
-94.8366
-94.6867
-94.4418
-94.092
-93.6522
-93.1535
-92.6272
-92.0967
-91.5758
-91.0709
-90.5837
-90.1137
-89.659
-89.2173
-88.7861
-88.363
-87.9455
-87.5313
-87.1178
-86.7026
-86.283
-85.8561
-85.4188
-84.9674
-84.4976
-84.0042
-83.4808
-82.9191
-82.3082
-81.6333
-80.873
-79.9953
-78.9492
-77.6467
-75.9163
-73.3661
-68.8167
-56.349
19.733
49.9317
48.26
39.7357
20.6154
1.06544
-11.0326
-21.6434
-32.4627
-47.2325
-81.1874
-94.6863
-94.9609
-94.9645
-94.938
-94.8779
-94.764
-94.5706
-94.2793
-93.8921
-93.4314
-92.9273
-92.4063
-91.8865
-91.3779
-90.8849
-90.4085
-89.9478
-89.501
-89.0659
-88.6403
-88.2217
-87.8078
-87.3963
-86.9848
-86.5707
-86.1514
-85.724
-85.2852
-84.8313
-84.3577
-83.8589
-83.3282
-82.7568
-82.1328
-81.44
-80.655
-79.742
-78.6428
-77.2544
-75.3696
-72.4857
-66.9329
-48.5099
43.727
49.5875
45.9221
33.4998
12.603
-3.20264
-14.3724
-25.2464
-35.1658
-53.4806
-89.0631
-94.858
-94.967
-94.9618
-94.929
-94.8587
-94.7281
-94.5117
-94.1952
-93.7867
-93.3116
-92.8001
-92.2768
-91.7575
-91.2508
-90.7601
-90.2859
-89.8271
-89.3816
-88.9473
-88.5218
-88.1027
-87.6877
-87.2744
-86.8603
-86.4428
-86.0193
-85.5866
-85.1413
-84.6794
-84.1961
-83.6854
-83.14
-82.55
-81.9024
-81.1787
-80.3517
-79.3793
-78.191
-76.6566
-74.4988
-70.9804
-63.195
-26.8794
48.6388
49.4331
45.0722
31.3442
10.0365
-4.79024
-15.7527
-26.7253
-36.293
-56.2337
-90.9389
-94.888
-94.967
-94.9589
-94.9223
-94.8446
-94.7004
-94.4629
-94.1205
-93.6867
-93.1914
-92.6663
-92.1354
-91.613
-91.106
-90.6166
-90.1443
-89.6873
-89.2435
-88.8103
-88.3853
-87.9662
-87.5503
-87.1353
-86.7187
-86.2978
-85.8697
-85.4313
-84.9788
-84.508
-84.0138
-83.4896
-82.9271
-82.3156
-81.6401
-80.8793
-80.0014
-78.9553
-77.6532
-75.9242
-73.3776
-68.8391
-56.4292
19.2972
49.9354
48.3041
39.88
20.8376
1.19291
-10.9374
-21.5392
-32.3727
-47.0358
-80.8474
-94.6771
-94.9606
-94.9646
-94.9383
-94.8785
-94.7651
-94.5722
-94.2813
-93.8944
-93.4336
-92.9292
-92.4078
-91.8874
-91.3782
-90.8847
-90.4077
-89.9464
-89.4991
-89.0635
-88.6373
-88.2182
-87.8038
-87.3918
-86.9797
-86.5652
-86.1453
-85.7174
-85.278
-84.8234
-84.3491
-83.8495
-83.3179
-82.7454
-82.1201
-81.4258
-80.6386
-79.7228
-78.6195
-77.2244
-75.3275
-72.4172
-66.7805
-47.7944
44.554
49.5735
45.8488
33.3256
12.406
-3.31408
-14.4654
-25.3457
-35.2288
-53.6337
-89.1902
-94.8602
-94.9671
-94.9617
-94.9287
-94.858
-94.7267
-94.5091
-94.1913
-93.7815
-93.3054
-92.7932
-92.2693
-91.7497
-91.2428
-90.7521
-90.2778
-89.8189
-89.3733
-88.9389
-88.5133
-88.0942
-87.679
-87.2656
-86.8514
-86.4338
-86.0101
-85.5772
-85.1317
-84.6694
-84.1857
-83.6746
-83.1286
-82.5379
-81.8893
-81.1643
-80.3356
-79.3606
-78.1683
-76.6272
-74.4562
-70.9053
-62.9919
-25.496
48.8978
49.4399
45.0788
31.323
9.976
-4.84191
-15.8026
-26.7806
-36.3853
-56.4609
-91.0595
-94.8897
-94.967
-94.9586
-94.9217
-94.8434
-94.6983
-94.4597
-94.1161
-93.6812
-93.1852
-92.6598
-92.1288
-91.6065
-91.0998
-90.6107
-90.1387
-89.6822
-89.2388
-88.806
-88.3815
-87.9628
-87.5474
-87.1329
-86.7168
-86.2965
-85.869
-85.4312
-84.9795
-84.5095
-84.0162
-83.493
-82.9317
-82.3216
-81.6479
-80.8893
-80.0144
-78.9724
-77.6765
-75.9581
-73.4329
-68.9529
-56.8435
16.9489
49.9518
48.5262
40.6252
22.0061
1.87198
-10.4375
-20.9925
-31.8914
-45.9973
-78.9574
-94.6217
-94.9588
-94.965
-94.9398
-94.8815
-94.7704
-94.5805
-94.2926
-93.9081
-93.4486
-92.9447
-92.4231
-91.9024
-91.3929
-90.8991
-90.4221
-89.9609
-89.5137
-89.0785
-88.6528
-88.2344
-87.8208
-87.4097
-86.9988
-86.5855
-86.1672
-85.7409
-85.3035
-84.8512
-84.3796
-83.8832
-83.3554
-82.7876
-82.1682
-81.4812
-80.7039
-79.8016
-78.7182
-77.3548
-75.5145
-72.7278
-67.4755
-50.9759
39.599
49.6507
46.2581
34.2994
13.5106
-2.70363
-13.9616
-24.808
-34.8798
-52.7905
-88.4517
-94.8466
-94.9666
-94.9622
-94.9302
-94.8615
-94.7338
-94.5217
-94.2103
-93.8065
-93.3351
-92.8259
-92.3037
-91.785
-91.2786
-90.788
-90.3138
-89.8551
-89.4099
-88.976
-88.551
-88.1328
-87.7188
-87.3068
-86.8942
-86.4787
-86.0574
-85.6273
-85.1851
-84.7269
-84.248
-83.7426
-83.2035
-82.6214
-81.9838
-81.2729
-80.4633
-79.5153
-78.3636
-76.8892
-74.8449
-71.5973
-64.8168
-37.2378
48.739
49.4484
45.2014
31.7958
10.7026
-4.31466
-15.3168
-26.2517
-35.7765
-54.9674
-90.1814
-94.877
-94.9674
-94.9605
-94.9258
-94.8515
-94.7132
-94.4844
-94.1524
-93.7286
-93.2413
-92.7215
-92.1934
-91.6721
-91.165
-90.675
-90.2018
-89.744
-89.2996
-88.8661
-88.4411
-88.0223
-87.6072
-87.1934
-86.7785
-86.3597
-85.9343
-85.4992
-85.0509
-84.5852
-84.097
-83.5803
-83.0272
-82.4274
-81.7669
-81.026
-80.1754
-79.1689
-77.9281
-76.3045
-73.9717
-70.0097
-60.3747
-6.70745
49.9631
49.5273
45.0297
30.5915
8.61375
-5.89487
-16.7952
-27.8553
-38.225
-61.0274
-92.7877
-94.9155
-94.9657
-94.953
-94.9101
-94.822
-94.6625
-94.4067
-94.0472
-93.6014
-93.1007
-92.5755
-92.0481
-91.5312
-91.0307
-90.548
-90.0825
-89.6322
-89.195
-88.7682
-88.3495
-87.9365
-87.5269
-87.1181
-86.7078
-86.2934
-85.8721
-85.4407
-84.9958
-84.5332
-84.0479
-83.5338
-82.9829
-82.3849
-81.7257
-80.9853
-80.1341
-79.1255
-77.8794
-76.2447
-73.8868
-69.8545
-59.8949
-3.24992
49.9718
49.4796
44.7182
29.8227
7.8105
-6.40833
-17.2522
-28.3254
-39.0508
-63.0968
-93.2718
-94.9246
-94.9657
-94.9513
-94.9063
-94.8151
-94.6516
-94.3914
-94.0287
-93.5816
-93.0814
-92.5582
-92.0335
-91.5197
-91.0222
-90.5427
-90.0803
-89.633
-89.1988
-88.7751
-88.3595
-87.9497
-87.5433
-87.1379
-86.7312
-86.3206
-85.9034
-85.4765
-85.0365
-84.5794
-84.1003
-83.5932
-83.0507
-82.4628
-81.8161
-81.0916
-80.2617
-79.2826
-78.0813
-76.5213
-74.3094
-70.6488
-62.2822
-20.5481
49.6561
49.4786
45.1387
31.3022
9.79454
-5.01231
-15.9708
-26.9685
-36.7035
-57.2466
-91.4454
-94.895
-94.9666
-94.9575
-94.9193
-94.8391
-94.691
-94.4486
-94.1015
-93.6644
-93.168
-92.644
-92.1157
-91.5971
-91.0947
-90.6103
-90.1434
-89.6922
-89.2542
-88.8271
-88.4085
-87.996
-87.5871
-87.1794
-86.7706
-86.3581
-85.9391
-85.5106
-85.0692
-84.6109
-84.1306
-83.6227
-83.0795
-82.4913
-81.8446
-81.1208
-80.2922
-79.3157
-78.1191
-76.568
-74.3747
-70.7627
-62.5965
-22.7449
49.4266
49.4595
45.104
31.2953
9.86049
-4.94468
-15.9028
-26.8919
-36.5728
-56.9227
-91.2919
-94.8929
-94.9668
-94.958
-94.9204
-94.841
-94.6943
-94.4536
-94.1081
-93.6721
-93.1762
-92.6518
-92.1228
-91.6031
-91.0993
-90.6135
-90.1451
-89.6923
-89.2527
-88.8239
-88.4036
-87.9892
-87.5785
-87.1689
-86.758
-86.3433
-85.9219
-85.4908
-85.0466
-84.585
-84.1012
-83.5892
-83.0411
-82.447
-81.793
-81.0599
-80.219
-79.2253
-78.0029
-76.4092
-74.1328
-70.3137
-61.2936
-13.3931
49.9148
49.5375
45.2386
31.269
9.49207
-5.2952
-16.2501
-27.2791
-37.2355
-58.5648
-91.9978
-94.9026
-94.966
-94.9556
-94.9154
-94.8318
-94.6787
-94.4302
-94.0773
-93.636
-93.1373
-92.6127
-92.0849
-91.5674
-91.0663
-90.5832
-90.1175
-89.6673
-89.2303
-88.8041
-88.3861
-87.974
-87.5655
-87.1581
-86.7494
-86.3369
-85.9178
-85.489
-85.0471
-84.588
-84.1068
-83.5976
-83.0528
-82.4624
-81.8127
-81.0849
-80.2507
-79.2661
-78.057
-76.4848
-74.2499
-70.5335
-61.9421
-18.0962
49.7982
49.5
45.1761
31.2976
9.69771
-5.10569
-16.0636
-27.0722
-36.8802
-57.6838
-91.6406
-94.8977
-94.9664
-94.9568
-94.918
-94.8366
-94.6869
-94.4424
-94.0933
-93.6546
-93.1574
-92.633
-92.1049
-91.5866
-91.0846
-90.6007
-90.1342
-89.6832
-89.2455
-88.8187
-88.4002
-87.9877
-87.5788
-87.1711
-86.7623
-86.3496
-85.9303
-85.5015
-85.0597
-84.6008
-84.1199
-83.6112
-83.067
-82.4774
-81.8289
-81.1027
-80.2709
-79.2898
-78.0861
-76.523
-74.3064
-70.6362
-62.2339
-20.1685
49.6839
49.4818
45.1433
31.2973
9.7738
-5.03086
-15.989
-26.9886
-36.7375
-57.3302
-91.4838
-94.8955
-94.9666
-94.9574
-94.9191
-94.8386
-94.6903
-94.4475
-94.1
-93.6625
-93.1658
-92.6414
-92.1129
-91.5939
-91.0912
-90.6064
-90.1391
-89.6873
-89.2488
-88.8211
-88.4018
-87.9885
-87.5788
-87.1703
-86.7605
-86.3469
-85.9268
-85.497
-85.0541
-84.594
-84.1118
-83.6016
-83.0557
-82.4641
-81.8132
-81.0839
-80.248
-79.2612
-78.0491
-76.4722
-74.2286
-70.4912
-61.8142
-17.1542
49.8333
49.5083
45.192
31.301
9.66773
-5.13624
-16.0943
-27.1066
-36.9393
-57.8305
-91.7033
-94.8985
-94.9663
-94.9566
-94.9176
-94.8358
-94.6854
-94.4402
-94.0903
-93.6511
-93.1535
-92.629
-92.1008
-91.5825
-91.0805
-90.5966
-90.1301
-89.6792
-89.2415
-88.8146
-88.396
-87.9835
-87.5745
-87.1666
-86.7576
-86.3447
-85.9252
-85.4962
-85.054
-84.5947
-84.1134
-83.6041
-83.0593
-82.4689
-81.8193
-81.0918
-80.258
-79.2742
-78.0664
-76.4964
-74.2661
-70.5615
-62.0183
-18.6221
49.7746
49.4955
45.1684
31.2998
9.72026
-5.08457
-16.0427
-27.0489
-36.8405
-57.5852
-91.5978
-94.8971
-94.9665
-94.957
-94.9183
-94.8372
-94.6878
-94.4438
-94.0951
-93.6567
-93.1596
-92.6352
-92.1069
-91.5885
-91.0863
-90.6021
-90.1353
-89.6842
-89.2463
-88.8192
-88.4005
-87.9878
-87.5787
-87.1708
-86.7617
-86.3489
-85.9294
-85.5004
-85.0583
-84.5992
-84.118
-83.609
-83.0644
-82.4744
-81.8254
-81.0986
-80.266
-79.2837
-78.0781
-76.5121
-74.2896
-70.6046
-62.1413
-19.4989
49.7276
49.4877
45.1544
31.2994
9.75213
-5.05303
-16.0112
-27.0136
-36.7803
-57.4359
-91.5313
-94.8962
-94.9665
-94.9572
-94.9188
-94.838
-94.6892
-94.4459
-94.0979
-93.66
-93.1631
-92.6388
-92.1103
-91.5916
-91.0891
-90.6046
-90.1375
-89.686
-89.2478
-88.8204
-88.4014
-87.9885
-87.5791
-87.1709
-86.7615
-86.3483
-85.9286
-85.4992
-85.0569
-84.5974
-84.1158
-83.6064
-83.0613
-82.4707
-81.8211
-81.0934
-80.2596
-79.2758
-78.0679
-76.4981
-74.2683
-70.5651
-62.0273
-18.6802
49.7718
49.495
45.1679
31.3013
9.72445
-5.08101
-16.0393
-27.0452
-36.8341
-57.5693
-91.5908
-94.897
-94.9665
-94.957
-94.9184
-94.8373
-94.6879
-94.4439
-94.0953
-93.6569
-93.1598
-92.6354
-92.107
-91.5885
-91.0861
-90.6019
-90.135
-89.6837
-89.2457
-88.8186
-88.3998
-87.987
-87.5778
-87.1699
-86.7607
-86.3477
-85.9282
-85.4991
-85.0569
-84.5977
-84.1165
-83.6073
-83.0626
-82.4725
-81.8233
-81.0962
-80.2633
-79.2805
-78.0743
-76.5071
-74.2823
-70.5913
-62.1032
-19.2235
49.7435
49.4902
45.1589
31.2999
9.74265
-5.06255
-16.0208
-27.0243
-36.7985
-57.4811
-91.5516
-94.8964
-94.9665
-94.9571
-94.9186
-94.8378
-94.6888
-94.4453
-94.097
-93.659
-93.162
-92.6377
-92.1093
-91.5906
-91.0882
-90.6038
-90.1368
-89.6855
-89.2474
-88.8202
-88.4013
-87.9885
-87.5793
-87.1713
-86.7621
-86.3492
-85.9297
-85.5006
-85.0585
-84.5994
-84.1182
-83.6092
-83.0647
-82.4748
-81.8259
-81.0993
-80.2669
-79.2849
-78.0799
-76.5148
-74.294
-70.6131
-62.166
-19.6724
49.7169
49.4862
45.1516
31.2993
9.75832
-5.04687
-16.0051
-27.0067
-36.7685
-57.4068
-91.5182
-94.896
-94.9665
-94.9573
-94.9189
-94.8382
-94.6895
-94.4463
-94.0985
-93.6607
-93.1639
-92.6395
-92.111
-91.5922
-91.0897
-90.6051
-90.138
-89.6865
-89.2482
-88.8209
-88.4019
-87.989
-87.5796
-87.1715
-86.7623
-86.3492
-85.9296
-85.5004
-85.0583
-84.599
-84.1178
-83.6087
-83.0641
-82.474
-81.825
-81.0982
-80.2656
-79.2834
-78.078
-76.5123
-74.2903
-70.6064
-62.147
-19.5356
49.7253
49.4874
45.154
31.2999
9.75415
-5.05123
-16.0095
-27.0117
-36.777
-57.4277
-91.5276
-94.8961
-94.9665
-94.9572
-94.9188
-94.8381
-94.6893
-94.446
-94.0981
-93.6602
-93.1633
-92.6389
-92.1104
-91.5917
-91.0891
-90.6046
-90.1375
-89.686
-89.2478
-88.8204
-88.4015
-87.9886
-87.5793
-87.1713
-86.762
-86.3491
-85.9295
-85.5004
-85.0584
-84.5992
-84.1181
-83.6091
-83.0646
-82.4748
-81.826
-81.0995
-80.2673
-79.2856
-78.081
-76.5165
-74.2969
-70.6189
-62.1834
-19.7969
49.709
49.4851
45.1497
31.2992
9.76272
-5.0425
-16.0007
-27.0018
-36.7601
-57.3861
-91.509
-94.8959
-94.9666
-94.9573
-94.9189
-94.8383
-94.6897
-94.4466
-94.0989
-93.6612
-93.1644
-92.64
-92.1115
-91.5926
-91.09
-90.6054
-90.1382
-89.6867
-89.2484
-88.821
-88.4021
-87.9892
-87.5799
-87.1718
-86.7626
-86.3496
-85.9301
-85.5011
-85.059
-84.5999
-84.1189
-83.61
-83.0656
-82.476
-81.8274
-81.1012
-80.2693
-79.2881
-78.0843
-76.5212
-74.3041
-70.6326
-62.223
-20.0771
49.6901
49.4826
45.1451
31.2986
9.77221
-5.03294
-15.9911
-26.9911
-36.7418
-57.3408
-91.4885
-94.8956
-94.9666
-94.9574
-94.9191
-94.8386
-94.6902
-94.4473
-94.0998
-93.6622
-93.1655
-92.6411
-92.1126
-91.5937
-91.0909
-90.6062
-90.139
-89.6873
-89.249
-88.8215
-88.4025
-87.9895
-87.5802
-87.1721
-86.7628
-86.3498
-85.9302
-85.5012
-85.0591
-84.6
-84.119
-83.6101
-83.0658
-82.4761
-81.8276
-81.1014
-80.2697
-79.2887
-78.0851
-76.5223
-74.3061
-70.6365
-62.2345
-20.1591
49.6844
49.4819
45.1437
31.2984
9.77497
-5.03014
-15.9883
-26.9879
-36.7364
-57.3275
-91.4825
-94.8955
-94.9666
-94.9574
-94.9191
-94.8386
-94.6903
-94.4475
-94.1
-93.6626
-93.1658
-92.6415
-92.1129
-91.5939
-91.0911
-90.6064
-90.1391
-89.6874
-89.249
-88.8216
-88.4025
-87.9895
-87.5802
-87.1721
-86.7628
-86.3498
-85.9303
-85.5012
-85.0593
-84.6002
-84.1192
-83.6104
-83.0661
-82.4766
-81.8282
-81.1022
-80.2707
-79.2901
-78.087
-76.5251
-74.3105
-70.6449
-62.2592
-20.3342
49.6718
49.4803
45.1409
31.2981
9.78081
-5.02425
-15.9824
-26.9813
-36.7251
-57.2997
-91.4697
-94.8953
-94.9666
-94.9574
-94.9192
-94.8388
-94.6906
-94.4479
-94.1006
-93.6632
-93.1665
-92.6422
-92.1135
-91.5946
-91.0917
-90.6069
-90.1396
-89.6878
-89.2494
-88.8219
-88.4028
-87.9898
-87.5804
-87.1723
-86.7631
-86.3501
-85.9306
-85.5016
-85.0596
-84.6006
-84.1196
-83.6109
-83.0668
-82.4773
-81.8291
-81.1033
-80.2721
-79.2918
-78.0894
-76.5285
-74.3158
-70.655
-62.2886
-20.5428
49.656
49.4785
45.1375
31.2976
9.78773
-5.01726
-15.9754
-26.9734
-36.7117
-57.2666
-91.4544
-94.8951
-94.9666
-94.9575
-94.9193
-94.839
-94.6909
-94.4484
-94.1013
-93.664
-93.1674
-92.643
-92.1144
-91.5953
-91.0924
-90.6075
-90.1401
-89.6883
-89.2498
-88.8222
-88.4031
-87.9901
-87.5807
-87.1725
-86.7633
-86.3503
-85.9308
-85.5017
-85.0598
-84.6008
-84.1199
-83.6112
-83.0671
-82.4778
-81.8296
-81.104
-80.273
-79.293
-78.0909
-76.5307
-74.3193
-70.6618
-62.3085
-20.6848
49.6447
49.4772
45.1352
31.2973
9.7924
-5.01252
-15.9706
-26.9681
-36.7026
-57.2442
-91.444
-94.895
-94.9666
-94.9575
-94.9194
-94.8391
-94.6911
-94.4488
-94.1017
-93.6645
-93.168
-92.6436
-92.1149
-91.5958
-91.0928
-90.6079
-90.1404
-89.6886
-89.2501
-88.8224
-88.4033
-87.9902
-87.5808
-87.1726
-86.7634
-86.3504
-85.9309
-85.5019
-85.0599
-84.601
-84.1201
-83.6114
-83.0674
-82.4782
-81.8302
-81.1047
-80.2739
-79.2942
-78.0926
-76.5331
-74.3232
-70.6692
-62.3301
-20.8387
49.632
49.4758
45.1328
31.2969
9.79746
-5.00741
-15.9655
-26.9623
-36.6928
-57.22
-91.4328
-94.8948
-94.9666
-94.9575
-94.9195
-94.8393
-94.6913
-94.4491
-94.1022
-93.6651
-93.1686
-92.6442
-92.1155
-91.5964
-91.0933
-90.6083
-90.1408
-89.6889
-89.2504
-88.8227
-88.4035
-87.9904
-87.581
-87.1728
-86.7635
-86.3505
-85.931
-85.5021
-85.0602
-84.6012
-84.1204
-83.6118
-83.0679
-82.4787
-81.8308
-81.1055
-80.2749
-79.2956
-78.0945
-76.5359
-74.3275
-70.6775
-62.3544
-21.0116
49.6172
49.4743
45.13
31.2966
9.80316
-5.00166
-15.9598
-26.9558
-36.6817
-57.1928
-91.4202
-94.8947
-94.9666
-94.9576
-94.9195
-94.8394
-94.6916
-94.4495
-94.1028
-93.6658
-93.1693
-92.6449
-92.1162
-91.597
-91.0939
-90.6089
-90.1413
-89.6893
-89.2507
-88.823
-88.4038
-87.9907
-87.5812
-87.173
-86.7637
-86.3507
-85.9312
-85.5022
-85.0604
-84.6014
-84.1207
-83.6121
-83.0682
-82.4792
-81.8314
-81.1063
-80.2759
-79.2968
-78.0962
-76.5383
-74.3313
-70.6848
-62.3758
-21.1637
49.6037
49.473
45.1276
31.2962
9.80808
-4.99667
-15.9548
-26.9502
-36.6721
-57.1689
-91.4091
-94.8945
-94.9667
-94.9576
-94.9196
-94.8396
-94.6919
-94.4499
-94.1032
-93.6664
-93.1699
-92.6456
-92.1168
-91.5975
-91.0944
-90.6093
-90.1416
-89.6896
-89.251
-88.8232
-88.404
-87.9908
-87.5813
-87.1732
-86.7638
-86.3508
-85.9313
-85.5024
-85.0605
-84.6016
-84.1209
-83.6124
-83.0686
-82.4796
-81.832
-81.1069
-80.2768
-79.298
-78.0978
-76.5406
-74.335
-70.6919
-62.3963
-21.3099
49.5902
49.4717
45.1253
31.296
9.81291
-4.99182
-15.9499
-26.9447
-36.6628
-57.1457
-91.3983
-94.8944
-94.9667
-94.9577
-94.9197
-94.8397
-94.6921
-94.4503
-94.1037
-93.6669
-93.1705
-92.6462
-92.1174
-91.5981
-91.0949
-90.6097
-90.142
-89.6899
-89.2512
-88.8235
-88.4042
-87.991
-87.5815
-87.1733
-86.764
-86.351
-85.9315
-85.5026
-85.0607
-84.6019
-84.1212
-83.6127
-83.069
-82.4801
-81.8326
-81.1077
-80.2777
-79.2992
-78.0995
-76.5431
-74.3389
-70.6993
-62.4177
-21.463
49.5756
49.4704
45.1229
31.2958
9.81793
-4.98678
-15.9448
-26.9391
-36.6531
-57.1217
-91.3871
-94.8942
-94.9667
-94.9577
-94.9198
-94.8398
-94.6923
-94.4506
-94.1042
-93.6675
-93.1712
-92.6468
-92.118
-91.5986
-91.0954
-90.6102
-90.1424
-89.6903
-89.2516
-88.8237
-88.4044
-87.9912
-87.5817
-87.1735
-86.7642
-86.3512
-85.9317
-85.5027
-85.0609
-84.6021
-84.1214
-83.613
-83.0694
-82.4806
-81.8331
-81.1084
-80.2786
-79.3004
-78.1011
-76.5455
-74.3427
-70.7065
-62.4385
-21.6106
49.5609
49.4691
45.1205
31.2954
9.82269
-4.98197
-15.94
-26.9336
-36.6438
-57.0987
-91.3763
-94.8941
-94.9667
-94.9577
-94.9198
-94.84
-94.6925
-94.451
-94.1047
-93.6681
-93.1718
-92.6474
-92.1186
-91.5992
-91.0959
-90.6106
-90.1428
-89.6906
-89.2518
-88.824
-88.4047
-87.9914
-87.5819
-87.1736
-86.7643
-86.3513
-85.9318
-85.5029
-85.0611
-84.6023
-84.1217
-83.6133
-83.0697
-82.481
-81.8337
-81.1091
-80.2795
-79.3016
-78.1027
-76.5478
-74.3464
-70.7135
-62.4587
-21.7526
49.5462
49.4679
45.1184
31.2954
9.82749
-4.97722
-15.9353
-26.9283
-36.6348
-57.0762
-91.3657
-94.8939
-94.9667
-94.9578
-94.9199
-94.8401
-94.6928
-94.4513
-94.1051
-93.6686
-93.1724
-92.648
-92.1192
-91.5997
-91.0964
-90.611
-90.1432
-89.691
-89.2521
-88.8242
-88.4049
-87.9916
-87.5821
-87.1738
-86.7645
-86.3515
-85.932
-85.5031
-85.0613
-84.6025
-84.1219
-83.6136
-83.0701
-82.4815
-81.8342
-81.1098
-80.2804
-79.3028
-78.1043
-76.5501
-74.35
-70.7204
-62.4786
-21.8924
49.5312
49.4667
45.1163
31.2952
9.83207
-4.97264
-15.9307
-26.9232
-36.626
-57.0544
-91.3553
-94.8938
-94.9667
-94.9578
-94.92
-94.8402
-94.693
-94.4516
-94.1056
-93.6692
-93.173
-92.6486
-92.1197
-91.6003
-91.0969
-90.6115
-90.1436
-89.6913
-89.2524
-88.8245
-88.4051
-87.9918
-87.5822
-87.174
-86.7646
-86.3516
-85.9322
-85.5033
-85.0615
-84.6027
-84.1222
-83.614
-83.0705
-82.4819
-81.8348
-81.1105
-80.2813
-79.304
-78.1059
-76.5524
-74.3537
-70.7273
-62.4984
-22.0319
49.5156
49.4655
45.1142
31.2952
9.83678
-4.968
-15.9261
-26.918
-36.6171
-57.0325
-91.3448
-94.8936
-94.9667
-94.9578
-94.92
-94.8403
-94.6932
-94.452
-94.106
-93.6697
-93.1736
-92.6492
-92.1203
-91.6008
-91.0973
-90.6119
-90.1439
-89.6916
-89.2527
-88.8248
-88.4053
-87.992
-87.5824
-87.1742
-86.7648
-86.3518
-85.9323
-85.5034
-85.0617
-84.603
-84.1225
-83.6143
-83.0708
-82.4824
-81.8354
-81.1112
-80.2822
-79.3051
-78.1075
-76.5546
-74.3572
-70.734
-62.5177
-22.1682
49.4999
49.4643
45.1122
31.2952
9.84134
-4.96349
-15.9216
-26.9129
-36.6085
-57.0112
-91.3345
-94.8935
-94.9667
-94.9579
-94.9201
-94.8405
-94.6934
-94.4523
-94.1065
-93.6702
-93.1741
-92.6498
-92.1209
-91.6013
-91.0978
-90.6123
-90.1443
-89.692
-89.253
-88.825
-88.4056
-87.9922
-87.5826
-87.1743
-86.765
-86.352
-85.9325
-85.5036
-85.0619
-84.6032
-84.1227
-83.6146
-83.0712
-82.4828
-81.8359
-81.1119
-80.2831
-79.3062
-78.109
-76.5568
-74.3607
-70.7406
-62.5366
-22.3014
49.484
49.4632
45.1103
31.2952
9.84582
-4.95908
-15.9172
-26.908
-36.6002
-56.9904
-91.3245
-94.8934
-94.9667
-94.9579
-94.9202
-94.8406
-94.6936
-94.4526
-94.1069
-93.6707
-93.1747
-92.6504
-92.1214
-91.6018
-91.0983
-90.6127
-90.1447
-89.6923
-89.2533
-88.8253
-88.4058
-87.9924
-87.5828
-87.1745
-86.7651
-86.3521
-85.9327
-85.5038
-85.0621
-84.6034
-84.123
-83.6149
-83.0716
-82.4832
-81.8364
-81.1126
-80.2839
-79.3074
-78.1105
-76.559
-74.3641
-70.7471
-62.5552
-22.4323
49.4677
49.4621
45.1085
31.2953
9.8503
-4.95471
-15.9128
-26.9031
-36.5919
-56.9699
-91.3147
-94.8932
-94.9668
-94.9579
-94.9202
-94.8407
-94.6938
-94.4529
-94.1073
-93.6712
-93.1752
-92.6509
-92.122
-91.6023
-91.0987
-90.6132
-90.145
-89.6926
-89.2536
-88.8255
-88.406
-87.9926
-87.583
-87.1747
-86.7653
-86.3523
-85.9328
-85.504
-85.0623
-84.6036
-84.1232
-83.6152
-83.0719
-82.4837
-81.837
-81.1132
-80.2848
-79.3085
-78.112
-76.5611
-74.3675
-70.7535
-62.5736
-22.5621
49.4511
49.461
45.1066
31.2953
9.85467
-4.95042
-15.9085
-26.8983
-36.5837
-56.9497
-91.305
-94.8931
-94.9668
-94.9579
-94.9203
-94.8408
-94.694
-94.4532
-94.1077
-93.6717
-93.1758
-92.6515
-92.1225
-91.6028
-91.0992
-90.6136
-90.1454
-89.6929
-89.2539
-88.8258
-88.4062
-87.9928
-87.5832
-87.1749
-86.7655
-86.3525
-85.933
-85.5042
-85.0625
-84.6039
-84.1235
-83.6155
-83.0723
-82.4841
-81.8375
-81.1139
-80.2856
-79.3096
-78.1135
-76.5632
-74.3708
-70.7598
-62.5917
-22.69
49.4341
49.46
45.1049
31.2955
9.85915
-4.94611
-15.9043
-26.8935
-36.5756
-56.9296
-91.2952
-94.893
-94.9668
-94.958
-94.9203
-94.8409
-94.6942
-94.4535
-94.1081
-93.6722
-93.1763
-92.6521
-92.123
-91.6034
-91.0997
-90.614
-90.1458
-89.6933
-89.2542
-88.826
-88.4065
-87.9931
-87.5834
-87.175
-86.7657
-86.3526
-85.9332
-85.5044
-85.0627
-84.6041
-84.1238
-83.6158
-83.0726
-82.4845
-81.838
-81.1145
-80.2864
-79.3106
-78.1149
-76.5653
-74.374
-70.766
-62.6094
-22.8147
49.4171
49.4589
45.1032
31.2957
9.86339
-4.94198
-15.9001
-26.8889
-36.5678
-56.9103
-91.2859
-94.8928
-94.9668
-94.958
-94.9204
-94.841
-94.6944
-94.4538
-94.1085
-93.6727
-93.1769
-92.6526
-92.1236
-91.6038
-91.1001
-90.6144
-90.1461
-89.6936
-89.2544
-88.8263
-88.4067
-87.9933
-87.5836
-87.1752
-86.7658
-86.3528
-85.9334
-85.5045
-85.0629
-84.6043
-84.124
-83.6161
-83.073
-82.485
-81.8385
-81.1152
-80.2873
-79.3117
-78.1164
-76.5673
-74.3773
-70.7721
-62.6268
-22.9376
49.3996
49.4579
45.1016
31.296
9.86778
-4.9378
-15.896
-26.8843
-36.5599
-56.8909
-91.2765
-94.8927
-94.9668
-94.958
-94.9205
-94.8411
-94.6946
-94.4541
-94.1089
-93.6732
-93.1774
-92.6531
-92.1241
-91.6043
-91.1006
-90.6148
-90.1465
-89.6939
-89.2547
-88.8265
-88.4069
-87.9935
-87.5837
-87.1754
-86.766
-86.353
-85.9335
-85.5047
-85.0631
-84.6045
-84.1243
-83.6164
-83.0733
-82.4854
-81.8391
-81.1158
-80.2881
-79.3127
-78.1178
-76.5693
-74.3804
-70.7781
-62.644
-23.0587
49.382
49.457
45.1
31.2962
9.87196
-4.93377
-15.892
-26.8798
-36.5523
-56.8721
-91.2674
-94.8926
-94.9668
-94.9581
-94.9205
-94.8412
-94.6948
-94.4544
-94.1093
-93.6737
-93.1779
-92.6537
-92.1246
-91.6048
-91.101
-90.6152
-90.1469
-89.6942
-89.255
-88.8268
-88.4071
-87.9937
-87.5839
-87.1756
-86.7662
-86.3531
-85.9337
-85.5049
-85.0633
-84.6048
-84.1245
-83.6167
-83.0737
-82.4858
-81.8396
-81.1165
-80.2889
-79.3138
-78.1192
-76.5713
-74.3836
-70.784
-62.661
-23.1786
49.3638
49.456
45.0985
31.2967
9.87633
-4.92965
-15.8879
-26.8753
-36.5446
-56.8531
-91.2581
-94.8925
-94.9668
-94.9581
-94.9206
-94.8414
-94.6949
-94.4547
-94.1097
-93.6741
-93.1784
-92.6542
-92.1251
-91.6053
-91.1014
-90.6156
-90.1472
-89.6945
-89.2553
-88.8271
-88.4074
-87.9939
-87.5841
-87.1758
-86.7664
-86.3533
-85.9339
-85.5051
-85.0635
-84.605
-84.1248
-83.617
-83.0741
-82.4862
-81.8401
-81.1171
-80.2897
-79.3148
-78.1206
-76.5733
-74.3867
-70.7898
-62.6776
-23.2956
49.3456
49.4551
45.097
31.297
9.88046
-4.92572
-15.884
-26.8709
-36.5372
-56.8349
-91.2492
-94.8923
-94.9668
-94.9581
-94.9206
-94.8415
-94.6951
-94.4549
-94.1101
-93.6746
-93.1789
-92.6547
-92.1256
-91.6058
-91.1019
-90.616
-90.1476
-89.6949
-89.2556
-88.8273
-88.4076
-87.9941
-87.5843
-87.1759
-86.7665
-86.3535
-85.9341
-85.5053
-85.0637
-84.6052
-84.1251
-83.6173
-83.0744
-82.4867
-81.8406
-81.1177
-80.2904
-79.3158
-78.1219
-76.5753
-74.3897
-70.7956
-62.694
-23.4099
49.3272
49.4542
45.0956
31.2976
9.8847
-4.92176
-15.8801
-26.8666
-36.5298
-56.8167
-91.2402
-94.8922
-94.9668
-94.9581
-94.9207
-94.8416
-94.6953
-94.4552
-94.1104
-93.675
-93.1794
-92.6552
-92.1261
-91.6062
-91.1023
-90.6164
-90.1479
-89.6952
-89.2559
-88.8276
-88.4078
-87.9943
-87.5845
-87.1761
-86.7667
-86.3537
-85.9343
-85.5055
-85.0639
-84.6055
-84.1253
-83.6176
-83.0748
-82.4871
-81.8411
-81.1183
-80.2912
-79.3168
-78.1233
-76.5772
-74.3928
-70.8013
-62.7104
-23.5242
49.3083
49.4533
45.0943
31.2981
9.88886
-4.91786
-15.8763
-26.8623
-36.5226
-56.7988
-91.2312
-94.8921
-94.9668
-94.9582
-94.9207
-94.8417
-94.6955
-94.4555
-94.1108
-93.6755
-93.1799
-92.6557
-92.1266
-91.6067
-91.1028
-90.6168
-90.1483
-89.6955
-89.2562
-88.8278
-88.4081
-87.9945
-87.5847
-87.1763
-86.7669
-86.3539
-85.9345
-85.5057
-85.0642
-84.6057
-84.1256
-83.6179
-83.0751
-82.4875
-81.8416
-81.119
-80.292
-79.3178
-78.1246
-76.5791
-74.3958
-70.807
-62.7267
-23.637
49.2891
49.4524
45.093
31.2987
9.89313
-4.91392
-15.8724
-26.858
-36.5153
-56.7808
-91.2223
-94.892
-94.9668
-94.9582
-94.9208
-94.8418
-94.6956
-94.4557
-94.1112
-93.6759
-93.1804
-92.6563
-92.1271
-91.6072
-91.1032
-90.6172
-90.1486
-89.6958
-89.2565
-88.8281
-88.4083
-87.9947
-87.5849
-87.1765
-86.7671
-86.3541
-85.9347
-85.5059
-85.0644
-84.606
-84.1259
-83.6182
-83.0755
-82.4879
-81.8421
-81.1196
-80.2928
-79.3188
-78.126
-76.581
-74.3987
-70.8126
-62.7425
-23.7474
49.2698
49.4516
45.0918
31.2994
9.89729
-4.91008
-15.8686
-26.8537
-36.5081
-56.7633
-91.2135
-94.8919
-94.9669
-94.9582
-94.9208
-94.8419
-94.6958
-94.456
-94.1115
-93.6764
-93.1809
-92.6568
-92.1276
-91.6077
-91.1036
-90.6176
-90.149
-89.6961
-89.2567
-88.8283
-88.4086
-87.995
-87.5851
-87.1767
-86.7673
-86.3543
-85.9349
-85.5061
-85.0646
-84.6062
-84.1261
-83.6185
-83.0758
-82.4883
-81.8426
-81.1202
-80.2935
-79.3198
-78.1273
-76.5829
-74.4016
-70.818
-62.7581
-23.8555
49.2507
49.4508
45.0906
31.3
9.9014
-4.90631
-15.8649
-26.8496
-36.5012
-56.7461
-91.2049
-94.8917
-94.9669
-94.9582
-94.9209
-94.8419
-94.696
-94.4563
-94.1119
-93.6768
-93.1814
-92.6572
-92.1281
-91.6081
-91.104
-90.618
-90.1494
-89.6965
-89.257
-88.8286
-88.4088
-87.9952
-87.5853
-87.1769
-86.7675
-86.3544
-85.9351
-85.5063
-85.0648
-84.6064
-84.1264
-83.6188
-83.0762
-82.4887
-81.8431
-81.1208
-80.2943
-79.3208
-78.1286
-76.5847
-74.4045
-70.8234
-62.7733
-23.9617
49.2314
49.45
45.0895
31.3008
9.90552
-4.90256
-15.8612
-26.8455
-36.4943
-56.7291
-91.1964
-94.8916
-94.9669
-94.9583
-94.9209
-94.842
-94.6961
-94.4565
-94.1122
-93.6772
-93.1819
-92.6577
-92.1286
-91.6086
-91.1045
-90.6183
-90.1497
-89.6968
-89.2573
-88.8289
-88.409
-87.9954
-87.5855
-87.1771
-86.7677
-86.3546
-85.9352
-85.5065
-85.065
-84.6067
-84.1267
-83.6191
-83.0765
-82.4892
-81.8436
-81.1214
-80.295
-79.3217
-78.1298
-76.5865
-74.4073
-70.8287
-62.7883
-24.0663
49.2123
49.4492
45.0883
31.3014
9.90947
-4.89893
-15.8577
-26.8415
-36.4875
-56.7126
-91.1882
-94.8915
-94.9669
-94.9583
-94.921
-94.8421
-94.6963
-94.4568
-94.1126
-93.6776
-93.1823
-92.6582
-92.129
-91.609
-91.1049
-90.6187
-90.15
-89.6971
-89.2576
-88.8291
-88.4093
-87.9956
-87.5858
-87.1773
-86.7679
-86.3548
-85.9354
-85.5067
-85.0652
-84.6069
-84.1269
-83.6194
-83.0769
-82.4896
-81.8441
-81.122
-80.2958
-79.3227
-78.1311
-76.5883
-74.4101
-70.8339
-62.8032
-24.1698
49.1928
49.4485
45.0873
31.3023
9.91361
-4.89521
-15.854
-26.8375
-36.4807
-56.6958
-91.1798
-94.8914
-94.9669
-94.9583
-94.921
-94.8422
-94.6965
-94.457
-94.1129
-93.6781
-93.1828
-92.6587
-92.1295
-91.6095
-91.1053
-90.6191
-90.1504
-89.6974
-89.2579
-88.8294
-88.4095
-87.9958
-87.586
-87.1775
-86.768
-86.355
-85.9356
-85.5069
-85.0655
-84.6071
-84.1272
-83.6197
-83.0772
-82.49
-81.8446
-81.1225
-80.2965
-79.3236
-78.1323
-76.59
-74.4128
-70.8391
-62.8178
-24.2718
49.1733
49.4477
45.0863
31.3031
9.91755
-4.89163
-15.8505
-26.8336
-36.4742
-56.6797
-91.1717
-94.8913
-94.9669
-94.9583
-94.9211
-94.8423
-94.6966
-94.4573
-94.1133
-93.6785
-93.1832
-92.6592
-92.13
-91.6099
-91.1057
-90.6195
-90.1507
-89.6977
-89.2581
-88.8296
-88.4097
-87.9961
-87.5862
-87.1777
-86.7682
-86.3552
-85.9358
-85.5071
-85.0657
-84.6074
-84.1274
-83.62
-83.0775
-82.4904
-81.845
-81.1231
-80.2972
-79.3245
-78.1335
-76.5918
-74.4155
-70.8442
-62.8322
-24.3721
49.1534
49.447
45.0854
31.3041
9.92164
-4.888
-15.847
-26.8297
-36.4675
-56.6634
-91.1635
-94.8912
-94.9669
-94.9584
-94.9211
-94.8424
-94.6968
-94.4575
-94.1136
-93.6789
-93.1837
-92.6596
-92.1304
-91.6103
-91.1061
-90.6198
-90.1511
-89.698
-89.2584
-88.8299
-88.41
-87.9963
-87.5864
-87.1779
-86.7684
-86.3554
-85.936
-85.5073
-85.0659
-84.6076
-84.1277
-83.6203
-83.0779
-82.4908
-81.8455
-81.1237
-80.2979
-79.3254
-78.1348
-76.5935
-74.4182
-70.8492
-62.8465
-24.4712
49.1334
49.4463
45.0845
31.305
9.92563
-4.88444
-15.8435
-26.8258
-36.461
-56.6475
-91.1555
-94.8911
-94.9669
-94.9584
-94.9212
-94.8425
-94.6969
-94.4577
-94.1139
-93.6793
-93.1841
-92.6601
-92.1309
-91.6108
-91.1065
-90.6202
-90.1514
-89.6983
-89.2587
-88.8301
-88.4102
-87.9965
-87.5866
-87.1781
-86.7686
-86.3556
-85.9362
-85.5075
-85.0661
-84.6079
-84.128
-83.6206
-83.0782
-82.4912
-81.846
-81.1243
-80.2986
-79.3263
-78.136
-76.5952
-74.4208
-70.8541
-62.8604
-24.5685
49.1133
49.4456
45.0836
31.3059
9.92957
-4.88093
-15.8401
-26.822
-36.4547
-56.6318
-91.1476
-94.8909
-94.9669
-94.9584
-94.9212
-94.8426
-94.6971
-94.458
-94.1142
-93.6797
-93.1846
-92.6605
-92.1313
-91.6112
-91.1069
-90.6206
-90.1517
-89.6986
-89.259
-88.8304
-88.4104
-87.9967
-87.5868
-87.1783
-86.7688
-86.3558
-85.9364
-85.5077
-85.0663
-84.6081
-84.1282
-83.6209
-83.0786
-82.4915
-81.8464
-81.1248
-80.2993
-79.3272
-78.1371
-76.5968
-74.4234
-70.859
-62.8742
-24.6644
49.0929
49.445
45.0828
31.307
9.93361
-4.8774
-15.8367
-26.8182
-36.4483
-56.6161
-91.1397
-94.8908
-94.9669
-94.9584
-94.9213
-94.8427
-94.6972
-94.4582
-94.1145
-93.68
-93.185
-92.661
-92.1318
-91.6116
-91.1073
-90.621
-90.1521
-89.6989
-89.2593
-88.8307
-88.4107
-87.9969
-87.587
-87.1785
-86.769
-86.356
-85.9366
-85.5079
-85.0666
-84.6083
-84.1285
-83.6212
-83.0789
-82.4919
-81.8469
-81.1254
-80.3
-79.3281
-78.1383
-76.5985
-74.426
-70.8637
-62.8878
-24.7589
49.0724
49.4443
45.082
31.308
9.93748
-4.87398
-15.8333
-26.8145
-36.4421
-56.6009
-91.132
-94.8907
-94.9669
-94.9584
-94.9213
-94.8427
-94.6973
-94.4584
-94.1148
-93.6804
-93.1854
-92.6614
-92.1322
-91.612
-91.1077
-90.6213
-90.1524
-89.6992
-89.2595
-88.8309
-88.4109
-87.9972
-87.5872
-87.1787
-86.7692
-86.3562
-85.9368
-85.5082
-85.0668
-84.6086
-84.1288
-83.6215
-83.0792
-82.4923
-81.8474
-81.1259
-80.3007
-79.329
-78.1395
-76.6001
-74.4285
-70.8685
-62.9011
-24.8517
49.0517
49.4437
45.0814
31.3092
9.94152
-4.8705
-15.83
-26.8108
-36.4358
-56.5855
-91.124
-94.8906
-94.9669
-94.9585
-94.9213
-94.8428
-94.6975
-94.4586
-94.1152
-93.6808
-93.1858
-92.6619
-92.1327
-91.6125
-91.1081
-90.6217
-90.1527
-89.6995
-89.2598
-88.8312
-88.4111
-87.9974
-87.5874
-87.1789
-86.7694
-86.3564
-85.937
-85.5084
-85.067
-84.6088
-84.129
-83.6218
-83.0796
-82.4927
-81.8478
-81.1265
-80.3014
-79.3298
-78.1406
-76.6017
-74.431
-70.8732
-62.9144
-24.9443
49.0306
49.4431
45.0807
31.3104
9.94553
-4.86703
-15.8266
-26.8071
-36.4296
-56.5701
-91.1161
-94.8905
-94.9669
-94.9585
-94.9214
-94.8429
-94.6976
-94.4589
-94.1155
-93.6812
-93.1863
-92.6623
-92.1331
-91.6129
-91.1085
-90.622
-90.1531
-89.6998
-89.2601
-88.8314
-88.4114
-87.9976
-87.5876
-87.1791
-86.7696
-86.3566
-85.9372
-85.5086
-85.0672
-84.609
-84.1293
-83.6221
-83.0799
-82.4931
-81.8483
-81.127
-80.3021
-79.3307
-78.1417
-76.6033
-74.4335
-70.8778
-62.9275
-25.0344
49.0097
49.4425
45.08
31.3116
9.9494
-4.86369
-15.8234
-26.8035
-36.4235
-56.5552
-91.1084
-94.8904
-94.9669
-94.9585
-94.9214
-94.843
-94.6978
-94.4591
-94.1158
-93.6816
-93.1867
-92.6627
-92.1335
-91.6133
-91.1089
-90.6224
-90.1534
-89.7001
-89.2604
-88.8317
-88.4116
-87.9978
-87.5878
-87.1793
-86.7698
-86.3568
-85.9374
-85.5088
-85.0674
-84.6093
-84.1295
-83.6224
-83.0802
-82.4935
-81.8487
-81.1276
-80.3027
-79.3315
-78.1429
-76.6049
-74.436
-70.8824
-62.9405
-25.1236
48.9884
49.442
45.0795
31.313
9.95347
-4.86024
-15.82
-26.7998
-36.4174
-56.54
-91.1005
-94.8903
-94.9669
-94.9585
-94.9215
-94.8431
-94.6979
-94.4593
-94.1161
-93.6819
-93.1871
-92.6632
-92.134
-91.6137
-91.1093
-90.6228
-90.1537
-89.7004
-89.2606
-88.8319
-88.4119
-87.998
-87.588
-87.1795
-86.77
-86.357
-85.9376
-85.509
-85.0677
-84.6095
-84.1298
-83.6226
-83.0806
-82.4939
-81.8492
-81.1281
-80.3034
-79.3324
-78.144
-76.6065
-74.4384
-70.8869
-62.9533
-25.2115
48.9671
49.4414
45.079
31.3142
9.95738
-4.85691
-15.8168
-26.7962
-36.4114
-56.5252
-91.0929
-94.8902
-94.9669
-94.9585
-94.9215
-94.8431
-94.698
-94.4595
-94.1164
-93.6823
-93.1875
-92.6636
-92.1344
-91.6141
-91.1096
-90.6231
-90.154
-89.7007
-89.2609
-88.8322
-88.4121
-87.9983
-87.5883
-87.1797
-86.7702
-86.3572
-85.9378
-85.5092
-85.0679
-84.6098
-84.1301
-83.6229
-83.0809
-82.4942
-81.8496
-81.1287
-80.3041
-79.3332
-78.1451
-76.608
-74.4408
-70.8914
-62.9659
-25.298
48.9456
49.4409
45.0784
31.3156
9.96129
-4.85358
-15.8136
-26.7927
-36.4055
-56.5105
-91.0852
-94.8901
-94.9669
-94.9586
-94.9216
-94.8432
-94.6982
-94.4597
-94.1167
-93.6827
-93.1879
-92.664
-92.1348
-91.6145
-91.11
-90.6235
-90.1544
-89.701
-89.2612
-88.8324
-88.4123
-87.9985
-87.5885
-87.1799
-86.7704
-86.3574
-85.938
-85.5094
-85.0681
-84.61
-84.1303
-83.6232
-83.0812
-82.4946
-81.8501
-81.1292
-80.3047
-79.334
-78.1462
-76.6096
-74.4432
-70.8958
-62.9783
-25.3834
48.9239
49.4404
45.078
31.317
9.9653
-4.85019
-15.8104
-26.7891
-36.3994
-56.4955
-91.0774
-94.89
-94.967
-94.9586
-94.9216
-94.8433
-94.6983
-94.4599
-94.1169
-93.683
-93.1883
-92.6644
-92.1352
-91.6149
-91.1104
-90.6238
-90.1547
-89.7013
-89.2615
-88.8327
-88.4126
-87.9987
-87.5887
-87.1801
-86.7706
-86.3576
-85.9382
-85.5096
-85.0683
-84.6102
-84.1306
-83.6235
-83.0816
-82.495
-81.8505
-81.1297
-80.3054
-79.3349
-78.1473
-76.6111
-74.4455
-70.9002
-62.9906
-25.468
48.9021
49.4399
45.0776
31.3184
9.96917
-4.84688
-15.8072
-26.7855
-36.3935
-56.481
-91.0699
-94.8899
-94.967
-94.9586
-94.9216
-94.8434
-94.6984
-94.4601
-94.1172
-93.6834
-93.1887
-92.6649
-92.1356
-91.6153
-91.1108
-90.6241
-90.155
-89.7016
-89.2617
-88.8329
-88.4128
-87.9989
-87.5889
-87.1803
-86.7708
-86.3578
-85.9384
-85.5098
-85.0686
-84.6105
-84.1309
-83.6238
-83.0819
-82.4954
-81.8509
-81.1303
-80.306
-79.3357
-78.1483
-76.6126
-74.4478
-70.9045
-63.0027
-25.5508
48.8803
49.4394
45.0772
31.3199
9.97309
-4.84358
-15.804
-26.782
-36.3876
-56.4665
-91.0623
-94.8897
-94.967
-94.9586
-94.9217
-94.8434
-94.6986
-94.4603
-94.1175
-93.6837
-93.1891
-92.6653
-92.136
-91.6157
-91.1111
-90.6245
-90.1553
-89.7019
-89.262
-88.8332
-88.413
-87.9992
-87.5891
-87.1805
-86.771
-86.358
-85.9387
-85.5101
-85.0688
-84.6107
-84.1311
-83.6241
-83.0822
-82.4958
-81.8514
-81.1308
-80.3066
-79.3365
-78.1494
-76.614
-74.4501
-70.9087
-63.0146
-25.6326
48.8582
49.4389
45.0769
31.3215
9.97705
-4.84028
-15.8008
-26.7785
-36.3818
-56.452
-91.0548
-94.8896
-94.967
-94.9586
-94.9217
-94.8435
-94.6987
-94.4605
-94.1178
-93.6841
-93.1895
-92.6657
-92.1364
-91.6161
-91.1115
-90.6248
-90.1556
-89.7022
-89.2623
-88.8334
-88.4133
-87.9994
-87.5893
-87.1807
-86.7712
-86.3582
-85.9389
-85.5103
-85.069
-84.611
-84.1314
-83.6244
-83.0825
-82.4961
-81.8518
-81.1313
-80.3073
-79.3373
-78.1504
-76.6155
-74.4523
-70.9129
-63.0264
-25.7136
48.8361
49.4384
45.0765
31.3229
9.9809
-4.83705
-15.7977
-26.7751
-36.3761
-56.4379
-91.0474
-94.8895
-94.967
-94.9587
-94.9217
-94.8436
-94.6988
-94.4607
-94.1181
-93.6844
-93.1899
-92.6661
-92.1368
-91.6165
-91.1119
-90.6252
-90.156
-89.7025
-89.2625
-88.8337
-88.4135
-87.9996
-87.5895
-87.1809
-86.7714
-86.3584
-85.9391
-85.5105
-85.0692
-84.6112
-84.1316
-83.6247
-83.0829
-82.4965
-81.8522
-81.1318
-80.3079
-79.3381
-78.1514
-76.6169
-74.4546
-70.917
-63.038
-25.7934
48.8138
49.438
45.0762
31.3246
9.98483
-4.83379
-15.7946
-26.7717
-36.3703
-56.4237
-91.04
-94.8894
-94.967
-94.9587
-94.9218
-94.8437
-94.6989
-94.4609
-94.1183
-93.6847
-93.1902
-92.6665
-92.1372
-91.6169
-91.1122
-90.6255
-90.1563
-89.7028
-89.2628
-88.8339
-88.4137
-87.9998
-87.5897
-87.1811
-86.7716
-86.3586
-85.9393
-85.5107
-85.0694
-84.6114
-84.1319
-83.625
-83.0832
-82.4969
-81.8527
-81.1323
-80.3085
-79.3388
-78.1525
-76.6184
-74.4568
-70.9211
-63.0495
-25.8719
48.7914
49.4376
45.076
31.3263
9.98879
-4.83053
-15.7915
-26.7682
-36.3646
-56.4096
-91.0326
-94.8893
-94.967
-94.9587
-94.9218
-94.8437
-94.6991
-94.4611
-94.1186
-93.6851
-93.1906
-92.6669
-92.1376
-91.6172
-91.1126
-90.6258
-90.1566
-89.7031
-89.2631
-88.8342
-88.414
-88
-87.59
-87.1813
-86.7718
-86.3588
-85.9395
-85.5109
-85.0697
-84.6117
-84.1321
-83.6252
-83.0835
-82.4972
-81.8531
-81.1328
-80.3091
-79.3396
-78.1535
-76.6198
-74.4589
-70.9251
-63.0608
-25.9498
48.769
49.4371
45.0758
31.3279
9.99266
-4.82734
-15.7884
-26.7649
-36.359
-56.3958
-91.0254
-94.8892
-94.967
-94.9587
-94.9219
-94.8438
-94.6992
-94.4613
-94.1189
-93.6854
-93.191
-92.6673
-92.138
-91.6176
-91.1129
-90.6262
-90.1569
-89.7034
-89.2633
-88.8344
-88.4142
-88.0003
-87.5902
-87.1815
-86.772
-86.359
-85.9397
-85.5111
-85.0699
-84.6119
-84.1324
-83.6255
-83.0838
-82.4976
-81.8535
-81.1333
-80.3097
-79.3404
-78.1545
-76.6212
-74.4611
-70.9291
-63.0719
-26.0261
48.7465
49.4367
45.0756
31.3296
9.99654
-4.82416
-15.7854
-26.7615
-36.3534
-56.382
-91.0182
-94.8891
-94.967
-94.9587
-94.9219
-94.8439
-94.6993
-94.4615
-94.1191
-93.6857
-93.1914
-92.6676
-92.1384
-91.618
-91.1133
-90.6265
-90.1572
-89.7036
-89.2636
-88.8347
-88.4144
-88.0005
-87.5904
-87.1817
-86.7722
-86.3592
-85.9399
-85.5113
-85.0701
-84.6121
-84.1326
-83.6258
-83.0841
-82.4979
-81.8539
-81.1338
-80.3103
-79.3411
-78.1554
-76.6225
-74.4631
-70.9329
-63.0826
-26.0998
48.7244
49.4364
45.0755
31.3313
10.0004
-4.82103
-15.7824
-26.7582
-36.3479
-56.3686
-91.0111
-94.889
-94.967
-94.9587
-94.9219
-94.8439
-94.6994
-94.4617
-94.1194
-93.686
-93.1917
-92.668
-92.1388
-91.6183
-91.1136
-90.6268
-90.1575
-89.7039
-89.2639
-88.8349
-88.4146
-88.0007
-87.5906
-87.1819
-86.7724
-86.3594
-85.9401
-85.5115
-85.0703
-84.6123
-84.1329
-83.6261
-83.0844
-82.4983
-81.8543
-81.1343
-80.3109
-79.3418
-78.1564
-76.6238
-74.4652
-70.9367
-63.0931
-26.1718
48.7026
49.436
45.0754
31.333
10.0041
-4.81801
-15.7795
-26.7551
-36.3427
-56.3556
-91.0042
-94.8889
-94.967
-94.9588
-94.922
-94.844
-94.6995
-94.4619
-94.1196
-93.6863
-93.1921
-92.6684
-92.1391
-91.6187
-91.1139
-90.6271
-90.1578
-89.7042
-89.2641
-88.8351
-88.4149
-88.0009
-87.5908
-87.1821
-86.7726
-86.3596
-85.9403
-85.5117
-85.0705
-84.6126
-84.1331
-83.6263
-83.0847
-82.4986
-81.8547
-81.1347
-80.3115
-79.3425
-78.1573
-76.6251
-74.4672
-70.9405
-63.1036
-26.2434
48.6807
49.4356
45.0753
31.3346
10.0078
-4.81501
-15.7767
-26.7519
-36.3374
-56.3427
-90.9973
-94.8888
-94.967
-94.9588
-94.922
-94.8441
-94.6997
-94.462
-94.1199
-93.6866
-93.1924
-92.6687
-92.1395
-91.619
-91.1143
-90.6274
-90.158
-89.7044
-89.2643
-88.8354
-88.4151
-88.0011
-87.591
-87.1823
-86.7728
-86.3597
-85.9404
-85.5119
-85.0707
-84.6128
-84.1334
-83.6266
-83.085
-82.4989
-81.8551
-81.1352
-80.312
-79.3432
-78.1583
-76.6264
-74.4692
-70.9442
-63.1139
-26.3147
48.6583
49.4353
45.0752
31.3365
10.0117
-4.8119
-15.7737
-26.7487
-36.332
-56.3295
-90.9902
-94.8887
-94.967
-94.9588
-94.922
-94.8441
-94.6998
-94.4622
-94.1201
-93.687
-93.1927
-92.6691
-92.1398
-91.6194
-91.1146
-90.6277
-90.1583
-89.7047
-89.2646
-88.8356
-88.4153
-88.0013
-87.5912
-87.1825
-86.773
-86.3599
-85.9406
-85.5121
-85.0709
-84.613
-84.1336
-83.6269
-83.0853
-82.4993
-81.8555
-81.1357
-80.3126
-79.344
-78.1592
-76.6278
-74.4712
-70.948
-63.1243
-26.3858
48.6358
49.435
45.0752
31.3384
10.0155
-4.80883
-15.7708
-26.7455
-36.3267
-56.3164
-90.9832
-94.8886
-94.967
-94.9588
-94.9221
-94.8442
-94.6999
-94.4624
-94.1204
-93.6873
-93.1931
-92.6695
-92.1402
-91.6197
-91.1149
-90.6281
-90.1586
-89.705
-89.2648
-88.8358
-88.4155
-88.0015
-87.5914
-87.1827
-86.7732
-86.3601
-85.9408
-85.5123
-85.0712
-84.6133
-84.1339
-83.6271
-83.0856
-82.4996
-81.8559
-81.1362
-80.3132
-79.3447
-78.1601
-76.6291
-74.4732
-70.9517
-63.1345
-26.4559
48.6137
49.4346
45.0751
31.3401
10.0193
-4.80584
-15.768
-26.7423
-36.3215
-56.3036
-90.9763
-94.8885
-94.967
-94.9588
-94.9221
-94.8443
-94.7
-94.4626
-94.1206
-93.6876
-93.1934
-92.6698
-92.1406
-91.6201
-91.1153
-90.6284
-90.1589
-89.7052
-89.2651
-88.8361
-88.4157
-88.0017
-87.5916
-87.1829
-86.7734
-86.3603
-85.941
-85.5125
-85.0714
-84.6135
-84.1341
-83.6274
-83.0859
-82.5
-81.8563
-81.1366
-80.3137
-79.3454
-78.161
-76.6303
-74.4752
-70.9553
-63.1445
-26.5244
48.6094
49.4343
45.0746
31.3406
10.0217
-4.80359
-15.7658
-26.7399
-36.3174
-56.2935
-90.9709
-94.8884
-94.967
-94.9588
-94.9221
-94.8443
-94.7001
-94.4627
-94.1208
-93.6878
-93.1937
-92.6701
-92.1409
-91.6204
-91.1156
-90.6287
-90.1592
-89.7055
-89.2653
-88.8363
-88.4159
-88.0019
-87.5918
-87.1831
-86.7736
-86.3605
-85.9412
-85.5127
-85.0716
-84.6137
-84.1343
-83.6277
-83.0862
-82.5003
-81.8567
-81.137
-80.3143
-79.346
-78.1619
-76.6315
-74.477
-70.9587
-63.1538
-26.5888
48.6131
49.4341
45.074
31.3406
10.0235
-4.80178
-15.764
-26.7378
-36.314
-56.285
-90.9663
-94.8884
-94.967
-94.9589
-94.9222
-94.8444
-94.7002
-94.4629
-94.121
-93.6881
-93.194
-92.6705
-92.1412
-91.6207
-91.1159
-90.6289
-90.1594
-89.7057
-89.2655
-88.8365
-88.4161
-88.0021
-87.5919
-87.1833
-86.7737
-86.3607
-85.9414
-85.5129
-85.0717
-84.6139
-84.1346
-83.6279
-83.0865
-82.5006
-81.857
-81.1375
-80.3148
-79.3467
-78.1627
-76.6326
-74.4787
-70.9619
-63.1627
-26.6496
48.6167
49.4338
45.0733
31.3406
10.0252
-4.8001
-15.7623
-26.7359
-36.3108
-56.2771
-90.9621
-94.8883
-94.967
-94.9589
-94.9222
-94.8444
-94.7003
-94.463
-94.1212
-93.6883
-93.1943
-92.6707
-92.1415
-91.621
-91.1161
-90.6292
-90.1597
-89.7059
-89.2658
-88.8367
-88.4163
-88.0023
-87.5921
-87.1834
-86.7739
-86.3608
-85.9416
-85.5131
-85.0719
-84.6141
-84.1348
-83.6281
-83.0867
-82.5009
-81.8573
-81.1379
-80.3153
-79.3473
-78.1635
-76.6338
-74.4805
-70.9651
-63.1716
-26.7099
48.6202
49.4336
45.0726
31.3405
10.0268
-4.79846
-15.7606
-26.7341
-36.3076
-56.2694
-90.958
-94.8883
-94.967
-94.9589
-94.9222
-94.8445
-94.7003
-94.4631
-94.1214
-93.6886
-93.1946
-92.671
-92.1418
-91.6213
-91.1164
-90.6294
-90.1599
-89.7062
-89.266
-88.8369
-88.4165
-88.0025
-87.5923
-87.1836
-86.774
-86.361
-85.9417
-85.5132
-85.0721
-84.6143
-84.135
-83.6284
-83.087
-82.5012
-81.8577
-81.1383
-80.3158
-79.3479
-78.1643
-76.6349
-74.4823
-70.9684
-63.1807
-26.7713
48.6256
49.4333
45.072
31.3404
10.0285
-4.79677
-15.7589
-26.7322
-36.3044
-56.2615
-90.9537
-94.8882
-94.967
-94.9589
-94.9222
-94.8445
-94.7004
-94.4633
-94.1216
-93.6888
-93.1949
-92.6713
-92.1421
-91.6216
-91.1167
-90.6297
-90.1602
-89.7064
-89.2662
-88.8371
-88.4167
-88.0026
-87.5924
-87.1838
-86.7742
-86.3612
-85.9419
-85.5134
-85.0723
-84.6145
-84.1352
-83.6286
-83.0873
-82.5015
-81.8581
-81.1387
-80.3163
-79.3486
-78.1652
-76.6361
-74.484
-70.9717
-63.1898
-26.8329
48.6313
49.4331
45.0713
31.3403
10.0301
-4.7951
-15.7573
-26.7303
-36.3012
-56.2536
-90.9495
-94.8881
-94.967
-94.9589
-94.9223
-94.8445
-94.7005
-94.4634
-94.1218
-93.689
-93.1951
-92.6716
-92.1424
-91.6218
-91.117
-90.6299
-90.1604
-89.7066
-89.2664
-88.8373
-88.4169
-88.0028
-87.5926
-87.1839
-86.7744
-86.3613
-85.9421
-85.5136
-85.0725
-84.6147
-84.1354
-83.6288
-83.0875
-82.5018
-81.8584
-81.1391
-80.3168
-79.3492
-78.166
-76.6372
-74.4858
-70.9749
-63.1987
-26.8931
48.6368
49.4329
45.0706
31.3402
10.0316
-4.79349
-15.7556
-26.7284
-36.2981
-56.246
-90.9454
-94.8881
-94.967
-94.9589
-94.9223
-94.8446
-94.7006
-94.4635
-94.122
-93.6893
-93.1954
-92.6719
-92.1427
-91.6221
-91.1172
-90.6302
-90.1606
-89.7068
-89.2666
-88.8375
-88.4171
-88.003
-87.5928
-87.1841
-86.7746
-86.3615
-85.9422
-85.5138
-85.0727
-84.6149
-84.1356
-83.6291
-83.0878
-82.5021
-81.8588
-81.1395
-80.3173
-79.3498
-78.1668
-76.6383
-74.4875
-70.978
-63.2073
-26.9513
48.6423
49.4326
45.07
31.34
10.0331
-4.79197
-15.7541
-26.7267
-36.2952
-56.2388
-90.9415
-94.888
-94.967
-94.9589
-94.9223
-94.8446
-94.7007
-94.4636
-94.1222
-93.6895
-93.1957
-92.6722
-92.143
-91.6224
-91.1175
-90.6304
-90.1609
-89.7071
-89.2668
-88.8377
-88.4172
-88.0032
-87.593
-87.1843
-86.7747
-86.3617
-85.9424
-85.5139
-85.0729
-84.6151
-84.1358
-83.6293
-83.088
-82.5024
-81.8591
-81.1399
-80.3177
-79.3504
-78.1676
-76.6394
-74.4891
-70.9811
-63.2158
-27.0083
48.6473
49.4324
45.0694
31.34
10.0347
-4.79038
-15.7525
-26.7249
-36.2922
-56.2314
-90.9376
-94.888
-94.967
-94.9589
-94.9223
-94.8447
-94.7007
-94.4638
-94.1223
-93.6897
-93.1959
-92.6725
-92.1432
-91.6227
-91.1178
-90.6307
-90.1611
-89.7073
-89.267
-88.8379
-88.4174
-88.0033
-87.5931
-87.1844
-86.7749
-86.3618
-85.9426
-85.5141
-85.073
-84.6153
-84.136
-83.6295
-83.0883
-82.5027
-81.8594
-81.1403
-80.3182
-79.351
-78.1684
-76.6405
-74.4908
-70.9841
-63.2241
-27.065
48.6523
49.4322
45.0688
31.3401
10.0363
-4.78881
-15.7509
-26.7231
-36.2892
-56.2241
-90.9336
-94.8879
-94.967
-94.9589
-94.9223
-94.8447
-94.7008
-94.4639
-94.1225
-93.69
-93.1962
-92.6727
-92.1435
-91.6229
-91.118
-90.6309
-90.1613
-89.7075
-89.2672
-88.838
-88.4176
-88.0035
-87.5933
-87.1846
-86.775
-86.362
-85.9427
-85.5143
-85.0732
-84.6155
-84.1363
-83.6298
-83.0886
-82.503
-81.8598
-81.1407
-80.3187
-79.3516
-78.1691
-76.6416
-74.4924
-70.9872
-63.2325
-27.1214
48.6573
49.432
45.0683
31.34
10.0378
-4.78726
-15.7494
-26.7214
-36.2863
-56.2169
-90.9297
-94.8879
-94.9671
-94.959
-94.9224
-94.8448
-94.7009
-94.464
-94.1227
-93.6902
-93.1964
-92.673
-92.1438
-91.6232
-91.1183
-90.6312
-90.1616
-89.7077
-89.2674
-88.8382
-88.4178
-88.0037
-87.5935
-87.1848
-86.7752
-86.3622
-85.9429
-85.5145
-85.0734
-84.6157
-84.1365
-83.63
-83.0888
-82.5033
-81.8601
-81.1411
-80.3192
-79.3522
-78.1699
-76.6426
-74.494
-70.9901
-63.2406
-27.1767
48.6622
49.4318
45.0677
31.34
10.0393
-4.78577
-15.7479
-26.7197
-36.2835
-56.2101
-90.9261
-94.8878
-94.9671
-94.959
-94.9224
-94.8448
-94.701
-94.4641
-94.1229
-93.6904
-93.1967
-92.6733
-92.1441
-91.6235
-91.1185
-90.6314
-90.1618
-89.7079
-89.2676
-88.8384
-88.418
-88.0039
-87.5936
-87.1849
-86.7754
-86.3623
-85.9431
-85.5146
-85.0736
-84.6158
-84.1367
-83.6302
-83.0891
-82.5035
-81.8604
-81.1415
-80.3196
-79.3527
-78.1706
-76.6436
-74.4956
-70.993
-63.2486
-27.2306
48.6669
49.4316
45.0672
31.34
10.0408
-4.78428
-15.7464
-26.718
-36.2808
-56.2035
-90.9225
-94.8878
-94.9671
-94.959
-94.9224
-94.8448
-94.701
-94.4643
-94.123
-93.6906
-93.1969
-92.6735
-92.1443
-91.6237
-91.1188
-90.6317
-90.162
-89.7081
-89.2678
-88.8386
-88.4181
-88.004
-87.5938
-87.1851
-86.7755
-86.3625
-85.9432
-85.5148
-85.0737
-84.616
-84.1369
-83.6304
-83.0893
-82.5038
-81.8607
-81.1418
-80.3201
-79.3533
-78.1713
-76.6446
-74.4971
-70.9958
-63.2564
-27.2831
48.6713
49.4314
45.0667
31.3401
10.0423
-4.78277
-15.7449
-26.7163
-36.2782
-56.1969
-90.919
-94.8877
-94.9671
-94.959
-94.9224
-94.8449
-94.7011
-94.4644
-94.1232
-93.6908
-93.1971
-92.6738
-92.1446
-91.624
-91.119
-90.6319
-90.1622
-89.7083
-89.268
-88.8388
-88.4183
-88.0042
-87.5939
-87.1852
-86.7757
-86.3626
-85.9434
-85.515
-85.0739
-84.6162
-84.1371
-83.6306
-83.0895
-82.5041
-81.861
-81.1422
-80.3205
-79.3538
-78.1721
-76.6456
-74.4986
-70.9986
-63.2641
-27.3351
48.6757
49.4312
45.0662
31.3402
10.0438
-4.7813
-15.7434
-26.7147
-36.2756
-56.1905
-90.9155
-94.8877
-94.9671
-94.959
-94.9225
-94.8449
-94.7012
-94.4645
-94.1233
-93.691
-93.1974
-92.674
-92.1448
-91.6242
-91.1193
-90.6321
-90.1624
-89.7085
-89.2682
-88.839
-88.4185
-88.0043
-87.5941
-87.1854
-86.7758
-86.3628
-85.9436
-85.5151
-85.0741
-84.6164
-84.1373
-83.6309
-83.0898
-82.5043
-81.8613
-81.1426
-80.321
-79.3544
-78.1728
-76.6466
-74.5001
-71.0014
-63.2717
-27.3866
48.68
49.4311
45.0657
31.3403
10.0453
-4.77987
-15.742
-26.7131
-36.273
-56.1842
-90.9121
-94.8876
-94.9671
-94.959
-94.9225
-94.845
-94.7012
-94.4646
-94.1235
-93.6912
-93.1976
-92.6743
-92.1451
-91.6245
-91.1195
-90.6323
-90.1626
-89.7087
-89.2684
-88.8391
-88.4186
-88.0045
-87.5943
-87.1855
-86.776
-86.3629
-85.9437
-85.5153
-85.0743
-84.6166
-84.1374
-83.6311
-83.09
-82.5046
-81.8616
-81.1429
-80.3214
-79.3549
-78.1735
-76.6476
-74.5016
-71.0041
-63.2791
-27.4368
48.6842
49.4309
45.0652
31.3403
10.0467
-4.77848
-15.7406
-26.7115
-36.2705
-56.1781
-90.9088
-94.8876
-94.9671
-94.959
-94.9225
-94.845
-94.7013
-94.4647
-94.1237
-93.6914
-93.1978
-92.6745
-92.1453
-91.6247
-91.1197
-90.6326
-90.1628
-89.7089
-89.2685
-88.8393
-88.4188
-88.0047
-87.5944
-87.1857
-86.7761
-86.3631
-85.9439
-85.5154
-85.0744
-84.6167
-84.1376
-83.6313
-83.0902
-82.5049
-81.8619
-81.1433
-80.3218
-79.3554
-78.1741
-76.6485
-74.5031
-71.0068
-63.2864
-27.486
48.6882
49.4307
45.0648
31.3405
10.0482
-4.77706
-15.7392
-26.7099
-36.268
-56.172
-90.9055
-94.8876
-94.9671
-94.959
-94.9225
-94.845
-94.7014
-94.4648
-94.1238
-93.6916
-93.1981
-92.6748
-92.1456
-91.625
-91.1199
-90.6328
-90.163
-89.7091
-89.2687
-88.8395
-88.419
-88.0048
-87.5946
-87.1858
-86.7763
-86.3632
-85.944
-85.5156
-85.0746
-84.6169
-84.1378
-83.6315
-83.0905
-82.5051
-81.8622
-81.1436
-80.3222
-79.356
-78.1748
-76.6494
-74.5045
-71.0094
-63.2936
-27.5346
48.6921
49.4306
45.0644
31.3406
10.0497
-4.77564
-15.7378
-26.7083
-36.2655
-56.1658
-90.9022
-94.8875
-94.9671
-94.959
-94.9225
-94.8451
-94.7014
-94.4649
-94.124
-93.6918
-93.1983
-92.675
-92.1458
-91.6252
-91.1202
-90.633
-90.1632
-89.7093
-89.2689
-88.8396
-88.4191
-88.005
-87.5947
-87.186
-86.7764
-86.3634
-85.9442
-85.5158
-85.0747
-84.6171
-84.138
-83.6317
-83.0907
-82.5054
-81.8625
-81.144
-80.3226
-79.3565
-78.1755
-76.6504
-74.5059
-71.0119
-63.3006
-27.5824
48.6959
49.4304
45.064
31.3408
10.0511
-4.77426
-15.7364
-26.7068
-36.2631
-56.1599
-90.8989
-94.8875
-94.9671
-94.959
-94.9225
-94.8451
-94.7015
-94.465
-94.1241
-93.692
-93.1985
-92.6752
-92.146
-91.6254
-91.1204
-90.6332
-90.1634
-89.7095
-89.2691
-88.8398
-88.4193
-88.0051
-87.5949
-87.1861
-86.7766
-86.3635
-85.9443
-85.5159
-85.0749
-84.6172
-84.1382
-83.6319
-83.0909
-82.5056
-81.8628
-81.1443
-80.323
-79.357
-78.1761
-76.6512
-74.5072
-71.0145
-63.3076
-27.6291
48.6996
49.4303
45.0637
31.3409
10.0525
-4.77292
-15.7351
-26.7053
-36.2607
-56.1541
-90.8958
-94.8874
-94.9671
-94.9591
-94.9226
-94.8451
-94.7016
-94.4651
-94.1242
-93.6922
-93.1987
-92.6754
-92.1463
-91.6257
-91.1206
-90.6334
-90.1636
-89.7097
-89.2692
-88.84
-88.4194
-88.0053
-87.595
-87.1863
-86.7767
-86.3637
-85.9445
-85.5161
-85.0751
-84.6174
-84.1384
-83.6321
-83.0911
-82.5059
-81.8631
-81.1446
-80.3234
-79.3575
-78.1768
-76.6521
-74.5086
-71.0169
-63.3143
-27.6749
48.7033
49.4301
45.0633
31.341
10.0538
-4.77163
-15.7338
-26.7039
-36.2585
-56.1485
-90.8928
-94.8874
-94.9671
-94.9591
-94.9226
-94.8452
-94.7016
-94.4652
-94.1244
-93.6923
-93.1989
-92.6757
-92.1465
-91.6259
-91.1208
-90.6336
-90.1638
-89.7098
-89.2694
-88.8401
-88.4196
-88.0054
-87.5951
-87.1864
-86.7768
-86.3638
-85.9446
-85.5162
-85.0752
-84.6176
-84.1385
-83.6323
-83.0913
-82.5061
-81.8634
-81.145
-80.3238
-79.3579
-78.1774
-76.653
-74.5099
-71.0193
-63.3209
-27.7196
48.7068
49.43
45.0629
31.3412
10.0552
-4.77032
-15.7325
-26.7024
-36.2562
-56.1428
-90.8897
-94.8873
-94.9671
-94.9591
-94.9226
-94.8452
-94.7017
-94.4653
-94.1245
-93.6925
-93.1991
-92.6759
-92.1467
-91.6261
-91.121
-90.6338
-90.164
-89.71
-89.2696
-88.8403
-88.4198
-88.0056
-87.5953
-87.1866
-86.777
-86.364
-85.9447
-85.5163
-85.0754
-84.6177
-84.1387
-83.6325
-83.0915
-82.5063
-81.8636
-81.1453
-80.3242
-79.3584
-78.178
-76.6538
-74.5112
-71.0217
-63.3275
-27.7638
48.7101
49.4298
45.0626
31.3415
10.0566
-4.769
-15.7312
-26.701
-36.2538
-56.1371
-90.8866
-94.8873
-94.9671
-94.9591
-94.9226
-94.8452
-94.7017
-94.4654
-94.1247
-93.6927
-93.1993
-92.6761
-92.1469
-91.6263
-91.1212
-90.634
-90.1642
-89.7102
-89.2697
-88.8405
-88.4199
-88.0057
-87.5954
-87.1867
-86.7771
-86.3641
-85.9449
-85.5165
-85.0755
-84.6179
-84.1389
-83.6326
-83.0918
-82.5066
-81.8639
-81.1456
-80.3246
-79.3589
-78.1786
-76.6547
-74.5125
-71.0241
-63.334
-27.8077
48.7134
49.4297
45.0623
31.3417
10.058
-4.76769
-15.73
-26.6995
-36.2516
-56.1316
-90.8836
-94.8873
-94.9671
-94.9591
-94.9226
-94.8453
-94.7018
-94.4655
-94.1248
-93.6929
-93.1995
-92.6763
-92.1472
-91.6265
-91.1215
-90.6342
-90.1644
-89.7104
-89.2699
-88.8406
-88.4201
-88.0059
-87.5956
-87.1868
-86.7773
-86.3642
-85.945
-85.5166
-85.0757
-84.6181
-84.1391
-83.6328
-83.092
-82.5068
-81.8642
-81.1459
-80.3249
-79.3593
-78.1792
-76.6555
-74.5137
-71.0264
-63.3404
-27.8509
48.7167
49.4296
45.062
31.3419
10.0594
-4.76642
-15.7287
-26.6981
-36.2494
-56.1261
-90.8807
-94.8872
-94.9671
-94.9591
-94.9226
-94.8453
-94.7019
-94.4656
-94.1249
-93.693
-93.1997
-92.6765
-92.1474
-91.6267
-91.1217
-90.6344
-90.1646
-89.7105
-89.2701
-88.8408
-88.4202
-88.006
-87.5957
-87.187
-86.7774
-86.3644
-85.9452
-85.5168
-85.0758
-84.6182
-84.1392
-83.633
-83.0922
-82.507
-81.8644
-81.1462
-80.3253
-79.3598
-78.1798
-76.6563
-74.515
-71.0287
-63.3466
-27.8929
48.7199
49.4294
45.0616
31.3421
10.0607
-4.7652
-15.7275
-26.6968
-36.2472
-56.1209
-90.8778
-94.8872
-94.9671
-94.9591
-94.9227
-94.8453
-94.7019
-94.4657
-94.1251
-93.6932
-93.1999
-92.6767
-92.1476
-91.627
-91.1219
-90.6346
-90.1648
-89.7107
-89.2702
-88.8409
-88.4203
-88.0061
-87.5958
-87.1871
-86.7775
-86.3645
-85.9453
-85.5169
-85.076
-84.6184
-84.1394
-83.6332
-83.0924
-82.5073
-81.8647
-81.1465
-80.3257
-79.3602
-78.1804
-76.6571
-74.5162
-71.0309
-63.3526
-27.9337
48.723
49.4293
45.0613
31.3423
10.0619
-4.76403
-15.7263
-26.6955
-36.2451
-56.1158
-90.8751
-94.8871
-94.9671
-94.9591
-94.9227
-94.8454
-94.702
-94.4658
-94.1252
-93.6934
-93.2001
-92.6769
-92.1478
-91.6272
-91.1221
-90.6348
-90.1649
-89.7109
-89.2704
-88.8411
-88.4205
-88.0063
-87.596
-87.1872
-86.7777
-86.3646
-85.9454
-85.5171
-85.0761
-84.6185
-84.1396
-83.6334
-83.0926
-82.5075
-81.8649
-81.1468
-80.326
-79.3607
-78.1809
-76.6579
-74.5173
-71.033
-63.3585
-27.9738
48.7259
49.4292
45.0611
31.3426
10.0633
-4.76279
-15.7251
-26.6941
-36.243
-56.1106
-90.8722
-94.8871
-94.9671
-94.9591
-94.9227
-94.8454
-94.702
-94.4658
-94.1253
-93.6935
-93.2003
-92.6771
-92.148
-91.6274
-91.1222
-90.635
-90.1651
-89.711
-89.2705
-88.8412
-88.4206
-88.0064
-87.5961
-87.1874
-86.7778
-86.3648
-85.9456
-85.5172
-85.0762
-84.6187
-84.1397
-83.6335
-83.0928
-82.5077
-81.8652
-81.1471
-80.3264
-79.3611
-78.1815
-76.6587
-74.5185
-71.0352
-63.3645
-28.014
48.7287
49.4291
45.0608
31.3429
10.0646
-4.76156
-15.7239
-26.6928
-36.2409
-56.1053
-90.8693
-94.8871
-94.9671
-94.9591
-94.9227
-94.8454
-94.7021
-94.4659
-94.1254
-93.6937
-93.2005
-92.6773
-92.1482
-91.6276
-91.1224
-90.6351
-90.1653
-89.7112
-89.2707
-88.8414
-88.4208
-88.0065
-87.5962
-87.1875
-86.7779
-86.3649
-85.9457
-85.5173
-85.0764
-84.6188
-84.1399
-83.6337
-83.0929
-82.5079
-81.8655
-81.1474
-80.3267
-79.3615
-78.182
-76.6594
-74.5197
-71.0374
-63.3704
-28.0539
48.7316
49.429
45.0606
31.3432
10.066
-4.76035
-15.7227
-26.6914
-36.2388
-56.1002
-90.8664
-94.887
-94.9671
-94.9591
-94.9227
-94.8455
-94.7021
-94.466
-94.1256
-93.6938
-93.2006
-92.6775
-92.1484
-91.6278
-91.1226
-90.6353
-90.1655
-89.7114
-89.2709
-88.8415
-88.4209
-88.0067
-87.5964
-87.1876
-86.778
-86.365
-85.9458
-85.5175
-85.0765
-84.619
-84.14
-83.6339
-83.0931
-82.5081
-81.8657
-81.1477
-80.3271
-79.362
-78.1826
-76.6602
-74.5209
-71.0395
-63.3762
-28.093
48.7344
49.4289
45.0603
31.3434
10.0673
-4.75917
-15.7216
-26.6902
-36.2368
-56.0952
-90.8637
-94.887
-94.9671
-94.9591
-94.9227
-94.8455
-94.7022
-94.4661
-94.1257
-93.694
-93.2008
-92.6777
-92.1486
-91.628
-91.1228
-90.6355
-90.1656
-89.7115
-89.271
-88.8416
-88.421
-88.0068
-87.5965
-87.1877
-86.7782
-86.3651
-85.9459
-85.5176
-85.0767
-84.6191
-84.1402
-83.6341
-83.0933
-82.5083
-81.8659
-81.148
-80.3274
-79.3624
-78.1831
-76.6609
-74.522
-71.0415
-63.3818
-28.1309
48.7371
49.4288
45.06
31.3437
10.0685
-4.75804
-15.7205
-26.6889
-36.2348
-56.0904
-90.861
-94.8869
-94.9671
-94.9591
-94.9228
-94.8455
-94.7022
-94.4662
-94.1258
-93.6941
-93.201
-92.6779
-92.1488
-91.6281
-91.123
-90.6357
-90.1658
-89.7117
-89.2712
-88.8418
-88.4212
-88.0069
-87.5966
-87.1879
-86.7783
-86.3653
-85.9461
-85.5177
-85.0768
-84.6193
-84.1404
-83.6342
-83.0935
-82.5085
-81.8662
-81.1482
-80.3277
-79.3628
-78.1836
-76.6616
-74.5231
-71.0435
-63.3872
-28.1676
48.7398
49.4286
45.0598
31.3439
10.0697
-4.75696
-15.7194
-26.6877
-36.2329
-56.0858
-90.8584
-94.8869
-94.9671
-94.9592
-94.9228
-94.8455
-94.7023
-94.4663
-94.1259
-93.6943
-93.2012
-92.6781
-92.149
-91.6283
-91.1232
-90.6358
-90.1659
-89.7118
-89.2713
-88.8419
-88.4213
-88.0071
-87.5967
-87.188
-86.7784
-86.3654
-85.9462
-85.5178
-85.0769
-84.6194
-84.1405
-83.6344
-83.0937
-82.5087
-81.8664
-81.1485
-80.328
-79.3632
-78.1841
-76.6623
-74.5241
-71.0455
-63.3925
-28.2034
48.7422
49.4286
45.0596
31.3442
10.0709
-4.75585
-15.7183
-26.6865
-36.231
-56.0811
-90.8558
-94.8869
-94.9671
-94.9592
-94.9228
-94.8456
-94.7023
-94.4663
-94.126
-93.6944
-93.2013
-92.6783
-92.1492
-91.6285
-91.1234
-90.636
-90.1661
-89.712
-89.2714
-88.8421
-88.4214
-88.0072
-87.5969
-87.1881
-86.7785
-86.3655
-85.9463
-85.518
-85.0771
-84.6195
-84.1406
-83.6346
-83.0939
-82.5089
-81.8666
-81.1488
-80.3283
-79.3636
-78.1846
-76.663
-74.5252
-71.0474
-63.3977
-28.2388
48.7446
49.4285
45.0594
31.3445
10.0721
-4.75473
-15.7172
-26.6853
-36.2291
-56.0764
-90.8532
-94.8868
-94.9671
-94.9592
-94.9228
-94.8456
-94.7024
-94.4664
-94.1261
-93.6946
-93.2015
-92.6785
-92.1493
-91.6287
-91.1235
-90.6362
-90.1663
-89.7121
-89.2716
-88.8422
-88.4216
-88.0073
-87.597
-87.1882
-86.7786
-86.3656
-85.9464
-85.5181
-85.0772
-84.6197
-84.1408
-83.6347
-83.094
-82.5091
-81.8668
-81.149
-80.3287
-79.3639
-78.1851
-76.6637
-74.5262
-71.0493
-63.403
-28.2739
48.747
49.4284
45.0592
31.3448
10.0734
-4.75364
-15.7162
-26.6841
-36.2272
-56.0718
-90.8507
-94.8868
-94.9671
-94.9592
-94.9228
-94.8456
-94.7024
-94.4665
-94.1262
-93.6947
-93.2017
-92.6786
-92.1495
-91.6289
-91.1237
-90.6363
-90.1664
-89.7123
-89.2717
-88.8423
-88.4217
-88.0074
-87.5971
-87.1883
-86.7788
-86.3657
-85.9465
-85.5182
-85.0773
-84.6198
-84.1409
-83.6349
-83.0942
-82.5093
-81.8671
-81.1493
-80.329
-79.3643
-78.1856
-76.6644
-74.5272
-71.0512
-63.4081
-28.3082
48.7493
49.4283
45.059
31.3451
10.0746
-4.75257
-15.7151
-26.6829
-36.2254
-56.0673
-90.8482
-94.8868
-94.9671
-94.9592
-94.9228
-94.8456
-94.7025
-94.4666
-94.1264
-93.6948
-93.2018
-92.6788
-92.1497
-91.629
-91.1239
-90.6365
-90.1666
-89.7124
-89.2718
-88.8424
-88.4218
-88.0076
-87.5972
-87.1884
-86.7789
-86.3659
-85.9467
-85.5183
-85.0774
-84.6199
-84.1411
-83.635
-83.0944
-82.5095
-81.8673
-81.1495
-80.3293
-79.3647
-78.1861
-76.665
-74.5282
-71.053
-63.4132
-28.342
48.7516
49.4282
45.0589
31.3454
10.0757
-4.75153
-15.7141
-26.6818
-36.2236
-56.0629
-90.8457
-94.8867
-94.9671
-94.9592
-94.9228
-94.8457
-94.7025
-94.4666
-94.1265
-93.695
-93.202
-92.679
-92.1499
-91.6292
-91.124
-90.6367
-90.1667
-89.7126
-89.272
-88.8426
-88.4219
-88.0077
-87.5973
-87.1886
-86.779
-86.366
-85.9468
-85.5185
-85.0776
-84.6201
-84.1412
-83.6352
-83.0946
-82.5097
-81.8675
-81.1498
-80.3296
-79.3651
-78.1866
-76.6657
-74.5292
-71.0548
-63.4182
-28.375
48.7538
49.4281
45.0587
31.3457
10.0768
-4.75052
-15.7131
-26.6807
-36.2218
-56.0587
-90.8433
-94.8867
-94.9671
-94.9592
-94.9229
-94.8457
-94.7026
-94.4667
-94.1266
-93.6951
-93.2021
-92.6791
-92.15
-91.6294
-91.1242
-90.6368
-90.1669
-89.7127
-89.2721
-88.8427
-88.4221
-88.0078
-87.5974
-87.1887
-86.7791
-86.3661
-85.9469
-85.5186
-85.0777
-84.6202
-84.1414
-83.6353
-83.0947
-82.5099
-81.8677
-81.15
-80.3299
-79.3654
-78.1871
-76.6663
-74.5302
-71.0566
-63.423
-28.4071
48.756
49.428
45.0585
31.3459
10.0779
-4.74954
-15.7121
-26.6796
-36.2202
-56.0545
-90.841
-94.8867
-94.9671
-94.9592
-94.9229
-94.8457
-94.7026
-94.4668
-94.1267
-93.6952
-93.2023
-92.6793
-92.1502
-91.6295
-91.1244
-90.637
-90.167
-89.7128
-89.2722
-88.8428
-88.4222
-88.0079
-87.5976
-87.1888
-86.7792
-86.3662
-85.947
-85.5187
-85.0778
-84.6203
-84.1415
-83.6355
-83.0949
-82.5101
-81.8679
-81.1503
-80.3301
-79.3658
-78.1875
-76.6669
-74.5311
-71.0583
-63.4277
-28.4383
48.7581
49.4279
45.0583
31.3462
10.079
-4.74856
-15.7112
-26.6786
-36.2185
-56.0504
-90.8388
-94.8866
-94.9671
-94.9592
-94.9229
-94.8457
-94.7026
-94.4669
-94.1268
-93.6954
-93.2024
-92.6795
-92.1504
-91.6297
-91.1245
-90.6371
-90.1671
-89.713
-89.2724
-88.8429
-88.4223
-88.008
-87.5977
-87.1889
-86.7793
-86.3663
-85.9471
-85.5188
-85.0779
-84.6204
-84.1416
-83.6356
-83.095
-82.5103
-81.8681
-81.1505
-80.3304
-79.3661
-78.1879
-76.6676
-74.5321
-71.06
-63.4323
-28.4691
48.76
49.4279
45.0582
31.3466
10.0802
-4.74756
-15.7102
-26.6775
-36.2168
-56.0463
-90.8364
-94.8866
-94.9671
-94.9592
-94.9229
-94.8458
-94.7027
-94.4669
-94.1269
-93.6955
-93.2026
-92.6796
-92.1505
-91.6299
-91.1247
-90.6372
-90.1673
-89.7131
-89.2725
-88.8431
-88.4224
-88.0081
-87.5978
-87.189
-86.7794
-86.3664
-85.9472
-85.5189
-85.078
-84.6206
-84.1418
-83.6358
-83.0952
-82.5104
-81.8683
-81.1507
-80.3307
-79.3665
-78.1884
-76.6682
-74.533
-71.0617
-63.4369
-28.4997
48.762
49.4278
45.0581
31.3469
10.0813
-4.74658
-15.7093
-26.6764
-36.2151
-56.0422
-90.8342
-94.8866
-94.9671
-94.9592
-94.9229
-94.8458
-94.7027
-94.467
-94.127
-93.6956
-93.2027
-92.6798
-92.1507
-91.63
-91.1248
-90.6374
-90.1674
-89.7132
-89.2726
-88.8432
-88.4225
-88.0082
-87.5979
-87.1891
-86.7795
-86.3665
-85.9473
-85.519
-85.0782
-84.6207
-84.1419
-83.6359
-83.0953
-82.5106
-81.8685
-81.151
-80.331
-79.3668
-78.1888
-76.6688
-74.5339
-71.0634
-63.4414
-28.53
48.7639
49.4277
45.0579
31.3473
10.0824
-4.74561
-15.7083
-26.6754
-36.2135
-56.0382
-90.8319
-94.8865
-94.9671
-94.9592
-94.9229
-94.8458
-94.7028
-94.4671
-94.127
-93.6957
-93.2029
-92.6799
-92.1508
-91.6302
-91.125
-90.6375
-90.1676
-89.7134
-89.2727
-88.8433
-88.4226
-88.0083
-87.598
-87.1892
-86.7796
-86.3666
-85.9474
-85.5191
-85.0783
-84.6208
-84.142
-83.636
-83.0955
-82.5108
-81.8687
-81.1512
-80.3312
-79.3671
-78.1893
-76.6693
-74.5348
-71.065
-63.4459
-28.5595
48.7658
49.4277
45.0578
31.3476
10.0835
-4.74468
-15.7074
-26.6744
-36.2119
-56.0343
-90.8297
-94.8865
-94.9671
-94.9592
-94.9229
-94.8458
-94.7028
-94.4671
-94.1271
-93.6959
-93.203
-92.6801
-92.151
-91.6303
-91.1251
-90.6377
-90.1677
-89.7135
-89.2729
-88.8434
-88.4227
-88.0084
-87.5981
-87.1893
-86.7797
-86.3667
-85.9475
-85.5192
-85.0784
-84.6209
-84.1421
-83.6362
-83.0956
-82.5109
-81.8689
-81.1514
-80.3315
-79.3674
-78.1897
-76.6699
-74.5356
-71.0666
-63.4502
-28.5883
48.7676
49.4276
45.0577
31.3479
10.0845
-4.74377
-15.7065
-26.6734
-36.2103
-56.0305
-90.8276
-94.8865
-94.9671
-94.9592
-94.9229
-94.8459
-94.7028
-94.4672
-94.1272
-93.696
-93.2031
-92.6802
-92.1511
-91.6305
-91.1252
-90.6378
-90.1678
-89.7136
-89.273
-88.8435
-88.4228
-88.0085
-87.5982
-87.1894
-86.7798
-86.3668
-85.9476
-85.5193
-85.0785
-84.621
-84.1423
-83.6363
-83.0958
-82.5111
-81.8691
-81.1516
-80.3318
-79.3678
-78.1901
-76.6705
-74.5365
-71.0681
-63.4544
-28.6163
48.7694
49.4275
45.0575
31.3482
10.0855
-4.74289
-15.7057
-26.6724
-36.2088
-56.0268
-90.8256
-94.8865
-94.9671
-94.9592
-94.9229
-94.8459
-94.7029
-94.4672
-94.1273
-93.6961
-93.2033
-92.6804
-92.1513
-91.6306
-91.1254
-90.6379
-90.1679
-89.7137
-89.2731
-88.8436
-88.4229
-88.0086
-87.5983
-87.1895
-86.7799
-86.3669
-85.9477
-85.5194
-85.0786
-84.6211
-84.1424
-83.6364
-83.0959
-82.5113
-81.8693
-81.1518
-80.332
-79.3681
-78.1905
-76.671
-74.5373
-71.0696
-63.4585
-28.6435
48.7711
49.4275
45.0574
31.3484
10.0864
-4.74204
-15.7049
-26.6715
-36.2074
-56.0233
-90.8236
-94.8864
-94.9671
-94.9592
-94.923
-94.8459
-94.7029
-94.4673
-94.1274
-93.6962
-93.2034
-92.6805
-92.1514
-91.6307
-91.1255
-90.6381
-90.1681
-89.7138
-89.2732
-88.8437
-88.423
-88.0087
-87.5984
-87.1896
-86.78
-86.367
-85.9478
-85.5195
-85.0787
-84.6213
-84.1425
-83.6366
-83.0961
-82.5114
-81.8694
-81.152
-80.3322
-79.3684
-78.1909
-76.6715
-74.5381
-71.0711
-63.4625
-28.67
48.7728
49.4274
45.0573
31.3487
10.0874
-4.7412
-15.704
-26.6706
-36.206
-56.0198
-90.8216
-94.8864
-94.9671
-94.9592
-94.923
-94.8459
-94.703
-94.4674
-94.1275
-93.6963
-93.2035
-92.6806
-92.1516
-91.6309
-91.1257
-90.6382
-90.1682
-89.714
-89.2733
-88.8438
-88.4231
-88.0088
-87.5985
-87.1897
-86.7801
-86.3671
-85.9479
-85.5196
-85.0788
-84.6214
-84.1426
-83.6367
-83.0962
-82.5116
-81.8696
-81.1522
-80.3325
-79.3687
-78.1912
-76.6721
-74.5389
-71.0725
-63.4664
-28.696
48.7744
49.4273
45.0572
31.349
10.0884
-4.74034
-15.7032
-26.6697
-36.2045
-56.0162
-90.8197
-94.8864
-94.9671
-94.9593
-94.923
-94.8459
-94.703
-94.4674
-94.1276
-93.6964
-93.2036
-92.6808
-92.1517
-91.631
-91.1258
-90.6383
-90.1683
-89.7141
-89.2734
-88.8439
-88.4232
-88.0089
-87.5986
-87.1898
-86.7802
-86.3672
-85.948
-85.5197
-85.0789
-84.6215
-84.1427
-83.6368
-83.0963
-82.5117
-81.8698
-81.1524
-80.3327
-79.369
-78.1916
-76.6726
-74.5397
-71.074
-63.4703
-28.7221
48.7759
49.4273
45.0571
31.3494
10.0894
-4.73948
-15.7024
-26.6688
-36.2031
-56.0127
-90.8177
-94.8863
-94.9671
-94.9593
-94.923
-94.846
-94.703
-94.4675
-94.1277
-93.6965
-93.2038
-92.6809
-92.1518
-91.6312
-91.1259
-90.6384
-90.1684
-89.7142
-89.2735
-88.844
-88.4233
-88.009
-87.5987
-87.1899
-86.7803
-86.3673
-85.9481
-85.5198
-85.079
-84.6216
-84.1428
-83.6369
-83.0965
-82.5119
-81.87
-81.1526
-80.333
-79.3692
-78.192
-76.6731
-74.5405
-71.0754
-63.4742
-28.7481
48.7775
49.4272
45.057
31.3497
10.0904
-4.73863
-15.7016
-26.6678
-36.2016
-56.0092
-90.8157
-94.8863
-94.9671
-94.9593
-94.923
-94.846
-94.7031
-94.4675
-94.1277
-93.6966
-93.2039
-92.681
-92.152
-91.6313
-91.126
-90.6386
-90.1685
-89.7143
-89.2736
-88.8441
-88.4234
-88.0091
-87.5987
-87.19
-86.7804
-86.3674
-85.9482
-85.5199
-85.0791
-84.6217
-84.1429
-83.6371
-83.0966
-82.512
-81.8701
-81.1528
-80.3332
-79.3695
-78.1924
-76.6736
-74.5412
-71.0768
-63.478
-28.7736
48.779
49.4272
45.057
31.3501
10.0914
-4.73779
-15.7007
-26.667
-36.2002
-56.0057
-90.8138
-94.8863
-94.9671
-94.9593
-94.923
-94.846
-94.7031
-94.4676
-94.1278
-93.6967
-93.204
-92.6812
-92.1521
-91.6314
-91.1262
-90.6387
-90.1687
-89.7144
-89.2737
-88.8442
-88.4235
-88.0092
-87.5988
-87.19
-86.7805
-86.3674
-85.9483
-85.52
-85.0792
-84.6218
-84.1431
-83.6372
-83.0967
-82.5122
-81.8703
-81.153
-80.3334
-79.3698
-78.1927
-76.6741
-74.542
-71.0782
-63.4818
-28.7984
48.7805
49.4271
45.0569
31.3504
10.0923
-4.73698
-15.7
-26.6661
-36.1988
-56.0024
-90.8119
-94.8863
-94.9671
-94.9593
-94.923
-94.846
-94.7031
-94.4676
-94.1279
-93.6968
-93.2041
-92.6813
-92.1522
-91.6315
-91.1263
-90.6388
-90.1688
-89.7145
-89.2738
-88.8443
-88.4236
-88.0093
-87.5989
-87.1901
-86.7805
-86.3675
-85.9484
-85.5201
-85.0793
-84.6219
-84.1432
-83.6373
-83.0969
-82.5123
-81.8705
-81.1532
-80.3336
-79.3701
-78.1931
-76.6746
-74.5427
-71.0795
-63.4854
-28.8225
48.7819
49.4271
45.0568
31.3507
10.0932
-4.7362
-15.6992
-26.6652
-36.1975
-55.9991
-90.8101
-94.8862
-94.9671
-94.9593
-94.923
-94.846
-94.7032
-94.4677
-94.128
-93.6969
-93.2042
-92.6814
-92.1524
-91.6317
-91.1264
-90.6389
-90.1689
-89.7146
-89.2739
-88.8444
-88.4237
-88.0094
-87.599
-87.1902
-86.7806
-86.3676
-85.9485
-85.5202
-85.0794
-84.622
-84.1433
-83.6374
-83.097
-82.5124
-81.8706
-81.1534
-80.3339
-79.3704
-78.1934
-76.675
-74.5434
-71.0808
-63.4889
-28.8459
48.7833
49.427
45.0567
31.3509
10.0941
-4.73545
-15.6985
-26.6644
-36.1963
-55.996
-90.8084
-94.8862
-94.9671
-94.9593
-94.923
-94.846
-94.7032
-94.4677
-94.128
-93.697
-93.2044
-92.6815
-92.1525
-91.6318
-91.1265
-90.639
-90.169
-89.7147
-89.274
-88.8445
-88.4238
-88.0095
-87.5991
-87.1903
-86.7807
-86.3677
-85.9486
-85.5203
-85.0795
-84.6221
-84.1434
-83.6375
-83.0971
-82.5126
-81.8708
-81.1536
-80.3341
-79.3706
-78.1937
-76.6755
-74.5441
-71.082
-63.4923
-28.8685
48.7847
49.427
45.0566
31.3512
10.0949
-4.73472
-15.6978
-26.6637
-36.195
-55.993
-90.8067
-94.8862
-94.9672
-94.9593
-94.923
-94.8461
-94.7032
-94.4678
-94.1281
-93.6971
-93.2045
-92.6816
-92.1526
-91.6319
-91.1267
-90.6392
-90.1691
-89.7148
-89.2741
-88.8446
-88.4239
-88.0096
-87.5992
-87.1904
-86.7808
-86.3678
-85.9486
-85.5204
-85.0796
-84.6222
-84.1435
-83.6376
-83.0972
-82.5127
-81.8709
-81.1537
-80.3343
-79.3709
-78.1941
-76.6759
-74.5448
-71.0833
-63.4956
-28.8906
48.786
49.4269
45.0565
31.3515
10.0957
-4.73401
-15.6971
-26.6629
-36.1938
-55.9901
-90.805
-94.8862
-94.9672
-94.9593
-94.9231
-94.8461
-94.7033
-94.4678
-94.1282
-93.6972
-93.2046
-92.6818
-92.1527
-91.632
-91.1268
-90.6393
-90.1692
-89.7149
-89.2742
-88.8447
-88.424
-88.0096
-87.5993
-87.1905
-86.7809
-86.3679
-85.9487
-85.5204
-85.0796
-84.6223
-84.1436
-83.6377
-83.0973
-82.5128
-81.8711
-81.1539
-80.3345
-79.3711
-78.1944
-76.6764
-74.5454
-71.0845
-63.4989
-28.9121
48.7873
49.4269
45.0565
31.3517
10.0966
-4.73332
-15.6964
-26.6621
-36.1927
-55.9872
-90.8034
-94.8861
-94.9672
-94.9593
-94.9231
-94.8461
-94.7033
-94.4679
-94.1283
-93.6973
-93.2047
-92.6819
-92.1528
-91.6321
-91.1269
-90.6394
-90.1693
-89.715
-89.2743
-88.8448
-88.4241
-88.0097
-87.5993
-87.1905
-86.7809
-86.3679
-85.9488
-85.5205
-85.0797
-84.6223
-84.1437
-83.6378
-83.0975
-82.513
-81.8712
-81.1541
-80.3347
-79.3713
-78.1947
-76.6768
-74.5461
-71.0856
-63.502
-28.9333
48.7885
49.4268
45.0564
31.3521
10.0974
-4.7326
-15.6957
-26.6614
-36.1915
-55.9842
-90.8017
-94.8861
-94.9672
-94.9593
-94.9231
-94.8461
-94.7033
-94.4679
-94.1283
-93.6974
-93.2048
-92.682
-92.1529
-91.6322
-91.127
-90.6395
-90.1694
-89.7151
-89.2744
-88.8449
-88.4241
-88.0098
-87.5994
-87.1906
-86.781
-86.368
-85.9489
-85.5206
-85.0798
-84.6224
-84.1437
-83.6379
-83.0976
-82.5131
-81.8713
-81.1542
-80.3349
-79.3716
-78.195
-76.6772
-74.5467
-71.0868
-63.5052
-28.9545
48.7897
49.4268
45.0564
31.3524
10.0983
-4.73188
-15.695
-26.6606
-36.1903
-55.9813
-90.8001

