-70
-56.9233
22.0147
49.9814
49.7662
48.6518
45.5335
39.2023
29.0938
16.471
4.46681
-5.61852
-14.5583
-23.0689
-29.9513
-36.912
-50.9656
-82.6438
-94.4917
-94.9479
-94.9601
-94.9344
-94.889
-94.8274
-94.7564
-94.6848
-94.6192
-94.5631
-94.5171
-94.4801
-94.4508
-94.4276
-94.4091
-94.3942
-94.3822
-94.3723
-94.3641
-94.357
-94.351
-94.3456
-94.3408
-94.3365
-94.3324
-94.3286
-94.3249
-94.3213
-94.3178
-94.3144
-94.311
-94.3076
-94.3042
-94.3008
-94.2974
-94.2939
-94.2904
-94.2868
-94.2832
-94.2796
-94.2759
-94.2721
-94.2683
-94.2645
-94.2606
-94.2566
-94.2525
-94.2484
-94.2443
-94.2401
-94.2358
-94.2315
-94.2271
-94.2226
-94.2181
-94.2135
-94.2089
-94.2042
-94.1994
-94.1946
-94.1897
-94.1847
-94.1797
-94.1746
-94.1695
-94.1643
-94.159
-94.1537
-94.1483
-94.1428
-94.1373
-94.1317
-94.1261
-94.1204
-94.1146
-94.1087
-94.1028
-94.0968
-94.0908
-94.0847
-94.0785
-94.0723
-94.0659
-94.0596
-94.0531
-94.0466
-94.04
-94.0334
-94.0267
-94.0199
-94.013
-94.0061
-93.9991
-93.9921
-93.985
-93.9778
-93.9705
-93.9632
-93.9558
-93.9483
-93.9407
-93.9331
-93.9254
-93.9177
-93.9098
-93.9019
-93.8939
-93.8859
-93.8778
-93.8696
-93.8613
-93.8529
-93.8445
-93.836
-93.8274
-93.8188
-93.8101
-93.8013
-93.7924
-93.7834
-93.7744
-93.7653
-93.7561
-93.7468
-93.7375
-93.728
-93.7185
-93.7089
-93.6993
-93.6895
-93.6797
-93.6698
-93.6598
-93.6497
-93.6395
-93.6293
-93.619
-93.6086
-93.5981
-93.5875
-93.5768
-93.566
-93.5552
-93.5443
-93.5333
-93.5221
-93.5109
-93.4997
-93.4883
-93.4768
-93.4653
-93.4536
-93.4419
-93.43
-93.4181
-93.4061
-93.394
-93.3818
-93.3695
-93.3571
-93.3446
-93.332
-93.3193
-93.3065
-93.2936
-93.2807
-93.2676
-93.2544
-93.2411
-93.2277
-93.2142
-93.2006
-93.1869
-93.1731
-93.1592
-93.1452
-93.1311
-93.1169
-93.1026
-93.0881
-93.0736
-93.0589
-93.0442
-93.0293
-93.0143
-92.9992
-92.984
-92.9687
-92.9532
-92.9377
-92.922
-92.9062
-92.8903
-92.8743
-92.8581
-92.8419
-92.8255
-92.809
-92.7924
-92.7756
-92.7588
-92.7418
-92.7246
-92.7074
-92.69
-92.6725
-92.6549
-92.6371
-92.6192
-92.6012
-92.583
-92.5647
-92.5463
-92.5278
-92.5091
-92.4902
-92.4713
-92.4521
-92.4329
-92.4135
-92.394
-92.3743
-92.3544
-92.3345
-92.3144
-92.2941
-92.2737
-92.2531
-92.2324
-92.2115
-92.1905
-92.1693
-92.148
-92.1265
-92.1048
-92.083
-92.061
-92.0389
-92.0166
-91.9941
-91.9715
-91.9487
-91.9257
-91.9025
-91.8792
-91.8557
-91.832
-91.8082
-91.7842
-91.76
-91.7356
-91.711
-91.6862
-91.6613
-91.6361
-91.6108
-91.5852
-91.5595
-91.5336
-91.5075
-91.4812
-91.4546
-91.4279
-91.4009
-91.3738
-91.3464
-91.3189
-91.2911
-91.263
-91.2348
-91.2063
-91.1776
-91.1487
-91.1196
-91.0902
-91.0606
-91.0307
-91.0006
-90.9702
-90.9396
-90.9087
-90.8776
-90.8462
-90.8146
-90.7827
-90.7505
-90.718
-90.6853
-90.6523
-90.619
-90.5854
-90.5515
-90.5173
-90.4828
-90.448
-90.4129
-90.3775
-90.3418
-90.3057
-90.2693
-90.2325
-90.1954
-90.158
-90.1202
-90.082
-90.0435
-90.0046
-89.9653
-89.9256
-89.8855
-89.845
-89.8041
-89.7628
-89.7211
-89.6789
-89.6363
-89.5932
-89.5496
-89.5056
-89.4611
-89.4161
-89.3705
-89.3245
-89.2779
-89.2308
-89.1831
-89.1348
-89.086
-89.0366
-88.9865
-88.9358
-88.8844
-88.8324
-88.7797
-88.7263
-88.6721
-88.6172
-88.5616
-88.5051
-88.4478
-88.3897
-88.3307
-88.2708
-88.2099
-88.1481
-88.0853
-88.0214
-87.9565
-87.8904
-87.8232
-87.7548
-87.6852
-87.6142
-87.5419
-87.4681
-87.3929
-87.3161
-87.2378
-87.1577
-87.0758
-86.9921
-86.9064
-86.8187
-86.7288
-86.6366
-86.542
-86.4448
-86.3449
-86.242
-86.1362
-86.027
-85.9143
-85.7978
-85.6773
-85.5525
-85.4229
-85.2883
-85.1481
-85.0019
-84.8492
-84.6891
-84.5211
-84.3443
-84.1575
-83.9597
-83.7494
-83.525
-83.2842
-83.0248
-82.7433
-82.4359
-82.0974
-81.721
-81.2974
-80.8138
-80.2516
-79.5822
-78.7597
-77.7027
-76.2507
-74.0244
-69.8257
-57.0345
23.5846
49.9852
49.8164
48.9456
46.4933
41.4217
32.9986
21.6364
9.56627
-1.05021
-10.3291
-19.0055
-27.11
-32.7349
-42.159
-64.5816
-92.6641
-94.8804
-94.9608
-94.9414
-94.8959
-94.8271
-94.74
-94.6455
-94.5547
-94.475
-94.4092
-94.3571
-94.317
-94.2869
-94.2646
-94.2484
-94.2368
-94.2288
-94.2235
-94.2202
-94.2184
-94.2177
-94.2178
-94.2185
-94.2196
-94.221
-94.2226
-94.2243
-94.2261
-94.2278
-94.2295
-94.2312
-94.2328
-94.2342
-94.2356
-94.2369
-94.238
-94.239
-94.2399
-94.2407
-94.2413
-94.2418
-94.2422
-94.2425
-94.2426
-94.2426
-94.2424
-94.2422
-94.2418
-94.2413
-94.2406
-94.2399
-94.239
-94.238
-94.2369
-94.2357
-94.2344
-94.2329
-94.2313
-94.2297
-94.2279
-94.226
-94.224
-94.2219
-94.2197
-94.2174
-94.215
-94.2125
-94.2099
-94.2072
-94.2043
-94.2014
-94.1984
-94.1953
-94.1921
-94.1889
-94.1855
-94.182
-94.1784
-94.1748
-94.171
-94.1672
-94.1633
-94.1593
-94.1552
-94.151
-94.1467
-94.1423
-94.1379
-94.1334
-94.1287
-94.124
-94.1193
-94.1144
-94.1094
-94.1044
-94.0993
-94.0941
-94.0888
-94.0834
-94.078
-94.0725
-94.0668
-94.0612
-94.0554
-94.0495
-94.0436
-94.0376
-94.0315
-94.0253
-94.0191
-94.0128
-94.0064
-93.9999
-93.9933
-93.9867
-93.98
-93.9732
-93.9663
-93.9593
-93.9523
-93.9452
-93.938
-93.9307
-93.9233
-93.9159
-93.9084
-93.9008
-93.8931
-93.8854
-93.8775
-93.8696
-93.8616
-93.8536
-93.8454
-93.8372
-93.8289
-93.8205
-93.812
-93.8035
-93.7948
-93.7861
-93.7773
-93.7684
-93.7595
-93.7504
-93.7413
-93.7321
-93.7228
-93.7134
-93.7039
-93.6944
-93.6848
-93.675
-93.6652
-93.6553
-93.6454
-93.6353
-93.6252
-93.6149
-93.6046
-93.5942
-93.5837
-93.5731
-93.5624
-93.5517
-93.5408
-93.5299
-93.5188
-93.5077
-93.4965
-93.4852
-93.4738
-93.4623
-93.4507
-93.439
-93.4272
-93.4153
-93.4034
-93.3913
-93.3791
-93.3669
-93.3545
-93.3421
-93.3295
-93.3169
-93.3041
-93.2913
-93.2783
-93.2653
-93.2521
-93.2388
-93.2255
-93.212
-93.1984
-93.1848
-93.171
-93.1571
-93.1431
-93.129
-93.1148
-93.1005
-93.086
-93.0715
-93.0569
-93.0421
-93.0272
-93.0122
-92.9971
-92.9819
-92.9666
-92.9511
-92.9356
-92.9199
-92.9041
-92.8882
-92.8721
-92.856
-92.8397
-92.8233
-92.8068
-92.7901
-92.7734
-92.7565
-92.7394
-92.7223
-92.705
-92.6876
-92.6701
-92.6524
-92.6346
-92.6166
-92.5986
-92.5804
-92.562
-92.5436
-92.5249
-92.5062
-92.4873
-92.4683
-92.4491
-92.4298
-92.4103
-92.3907
-92.3709
-92.351
-92.331
-92.3108
-92.2904
-92.2699
-92.2493
-92.2285
-92.2075
-92.1864
-92.1651
-92.1436
-92.122
-92.1002
-92.0783
-92.0562
-92.034
-92.0115
-91.9889
-91.9661
-91.9432
-91.9201
-91.8968
-91.8733
-91.8496
-91.8258
-91.8018
-91.7776
-91.7532
-91.7286
-91.7038
-91.6789
-91.6537
-91.6283
-91.6028
-91.5771
-91.5511
-91.5249
-91.4986
-91.472
-91.4452
-91.4182
-91.391
-91.3636
-91.3359
-91.3081
-91.28
-91.2517
-91.2231
-91.1943
-91.1653
-91.136
-91.1065
-91.0768
-91.0468
-91.0165
-90.986
-90.9553
-90.9242
-90.8929
-90.8614
-90.8296
-90.7974
-90.7651
-90.7324
-90.6994
-90.6662
-90.6326
-90.5988
-90.5646
-90.5302
-90.4954
-90.4603
-90.4249
-90.3891
-90.353
-90.3166
-90.2798
-90.2427
-90.2052
-90.1673
-90.1291
-90.0905
-90.0515
-90.0121
-89.9723
-89.9321
-89.8915
-89.8504
-89.8089
-89.767
-89.7247
-89.6818
-89.6385
-89.5947
-89.5505
-89.5057
-89.4604
-89.4145
-89.3682
-89.3213
-89.2738
-89.2257
-89.1771
-89.1278
-89.0779
-89.0274
-88.9762
-88.9243
-88.8718
-88.8185
-88.7645
-88.7097
-88.6541
-88.5977
-88.5405
-88.4825
-88.4235
-88.3637
-88.3029
-88.2411
-88.1783
-88.1144
-88.0495
-87.9834
-87.9162
-87.8477
-87.778
-87.707
-87.6346
-87.5607
-87.4854
-87.4084
-87.3299
-87.2496
-87.1676
-87.0837
-86.9977
-86.9097
-86.8195
-86.727
-86.6321
-86.5345
-86.4342
-86.331
-86.2246
-86.115
-86.0018
-85.8848
-85.7637
-85.6383
-85.5081
-85.3728
-85.2319
-85.0849
-84.9314
-84.7705
-84.6017
-84.4239
-84.2362
-84.0374
-83.8261
-83.6006
-83.3588
-83.0982
-82.8156
-82.5072
-82.1677
-81.7904
-81.3661
-80.8823
-80.3204
-79.6524
-78.8331
-77.783
-76.3459
-74.1556
-70.0701
-57.9323
18.9846
49.9881
49.8578
49.0945
46.8358
42.0264
33.8634
22.6262
10.4517
-0.322148
-9.68318
-18.3718
-26.5684
-31.9724
-40.6606
-60.7308
-91.4449
-94.8405
-94.956
-94.9345
-94.8816
-94.7997
-94.6936
-94.5763
-94.4622
-94.3613
-94.2778
-94.212
-94.1618
-94.1247
-94.098
-94.0794
-94.067
-94.0594
-94.0553
-94.0539
-94.0546
-94.0567
-94.0599
-94.0639
-94.0684
-94.0733
-94.0785
-94.0837
-94.089
-94.0943
-94.0995
-94.1046
-94.1096
-94.1144
-94.1191
-94.1236
-94.1279
-94.132
-94.136
-94.1397
-94.1433
-94.1466
-94.1498
-94.1528
-94.1556
-94.1582
-94.1607
-94.1629
-94.165
-94.1669
-94.1686
-94.1702
-94.1716
-94.1728
-94.1738
-94.1747
-94.1755
-94.176
-94.1765
-94.1767
-94.1768
-94.1768
-94.1766
-94.1763
-94.1759
-94.1753
-94.1745
-94.1736
-94.1726
-94.1715
-94.1702
-94.1688
-94.1673
-94.1656
-94.1638
-94.1619
-94.1599
-94.1578
-94.1555
-94.1531
-94.1506
-94.148
-94.1453
-94.1425
-94.1395
-94.1365
-94.1333
-94.1301
-94.1267
-94.1232
-94.1196
-94.116
-94.1122
-94.1083
-94.1043
-94.1002
-94.096
-94.0917
-94.0874
-94.0829
-94.0783
-94.0736
-94.0689
-94.064
-94.0591
-94.054
-94.0489
-94.0436
-94.0383
-94.0329
-94.0274
-94.0218
-94.0162
-94.0104
-94.0045
-93.9986
-93.9925
-93.9864
-93.9802
-93.9739
-93.9675
-93.9611
-93.9545
-93.9479
-93.9411
-93.9343
-93.9274
-93.9204
-93.9133
-93.9062
-93.8989
-93.8916
-93.8842
-93.8767
-93.8691
-93.8614
-93.8537
-93.8458
-93.8379
-93.8299
-93.8218
-93.8136
-93.8054
-93.797
-93.7886
-93.78
-93.7714
-93.7627
-93.754
-93.7451
-93.7361
-93.7271
-93.718
-93.7087
-93.6994
-93.69
-93.6806
-93.671
-93.6613
-93.6516
-93.6418
-93.6318
-93.6218
-93.6117
-93.6015
-93.5912
-93.5809
-93.5704
-93.5598
-93.5492
-93.5385
-93.5276
-93.5167
-93.5057
-93.4946
-93.4834
-93.4721
-93.4607
-93.4492
-93.4376
-93.4259
-93.4141
-93.4022
-93.3903
-93.3782
-93.366
-93.3538
-93.3414
-93.3289
-93.3164
-93.3037
-93.2909
-93.278
-93.2651
-93.252
-93.2388
-93.2255
-93.2121
-93.1986
-93.185
-93.1713
-93.1575
-93.1436
-93.1295
-93.1154
-93.1011
-93.0868
-93.0723
-93.0577
-93.043
-93.0282
-93.0132
-92.9982
-92.983
-92.9678
-92.9524
-92.9369
-92.9212
-92.9055
-92.8896
-92.8736
-92.8575
-92.8413
-92.825
-92.8085
-92.7919
-92.7752
-92.7583
-92.7413
-92.7242
-92.707
-92.6896
-92.6721
-92.6545
-92.6367
-92.6188
-92.6008
-92.5826
-92.5643
-92.5459
-92.5273
-92.5086
-92.4897
-92.4707
-92.4516
-92.4323
-92.4129
-92.3933
-92.3736
-92.3537
-92.3337
-92.3135
-92.2932
-92.2727
-92.2521
-92.2313
-92.2104
-92.1893
-92.168
-92.1466
-92.125
-92.1032
-92.0813
-92.0593
-92.037
-92.0146
-91.992
-91.9692
-91.9463
-91.9232
-91.8999
-91.8764
-91.8528
-91.829
-91.805
-91.7808
-91.7564
-91.7318
-91.7071
-91.6821
-91.6569
-91.6316
-91.606
-91.5803
-91.5543
-91.5282
-91.5018
-91.4752
-91.4485
-91.4214
-91.3942
-91.3668
-91.3391
-91.3112
-91.2831
-91.2548
-91.2262
-91.1974
-91.1684
-91.1391
-91.1095
-91.0798
-91.0497
-91.0195
-90.9889
-90.9581
-90.927
-90.8957
-90.8641
-90.8322
-90.8001
-90.7677
-90.7349
-90.7019
-90.6686
-90.635
-90.6011
-90.5669
-90.5323
-90.4975
-90.4623
-90.4268
-90.3909
-90.3548
-90.3183
-90.2814
-90.2441
-90.2065
-90.1686
-90.1302
-90.0915
-90.0524
-90.0129
-89.9729
-89.9326
-89.8918
-89.8506
-89.809
-89.7669
-89.7244
-89.6814
-89.6379
-89.5939
-89.5495
-89.5045
-89.459
-89.4129
-89.3664
-89.3192
-89.2715
-89.2232
-89.1743
-89.1247
-89.0746
-89.0237
-88.9722
-88.9201
-88.8672
-88.8135
-88.7592
-88.704
-88.6481
-88.5913
-88.5337
-88.4752
-88.4158
-88.3555
-88.2942
-88.2319
-88.1686
-88.1042
-88.0386
-87.972
-87.9041
-87.835
-87.7646
-87.6928
-87.6196
-87.545
-87.4688
-87.391
-87.3116
-87.2303
-87.1473
-87.0623
-86.9752
-86.886
-86.7946
-86.7007
-86.6043
-86.5053
-86.4034
-86.2984
-86.1903
-86.0787
-85.9634
-85.8442
-85.7208
-85.5928
-85.4598
-85.3215
-85.1773
-85.0268
-84.8694
-84.7042
-84.5306
-84.3476
-84.154
-83.9487
-83.7299
-83.4959
-83.2444
-82.9726
-82.6769
-82.3527
-81.9943
-81.5937
-81.1402
-80.6186
-80.006
-79.2671
-78.3421
-77.1209
-75.3681
-72.4587
-65.9338
-35.5419
49.1808
49.951
49.5735
48.198
44.8898
38.7022
29.2288
17.4644
5.89
-4.14832
-13.1472
-21.7974
-29.2903
-36.1334
-49.6432
-81.0943
-94.4938
-94.9486
-94.9458
-94.9009
-94.8237
-94.7144
-94.5833
-94.4473
-94.3213
-94.2136
-94.1267
-94.0596
-94.0094
-93.9731
-93.9477
-93.9308
-93.9205
-93.915
-93.9134
-93.9145
-93.9177
-93.9225
-93.9284
-93.9351
-93.9423
-93.9499
-93.9577
-93.9655
-93.9734
-93.9812
-93.989
-93.9965
-94.0039
-94.0112
-94.0182
-94.025
-94.0315
-94.0378
-94.0439
-94.0498
-94.0554
-94.0608
-94.0659
-94.0708
-94.0755
-94.0799
-94.0842
-94.0881
-94.0919
-94.0955
-94.0988
-94.102
-94.1049
-94.1077
-94.1102
-94.1125
-94.1147
-94.1166
-94.1184
-94.12
-94.1214
-94.1226
-94.1236
-94.1245
-94.1252
-94.1257
-94.1261
-94.1263
-94.1264
-94.1263
-94.126
-94.1256
-94.125
-94.1243
-94.1234
-94.1224
-94.1213
-94.12
-94.1186
-94.117
-94.1153
-94.1135
-94.1115
-94.1094
-94.1072
-94.1048
-94.1024
-94.0998
-94.0971
-94.0942
-94.0913
-94.0882
-94.085
-94.0817
-94.0783
-94.0747
-94.0711
-94.0673
-94.0635
-94.0595
-94.0554
-94.0512
-94.0469
-94.0425
-94.038
-94.0334
-94.0287
-94.0239
-94.019
-94.014
-94.0088
-94.0036
-93.9983
-93.9929
-93.9874
-93.9818
-93.9761
-93.9703
-93.9644
-93.9584
-93.9524
-93.9462
-93.9399
-93.9336
-93.9271
-93.9206
-93.9139
-93.9072
-93.9004
-93.8935
-93.8865
-93.8794
-93.8722
-93.8649
-93.8576
-93.8501
-93.8426
-93.835
-93.8272
-93.8194
-93.8115
-93.8035
-93.7955
-93.7873
-93.779
-93.7707
-93.7622
-93.7537
-93.7451
-93.7364
-93.7276
-93.7187
-93.7097
-93.7007
-93.6915
-93.6822
-93.6729
-93.6635
-93.6539
-93.6443
-93.6346
-93.6248
-93.6149
-93.605
-93.5949
-93.5847
-93.5745
-93.5641
-93.5537
-93.5431
-93.5325
-93.5218
-93.5109
-93.5
-93.489
-93.4779
-93.4667
-93.4554
-93.444
-93.4325
-93.4209
-93.4092
-93.3974
-93.3855
-93.3735
-93.3615
-93.3493
-93.337
-93.3246
-93.3121
-93.2995
-93.2868
-93.274
-93.2611
-93.2481
-93.235
-93.2218
-93.2084
-93.195
-93.1815
-93.1678
-93.1541
-93.1402
-93.1262
-93.1121
-93.098
-93.0837
-93.0692
-93.0547
-93.0401
-93.0253
-93.0104
-92.9955
-92.9804
-92.9651
-92.9498
-92.9343
-92.9188
-92.9031
-92.8873
-92.8713
-92.8553
-92.8391
-92.8228
-92.8064
-92.7898
-92.7731
-92.7563
-92.7394
-92.7224
-92.7052
-92.6878
-92.6704
-92.6528
-92.6351
-92.6172
-92.5993
-92.5811
-92.5629
-92.5445
-92.526
-92.5073
-92.4885
-92.4695
-92.4504
-92.4312
-92.4118
-92.3922
-92.3726
-92.3527
-92.3328
-92.3126
-92.2923
-92.2719
-92.2513
-92.2306
-92.2097
-92.1886
-92.1674
-92.146
-92.1245
-92.1028
-92.0809
-92.0588
-92.0366
-92.0143
-91.9917
-91.969
-91.9461
-91.923
-91.8998
-91.8764
-91.8527
-91.829
-91.805
-91.7808
-91.7565
-91.7319
-91.7072
-91.6823
-91.6572
-91.6319
-91.6064
-91.5806
-91.5547
-91.5286
-91.5023
-91.4757
-91.449
-91.422
-91.3948
-91.3674
-91.3398
-91.312
-91.2839
-91.2556
-91.227
-91.1983
-91.1693
-91.14
-91.1105
-91.0808
-91.0508
-91.0205
-90.99
-90.9592
-90.9282
-90.8969
-90.8654
-90.8335
-90.8014
-90.769
-90.7363
-90.7033
-90.67
-90.6365
-90.6026
-90.5684
-90.5339
-90.4991
-90.4639
-90.4284
-90.3926
-90.3565
-90.32
-90.2832
-90.2459
-90.2084
-90.1704
-90.1321
-90.0934
-90.0543
-90.0148
-89.9749
-89.9346
-89.8939
-89.8527
-89.8111
-89.7691
-89.7266
-89.6836
-89.6401
-89.5962
-89.5517
-89.5068
-89.4613
-89.4153
-89.3687
-89.3216
-89.2739
-89.2256
-89.1767
-89.1272
-89.0771
-89.0262
-88.9748
-88.9226
-88.8697
-88.8161
-88.7618
-88.7066
-88.6507
-88.5939
-88.5363
-88.4779
-88.4185
-88.3582
-88.2969
-88.2346
-88.1713
-88.1069
-88.0414
-87.9747
-87.9068
-87.8377
-87.7673
-87.6955
-87.6224
-87.5477
-87.4715
-87.3937
-87.3143
-87.233
-87.15
-87.0649
-86.9779
-86.8887
-86.7972
-86.7033
-86.6069
-86.5078
-86.4059
-86.301
-86.1928
-86.0812
-85.9659
-85.8466
-85.7231
-85.595
-85.462
-85.3237
-85.1795
-85.0289
-84.8714
-84.7062
-84.5325
-84.3494
-84.1558
-83.9503
-83.7315
-83.4974
-83.2458
-82.9739
-82.678
-82.3538
-81.9953
-81.5946
-81.1411
-80.6195
-80.007
-79.2682
-78.3438
-77.1237
-75.3737
-72.4726
-65.9864
-35.9775
49.1673
49.9512
49.5747
48.2016
44.8984
38.7182
29.2531
17.4931
5.91687
-4.12438
-13.1247
-21.7757
-29.2755
-36.1096
-49.5882
-81.0026
-94.4889
-94.9465
-94.9419
-94.8932
-94.8093
-94.6902
-94.5471
-94.3982
-94.2599
-94.1415
-94.0461
-93.9725
-93.9176
-93.8781
-93.8508
-93.8329
-93.8223
-93.8172
-93.8163
-93.8185
-93.8231
-93.8293
-93.8369
-93.8453
-93.8543
-93.8636
-93.8733
-93.883
-93.8927
-93.9023
-93.9119
-93.9212
-93.9304
-93.9393
-93.948
-93.9565
-93.9647
-93.9726
-93.9803
-93.9877
-93.9948
-94.0016
-94.0082
-94.0146
-94.0206
-94.0264
-94.032
-94.0373
-94.0423
-94.0471
-94.0517
-94.056
-94.0601
-94.0639
-94.0676
-94.071
-94.0742
-94.0772
-94.0799
-94.0825
-94.0849
-94.087
-94.089
-94.0908
-94.0923
-94.0937
-94.0949
-94.096
-94.0968
-94.0975
-94.098
-94.0983
-94.0985
-94.0985
-94.0983
-94.098
-94.0975
-94.0968
-94.0961
-94.0951
-94.094
-94.0928
-94.0914
-94.0899
-94.0882
-94.0864
-94.0844
-94.0824
-94.0802
-94.0778
-94.0753
-94.0727
-94.07
-94.0672
-94.0642
-94.0611
-94.0578
-94.0545
-94.051
-94.0475
-94.0438
-94.04
-94.036
-94.032
-94.0278
-94.0236
-94.0192
-94.0147
-94.0101
-94.0055
-94.0007
-93.9957
-93.9907
-93.9856
-93.9804
-93.9751
-93.9697
-93.9641
-93.9585
-93.9528
-93.947
-93.941
-93.935
-93.9289
-93.9227
-93.9164
-93.91
-93.9035
-93.8969
-93.8902
-93.8834
-93.8765
-93.8695
-93.8624
-93.8553
-93.848
-93.8407
-93.8332
-93.8257
-93.818
-93.8103
-93.8025
-93.7946
-93.7866
-93.7785
-93.7703
-93.762
-93.7537
-93.7452
-93.7366
-93.728
-93.7192
-93.7104
-93.7015
-93.6925
-93.6834
-93.6742
-93.6649
-93.6555
-93.646
-93.6364
-93.6267
-93.617
-93.6071
-93.5972
-93.5871
-93.577
-93.5668
-93.5564
-93.546
-93.5355
-93.5249
-93.5142
-93.5034
-93.4925
-93.4815
-93.4704
-93.4592
-93.4479
-93.4365
-93.425
-93.4134
-93.4017
-93.39
-93.3781
-93.3661
-93.354
-93.3418
-93.3295
-93.3171
-93.3046
-93.292
-93.2793
-93.2665
-93.2536
-93.2406
-93.2275
-93.2142
-93.2009
-93.1875
-93.1739
-93.1603
-93.1465
-93.1326
-93.1186
-93.1045
-93.0903
-93.076
-93.0616
-93.047
-93.0323
-93.0176
-93.0027
-92.9877
-92.9725
-92.9573
-92.9419
-92.9265
-92.9109
-92.8951
-92.8793
-92.8633
-92.8472
-92.831
-92.8147
-92.7982
-92.7817
-92.765
-92.7481
-92.7312
-92.7141
-92.6968
-92.6795
-92.662
-92.6444
-92.6266
-92.6087
-92.5907
-92.5725
-92.5542
-92.5358
-92.5172
-92.4985
-92.4797
-92.4607
-92.4415
-92.4222
-92.4028
-92.3832
-92.3635
-92.3436
-92.3236
-92.3034
-92.2831
-92.2626
-92.2419
-92.2211
-92.2002
-92.1791
-92.1578
-92.1364
-92.1148
-92.093
-92.0711
-92.049
-92.0267
-92.0043
-91.9817
-91.9589
-91.9359
-91.9128
-91.8895
-91.866
-91.8423
-91.8185
-91.7944
-91.7702
-91.7458
-91.7212
-91.6964
-91.6714
-91.6462
-91.6208
-91.5953
-91.5695
-91.5435
-91.5173
-91.4909
-91.4643
-91.4374
-91.4104
-91.3831
-91.3556
-91.3279
-91.3
-91.2719
-91.2435
-91.2148
-91.186
-91.1569
-91.1275
-91.0979
-91.0681
-91.038
-91.0077
-90.9771
-90.9462
-90.9151
-90.8837
-90.852
-90.8201
-90.7878
-90.7553
-90.7225
-90.6894
-90.656
-90.6223
-90.5884
-90.554
-90.5194
-90.4845
-90.4492
-90.4136
-90.3777
-90.3414
-90.3048
-90.2678
-90.2304
-90.1927
-90.1546
-90.1162
-90.0773
-90.0381
-89.9984
-89.9584
-89.9179
-89.877
-89.8357
-89.7939
-89.7517
-89.709
-89.6658
-89.6222
-89.578
-89.5334
-89.4882
-89.4425
-89.3963
-89.3495
-89.3022
-89.2542
-89.2057
-89.1566
-89.1068
-89.0564
-89.0053
-88.9536
-88.9011
-88.848
-88.7941
-88.7394
-88.6839
-88.6277
-88.5706
-88.5126
-88.4538
-88.3941
-88.3334
-88.2717
-88.209
-88.1452
-88.0804
-88.0144
-87.9473
-87.8789
-87.8093
-87.7383
-87.666
-87.5922
-87.5169
-87.4401
-87.3616
-87.2815
-87.1995
-87.1156
-87.0298
-86.9419
-86.8517
-86.7593
-86.6644
-86.5669
-86.4667
-86.3635
-86.2573
-86.1477
-86.0346
-85.9177
-85.7968
-85.6714
-85.5414
-85.4062
-85.2655
-85.1188
-84.9654
-84.8048
-84.6362
-84.4587
-84.2714
-84.0731
-83.8624
-83.6375
-83.3965
-83.1369
-82.8556
-82.5487
-82.2111
-81.8363
-81.4154
-80.936
-80.3802
-79.721
-78.915
-77.8867
-76.4889
-74.3832
-70.5459
-59.789
7.80048
49.9886
49.9268
49.3854
47.5618
43.3842
35.9067
25.0912
12.7573
1.58386
-8.00834
-16.7793
-25.1655
-31.2356
-39.3088
-57.2439
-89.53
-94.7744
-94.9474
-94.9223
-94.8571
-94.7534
-94.6156
-94.46
-94.3061
-94.1687
-94.0545
-93.9646
-93.8966
-93.847
-93.8121
-93.7889
-93.7745
-93.767
-93.7646
-93.766
-93.7704
-93.7769
-93.7849
-93.794
-93.8039
-93.8143
-93.8251
-93.8359
-93.8469
-93.8577
-93.8685
-93.8791
-93.8895
-93.8997
-93.9096
-93.9192
-93.9286
-93.9377
-93.9465
-93.955
-93.9633
-93.9712
-93.9789
-93.9862
-93.9933
-94.0001
-94.0066
-94.0129
-94.0189
-94.0246
-94.0301
-94.0353
-94.0403
-94.045
-94.0495
-94.0537
-94.0577
-94.0615
-94.065
-94.0683
-94.0714
-94.0743
-94.077
-94.0795
-94.0818
-94.0838
-94.0857
-94.0874
-94.0888
-94.0901
-94.0912
-94.0922
-94.0929
-94.0935
-94.0939
-94.0941
-94.0942
-94.0941
-94.0938
-94.0934
-94.0928
-94.092
-94.0911
-94.0901
-94.0889
-94.0876
-94.0861
-94.0844
-94.0827
-94.0807
-94.0787
-94.0765
-94.0742
-94.0717
-94.0692
-94.0664
-94.0636
-94.0606
-94.0576
-94.0543
-94.051
-94.0475
-94.044
-94.0403
-94.0365
-94.0326
-94.0285
-94.0244
-94.0201
-94.0157
-94.0112
-94.0066
-94.0019
-93.9971
-93.9922
-93.9872
-93.9821
-93.9768
-93.9715
-93.966
-93.9605
-93.9549
-93.9491
-93.9433
-93.9373
-93.9313
-93.9251
-93.9189
-93.9125
-93.9061
-93.8996
-93.8929
-93.8862
-93.8794
-93.8725
-93.8655
-93.8583
-93.8511
-93.8438
-93.8364
-93.829
-93.8214
-93.8137
-93.8059
-93.7981
-93.7901
-93.7821
-93.7739
-93.7657
-93.7574
-93.7489
-93.7404
-93.7318
-93.7231
-93.7143
-93.7054
-93.6965
-93.6874
-93.6782
-93.669
-93.6596
-93.6502
-93.6406
-93.631
-93.6213
-93.6114
-93.6015
-93.5915
-93.5814
-93.5712
-93.5609
-93.5505
-93.54
-93.5295
-93.5188
-93.508
-93.4971
-93.4862
-93.4751
-93.4639
-93.4527
-93.4413
-93.4298
-93.4183
-93.4066
-93.3949
-93.383
-93.371
-93.359
-93.3468
-93.3346
-93.3222
-93.3097
-93.2971
-93.2845
-93.2717
-93.2588
-93.2458
-93.2327
-93.2195
-93.2062
-93.1928
-93.1792
-93.1656
-93.1519
-93.138
-93.124
-93.11
-93.0958
-93.0815
-93.0671
-93.0525
-93.0379
-93.0231
-93.0083
-92.9933
-92.9782
-92.963
-92.9476
-92.9322
-92.9166
-92.9009
-92.8851
-92.8691
-92.8531
-92.8369
-92.8206
-92.8041
-92.7876
-92.7709
-92.7541
-92.7371
-92.7201
-92.7029
-92.6855
-92.6681
-92.6505
-92.6327
-92.6149
-92.5969
-92.5787
-92.5605
-92.5421
-92.5235
-92.5048
-92.486
-92.467
-92.4479
-92.4286
-92.4092
-92.3897
-92.37
-92.3501
-92.3301
-92.31
-92.2897
-92.2692
-92.2486
-92.2278
-92.2069
-92.1858
-92.1646
-92.1431
-92.1216
-92.0998
-92.0779
-92.0559
-92.0336
-92.0112
-91.9887
-91.9659
-91.943
-91.9199
-91.8966
-91.8732
-91.8495
-91.8257
-91.8017
-91.7775
-91.7531
-91.7286
-91.7038
-91.6788
-91.6537
-91.6283
-91.6028
-91.5771
-91.5511
-91.5249
-91.4986
-91.472
-91.4452
-91.4182
-91.391
-91.3635
-91.3359
-91.308
-91.2799
-91.2515
-91.2229
-91.1941
-91.1651
-91.1358
-91.1062
-91.0765
-91.0464
-91.0161
-90.9856
-90.9548
-90.9237
-90.8923
-90.8607
-90.8288
-90.7967
-90.7642
-90.7315
-90.6984
-90.6651
-90.6315
-90.5975
-90.5633
-90.5287
-90.4938
-90.4586
-90.4231
-90.3872
-90.351
-90.3145
-90.2776
-90.2403
-90.2027
-90.1647
-90.1263
-90.0875
-90.0483
-90.0088
-89.9688
-89.9284
-89.8876
-89.8464
-89.8047
-89.7625
-89.7199
-89.6769
-89.6333
-89.5893
-89.5448
-89.4997
-89.4541
-89.408
-89.3614
-89.3141
-89.2663
-89.2179
-89.1689
-89.1193
-89.069
-89.0181
-88.9665
-88.9142
-88.8612
-88.8074
-88.7529
-88.6976
-88.6416
-88.5846
-88.5269
-88.4682
-88.4087
-88.3482
-88.2867
-88.2242
-88.1607
-88.0961
-88.0304
-87.9635
-87.8954
-87.826
-87.7553
-87.6833
-87.6099
-87.5349
-87.4584
-87.3803
-87.3005
-87.2189
-87.1355
-87.0501
-86.9626
-86.8729
-86.781
-86.6866
-86.5897
-86.4901
-86.3876
-86.282
-86.1731
-86.0608
-85.9447
-85.8246
-85.7002
-85.5712
-85.4371
-85.2976
-85.1522
-85.0002
-84.8412
-84.6743
-84.4988
-84.3136
-84.1177
-83.9096
-83.6878
-83.4504
-83.1948
-82.9182
-82.6169
-82.2861
-81.9196
-81.5089
-81.0426
-80.5041
-79.8687
-79.0971
-78.1223
-76.8168
-74.8991
-71.5722
-63.2982
-16.9507
49.8864
49.9569
49.5802
48.1675
44.7272
38.2667
28.4167
16.3696
4.78703
-5.16734
-14.1094
-22.7081
-29.8636
-37.0113
-51.6221
-84.0261
-94.6023
-94.9463
-94.9316
-94.8726
-94.774
-94.6371
-94.4762
-94.3127
-94.1636
-94.0381
-93.9383
-93.8623
-93.8065
-93.767
-93.7405
-93.7238
-93.7148
-93.7116
-93.7127
-93.717
-93.7237
-93.7322
-93.742
-93.7526
-93.7638
-93.7754
-93.7872
-93.7991
-93.8109
-93.8227
-93.8343
-93.8456
-93.8568
-93.8676
-93.8782
-93.8886
-93.8986
-93.9083
-93.9177
-93.9268
-93.9356
-93.9441
-93.9523
-93.9601
-93.9677
-93.975
-93.9821
-93.9888
-93.9952
-94.0014
-94.0073
-94.013
-94.0183
-94.0234
-94.0283
-94.0329
-94.0373
-94.0414
-94.0453
-94.049
-94.0524
-94.0557
-94.0587
-94.0614
-94.064
-94.0664
-94.0685
-94.0705
-94.0722
-94.0738
-94.0751
-94.0763
-94.0773
-94.0781
-94.0787
-94.0792
-94.0794
-94.0795
-94.0795
-94.0792
-94.0788
-94.0783
-94.0776
-94.0767
-94.0757
-94.0745
-94.0732
-94.0717
-94.0701
-94.0683
-94.0664
-94.0643
-94.0621
-94.0598
-94.0574
-94.0548
-94.052
-94.0492
-94.0462
-94.0431
-94.0399
-94.0365
-94.033
-94.0294
-94.0257
-94.0219
-94.0179
-94.0138
-94.0096
-94.0053
-94.0009
-93.9964
-93.9917
-93.987
-93.9821
-93.9772
-93.9721
-93.9669
-93.9616
-93.9562
-93.9507
-93.9451
-93.9394
-93.9336
-93.9277
-93.9216
-93.9155
-93.9093
-93.903
-93.8966
-93.8901
-93.8835
-93.8767
-93.8699
-93.863
-93.856
-93.8489
-93.8417
-93.8344
-93.827
-93.8196
-93.812
-93.8043
-93.7965
-93.7887
-93.7807
-93.7727
-93.7645
-93.7563
-93.7479
-93.7395
-93.731
-93.7223
-93.7136
-93.7048
-93.6959
-93.6869
-93.6778
-93.6686
-93.6594
-93.65
-93.6405
-93.6309
-93.6213
-93.6115
-93.6017
-93.5917
-93.5817
-93.5716
-93.5613
-93.551
-93.5406
-93.53
-93.5194
-93.5087
-93.4979
-93.487
-93.476
-93.4649
-93.4537
-93.4424
-93.4309
-93.4194
-93.4078
-93.3961
-93.3843
-93.3724
-93.3604
-93.3483
-93.3361
-93.3238
-93.3113
-93.2988
-93.2862
-93.2735
-93.2606
-93.2477
-93.2346
-93.2215
-93.2082
-93.1948
-93.1814
-93.1678
-93.1541
-93.1403
-93.1263
-93.1123
-93.0982
-93.0839
-93.0696
-93.0551
-93.0405
-93.0258
-93.0109
-92.996
-92.981
-92.9658
-92.9505
-92.9351
-92.9195
-92.9039
-92.8881
-92.8722
-92.8562
-92.8401
-92.8238
-92.8074
-92.7909
-92.7743
-92.7575
-92.7406
-92.7236
-92.7064
-92.6891
-92.6717
-92.6542
-92.6365
-92.6187
-92.6007
-92.5826
-92.5644
-92.546
-92.5275
-92.5089
-92.4901
-92.4712
-92.4521
-92.4329
-92.4136
-92.394
-92.3744
-92.3546
-92.3346
-92.3145
-92.2943
-92.2739
-92.2533
-92.2326
-92.2117
-92.1907
-92.1695
-92.1482
-92.1266
-92.105
-92.0831
-92.0611
-92.0389
-92.0166
-91.9941
-91.9714
-91.9485
-91.9255
-91.9022
-91.8788
-91.8553
-91.8315
-91.8076
-91.7834
-91.7591
-91.7346
-91.7099
-91.685
-91.6599
-91.6347
-91.6092
-91.5835
-91.5576
-91.5315
-91.5052
-91.4787
-91.452
-91.4251
-91.3979
-91.3705
-91.3429
-91.3151
-91.2871
-91.2588
-91.2303
-91.2016
-91.1726
-91.1434
-91.1139
-91.0842
-91.0542
-91.024
-90.9936
-90.9628
-90.9318
-90.9006
-90.8691
-90.8373
-90.8052
-90.7728
-90.7402
-90.7072
-90.674
-90.6405
-90.6066
-90.5725
-90.538
-90.5033
-90.4682
-90.4327
-90.397
-90.3609
-90.3244
-90.2876
-90.2505
-90.213
-90.1751
-90.1368
-90.0982
-90.0591
-90.0197
-89.9799
-89.9396
-89.8989
-89.8578
-89.8163
-89.7743
-89.7319
-89.6889
-89.6456
-89.6017
-89.5573
-89.5124
-89.467
-89.4211
-89.3746
-89.3275
-89.2799
-89.2317
-89.1829
-89.1335
-89.0834
-89.0327
-88.9813
-88.9292
-88.8765
-88.823
-88.7687
-88.7137
-88.6578
-88.6012
-88.5437
-88.4853
-88.4261
-88.3659
-88.3047
-88.2426
-88.1794
-88.1151
-88.0498
-87.9833
-87.9155
-87.8466
-87.7763
-87.7047
-87.6318
-87.5573
-87.4813
-87.4037
-87.3244
-87.2434
-87.1606
-87.0758
-86.989
-86.9
-86.8088
-86.7152
-86.6192
-86.5204
-86.4188
-86.3142
-86.2064
-86.0952
-85.9803
-85.8615
-85.7385
-85.611
-85.4786
-85.3408
-85.1973
-85.0474
-84.8907
-84.7264
-84.5536
-84.3716
-84.1792
-83.9751
-83.7578
-83.5254
-83.2758
-83.0062
-82.7131
-82.3921
-82.0375
-81.6417
-81.1943
-80.6805
-80.0788
-79.3553
-78.4539
-77.2718
-75.5938
-72.8647
-67.0175
-42.4294
48.4663
49.9557
49.6001
48.2794
45.0702
39.0221
29.6923
17.9956
6.37599
-3.72147
-12.7499
-21.4111
-29.0182
-35.6962
-48.6307
-79.3088
-94.4034
-94.9396
-94.9368
-94.884
-94.7919
-94.6596
-94.4985
-94.3289
-94.1698
-94.0327
-93.9215
-93.8355
-93.7714
-93.7254
-93.6939
-93.6736
-93.662
-93.657
-93.6569
-93.6606
-93.6672
-93.6757
-93.6858
-93.6969
-93.7087
-93.721
-93.7336
-93.7463
-93.759
-93.7716
-93.784
-93.7963
-93.8084
-93.8201
-93.8316
-93.8428
-93.8537
-93.8642
-93.8745
-93.8844
-93.894
-93.9033
-93.9123
-93.9209
-93.9292
-93.9373
-93.945
-93.9524
-93.9596
-93.9664
-93.9729
-93.9792
-93.9852
-93.991
-93.9964
-94.0016
-94.0065
-94.0112
-94.0157
-94.0199
-94.0238
-94.0275
-94.031
-94.0343
-94.0373
-94.0401
-94.0427
-94.0451
-94.0473
-94.0492
-94.051
-94.0525
-94.0539
-94.0551
-94.0561
-94.0569
-94.0575
-94.0579
-94.0582
-94.0583
-94.0582
-94.0579
-94.0575
-94.0569
-94.0562
-94.0553
-94.0542
-94.053
-94.0516
-94.0501
-94.0484
-94.0466
-94.0446
-94.0425
-94.0403
-94.0379
-94.0354
-94.0327
-94.0299
-94.027
-94.024
-94.0208
-94.0175
-94.014
-94.0105
-94.0068
-94.003
-93.999
-93.995
-93.9908
-93.9865
-93.9821
-93.9776
-93.973
-93.9683
-93.9634
-93.9584
-93.9534
-93.9482
-93.9429
-93.9375
-93.932
-93.9263
-93.9206
-93.9148
-93.9089
-93.9028
-93.8967
-93.8904
-93.8841
-93.8777
-93.8711
-93.8645
-93.8577
-93.8509
-93.8439
-93.8369
-93.8297
-93.8225
-93.8152
-93.8077
-93.8002
-93.7926
-93.7848
-93.777
-93.7691
-93.7611
-93.7529
-93.7447
-93.7364
-93.728
-93.7195
-93.7109
-93.7022
-93.6934
-93.6846
-93.6756
-93.6665
-93.6573
-93.6481
-93.6387
-93.6292
-93.6197
-93.61
-93.6003
-93.5904
-93.5805
-93.5705
-93.5603
-93.5501
-93.5398
-93.5293
-93.5188
-93.5082
-93.4975
-93.4866
-93.4757
-93.4647
-93.4536
-93.4424
-93.4311
-93.4196
-93.4081
-93.3965
-93.3848
-93.373
-93.361
-93.349
-93.3369
-93.3246
-93.3123
-93.2999
-93.2873
-93.2747
-93.2619
-93.2491
-93.2361
-93.223
-93.2098
-93.1965
-93.1831
-93.1696
-93.156
-93.1423
-93.1285
-93.1145
-93.1004
-93.0863
-93.072
-93.0576
-93.0431
-93.0284
-93.0137
-92.9988
-92.9839
-92.9688
-92.9536
-92.9382
-92.9228
-92.9072
-92.8915
-92.8757
-92.8598
-92.8437
-92.8275
-92.8112
-92.7948
-92.7782
-92.7615
-92.7447
-92.7278
-92.7107
-92.6935
-92.6762
-92.6587
-92.6411
-92.6234
-92.6055
-92.5875
-92.5693
-92.5511
-92.5326
-92.5141
-92.4954
-92.4766
-92.4576
-92.4384
-92.4192
-92.3998
-92.3802
-92.3605
-92.3406
-92.3206
-92.3004
-92.2801
-92.2597
-92.239
-92.2183
-92.1973
-92.1762
-92.1549
-92.1335
-92.1119
-92.0902
-92.0683
-92.0462
-92.024
-92.0015
-91.9789
-91.9562
-91.9332
-91.9101
-91.8868
-91.8633
-91.8397
-91.8158
-91.7918
-91.7676
-91.7432
-91.7186
-91.6938
-91.6689
-91.6437
-91.6183
-91.5928
-91.567
-91.541
-91.5148
-91.4884
-91.4618
-91.435
-91.408
-91.3808
-91.3533
-91.3256
-91.2977
-91.2695
-91.2412
-91.2126
-91.1837
-91.1546
-91.1253
-91.0957
-91.0659
-91.0358
-91.0055
-90.9749
-90.9441
-90.913
-90.8816
-90.85
-90.818
-90.7858
-90.7533
-90.7206
-90.6875
-90.6541
-90.6204
-90.5865
-90.5522
-90.5176
-90.4827
-90.4474
-90.4118
-90.3759
-90.3397
-90.3031
-90.2661
-90.2288
-90.1911
-90.1531
-90.1146
-90.0758
-90.0366
-89.997
-89.957
-89.9165
-89.8756
-89.8344
-89.7926
-89.7504
-89.7077
-89.6646
-89.621
-89.5769
-89.5323
-89.4872
-89.4415
-89.3953
-89.3486
-89.3013
-89.2534
-89.2049
-89.1558
-89.1061
-89.0557
-89.0047
-88.953
-88.9006
-88.8475
-88.7937
-88.739
-88.6836
-88.6274
-88.5704
-88.5125
-88.4537
-88.3941
-88.3334
-88.2718
-88.2092
-88.1455
-88.0807
-88.0148
-87.9478
-87.8795
-87.8099
-87.739
-87.6668
-87.5931
-87.518
-87.4412
-87.3629
-87.2828
-87.2009
-87.1172
-87.0315
-86.9436
-86.8537
-86.7614
-86.6666
-86.5693
-86.4692
-86.3662
-86.2601
-86.1508
-86.0378
-85.9212
-85.8004
-85.6753
-85.5455
-85.4106
-85.2702
-85.1238
-84.9707
-84.8105
-84.6423
-84.4653
-84.2785
-84.0807
-83.8706
-83.6464
-83.4062
-83.1475
-82.8673
-82.5616
-82.2255
-81.8525
-81.4339
-80.9574
-80.4053
-79.7514
-78.953
-77.9366
-76.5594
-74.4962
-70.7776
-60.6339
2.13167
49.9859
49.9444
49.478
47.8197
43.9068
36.7516
26.1878
13.8553
2.51238
-7.19474
-16.0127
-24.4707
-30.8723
-38.6692
-55.6219
-88.2958
-94.7343
-94.9444
-94.919
-94.8501
-94.739
-94.5897
-94.4193
-94.2496
-94.0973
-93.9706
-93.8707
-93.7952
-93.7403
-93.702
-93.6766
-93.6613
-93.6536
-93.6517
-93.6541
-93.6597
-93.6678
-93.6776
-93.6886
-93.7005
-93.713
-93.7258
-93.7388
-93.7519
-93.7649
-93.7777
-93.7904
-93.8029
-93.815
-93.827
-93.8386
-93.8499
-93.8608
-93.8715
-93.8818
-93.8918
-93.9015
-93.9109
-93.9199
-93.9286
-93.937
-93.9451
-93.9529
-93.9604
-93.9676
-93.9745
-93.9811
-93.9874
-93.9935
-93.9993
-94.0048
-94.0101
-94.015
-94.0198
-94.0243
-94.0285
-94.0325
-94.0363
-94.0398
-94.0432
-94.0462
-94.0491
-94.0517
-94.0542
-94.0564
-94.0584
-94.0602
-94.0619
-94.0633
-94.0645
-94.0656
-94.0664
-94.0671
-94.0676
-94.0679
-94.068
-94.068
-94.0678
-94.0674
-94.0669
-94.0662
-94.0653
-94.0643
-94.0632
-94.0618
-94.0604
-94.0588
-94.057
-94.0551
-94.053
-94.0508
-94.0485
-94.046
-94.0434
-94.0407
-94.0378
-94.0348
-94.0317
-94.0285
-94.0251
-94.0216
-94.0179
-94.0142
-94.0103
-94.0063
-94.0022
-93.998
-93.9936
-93.9892
-93.9846
-93.9799
-93.9751
-93.9702
-93.9652
-93.9601
-93.9548
-93.9495
-93.9441
-93.9385
-93.9328
-93.9271
-93.9212
-93.9152
-93.9092
-93.903
-93.8967
-93.8903
-93.8838
-93.8772
-93.8706
-93.8638
-93.8569
-93.8499
-93.8428
-93.8357
-93.8284
-93.821
-93.8136
-93.806
-93.7983
-93.7906
-93.7827
-93.7748
-93.7667
-93.7586
-93.7503
-93.742
-93.7336
-93.7251
-93.7164
-93.7077
-93.6989
-93.69
-93.681
-93.6719
-93.6627
-93.6534
-93.644
-93.6346
-93.625
-93.6153
-93.6056
-93.5957
-93.5857
-93.5757
-93.5655
-93.5553
-93.5449
-93.5345
-93.524
-93.5133
-93.5026
-93.4918
-93.4808
-93.4698
-93.4587
-93.4474
-93.4361
-93.4247
-93.4131
-93.4015
-93.3898
-93.3779
-93.366
-93.354
-93.3418
-93.3296
-93.3172
-93.3048
-93.2922
-93.2796
-93.2668
-93.254
-93.241
-93.2279
-93.2147
-93.2014
-93.188
-93.1745
-93.1609
-93.1471
-93.1333
-93.1193
-93.1053
-93.0911
-93.0768
-93.0624
-93.0479
-93.0332
-93.0185
-93.0036
-92.9886
-92.9735
-92.9583
-92.943
-92.9275
-92.9119
-92.8962
-92.8804
-92.8645
-92.8484
-92.8322
-92.8159
-92.7995
-92.7829
-92.7663
-92.7494
-92.7325
-92.7154
-92.6982
-92.6809
-92.6634
-92.6458
-92.6281
-92.6102
-92.5922
-92.5741
-92.5558
-92.5374
-92.5188
-92.5001
-92.4813
-92.4623
-92.4432
-92.4239
-92.4045
-92.3849
-92.3652
-92.3453
-92.3253
-92.3052
-92.2849
-92.2644
-92.2438
-92.223
-92.2021
-92.181
-92.1597
-92.1383
-92.1167
-92.095
-92.0731
-92.051
-92.0287
-92.0063
-91.9837
-91.961
-91.938
-91.9149
-91.8916
-91.8682
-91.8445
-91.8207
-91.7967
-91.7725
-91.7481
-91.7235
-91.6987
-91.6738
-91.6486
-91.6232
-91.5977
-91.5719
-91.546
-91.5198
-91.4934
-91.4668
-91.44
-91.413
-91.3858
-91.3583
-91.3306
-91.3027
-91.2746
-91.2462
-91.2176
-91.1888
-91.1597
-91.1304
-91.1009
-91.0711
-91.041
-91.0107
-90.9802
-90.9493
-90.9182
-90.8869
-90.8552
-90.8233
-90.7912
-90.7587
-90.7259
-90.6929
-90.6595
-90.6259
-90.5919
-90.5577
-90.5231
-90.4882
-90.453
-90.4174
-90.3815
-90.3453
-90.3087
-90.2718
-90.2345
-90.1969
-90.1589
-90.1205
-90.0817
-90.0425
-90.0029
-89.9629
-89.9225
-89.8817
-89.8404
-89.7987
-89.7566
-89.7139
-89.6709
-89.6273
-89.5832
-89.5387
-89.4936
-89.448
-89.4019
-89.3552
-89.3079
-89.2601
-89.2116
-89.1626
-89.113
-89.0627
-89.0117
-88.9601
-88.9077
-88.8547
-88.8009
-88.7464
-88.6911
-88.6349
-88.578
-88.5202
-88.4615
-88.4019
-88.3413
-88.2798
-88.2173
-88.1537
-88.0891
-88.0233
-87.9563
-87.8882
-87.8187
-87.748
-87.6759
-87.6024
-87.5273
-87.4508
-87.3726
-87.2927
-87.211
-87.1274
-87.0419
-86.9543
-86.8645
-86.7725
-86.678
-86.5809
-86.4811
-86.3784
-86.2726
-86.1636
-86.051
-85.9347
-85.8144
-85.6897
-85.5604
-85.426
-85.2861
-85.1403
-84.9879
-84.8284
-84.661
-84.4848
-84.299
-84.1023
-83.8934
-83.6706
-83.432
-83.1751
-82.897
-82.5938
-82.2608
-81.8915
-81.4774
-81.0067
-80.4623
-79.8189
-79.0357
-78.0427
-76.7062
-74.7257
-71.2318
-62.183
-8.8183
49.9674
49.96
49.5792
48.1335
44.5966
37.9513
27.8619
15.6564
4.09176
-5.80361
-14.7084
-23.2654
-30.189
-37.5164
-52.7885
-85.4693
-94.6468
-94.9441
-94.9242
-94.8587
-94.7508
-94.6026
-94.4306
-94.257
-94.1
-93.9686
-93.8646
-93.7858
-93.7284
-93.6882
-93.6615
-93.6452
-93.6369
-93.6346
-93.6369
-93.6425
-93.6506
-93.6606
-93.6718
-93.684
-93.6967
-93.7099
-93.7232
-93.7366
-93.7499
-93.7631
-93.7761
-93.7889
-93.8015
-93.8137
-93.8257
-93.8373
-93.8486
-93.8596
-93.8702
-93.8805
-93.8905
-93.9002
-93.9095
-93.9185
-93.9272
-93.9356
-93.9436
-93.9514
-93.9588
-93.966
-93.9728
-93.9794
-93.9857
-93.9917
-93.9975
-94.003
-94.0082
-94.0131
-94.0178
-94.0223
-94.0265
-94.0305
-94.0342
-94.0377
-94.041
-94.044
-94.0468
-94.0494
-94.0518
-94.054
-94.056
-94.0578
-94.0594
-94.0607
-94.0619
-94.0629
-94.0638
-94.0644
-94.0648
-94.0651
-94.0652
-94.0651
-94.0649
-94.0645
-94.0639
-94.0632
-94.0623
-94.0612
-94.06
-94.0587
-94.0572
-94.0555
-94.0537
-94.0517
-94.0497
-94.0474
-94.045
-94.0425
-94.0399
-94.0371
-94.0342
-94.0312
-94.028
-94.0247
-94.0213
-94.0177
-94.0141
-94.0103
-94.0064
-94.0023
-93.9982
-93.9939
-93.9895
-93.985
-93.9804
-93.9757
-93.9709
-93.9659
-93.9608
-93.9557
-93.9504
-93.945
-93.9395
-93.9339
-93.9282
-93.9224
-93.9165
-93.9105
-93.9043
-93.8981
-93.8918
-93.8854
-93.8788
-93.8722
-93.8655
-93.8587
-93.8517
-93.8447
-93.8376
-93.8304
-93.823
-93.8156
-93.8081
-93.8005
-93.7928
-93.785
-93.7771
-93.7691
-93.761
-93.7528
-93.7445
-93.7361
-93.7276
-93.7191
-93.7104
-93.7016
-93.6928
-93.6838
-93.6748
-93.6656
-93.6564
-93.647
-93.6376
-93.6281
-93.6184
-93.6087
-93.5989
-93.589
-93.579
-93.5689
-93.5587
-93.5484
-93.538
-93.5275
-93.5169
-93.5062
-93.4954
-93.4845
-93.4735
-93.4624
-93.4512
-93.4399
-93.4285
-93.4171
-93.4055
-93.3938
-93.382
-93.3701
-93.3581
-93.346
-93.3338
-93.3215
-93.3091
-93.2966
-93.284
-93.2712
-93.2584
-93.2455
-93.2324
-93.2193
-93.206
-93.1927
-93.1792
-93.1656
-93.1519
-93.1381
-93.1242
-93.1102
-93.096
-93.0818
-93.0674
-93.053
-93.0384
-93.0237
-93.0089
-92.9939
-92.9789
-92.9637
-92.9484
-92.933
-92.9175
-92.9018
-92.886
-92.8702
-92.8541
-92.838
-92.8217
-92.8053
-92.7888
-92.7722
-92.7554
-92.7385
-92.7215
-92.7044
-92.6871
-92.6697
-92.6521
-92.6344
-92.6166
-92.5987
-92.5806
-92.5623
-92.544
-92.5255
-92.5068
-92.488
-92.4691
-92.45
-92.4308
-92.4115
-92.392
-92.3723
-92.3525
-92.3326
-92.3125
-92.2922
-92.2718
-92.2512
-92.2305
-92.2096
-92.1886
-92.1674
-92.1461
-92.1245
-92.1029
-92.081
-92.059
-92.0368
-92.0145
-91.992
-91.9693
-91.9464
-91.9233
-91.9001
-91.8767
-91.8532
-91.8294
-91.8055
-91.7813
-91.757
-91.7325
-91.7078
-91.6829
-91.6578
-91.6325
-91.6071
-91.5814
-91.5555
-91.5294
-91.5031
-91.4766
-91.4499
-91.4229
-91.3958
-91.3684
-91.3408
-91.313
-91.285
-91.2567
-91.2282
-91.1995
-91.1705
-91.1413
-91.1118
-91.0821
-91.0522
-91.022
-90.9915
-90.9608
-90.9298
-90.8985
-90.867
-90.8352
-90.8032
-90.7708
-90.7382
-90.7052
-90.672
-90.6385
-90.6046
-90.5705
-90.5361
-90.5013
-90.4662
-90.4308
-90.395
-90.3589
-90.3225
-90.2857
-90.2486
-90.2111
-90.1732
-90.135
-90.0963
-90.0573
-90.0179
-89.9781
-89.9378
-89.8972
-89.8561
-89.8146
-89.7726
-89.7302
-89.6873
-89.6439
-89.6
-89.5557
-89.5108
-89.4654
-89.4195
-89.373
-89.326
-89.2784
-89.2302
-89.1814
-89.132
-89.082
-89.0313
-88.9799
-88.9279
-88.8751
-88.8217
-88.7674
-88.7124
-88.6566
-88.6
-88.5426
-88.4842
-88.425
-88.3648
-88.3037
-88.2416
-88.1784
-88.1142
-88.0489
-87.9824
-87.9148
-87.8459
-87.7756
-87.7041
-87.6311
-87.5567
-87.4808
-87.4032
-87.324
-87.2431
-87.1603
-87.0756
-86.9888
-86.8999
-86.8088
-86.7153
-86.6193
-86.5206
-86.419
-86.3145
-86.2068
-86.0957
-85.9809
-85.8622
-85.7393
-85.6119
-85.4796
-85.3419
-85.1985
-85.0488
-84.8923
-84.7281
-84.5555
-84.3737
-84.1815
-83.9776
-83.7605
-83.5285
-83.2792
-83.01
-82.7173
-82.3967
-82.0427
-81.6476
-81.2011
-80.6885
-80.0882
-79.3668
-78.4684
-77.2912
-75.6223
-72.914
-67.1403
-43.1397
48.2951
49.9563
49.6037
48.2901
45.0932
39.0616
29.7479
18.058
6.43216
-3.67269
-12.7047
-21.3668
-28.9863
-35.6448
-48.5111
-79.085
-94.3903
-94.9377
-94.9345
-94.8796
-94.7837
-94.6456
-94.4771
-94.2994
-94.1324
-93.9883
-93.8714
-93.781
-93.7136
-93.6654
-93.6325
-93.6114
-93.5995
-93.5946
-93.5949
-93.5993
-93.6066
-93.616
-93.6271
-93.6392
-93.6521
-93.6656
-93.6793
-93.6931
-93.7069
-93.7207
-93.7343
-93.7477
-93.7608
-93.7737
-93.7862
-93.7985
-93.8104
-93.8219
-93.8332
-93.8441
-93.8546
-93.8648
-93.8747
-93.8843
-93.8935
-93.9024
-93.9109
-93.9192
-93.9271
-93.9347
-93.9421
-93.9491
-93.9558
-93.9623
-93.9684
-93.9743
-93.9799
-93.9853
-93.9903
-93.9952
-93.9997
-94.004
-94.0081
-94.0119
-94.0155
-94.0189
-94.022
-94.0249
-94.0276
-94.0301
-94.0323
-94.0344
-94.0362
-94.0378
-94.0393
-94.0405
-94.0415
-94.0424
-94.043
-94.0435
-94.0438
-94.044
-94.0439
-94.0437
-94.0433
-94.0427
-94.042
-94.0411
-94.0401
-94.0388
-94.0375
-94.036
-94.0343
-94.0325
-94.0305
-94.0284
-94.0262
-94.0238
-94.0212
-94.0186
-94.0158
-94.0128
-94.0097
-94.0065
-94.0032
-93.9997
-93.9961
-93.9924
-93.9886
-93.9846
-93.9805
-93.9763
-93.972
-93.9675
-93.963
-93.9583
-93.9535
-93.9486
-93.9436
-93.9385
-93.9332
-93.9279
-93.9224
-93.9168
-93.9111
-93.9054
-93.8995
-93.8935
-93.8874
-93.8811
-93.8748
-93.8684
-93.8619
-93.8553
-93.8485
-93.8417
-93.8348
-93.8278
-93.8206
-93.8134
-93.8061
-93.7986
-93.7911
-93.7835
-93.7758
-93.7679
-93.76
-93.752
-93.7439
-93.7357
-93.7274
-93.7189
-93.7104
-93.7018
-93.6931
-93.6843
-93.6754
-93.6664
-93.6573
-93.6482
-93.6389
-93.6295
-93.62
-93.6104
-93.6008
-93.591
-93.5811
-93.5711
-93.5611
-93.5509
-93.5407
-93.5303
-93.5198
-93.5093
-93.4986
-93.4879
-93.477
-93.4661
-93.455
-93.4439
-93.4326
-93.4213
-93.4098
-93.3982
-93.3866
-93.3748
-93.363
-93.351
-93.3389
-93.3267
-93.3145
-93.3021
-93.2896
-93.277
-93.2643
-93.2515
-93.2386
-93.2256
-93.2124
-93.1992
-93.1859
-93.1724
-93.1588
-93.1452
-93.1314
-93.1175
-93.1035
-93.0894
-93.0751
-93.0608
-93.0463
-93.0318
-93.0171
-93.0023
-92.9873
-92.9723
-92.9571
-92.9419
-92.9265
-92.911
-92.8953
-92.8796
-92.8637
-92.8477
-92.8315
-92.8153
-92.7989
-92.7824
-92.7658
-92.749
-92.7321
-92.7151
-92.698
-92.6807
-92.6633
-92.6458
-92.6281
-92.6103
-92.5923
-92.5742
-92.556
-92.5377
-92.5192
-92.5005
-92.4818
-92.4628
-92.4438
-92.4246
-92.4052
-92.3857
-92.3661
-92.3463
-92.3263
-92.3062
-92.286
-92.2656
-92.245
-92.2243
-92.2034
-92.1824
-92.1612
-92.1398
-92.1183
-92.0966
-92.0748
-92.0528
-92.0306
-92.0083
-91.9858
-91.9631
-91.9402
-91.9172
-91.8939
-91.8705
-91.847
-91.8232
-91.7993
-91.7751
-91.7508
-91.7263
-91.7016
-91.6767
-91.6516
-91.6263
-91.6009
-91.5752
-91.5493
-91.5232
-91.4969
-91.4704
-91.4437
-91.4168
-91.3896
-91.3622
-91.3346
-91.3068
-91.2788
-91.2505
-91.222
-91.1933
-91.1643
-91.1351
-91.1056
-91.0759
-91.046
-91.0157
-90.9853
-90.9545
-90.9236
-90.8923
-90.8608
-90.829
-90.7969
-90.7645
-90.7319
-90.6989
-90.6657
-90.6322
-90.5984
-90.5642
-90.5298
-90.495
-90.4599
-90.4245
-90.3887
-90.3526
-90.3162
-90.2794
-90.2422
-90.2047
-90.1668
-90.1286
-90.0899
-90.0509
-90.0115
-89.9716
-89.9314
-89.8907
-89.8496
-89.8081
-89.7661
-89.7236
-89.6807
-89.6374
-89.5935
-89.5491
-89.5042
-89.4588
-89.4129
-89.3664
-89.3194
-89.2717
-89.2235
-89.1747
-89.1253
-89.0752
-89.0245
-88.9731
-88.9211
-88.8683
-88.8148
-88.7605
-88.7055
-88.6497
-88.593
-88.5356
-88.4772
-88.4179
-88.3577
-88.2966
-88.2344
-88.1712
-88.107
-88.0416
-87.9751
-87.9073
-87.8384
-87.7681
-87.6965
-87.6235
-87.549
-87.473
-87.3954
-87.3161
-87.2351
-87.1522
-87.0674
-86.9806
-86.8916
-86.8004
-86.7067
-86.6106
-86.5118
-86.4102
-86.3055
-86.1976
-86.0864
-85.9714
-85.8525
-85.7294
-85.6018
-85.4693
-85.3314
-85.1877
-85.0377
-84.8808
-84.7163
-84.5433
-84.361
-84.1683
-83.9639
-83.7462
-83.5134
-83.2633
-82.993
-82.6992
-82.3773
-82.0217
-81.6245
-81.1754
-80.6595
-80.0548
-79.327
-78.4191
-77.2263
-75.5284
-72.7521
-66.7341
-40.7427
48.7713
49.9543
49.5921
48.2554
45.0184
38.9324
29.565
17.8522
6.24657
-3.83414
-12.8544
-21.513
-29.0913
-35.814
-48.903
-79.8068
-94.4292
-94.9395
-94.9334
-94.877
-94.7791
-94.6386
-94.4678
-94.2883
-94.1201
-93.9754
-93.8583
-93.7679
-93.7007
-93.6527
-93.6199
-93.5991
-93.5874
-93.5828
-93.5834
-93.5879
-93.5955
-93.6052
-93.6164
-93.6288
-93.642
-93.6556
-93.6695
-93.6835
-93.6976
-93.7115
-93.7253
-93.7389
-93.7522
-93.7653
-93.778
-93.7904
-93.8025
-93.8143
-93.8257
-93.8367
-93.8475
-93.8578
-93.8679
-93.8775
-93.8869
-93.8959
-93.9046
-93.913
-93.9211
-93.9289
-93.9363
-93.9435
-93.9503
-93.9569
-93.9632
-93.9692
-93.9749
-93.9803
-93.9855
-93.9904
-93.9951
-93.9995
-94.0037
-94.0076
-94.0113
-94.0147
-94.018
-94.0209
-94.0237
-94.0263
-94.0286
-94.0307
-94.0326
-94.0343
-94.0358
-94.0371
-94.0383
-94.0392
-94.0399
-94.0405
-94.0408
-94.041
-94.041
-94.0408
-94.0405
-94.04
-94.0393
-94.0385
-94.0375
-94.0363
-94.035
-94.0335
-94.0319
-94.0302
-94.0282
-94.0262
-94.024
-94.0216
-94.0191
-94.0165
-94.0137
-94.0108
-94.0078
-94.0046
-94.0013
-93.9979
-93.9943
-93.9906
-93.9868
-93.9829
-93.9788
-93.9746
-93.9703
-93.9659
-93.9614
-93.9567
-93.952
-93.9471
-93.9421
-93.937
-93.9318
-93.9264
-93.921
-93.9154
-93.9098
-93.904
-93.8981
-93.8922
-93.8861
-93.8799
-93.8736
-93.8672
-93.8607
-93.8541
-93.8474
-93.8406
-93.8337
-93.8266
-93.8195
-93.8123
-93.805
-93.7976
-93.7901
-93.7824
-93.7747
-93.7669
-93.759
-93.751
-93.7429
-93.7347
-93.7264
-93.718
-93.7095
-93.7009
-93.6922
-93.6834
-93.6745
-93.6656
-93.6565
-93.6473
-93.638
-93.6286
-93.6192
-93.6096
-93.5999
-93.5902
-93.5803
-93.5704
-93.5603
-93.5501
-93.5399
-93.5295
-93.5191
-93.5085
-93.4979
-93.4871
-93.4763
-93.4654
-93.4543
-93.4432
-93.4319
-93.4206
-93.4091
-93.3976
-93.3859
-93.3741
-93.3623
-93.3503
-93.3383
-93.3261
-93.3138
-93.3014
-93.289
-93.2764
-93.2637
-93.2509
-93.238
-93.225
-93.2118
-93.1986
-93.1853
-93.1718
-93.1583
-93.1446
-93.1308
-93.1169
-93.1029
-93.0888
-93.0746
-93.0602
-93.0458
-93.0312
-93.0165
-93.0017
-92.9868
-92.9718
-92.9566
-92.9413
-92.926
-92.9104
-92.8948
-92.879
-92.8632
-92.8472
-92.831
-92.8148
-92.7984
-92.7819
-92.7653
-92.7486
-92.7317
-92.7147
-92.6975
-92.6802
-92.6628
-92.6453
-92.6276
-92.6098
-92.5919
-92.5738
-92.5556
-92.5372
-92.5187
-92.5001
-92.4813
-92.4624
-92.4434
-92.4242
-92.4048
-92.3853
-92.3657
-92.3459
-92.3259
-92.3058
-92.2856
-92.2652
-92.2446
-92.2239
-92.2031
-92.182
-92.1609
-92.1395
-92.118
-92.0963
-92.0745
-92.0525
-92.0303
-92.008
-91.9855
-91.9628
-91.9399
-91.9169
-91.8937
-91.8703
-91.8467
-91.823
-91.799
-91.7749
-91.7506
-91.7261
-91.7014
-91.6765
-91.6514
-91.6262
-91.6007
-91.575
-91.5491
-91.5231
-91.4968
-91.4703
-91.4436
-91.4166
-91.3895
-91.3621
-91.3345
-91.3067
-91.2787
-91.2504
-91.222
-91.1932
-91.1643
-91.135
-91.1056
-91.0759
-91.046
-91.0158
-90.9853
-90.9546
-90.9236
-90.8924
-90.8608
-90.8291
-90.797
-90.7646
-90.732
-90.6991
-90.6659
-90.6323
-90.5985
-90.5644
-90.53
-90.4952
-90.4601
-90.4247
-90.389
-90.3529
-90.3165
-90.2797
-90.2425
-90.205
-90.1672
-90.1289
-90.0903
-90.0513
-90.0119
-89.9721
-89.9318
-89.8912
-89.8501
-89.8086
-89.7666
-89.7242
-89.6813
-89.638
-89.5941
-89.5498
-89.5049
-89.4595
-89.4136
-89.3672
-89.3201
-89.2726
-89.2244
-89.1756
-89.1262
-89.0762
-89.0255
-88.9741
-88.9221
-88.8694
-88.8159
-88.7617
-88.7067
-88.6509
-88.5943
-88.5368
-88.4785
-88.4193
-88.3591
-88.298
-88.2359
-88.1728
-88.1086
-88.0432
-87.9768
-87.9091
-87.8402
-87.77
-87.6984
-87.6255
-87.5511
-87.4752
-87.3976
-87.3184
-87.2375
-87.1547
-87.07
-86.9832
-86.8943
-86.8032
-86.7097
-86.6136
-86.5149
-86.4134
-86.3089
-86.2012
-86.0901
-85.9753
-85.8566
-85.7337
-85.6062
-85.4739
-85.3362
-85.1928
-85.0431
-84.8865
-84.7223
-84.5497
-84.3678
-84.1755
-83.9716
-83.7545
-83.5224
-83.273
-83.0036
-82.7108
-82.3902
-82.036
-81.6407
-81.1939
-80.681
-80.0804
-79.3584
-78.4592
-77.281
-75.6104
-72.8988
-67.118
-43.0983
48.3075
49.9563
49.6034
48.2892
45.0913
39.0581
29.7427
18.0519
6.42654
-3.67763
-12.7092
-21.3713
-28.9895
-35.6499
-48.5226
-79.1062
-94.3912
-94.9374
-94.9337
-94.878
-94.7809
-94.6409
-94.4701
-94.2899
-94.1205
-93.9744
-93.8558
-93.7641
-93.6959
-93.647
-93.6137
-93.5924
-93.5804
-93.5755
-93.576
-93.5806
-93.5881
-93.5979
-93.6092
-93.6217
-93.6349
-93.6487
-93.6627
-93.6769
-93.6911
-93.7052
-93.7191
-93.7329
-93.7463
-93.7595
-93.7724
-93.7849
-93.7971
-93.809
-93.8206
-93.8317
-93.8426
-93.8531
-93.8632
-93.873
-93.8825
-93.8917
-93.9005
-93.909
-93.9171
-93.925
-93.9326
-93.9398
-93.9468
-93.9534
-93.9598
-93.9659
-93.9717
-93.9772
-93.9825
-93.9875
-93.9923
-93.9967
-94.001
-94.005
-94.0087
-94.0123
-94.0156
-94.0186
-94.0215
-94.0241
-94.0265
-94.0286
-94.0306
-94.0324
-94.034
-94.0353
-94.0365
-94.0375
-94.0383
-94.0389
-94.0393
-94.0395
-94.0396
-94.0394
-94.0392
-94.0387
-94.0381
-94.0373
-94.0363
-94.0352
-94.0339
-94.0325
-94.0309
-94.0292
-94.0273
-94.0253
-94.0231
-94.0208
-94.0184
-94.0158
-94.013
-94.0102
-94.0072
-94.004
-94.0007
-93.9973
-93.9938
-93.9902
-93.9864
-93.9825
-93.9785
-93.9743
-93.97
-93.9656
-93.9611
-93.9565
-93.9518
-93.9469
-93.9419
-93.9369
-93.9317
-93.9264
-93.9209
-93.9154
-93.9098
-93.904
-93.8982
-93.8922
-93.8862
-93.88
-93.8737
-93.8673
-93.8608
-93.8543
-93.8476
-93.8408
-93.8339
-93.8269
-93.8198
-93.8126
-93.8053
-93.7979
-93.7904
-93.7828
-93.7751
-93.7673
-93.7594
-93.7514
-93.7433
-93.7352
-93.7269
-93.7185
-93.71
-93.7014
-93.6928
-93.684
-93.6751
-93.6661
-93.6571
-93.6479
-93.6386
-93.6293
-93.6198
-93.6103
-93.6006
-93.5909
-93.581
-93.5711
-93.561
-93.5509
-93.5407
-93.5303
-93.5199
-93.5094
-93.4987
-93.488
-93.4772
-93.4662
-93.4552
-93.4441
-93.4328
-93.4215
-93.41
-93.3985
-93.3869
-93.3751
-93.3633
-93.3513
-93.3393
-93.3271
-93.3149
-93.3025
-93.29
-93.2775
-93.2648
-93.252
-93.2391
-93.2261
-93.213
-93.1998
-93.1865
-93.173
-93.1595
-93.1458
-93.1321
-93.1182
-93.1042
-93.0901
-93.0759
-93.0616
-93.0471
-93.0326
-93.0179
-93.0031
-92.9882
-92.9732
-92.958
-92.9428
-92.9274
-92.9119
-92.8963
-92.8805
-92.8647
-92.8487
-92.8326
-92.8164
-92.8
-92.7835
-92.7669
-92.7502
-92.7333
-92.7163
-92.6992
-92.6819
-92.6645
-92.647
-92.6294
-92.6116
-92.5937
-92.5756
-92.5574
-92.5391
-92.5206
-92.502
-92.4832
-92.4643
-92.4453
-92.4261
-92.4068
-92.3873
-92.3677
-92.3479
-92.328
-92.3079
-92.2877
-92.2673
-92.2468
-92.2261
-92.2052
-92.1842
-92.163
-92.1417
-92.1202
-92.0986
-92.0768
-92.0548
-92.0326
-92.0103
-91.9878
-91.9652
-91.9423
-91.9193
-91.8961
-91.8728
-91.8492
-91.8255
-91.8016
-91.7775
-91.7532
-91.7287
-91.7041
-91.6792
-91.6542
-91.6289
-91.6035
-91.5778
-91.552
-91.5259
-91.4997
-91.4732
-91.4465
-91.4196
-91.3925
-91.3652
-91.3376
-91.3098
-91.2818
-91.2536
-91.2251
-91.1964
-91.1675
-91.1383
-91.1089
-91.0793
-91.0494
-91.0192
-90.9888
-90.9581
-90.9272
-90.8959
-90.8645
-90.8327
-90.8007
-90.7684
-90.7358
-90.7029
-90.6697
-90.6363
-90.6025
-90.5684
-90.534
-90.4993
-90.4643
-90.4289
-90.3932
-90.3572
-90.3208
-90.2841
-90.247
-90.2096
-90.1717
-90.1336
-90.095
-90.056
-90.0167
-89.9769
-89.9368
-89.8962
-89.8552
-89.8137
-89.7718
-89.7295
-89.6866
-89.6433
-89.5996
-89.5553
-89.5105
-89.4652
-89.4194
-89.373
-89.3261
-89.2786
-89.2305
-89.1818
-89.1325
-89.0826
-89.032
-88.9807
-88.9288
-88.8761
-88.8228
-88.7687
-88.7138
-88.6581
-88.6017
-88.5443
-88.4861
-88.427
-88.367
-88.3061
-88.2441
-88.1811
-88.1171
-88.0519
-87.9856
-87.9181
-87.8494
-87.7794
-87.7081
-87.6353
-87.5612
-87.4854
-87.4081
-87.3292
-87.2485
-87.166
-87.0816
-86.9951
-86.9065
-86.8157
-86.7226
-86.6269
-86.5286
-86.4276
-86.3235
-86.2162
-86.1056
-85.9914
-85.8733
-85.751
-85.6242
-85.4926
-85.3558
-85.2132
-85.0644
-84.9089
-84.7458
-84.5745
-84.394
-84.2033
-84.0011
-83.786
-83.5562
-83.3095
-83.0432
-82.754
-82.4376
-82.0886
-81.6998
-81.2612
-80.7588
-80.1723
-79.4704
-78.6014
-77.472
-75.8927
-73.3916
-68.3384
-49.9341
43.8777
49.9637
49.6488
48.423
45.3741
39.5369
30.4079
18.7891
7.082
-3.11467
-12.1905
-20.8611
-28.6111
-35.0411
-47.1213
-76.3054
-94.2023
-94.9269
-94.9352
-94.8835
-94.7905
-94.6547
-94.4865
-94.3066
-94.1355
-93.9864
-93.8644
-93.7694
-93.6983
-93.6471
-93.6118
-93.5891
-93.576
-93.5702
-93.5701
-93.5742
-93.5814
-93.5909
-93.6021
-93.6145
-93.6278
-93.6415
-93.6556
-93.6699
-93.6841
-93.6983
-93.7124
-93.7262
-93.7398
-93.7531
-93.7661
-93.7788
-93.7911
-93.8031
-93.8148
-93.8261
-93.837
-93.8476
-93.8579
-93.8678
-93.8774
-93.8867
-93.8956
-93.9042
-93.9125
-93.9204
-93.9281
-93.9354
-93.9425
-93.9492
-93.9557
-93.9619
-93.9678
-93.9734
-93.9788
-93.9838
-93.9887
-93.9933
-93.9976
-94.0016
-94.0055
-94.0091
-94.0124
-94.0156
-94.0185
-94.0211
-94.0236
-94.0258
-94.0279
-94.0297
-94.0313
-94.0327
-94.034
-94.035
-94.0358
-94.0365
-94.037
-94.0372
-94.0373
-94.0373
-94.037
-94.0366
-94.036
-94.0353
-94.0344
-94.0333
-94.0321
-94.0307
-94.0291
-94.0274
-94.0256
-94.0236
-94.0214
-94.0192
-94.0167
-94.0142
-94.0114
-94.0086
-94.0056
-94.0025
-93.9993
-93.9959
-93.9924
-93.9888
-93.985
-93.9811
-93.9771
-93.973
-93.9687
-93.9643
-93.9599
-93.9552
-93.9505
-93.9457
-93.9407
-93.9357
-93.9305
-93.9252
-93.9198
-93.9143
-93.9086
-93.9029
-93.897
-93.8911
-93.885
-93.8789
-93.8726
-93.8662
-93.8598
-93.8532
-93.8465
-93.8397
-93.8328
-93.8258
-93.8187
-93.8115
-93.8042
-93.7969
-93.7894
-93.7818
-93.7741
-93.7663
-93.7584
-93.7504
-93.7423
-93.7341
-93.7258
-93.7174
-93.709
-93.7004
-93.6917
-93.6829
-93.674
-93.6651
-93.656
-93.6468
-93.6376
-93.6282
-93.6187
-93.6092
-93.5995
-93.5898
-93.5799
-93.57
-93.5599
-93.5498
-93.5395
-93.5292
-93.5187
-93.5082
-93.4976
-93.4868
-93.476
-93.465
-93.454
-93.4428
-93.4316
-93.4202
-93.4088
-93.3972
-93.3856
-93.3738
-93.362
-93.35
-93.338
-93.3258
-93.3135
-93.3012
-93.2887
-93.2761
-93.2634
-93.2506
-93.2377
-93.2247
-93.2116
-93.1983
-93.185
-93.1715
-93.158
-93.1443
-93.1305
-93.1166
-93.1026
-93.0885
-93.0743
-93.06
-93.0455
-93.0309
-93.0162
-93.0014
-92.9865
-92.9715
-92.9563
-92.9411
-92.9257
-92.9101
-92.8945
-92.8788
-92.8629
-92.8469
-92.8307
-92.8145
-92.7981
-92.7816
-92.765
-92.7482
-92.7314
-92.7143
-92.6972
-92.6799
-92.6625
-92.645
-92.6273
-92.6095
-92.5915
-92.5735
-92.5553
-92.5369
-92.5184
-92.4998
-92.481
-92.4621
-92.443
-92.4238
-92.4044
-92.3849
-92.3653
-92.3455
-92.3256
-92.3055
-92.2852
-92.2648
-92.2443
-92.2236
-92.2027
-92.1817
-92.1605
-92.1391
-92.1176
-92.0959
-92.0741
-92.0521
-92.0299
-92.0076
-91.9851
-91.9624
-91.9395
-91.9165
-91.8933
-91.8699
-91.8463
-91.8225
-91.7986
-91.7745
-91.7502
-91.7257
-91.701
-91.6761
-91.651
-91.6257
-91.6003
-91.5746
-91.5487
-91.5226
-91.4964
-91.4699
-91.4431
-91.4162
-91.3891
-91.3617
-91.3341
-91.3063
-91.2783
-91.25
-91.2215
-91.1928
-91.1639
-91.1346
-91.1052
-91.0755
-91.0456
-91.0154
-90.9849
-90.9542
-90.9232
-90.892
-90.8605
-90.8287
-90.7966
-90.7643
-90.7316
-90.6987
-90.6655
-90.632
-90.5982
-90.5641
-90.5296
-90.4949
-90.4598
-90.4244
-90.3887
-90.3526
-90.3162
-90.2794
-90.2423
-90.2048
-90.1669
-90.1287
-90.0901
-90.0511
-90.0117
-89.9719
-89.9317
-89.891
-89.85
-89.8084
-89.7665
-89.7241
-89.6812
-89.6379
-89.594
-89.5497
-89.5048
-89.4595
-89.4136
-89.3671
-89.3201
-89.2726
-89.2244
-89.1756
-89.1263
-89.0763
-89.0256
-88.9743
-88.9222
-88.8695
-88.8161
-88.7619
-88.7069
-88.6511
-88.5946
-88.5371
-88.4788
-88.4196
-88.3595
-88.2984
-88.2363
-88.1732
-88.1091
-88.0438
-87.9773
-87.9097
-87.8408
-87.7707
-87.6992
-87.6263
-87.5519
-87.476
-87.3985
-87.3194
-87.2385
-87.1557
-87.071
-86.9843
-86.8955
-86.8045
-86.711
-86.615
-86.5164
-86.415
-86.3105
-86.2029
-86.0919
-85.9772
-85.8586
-85.7357
-85.6084
-85.4762
-85.3387
-85.1954
-85.0458
-84.8894
-84.7253
-84.5529
-84.3713
-84.1792
-83.9755
-83.7587
-83.5269
-83.2779
-83.0089
-82.7166
-82.3965
-82.0429
-81.6484
-81.2027
-80.691
-80.0921
-79.3725
-78.4768
-77.3041
-75.6435
-72.9549
-67.2518
-43.8301
48.0987
49.9569
49.6073
48.3008
45.116
39.1004
29.8021
18.1184
6.48628
-3.62588
-12.6613
-21.3244
-28.9555
-35.595
-48.3955
-78.8661
-94.3771
-94.9364
-94.9334
-94.8778
-94.7804
-94.6399
-94.4682
-94.2869
-94.1163
-93.9689
-93.8492
-93.7566
-93.6877
-93.6383
-93.6046
-93.5831
-93.571
-93.5661
-93.5666
-93.5712
-93.5789
-93.5887
-93.6002
-93.6129
-93.6263
-93.6402
-93.6544
-93.6688
-93.6831
-93.6974
-93.7115
-93.7254
-93.739
-93.7524
-93.7654
-93.7781
-93.7905
-93.8026
-93.8143
-93.8256
-93.8366
-93.8472
-93.8575
-93.8675
-93.8771
-93.8864
-93.8953
-93.9039
-93.9122
-93.9202
-93.9279
-93.9352
-93.9423
-93.9491
-93.9556
-93.9618
-93.9677
-93.9733
-93.9787
-93.9838
-93.9886
-93.9932
-93.9976
-94.0017
-94.0055
-94.0091
-94.0125
-94.0156
-94.0185
-94.0212
-94.0237
-94.026
-94.028
-94.0299
-94.0315
-94.0329
-94.0342
-94.0352
-94.0361
-94.0367
-94.0372
-94.0375
-94.0376
-94.0376
-94.0373
-94.0369
-94.0364
-94.0356
-94.0347
-94.0337
-94.0324
-94.0311
-94.0295
-94.0278
-94.026
-94.024
-94.0219
-94.0196
-94.0172
-94.0146
-94.012
-94.0091
-94.0062
-94.0031
-93.9998
-93.9965
-93.993
-93.9893
-93.9856
-93.9817
-93.9777
-93.9736
-93.9694
-93.965
-93.9605
-93.9559
-93.9512
-93.9464
-93.9415
-93.9364
-93.9312
-93.926
-93.9206
-93.9151
-93.9095
-93.9037
-93.8979
-93.892
-93.8859
-93.8798
-93.8735
-93.8672
-93.8607
-93.8541
-93.8475
-93.8407
-93.8338
-93.8269
-93.8198
-93.8126
-93.8053
-93.798
-93.7905
-93.7829
-93.7752
-93.7674
-93.7596
-93.7516
-93.7435
-93.7354
-93.7271
-93.7187
-93.7103
-93.7017
-93.693
-93.6843
-93.6754
-93.6665
-93.6574
-93.6483
-93.639
-93.6297
-93.6202
-93.6107
-93.6011
-93.5913
-93.5815
-93.5716
-93.5615
-93.5514
-93.5412
-93.5309
-93.5204
-93.5099
-93.4993
-93.4886
-93.4778
-93.4668
-93.4558
-93.4447
-93.4335
-93.4222
-93.4107
-93.3992
-93.3876
-93.3759
-93.364
-93.3521
-93.3401
-93.3279
-93.3157
-93.3033
-93.2909
-93.2783
-93.2656
-93.2529
-93.24
-93.227
-93.2139
-93.2007
-93.1874
-93.174
-93.1604
-93.1468
-93.1331
-93.1192
-93.1052
-93.0911
-93.0769
-93.0626
-93.0482
-93.0337
-93.019
-93.0042
-92.9893
-92.9743
-92.9592
-92.944
-92.9286
-92.9131
-92.8975
-92.8818
-92.866
-92.85
-92.8339
-92.8177
-92.8013
-92.7849
-92.7683
-92.7516
-92.7347
-92.7177
-92.7006
-92.6834
-92.666
-92.6485
-92.6309
-92.6131
-92.5952
-92.5772
-92.559
-92.5407
-92.5222
-92.5036
-92.4849
-92.466
-92.447
-92.4278
-92.4085
-92.389
-92.3694
-92.3497
-92.3298
-92.3097
-92.2895
-92.2692
-92.2487
-92.228
-92.2072
-92.1862
-92.1651
-92.1438
-92.1223
-92.1007
-92.0789
-92.0569
-92.0348
-92.0125
-91.99
-91.9674
-91.9446
-91.9216
-91.8984
-91.8751
-91.8516
-91.8279
-91.804
-91.7799
-91.7557
-91.7312
-91.7066
-91.6818
-91.6567
-91.6315
-91.6061
-91.5805
-91.5547
-91.5287
-91.5024
-91.476
-91.4494
-91.4225
-91.3954
-91.3681
-91.3406
-91.3129
-91.2849
-91.2567
-91.2283
-91.1996
-91.1707
-91.1416
-91.1122
-91.0826
-91.0527
-91.0226
-90.9923
-90.9616
-90.9307
-90.8996
-90.8681
-90.8364
-90.8045
-90.7722
-90.7396
-90.7068
-90.6737
-90.6403
-90.6065
-90.5725
-90.5382
-90.5035
-90.4685
-90.4332
-90.3976
-90.3616
-90.3253
-90.2887
-90.2516
-90.2143
-90.1765
-90.1384
-90.0999
-90.061
-90.0217
-89.9821
-89.942
-89.9014
-89.8605
-89.8191
-89.7773
-89.735
-89.6923
-89.6491
-89.6054
-89.5612
-89.5165
-89.4713
-89.4256
-89.3793
-89.3325
-89.2851
-89.2371
-89.1885
-89.1393
-89.0895
-89.0391
-88.9879
-88.9361
-88.8836
-88.8304
-88.7764
-88.7217
-88.6662
-88.6098
-88.5527
-88.4946
-88.4357
-88.3759
-88.3151
-88.2533
-88.1905
-88.1266
-88.0617
-87.9956
-87.9283
-87.8599
-87.7901
-87.719
-87.6465
-87.5726
-87.4971
-87.4201
-87.3415
-87.2611
-87.1789
-87.0948
-87.0088
-86.9206
-86.8302
-86.7375
-86.6423
-86.5445
-86.4439
-86.3403
-86.2337
-86.1237
-86.0101
-85.8927
-85.7711
-85.6452
-85.5144
-85.3785
-85.237
-85.0894
-84.935
-84.7733
-84.6035
-84.4246
-84.2358
-84.0357
-83.823
-83.5958
-83.3521
-83.0894
-82.8044
-82.4931
-82.1501
-81.7687
-81.3394
-80.8491
-80.2789
-79.5995
-78.7638
-77.6884
-76.2067
-73.9219
-69.5568
-55.7648
29.3223
49.9797
49.7626
48.7676
46.1022
40.7541
32.072
20.6083
8.66744
-1.78897
-10.9886
-19.6657
-27.6626
-33.557
-43.8547
-68.8236
-93.4437
-94.8961
-94.9387
-94.8945
-94.8086
-94.6791
-94.5144
-94.3343
-94.16
-94.0064
-93.8798
-93.7806
-93.7059
-93.6519
-93.6144
-93.59
-93.5756
-93.5689
-93.5681
-93.5717
-93.5786
-93.5879
-93.599
-93.6114
-93.6246
-93.6384
-93.6525
-93.6668
-93.6812
-93.6955
-93.7096
-93.7236
-93.7373
-93.7507
-93.7638
-93.7766
-93.7891
-93.8012
-93.813
-93.8244
-93.8355
-93.8462
-93.8566
-93.8666
-93.8763
-93.8857
-93.8947
-93.9034
-93.9118
-93.9198
-93.9276
-93.935
-93.9422
-93.949
-93.9556
-93.9619
-93.9679
-93.9736
-93.979
-93.9842
-93.9891
-93.9938
-93.9982
-94.0023
-94.0062
-94.0099
-94.0133
-94.0165
-94.0195
-94.0223
-94.0248
-94.0271
-94.0292
-94.0311
-94.0328
-94.0343
-94.0356
-94.0367
-94.0376
-94.0383
-94.0388
-94.0392
-94.0393
-94.0393
-94.0391
-94.0388
-94.0383
-94.0376
-94.0367
-94.0357
-94.0345
-94.0332
-94.0317
-94.03
-94.0282
-94.0263
-94.0242
-94.022
-94.0196
-94.0171
-94.0144
-94.0116
-94.0087
-94.0056
-94.0024
-93.9991
-93.9956
-93.9921
-93.9883
-93.9845
-93.9805
-93.9765
-93.9722
-93.9679
-93.9635
-93.9589
-93.9542
-93.9494
-93.9445
-93.9395
-93.9343
-93.9291
-93.9237
-93.9182
-93.9127
-93.907
-93.9012
-93.8953
-93.8892
-93.8831
-93.8769
-93.8706
-93.8641
-93.8576
-93.8509
-93.8442
-93.8373
-93.8304
-93.8233
-93.8162
-93.8089
-93.8016
-93.7941
-93.7866
-93.7789
-93.7711
-93.7633
-93.7553
-93.7473
-93.7391
-93.7309
-93.7225
-93.7141
-93.7056
-93.6969
-93.6882
-93.6793
-93.6704
-93.6614
-93.6523
-93.643
-93.6337
-93.6243
-93.6148
-93.6052
-93.5954
-93.5856
-93.5757
-93.5657
-93.5556
-93.5454
-93.5351
-93.5247
-93.5142
-93.5036
-93.4929
-93.4821
-93.4712
-93.4602
-93.4491
-93.4379
-93.4266
-93.4152
-93.4037
-93.3921
-93.3804
-93.3686
-93.3566
-93.3446
-93.3325
-93.3203
-93.3079
-93.2955
-93.283
-93.2703
-93.2576
-93.2447
-93.2318
-93.2187
-93.2055
-93.1922
-93.1788
-93.1653
-93.1517
-93.138
-93.1241
-93.1102
-93.0961
-93.0819
-93.0676
-93.0532
-93.0387
-93.0241
-93.0093
-92.9945
-92.9795
-92.9644
-92.9492
-92.9338
-92.9184
-92.9028
-92.8871
-92.8713
-92.8553
-92.8393
-92.8231
-92.8067
-92.7903
-92.7737
-92.757
-92.7402
-92.7233
-92.7062
-92.689
-92.6716
-92.6542
-92.6365
-92.6188
-92.6009
-92.5829
-92.5648
-92.5465
-92.528
-92.5095
-92.4908
-92.4719
-92.4529
-92.4338
-92.4145
-92.3951
-92.3755
-92.3558
-92.3359
-92.3159
-92.2957
-92.2754
-92.2549
-92.2343
-92.2135
-92.1925
-92.1714
-92.1502
-92.1287
-92.1071
-92.0854
-92.0635
-92.0414
-92.0191
-91.9967
-91.9741
-91.9513
-91.9284
-91.9053
-91.882
-91.8585
-91.8348
-91.811
-91.7869
-91.7627
-91.7383
-91.7137
-91.6889
-91.664
-91.6388
-91.6134
-91.5879
-91.5621
-91.5361
-91.5099
-91.4835
-91.4569
-91.4301
-91.4031
-91.3759
-91.3484
-91.3207
-91.2928
-91.2647
-91.2363
-91.2077
-91.1788
-91.1498
-91.1204
-91.0909
-91.0611
-91.031
-91.0007
-90.9701
-90.9393
-90.9082
-90.8768
-90.8452
-90.8133
-90.7811
-90.7486
-90.7158
-90.6828
-90.6494
-90.6158
-90.5818
-90.5476
-90.513
-90.4781
-90.4429
-90.4073
-90.3714
-90.3352
-90.2986
-90.2617
-90.2244
-90.1867
-90.1487
-90.1103
-90.0715
-90.0323
-89.9928
-89.9528
-89.9124
-89.8715
-89.8303
-89.7886
-89.7464
-89.7038
-89.6607
-89.6171
-89.5731
-89.5285
-89.4834
-89.4378
-89.3917
-89.345
-89.2977
-89.2499
-89.2015
-89.1524
-89.1028
-89.0525
-89.0015
-88.9499
-88.8976
-88.8445
-88.7907
-88.7362
-88.6809
-88.6248
-88.5678
-88.51
-88.4513
-88.3917
-88.3312
-88.2696
-88.2071
-88.1435
-88.0789
-88.0131
-87.9461
-87.8779
-87.8085
-87.7377
-87.6656
-87.5921
-87.517
-87.4404
-87.3622
-87.2823
-87.2006
-87.117
-87.0314
-86.9438
-86.854
-86.7619
-86.6673
-86.5702
-86.4703
-86.3675
-86.2617
-86.1526
-86.0399
-85.9235
-85.803
-85.6782
-85.5487
-85.4142
-85.2741
-85.1281
-84.9755
-84.8157
-84.648
-84.4715
-84.2853
-84.0882
-83.8788
-83.6554
-83.4161
-83.1584
-82.8793
-82.5749
-82.2405
-81.8694
-81.4531
-80.9795
-80.4314
-79.7826
-78.9916
-77.9865
-76.6289
-74.6049
-70.9926
-61.3667
-2.95706
49.981
49.9538
49.5351
47.9907
44.2732
37.3744
27.0372
14.7484
3.28559
-6.51526
-15.3749
-23.8848
-30.5478
-38.1129
-54.2373
-87.0291
-94.6945
-94.9428
-94.9184
-94.8482
-94.7339
-94.5787
-94.3999
-94.2208
-94.0595
-93.9249
-93.8186
-93.7384
-93.68
-93.6394
-93.6126
-93.5965
-93.5885
-93.5868
-93.5897
-93.596
-93.6049
-93.6157
-93.6278
-93.6409
-93.6545
-93.6685
-93.6827
-93.697
-93.7112
-93.7252
-93.7391
-93.7528
-93.7661
-93.7792
-93.7919
-93.8043
-93.8164
-93.8281
-93.8395
-93.8505
-93.8612
-93.8715
-93.8815
-93.8912
-93.9005
-93.9095
-93.9182
-93.9266
-93.9346
-93.9423
-93.9498
-93.9569
-93.9637
-93.9703
-93.9765
-93.9825
-93.9882
-93.9936
-93.9988
-94.0037
-94.0084
-94.0128
-94.0169
-94.0209
-94.0245
-94.028
-94.0312
-94.0342
-94.037
-94.0395
-94.0419
-94.044
-94.0459
-94.0476
-94.0491
-94.0504
-94.0516
-94.0525
-94.0533
-94.0538
-94.0542
-94.0544
-94.0544
-94.0543
-94.054
-94.0535
-94.0528
-94.052
-94.0511
-94.0499
-94.0486
-94.0472
-94.0456
-94.0439
-94.042
-94.04
-94.0378
-94.0355
-94.033
-94.0304
-94.0277
-94.0248
-94.0218
-94.0187
-94.0154
-94.012
-94.0085
-94.0049
-94.0011
-93.9972
-93.9932
-93.9891
-93.9849
-93.9805
-93.976
-93.9714
-93.9667
-93.9619
-93.9569
-93.9519
-93.9467
-93.9414
-93.9361
-93.9306
-93.925
-93.9193
-93.9135
-93.9075
-93.9015
-93.8954
-93.8892
-93.8828
-93.8764
-93.8698
-93.8632
-93.8565
-93.8496
-93.8427
-93.8356
-93.8285
-93.8213
-93.8139
-93.8065
-93.7989
-93.7913
-93.7836
-93.7757
-93.7678
-93.7598
-93.7517
-93.7434
-93.7351
-93.7267
-93.7182
-93.7096
-93.7009
-93.6921
-93.6832
-93.6742
-93.6651
-93.6559
-93.6466
-93.6373
-93.6278
-93.6182
-93.6085
-93.5988
-93.5889
-93.579
-93.5689
-93.5588
-93.5485
-93.5382
-93.5277
-93.5172
-93.5065
-93.4958
-93.4849
-93.474
-93.463
-93.4518
-93.4406
-93.4292
-93.4178
-93.4062
-93.3946
-93.3829
-93.371
-93.3591
-93.347
-93.3349
-93.3226
-93.3102
-93.2978
-93.2852
-93.2725
-93.2597
-93.2469
-93.2339
-93.2208
-93.2075
-93.1942
-93.1808
-93.1673
-93.1536
-93.1399
-93.126
-93.112
-93.0979
-93.0837
-93.0694
-93.055
-93.0404
-93.0258
-93.011
-92.9961
-92.9811
-92.966
-92.9508
-92.9354
-92.9199
-92.9043
-92.8886
-92.8727
-92.8568
-92.8407
-92.8245
-92.8081
-92.7917
-92.7751
-92.7584
-92.7415
-92.7246
-92.7075
-92.6902
-92.6729
-92.6554
-92.6377
-92.62
-92.6021
-92.5841
-92.5659
-92.5476
-92.5291
-92.5106
-92.4918
-92.473
-92.454
-92.4348
-92.4155
-92.3961
-92.3765
-92.3567
-92.3368
-92.3168
-92.2966
-92.2763
-92.2558
-92.2351
-92.2143
-92.1934
-92.1722
-92.151
-92.1295
-92.1079
-92.0861
-92.0642
-92.0421
-92.0198
-91.9974
-91.9748
-91.952
-91.929
-91.9059
-91.8826
-91.8591
-91.8354
-91.8115
-91.7875
-91.7633
-91.7388
-91.7142
-91.6894
-91.6644
-91.6393
-91.6139
-91.5883
-91.5625
-91.5365
-91.5103
-91.4839
-91.4573
-91.4305
-91.4034
-91.3762
-91.3487
-91.321
-91.2931
-91.2649
-91.2365
-91.2079
-91.1791
-91.15
-91.1206
-91.0911
-91.0612
-91.0312
-91.0008
-90.9702
-90.9394
-90.9083
-90.8769
-90.8453
-90.8133
-90.7811
-90.7486
-90.7159
-90.6828
-90.6494
-90.6157
-90.5818
-90.5475
-90.5129
-90.478
-90.4427
-90.4072
-90.3713
-90.335
-90.2984
-90.2615
-90.2242
-90.1865
-90.1485
-90.1101
-90.0713
-90.0321
-89.9925
-89.9524
-89.912
-89.8712
-89.8299
-89.7882
-89.746
-89.7034
-89.6603
-89.6167
-89.5726
-89.528
-89.4829
-89.4373
-89.3911
-89.3444
-89.2972
-89.2493
-89.2008
-89.1518
-89.1021
-89.0518
-89.0008
-88.9491
-88.8968
-88.8437
-88.7899
-88.7353
-88.68
-88.6238
-88.5669
-88.509
-88.4503
-88.3907
-88.3301
-88.2685
-88.2059
-88.1423
-88.0776
-88.0118
-87.9448
-87.8766
-87.8071
-87.7363
-87.6641
-87.5905
-87.5154
-87.4388
-87.3605
-87.2805
-87.1987
-87.1151
-87.0294
-86.9417
-86.8518
-86.7596
-86.665
-86.5678
-86.4678
-86.3649
-86.259
-86.1497
-86.0369
-85.9204
-85.7997
-85.6748
-85.5451
-85.4104
-85.2701
-85.1238
-84.971
-84.8109
-84.6429
-84.4661
-84.2795
-84.0819
-83.872
-83.648
-83.4081
-83.1496
-82.8696
-82.5643
-82.2285
-81.8559
-81.4377
-80.9616
-80.41
-79.7567
-78.959
-77.9434
-76.5674
-74.5057
-70.7888
-60.635
2.17195
49.9859
49.9443
49.4775
47.8182
43.904
36.747
26.1817
13.8491
2.50716
-7.19929
-16.017
-24.4746
-30.8745
-38.6732
-55.6326
-88.3045
-94.7338
-94.9426
-94.9153
-94.8428
-94.7262
-94.5691
-94.3897
-94.211
-94.0506
-93.917
-93.8118
-93.7324
-93.6747
-93.6346
-93.6082
-93.5924
-93.5847
-93.5831
-93.5862
-93.5927
-93.6017
-93.6126
-93.6247
-93.6378
-93.6515
-93.6656
-93.6799
-93.6942
-93.7084
-93.7225
-93.7364
-93.7501
-93.7635
-93.7766
-93.7894
-93.8018
-93.8139
-93.8257
-93.8371
-93.8481
-93.8588
-93.8692
-93.8792
-93.8889
-93.8983
-93.9073
-93.916
-93.9244
-93.9324
-93.9402
-93.9476
-93.9548
-93.9616
-93.9682
-93.9745
-93.9805
-93.9862
-93.9916
-93.9968
-94.0018
-94.0064
-94.0109
-94.015
-94.019
-94.0227
-94.0261
-94.0293
-94.0323
-94.0351
-94.0377
-94.04
-94.0422
-94.0441
-94.0458
-94.0473
-94.0487
-94.0498
-94.0507
-94.0515
-94.0521
-94.0525
-94.0527
-94.0527
-94.0526
-94.0523
-94.0518
-94.0511
-94.0503
-94.0494
-94.0482
-94.0469
-94.0455
-94.0439
-94.0422
-94.0403
-94.0383
-94.0361
-94.0338
-94.0313
-94.0287
-94.026
-94.0231
-94.0201
-94.017
-94.0138
-94.0104
-94.0069
-94.0032
-93.9994
-93.9956
-93.9915
-93.9874
-93.9832
-93.9788
-93.9743
-93.9697
-93.965
-93.9602
-93.9552
-93.9502
-93.945
-93.9397
-93.9343
-93.9288
-93.9232
-93.9175
-93.9117
-93.9058
-93.8997
-93.8936
-93.8874
-93.881
-93.8746
-93.868
-93.8614
-93.8547
-93.8478
-93.8409
-93.8338
-93.8267
-93.8194
-93.8121
-93.8046
-93.7971
-93.7894
-93.7817
-93.7738
-93.7659
-93.7579
-93.7497
-93.7415
-93.7332
-93.7248
-93.7162
-93.7076
-93.6989
-93.6901
-93.6812
-93.6722
-93.6631
-93.6539
-93.6446
-93.6352
-93.6257
-93.6161
-93.6065
-93.5967
-93.5868
-93.5768
-93.5668
-93.5566
-93.5463
-93.536
-93.5255
-93.515
-93.5043
-93.4935
-93.4827
-93.4717
-93.4607
-93.4495
-93.4383
-93.4269
-93.4155
-93.4039
-93.3923
-93.3805
-93.3686
-93.3567
-93.3446
-93.3324
-93.3202
-93.3078
-93.2953
-93.2827
-93.27
-93.2572
-93.2443
-93.2313
-93.2182
-93.205
-93.1916
-93.1782
-93.1647
-93.151
-93.1372
-93.1233
-93.1093
-93.0952
-93.081
-93.0667
-93.0522
-93.0377
-93.023
-93.0082
-92.9933
-92.9783
-92.9632
-92.9479
-92.9325
-92.917
-92.9014
-92.8857
-92.8698
-92.8538
-92.8377
-92.8215
-92.8051
-92.7886
-92.772
-92.7553
-92.7384
-92.7215
-92.7043
-92.6871
-92.6697
-92.6522
-92.6345
-92.6168
-92.5988
-92.5808
-92.5626
-92.5443
-92.5258
-92.5072
-92.4885
-92.4696
-92.4505
-92.4314
-92.412
-92.3926
-92.373
-92.3532
-92.3333
-92.3132
-92.293
-92.2727
-92.2522
-92.2315
-92.2106
-92.1897
-92.1685
-92.1472
-92.1257
-92.1041
-92.0823
-92.0604
-92.0382
-92.0159
-91.9935
-91.9708
-91.948
-91.925
-91.9019
-91.8785
-91.855
-91.8313
-91.8074
-91.7834
-91.7591
-91.7347
-91.71
-91.6852
-91.6602
-91.635
-91.6095
-91.5839
-91.5581
-91.5321
-91.5059
-91.4794
-91.4528
-91.4259
-91.3989
-91.3716
-91.3441
-91.3163
-91.2884
-91.2602
-91.2318
-91.2031
-91.1743
-91.1451
-91.1158
-91.0862
-91.0563
-91.0262
-90.9958
-90.9652
-90.9343
-90.9032
-90.8717
-90.8401
-90.8081
-90.7759
-90.7433
-90.7105
-90.6774
-90.644
-90.6103
-90.5763
-90.542
-90.5073
-90.4724
-90.4371
-90.4015
-90.3655
-90.3292
-90.2926
-90.2556
-90.2182
-90.1805
-90.1424
-90.1039
-90.0651
-90.0258
-89.9862
-89.9461
-89.9056
-89.8647
-89.8234
-89.7816
-89.7394
-89.6967
-89.6535
-89.6099
-89.5657
-89.5211
-89.4759
-89.4302
-89.384
-89.3372
-89.2899
-89.2419
-89.1934
-89.1442
-89.0945
-89.0441
-88.993
-88.9413
-88.8888
-88.8356
-88.7817
-88.7271
-88.6716
-88.6154
-88.5583
-88.5003
-88.4415
-88.3817
-88.321
-88.2593
-88.1966
-88.1328
-88.068
-88.002
-87.9348
-87.8665
-87.7968
-87.7258
-87.6535
-87.5797
-87.5044
-87.4275
-87.349
-87.2688
-87.1867
-87.1028
-87.0169
-86.9289
-86.8387
-86.7462
-86.6512
-86.5536
-86.4533
-86.35
-86.2436
-86.1339
-86.0206
-85.9035
-85.7823
-85.6568
-85.5264
-85.391
-85.2499
-85.1028
-84.949
-84.7879
-84.6187
-84.4406
-84.2526
-84.0534
-83.8417
-83.6157
-83.3734
-83.1122
-82.829
-82.5198
-82.1794
-81.8011
-81.3756
-80.8904
-80.3268
-79.6566
-78.8343
-77.7798
-76.3354
-74.1303
-70.0014
-57.5992
20.791
49.9872
49.8423
49.0374
46.7032
41.791
33.5256
22.2382
10.1042
-0.606852
-9.93482
-18.613
-26.7751
-32.2519
-41.2023
-62.1294
-91.9631
-94.8497
-94.9415
-94.9037
-94.8232
-94.6984
-94.5359
-94.3549
-94.1779
-94.0208
-93.8909
-93.7889
-93.7121
-93.6565
-93.6179
-93.5926
-93.5777
-93.5706
-93.5696
-93.573
-93.5798
-93.5891
-93.6001
-93.6125
-93.6257
-93.6395
-93.6537
-93.6681
-93.6825
-93.6968
-93.711
-93.725
-93.7388
-93.7523
-93.7654
-93.7783
-93.7908
-93.803
-93.8148
-93.8263
-93.8374
-93.8482
-93.8586
-93.8687
-93.8785
-93.8879
-93.8969
-93.9057
-93.9141
-93.9222
-93.93
-93.9375
-93.9447
-93.9516
-93.9582
-93.9645
-93.9706
-93.9763
-93.9818
-93.987
-93.992
-93.9967
-94.0011
-94.0053
-94.0093
-94.013
-94.0165
-94.0197
-94.0227
-94.0255
-94.0281
-94.0305
-94.0326
-94.0345
-94.0363
-94.0378
-94.0391
-94.0403
-94.0412
-94.042
-94.0425
-94.0429
-94.0431
-94.0431
-94.043
-94.0427
-94.0422
-94.0415
-94.0407
-94.0397
-94.0386
-94.0373
-94.0358
-94.0342
-94.0325
-94.0306
-94.0285
-94.0263
-94.024
-94.0215
-94.0189
-94.0161
-94.0132
-94.0102
-94.007
-94.0037
-94.0003
-93.9968
-93.9931
-93.9893
-93.9854
-93.9813
-93.9771
-93.9729
-93.9684
-93.9639
-93.9593
-93.9545
-93.9496
-93.9446
-93.9395
-93.9343
-93.929
-93.9236
-93.918
-93.9124
-93.9066
-93.9007
-93.8948
-93.8887
-93.8825
-93.8762
-93.8698
-93.8633
-93.8567
-93.85
-93.8432
-93.8363
-93.8293
-93.8222
-93.815
-93.8076
-93.8002
-93.7927
-93.7851
-93.7774
-93.7696
-93.7617
-93.7537
-93.7456
-93.7374
-93.7291
-93.7207
-93.7122
-93.7036
-93.6949
-93.6861
-93.6772
-93.6682
-93.6592
-93.65
-93.6407
-93.6313
-93.6219
-93.6123
-93.6027
-93.5929
-93.583
-93.5731
-93.563
-93.5529
-93.5426
-93.5323
-93.5218
-93.5113
-93.5006
-93.4899
-93.479
-93.4681
-93.4571
-93.4459
-93.4347
-93.4233
-93.4119
-93.4003
-93.3887
-93.3769
-93.3651
-93.3531
-93.341
-93.3289
-93.3166
-93.3042
-93.2918
-93.2792
-93.2665
-93.2537
-93.2408
-93.2278
-93.2147
-93.2015
-93.1881
-93.1747
-93.1611
-93.1475
-93.1337
-93.1198
-93.1058
-93.0917
-93.0775
-93.0632
-93.0487
-93.0341
-93.0195
-93.0047
-92.9898
-92.9747
-92.9596
-92.9443
-92.929
-92.9135
-92.8978
-92.8821
-92.8662
-92.8502
-92.8341
-92.8179
-92.8015
-92.785
-92.7684
-92.7517
-92.7348
-92.7178
-92.7007
-92.6834
-92.666
-92.6485
-92.6309
-92.6131
-92.5952
-92.5771
-92.5589
-92.5406
-92.5221
-92.5035
-92.4847
-92.4658
-92.4468
-92.4276
-92.4083
-92.3888
-92.3692
-92.3494
-92.3295
-92.3094
-92.2892
-92.2688
-92.2483
-92.2276
-92.2068
-92.1858
-92.1646
-92.1433
-92.1218
-92.1002
-92.0784
-92.0564
-92.0343
-92.012
-91.9895
-91.9668
-91.944
-91.921
-91.8978
-91.8745
-91.8509
-91.8272
-91.8033
-91.7792
-91.755
-91.7305
-91.7059
-91.681
-91.656
-91.6308
-91.6053
-91.5797
-91.5539
-91.5278
-91.5016
-91.4752
-91.4485
-91.4216
-91.3945
-91.3672
-91.3397
-91.312
-91.284
-91.2558
-91.2273
-91.1987
-91.1698
-91.1406
-91.1112
-91.0816
-91.0517
-91.0216
-90.9912
-90.9606
-90.9297
-90.8985
-90.8671
-90.8354
-90.8034
-90.7711
-90.7385
-90.7057
-90.6726
-90.6391
-90.6054
-90.5714
-90.537
-90.5024
-90.4674
-90.4321
-90.3964
-90.3605
-90.3241
-90.2875
-90.2505
-90.2131
-90.1753
-90.1372
-90.0987
-90.0598
-90.0205
-89.9809
-89.9408
-89.9002
-89.8593
-89.8179
-89.7761
-89.7338
-89.6911
-89.6479
-89.6042
-89.56
-89.5153
-89.4701
-89.4244
-89.3781
-89.3313
-89.2839
-89.2359
-89.1873
-89.1382
-89.0883
-89.0379
-88.9868
-88.935
-88.8825
-88.8292
-88.7753
-88.7205
-88.665
-88.6087
-88.5515
-88.4935
-88.4346
-88.3748
-88.314
-88.2522
-88.1894
-88.1256
-88.0606
-87.9945
-87.9273
-87.8588
-87.789
-87.7179
-87.6455
-87.5716
-87.4961
-87.4191
-87.3405
-87.2601
-87.178
-87.0939
-87.0078
-86.9196
-86.8293
-86.7365
-86.6413
-86.5435
-86.4429
-86.3394
-86.2328
-86.1228
-86.0092
-85.8918
-85.7702
-85.6443
-85.5135
-85.3776
-85.236
-85.0884
-84.934
-84.7722
-84.6024
-84.4235
-84.2346
-84.0344
-83.8215
-83.5943
-83.3504
-83.0875
-82.8023
-82.4907
-82.1474
-81.7655
-81.3355
-80.8444
-80.273
-79.5919
-78.7536
-77.6738
-76.1839
-73.8808
-69.4566
-55.273
31.2452
49.9775
49.7451
48.7125
45.984
40.5549
31.7985
20.3079
8.40622
-2.005
-11.1827
-19.8595
-27.8213
-33.798
-44.3662
-70.0604
-93.606
-94.9016
-94.9379
-94.8924
-94.8051
-94.6742
-94.5084
-94.3276
-94.153
-93.9993
-93.8727
-93.7736
-93.699
-93.645
-93.6076
-93.5832
-93.569
-93.5624
-93.5617
-93.5654
-93.5724
-93.5818
-93.593
-93.6054
-93.6188
-93.6327
-93.6469
-93.6613
-93.6758
-93.6902
-93.7044
-93.7185
-93.7323
-93.7458
-93.759
-93.7719
-93.7845
-93.7967
-93.8086
-93.8201
-93.8312
-93.842
-93.8525
-93.8626
-93.8724
-93.8818
-93.891
-93.8997
-93.9082
-93.9163
-93.9241
-93.9317
-93.9389
-93.9458
-93.9524
-93.9587
-93.9648
-93.9706
-93.9761
-93.9813
-93.9863
-93.991
-93.9954
-93.9996
-94.0036
-94.0073
-94.0108
-94.0141
-94.0171
-94.0199
-94.0225
-94.0248
-94.027
-94.0289
-94.0306
-94.0322
-94.0335
-94.0346
-94.0356
-94.0363
-94.0369
-94.0372
-94.0374
-94.0375
-94.0373
-94.037
-94.0365
-94.0358
-94.035
-94.034
-94.0328
-94.0315
-94.0301
-94.0284
-94.0267
-94.0247
-94.0227
-94.0205
-94.0181
-94.0156
-94.013
-94.0102
-94.0073
-94.0042
-94.0011
-93.9978
-93.9943
-93.9907
-93.987
-93.9832
-93.9793
-93.9752
-93.971
-93.9667
-93.9623
-93.9577
-93.953
-93.9483
-93.9434
-93.9383
-93.9332
-93.928
-93.9226
-93.9171
-93.9116
-93.9059
-93.9001
-93.8942
-93.8882
-93.8821
-93.8759
-93.8695
-93.8631
-93.8566
-93.8499
-93.8432
-93.8364
-93.8294
-93.8224
-93.8152
-93.808
-93.8006
-93.7932
-93.7856
-93.778
-93.7702
-93.7624
-93.7544
-93.7464
-93.7382
-93.73
-93.7217
-93.7132
-93.7047
-93.6961
-93.6873
-93.6785
-93.6696
-93.6605
-93.6514
-93.6422
-93.6329
-93.6235
-93.6139
-93.6043
-93.5946
-93.5848
-93.5749
-93.5649
-93.5548
-93.5446
-93.5343
-93.5239
-93.5134
-93.5028
-93.4921
-93.4813
-93.4704
-93.4594
-93.4483
-93.4371
-93.4258
-93.4144
-93.4029
-93.3913
-93.3796
-93.3678
-93.3559
-93.3439
-93.3318
-93.3196
-93.3072
-93.2948
-93.2823
-93.2696
-93.2569
-93.244
-93.2311
-93.218
-93.2048
-93.1915
-93.1781
-93.1646
-93.151
-93.1373
-93.1235
-93.1095
-93.0955
-93.0813
-93.067
-93.0526
-93.0381
-93.0235
-93.0087
-92.9939
-92.9789
-92.9638
-92.9486
-92.9332
-92.9178
-92.9022
-92.8865
-92.8707
-92.8548
-92.8387
-92.8225
-92.8062
-92.7898
-92.7732
-92.7565
-92.7397
-92.7228
-92.7057
-92.6885
-92.6711
-92.6537
-92.6361
-92.6183
-92.6005
-92.5825
-92.5643
-92.546
-92.5276
-92.5091
-92.4904
-92.4715
-92.4525
-92.4334
-92.4141
-92.3947
-92.3752
-92.3554
-92.3356
-92.3156
-92.2954
-92.2751
-92.2546
-92.234
-92.2132
-92.1923
-92.1712
-92.1499
-92.1285
-92.107
-92.0852
-92.0633
-92.0412
-92.019
-91.9966
-91.974
-91.9512
-91.9283
-91.9052
-91.8819
-91.8584
-91.8348
-91.811
-91.787
-91.7628
-91.7384
-91.7138
-91.689
-91.6641
-91.6389
-91.6136
-91.588
-91.5623
-91.5363
-91.5102
-91.4838
-91.4572
-91.4304
-91.4034
-91.3762
-91.3488
-91.3211
-91.2932
-91.2651
-91.2368
-91.2082
-91.1794
-91.1503
-91.121
-91.0915
-91.0617
-91.0317
-91.0014
-90.9709
-90.9401
-90.909
-90.8777
-90.8461
-90.8142
-90.782
-90.7496
-90.7169
-90.6839
-90.6505
-90.6169
-90.583
-90.5488
-90.5143
-90.4794
-90.4442
-90.4087
-90.3729
-90.3367
-90.3002
-90.2633
-90.226
-90.1884
-90.1505
-90.1121
-90.0734
-90.0342
-89.9947
-89.9548
-89.9144
-89.8737
-89.8325
-89.7908
-89.7487
-89.7062
-89.6632
-89.6197
-89.5757
-89.5312
-89.4862
-89.4407
-89.3946
-89.348
-89.3008
-89.2531
-89.2047
-89.1558
-89.1062
-89.056
-89.0051
-88.9536
-88.9014
-88.8484
-88.7948
-88.7403
-88.6851
-88.6291
-88.5723
-88.5146
-88.4561
-88.3966
-88.3362
-88.2748
-88.2124
-88.149
-88.0845
-88.0188
-87.952
-87.8841
-87.8148
-87.7442
-87.6723
-87.599
-87.5241
-87.4478
-87.3698
-87.2901
-87.2086
-87.1253
-87.04
-86.9527
-86.8632
-86.7714
-86.6772
-86.5804
-86.4809
-86.3786
-86.2731
-86.1645
-86.0523
-85.9364
-85.8165
-85.6923
-85.5634
-85.4296
-85.2903
-85.145
-84.9933
-84.8345
-84.6679
-84.4926
-84.3077
-84.1121
-83.9043
-83.6828
-83.4457
-83.1905
-82.9143
-82.6134
-82.2831
-81.9171
-81.5071
-81.0415
-80.5038
-79.8695
-79.0995
-78.1267
-76.8246
-74.9132
-71.6019
-63.3939
-17.6487
49.8695
49.9565
49.5792
48.1673
44.7318
38.2826
28.4494
16.4154
4.83392
-5.12367
-14.0681
-22.6696
-29.8408
-36.9769
-51.545
-83.9241
-94.5975
-94.9433
-94.9255
-94.8605
-94.7518
-94.6003
-94.4219
-94.24
-94.0738
-93.9338
-93.8225
-93.7379
-93.6759
-93.6324
-93.6033
-93.5855
-93.5763
-93.5736
-93.5758
-93.5816
-93.5902
-93.6008
-93.6128
-93.6258
-93.6395
-93.6536
-93.6679
-93.6823
-93.6966
-93.7109
-93.7249
-93.7387
-93.7523
-93.7655
-93.7785
-93.7911
-93.8033
-93.8153
-93.8268
-93.838
-93.8489
-93.8594
-93.8696
-93.8795
-93.889
-93.8981
-93.907
-93.9155
-93.9237
-93.9316
-93.9391
-93.9464
-93.9534
-93.9601
-93.9665
-93.9726
-93.9784
-93.984
-93.9893
-93.9943
-93.9991
-94.0036
-94.0079
-94.0119
-94.0157
-94.0192
-94.0225
-94.0256
-94.0285
-94.0311
-94.0336
-94.0358
-94.0378
-94.0396
-94.0412
-94.0426
-94.0437
-94.0448
-94.0456
-94.0462
-94.0466
-94.0469
-94.047
-94.0469
-94.0466
-94.0462
-94.0456
-94.0449
-94.0439
-94.0429
-94.0416
-94.0402
-94.0387
-94.037
-94.0351
-94.0331
-94.031
-94.0287
-94.0263
-94.0237
-94.021
-94.0182
-94.0152
-94.0121
-94.0089
-94.0055
-94.002
-93.9984
-93.9947
-93.9908
-93.9868
-93.9827
-93.9785
-93.9741
-93.9696
-93.965
-93.9603
-93.9555
-93.9506
-93.9456
-93.9404
-93.9351
-93.9298
-93.9243
-93.9187
-93.913
-93.9072
-93.9012
-93.8952
-93.8891
-93.8829
-93.8765
-93.8701
-93.8635
-93.8569
-93.8501
-93.8433
-93.8363
-93.8293
-93.8221
-93.8149
-93.8075
-93.8001
-93.7926
-93.7849
-93.7772
-93.7693
-93.7614
-93.7533
-93.7452
-93.737
-93.7286
-93.7202
-93.7117
-93.7031
-93.6943
-93.6855
-93.6766
-93.6676
-93.6585
-93.6493
-93.64
-93.6306
-93.6211
-93.6115
-93.6018
-93.592
-93.5821
-93.5721
-93.5621
-93.5519
-93.5416
-93.5312
-93.5208
-93.5102
-93.4995
-93.4888
-93.4779
-93.4669
-93.4559
-93.4447
-93.4334
-93.4221
-93.4106
-93.399
-93.3873
-93.3756
-93.3637
-93.3517
-93.3396
-93.3274
-93.3152
-93.3028
-93.2903
-93.2777
-93.265
-93.2521
-93.2392
-93.2262
-93.2131
-93.1998
-93.1865
-93.173
-93.1594
-93.1457
-93.132
-93.118
-93.104
-93.0899
-93.0757
-93.0613
-93.0469
-93.0323
-93.0176
-93.0028
-92.9878
-92.9728
-92.9576
-92.9424
-92.927
-92.9114
-92.8958
-92.88
-92.8641
-92.8481
-92.832
-92.8158
-92.7994
-92.7829
-92.7662
-92.7495
-92.7326
-92.7156
-92.6984
-92.6812
-92.6638
-92.6462
-92.6285
-92.6107
-92.5928
-92.5747
-92.5565
-92.5382
-92.5197
-92.501
-92.4823
-92.4634
-92.4443
-92.4251
-92.4057
-92.3863
-92.3666
-92.3468
-92.3269
-92.3068
-92.2866
-92.2662
-92.2456
-92.2249
-92.2041
-92.1831
-92.1619
-92.1405
-92.119
-92.0974
-92.0756
-92.0536
-92.0314
-92.0091
-91.9866
-91.9639
-91.9411
-91.9181
-91.8949
-91.8715
-91.8479
-91.8242
-91.8003
-91.7762
-91.7519
-91.7274
-91.7028
-91.6779
-91.6528
-91.6276
-91.6022
-91.5765
-91.5507
-91.5246
-91.4983
-91.4719
-91.4452
-91.4183
-91.3912
-91.3639
-91.3363
-91.3086
-91.2806
-91.2523
-91.2239
-91.1952
-91.1663
-91.1371
-91.1077
-91.0781
-91.0482
-91.018
-90.9876
-90.9569
-90.926
-90.8948
-90.8634
-90.8316
-90.7996
-90.7673
-90.7347
-90.7019
-90.6687
-90.6353
-90.6015
-90.5675
-90.5331
-90.4984
-90.4634
-90.4281
-90.3924
-90.3564
-90.32
-90.2834
-90.2463
-90.2089
-90.1711
-90.133
-90.0944
-90.0555
-90.0162
-89.9765
-89.9364
-89.8958
-89.8548
-89.8134
-89.7716
-89.7293
-89.6865
-89.6433
-89.5995
-89.5553
-89.5106
-89.4654
-89.4196
-89.3733
-89.3264
-89.279
-89.2309
-89.1823
-89.1331
-89.0832
-89.0327
-88.9815
-88.9297
-88.8771
-88.8238
-88.7698
-88.715
-88.6595
-88.6031
-88.5458
-88.4878
-88.4288
-88.3689
-88.308
-88.2462
-88.1833
-88.1194
-88.0543
-87.9882
-87.9208
-87.8522
-87.7824
-87.7112
-87.6386
-87.5646
-87.489
-87.4119
-87.3332
-87.2526
-87.1703
-87.0861
-86.9999
-86.9115
-86.821
-86.7281
-86.6327
-86.5347
-86.4338
-86.3301
-86.2232
-86.1129
-85.999
-85.8813
-85.7594
-85.6331
-85.5019
-85.3656
-85.2235
-85.0754
-84.9204
-84.758
-84.5875
-84.4078
-84.218
-84.0169
-83.8029
-83.5744
-83.3291
-83.0645
-82.7773
-82.4633
-82.1171
-81.7317
-81.2973
-80.8004
-80.2212
-79.5294
-78.6752
-77.57
-76.034
-73.6301
-68.8901
-52.6548
39.0875
49.9688
49.6823
48.5219
45.5813
39.8829
30.8815
19.3072
7.53606
-2.73068
-11.8396
-20.5137
-28.3435
-34.6141
-46.1548
-74.2082
-94.0314
-94.9183
-94.9358
-94.8862
-94.7949
-94.6603
-94.4921
-94.3109
-94.1374
-93.9854
-93.8608
-93.7634
-93.6904
-93.6376
-93.6012
-93.5776
-93.5639
-93.5577
-93.5574
-93.5613
-93.5685
-93.5781
-93.5894
-93.602
-93.6154
-93.6294
-93.6437
-93.6582
-93.6727
-93.6871
-93.7014
-93.7155
-93.7293
-93.7429
-93.7561
-93.769
-93.7816
-93.7938
-93.8057
-93.8173
-93.8284
-93.8393
-93.8498
-93.8599
-93.8697
-93.8791
-93.8883
-93.8971
-93.9055
-93.9137
-93.9215
-93.929
-93.9363
-93.9432
-93.9498
-93.9562
-93.9622
-93.968
-93.9735
-93.9788
-93.9837
-93.9884
-93.9929
-93.9971
-94.0011
-94.0048
-94.0083
-94.0116
-94.0146
-94.0174
-94.02
-94.0223
-94.0245
-94.0264
-94.0281
-94.0297
-94.031
-94.0321
-94.0331
-94.0338
-94.0344
-94.0348
-94.035
-94.035
-94.0348
-94.0345
-94.034
-94.0333
-94.0325
-94.0315
-94.0303
-94.029
-94.0275
-94.0259
-94.0241
-94.0222
-94.0201
-94.0179
-94.0156
-94.0131
-94.0104
-94.0076
-94.0047
-94.0017
-93.9985
-93.9952
-93.9917
-93.9881
-93.9844
-93.9806
-93.9766
-93.9726
-93.9684
-93.964
-93.9596
-93.955
-93.9503
-93.9456
-93.9406
-93.9356
-93.9305
-93.9252
-93.9199
-93.9144
-93.9088
-93.9031
-93.8973
-93.8914
-93.8854
-93.8793
-93.873
-93.8667
-93.8602
-93.8537
-93.8471
-93.8403
-93.8334
-93.8265
-93.8194
-93.8123
-93.805
-93.7976
-93.7902
-93.7826
-93.775
-93.7672
-93.7593
-93.7514
-93.7433
-93.7352
-93.7269
-93.7185
-93.7101
-93.7015
-93.6929
-93.6841
-93.6753
-93.6664
-93.6573
-93.6482
-93.6389
-93.6296
-93.6202
-93.6106
-93.601
-93.5913
-93.5815
-93.5715
-93.5615
-93.5514
-93.5412
-93.5309
-93.5204
-93.5099
-93.4993
-93.4886
-93.4778
-93.4669
-93.4559
-93.4447
-93.4335
-93.4222
-93.4108
-93.3993
-93.3876
-93.3759
-93.3641
-93.3522
-93.3401
-93.328
-93.3158
-93.3034
-93.291
-93.2784
-93.2657
-93.253
-93.2401
-93.2271
-93.214
-93.2008
-93.1875
-93.1741
-93.1606
-93.1469
-93.1332
-93.1193
-93.1054
-93.0913
-93.0771
-93.0628
-93.0484
-93.0338
-93.0192
-93.0044
-92.9895
-92.9745
-92.9594
-92.9442
-92.9288
-92.9133
-92.8977
-92.882
-92.8662
-92.8502
-92.8341
-92.8179
-92.8016
-92.7851
-92.7685
-92.7518
-92.735
-92.718
-92.7009
-92.6837
-92.6663
-92.6488
-92.6312
-92.6134
-92.5955
-92.5775
-92.5593
-92.541
-92.5226
-92.504
-92.4853
-92.4664
-92.4474
-92.4282
-92.4089
-92.3895
-92.3699
-92.3501
-92.3303
-92.3102
-92.29
-92.2697
-92.2492
-92.2285
-92.2077
-92.1868
-92.1656
-92.1443
-92.1229
-92.1013
-92.0795
-92.0576
-92.0355
-92.0132
-91.9908
-91.9681
-91.9453
-91.9224
-91.8992
-91.8759
-91.8524
-91.8287
-91.8049
-91.7808
-91.7566
-91.7322
-91.7076
-91.6828
-91.6578
-91.6326
-91.6072
-91.5816
-91.5558
-91.5298
-91.5036
-91.4772
-91.4506
-91.4238
-91.3967
-91.3695
-91.342
-91.3143
-91.2864
-91.2582
-91.2298
-91.2012
-91.1724
-91.1433
-91.1139
-91.0844
-91.0545
-91.0245
-90.9941
-90.9635
-90.9327
-90.9016
-90.8702
-90.8385
-90.8066
-90.7744
-90.7419
-90.7091
-90.6761
-90.6427
-90.609
-90.5751
-90.5408
-90.5062
-90.4713
-90.436
-90.4005
-90.3646
-90.3283
-90.2917
-90.2548
-90.2175
-90.1798
-90.1418
-90.1034
-90.0645
-90.0254
-89.9858
-89.9457
-89.9053
-89.8645
-89.8232
-89.7815
-89.7393
-89.6967
-89.6536
-89.61
-89.5659
-89.5213
-89.4762
-89.4306
-89.3845
-89.3378
-89.2905
-89.2426
-89.1942
-89.1451
-89.0955
-89.0451
-88.9941
-88.9425
-88.8901
-88.8371
-88.7833
-88.7287
-88.6734
-88.6172
-88.5602
-88.5024
-88.4437
-88.384
-88.3235
-88.2619
-88.1993
-88.1357
-88.071
-88.0052
-87.9382
-87.8699
-87.8005
-87.7296
-87.6575
-87.5839
-87.5088
-87.4321
-87.3538
-87.2738
-87.192
-87.1084
-87.0227
-86.935
-86.8451
-86.7528
-86.6582
-86.5609
-86.4609
-86.358
-86.252
-86.1427
-86.0299
-85.9133
-85.7926
-85.6676
-85.5378
-85.403
-85.2627
-85.1163
-84.9633
-84.8031
-84.635
-84.458
-84.2712
-84.0734
-83.8632
-83.639
-83.3987
-83.1399
-82.8594
-82.5535
-82.217
-81.8435
-81.4242
-80.9467
-80.3933
-79.7373
-78.9358
-77.9142
-76.5275
-74.444
-70.6653
-60.1937
5.1522
49.9876
49.9362
49.4331
47.692
43.6444
36.3219
25.6229
13.2827
2.02563
-7.62138
-16.4143
-24.836
-31.0663
-39.0088
-56.4799
-88.9785
-94.7546
-94.9424
-94.9133
-94.8394
-94.7212
-94.5628
-94.3827
-94.2038
-94.0435
-93.9102
-93.8052
-93.7261
-93.6686
-93.6287
-93.6025
-93.5868
-93.5793
-93.5778
-93.581
-93.5876
-93.5967
-93.6077
-93.6199
-93.6331
-93.6469
-93.6611
-93.6754
-93.6898
-93.7041
-93.7183
-93.7323
-93.746
-93.7595
-93.7726
-93.7855
-93.798
-93.8101
-93.822
-93.8334
-93.8446
-93.8553
-93.8658
-93.8758
-93.8856
-93.895
-93.9041
-93.9128
-93.9212
-93.9293
-93.9371
-93.9446
-93.9518
-93.9587
-93.9653
-93.9717
-93.9777
-93.9835
-93.989
-93.9942
-93.9991
-94.0039
-94.0083
-94.0125
-94.0165
-94.0202
-94.0237
-94.027
-94.03
-94.0328
-94.0354
-94.0378
-94.0399
-94.0419
-94.0436
-94.0452
-94.0465
-94.0477
-94.0486
-94.0494
-94.05
-94.0504
-94.0506
-94.0507
-94.0506
-94.0503
-94.0498
-94.0492
-94.0484
-94.0474
-94.0463
-94.0451
-94.0436
-94.0421
-94.0403
-94.0385
-94.0365
-94.0343
-94.032
-94.0295
-94.027
-94.0242
-94.0214
-94.0184
-94.0153
-94.012
-94.0087
-94.0051
-94.0015
-93.9978
-93.9939
-93.9899
-93.9857
-93.9815
-93.9771
-93.9727
-93.9681
-93.9634
-93.9585
-93.9536
-93.9485
-93.9434
-93.9381
-93.9327
-93.9272
-93.9216
-93.9159
-93.9101
-93.9042
-93.8982
-93.892
-93.8858
-93.8794
-93.873
-93.8665
-93.8598
-93.8531
-93.8462
-93.8393
-93.8322
-93.8251
-93.8178
-93.8105
-93.803
-93.7955
-93.7878
-93.7801
-93.7723
-93.7643
-93.7563
-93.7482
-93.7399
-93.7316
-93.7232
-93.7147
-93.706
-93.6973
-93.6885
-93.6796
-93.6706
-93.6615
-93.6523
-93.643
-93.6336
-93.6241
-93.6145
-93.6049
-93.5951
-93.5852
-93.5752
-93.5652
-93.555
-93.5447
-93.5344
-93.5239
-93.5133
-93.5027
-93.4919
-93.4811
-93.4701
-93.4591
-93.4479
-93.4367
-93.4253
-93.4138
-93.4023
-93.3906
-93.3789
-93.367
-93.355
-93.343
-93.3308
-93.3185
-93.3061
-93.2937
-93.2811
-93.2684
-93.2556
-93.2427
-93.2297
-93.2165
-93.2033
-93.19
-93.1765
-93.163
-93.1493
-93.1355
-93.1217
-93.1077
-93.0936
-93.0793
-93.065
-93.0506
-93.036
-93.0213
-93.0065
-92.9916
-92.9766
-92.9615
-92.9462
-92.9308

