-70
-52.4893
38.4516
49.6095
45.8772
32.9709
11.4646
-4.09188
-15.201
-26.1684
-35.7652
-54.9509
-90.1323
-94.8704
-94.9624
-94.9513
-94.9064
-94.8111
-94.6313
-94.3254
-93.8634
-93.243
-92.4869
-91.627
-90.6904
-89.6935
-88.642
-87.5326
-86.3542
-85.088
-83.7047
-82.159
-80.3764
-78.2218
-75.4117
-71.1965
-62.5873
-23.6225
49.2602
49.3077
43.9129
27.5916
5.24434
-8.24138
-18.9487
-30.0471
-42.284
-71.0167
-94.2474
-94.9422
-94.9558
-94.9244
-94.8488
-94.7
-94.4363
-94.0203
-93.439
-92.7101
-91.8679
-90.9464
-89.97
-88.9516
-87.8939
-86.7917
-85.6332
-84.3988
-83.0593
-81.5693
-79.8539
-77.777
-75.0513
-70.9132
-62.297
-22.4924
49.414
49.3197
43.9404
27.6177
5.23821
-8.25345
-18.9622
-30.062
-42.3146
-71.0873
-94.2515
-94.9416
-94.9545
-94.9218
-94.8433
-94.6894
-94.4177
-93.9917
-93.4018
-92.6702
-91.8354
-90.9345
-89.9937
-89.0271
-88.0389
-87.0262
-85.9802
-84.887
-83.7262
-82.4683
-81.0682
-79.4521
-77.4861
-74.8881
-70.9131
-62.6155
-24.9794
48.9182
49.3106
44.0169
27.9595
5.69173
-7.90491
-18.632
-29.7304
-41.667
-69.559
-94.139
-94.939
-94.9548
-94.9232
-94.8463
-94.695
-94.4271
-94.0062
-93.4236
-92.7033
-91.8864
-91.012
-90.1082
-89.1905
-88.2643
-87.3283
-86.3761
-85.3976
-84.3784
-83.2985
-82.1298
-80.8302
-79.331
-77.5102
-75.1167
-71.5115
-64.3486
-36.0738
48.6714
49.3228
44.2241
28.7223
6.6801
-7.16265
-17.9338
-29.0192
-40.3142
-66.2647
-93.8013
-94.9318
-94.9561
-94.928
-94.8565
-94.7142
-94.4603
-94.0576
-93.495
-92.7953
-91.9999
-91.1497
-90.2751
-89.3934
-88.5118
-87.6304
-86.7449
-85.8474
-84.927
-83.9694
-82.9553
-81.8579
-80.6371
-79.2287
-77.5191
-75.2791
-71.9422
-65.537
-42.7692
47.4718
49.4085
44.6963
29.8814
7.87465
-6.36805
-17.2159
-28.2883
-38.9867
-62.9453
-93.2524
-94.9203
-94.9565
-94.9315
-94.8642
-94.7291
-94.4863
-94.098
-93.5516
-92.8679
-92.0882
-91.255
-90.4002
-89.5428
-88.6913
-87.8472
-87.0072
-86.1648
-85.3113
-84.4354
-83.5225
-82.5532
-81.5004
-80.3236
-78.958
-77.2883
-75.0798
-71.7478
-65.2288
-41.2612
47.9356
49.3962
44.66
29.8619
7.92522
-6.31264
-17.159
-28.2254
-38.8714
-62.6581
-93.1953
-94.9193
-94.9563
-94.9311
-94.8634
-94.7271
-94.4818
-94.0896
-93.5384
-92.8507
-92.07
-91.24
-90.3934
-89.5494
-88.7168
-87.8969
-87.0868
-86.2805
-85.4701
-84.6456
-83.7945
-82.901
-81.9435
-80.8916
-79.6986
-78.287
-76.5135
-74.0698
-70.1098
-61.0833
-14.7123
49.881
49.45
44.5107
28.9461
6.50981
-7.38768
-18.1725
-29.2824
-40.8228
-67.5068
-93.9385
-94.9326
-94.9527
-94.9203
-94.8408
-94.684
-94.4068
-93.9734
-93.3795
-92.6565
-91.8528
-91.013
-90.1678
-89.3341
-88.5183
-87.7202
-86.9359
-86.1591
-85.3816
-84.5939
-83.7844
-82.9384
-82.0368
-81.0528
-79.9466
-78.6539
-77.0606
-74.9346
-71.6981
-65.3236
-41.9816
47.7261
49.4131
44.7732
30.1811
8.30496
-6.05279
-16.9222
-27.9786
-38.434
-61.5579
-92.9382
-94.9143
-94.9557
-94.9308
-94.8627
-94.7255
-94.4781
-94.0821
-93.5257
-92.833
-92.0495
-91.221
-90.3816
-89.5515
-88.7397
-87.948
-87.1735
-86.4109
-85.653
-84.8913
-84.1155
-83.3133
-82.4688
-81.5605
-80.5581
-79.4151
-78.054
-76.3311
-73.9356
-70.0131
-60.9597
-13.921
49.8946
49.4631
44.5839
29.1427
6.72555
-7.23828
-18.0355
-29.144
-40.5637
-66.8709
-93.8661
-94.9305
-94.9519
-94.9191
-94.8383
-94.6788
-94.3966
-93.9554
-93.3513
-92.618
-91.8062
-90.9623
-90.1183
-89.2914
-88.488
-87.7081
-86.9477
-86.2005
-85.459
-84.7145
-83.9567
-83.1731
-82.3481
-81.4607
-80.481
-79.3635
-78.0327
-76.3493
-74.0138
-70.2144
-61.6126
-18.686
49.7383
49.4183
44.5086
29.1651
6.92236
-7.05779
-17.8568
-28.9539
-40.2036
-65.986
-93.7596
-94.9287
-94.9523
-94.9204
-94.8408
-94.6832
-94.4032
-93.9633
-93.3589
-92.6232
-91.808
-90.9608
-90.1144
-89.2866
-88.4841
-87.7071
-86.9514
-86.2111
-85.4786
-84.7454
-84.0014
-83.2348
-82.4309
-81.57
-80.6247
-79.5538
-78.2902
-76.7135
-74.5744
-71.237
-64.3692
-36.7841
48.6031
49.3641
44.545
29.7032
7.88174
-6.30222
-17.1372
-28.195
-38.8113
-62.5091
-93.1685
-94.9184
-94.9545
-94.9271
-94.8547
-94.7092
-94.447
-94.0285
-93.4438
-92.7217
-91.9124
-91.0647
-90.214
-89.3801
-88.5715
-87.7891
-87.0296
-86.2873
-85.5548
-84.8239
-84.0847
-83.326
-82.5335
-81.6887
-80.7659
-79.7272
-78.5119
-77.013
-75.0161
-71.9983
-66.2015
-46.6195
45.1621
49.4934
45.2113
31.2438
9.43454
-5.34467
-16.2971
-27.3299
-37.3218
-58.7748
-92.0704
-94.8983
-94.9547
-94.9312
-94.8641
-94.7275
-94.4797
-94.0804
-93.5155
-92.8088
-92.0077
-91.1616
-90.3075
-89.4679
-88.6529
-87.8646
-87.1004
-86.355
-85.6215
-84.8915
-84.1558
-83.4031
-82.6199
-81.7885
-80.8847
-79.8734
-78.6987
-77.2646
-75.3826
-72.6121
-67.5712
-52.7269
33.4927
49.7051
46.3592
33.9362
12.2534
-3.7938
-14.9972
-25.9761
-35.6744
-54.7277
-89.9391
-94.8603
-94.9541
-94.9353
-94.8737
-94.747
-94.5152
-94.1366
-93.5918
-92.8988
-92.1028
-91.2544
-90.3937
-89.5457
-88.7224
-87.927
-87.1574
-86.4086
-85.6735
-84.9441
-84.211
-83.4634
-82.688
-81.8678
-80.9799
-79.9909
-78.8492
-77.4665
-75.6741
-73.0888
-68.5731
-56.561
15.775
49.9504
48.4344
39.8631
19.9782
0.0962043
-11.9444
-22.7034
-33.4071
-49.3716
-84.4255
-94.7494
-94.9509
-94.9398
-94.8856
-94.7709
-94.5576
-94.2018
-93.6782
-92.9986
-92.2065
-91.3545
-90.4859
-89.6288
-88.797
-87.9946
-87.2201
-86.4686
-85.733
-85.0053
-84.2762
-83.5352
-82.7693
-81.9623
-81.0925
-80.129
-79.0241
-77.6981
-76.002
-73.6092
-69.6053
-60.0007
-7.42093
49.9532
49.464
44.4225
28.5813
6.04313
-7.73062
-18.4927
-29.6066
-41.4381
-68.9853
-94.0773
-94.9335
-94.9478
-94.9091
-94.8177
-94.6393
-94.3268
-93.8442
-93.1924
-92.4111
-91.5566
-90.678
-89.8084
-88.9647
-88.1527
-87.3714
-86.6159
-85.8794
-85.1539
-84.4304
-83.6985
-82.9462
-82.1582
-81.3149
-80.3885
-79.3376
-78.0944
-76.5368
-74.4117
-71.0681
-64.0967
-35.4476
48.667
49.3523
44.4804
29.5385
7.70156
-6.42357
-17.2472
-28.3087
-39.0136
-63.0183
-93.2768
-94.9197
-94.9525
-94.9225
-94.8451
-94.6898
-94.4105
-93.9661
-93.3483
-92.5896
-91.7448
-90.8658
-89.9891
-89.1351
-88.3118
-87.5194
-86.7539
-86.009
-85.2768
-84.5483
-83.8136
-83.0606
-82.2747
-81.4368
-80.5204
-79.4864
-78.2715
-76.7633
-74.7336
-71.6146
-65.4299
-42.9473
47.3628
49.4309
44.8895
30.5009
8.68181
-5.79931
-16.6927
-27.7385
-38.0146
-60.5043
-92.6513
-94.9079
-94.953
-94.9258
-94.8522
-94.7035
-94.4347
-94.0038
-93.3995
-92.6506
-91.81
-90.93
-90.0485
-89.1874
-88.3561
-87.5557
-86.7825
-86.0305
-85.2919
-84.5578
-83.8181
-83.0609
-82.2713
-81.4302
-80.5111
-79.4746
-78.2574
-76.7469
-74.714
-71.5892
-65.3848
-42.7549
47.429
49.4274
44.8702
30.4519
8.62743
-5.83455
-16.7242
-27.7713
-38.0714
-60.6469
-92.6926
-94.9085
-94.9527
-94.925
-94.8507
-94.7004
-94.4287
-93.9935
-93.3836
-92.6283
-91.7811
-90.8947
-90.0072
-89.1407
-88.3043
-87.4991
-86.7213
-85.9649
-85.2217
-84.4828
-83.7377
-82.9741
-82.1769
-81.3262
-80.3944
-79.3401
-78.0959
-76.541
-74.4247
-71.1055
-64.2229
-36.2895
48.6164
49.3569
44.5054
29.5994
7.76531
-6.3816
-17.2094
-28.2699
-38.9444
-62.8438
-93.2403
-94.9186
-94.9519
-94.9212
-94.8424
-94.6842
-94.3993
-93.9458
-93.315
-92.5403
-91.6775
-90.7799
-89.8851
-89.0138
-88.1741
-87.3662
-86.5858
-85.8261
-85.0788
-84.3345
-83.5823
-82.8093
-81.9994
-81.1313
-80.175
-79.0849
-77.7851
-76.1362
-73.8375
-70.0716
-61.4648
-18.1639
49.759
49.4196
44.4963
29.1077
6.84044
-7.1194
-17.9147
-29.0137
-40.3151
-66.2625
-93.7949
-94.9278
-94.9487
-94.9124
-94.8241
-94.6495
-94.3397
-93.8546
-93.1917
-92.3905
-91.5098
-90.6023
-89.7035
-88.8319
-87.9939
-87.1885
-86.4105
-85.6525
-84.9059
-84.1608
-83.4059
-82.6276
-81.8091
-80.9276
-79.9506
-78.8281
-77.4754
-75.7325
-73.241
-68.9631
-58.0688
5.87465
49.9742
49.1125
42.5041
24.4299
2.67593
-10.0649
-20.6503
-31.6435
-45.5105
-77.9624
-94.5738
-94.9449
-94.9409
-94.8902
-94.7795
-94.5699
-94.2137
-93.6803
-92.9787
-92.1542
-91.2645
-90.3576
-89.4646
-88.601
-87.7711
-86.9731
-86.2012
-85.4479
-84.7042
-83.9599
-83.2033
-82.4204
-81.593
-80.697
-79.6967
-78.5367
-77.1208
-75.2614
-72.5197
-67.5206
-52.8066
32.9601
49.7098
46.3699
33.9038
12.1353
-3.89502
-15.0938
-26.0845
-35.7429
-54.8957
-90.0507
-94.8607
-94.9519
-94.9304
-94.8635
-94.7263
-94.4757
-94.0678
-93.4837
-92.7447
-91.9009
-91.0069
-90.1053
-89.222
-88.3688
-87.5486
-86.7584
-85.992
-85.2418
-84.4984
-83.7515
-82.9888
-82.1953
-81.3516
-80.4309
-79.3932
-78.1746
-76.6609
-74.6192
-71.468
-65.1579
-41.6921
47.7572
49.41
44.7743
30.2135
8.36892
-6.00181
-16.8736
-27.9263
-38.3412
-61.3251
-92.8794
-94.9114
-94.9515
-94.9219
-94.844
-94.687
-94.4036
-93.9508
-93.3185
-92.5391
-91.6684
-90.7609
-89.8552
-88.9734
-88.1241
-87.3078
-86.5204
-85.7549
-85.0031
-84.2551
-83.5
-82.7245
-81.9122
-81.0416
-80.0818
-78.9861
-77.6768
-76.0091
-73.6692
-69.7887
-60.6811
-12.6454
49.9093
49.4674
44.5614
29.0206
6.54515
-7.37506
-18.1644
-29.2766
-40.8134
-67.4815
-93.9331
-94.9296
-94.9465
-94.9073
-94.8137
-94.6297
-94.3054
-93.8015
-93.1181
-92.2976
-91.4006
-90.48
-89.5712
-88.6922
-87.8486
-87.039
-86.2577
-85.497
-84.7478
-83.9999
-83.2415
-82.4586
-81.6333
-80.7418
-79.7495
-78.6025
-77.2084
-75.3885
-72.7302
-67.9733
-54.6059
25.6979
49.839
47.2477
36.167
14.7617
-2.58048
-14.037
-24.9694
-35.0619
-53.2447
-88.751
-94.8353
-94.9508
-94.9312
-94.8661
-94.732
-94.4862
-94.0837
-93.503
-92.7634
-91.9146
-91.0123
-90.1008
-89.2073
-88.3448
-87.5161
-86.7184
-85.9457
-85.1897
-84.4411
-83.6894
-82.9219
-82.1233
-81.2738
-80.3456
-79.2977
-78.0637
-76.5244
-74.434
-71.1667
-64.4481
-37.7899
48.4717
49.3649
44.5391
29.6597
7.80589
-6.36179
-17.1938
-28.2553
-38.9197
-62.7819
-93.2262
-94.9177
-94.9507
-94.9187
-94.8371
-94.6733
-94.3786
-93.9099
-93.2591
-92.4614
-91.5752
-90.6556
-89.741
-88.8524
-87.998
-87.1774
-86.386
-85.6165
-84.8599
-84.1063
-83.3441
-82.5595
-81.7351
-80.8477
-79.8642
-78.733
-77.367
-75.5997
-73.0556
-68.626
-56.968
12.9063
49.9624
48.6675
40.6659
21.1794
0.688989
-11.5164
-22.2417
-33.0365
-48.5387
-83.2161
-94.7202
-94.948
-94.9361
-94.8782
-94.7558
-94.5273
-94.1452
-93.5821
-92.852
-92.0032
-91.094
-90.1718
-89.2665
-88.3926
-87.5537
-86.7471
-85.9668
-85.2045
-84.4508
-83.6947
-82.9236
-82.1222
-81.2705
-80.3407
-79.2919
-78.0576
-76.5188
-74.4307
-71.1697
-64.4744
-38.0076
48.4417
49.3643
44.5295
29.6216
7.75118
-6.40248
-17.2319
-28.2954
-38.9919
-62.9632
-93.2637
-94.9182
-94.9503
-94.9178
-94.8351
-94.6696
-94.372
-93.8993
-93.2436
-92.4408
-91.5495
-90.625
-89.706
-88.8135
-87.9555
-87.1316
-86.3371
-85.5644
-84.8047
-84.0477
-83.2816
-82.4924
-81.6621
-80.7671
-79.7728
-78.6259
-77.2349
-75.4234
-72.7859
-68.092
-55.065
23.4799
49.8724
47.5301
36.9647
15.78
-2.07751
-13.6385
-24.5433
-34.7774
-52.5633
-88.1277
-94.8231
-94.9502
-94.9312
-94.8663
-94.7324
-94.4862
-94.0816
-93.4962
-92.7487
-91.8896
-90.9759
-90.0528
-89.1484
-88.2756
-87.4374
-86.6308
-85.8493
-85.0847
-84.3272
-83.5657
-82.7871
-81.9752
-81.1088
-80.1585
-79.0795
-77.7984
-76.1806
-73.9399
-70.3099
-62.2288
-23.7603
49.1278
49.36
44.3668
28.9974
6.89663
-7.03398
-17.8224
-28.9105
-40.1175
-65.7779
-93.7356
-94.9265
-94.948
-94.911
-94.8209
-94.6421
-94.3238
-93.824
-93.14
-92.313
-91.4047
-90.47
-89.5461
-88.6521
-87.7943
-86.9712
-86.1772
-85.4042
-84.6429
-83.8826
-83.111
-82.3132
-81.4704
-80.5569
-79.535
-78.3455
-76.8842
-74.9442
-72.0268
-66.4868
-48.4394
42.9491
49.5251
45.3456
31.4684
9.55867
-5.3124
-16.2831
-27.3234
-37.318
-58.7645
-92.0583
-94.8956
-94.9508
-94.9233
-94.8475
-94.6942
-94.417
-93.9718
-93.3451
-92.5654
-91.6872
-90.7661
-89.8432
-88.9427
-88.0748
-87.2407
-86.4368
-85.6559
-84.8895
-84.1274
-83.3581
-82.5677
-81.7387
-80.8479
-79.8622
-78.7302
-77.3653
-75.6019
-73.0675
-68.666
-57.1467
11.699
49.966
48.7586
41.0077
21.734
0.991169
-11.2948
-22
-32.8351
-48.0899
-82.524
-94.7035
-94.9472
-94.9358
-94.8778
-94.7548
-94.5247
-94.139
-93.5697
-92.8306
-91.9713
-91.051
-90.1182
-89.2031
-88.3203
-87.4732
-86.6592
-85.8718
-85.1024
-84.3413
-83.5773
-82.7972
-81.9848
-81.1191
-80.1708
-79.0956
-77.8211
-76.2152
-73.9977
-70.4248
-62.5669
-26.1278
48.481
49.3408
44.3338
28.9831
6.93419
-6.99392
-17.7814
-28.8659
-40.0331
-65.5697
-93.7084
-94.9261
-94.948
-94.9111
-94.8211
-94.6425
-94.3241
-93.8238
-93.1382
-92.3085
-91.3965
-90.4578
-89.5298
-88.6318
-87.7702
-86.9437
-86.1465
-85.3705
-84.6063
-83.8431
-83.0684
-82.2671
-81.4201
-80.501
-79.4716
-78.2709
-76.7914
-74.8177
-71.8245
-66.0395
-46.3503
45.2721
49.4777
45.1019
30.9115
9.0028
-5.63826
-16.5636
-27.6123
-37.8042
-59.9753
-92.4812
-94.9031
-94.9505
-94.9212
-94.8429
-94.685
-94.3999
-93.9437
-93.3046
-92.5133
-91.626
-90.6984
-89.7713
-88.8678
-87.9978
-87.162
-86.3562
-85.5732
-84.8041
-84.0388
-83.2652
-82.4689
-81.6321
-80.7305
-79.7292
-78.5738
-77.1712
-75.3407
-72.6649
-67.8607
-54.2323
27.2926
49.8118
47.039
35.5958
14.0547
-2.93533
-14.3217
-25.2727
-35.2571
-53.7156
-89.15
-94.8425
-94.9502
-94.9291
-94.8614
-94.7224
-94.4676
-94.0509
-93.4512
-92.6894
-91.8175
-90.8932
-89.9612
-89.0492
-88.1696
-87.3251
-86.5122
-85.7242
-84.9525
-84.1871
-83.4162
-82.6262
-81.8
-80.9148
-79.9386
-78.8222
-77.4829
-75.7658
-73.3266
-69.1841
-58.9017
-0.143857
49.9708
49.32
43.5236
26.459
4.13094
-9.04955
-19.701
-30.7739
-43.7253
-74.2546
-94.4229
-94.9399
-94.9408
-94.8915
-94.7815
-94.5707
-94.2083
-93.6597
-92.9331
-92.0762
-91.1509
-90.2091
-89.2839
-88.3916
-87.5364
-86.7159
-85.9235
-85.1508
-84.3878
-83.6234
-82.8444
-82.0351
-81.1745
-80.2343
-79.1717
-77.9173
-76.3453
-74.1931
-70.7782
-63.5189
-32.3618
48.6894
49.3272
44.3166
29.0658
7.13896
-6.82094
-17.6133
-28.6877
-39.7009
-64.7418
-93.5865
-94.924
-94.9487
-94.913
-94.825
-94.6498
-94.3367
-93.8425
-93.1622
-92.3354
-91.4235
-90.4826
-89.551
-88.6488
-87.783
-86.9524
-86.1515
-85.3723
-84.6053
-83.8397
-83.0629
-82.2599
-81.4113
-80.4909
-79.4601
-78.2578
-76.776
-74.7982
-71.7953
-65.9777
-46.0583
45.5156
49.472
45.0731
30.8464
8.93878
-5.67595
-16.5961
-27.6457
-37.8609
-60.1179
-92.5266
-94.9039
-94.9503
-94.9206
-94.8416
-94.6823
-94.3948
-93.9348
-93.2908
-92.4942
-91.6017
-90.6694
-89.7382
-88.8313
-87.9582
-87.1198
-86.3115
-85.5261
-84.7546
-83.9864
-83.2096
-82.4094
-81.5676
-80.6593
-79.6486
-78.4793
-77.054
-75.1825
-72.4178
-67.3502
-52.2224
34.7517
49.6737
46.1488
33.3414
11.4896
-4.24988
-15.3912
-26.3984
-35.9212
-55.3306
-90.3415
-94.8653
-94.9506
-94.9269
-94.856
-94.7109
-94.446
-94.0154
-93.4005
-92.6257
-91.7446
-90.8147
-89.88
-88.9666
-88.0863
-87.241
-86.427
-85.6374
-84.8633
-84.0944
-83.3189
-82.5226
-81.6877
-80.7906
-79.7973
-78.6553
-77.2755
-75.4868
-72.8997
-68.3504
-56.0798
17.969
49.9332
48.1749
38.9231
18.4486
-0.77543
-12.6322
-23.4608
-34.0041
-50.7468
-86.1841
-94.7839
-94.9486
-94.9319
-94.8684
-94.7362
-94.4918
-94.0874
-93.4982
-92.7419
-91.8697
-90.9406
-90.0018
-89.0823
-88.1957
-87.3451
-86.5272
-85.7352
-84.9606
-84.1931
-83.421
-82.6306
-81.8048
-80.921
-79.9473
-78.835
-77.5024
-75.7968
-73.3807
-69.2979
-59.2856
-2.92894
49.966
49.3817
43.8708
27.212
4.73767
-8.63429
-19.3215
-30.4157
-43.0112
-72.6631
-94.339
-94.9376
-94.9414
-94.8935
-94.7855
-94.5776
-94.2182
-93.6717
-92.9449
-92.0855
-91.1563
-90.21
-89.2804
-88.3841
-87.5257
-86.7025
-85.9079
-85.1334
-84.3691
-83.6034
-82.8234
-82.0131
-81.1513
-80.2097
-79.1449
-77.887
-76.3089
-74.1443
-70.6977
-63.317
-31.1037
48.6621
49.3249
44.296
28.9949
7.04616
-6.88962
-17.6776
-28.7544
-39.8233
-65.0481
-93.6337
-94.9248
-94.9482
-94.9118
-94.8226
-94.6452
-94.3284
-93.8291
-93.143
-92.3104
-91.3935
-90.4485
-89.5138
-88.6092
-87.7415
-86.9094
-86.1072
-85.3268
-84.5585
-83.7913
-83.0126
-82.2069
-81.3547
-80.4292
-79.391
-78.1767
-76.6749
-74.659
-71.568
-65.4576
-43.457
47.0946
49.4277
44.8466
30.3302
8.42902
-5.98435
-16.8648
-27.9214
-38.336
-61.311
-92.8721
-94.9102
-94.9498
-94.9185
-94.8369
-94.673
-94.3777
-93.9067
-93.25
-92.4416
-91.5398
-90.6012
-89.6662
-88.757
-87.8827
-87.0433
-86.2341
-85.4476
-84.6743
-83.9036
-83.1232
-82.318
-81.4691
-80.5506
-79.525
-78.3326
-76.8695
-74.9286
-72.0107
-66.4698
-48.4087
42.9714
49.5236
45.3366
31.4423
9.52601
-5.33393
-16.3025
-27.3439
-37.3527
-58.8507
-92.0905
-94.8959
-94.9503
-94.9219
-94.8446
-94.6884
-94.4056
-93.9517
-93.3132
-92.5196
-91.6269
-90.6917
-89.7559
-88.8437
-87.9651
-87.1214
-86.3081
-85.5182
-84.7424
-83.9703
-83.1896
-82.3856
-81.5398
-80.6268
-79.6105
-78.4335
-76.9967
-75.1053
-72.2981
-67.1026
-51.2145
37.5644
49.6212
45.8519
32.6302
10.7312
-4.6608
-15.734
-26.756
-36.3877
-56.4684
-91.0093
-94.8769
-94.9504
-94.925
-94.8517
-94.7023
-94.4306
-93.9907
-93.3661
-92.5826
-91.695
-90.7606
-89.8227
-88.907
-88.0247
-87.1774
-86.3613
-85.5691
-84.7919
-84.0192
-83.239
-82.4366
-81.5937
-80.6858
-79.6774
-78.513
-77.0973
-75.2445
-72.522
-67.5814
-53.191
31.4224
49.7357
46.5194
34.2411
12.4627
-3.74845
-14.9817
-25.9708
-35.6809
-54.7442
-89.9375
-94.8573
-94.9501
-94.9271
-94.8566
-94.7125
-94.4491
-94.0201
-93.4063
-92.6307
-91.747
-90.8132
-89.8737
-88.9555
-88.0704
-87.2207
-86.4027
-85.6093
-84.8316
-84.0593
-83.2802
-82.4799
-81.6404
-80.7377
-79.7369
-78.5844
-77.188
-75.3701
-72.722
-67.9988
-54.8126
24.538
49.8559
47.3806
36.5159
15.167
-2.39932
-13.8993
-24.8253
-34.9696
-53.0237
-88.5512
-94.8306
-94.9494
-94.9289
-94.8612
-94.722
-94.4665
-94.0477
-93.4439
-92.6758
-91.7958
-90.8625
-89.9218
-89.0014
-88.1142
-87.2629
-86.4437
-85.65
-84.8726
-84.1014
-83.3244
-82.5274
-81.6926
-80.7964
-79.8051
-78.6668
-77.2932
-75.5155
-72.9513
-68.465
-56.5159
15.3846
49.9507
48.436
39.8002
19.753
-0.11526
-12.1314
-22.9172
-33.5864
-49.7844
-84.9759
-94.7585
-94.9478
-94.9324
-94.87
-94.7393
-94.4968
-94.0941
-93.5053
-92.7474
-91.8717
-90.9382
-89.9946
-89.0706
-88.1802
-87.3263
-86.5057
-85.7116
-84.9352
-84.166
-83.3924
-82.6005
-81.7731
-80.8871
-79.9107
-78.7941
-77.4546
-75.7364
-73.2938
-69.1388
-58.7921
0.51729
49.9714
49.299
43.4024
26.1817
3.89584
-9.21756
-19.8566
-30.9205
-44.0224
-74.8988
-94.4528
-94.9403
-94.9397
-94.8888
-94.776
-94.5605
-94.1911
-93.6336
-92.8969
-92.0303
-91.0963
-90.1471
-89.2159
-88.3186
-87.4594
-86.6355
-85.8401
-85.0645
-84.2985
-83.5307
-82.7475
-81.9326
-81.0645
-80.1135
-79.0348
-77.7546
-76.1383
-73.8981
-70.2645
-62.1571
-23.4347
49.1829
49.3572
44.3279
28.8636
6.72544
-7.15946
-17.9395
-29.0309
-40.3411
-66.3316
-93.8078
-94.9275
-94.9466
-94.9077
-94.8141
-94.6289
-94.3003
-93.7861
-93.0846
-92.2392
-91.3131
-90.3628
-89.4255
-88.5201
-87.6527
-86.8214
-86.02
-85.2402
-84.4721
-83.7043
-82.924
-82.1154
-81.2584
-80.3252
-79.2747
-78.0406
-76.5044
-74.4221
-71.1741
-64.5195
-38.3634
48.3874
49.3633
44.5159
29.568
7.67469
-6.45927
-17.285
-28.3512
-39.0924
-63.2149
-93.313
-94.9186
-94.9491
-94.915
-94.8295
-94.6583
-94.3512
-93.864
-93.1893
-92.3647
-91.451
-90.5051
-89.5664
-88.6562
-87.7822
-86.9436
-86.1353
-85.349
-84.5753
-83.8032
-83.02
-82.2101
-81.3538
-80.4243
-79.3818
-78.1627
-76.6545
-74.6286
-71.5169
-65.34
-42.86
47.3379
49.4185
44.7988
30.2193
8.31793
-6.05351
-16.9258
-27.984
-38.445
-61.5851
-92.9435
-94.9114
-94.9496
-94.9177
-94.8352
-94.6694
-94.371
-93.8954
-93.2329
-92.4183
-91.5107
-90.5669
-89.6272
-88.7141
-87.8361
-86.9932
-86.1805
-85.3902
-84.6127
-83.8373
-83.0513
-82.2392
-81.3815
-80.4513
-79.4092
-78.1925
-76.6899
-74.6765
-71.5963
-65.5295
-43.8592
46.9028
49.4333
44.8729
30.385
8.47711
-5.95711
-16.8417
-27.8982
-38.296
-61.2098
-92.8447
-94.9096
-94.9496
-94.9182
-94.8363
-94.6717
-94.3752
-93.9022
-93.2426
-92.4303
-91.5238
-90.5801
-89.6396
-88.725
-87.8451
-87.0002
-86.1853
-85.3928
-84.6133
-83.8358
-83.0475
-82.2332
-81.3729
-80.44
-79.3945
-78.1733
-76.6641
-74.6394
-71.5349
-65.3892
-43.1495
47.2181
49.4223
44.8165
30.2556
8.34919
-6.03576
-16.9107
-27.9689
-38.419
-61.5196
-92.9263
-94.9111
-94.9496
-94.9177
-94.8352
-94.6695
-94.3712
-93.8958
-93.2336
-92.4189
-91.5106
-90.5655
-89.6239
-88.7084
-87.8277
-86.9819
-86.166
-85.3723
-84.5913
-83.812
-83.0216
-82.2044
-81.3406
-80.4028
-79.3507
-78.1195
-76.5942
-74.5401
-71.3688
-64.9972
-41.0727
47.8917
49.3937
44.6704
29.9224
8.02254
-6.23887
-17.0896
-28.1517
-38.7392
-62.3254
-93.1222
-94.9148
-94.9493
-94.9164
-94.8324
-94.664
-94.3613
-93.8799
-93.2111
-92.3906
-91.4781
-90.5304
-89.5875
-88.6713
-87.7903
-86.9441
-86.1277
-85.3332
-84.5508
-83.7696
-82.9765
-82.1556
-81.2866
-80.3416
-79.2791
-78.032
-76.4807
-74.3777
-71.0925
-64.3239
-37.288
48.5054
49.3529
44.4608
29.4362
7.54038
-6.54746
-17.3643
-28.4323
-39.2377
-63.5797
-93.3841
-94.9199
-94.9489
-94.9143
-94.8279
-94.6551
-94.3454
-93.8546
-93.1756
-92.3464
-91.4276
-90.4762
-89.5316
-88.6148
-87.7338
-86.8876
-86.071
-85.2757
-84.4919
-83.7084
-82.9118
-82.0859
-81.21
-80.2551
-79.1778
-77.9083
-76.3191
-74.1438
-70.6863
-63.2895
-30.9747
48.6624
49.3241
44.2907
28.9796
7.02812
-6.90241
-17.6894
-28.7665
-39.8454
-65.1028
-93.6417
-94.9248
-94.948
-94.9112
-94.8213
-94.6424
-94.3231
-93.8196
-93.1274
-92.287
-91.3606
-90.4051
-89.4588
-88.542
-87.6615
-86.8161
-85.9999
-85.2044
-84.4197
-83.634
-82.834
-82.003
-81.1194
-80.1532
-79.0593
-77.7632
-76.1289
-73.8656
-70.192
-61.9548
-22.0806
49.4094
49.3688
44.3399
28.8374
6.65365
-7.22062
-17.999
-29.0935
-40.4594
-66.6211
-93.8422
-94.928
-94.9463
-94.9069
-94.8123
-94.6256
-94.2944
-93.7767
-93.0709
-92.2202
-91.2879
-90.3302
-89.3845
-88.4697
-87.5918
-86.7491
-85.9354
-85.1419
-84.3585
-83.5735
-82.7732
-81.9407
-81.054
-80.0823
-78.9793
-77.6681
-76.0065
-73.6881
-69.8723
-61.0474
-15.6918
49.847
49.4319
44.4431
28.8075
6.39127
-7.46193
-18.2382
-29.3469
-40.9433
-67.8013
-93.9691
-94.9298
-94.9447
-94.9031
-94.8048
-94.6117
-94.2717
-93.7441
-93.0299
-92.1741
-91.24
-90.2832
-89.34
-88.4287
-87.5548
-86.7162
-85.9065
-85.117
-84.3374
-83.5562
-82.7597
-81.931
-81.0483
-80.0809
-78.9828
-77.6776
-76.0243
-73.7197
-69.9347
-61.231
-16.9943
49.8039
49.4193
44.4214
28.8109
6.44109
-7.41557
-18.1921
-29.2982
-40.8497
-67.5748
-93.9464
-94.9295
-94.9451
-94.9039
-94.8063
-94.6146
-94.2765
-93.7512
-93.0394
-92.1858
-91.2537
-90.2986
-89.3571
-88.4475
-87.5754
-86.7387
-85.9312
-85.1443
-84.3677
-83.5899
-82.7976
-81.9741
-81.098
-80.1395
-79.0537
-77.7669
-76.1442
-73.898
-70.2582
-62.1403
-23.3317
49.2022
49.3568
44.3195
28.8339
6.68737
-7.18746
-17.9656
-29.0577
-40.3911
-66.4538
-93.8225
-94.9277
-94.9466
-94.9075
-94.8137
-94.6282
-94.2989
-93.7839
-93.0814
-92.2342
-91.3056
-90.3517
-89.4097
-88.4989
-87.6252
-86.787
-85.9782
-85.1902
-84.413
-83.6352
-82.8434
-82.0213
-81.1477
-80.1934
-79.1142
-77.8384
-76.2351
-74.0279
-70.4857
-62.7527
-27.4401
48.4335
49.3308
44.2949
28.9099
6.87893
-7.02561
-17.8084
-28.8921
-40.08
-65.6864
-93.7245
-94.9262
-94.9474
-94.9097
-94.8182
-94.6366
-94.3132
-93.8049
-93.1085
-92.2655
-91.3389
-90.3849
-89.4417
-88.5288
-87.6527
-86.812
-86.0005
-85.21
-84.4304
-83.6501
-82.856
-82.0315
-81.1556
-80.1988
-79.117
-77.8381
-76.2308
-74.0174
-70.4626
-62.6853
-26.9845
48.3891
49.3328
44.3009
28.9126
6.87004
-7.03501
-17.818
-28.9025
-40.0999
-65.7354
-93.7311
-94.9263
-94.9474
-94.9096
-94.8179
-94.636
-94.312
-93.803
-93.1057
-92.2618
-91.3341
-90.3792
-89.435
-88.5209
-87.6436
-86.8014
-85.9884
-85.1961
-84.4143
-83.6317
-82.8346
-82.0067
-81.1263
-80.1636
-79.0738
-77.7829
-76.1561
-73.9055
-70.2602
-62.1301
-23.2271
49.2232
49.3581
44.3243
28.8444
6.6973
-7.18091
-17.9597
-29.0518
-40.3802
-66.4268
-93.8192
-94.9277
-94.9466
-94.9077
-94.8139
-94.6285
-94.2994
-93.7843
-93.0813
-92.2333
-91.3034
-90.3476
-89.4033
-88.4898
-87.613
-86.7713
-85.9586
-85.1663
-84.3841
-83.6007
-82.8023
-81.9722
-81.0887
-80.1215
-79.0248
-77.7231
-76.0777
-73.7903
-70.0524
-61.5474
-19.1731
49.6928
49.3979
44.388
28.8293
6.54218
-7.32479
-18.1026
-29.2038
-40.6694
-67.1354
-93.9001
-94.9288
-94.9457
-94.9054
-94.8094
-94.6202
-94.2856
-93.7642
-93.0557
-92.2041
-91.2727
-90.317
-89.3739
-88.462
-87.5872
-86.7475
-85.9367
-85.1462
-84.3657
-83.5838
-82.7868
-81.9579
-81.0753
-80.1088
-79.0124
-77.7103
-76.0633
-73.7716
-70.0207
-61.459
-18.5511
49.7306
49.4041
44.3975
28.8237
6.51268
-7.35121
-18.1287
-29.2312
-40.7217
-67.2631
-93.9139
-94.929
-94.9455
-94.905
-94.8086
-94.6188
-94.2833
-93.7611
-93.052
-92.2004
-91.2693
-90.3144
-89.3724
-88.4619
-87.5885
-86.7504
-85.9412
-85.1524
-84.3739
-83.5941
-82.7994
-81.9734
-81.0943
-80.1322
-79.0417
-77.7482
-76.1151
-73.8497
-70.1637
-61.8628
-21.3694
49.4958
49.3754
44.3489
28.8273
6.6168
-7.25305
-18.0308
-29.1271
-40.5232
-66.7783
-93.8605
-94.9283
-94.9462
-94.9066
-94.8119
-94.6248
-94.2932
-93.7755
-93.0706
-92.2218
-91.2924
-90.3382
-89.3963
-88.4855
-87.6118
-86.7733
-85.964
-85.1753
-84.397
-83.6178
-82.8241
-81.9996
-81.1226
-80.1637
-79.0781
-77.7922
-76.1722
-73.9325
-70.3106
-62.2665
-24.1382
49.0311
49.3503
44.3136
28.8513
6.73082
-7.15089
-17.9301
-29.0204
-40.3207
-66.2812
-93.8015
-94.9275
-94.9468
-94.9082
-94.815
-94.6306
-94.3029
-93.7897
-93.0886
-92.2426
-91.3143
-90.3602
-89.4175
-88.5055
-87.6305
-86.7907
-85.98
-85.19
-84.4106
-83.6302
-82.8355
-82.0101
-81.1323
-80.1728
-79.0867
-77.8007
-76.1811
-73.9431
-70.327
-62.3077
-24.4117
48.9672
49.3482
44.3123
28.8587
6.74691
-7.13762
-17.9173
-29.007
-40.2955
-66.2185
-93.7937
-94.9273
-94.9469
-94.9084
-94.8154
-94.6313
-94.304
-93.7912
-93.0905
-92.2445
-91.316
-90.3614
-89.4181
-88.5053
-87.6293
-86.7885
-85.9768
-85.1856
-84.4048
-83.623
-82.8266
-81.9992
-81.119
-80.1563
-79.066
-77.7737
-76.144
-73.887
-70.2246
-62.0241
-22.4659
49.3498
49.3651
44.3343
28.8387
6.6667
-7.20852
-17.987
-29.0808
-40.4351
-66.5616
-93.8354
-94.928
-94.9465
-94.9074
-94.8133
-94.6274
-94.2975
-93.7817
-93.0781
-92.23
-91.3004
-90.3453
-89.4019
-88.4894
-87.6136
-86.773
-85.9613
-85.17
-84.3889
-83.6066
-82.8094
-81.9807
-81.0987
-80.1334
-79.0392
-77.7409
-76.101
-73.8237
-70.1105
-61.7039
-20.2429
49.6105
49.387
44.3696
28.8311
6.58237
-7.28701
-18.065
-29.1638
-40.5932
-66.95
-93.8798
-94.9286
-94.946
-94.9061
-94.8108
-94.6228
-94.2899
-93.7706
-93.064
-92.214
-91.2835
-90.3285
-89.3857
-88.4741
-87.5994
-86.7598
-85.9491
-85.1588
-84.3786
-83.597
-82.8005
-81.9724
-81.0909
-80.1259
-79.0317
-77.7331
-76.0921
-73.8119
-70.0903
-61.6477
-19.8471
49.6432
49.3909
44.3757
28.8283
6.56471
-7.3031
-18.0809
-29.1806
-40.6253
-67.0279
-93.8885
-94.9287
-94.9459
-94.9059
-94.8104
-94.622
-94.2886
-93.7687
-93.0617
-92.2115
-91.2813
-90.3266
-89.3845
-88.4736
-87.5997
-86.761
-85.9512
-85.1618
-84.3827
-83.6023
-82.8072
-81.9806
-81.101
-80.1384
-79.0475
-77.7535
-76.12
-73.854
-70.1674
-61.865
-21.3598
49.4967
49.3756
44.3499
28.83
6.61959
-7.25111
-18.029
-29.1253
-40.5199
-66.7701
-93.8596
-94.9283
-94.9463
-94.9068
-94.8121
-94.6252
-94.2939
-93.7764
-93.0716
-92.223
-91.2937
-90.3394
-89.3973
-88.4862
-87.6122
-86.7733
-85.9635
-85.1742
-84.3953
-83.6153
-82.8206
-81.995
-81.1166
-80.1559
-79.0677
-77.778
-76.1518
-73.9003
-70.2497
-62.0924
-22.9269
49.2742
49.3607
44.3273
28.839
6.68125
-7.19474
-17.9732
-29.0661
-40.4071
-66.4931
-93.8272
-94.9279
-94.9466
-94.9076
-94.8139
-94.6285
-94.2993
-93.7844
-93.0818
-92.2347
-91.306
-90.3517
-89.4092
-88.4975
-87.6227
-86.7831
-85.9725
-85.1825
-84.4029
-83.6223
-82.8271
-82.0009
-81.1221
-80.161
-79.0726
-77.7829
-76.1569
-73.9065
-70.2594
-62.1172
-23.0943
49.2451
49.3593
44.3257
28.8421
6.6901
-7.18714
-17.9658
-29.0582
-40.3923
-66.4568
-93.8229
-94.9278
-94.9467
-94.9078
-94.8141
-94.6289
-94.3
-93.7854
-93.083
-92.2359
-91.307
-90.3525
-89.4096
-88.4974
-87.6221
-86.7819
-85.9707
-85.18
-84.3997
-83.6182
-82.8221
-81.9947
-81.1145
-80.1516
-79.0608
-77.7675
-76.1358
-73.8745
-70.2009
-61.9545
-21.9723
49.42
49.3698
44.3415
28.8359
6.64732
-7.22627
-18.0046
-29.0994
-40.4706
-66.6489
-93.8455
-94.9281
-94.9464
-94.9072
-94.8129
-94.6267
-94.2963
-93.7799
-93.0759
-92.2276
-91.2981
-90.3433
-89.4004
-88.4884
-87.6132
-86.7731
-85.962
-85.1712
-84.3907
-83.609
-82.8124
-81.9844
-81.1033
-80.139
-79.046
-77.7494
-76.1121
-73.8397
-70.1383
-61.7787
-20.7494
49.5628
49.3819
44.361
28.8318
6.60088
-7.26951
-18.0475
-29.1452
-40.5578
-66.8636
-93.8701
-94.9285
-94.9462
-94.9065
-94.8115
-94.6241
-94.2921
-93.7738
-93.0682
-92.2188
-91.2889
-90.3341
-89.3916
-88.48
-87.6054
-86.7659
-85.9554
-85.1652
-84.3852
-83.6039
-82.8078
-81.9802
-81.0993
-80.1353
-79.0424
-77.7458
-76.1082
-73.8347
-70.13
-61.7557
-20.5895
49.5783
49.3834
44.3633
28.8302
6.5933
-7.27631
-18.0542
-29.1523
-40.5713
-66.8967
-93.8739
-94.9285
-94.9461
-94.9064
-94.8114
-94.6238
-94.2916
-93.773
-93.0673
-92.2179
-91.2881
-90.3336
-89.3913
-88.4802
-87.606
-86.767
-85.9569
-85.1673
-84.3879
-83.6073
-82.8119
-81.9851
-81.1054
-80.1427
-79.0517
-77.7578
-76.1245
-73.8592
-70.1746
-61.8815
-21.4633
49.4844
49.3747
44.3487
28.8317
6.62514
-7.2463
-18.0243
-29.1204
-40.5105
-66.7469
-93.8569
-94.9283
-94.9463
-94.9069
-94.8123
-94.6256
-94.2946
-93.7775
-93.073
-92.2246
-91.2953
-90.3409
-89.3987
-88.4875
-87.6132
-86.7741
-85.9639
-85.1743
-84.395
-83.6145
-82.8194
-81.9932
-81.1141
-80.1524
-79.0629
-77.7713
-76.1421
-73.8848
-70.2201
-62.0077
-22.3344
49.3685
49.3662
44.3356
28.8359
6.65888
-7.21521
-17.9935
-29.0876
-40.4481
-66.5936
-93.8391
-94.928
-94.9465
-94.9074
-94.8133
-94.6275
-94.2977
-93.7819
-93.0787
-92.2311
-91.3021
-90.3477
-89.4053
-88.4936
-87.6189
-86.7794
-85.9688
-85.1787
-84.3991
-83.6182
-82.8228
-81.9962
-81.1168
-80.1548
-79.0651
-77.7734
-76.1441
-73.887
-70.2233
-62.0154
-22.3861
49.361
49.3658
44.3352
28.8372
6.66217
-7.21244
-17.9908
-29.0848
-40.4427
-66.5805
-93.8376
-94.928
-94.9465
-94.9074
-94.8134
-94.6276
-94.2979
-93.7823
-93.0791
-92.2314
-91.3023
-90.3478
-89.4051
-88.4933
-87.6183
-86.7784
-85.9675
-85.1771
-84.3969
-83.6156
-82.8196
-81.9924
-81.1122
-80.1492
-79.058
-77.7642
-76.1315
-73.868
-70.1886
-61.9183
-21.7148
49.4536
49.3723
44.3454
28.8347
6.63718
-7.2356
-18.0138
-29.1093
-40.4893
-66.6949
-93.8509
-94.9282
-94.9464
-94.9071
-94.8127
-94.6263
-94.2957
-93.779
-93.0748
-92.2265
-91.2971
-90.3424
-89.3998
-88.488
-87.6131
-86.7733
-85.9624
-85.172
-84.3918
-83.6104
-82.8141
-81.9865
-81.1059
-80.1421
-79.0498
-77.7542
-76.1185
-73.8488
-70.1543
-61.822
-21.044
49.532
49.3789
44.3561
28.8323
6.61162
-7.25938
-18.0374
-29.1344
-40.5373
-66.813
-93.8645
-94.9284
-94.9463
-94.9067
-94.812
-94.6249
-94.2934
-93.7757
-93.0706
-92.2217
-91.292
-90.3374
-89.3949
-88.4835
-87.6089
-86.7694
-85.9589
-85.1688
-84.389
-83.6078
-82.8118
-81.9845
-81.104
-80.1404
-79.0483
-77.7529
-76.1171
-73.8474
-70.1521
-61.8161
-21.0032
49.5363
49.3793
44.3565
28.8315
6.60919
-7.26148
-18.0395
-29.1366
-40.5414
-66.8231
-93.8656
-94.9284
-94.9462
-94.9067
-94.8119
-94.6248
-94.2933
-93.7755
-93.0704
-92.2216
-91.292
-90.3375
-89.3952
-88.4839
-87.6096
-86.7704
-85.9601
-85.1703
-84.3908
-83.61
-82.8144
-81.9876
-81.1077
-80.1449
-79.0539
-77.76
-76.1269
-73.862
-70.1786
-61.8905
-21.5206
49.4775
49.3741
44.3481
28.8326
6.62814
-7.24367
-18.0218
-29.1177
-40.5053
-66.7343
-93.8554
-94.9283
-94.9464
-94.907
-94.8125
-94.6259
-94.2951
-93.7782
-93.0738
-92.2255
-91.2962
-90.3418
-89.3995
-88.4882
-87.6138
-86.7745
-85.9642
-85.1743
-84.3948
-83.6141
-82.8187
-81.9921
-81.1126
-80.1503
-79.0601
-77.7675
-76.1365
-73.876
-70.2035
-61.96
-22.0017
49.4156
49.3695
44.3407
28.8348
6.64678
-7.22648
-18.0047
-29.0995
-40.4708
-66.6494
-93.8456
-94.9281
-94.9465
-94.9072
-94.8131
-94.627
-94.2968
-93.7806
-93.077
-92.2291
-91.3
-90.3456
-89.4031
-88.4915
-87.6169
-86.7773
-85.9668
-85.1767
-84.3969
-83.616
-82.8204
-81.9935
-81.1138
-80.1514
-79.061
-77.7682
-76.137
-73.8762
-70.2034
-61.9591
-21.9951
49.4165
49.3695
44.341
28.8354
6.64725
-7.22619
-18.0044
-29.0993
-40.4703
-66.6482
-93.8455
-94.9281
-94.9465
-94.9073
-94.8131
-94.627
-94.2968
-93.7807
-93.077
-92.229
-91.2998
-90.3454
-89.4028
-88.4911
-87.6162
-86.7765
-85.9658
-85.1755
-84.3955
-83.6143
-82.8184
-81.9911
-81.111
-80.1479
-79.0566
-77.7626
-76.1294
-73.8648
-70.1825
-61.9004
-21.5867
49.4696
49.3735
44.3474
28.834
6.63204
-7.24032
-18.0185
-29.1142
-40.4988
-66.7182
-93.8536
-94.9283
-94.9464
-94.907
-94.8126
-94.6262
-94.2955
-93.7787
-93.0744
-92.2261
-91.2966
-90.3421
-89.3996
-88.4879
-87.6132
-86.7735
-85.9628
-85.1725
-84.3925
-83.6113
-82.8152
-81.9879
-81.1074
-80.1439
-79.0521
-77.7571
-76.1222
-73.8543
-70.1638
-61.8478
-21.2208
49.5126
49.3771
44.3532
28.8327
6.61809
-7.2533
-18.0314
-29.128
-40.525
-66.7826
-93.861
-94.9284
-94.9463
-94.9068
-94.8122
-94.6254
-94.2942
-93.7768
-93.0721
-92.2234
-91.2939
-90.3394
-89.3969
-88.4855
-87.6109
-86.7715
-85.961
-85.1709
-84.3911
-83.61
-82.8141
-81.9869
-81.1066
-80.1433
-79.0516
-77.7568
-76.1221
-73.8544
-70.1643
-61.8494
-21.2318
49.5113
49.377
44.3529
28.8323
6.61798
-7.2533
-18.0314
-29.1279
-40.5249
-66.7824
-93.861
-94.9284
-94.9463
-94.9068
-94.8122
-94.6254
-94.2943
-93.7769
-93.0722
-92.2236
-91.2942
-90.3397
-89.3974
-88.486
-87.6116
-86.7723
-85.9619
-85.172
-84.3923
-83.6115
-82.8158
-81.9889
-81.109
-80.1461
-79.0551
-77.7612
-76.128
-73.8632
-70.1802
-61.8942
-21.5436
49.4747
49.3739
44.3478
28.8331
6.62946
-7.24254
-18.0206
-29.1165
-40.5031
-66.7289
-93.8548
-94.9283
-94.9464
-94.907
-94.8126
-94.6261
-94.2954
-93.7785
-93.0743
-92.226
-91.2967
-90.3423
-89.4
-88.4885
-87.614
-86.7747
-85.9643
-85.1743
-84.3947
-83.6138
-82.8183
-81.9914
-81.1117
-80.1491
-79.0585
-77.7653
-76.1333
-73.8709
-70.1938
-61.932
-21.8065
49.4416
49.3714
44.3438
28.8342
6.63963
-7.23314
-18.0113
-29.1066
-40.4842
-66.6824
-93.8494
-94.9282
-94.9464
-94.9072
-94.8129
-94.6266
-94.2963
-93.7799
-93.076
-92.228
-91.2987
-90.3444
-89.4019
-88.4904
-87.6157
-86.7762
-85.9656
-85.1755
-84.3957
-83.6147
-82.819
-81.9921
-81.1122
-80.1495
-79.0587
-77.7653
-76.1331
-73.8703
-70.1924
-61.9279
-21.7771
49.4455
49.3717
44.3443
28.8345
6.63896
-7.23385
-18.012
-29.1074
-40.4857
-66.6861
-93.8499
-94.9282
-94.9464
-94.9072
-94.8129
-94.6266
-94.2962
-93.7798
-93.0758
-92.2277
-91.2985
-90.344
-89.4015
-88.4899
-87.6152
-86.7755
-85.9649
-85.1747
-84.3948
-83.6136
-82.8177
-81.9906
-81.1104
-80.1473
-79.056
-77.7619
-76.1285
-73.8634
-70.1799
-61.8925
-21.53
49.4765
49.3741
44.3482
28.8337
6.62981
-7.24239
-18.0205
-29.1164
-40.5029
-66.7285
-93.8548
-94.9283
-94.9464
-94.907
-94.8126
-94.6261
-94.2954
-93.7786
-93.0743
-92.226
-91.2966
-90.3421
-89.3996
-88.488
-87.6133
-86.7738
-85.9632
-85.173
-84.3931
-83.6119
-82.816
-81.9887
-81.1084
-80.1451
-79.0535
-77.7589
-76.1245
-73.8577
-70.1697
-61.864
-21.3321
49.4999
49.376
44.3513
28.8329
6.62215
-7.24949
-18.0276
-29.1239
-40.5172
-66.7636
-93.8588
-94.9283
-94.9463
-94.9069
-94.8124
-94.6257
-94.2947
-93.7776
-93.073
-92.2245
-91.2951
-90.3406
-89.3982
-88.4867
-87.6122
-86.7727
-85.9622
-85.1722
-84.3924
-83.6113
-82.8155
-81.9883
-81.1082
-80.145
-79.0535
-77.759
-76.1249
-73.8584
-70.1711
-61.868
-21.3599
49.4966
49.3757
44.3508
28.8327
6.62285
-7.24876
-18.0268
-29.1231
-40.5157
-66.7598
-93.8584
-94.9283
-94.9464
-94.9069
-94.8124
-94.6258
-94.2948
-93.7777
-93.0733
-92.2248
-91.2954
-90.341
-89.3986
-88.4872
-87.6127
-86.7733
-85.9629
-85.1729
-84.3932
-83.6123
-82.8166
-81.9896
-81.1096
-80.1467
-79.0556
-77.7617
-76.1285
-73.8637
-70.1808
-61.8951
-21.5485
49.4741
49.3739
44.3478
28.8333
6.62991
-7.24218
-18.0203
-29.1161
-40.5024
-66.7272
-93.8546
-94.9283
-94.9464
-94.907
-94.8126
-94.6262
-94.2955
-93.7787
-93.0745
-92.2262
-91.297
-90.3426
-89.4002
-88.4887
-87.6142
-86.7747
-85.9643
-85.1743
-84.3946
-83.6136
-82.818
-81.991
-81.1111
-80.1484
-79.0575
-77.7639
-76.1314
-73.8679
-70.1881
-61.9156
-21.6907
49.4565
49.3725
44.3456
28.8339
6.63544
-7.23707
-18.0152
-29.1108
-40.4922
-66.7019
-93.8517
-94.9282
-94.9464
-94.9071
-94.8128
-94.6265
-94.296
-93.7794
-93.0754
-92.2273
-91.2981
-90.3437
-89.4012
-88.4897
-87.615
-86.7755
-85.965
-85.1749
-84.3951
-83.614
-82.8183
-81.9913
-81.1113
-80.1484
-79.0574
-77.7637
-76.1309
-73.8671
-70.1865
-61.911
-21.6585
49.4606
49.3728
44.3462
28.834
6.63442
-7.23805
-18.0162
-29.1118
-40.4942
-66.7068
-93.8523
-94.9283
-94.9464
-94.9071
-94.8128
-94.6264
-94.2959
-93.7793
-93.0752
-92.2271
-91.2978
-90.3434
-89.4009
-88.4893
-87.6146
-86.7751
-85.9645
-85.1743
-84.3944
-83.6133
-82.8175
-81.9903
-81.1102
-80.1471
-79.0558
-77.7617
-76.1282
-73.8629
-70.179
-61.8898
-21.5107
49.4788
49.3743
44.3485
28.8336
6.62899
-7.24314
-18.0213
-29.1172
-40.5044
-66.7321
-93.8552
-94.9283
-94.9464
-94.907
-94.8126
-94.6261
-94.2954
-93.7786
-93.0743
-92.226
-91.2967
-90.3422
-89.3997
-88.4882
-87.6136
-86.774
-85.9635
-85.1733
-84.3935
-83.6123
-82.8165
-81.9893
-81.1091
-80.1459
-79.0544
-77.76
-76.1261
-73.8599
-70.1736
-61.8746
-21.4051
49.4914
49.3753
44.3502
28.8331
6.62483
-7.24697
-18.0251
-29.1212
-40.5121
-66.7511
-93.8574
-94.9283
-94.9464
-94.907
-94.8125
-94.6259
-94.2951
-93.7781
-93.0737
-92.2253
-91.2959
-90.3414
-89.399
-88.4875
-87.613
-86.7735
-85.963
-85.1729
-84.3931
-83.6121
-82.8163
-81.9892
-81.109
-80.146
-79.0546
-77.7603
-76.1265
-73.8606
-70.175
-61.8788
-21.4341
49.4879
49.375
44.3497
28.8331
6.62579
-7.24605
-18.0242
-29.1203
-40.5103
-66.7465
-93.8569
-94.9283
-94.9464
-94.907
-94.8125
-94.626
-94.2952
-93.7782
-93.0739
-92.2255
-91.2962
-90.3417
-89.3994
-88.4879
-87.6134
-86.7739
-85.9635
-85.1734
-84.3937
-83.6127
-82.817
-81.99
-81.11
-80.147
-79.0559
-77.7619
-76.1287
-73.8639
-70.1809
-61.8951
-21.5478
49.4742
49.3739
44.3479
28.8334
6.63003
-7.2421
-18.0202
-29.1161
-40.5023
-66.7268
-93.8546
-94.9283
-94.9464
-94.9071
-94.8127
-94.6262
-94.2956
-93.7788
-93.0746
-92.2264
-91.2971
-90.3427
-89.4003
-88.4888
-87.6142
-86.7748
-85.9643
-85.1742
-84.3945
-83.6135
-82.8178
-81.9908
-81.1108
-80.148
-79.0569
-77.7632
-76.1302
-73.8661
-70.1848
-61.9061
-21.6242
49.4649
49.3731
44.3466
28.8337
6.63293
-7.2394
-18.0175
-29.1132
-40.4968
-66.7134
-93.853
-94.9283
-94.9464
-94.9071
-94.8128
-94.6264
-94.2958
-93.7792
-93.0751
-92.227
-91.2977
-90.3433
-89.4008
-88.4893
-87.6147
-86.7752
-85.9646
-85.1745
-84.3947
-83.6137
-82.8179
-81.9909
-81.1108
-80.1479
-79.0568
-77.7629
-76.1298
-73.8654
-70.1835
-61.9023
-21.5976
49.4682
49.3734
44.3471
28.8337
6.6321
-7.2402
-18.0184
-29.1141
-40.4985
-66.7175
-93.8535
-94.9283
-94.9464
-94.9071
-94.8127
-94.6263
-94.2958
-93.7791
-93.075
-92.2268
-91.2975
-90.343
-89.4006
-88.489
-87.6144
-86.7749
-85.9643
-85.1742
-84.3943
-83.6132
-82.8174
-81.9903
-81.1101
-80.1471
-79.0558
-77.7617
-76.1282
-73.863
-70.1791
-61.8899
-21.5107
49.4787
49.3743
44.3485
28.8336
6.62894
-7.24318
-18.0213
-29.1172
-40.5045
-66.7323
-93.8552
-94.9283
-94.9464
-94.907
-94.8126
-94.6262
-94.2955
-93.7787
-93.0744
-92.2261
-91.2968
-90.3424
-89.3999
-88.4884
-87.6138
-86.7743
-85.9637
-85.1736
-84.3938
-83.6127
-82.8168
-81.9897
-81.1095
-80.1465
-79.0551
-77.7608
-76.1271
-73.8614
-70.1762
-61.882
-21.4557
49.4853
49.3748
44.3494
28.8333
6.62678
-7.24517
-18.0233
-29.1193
-40.5085
-66.7422
-93.8564
-94.9283
-94.9464
-94.907
-94.8126
-94.626
-94.2953
-93.7784
-93.0741
-92.2258
-91.2964
-90.342
-89.3996
-88.4881
-87.6135
-86.774
-85.9635
-85.1734
-84.3936
-83.6126
-82.8168
-81.9897
-81.1096
-80.1466
-79.0553
-77.7611
-76.1275
-73.862
-70.1775
-61.8854
-21.4799
49.4824
49.3746
44.349
28.8333
6.6276
-7.24439
-18.0225
-29.1185
-40.5069
-66.7383
-93.8559
-94.9283
-94.9464
-94.907
-94.8126
-94.6261
-94.2954
-93.7785
-93.0743
-92.226
-91.2966
-90.3422
-89.3998
-88.4883
-87.6138
-86.7743
-85.9638
-85.1738
-84.394
-83.613
-82.8172
-81.9902
-81.1102
-80.1472
-79.056
-77.7621
-76.1288
-73.864
-70.181
-61.8952
-21.5481
49.4742
49.3739
44.3479
28.8335
6.63013
-7.24202
-18.0202
-29.116
-40.5021
-66.7265
-93.8546
-94.9283
-94.9464
-94.9071
-94.8127
-94.6262
-94.2956
-93.7789
-93.0747
-92.2265
-91.2972
-90.3428
-89.4004
-88.4889
-87.6143
-86.7748
-85.9643
-85.1742
-84.3944
-83.6134
-82.8177
-81.9906
-81.1106
-80.1477
-79.0566
-77.7627
-76.1297
-73.8652
-70.1831
-61.9012
-21.5894
49.4692
49.3735
44.3472
28.8336
6.63171
-7.24055
-18.0187
-29.1144
-40.4992
-66.7192
-93.8537
-94.9283
-94.9464
-94.9071
-94.8127
-94.6263
-94.2958
-93.7791
-93.075
-92.2268
-91.2975
-90.3431
-89.4007
-88.4891
-87.6145
-86.775
-85.9645
-85.1744
-84.3946
-83.6135
-82.8177
-81.9907
-81.1106
-80.1477
-79.0565
-77.7625
-76.1294
-73.8647
-70.1821
-61.8985
-21.5705
49.4715
49.3737
44.3476
28.8337
6.6311
-7.24114
-18.0193
-29.1151
-40.5004
-66.7222
-93.8541
-94.9283
-94.9464
-94.9071
-94.8127
-94.6263
-94.2957
-93.779
-93.0749
-92.2266
-91.2974
-90.3429
-89.4005
-88.489
-87.6143
-86.7748
-85.9642
-85.1741
-84.3943
-83.6132
-82.8174
-81.9903
-81.1102
-80.1472
-79.0559
-77.7618
-76.1284
-73.8633
-70.1796
-61.8913
-21.5205
49.4776
49.3742
44.3484
28.8336
6.62927
-7.24286
-18.021
-29.1169
-40.5039
-66.7307
-93.855
-94.9283
-94.9464
-94.907
-94.8127
-94.6262
-94.2955
-93.7788
-93.0746
-92.2263
-91.297
-90.3425
-89.4001
-88.4886
-87.614
-86.7745
-85.9639
-85.1738
-84.394
-83.6129
-82.8171
-81.99
-81.1099
-80.1468
-79.0555
-77.7614
-76.1278
-73.8625
-70.1782
-61.8873
-21.493
49.4809
49.3744
44.3488
28.8334
6.62819
-7.24386
-18.022
-29.118
-40.5059
-66.7357
-93.8556
-94.9283
-94.9464
-94.907
-94.8126
-94.6261
-94.2954
-93.7786
-93.0744
-92.2261
-91.2968
-90.3424
-89.3999
-88.4884
-87.6138
-86.7744
-85.9638
-85.1737
-84.3939
-83.6129
-82.8171
-81.99
-81.11
-80.147
-79.0557
-77.7616
-76.1282
-73.863
-70.1791
-61.89
-21.5116
49.4786
49.3743
44.3485
28.8335
6.62884
-7.24325
-18.0214
-29.1173
-40.5046
-66.7326
-93.8553
-94.9283
-94.9464
-94.907
-94.8127
-94.6262
-94.2955
-93.7787
-93.0745
-92.2263
-91.2969
-90.3425
-89.4001
-88.4886
-87.614
-86.7745
-85.964
-85.174
-84.3942
-83.6132
-82.8174
-81.9903
-81.1103
-80.1473
-79.0562
-77.7622
-76.1289
-73.8641
-70.1812
-61.8959
-21.5528
49.4736
49.3739
44.3478
28.8336
6.63035
-7.24182
-18.02
-29.1158
-40.5018
-66.7255
-93.8544
-94.9283
-94.9464
-94.9071
-94.8127
-94.6263
-94.2957
-93.7789
-93.0748
-92.2266
-91.2973
-90.3429
-89.4004
-88.4889
-87.6143
-86.7748
-85.9643
-85.1742
-84.3944
-83.6134
-82.8176
-81.9906
-81.1106
-80.1476
-79.0565
-77.7626
-76.1294
-73.8648
-70.1824
-61.8992
-21.5755
49.4709
49.3736
44.3475
28.8336
6.63123
-7.24101
-18.0191
-29.1149
-40.5001
-66.7215
-93.854
-94.9283
-94.9464
-94.9071
-94.8127
-94.6263
-94.2957
-93.7791
-93.0749
-92.2267
-91.2975
-90.343
-89.4006
-88.4891
-87.6145
-86.7749
-85.9644
-85.1743
-84.3945
-83.6134
-82.8177
-81.9906
-81.1105
-80.1476
-79.0564
-77.7624
-76.1292
-73.8645
-70.1818
-61.8974
-21.5634
49.4724
49.3738
44.3477
28.8337
6.63083
-7.24139
-18.0195
-29.1153
-40.5009
-66.7234
-93.8542
-94.9283
-94.9464
-94.9071
-94.8127
-94.6263
-94.2957
-93.779
-93.0749
-92.2266
-91.2974
-90.3429
-89.4005
-88.489
-87.6143
-86.7748
-85.9643
-85.1742
-84.3943
-83.6133
-82.8175
-81.9904
-81.1103
-80.1473
-79.0561
-77.762
-76.1287
-73.8637
-70.1804
-61.8934
-21.5356
49.4757
49.374
44.3481
28.8336
6.62981
-7.24235
-18.0205
-29.1164
-40.5028
-66.7282
-93.8547
-94.9283
-94.9464
-94.9071
-94.8127
-94.6262
-94.2956
-93.7789
-93.0747
-92.2264
-91.2971
-90.3427
-89.4003
-88.4888
-87.6141
-86.7746
-85.9641
-85.174
-84.3942
-83.6131
-82.8173
-81.9902
-81.1101
-80.1471
-79.0559
-77.7618
-76.1284
-73.8633
-70.1797
-61.8916
-21.5229
49.4773
49.3742
44.3483
28.8335
6.62931
-7.24282
-18.0209
-29.1168
-40.5038
-66.7305
-93.855
-94.9283
-94.9464
-94.9071
-94.8127
-94.6262
-94.2956
-93.7788
-93.0746
-92.2264
-91.2971
-90.3426
-89.4002
-88.4887
-87.6141
-86.7746
-85.9641
-85.174
-84.3942
-83.6131
-82.8173
-81.9903
-81.1102
-80.1472
-79.056
-77.762
-76.1287
-73.8637
-70.1804
-61.8936
-21.5369
49.4756
49.374
44.3481
28.8335
6.6298
-7.24235
-18.0205
-29.1164
-40.5028
-66.7282
-93.8547
-94.9283
-94.9464
-94.9071
-94.8127
-94.6263
-94.2956
-93.7789
-93.0747
-92.2265
-91.2972
-90.3428
-89.4003
-88.4888
-87.6142
-86.7747
-85.9642
-85.1741
-84.3943
-83.6133
-82.8175
-81.9905
-81.1104
-80.1475
-79.0563
-77.7623
-76.1291
-73.8644
-70.1817
-61.8972
-21.5621
49.4725
49.3738
44.3477
28.8336
6.63072
-7.24148
-18.0196
-29.1154
-40.5011
-66.7238
-93.8542
-94.9283
-94.9464
-94.9071
-94.8127
-94.6263
-94.2957
-93.779
-93.0749
-92.2267
-91.2974
-90.343
-89.4005
-88.489
-87.6144
-86.7749
-85.9644
-85.1743
-84.3945
-83.6134
-82.8177
-81.9906
-81.1106
-80.1476
-79.0565
-77.7626
-76.1294
-73.8648
-70.1824
-61.8991
-21.5752
49.4709
49.3736
44.3475
28.8336
6.63123
-7.24101
-18.0192
-29.1149
-40.5001
-66.7215
-93.854
-94.9283
-94.9464
-94.9071
-94.8127
-94.6263
-94.2958
-93.7791
-93.075
-92.2268
-91.2975
-90.3431
-89.4006
-88.4891
-87.6145
-86.775
-85.9644
-85.1743
-84.3945
-83.6135
-82.8177
-81.9906
-81.1105
-80.1476
-79.0564
-77.7625
-76.1293
-73.8646
-70.182
-61.8981
-21.5683
49.4718
49.3737
44.3476
28.8337
6.631
-7.24123
-18.0194
-29.1152
-40.5006
-66.7226
-93.8541
-94.9283
-94.9464
-94.9071
-94.8127
-94.6263
-94.2957
-93.7791
-93.0749
-92.2267
-91.2974
-90.343
-89.4006
-88.489
-87.6144
-86.7749
-85.9643
-85.1742
-84.3944
-83.6134
-82.8176
-81.9905
-81.1104
-80.1474
-79.0563
-77.7623
-76.129
-73.8642
-70.1813
-61.896
-21.5536
49.4735
49.3738
44.3478
28.8336
6.63046
-7.24174
-18.0199
-29.1157
-40.5016
-66.7251
-93.8544
-94.9283
-94.9464
-94.9071
-94.8127
-94.6263
-94.2957
-93.779
-93.0748
-92.2266
-91.2973
-90.3429
-89.4005
-88.4889
-87.6143
-86.7748
-85.9643
-85.1741
-84.3943
-83.6133
-82.8175
-81.9904
-81.1103
-80.1474
-79.0562
-77.7622
-76.1289
-73.864
-70.181
-61.8953
-21.5489
49.4741
49.3739
44.3479
28.8336
6.63027
-7.24192
-18.0201
-29.1159
-40.5019
-66.726
-93.8545
-94.9283
-94.9464
-94.9071
-94.8127
-94.6263
-94.2957
-93.779
-93.0748
-92.2266
-91.2973
-90.3429
-89.4004
-88.4889
-87.6143
-86.7748
-85.9642
-85.1742
-84.3943
-83.6133
-82.8175
-81.9905
-81.1104
-80.1474
-79.0563
-77.7623
-76.1291
-73.8643
-70.1815
-61.8968
-21.5594
49.4728
49.3738
44.3477
28.8336
6.63064
-7.24157
-18.0197
-29.1155
-40.5012
-66.7243
-93.8543
-94.9283
-94.9464
-94.9071
-94.8127
-94.6263
-94.2957
-93.779
-93.0749
-92.2267
-91.2974
-90.343
-89.4005
-88.489
-87.6144
-86.7749
-85.9643
-85.1742
-84.3944
-83.6134
-82.8176
-81.9906
-81.1105
-80.1476
-79.0565
-77.7625
-76.1294
-73.8648
-70.1823
-61.8991
-21.5753
49.4709
49.3736
44.3475
28.8336
6.63122
-7.24102
-18.0192
-29.1149
-40.5001
-66.7215
-93.854
-94.9283
-94.9464
-94.9071
-94.8127
-94.6263
-94.2958
-93.7791
-93.075
-92.2268
-91.2975
-90.3431
-89.4006
-88.4891
-87.6145
-86.775
-85.9644
-85.1743
-84.3945
-83.6135
-82.8177
-81.9907
-81.1106
-80.1477
-79.0566
-77.7627
-76.1295
-73.865
-70.1828
-61.9003
-21.5836
49.4699
49.3735
44.3473
28.8337
6.63154
-7.24072
-18.0189
-29.1146
-40.4995
-66.7201
-93.8538
-94.9283
-94.9464
-94.9071
-94.8127
-94.6264
-94.2958
-93.7791
-93.075
-92.2268
-91.2976
-90.3431
-89.4007
-88.4892
-87.6145
-86.775
-85.9645
-85.1744
-84.3946
-83.6135
-82.8177
-81.9907
-81.1106
-80.1477
-79.0565
-77.7626
-76.1295
-73.8649
-70.1826
-61.8998
-21.5804
49.4703
49.3736
44.3474
28.8337
6.63143
-7.24082
-18.019
-29.1147
-40.4997
-66.7206
-93.8539
-94.9283
-94.9464
-94.9071
-94.8127
-94.6264
-94.2958
-93.7791
-93.075
-92.2268
-91.2975
-90.3431
-89.4007
-88.4891
-87.6145
-86.775
-85.9644
-85.1743
-84.3945
-83.6135
-82.8177
-81.9906
-81.1105
-80.1476
-79.0564
-77.7625
-76.1293
-73.8647
-70.1822
-61.8989
-21.5736
49.4711
49.3736
44.3475
28.8337
6.63118
-7.24106
-18.0192
-29.115
-40.5002
-66.7217
-93.854
-94.9283
-94.9464
-94.9071
-94.8127
-94.6263
-94.2958
-93.7791
-93.075
-92.2268
-91.2975
-90.3431
-89.4006
-88.4891
-87.6145
-86.7749
-85.9644
-85.1743
-84.3945
-83.6134
-82.8176
-81.9906
-81.1105
-80.1476
-79.0564
-77.7625
-76.1293
-73.8647
-70.1822
-61.8988
-21.573
49.4712
49.3737
44.3475
28.8336
6.63115
-7.24109
-18.0192
-29.115
-40.5003
-66.7219
-93.854
-94.9283
-94.9464
-94.9071
-94.8127
-94.6263
-94.2958
-93.7791
-93.075
-92.2268
-91.2975
-90.3431
-89.4006
-88.4891
-87.6145
-86.7749
-85.9644
-85.1743
-84.3945
-83.6134
-82.8177
-81.9906
-81.1106
-80.1476
-79.0565
-77.7626
-76.1294
-73.8649
-70.1826
-61.8999
-21.581
49.4702
49.3736
44.3474
28.8336
6.63143
-7.24082
-18.019
-29.1147
-40.4997
-66.7205
-93.8539
-94.9283
-94.9464
-94.9071
-94.8127
-94.6264
-94.2958
-93.7791
-93.075
-92.2268
-91.2975
-90.3431
-89.4007
-88.4892
-87.6145
-86.775
-85.9645
-85.1744
-84.3946
-83.6135
-82.8177
-81.9907
-81.1107
-80.1477
-79.0566
-77.7627
-76.1296
-73.8652
-70.1831
-61.9014
-21.5917
49.4689
49.3735
44.3472
28.8337
6.63182
-7.24045
-18.0186
-29.1143
-40.499
-66.7187
-93.8537
-94.9283
-94.9464
-94.9071
-94.8128
-94.6264
-94.2958
-93.7792
-93.0751
-92.2269
-91.2976
-90.3432
-89.4008
-88.4892
-87.6146
-86.7751
-85.9645
-85.1744
-84.3946
-83.6136
-82.8178
-81.9907
-81.1107
-80.1478
-79.0567
-77.7628
-76.1298
-73.8653
-70.1834
-61.9023
-21.5976
49.4682
49.3734
44.3471
28.8337
6.63204
-7.24025
-18.0184
-29.1141
-40.4986
-66.7177
-93.8535
-94.9283
-94.9464
-94.9071
-94.8128
-94.6264
-94.2958
-93.7792
-93.0751
-92.227
-91.2977
-90.3433
-89.4008
-88.4893
-87.6146
-86.7751
-85.9645
-85.1744
-84.3946
-83.6136
-82.8178
-81.9907
-81.1107
-80.1478
-79.0567
-77.7628
-76.1297
-73.8653
-70.1834
-61.9022
-21.5969
49.4683
49.3734
44.3471
28.8337
6.63202
-7.24026
-18.0184
-29.1141
-40.4986
-66.7178
-93.8535
-94.9283
-94.9464
-94.9071
-94.8128
-94.6264
-94.2958
-93.7792
-93.0751
-92.2269
-91.2977
-90.3432
-89.4008
-88.4893
-87.6146
-86.7751
-85.9645
-85.1744
-84.3946
-83.6136
-82.8178
-81.9907
-81.1107
-80.1478
-79.0566
-77.7628
-76.1297
-73.8653
-70.1833
-61.9018
-21.5946
49.4686
49.3734
44.3471
28.8337
6.63194
-7.24034
-18.0185
-29.1142
-40.4988
-66.7182
-93.8536
-94.9283
-94.9464
-94.9071
-94.8128
-94.6264
-94.2958
-93.7792
-93.0751
-92.2269
-91.2977
-90.3432
-89.4008
-88.4892
-87.6146
-86.7751
-85.9645
-85.1744
-84.3946
-83.6135
-82.8178
-81.9907
-81.1107
-80.1478
-79.0566
-77.7628
-76.1297
-73.8653
-70.1833
-61.9021
-21.5962
49.4684
49.3734
44.3471
28.8337
6.63199
-7.2403
-18.0184
-29.1142
-40.4987
-66.7179
-93.8536
-94.9283
-94.9464
-94.9071
-94.8128
-94.6264
-94.2958
-93.7792
-93.0751
-92.2269
-91.2977
-90.3432
-89.4008
-88.4893
-87.6146
-86.7751
-85.9645
-85.1744
-84.3946
-83.6136
-82.8178
-81.9907
-81.1107
-80.1478
-79.0567
-77.7628
-76.1298
-73.8655
-70.1837
-61.903
-21.6027
49.4676
49.3734
44.347
28.8337
6.63221
-7.24008
-18.0182
-29.1139
-40.4982
-66.7169
-93.8534
-94.9283
-94.9464
-94.9071
-94.8128
-94.6264
-94.2959
-93.7792
-93.0752
-92.227
-91.2977
-90.3433
-89.4008
-88.4893
-87.6147
-86.7751
-85.9646
-85.1745
-84.3947
-83.6136
-82.8178
-81.9908
-81.1108
-80.1479
-79.0568
-77.7629
-76.13
-73.8657
-70.184
-61.9041
-21.6103
49.4666
49.3733
44.3469
28.8337
6.63249
-7.23982
-18.018
-29.1137
-40.4977
-66.7156
-93.8533
-94.9283
-94.9464
-94.9071
-94.8128
-94.6264
-94.2959
-93.7793
-93.0752
-92.227
-91.2978
-90.3434
-89.4009
-88.4894
-87.6147
-86.7752
-85.9646
-85.1745
-84.3947
-83.6136
-82.8179
-81.9908
-81.1108
-80.1479
-79.0568
-77.763
-76.13
-73.8658
-70.1843
-61.9047
-21.615
49.4661
49.3732
44.3468
28.8337
6.63266
-7.23966
-18.0178
-29.1135
-40.4974
-66.7147
-93.8532
-94.9283
-94.9464
-94.9071
-94.8128
-94.6264
-94.2959
-93.7793
-93.0753
-92.2271
-91.2978
-90.3434
-89.4009
-88.4894
-87.6147
-86.7752
-85.9646
-85.1745
-84.3947
-83.6137
-82.8179
-81.9908
-81.1108
-80.1479
-79.0568
-77.763
-76.1301
-73.8658
-70.1843
-61.9049
-21.6161
49.4659
49.3732
44.3468
28.8337
6.6327
-7.23962
-18.0178
-29.1135
-40.4973
-66.7146
-93.8532
-94.9283
-94.9464
-94.9071
-94.8128
-94.6264
-94.2959
-93.7793
-93.0753
-92.2271
-91.2978
-90.3434
-89.4009
-88.4894
-87.6147
-86.7752
-85.9646
-85.1745
-84.3947
-83.6137
-82.8179
-81.9908
-81.1108
-80.1479
-79.0568
-77.763
-76.13
-73.8658
-70.1843
-61.9049
-21.6164
49.4659
49.3732
44.3468
28.8337
6.63271
-7.23961
-18.0178
-29.1134
-40.4973
-66.7145
-93.8532
-94.9283
-94.9464
-94.9071
-94.8128
-94.6264
-94.2959
-93.7793
-93.0753
-92.2271
-91.2978
-90.3434
-89.4009
-88.4894
-87.6147
-86.7752
-85.9646
-85.1745
-84.3947
-83.6137
-82.8179
-81.9908
-81.1108
-80.1479
-79.0569
-77.763
-76.1301
-73.8659
-70.1845
-61.9053
-21.6191
49.4656
49.3732
44.3467
28.8337
6.63281
-7.23952
-18.0177
-29.1133
-40.4971
-66.7141
-93.8531
-94.9283
-94.9464
-94.9071
-94.8128
-94.6264
-94.2959
-93.7793
-93.0753
-92.2271
-91.2978
-90.3434
-89.4009
-88.4894
-87.6147
-86.7752
-85.9646
-85.1745
-84.3947
-83.6137
-82.8179
-81.9909
-81.1109
-80.148
-79.0569
-77.7631
-76.1302
-73.866
-70.1847
-61.9061
-21.6245
49.4649
49.3731
44.3466
28.8337
6.63302
-7.23933
-18.0175
-29.1131
-40.4967
-66.7131
-93.853
-94.9283
-94.9464
-94.9071
-94.8128
-94.6264
-94.2959
-93.7794
-93.0753
-92.2271
-91.2979
-90.3435
-89.401
-88.4894
-87.6148
-86.7752
-85.9647
-85.1746
-84.3948
-83.6137
-82.8179
-81.9909
-81.1109
-80.148
-79.057
-77.7632
-76.1303
-73.8662
-70.185
-61.9069
-21.6304
49.4641
49.3731
44.3466
28.8338
6.63325
-7.23911
-18.0173
-29.1129
-40.4963
-66.7121
-93.8529
-94.9283
-94.9464
-94.9071
-94.8128
-94.6265
-94.296
-93.7794
-93.0753
-92.2272
-91.2979
-90.3435
-89.401
-88.4895
-87.6148
-86.7753
-85.9647
-85.1746
-84.3948
-83.6137
-82.818
-81.9909
-81.1109
-80.1481
-79.057
-77.7632
-76.1304
-73.8663
-70.1852
-61.9075
-21.6345
49.4636
49.373
44.3465
28.8338
6.63341
-7.23897
-18.0171
-29.1128
-40.496
-66.7113
-93.8528
-94.9283
-94.9464
-94.9071
-94.8128
-94.6265
-94.296
-93.7794
-93.0754
-92.2272
-91.298
-90.3435
-89.4011
-88.4895
-87.6148
-86.7753
-85.9647
-85.1746
-84.3948
-83.6137
-82.818
-81.9909
-81.1109
-80.1481
-79.057
-77.7633
-76.1304
-73.8663
-70.1853
-61.9078
-21.6365
49.4634
49.373
44.3465
28.8338
6.63349
-7.23889
-18.017
-29.1127
-40.4958
-66.711
-93.8528
-94.9283
-94.9464
-94.9071
-94.8128
-94.6265
-94.296
-93.7794
-93.0754
-92.2272
-91.298
-90.3435
-89.4011
-88.4895
-87.6148
-86.7753
-85.9647
-85.1746
-84.3948
-83.6137
-82.818
-81.9909
-81.1109
-80.1481
-79.057
-77.7633
-76.1304
-73.8664
-70.1854
-61.908
-21.6382
49.4632
49.373
44.3464
28.8338
6.63356
-7.23883
-18.017
-29.1126
-40.4957
-66.7107
-93.8527
-94.9283
-94.9464
-94.9071
-94.8128
-94.6265
-94.296
-93.7794
-93.0754
-92.2272
-91.298
-90.3435
-89.4011
-88.4895
-87.6149
-86.7753
-85.9647
-85.1746
-84.3948
-83.6138
-82.818
-81.991
-81.111
-80.1481
-79.0571
-77.7633
-76.1305
-73.8665
-70.1855
-61.9085
-21.6415
49.4627
49.373
44.3464
28.8338
6.63368
-7.23872
-18.0169
-29.1125
-40.4955
-66.7101
-93.8527
-94.9283
-94.9464
-94.9071
-94.8128
-94.6265
-94.296
-93.7794
-93.0754
-92.2273
-91.298
-90.3436
-89.4011
-88.4895
-87.6149
-86.7753
-85.9648
-85.1746
-84.3948
-83.6138
-82.818
-81.991
-81.111
-80.1481
-79.0571
-77.7634
-76.1305
-73.8666
-70.1858
-61.9092
-21.6463
49.4621
49.3729
44.3463
28.8338
6.63387
-7.23854
-18.0167
-29.1123
-40.4951
-66.7092
-93.8526
-94.9283
-94.9464
-94.9071
-94.8128
-94.6265
-94.296
-93.7795
-93.0754
-92.2273
-91.298
-90.3436
-89.4011
-88.4896
-87.6149
-86.7754
-85.9648
-85.1747
-84.3949
-83.6138
-82.818
-81.991
-81.111
-80.1482
-79.0571
-77.7634
-76.1306
-73.8667
-70.186
-61.9099
-21.6512
49.4615
49.3729
44.3463
28.8339
6.63406
-7.23837
-18.0165
-29.1121
-40.4948
-66.7084
-93.8525
-94.9283
-94.9464
-94.9071
-94.8128
-94.6265
-94.296
-93.7795
-93.0755
-92.2273
-91.2981
-90.3436
-89.4012
-88.4896
-87.6149
-86.7754
-85.9648
-85.1747
-84.3949
-83.6138
-82.8181
-81.991
-81.111
-80.1482
-79.0572
-77.7635
-76.1307
-73.8668
-70.1862
-61.9104
-21.655
49.4611
49.3728
44.3462
28.8339
6.63421
-7.23823
-18.0164
-29.112
-40.4945
-66.7077
-93.8524
-94.9283
-94.9464
-94.9071
-94.8128
-94.6265
-94.296
-93.7795
-93.0755
-92.2274
-91.2981
-90.3437
-89.4012
-88.4896
-87.615
-86.7754
-85.9648
-85.1747
-84.3949
-83.6138
-82.8181
-81.991
-81.1111
-80.1482
-79.0572
-77.7635
-76.1307
-73.8669
-70.1863
-61.9108
-21.6576
49.4607
49.3728
44.3462
28.8339
6.63431
-7.23814
-18.0163
-29.1119
-40.4943
-66.7072
-93.8523
-94.9283
-94.9464
-94.9071
-94.8128
-94.6265
-94.2961
-93.7795
-93.0755
-92.2274
-91.2981
-90.3437
-89.4012
-88.4896
-87.615
-86.7754
-85.9648
-85.1747
-84.3949
-83.6138
-82.8181
-81.9911
-81.1111
-80.1482
-79.0572
-77.7635
-76.1308
-73.8669
-70.1865
-61.9111
-21.6602
49.4604
49.3728
44.3461
28.8339
6.63441
-7.23805
-18.0162
-29.1118
-40.4941
-66.7068
-93.8523
-94.9283
-94.9464
-94.9071
-94.8128
-94.6265
-94.2961
-93.7795
-93.0755
-92.2274
-91.2981
-90.3437
-89.4012
-88.4897
-87.615
-86.7754
-85.9648
-85.1747
-84.3949
-83.6139
-82.8181
-81.9911
-81.1111
-80.1482
-79.0572
-77.7636
-76.1308
-73.867
-70.1866
-61.9116
-21.6638
49.4599
49.3728
44.3461
28.8339
6.63455
-7.23792
-18.0161
-29.1117
-40.4939
-66.7062
-93.8522
-94.9283
-94.9464
-94.9071
-94.8128
-94.6265
-94.2961
-93.7796
-93.0756
-92.2274
-91.2982
-90.3437
-89.4013
-88.4897
-87.615
-86.7754
-85.9649
-85.1747
-84.3949
-83.6139
-82.8181
-81.9911
-81.1111
-80.1483
-79.0573
-77.7636
-76.1309
-73.8671
-70.1868
-61.9122
-21.6682
49.4594
49.3727
44.346
28.8339
6.63472
-7.23776
-18.0159
-29.1115
-40.4936
-66.7054
-93.8521
-94.9283
-94.9464
-94.9071
-94.8128
-94.6265
-94.2961
-93.7796
-93.0756
-92.2275
-91.2982
-90.3438
-89.4013
-88.4897
-87.615
-86.7755
-85.9649
-85.1748
-84.3949
-83.6139
-82.8181
-81.9911
-81.1111
-80.1483
-79.0573
-77.7637
-76.131
-73.8672
-70.1871
-61.9129
-21.6725
49.4588
49.3727
44.3459
28.834
6.63488
-7.23761
-18.0158
-29.1113
-40.4933
-66.7046
-93.852
-94.9283
-94.9464
-94.9071
-94.8128
-94.6265
-94.2961
-93.7796
-93.0756
-92.2275
-91.2982
-90.3438
-89.4013
-88.4897
-87.6151
-86.7755
-85.9649
-85.1748
-84.395
-83.6139
-82.8182
-81.9911
-81.1112
-80.1483
-79.0574
-77.7637
-76.131
-73.8673
-70.1872
-61.9134
-21.6761
49.4584
49.3726
44.3459
28.834
6.63502
-7.23748
-18.0156
-29.1112
-40.493
-66.704
-93.852
-94.9283
-94.9464
-94.9071
-94.8129
-94.6266
-94.2961
-93.7796
-93.0756
-92.2275
-91.2983
-90.3438
-89.4013
-88.4898
-87.6151
-86.7755
-85.9649
-85.1748
-84.395
-83.6139
-82.8182
-81.9912
-81.1112
-80.1484
-79.0574
-77.7637
-76.1311
-73.8674
-70.1874
-61.9138
-21.6791
49.458
49.3726
44.3458
28.834
6.63514
-7.23737
-18.0155
-29.1111
-40.4928
-66.7035
-93.8519
-94.9283
-94.9464
-94.9071
-94.8129
-94.6266
-94.2961
-93.7796
-93.0757
-92.2275
-91.2983
-90.3438
-89.4014
-88.4898
-87.6151
-86.7755
-85.9649
-85.1748
-84.395
-83.6139
-82.8182
-81.9912
-81.1112
-80.1484
-79.0574
-77.7638
-76.1311
-73.8675
-70.1875
-61.9142
-21.6822
49.4576
49.3726
44.3458
28.834
6.63526
-7.23726
-18.0154
-29.111
-40.4926
-66.7029
-93.8518
-94.9282
-94.9464
-94.9071
-94.8129
-94.6266
-94.2961
-93.7796
-93.0757
-92.2276
-91.2983
-90.3439
-89.4014
-88.4898
-87.6151
-86.7755
-85.965
-85.1748
-84.395
-83.614
-82.8182
-81.9912
-81.1112
-80.1484
-79.0574
-77.7638
-76.1312
-73.8676
-70.1877
-61.9147
-21.6859
49.4572
49.3725
44.3457
28.834
6.6354
-7.23714
-18.0153
-29.1108
-40.4923
-66.7023
-93.8518
-94.9282
-94.9464
-94.9071
-94.8129
-94.6266
-94.2962
-93.7797
-93.0757
-92.2276
-91.2983
-90.3439
-89.4014
-88.4898
-87.6151
-86.7756
-85.965
-85.1748
-84.395
-83.614
-82.8182
-81.9912
-81.1112
-80.1484
-79.0575
-77.7639
-76.1312
-73.8677
-70.1879
-61.9153
-21.69
49.4566
49.3725
44.3457
28.834
6.63555
-7.23699
-18.0152
-29.1107
-40.492
-66.7016
-93.8517
-94.9282
-94.9464
-94.9071
-94.8129
-94.6266
-94.2962
-93.7797
-93.0757
-92.2276
-91.2983
-90.3439
-89.4014
-88.4898
-87.6151
-86.7756
-85.965
-85.1749
-84.395
-83.614
-82.8182
-81.9912
-81.1113
-80.1485
-79.0575
-77.7639
-76.1313
-73.8678
-70.1881
-61.9159
-21.694
49.4561
49.3725
44.3456
28.8341
6.63571
-7.23685
-18.015
-29.1105
-40.4917
-66.7009
-93.8516
-94.9282
-94.9464
-94.9072
-94.8129
-94.6266
-94.2962
-93.7797
-93.0757
-92.2276
-91.2984
-90.3439
-89.4014
-88.4899
-87.6152
-86.7756
-85.965
-85.1749
-84.3951
-83.614
-82.8183
-81.9912
-81.1113
-80.1485
-79.0575
-77.7639
-76.1314
-73.8679
-70.1883
-61.9164
-21.6975
49.4557
49.3724
44.3456
28.8341
6.63584
-7.23672
-18.0149
-29.1104
-40.4915
-66.7003
-93.8515
-94.9282
-94.9464
-94.9072
-94.8129
-94.6266
-94.2962
-93.7797
-93.0758
-92.2277
-91.2984
-90.344
-89.4015
-88.4899
-87.6152
-86.7756
-85.965
-85.1749
-84.3951
-83.614
-82.8183
-81.9913
-81.1113
-80.1485
-79.0576
-77.764
-76.1314
-73.868
-70.1884
-61.9168
-21.7008
49.4553
49.3724
44.3455
28.8341
6.63597
-7.23661
-18.0148
-29.1103
-40.4912
-66.6997
-93.8515
-94.9282
-94.9464
-94.9072
-94.8129
-94.6266
-94.2962
-93.7797
-93.0758
-92.2277
-91.2984
-90.344
-89.4015
-88.4899
-87.6152
-86.7756
-85.965
-85.1749
-84.3951
-83.614
-82.8183
-81.9913
-81.1113
-80.1485
-79.0576
-77.764
-76.1315
-73.868
-70.1886
-61.9173
-21.7041
49.4548
49.3724
44.3455
28.8341
6.63609
-7.23649
-18.0147
-29.1102
-40.491
-66.6991
-93.8514
-94.9282
-94.9464
-94.9072
-94.8129
-94.6266
-94.2962
-93.7797
-93.0758
-92.2277
-91.2984
-90.344
-89.4015
-88.4899
-87.6152
-86.7756
-85.9651
-85.1749
-84.3951
-83.6141
-82.8183
-81.9913
-81.1113
-80.1486
-79.0576
-77.7641
-76.1315
-73.8681
-70.1888
-61.9178
-21.7077
49.4544
49.3723
44.3454
28.8341
6.63623
-7.23637
-18.0145
-29.11
-40.4908
-66.6985
-93.8513
-94.9282
-94.9464
-94.9072
-94.8129
-94.6266
-94.2962
-93.7798
-93.0758
-92.2277
-91.2985
-90.344
-89.4015
-88.4899
-87.6152
-86.7757
-85.9651
-85.1749
-84.3951
-83.6141
-82.8183
-81.9913
-81.1114
-80.1486
-79.0577
-77.7641
-76.1316
-73.8682
-70.1889
-61.9184
-21.7116
49.4539
49.3723
44.3453
28.8341
6.63637
-7.23623
-18.0144
-29.1099
-40.4905
-66.6978
-93.8512
-94.9282
-94.9464
-94.9072
-94.8129
-94.6266
-94.2962
-93.7798
-93.0758
-92.2278
-91.2985
-90.3441
-89.4016
-88.49
-87.6153
-86.7757
-85.9651
-85.175
-84.3951
-83.6141
-82.8183
-81.9913
-81.1114
-80.1486
-79.0577
-77.7641
-76.1317
-73.8683
-70.1891
-61.9189
-21.7153
49.4534
49.3723
44.3453
28.8341
6.63652
-7.2361
-18.0143
-29.1097
-40.4902
-66.6972
-93.8512
-94.9282
-94.9464
-94.9072
-94.8129
-94.6266
-94.2963
-93.7798
-93.0759
-92.2278
-91.2985
-90.3441
-89.4016
-88.49
-87.6153
-86.7757
-85.9651
-85.175
-84.3951
-83.6141
-82.8184
-81.9914
-81.1114
-80.1486
-79.0577
-77.7642
-76.1317
-73.8684
-70.1893
-61.9194
-21.7189
49.453
49.3722
44.3452
28.8342
6.63665
-7.23597
-18.0141
-29.1096
-40.49
-66.6965
-93.8511
-94.9282
-94.9464
-94.9072
-94.8129
-94.6266
-94.2963
-93.7798
-93.0759
-92.2278
-91.2986
-90.3441
-89.4016
-88.49
-87.6153
-86.7757
-85.9651
-85.175
-84.3952
-83.6141
-82.8184
-81.9914
-81.1114
-80.1487
-79.0578
-77.7642
-76.1318
-73.8685
-70.1895
-61.9199
-21.7222
49.4525
49.3722
44.3452
28.8342
6.63678
-7.23586
-18.014
-29.1095
-40.4897
-66.696
-93.851
-94.9282
-94.9464
-94.9072
-94.8129
-94.6266
-94.2963
-93.7798
-93.0759
-92.2278
-91.2986
-90.3441
-89.4016
-88.49
-87.6153
-86.7757
-85.9651
-85.175
-84.3952
-83.6141
-82.8184
-81.9914
-81.1114
-80.1487
-79.0578
-77.7643
-76.1318
-73.8686
-70.1896
-61.9204
-21.7256
49.4521
49.3722
44.3451
28.8342
6.63691
-7.23574
-18.0139
-29.1094
-40.4895
-66.6954
-93.851
-94.9282
-94.9465
-94.9072
-94.8129
-94.6267
-94.2963
-93.7798
-93.0759
-92.2278
-91.2986
-90.3442
-89.4016
-88.49
-87.6153
-86.7758
-85.9652
-85.175
-84.3952
-83.6141
-82.8184
-81.9914
-81.1115
-80.1487
-79.0578
-77.7643
-76.1319
-73.8687
-70.1898
-61.9209
-21.7292
49.4516
49.3721
44.3451
28.8342
6.63704
-7.23561
-18.0138
-29.1092
-40.4892
-66.6947
-93.8509
-94.9282
-94.9465
-94.9072
-94.8129
-94.6267
-94.2963
-93.7799
-93.076
-92.2279
-91.2986
-90.3442
-89.4017
-88.4901
-87.6154
-86.7758
-85.9652
-85.175
-84.3952
-83.6142
-82.8184
-81.9914
-81.1115
-80.1487
-79.0578
-77.7643
-76.1319
-73.8688
-70.19
-61.9214
-21.7329
49.4512
49.3721
44.345
28.8342
6.63718
-7.23548
-18.0137
-29.1091
-40.489
-66.6941
-93.8508
-94.9282
-94.9465
-94.9072
-94.8129
-94.6267
-94.2963
-93.7799
-93.076
-92.2279
-91.2986
-90.3442
-89.4017
-88.4901
-87.6154
-86.7758
-85.9652
-85.175
-84.3952
-83.6142
-82.8184
-81.9914
-81.1115
-80.1488
-79.0579
-77.7644
-76.132
-73.8689
-70.1901
-61.9219
-21.7365
49.4507
49.3721
44.3449
28.8342
6.63732
-7.23536
-18.0135
-29.109
-40.4887
-66.6935
-93.8507
-94.9282
-94.9465
-94.9072
-94.8129
-94.6267
-94.2963
-93.7799
-93.076
-92.2279
-91.2987
-90.3442
-89.4017
-88.4901
-87.6154
-86.7758
-85.9652
-85.1751
-84.3952
-83.6142
-82.8184
-81.9915
-81.1115
-80.1488
-79.0579
-77.7644
-76.132
-73.869
-70.1903
-61.9224
-21.74
49.4503
49.372
44.3449
28.8342
6.63745
-7.23524
-18.0134
-29.1088
-40.4885
-66.6929
-93.8507
-94.9282
-94.9465
-94.9072
-94.8129
-94.6267
-94.2963
-93.7799
-93.076
-92.2279
-91.2987
-90.3443
-89.4017
-88.4901
-87.6154
-86.7758
-85.9652
-85.1751
-84.3952
-83.6142
-82.8185
-81.9915
-81.1115
-80.1488
-79.0579
-77.7645
-76.1321
-73.869
-70.1905
-61.9229
-21.7433
49.4498
49.372
44.3448
28.8342
6.63757
-7.23512
-18.0133
-29.1087
-40.4882
-66.6923
-93.8506
-94.9282
-94.9465
-94.9072
-94.8129
-94.6267
-94.2963
-93.7799
-93.076
-92.228
-91.2987
-90.3443
-89.4018
-88.4902
-87.6154
-86.7758
-85.9652
-85.1751
-84.3953
-83.6142
-82.8185
-81.9915
-81.1116
-80.1488
-79.058
-77.7645
-76.1322
-73.8691
-70.1906
-61.9233
-21.7467
49.4494
49.372
44.3448
28.8343
6.6377
-7.235
-18.0132
-29.1086
-40.488
-66.6917
-93.8505
-94.9282
-94.9465
-94.9072
-94.8129
-94.6267
-94.2964
-93.7799
-93.0761
-92.228
-91.2987
-90.3443
-89.4018
-88.4902
-87.6155
-86.7759
-85.9652
-85.1751
-84.3953
-83.6142
-82.8185
-81.9915
-81.1116
-80.1488
-79.058
-77.7645
-76.1322
-73.8692
-70.1908
-61.9238
-21.7502
49.449
49.3719
44.3447
28.8343
6.63783
-7.23488
-18.0131
-29.1084
-40.4878
-66.6911
-93.8505
-94.9282
-94.9465
-94.9072
-94.8129
-94.6267
-94.2964
-93.78
-93.0761
-92.228
-91.2988
-90.3443
-89.4018
-88.4902
-87.6155
-86.7759
-85.9653
-85.1751
-84.3953
-83.6143
-82.8185
-81.9915
-81.1116
-80.1489
-79.058
-77.7646
-76.1323
-73.8693
-70.191
-61.9243
-21.7538
49.4485
49.3719
44.3447
28.8343
6.63796
-7.23476
-18.0129
-29.1083
-40.4875
-66.6905
-93.8504
-94.9282
-94.9465
-94.9072
-94.8129
-94.6267
-94.2964
-93.78
-93.0761
-92.228
-91.2988
-90.3443
-89.4018
-88.4902
-87.6155
-86.7759
-85.9653
-85.1751
-84.3953
-83.6143
-82.8185
-81.9915
-81.1116
-80.1489
-79.0581
-77.7646
-76.1323
-73.8694
-70.1912
-61.9248
-21.7573
49.448
49.3719
44.3446
28.8343
6.63809
-7.23463
-18.0128
-29.1082
-40.4873
-66.6899
-93.8503
-94.9282
-94.9465
-94.9072
-94.8129
-94.6267
-94.2964
-93.78
-93.0761
-92.2281
-91.2988
-90.3444
-89.4019
-88.4902
-87.6155
-86.7759
-85.9653
-85.1752
-84.3953
-83.6143
-82.8185
-81.9916
-81.1116
-80.1489
-79.0581
-77.7647
-76.1324
-73.8695
-70.1913
-61.9253
-21.7607
49.4476
49.3718
44.3446
28.8343
6.63822
-7.23452
-18.0127
-29.1081
-40.487
-66.6893
-93.8503
-94.9282
-94.9465
-94.9072
-94.8129
-94.6267
-94.2964
-93.78
-93.0761
-92.2281
-91.2988
-90.3444
-89.4019
-88.4903
-87.6155
-86.7759
-85.9653
-85.1752
-84.3953
-83.6143
-82.8186
-81.9916
-81.1117
-80.1489
-79.0581
-77.7647
-76.1324
-73.8696
-70.1915
-61.9258
-21.764
49.4472
49.3718
44.3445
28.8343
6.63834
-7.2344
-18.0126
-29.1079
-40.4868
-66.6887
-93.8502
-94.9282
-94.9465
-94.9072
-94.8129
-94.6267
-94.2964
-93.78
-93.0762
-92.2281
-91.2989
-90.3444
-89.4019
-88.4903
-87.6155
-86.7759
-85.9653
-85.1752
-84.3954
-83.6143
-82.8186
-81.9916
-81.1117
-80.149
-79.0581
-77.7647
-76.1325
-73.8697
-70.1916
-61.9263
-21.7674
49.4468
49.3718
44.3445
28.8343
6.63847
-7.23428
-18.0125
-29.1078
-40.4866
-66.6882
-93.8501
-94.9282
-94.9465
-94.9072
-94.813
-94.6267
-94.2964
-93.78
-93.0762
-92.2281
-91.2989
-90.3444
-89.4019
-88.4903
-87.6156
-86.776
-85.9653
-85.1752
-84.3954
-83.6143
-82.8186
-81.9916
-81.1117
-80.149
-79.0582
-77.7648
-76.1325
-73.8697
-70.1918
-61.9267
-21.7708
49.4463
49.3717
44.3444
28.8343
6.63859
-7.23417
-18.0124
-29.1077
-40.4863
-66.6876
-93.85
-94.9282
-94.9465
-94.9072
-94.813
-94.6267
-94.2964
-93.7801
-93.0762
-92.2282
-91.2989
-90.3445
-89.4019
-88.4903
-87.6156
-86.776
-85.9654
-85.1752
-84.3954
-83.6143
-82.8186
-81.9916
-81.1117
-80.149
-79.0582
-77.7648
-76.1326
-73.8698
-70.192
-61.9272
-21.7742
49.4459
49.3717
44.3444
28.8343
6.63872
-7.23405
-18.0122
-29.1076
-40.4861
-66.687
-93.85
-94.9282
-94.9465
-94.9072
-94.813
-94.6267
-94.2964
-93.7801
-93.0762
-92.2282
-91.2989
-90.3445
-89.402
-88.4903
-87.6156
-86.776
-85.9654
-85.1752
-84.3954
-83.6144
-82.8186
-81.9916
-81.1117
-80.149
-79.0582
-77.7649
-76.1326
-73.8699
-70.1921
-61.9277
-21.7776
49.4454
49.3717
44.3443
28.8344
6.63884
-7.23393
-18.0121
-29.1074
-40.4858
-66.6864
-93.8499
-94.9282
-94.9465
-94.9072
-94.813
-94.6268
-94.2965
-93.7801
-93.0762
-92.2282
-91.299
-90.3445
-89.402
-88.4904
-87.6156
-86.776
-85.9654
-85.1752
-84.3954
-83.6144
-82.8186
-81.9917
-81.1118
-80.1491
-79.0583
-77.7649
-76.1327
-73.87
-70.1923
-61.9282
-21.7809
49.445
49.3716
44.3442
28.8344
6.63897
-7.23382
-18.012
-29.1073
-40.4856
-66.6858
-93.8498
-94.9282
-94.9465
-94.9072
-94.813
-94.6268
-94.2965
-93.7801
-93.0763
-92.2282
-91.299
-90.3445
-89.402
-88.4904
-87.6156
-86.776
-85.9654
-85.1753
-84.3954
-83.6144
-82.8186
-81.9917
-81.1118
-80.1491
-79.0583
-77.7649
-76.1328
-73.8701
-70.1925
-61.9286
-21.7842
49.4446
49.3716
44.3442
28.8344
6.63909
-7.2337
-18.0119
-29.1072
-40.4854
-66.6853
-93.8498
-94.9282
-94.9465
-94.9072
-94.813
-94.6268
-94.2965
-93.7801
-93.0763
-92.2282
-91.299
-90.3446
-89.402
-88.4904
-87.6157
-86.776
-85.9654
-85.1753
-84.3954
-83.6144
-82.8187
-81.9917
-81.1118
-80.1491
-79.0583
-77.765
-76.1328
-73.8702
-70.1926
-61.9291
-21.7875
49.4442
49.3716
44.3441
28.8344
6.63921
-7.23359
-18.0118
-29.1071
-40.4852
-66.6847
-93.8497
-94.9282
-94.9465
-94.9072
-94.813
-94.6268
-94.2965
-93.7801
-93.0763
-92.2283
-91.299
-90.3446
-89.402
-88.4904
-87.6157
-86.7761
-85.9654
-85.1753
-84.3954
-83.6144
-82.8187
-81.9917
-81.1118
-80.1491
-79.0583
-77.765
-76.1329
-73.8702
-70.1928
-61.9296
-21.7908
49.4437
49.3715
44.3441
28.8344
6.63933
-7.23348
-18.0117
-29.107
-40.4849
-66.6842
-93.8497
-94.9282
-94.9465
-94.9072
-94.813
-94.6268
-94.2965
-93.7802
-93.0763
-92.2283
-91.2991
-90.3446
-89.4021
-88.4904
-87.6157
-86.7761
-85.9654
-85.1753
-84.3955
-83.6144
-82.8187
-81.9917
-81.1118
-80.1491
-79.0584
-77.765
-76.1329
-73.8703
-70.1929
-61.93
-21.7941
49.4433
49.3715
44.344
28.8344
6.63945
-7.23336
-18.0116
-29.1068
-40.4847
-66.6836
-93.8496
-94.9282
-94.9465
-94.9072
-94.813
-94.6268
-94.2965
-93.7802
-93.0763
-92.2283
-91.2991
-90.3446
-89.4021
-88.4904
-87.6157
-86.7761
-85.9655
-85.1753
-84.3955
-83.6144
-82.8187
-81.9917
-81.1119
-80.1492
-79.0584
-77.7651
-76.133
-73.8704
-70.1931
-61.9305
-21.7974
49.4429
49.3715
44.344
28.8344
6.63957
-7.23325
-18.0114
-29.1067
-40.4845
-66.683
-93.8495
-94.9282
-94.9465
-94.9072
-94.813
-94.6268
-94.2965
-93.7802
-93.0764
-92.2283
-91.2991
-90.3446
-89.4021
-88.4905
-87.6157
-86.7761
-85.9655
-85.1753
-84.3955
-83.6145
-82.8187
-81.9918
-81.1119
-80.1492
-79.0584
-77.7651
-76.133
-73.8705
-70.1932
-61.9309
-21.8006
49.4425
49.3714
44.3439
28.8344
6.63969
-7.23314
-18.0113
-29.1066
-40.4842
-66.6825
-93.8495
-94.9282
-94.9465
-94.9072
-94.813
-94.6268
-94.2965
-93.7802
-93.0764
-92.2284
-91.2991
-90.3447
-89.4021
-88.4905
-87.6157
-86.7761
-85.9655
-85.1753
-84.3955
-83.6145
-82.8187
-81.9918
-81.1119
-80.1492
-79.0585
-77.7651
-76.1331
-73.8706
-70.1934
-61.9314
-21.8038
49.4421
49.3714
44.3439
28.8344
6.63981
-7.23303
-18.0112
-29.1065
-40.484
-66.6819
-93.8494
-94.9282
-94.9465
-94.9072
-94.813
-94.6268
-94.2965
-93.7802
-93.0764
-92.2284
-91.2991
-90.3447
-89.4021
-88.4905
-87.6158
-86.7761
-85.9655
-85.1754
-84.3955
-83.6145
-82.8187
-81.9918
-81.1119
-80.1492
-79.0585
-77.7652
-76.1331
-73.8707
-70.1936
-61.9318
-21.807
49.4416
49.3714
44.3438
28.8344
6.63992
-7.23292
-18.0111
-29.1064
-40.4838
-66.6814
-93.8493
-94.9282
-94.9465
-94.9072
-94.813
-94.6268
-94.2965
-93.7802
-93.0764
-92.2284
-91.2992
-90.3447
-89.4022
-88.4905
-87.6158
-86.7762
-85.9655
-85.1754
-84.3955
-83.6145
-82.8188
-81.9918
-81.1119
-80.1492
-79.0585
-77.7652
-76.1332
-73.8707
-70.1937
-61.9323
-21.8102
49.4412
49.3713
44.3438
28.8344
6.64004
-7.23281
-18.011
-29.1063
-40.4836
-66.6809
-93.8493
-94.9282
-94.9465
-94.9072
-94.813
-94.6268
-94.2966
-93.7802
-93.0764
-92.2284
-91.2992
-90.3447
-89.4022
-88.4905
-87.6158
-86.7762
-85.9655
-85.1754
-84.3955
-83.6145
-82.8188
-81.9918
-81.1119
-80.1493
-79.0585
-77.7653
-76.1332
-73.8708
-70.1939
-61.9328
-21.8134
49.4408
49.3713
44.3437
28.8344
6.64015
-7.2327
-18.0109
-29.1061
-40.4834
-66.6803
-93.8492
-94.9282
-94.9465
-94.9072
-94.813
-94.6268
-94.2966
-93.7803
-93.0765
-92.2284
-91.2992
-90.3447
-89.4022
-88.4906
-87.6158
-86.7762
-85.9656
-85.1754
-84.3956
-83.6145
-82.8188
-81.9918
-81.112
-80.1493
-79.0586
-77.7653
-76.1333
-73.8709
-70.194
-61.9332
-21.8165
49.4404
49.3713
44.3437
28.8344
6.64027
-7.2326
-18.0108
-29.106
-40.4831
-66.6798
-93.8491
-94.9282
-94.9465
-94.9072
-94.813
-94.6268
-94.2966
-93.7803
-93.0765
-92.2285
-91.2992
-90.3448
-89.4022
-88.4906
-87.6158
-86.7762
-85.9656
-85.1754
-84.3956
-83.6145
-82.8188
-81.9918
-81.112
-80.1493
-79.0586
-77.7653
-76.1333
-73.871
-70.1942
-61.9336
-21.8196
49.44
49.3712
44.3436
28.8345
6.64038
-7.23249
-18.0107
-29.1059
-40.4829
-66.6792
-93.8491
-94.9282
-94.9465
-94.9072
-94.813
-94.6268
-94.2966
-93.7803
-93.0765
-92.2285
-91.2993
-90.3448
-89.4022
-88.4906
-87.6158
-86.7762
-85.9656
-85.1754
-84.3956
-83.6145
-82.8188
-81.9919
-81.112
-80.1493
-79.0586
-77.7654
-76.1334
-73.8711
-70.1943
-61.9341
-21.8227
49.4396
49.3712
44.3436
28.8345
6.64049
-7.23238
-18.0106
-29.1058
-40.4827
-66.6787
-93.849
-94.9282
-94.9465
-94.9072
-94.813
-94.6268
-94.2966
-93.7803
-93.0765
-92.2285
-91.2993
-90.3448
-89.4023
-88.4906
-87.6159
-86.7762
-85.9656
-85.1754
-84.3956
-83.6146
-82.8188
-81.9919
-81.112
-80.1494
-79.0586
-77.7654
-76.1334
-73.8711
-70.1945
-61.9345
-21.8258
49.4392
49.3712
44.3435
28.8345
6.64061
-7.23228
-18.0105
-29.1057
-40.4825
-66.6782
-93.849
-94.9282
-94.9465
-94.9072
-94.813
-94.6268
-94.2966
-93.7803
-93.0765
-92.2285
-91.2993
-90.3448
-89.4023
-88.4906
-87.6159
-86.7762
-85.9656
-85.1754
-84.3956
-83.6146
-82.8188
-81.9919
-81.112
-80.1494
-79.0587
-77.7654
-76.1335
-73.8712
-70.1946
-61.9349
-21.8289
49.4388
49.3711
44.3435
28.8345
6.64072
-7.23217
-18.0104
-29.1056
-40.4823
-66.6777
-93.8489
-94.9282
-94.9465
-94.9072
-94.813
-94.6269
-94.2966
-93.7803
-93.0765
-92.2285
-91.2993
-90.3449
-89.4023
-88.4906
-87.6159
-86.7763
-85.9656
-85.1755
-84.3956
-83.6146
-82.8189
-81.9919
-81.112
-80.1494
-79.0587
-77.7655
-76.1335
-73.8713
-70.1948
-61.9354
-21.832
49.4384
49.3711
44.3434
28.8345
6.64083
-7.23207
-18.0103
-29.1055
-40.4821
-66.6772
-93.8488
-94.9282
-94.9465
-94.9072
-94.813
-94.6269
-94.2966
-93.7803
-93.0766
-92.2286
-91.2993
-90.3449
-89.4023
-88.4907
-87.6159
-86.7763
-85.9656
-85.1755
-84.3956
-83.6146
-82.8189
-81.9919
-81.1121
-80.1494
-79.0587
-77.7655
-76.1336
-73.8714
-70.1949
-61.9358
-21.835
49.438
49.3711
44.3434
28.8345
6.64094
-7.23197
-18.0102
-29.1054
-40.4819
-66.6766
-93.8488
-94.9282
-94.9465
-94.9072
-94.813
-94.6269
-94.2966
-93.7804
-93.0766
-92.2286
-91.2994
-90.3449
-89.4023
-88.4907
-87.6159
-86.7763
-85.9656
-85.1755
-84.3956
-83.6146
-82.8189
-81.9919
-81.1121
-80.1494
-79.0587
-77.7655
-76.1336
-73.8714
-70.1951
-61.9362
-21.838
49.4376
49.3711
44.3433
28.8345
6.64105
-7.23186
-18.0101
-29.1053
-40.4817
-66.6761
-93.8487
-94.9282
-94.9465
-94.9072
-94.813
-94.6269
-94.2967
-93.7804
-93.0766
-92.2286
-91.2994
-90.3449
-89.4024
-88.4907
-87.6159
-86.7763
-85.9657
-85.1755
-84.3957
-83.6146
-82.8189
-81.992
-81.1121
-80.1495
-79.0588
-77.7656
-76.1337
-73.8715
-70.1952
-61.9367
-21.841
49.4372
49.371
44.3433
28.8345
6.64115
-7.23176
-18.01
-29.1051
-40.4815
-66.6756
-93.8487
-94.9282
-94.9465
-94.9072
-94.813
-94.6269
-94.2967
-93.7804
-93.0766
-92.2286
-91.2994
-90.3449
-89.4024
-88.4907
-87.616
-86.7763
-85.9657
-85.1755
-84.3957
-83.6146
-82.8189
-81.992
-81.1121
-80.1495
-79.0588
-77.7656
-76.1337
-73.8716
-70.1953
-61.9371
-21.844
49.4368
49.371
44.3432
28.8345
6.64126
-7.23166
-18.0099
-29.105
-40.4813
-66.6751
-93.8486
-94.9282
-94.9465
-94.9072
-94.813
-94.6269
-94.2967
-93.7804
-93.0766
-92.2286
-91.2994
-90.345
-89.4024
-88.4907
-87.616
-86.7763
-85.9657
-85.1755
-84.3957
-83.6146
-82.8189
-81.992
-81.1121
-80.1495
-79.0588
-77.7656
-76.1338
-73.8717
-70.1955
-61.9375
-21.847
49.4365
49.371
44.3432
28.8345
6.64137
-7.23156
-18.0098
-29.1049
-40.481
-66.6746
-93.8485
-94.9282
-94.9465
-94.9072
-94.813
-94.6269
-94.2967
-93.7804
-93.0767
-92.2287
-91.2994
-90.345
-89.4024
-88.4908
-87.616
-86.7763
-85.9657
-85.1755
-84.3957
-83.6147
-82.8189
-81.992
-81.1121
-80.1495
-79.0588
-77.7657
-76.1338
-73.8717
-70.1956
-61.9379
-21.8499
49.4361
49.3709
44.3431
28.8345
6.64147
-7.23146
-18.0097
-29.1048
-40.4808
-66.6741
-93.8485
-94.9282
-94.9465
-94.9072
-94.813
-94.6269
-94.2967
-93.7804
-93.0767
-92.2287
-91.2995
-90.345
-89.4024
-88.4908
-87.616
-86.7764
-85.9657
-85.1755
-84.3957
-83.6147
-82.819
-81.992
-81.1122
-80.1495
-79.0589
-77.7657
-76.1339
-73.8718
-70.1958
-61.9383
-21.8529
49.4357
49.3709
44.3431
28.8345
6.64158
-7.23136
-18.0096
-29.1047
-40.4806
-66.6736
-93.8484
-94.9282
-94.9465
-94.9072
-94.813
-94.6269
-94.2967
-93.7804
-93.0767
-92.2287
-91.2995
-90.345
-89.4025
-88.4908
-87.616
-86.7764
-85.9657
-85.1756
-84.3957
-83.6147
-82.819
-81.992
-81.1122
-80.1496
-79.0589
-77.7657
-76.1339
-73.8719
-70.1959
-61.9387
-21.8558
49.4353
49.3709
44.343
28.8345
6.64168
-7.23126
-18.0095
-29.1046
-40.4804
-66.6731
-93.8484
-94.9282
-94.9465
-94.9072
-94.813
-94.6269
-94.2967
-93.7805
-93.0767
-92.2287
-91.2995
-90.345
-89.4025
-88.4908
-87.616
-86.7764
-85.9657
-85.1756
-84.3957
-83.6147
-82.819
-81.992
-81.1122
-80.1496
-79.0589
-77.7658
-76.1339
-73.872
-70.1961
-61.9391
-21.8587
49.4349
49.3709
44.343
28.8345
6.64179
-7.23117
-18.0094
-29.1045
-40.4802
-66.6726
-93.8483
-94.9282
-94.9465
-94.9072
-94.813
-94.6269
-94.2967
-93.7805
-93.0767
-92.2287
-91.2995
-90.3451
-89.4025
-88.4908
-87.616
-86.7764
-85.9658
-85.1756
-84.3957
-83.6147
-82.819
-81.9921
-81.1122
-80.1496
-79.0589
-77.7658
-76.134
-73.872
-70.1962
-61.9396
-21.8615
49.4346
49.3708
44.3429
28.8345
6.64189
-7.23107
-18.0093
-29.1044
-40.4801
-66.6722
-93.8483
-94.9282
-94.9465
-94.9072
-94.8131
-94.6269
-94.2967
-93.7805
-93.0767
-92.2288
-91.2995
-90.3451
-89.4025
-88.4908
-87.6161
-86.7764
-85.9658
-85.1756
-84.3958
-83.6147
-82.819
-81.9921
-81.1122
-80.1496
-79.059
-77.7658
-76.134
-73.8721
-70.1963
-61.94
-21.8644
49.4342
49.3708
44.3429
28.8345
6.642
-7.23097
-18.0092
-29.1043
-40.4798
-66.6717
-93.8482
-94.9282
-94.9465
-94.9072
-94.8131
-94.6269
-94.2967
-93.7805
-93.0768
-92.2288
-91.2996
-90.3451
-89.4025
-88.4909
-87.6161
-86.7764
-85.9658
-85.1756
-84.3958
-83.6147
-82.819
-81.9921
-81.1122
-80.1496
-79.059
-77.7659
-76.1341
-73.8722
-70.1965
-61.9404
-21.8672
49.4338
49.3708
44.3429
28.8346
6.64211
-7.23087
-18.0091
-29.1042
-40.4796
-66.6712
-93.8481
-94.9282
-94.9465
-94.9072
-94.8131
-94.6269
-94.2967
-93.7805
-93.0768
-92.2288
-91.2996
-90.3451
-89.4025
-88.4909
-87.6161
-86.7764
-85.9658
-85.1756
-84.3958
-83.6147
-82.819
-81.9921
-81.1123
-80.1497
-79.059
-77.7659
-76.1341
-73.8723
-70.1966
-61.9407
-21.87
49.4334
49.3707
44.3428
28.8346
6.64222
-7.23077
-18.009
-29.1041
-40.4794
-66.6707
-93.8481
-94.9282
-94.9465
-94.9072
-94.8131
-94.6269
-94.2968
-93.7805
-93.0768
-92.2288
-91.2996
-90.3451
-89.4026
-88.4909
-87.6161
-86.7765
-85.9658
-85.1756
-84.3958
-83.6148
-82.819
-81.9921
-81.1123
-80.1497
-79.059
-77.7659
-76.1342
-73.8723
-70.1967
-61.9411
-21.8727
49.4331
49.3707
44.3428
28.8346
6.64233
-7.23067
-18.0089
-29.104
-40.4792
-66.6702
-93.848
-94.9282
-94.9465
-94.9072
-94.8131
-94.6269
-94.2968
-93.7805
-93.0768
-92.2288
-91.2996
-90.3451
-89.4026
-88.4909
-87.6161
-86.7765
-85.9658
-85.1756
-84.3958
-83.6148
-82.8191
-81.9921
-81.1123
-80.1497
-79.0591
-77.766
-76.1342
-73.8724
-70.1969
-61.9415
-21.8755
49.4327
49.3707
44.3427
28.8346
6.64243
-7.23057
-18.0088
-29.1039
-40.4791
-66.6697
-93.848
-94.9282
-94.9465
-94.9072
-94.8131
-94.6269
-94.2968
-93.7806
-93.0768
-92.2288
-91.2996
-90.3452
-89.4026
-88.4909
-87.6161
-86.7765
-85.9658
-85.1757
-84.3958
-83.6148
-82.8191
-81.9921
-81.1123
-80.1497
-79.0591
-77.766
-76.1343
-73.8725
-70.197
-61.9419
-21.8782
49.4323
49.3707
44.3427
28.8346
6.64254
-7.23047
-18.0087
-29.1038
-40.4789
-66.6692
-93.8479
-94.9282
-94.9465
-94.9072
-94.8131
-94.627
-94.2968
-93.7806
-93.0768
-92.2289
-91.2997
-90.3452
-89.4026
-88.4909
-87.6161
-86.7765
-85.9658
-85.1757
-84.3958
-83.6148
-82.8191
-81.9921
-81.1123
-80.1497
-79.0591
-77.766
-76.1343
-73.8725
-70.1971
-61.9423
-21.8809
49.432
49.3706
44.3427
28.8346
6.64265
-7.23037
-18.0086
-29.1037
-40.4787
-66.6687
-93.8479
-94.9282
-94.9465
-94.9073
-94.8131
-94.627
-94.2968
-93.7806
-93.0769
-92.2289
-91.2997
-90.3452
-89.4026
-88.4909
-87.6162
-86.7765
-85.9659
-85.1757
-84.3958
-83.6148
-82.8191
-81.9922
-81.1123
-80.1497
-79.0591
-77.766
-76.1343
-73.8726
-70.1973
-61.9427
-21.8836
49.4316
49.3706
44.3426
28.8346
6.64275
-7.23028
-18.0085
-29.1036
-40.4785
-66.6683
-93.8478
-94.9282
-94.9465
-94.9073
-94.8131
-94.627
-94.2968
-93.7806
-93.0769
-92.2289
-91.2997
-90.3452
-89.4026
-88.491
-87.6162
-86.7765
-85.9659
-85.1757
-84.3958
-83.6148
-82.8191
-81.9922
-81.1124
-80.1498
-79.0592
-77.7661
-76.1344
-73.8727
-70.1974
-61.9431
-21.8863
49.4312
49.3706
44.3426
28.8347
6.64286
-7.23018
-18.0084
-29.1035
-40.4783
-66.6678
-93.8478
-94.9282
-94.9465
-94.9073
-94.8131
-94.627
-94.2968
-93.7806
-93.0769
-92.2289
-91.2997
-90.3452
-89.4027
-88.491
-87.6162
-86.7765
-85.9659
-85.1757
-84.3959
-83.6148
-82.8191
-81.9922
-81.1124
-80.1498
-79.0592
-77.7661
-76.1344
-73.8727
-70.1975
-61.9434
-21.8889
49.4309
49.3706
44.3425
28.8347
6.64296
-7.23009
-18.0083
-29.1034
-40.4781
-66.6673
-93.8477
-94.9282
-94.9465
-94.9073
-94.8131
-94.627
-94.2968
-93.7806
-93.0769
-92.2289
-91.2997
-90.3453
-89.4027
-88.491
-87.6162
-86.7765
-85.9659
-85.1757
-84.3959
-83.6148
-82.8191
-81.9922
-81.1124
-80.1498
-79.0592
-77.7661
-76.1345
-73.8728
-70.1976
-61.9438
-21.8915
49.4305
49.3705
44.3425
28.8347
6.64306
-7.22999
-18.0082
-29.1033
-40.4779
-66.6669
-93.8476
-94.9282
-94.9465
-94.9073
-94.8131
-94.627
-94.2968
-93.7806
-93.0769
-92.229
-91.2997
-90.3453
-89.4027
-88.491
-87.6162
-86.7766
-85.9659
-85.1757
-84.3959
-83.6148
-82.8191
-81.9922
-81.1124
-80.1498
-79.0592
-77.7662
-76.1345
-73.8729
-70.1978
-61.9442
-21.8941
49.4302
49.3705
44.3425
28.8347
6.64317
-7.2299
-18.0081
-29.1032
-40.4777
-66.6664
-93.8476
-94.9282
-94.9465
-94.9073
-94.8131
-94.627
-94.2968
-93.7806
-93.0769
-92.229
-91.2998
-90.3453
-89.4027
-88.491
-87.6162
-86.7766
-85.9659
-85.1757
-84.3959
-83.6149
-82.8191
-81.9922
-81.1124
-80.1498
-79.0592
-77.7662
-76.1346
-73.8729
-70.1979
-61.9445
-21.8968
49.4298
49.3705
44.3424
28.8347
6.64327
-7.22981
-18.008
-29.1031
-40.4775
-66.6659
-93.8475
-94.9282
-94.9465
-94.9073
-94.8131
-94.627
-94.2968
-93.7807
-93.077
-92.229
-91.2998
-90.3453
-89.4027
-88.491
-87.6162
-86.7766
-85.9659
-85.1757
-84.3959
-83.6149
-82.8192
-81.9922
-81.1124
-80.1499
-79.0593
-77.7662
-76.1346
-73.873
-70.198
-61.9449
-21.8994
49.4295
49.3705
44.3424
28.8347
6.64337
-7.22971
-18.0079
-29.103
-40.4773
-66.6655
-93.8475
-94.9282
-94.9465
-94.9073
-94.8131
-94.627
-94.2968
-93.7807
-93.077
-92.229
-91.2998
-90.3453
-89.4027
-88.4911
-87.6163
-86.7766
-85.9659
-85.1758
-84.3959
-83.6149
-82.8192
-81.9922
-81.1124
-80.1499
-79.0593
-77.7663
-76.1346
-73.8731
-70.1982
-61.9453
-21.9019
49.4292
49.3704
44.3423
28.8347
6.64347
-7.22962
-18.0078
-29.1029
-40.4772
-66.665
-93.8474
-94.9282
-94.9465
-94.9073
-94.8131
-94.627
-94.2969
-93.7807
-93.077
-92.229
-91.2998
-90.3453
-89.4028
-88.4911
-87.6163
-86.7766
-85.9659
-85.1758
-84.3959
-83.6149
-82.8192
-81.9923
-81.1125
-80.1499
-79.0593
-77.7663
-76.1347
-73.8731
-70.1983
-61.9456
-21.9045
49.4288
49.3704
44.3423
28.8348
6.64357
-7.22953
-18.0077
-29.1028
-40.477
-66.6646
-93.8474
-94.9282
-94.9465
-94.9073
-94.8131
-94.627
-94.2969
-93.7807
-93.077
-92.229
-91.2998
-90.3454
-89.4028
-88.4911
-87.6163
-86.7766
-85.966
-85.1758
-84.3959
-83.6149
-82.8192
-81.9923
-81.1125
-80.1499
-79.0593
-77.7663
-76.1347
-73.8732
-70.1984
-61.946
-21.907
49.4285
49.3704
44.3423
28.8348
6.64367
-7.22944
-18.0077
-29.1027
-40.4768
-66.6641
-93.8473
-94.9282
-94.9465
-94.9073
-94.8131
-94.627
-94.2969
-93.7807
-93.077
-92.2291
-91.2999
-90.3454
-89.4028
-88.4911
-87.6163
-86.7766
-85.966
-85.1758
-84.3959
-83.6149
-82.8192
-81.9923
-81.1125
-80.1499
-79.0594
-77.7663
-76.1348
-73.8733
-70.1985
-61.9464
-21.9095
49.4281
49.3704
44.3422
28.8348
6.64376
-7.22935
-18.0076
-29.1026
-40.4766
-66.6637
-93.8473
-94.9282
-94.9465
-94.9073
-94.8131
-94.627
-94.2969
-93.7807
-93.077
-92.2291
-91.2999
-90.3454
-89.4028
-88.4911
-87.6163
-86.7766
-85.966
-85.1758
-84.396
-83.6149
-82.8192
-81.9923
-81.1125
-80.1499
-79.0594
-77.7664
-76.1348
-73.8733
-70.1986
-61.9467
-21.912
49.4278
49.3703
44.3422
28.8348
6.64386
-7.22926
-18.0075
-29.1025
-40.4764
-66.6633
-93.8472
-94.9282
-94.9465
-94.9073
-94.8131
-94.627
-94.2969
-93.7807
-93.077
-92.2291
-91.2999
-90.3454
-89.4028
-88.4911
-87.6163
-86.7767
-85.966
-85.1758
-84.396
-83.6149
-82.8192
-81.9923
-81.1125
-80.15
-79.0594
-77.7664
-76.1348
-73.8734
-70.1988
-61.9471
-21.9145
49.4275
49.3703
44.3422
28.8348
6.64396
-7.22917
-18.0074
-29.1024
-40.4763
-66.6628
-93.8472
-94.9282
-94.9465
-94.9073
-94.8131
-94.627
-94.2969
-93.7807
-93.0771
-92.2291
-91.2999
-90.3454
-89.4028
-88.4911
-87.6163
-86.7767
-85.966
-85.1758
-84.396
-83.6149
-82.8192
-81.9923
-81.1125
-80.15
-79.0594
-77.7664
-76.1349
-73.8734
-70.1989
-61.9474
-21.917
49.4271
49.3703
44.3421
28.8348
6.64406
-7.22909
-18.0073
-29.1023
-40.4761
-66.6624
-93.8471
-94.9282
-94.9465
-94.9073
-94.8131
-94.627
-94.2969
-93.7807
-93.0771
-92.2291
-91.2999
-90.3454
-89.4029
-88.4912
-87.6164
-86.7767
-85.966
-85.1758
-84.396
-83.615
-82.8192
-81.9923
-81.1125
-80.15
-79.0594
-77.7665
-76.1349
-73.8735
-70.199
-61.9478
-21.9194
49.4268
49.3703
44.3421
28.8348
6.64415
-7.229
-18.0072
-29.1022
-40.4759
-66.662
-93.8471
-94.9282
-94.9465
-94.9073
-94.8131
-94.627
-94.2969
-93.7808
-93.0771
-92.2291
-91.2999
-90.3455
-89.4029
-88.4912
-87.6164
-86.7767
-85.966
-85.1758
-84.396
-83.615
-82.8193
-81.9923
-81.1126
-80.15
-79.0595
-77.7665
-76.135
-73.8736
-70.1991
-61.9481
-21.9218
49.4265
49.3702
44.3421
28.8348
6.64424
-7.22891
-18.0071
-29.1021
-40.4757
-66.6615
-93.847
-94.9282
-94.9465
-94.9073
-94.8131
-94.627
-94.2969
-93.7808
-93.0771
-92.2292
-91.3
-90.3455
-89.4029
-88.4912
-87.6164
-86.7767
-85.966
-85.1759
-84.396
-83.615
-82.8193
-81.9924
-81.1126
-80.15
-79.0595
-77.7665
-76.135
-73.8736
-70.1992
-61.9485
-21.9242
49.4262
49.3702
44.342
28.8349
6.64434
-7.22883
-18.007
-29.102
-40.4756
-66.6611
-93.847
-94.9282
-94.9465
-94.9073
-94.8131
-94.627
-94.2969
-93.7808
-93.0771
-92.2292
-91.3
-90.3455
-89.4029
-88.4912
-87.6164
-86.7767
-85.966
-85.1759
-84.396
-83.615
-82.8193
-81.9924
-81.1126
-80.15
-79.0595
-77.7665
-76.135
-73.8737
-70.1994
-61.9488
-21.9266
49.4258
49.3702
44.342
28.8349
6.64443
-7.22874
-18.007
-29.102
-40.4754
-66.6607
-93.8469
-94.9282
-94.9465
-94.9073
-94.8131
-94.627
-94.2969
-93.7808
-93.0771
-92.2292
-91.3
-90.3455
-89.4029
-88.4912
-87.6164
-86.7767
-85.9661
-85.1759
-84.396
-83.615
-82.8193
-81.9924
-81.1126
-80.1501
-79.0595
-77.7666
-76.1351
-73.8738
-70.1995
-61.9492
-21.929
49.4255
49.3702
44.3419
28.8349
6.64452
-7.22866
-18.0069
-29.1019
-40.4752
-66.6603
-93.8469
-94.9282
-94.9465
-94.9073
-94.8131
-94.6271
-94.2969
-93.7808
-93.0771
-92.2292
-91.3
-90.3455
-89.4029
-88.4912
-87.6164
-86.7767
-85.9661
-85.1759
-84.396
-83.615
-82.8193
-81.9924
-81.1126
-80.1501
-79.0595
-77.7666
-76.1351
-73.8738
-70.1996
-61.9495
-21.9314
49.4252
49.3702
44.3419
28.8349
6.64461
-7.22857
-18.0068
-29.1018
-40.4751
-66.6599
-93.8468
-94.9282
-94.9465
-94.9073
-94.8131
-94.6271
-94.297
-93.7808
-93.0772
-92.2292
-91.3
-90.3455
-89.403
-88.4912
-87.6164
-86.7768
-85.9661
-85.1759
-84.396
-83.615
-82.8193
-81.9924
-81.1126
-80.1501
-79.0596
-77.7666
-76.1352
-73.8739
-70.1997
-61.9498
-21.9337
49.4249
49.3701
44.3419
28.8349
6.6447
-7.22849
-18.0067
-29.1017
-40.4749
-66.6595
-93.8468
-94.9282
-94.9465
-94.9073
-94.8131
-94.6271
-94.297
-93.7808
-93.0772
-92.2292
-91.3
-90.3456
-89.403
-88.4913
-87.6164
-86.7768
-85.9661
-85.1759
-84.3961
-83.615
-82.8193
-81.9924
-81.1126
-80.1501
-79.0596
-77.7666
-76.1352
-73.8739
-70.1998
-61.9502
-21.9361
49.4246
49.3701
44.3418
28.8349
6.64479
-7.22841
-18.0066
-29.1016
-40.4747
-66.6591
-93.8467
-94.9282
-94.9465
-94.9073
-94.8131
-94.6271
-94.297
-93.7808
-93.0772
-92.2293
-91.3001
-90.3456
-89.403
-88.4913
-87.6165
-86.7768
-85.9661
-85.1759
-84.3961
-83.615
-82.8193
-81.9924
-81.1126

