-70
-68.4461
-66.6037
-63.9251
-58.9282
-43.5738
29.3062
46.6516
18.8893
-12.671
-26.5292
-39.9693
-69.4042
-94.1106
-94.9315
-94.9247
-94.8309
-94.6232
-94.2361
-93.6298
-92.8297
-91.9139
-90.9702
-90.0658
-89.239
-88.505
-87.8648
-87.3117
-86.8362
-86.4279
-86.0773
-85.7755
-85.5151
-85.2896
-85.0935
-84.9222
-84.7718
-84.639
-84.5211
-84.4159
-84.3212
-84.2356
-84.1576
-84.0861
-84.0201
-83.9587
-83.9013
-83.8473
-83.7962
-83.7475
-83.7009
-83.656
-83.6127
-83.5707
-83.5298
-83.4899
-83.4508
-83.4125
-83.3747
-83.3374
-83.3007
-83.2643
-83.2282
-83.1925
-83.157
-83.1218
-83.0867
-83.0518
-83.0171
-82.9825
-82.9481
-82.9137
-82.8795
-82.8454
-82.8113
-82.7773
-82.7434
-82.7095
-82.6757
-82.6419
-82.6082
-82.5746
-82.5409
-82.5074
-82.4738
-82.4403
-82.4069
-82.3734
-82.3401
-82.3067
-82.2734
-82.2401
-82.2068
-82.1735
-82.1403
-82.1071
-82.074
-82.0408
-82.0077
-81.9746
-81.9415
-81.9085
-81.8755
-81.8425
-81.8095
-81.7765
-81.7436
-81.7107
-81.6778
-81.6449
-81.6121
-81.5792
-81.5464
-81.5136
-81.4808
-81.4481
-81.4153
-81.3826
-81.3499
-81.3172
-81.2845
-81.2518
-81.2192
-81.1866
-81.1539
-81.1213
-81.0888
-81.0562
-81.0236
-80.9911
-80.9585
-80.926
-80.8935
-80.861
-80.8285
-80.796
-80.7635
-80.731
-80.6986
-80.6661
-80.6337
-80.6013
-80.5689
-80.5364
-80.504
-80.4716
-80.4392
-80.4068
-80.3744
-80.3421
-80.3097
-80.2773
-80.2449
-80.2125
-80.1802
-80.1478
-80.1154
-80.0831
-80.0507
-80.0183
-79.986
-79.9536
-79.9212
-79.8888
-79.8565
-79.8241
-79.7917
-79.7593
-79.7269
-79.6945
-79.662
-79.6296
-79.5972
-79.5647
-79.5323
-79.4998
-79.4673
-79.4348
-79.4023
-79.3698
-79.3373
-79.3047
-79.2722
-79.2396
-79.207
-79.1744
-79.1418
-79.1091
-79.0764
-79.0437
-79.011
-78.9782
-78.9455
-78.9127
-78.8799
-78.847
-78.8141
-78.7812
-78.7483
-78.7153
-78.6823
-78.6493
-78.6162
-78.5831
-78.5499
-78.5167
-78.4835
-78.4502
-78.4169
-78.3835
-78.3501
-78.3167
-78.2831
-78.2496
-78.216
-78.1823
-78.1486
-78.1148
-78.081
-78.0471
-78.0132
-77.9792
-77.9451
-77.9109
-77.8767
-77.8424
-77.8081
-77.7736
-77.7391
-77.7046
-77.6699
-77.6351
-77.6003
-77.5653
-77.5303
-77.4952
-77.46
-77.4247
-77.3893
-77.3538
-77.3181
-77.2824
-77.2466
-77.2106
-77.1745
-77.1383
-77.102
-77.0655
-77.0289
-76.9922
-76.9553
-76.9183
-76.8811
-76.8437
-76.8062
-76.7686
-76.7308
-76.6928
-76.6546
-76.6162
-76.5776
-76.5389
-76.4999
-76.4608
-76.4214
-76.3818
-76.3419
-76.3018
-76.2615
-76.221
-76.1802
-76.139
-76.0976
-76.056
-76.014
-75.9718
-75.9292
-75.8862
-75.8429
-75.7993
-75.7553
-75.711
-75.6662
-75.621
-75.5754
-75.5293
-75.4828
-75.4358
-75.3883
-75.3403
-75.2917
-75.2426
-75.1928
-75.1425
-75.0915
-75.0398
-74.9874
-74.9342
-74.8803
-74.8256
-74.77
-74.7134
-74.6559
-74.5975
-74.5379
-74.4772
-74.4153
-74.3522
-74.2877
-74.2218
-74.1543
-74.0852
-74.0145
-73.9418
-73.8671
-73.7903
-73.7111
-73.6295
-73.5451
-73.4578
-73.3673
-73.2734
-73.1755
-73.0734
-72.9666
-72.8546
-72.7369
-72.6126
-72.4811
-72.3412
-72.1919
-72.0316
-71.8587
-71.671
-71.4657
-71.2393
-70.9873
-70.7036
-70.38
-70.0047
-69.5607
-69.0218
-68.3458
-67.4584
-66.2152
-64.2889
-60.7354
-51.4219
-4.09752
49.671
42.9747
5.81288
-13.3121
-26.8357
-40.5331
-70.7321
-94.2295
-94.9409
-94.9165
-94.8029
-94.5593
-94.1242
-93.485
-92.6993
-91.8594
-91.0453
-90.3053
-89.6589
-89.1074
-88.6428
-88.2535
-87.9278
-87.6549
-87.4254
-87.2314
-87.0666
-86.9255
-86.8038
-86.6979
-86.605
-86.5226
-86.4489
-86.3822
-86.3214
-86.2654
-86.2132
-86.1642
-86.1179
-86.0737
-86.0313
-85.9904
-85.9507
-85.912
-85.8741
-85.8369
-85.8002
-85.7641
-85.7283
-85.6928
-85.6576
-85.6226
-85.5878
-85.5532
-85.5186
-85.4842
-85.4499
-85.4157
-85.3816
-85.3475
-85.3134
-85.2794
-85.2455
-85.2115
-85.1776
-85.1438
-85.1099
-85.0761
-85.0423
-85.0085
-84.9748
-84.941
-84.9073
-84.8736
-84.8399
-84.8062
-84.7726
-84.7389
-84.7053
-84.6717
-84.6381
-84.6046
-84.571
-84.5374
-84.5039
-84.4704
-84.4369
-84.4034
-84.37
-84.3365
-84.3031
-84.2697
-84.2363
-84.2029
-84.1695
-84.1362
-84.1029
-84.0696
-84.0363
-84.003
-83.9697
-83.9365
-83.9033
-83.87
-83.8369
-83.8037
-83.7705
-83.7374
-83.7043
-83.6712
-83.6381
-83.605
-83.572
-83.539
-83.506
-83.473
-83.44
-83.4071
-83.3741
-83.3412
-83.3083
-83.2755
-83.2426
-83.2098
-83.177
-83.1442
-83.1114
-83.0786
-83.0459
-83.0132
-82.9805
-82.9478
-82.9151
-82.8825
-82.8499
-82.8173
-82.7847
-82.7521
-82.7196
-82.6871
-82.6546
-82.6221
-82.5896
-82.5572
-82.5247
-82.4923
-82.4599
-82.4276
-82.3952
-82.3629
-82.3306
-82.2983
-82.266
-82.2337
-82.2015
-82.1693
-82.1371
-82.1049
-82.0727
-82.0406
-82.0084
-81.9763
-81.9442
-81.9121
-81.8801
-81.848
-81.816
-81.784
-81.752
-81.72
-81.6881
-81.6561
-81.6242
-81.5923
-81.5604
-81.5285
-81.4967
-81.4648
-81.433
-81.4012
-81.3694
-81.3376
-81.3058
-81.2741
-81.2423
-81.2106
-81.1789
-81.1472
-81.1155
-81.0838
-81.0522
-81.0205
-80.9889
-80.9572
-80.9256
-80.894
-80.8625
-80.8309
-80.7993
-80.7677
-80.7362
-80.7046
-80.6731
-80.6416
-80.6101
-80.5786
-80.5471
-80.5156
-80.4841
-80.4526
-80.4212
-80.3897
-80.3583
-80.3268
-80.2954
-80.2639
-80.2325
-80.201
-80.1696
-80.1382
-80.1068
-80.0753
-80.0439
-80.0125
-79.9811
-79.9497
-79.9182
-79.8868
-79.8554
-79.824
-79.7926
-79.7611
-79.7297
-79.6983
-79.6668
-79.6354
-79.6039
-79.5725
-79.541
-79.5095
-79.4781
-79.4466
-79.4151
-79.3836
-79.3521
-79.3205
-79.289
-79.2574
-79.2259
-79.1943
-79.1627
-79.1311
-79.0994
-79.0678
-79.0361
-79.0044
-78.9727
-78.941
-78.9093
-78.8775
-78.8457
-78.8139
-78.7821
-78.7502
-78.7183
-78.6864
-78.6544
-78.6225
-78.5904
-78.5584
-78.5263
-78.4942
-78.4621
-78.4299
-78.3977
-78.3654
-78.3331
-78.3007
-78.2683
-78.2359
-78.2034
-78.1709
-78.1383
-78.1057
-78.073
-78.0403
-78.0075
-77.9747
-77.9418
-77.9088
-77.8758
-77.8427
-77.8096
-77.7764
-77.7431
-77.7098
-77.6763
-77.6428
-77.6092
-77.5756
-77.5418
-77.508
-77.4741
-77.4401
-77.4061
-77.3719
-77.3376
-77.3032
-77.2687
-77.2342
-77.1995
-77.1647
-77.1298
-77.0947
-77.0596
-77.0243
-76.989
-76.9534
-76.9178
-76.882
-76.846
-76.8099
-76.7737
-76.7373
-76.7008
-76.6641
-76.6272
-76.5901
-76.5529
-76.5155
-76.4779
-76.4401
-76.4021
-76.3639
-76.3255
-76.2868
-76.248
-76.2088
-76.1695
-76.1299
-76.09
-76.0499
-76.0095
-75.9688
-75.9278
-75.8864
-75.8448
-75.8029
-75.7606
-75.7179
-75.6749
-75.6315
-75.5877
-75.5435
-75.4989
-75.4538
-75.4083
-75.3622
-75.3157
-75.2687
-75.2211
-75.173
-75.1242
-75.0748
-75.0248
-74.9741
-74.9227
-74.8706
-74.8176
-74.7639
-74.7093
-74.6538
-74.5973
-74.5398
-74.4812
-74.4215
-74.3606
-74.2985
-74.235
-74.17
-74.1035
-74.0355
-73.9656
-73.8939
-73.8202
-73.7443
-73.6661
-73.5854
-73.502
-73.4155
-73.3259
-73.2328
-73.1357
-73.0344
-72.9284
-72.8171
-72.7
-72.5764
-72.4453
-72.3058
-72.1568
-71.9967
-71.8237
-71.6357
-71.4298
-71.2025
-70.949
-70.6632
-70.3364
-69.9563
-69.5056
-68.9565
-68.2644
-67.3504
-66.0583
-64.0276
-60.1823
-49.5203
6.49414
49.6876
39.4722
-1.37576
-16.392
-30.2568
-46.9327
-82.714
-94.6503
-94.9433
-94.897
-94.7595
-94.4781
-93.9997
-93.3277
-92.5294
-91.694
-90.8932
-90.1686
-89.5358
-88.995
-88.538
-88.154
-87.8318
-87.5611
-87.333
-87.1399
-86.9756
-86.8348
-86.7132
-86.6074
-86.5145
-86.4322
-86.3586
-86.2921
-86.2314
-86.1756
-86.1236
-86.0749
-86.0289
-85.985
-85.943
-85.9024
-85.8631
-85.8248
-85.7874
-85.7506
-85.7144
-85.6787
-85.6434
-85.6084
-85.5737
-85.5392
-85.505
-85.4709
-85.4369
-85.403
-85.3693
-85.3356
-85.302
-85.2685
-85.235
-85.2015
-85.1682
-85.1348
-85.1015
-85.0682
-85.0349
-85.0017
-84.9685
-84.9353
-84.9021
-84.869
-84.8359
-84.8027
-84.7697
-84.7366
-84.7035
-84.6705
-84.6375
-84.6045
-84.5715
-84.5386
-84.5056
-84.4727
-84.4398
-84.4069
-84.3741
-84.3412
-84.3084
-84.2756
-84.2428
-84.21
-84.1772
-84.1445
-84.1118
-84.0791
-84.0464
-84.0137
-83.9811
-83.9485
-83.9159
-83.8833
-83.8507
-83.8182
-83.7857
-83.7532
-83.7207
-83.6882
-83.6558
-83.6234
-83.591
-83.5586
-83.5262
-83.4939
-83.4616
-83.4293
-83.397
-83.3647
-83.3325
-83.3003
-83.2681
-83.2359
-83.2038
-83.1717
-83.1396
-83.1075
-83.0754
-83.0434
-83.0114
-82.9794
-82.9474
-82.9154
-82.8835
-82.8516
-82.8197
-82.7878
-82.756
-82.7242
-82.6924
-82.6606
-82.6288
-82.5971
-82.5654
-82.5337
-82.502
-82.4703
-82.4387
-82.4071
-82.3755
-82.3439
-82.3124
-82.2809
-82.2494
-82.2179
-82.1864
-82.155
-82.1236
-82.0922
-82.0608
-82.0294
-81.9981
-81.9668
-81.9355
-81.9042
-81.8729
-81.8417
-81.8105
-81.7793
-81.7481
-81.7169
-81.6858
-81.6547
-81.6236
-81.5925
-81.5614
-81.5304
-81.4993
-81.4683
-81.4373
-81.4064
-81.3754
-81.3445
-81.3136
-81.2827
-81.2518
-81.2209
-81.19
-81.1592
-81.1284
-81.0976
-81.0668
-81.036
-81.0053
-80.9745
-80.9438
-80.9131
-80.8824
-80.8517
-80.821
-80.7904
-80.7597
-80.7291
-80.6985
-80.6679
-80.6373
-80.6067
-80.5761
-80.5456
-80.515
-80.4845
-80.4539
-80.4234
-80.3929
-80.3624
-80.3319
-80.3014
-80.271
-80.2405
-80.21
-80.1796
-80.1491
-80.1187
-80.0883
-80.0578
-80.0274
-79.997
-79.9666
-79.9362
-79.9058
-79.8754
-79.845
-79.8146
-79.7842
-79.7538
-79.7234
-79.693
-79.6626
-79.6322
-79.6018
-79.5714
-79.541
-79.5106
-79.4802
-79.4498
-79.4194
-79.389
-79.3586
-79.3281
-79.2977
-79.2672
-79.2368
-79.2063
-79.1758
-79.1454
-79.1149
-79.0843
-79.0538
-79.0233
-78.9927
-78.9622
-78.9316
-78.901
-78.8704
-78.8398
-78.8091
-78.7785
-78.7478
-78.7171
-78.6864
-78.6556
-78.6248
-78.594
-78.5632
-78.5324
-78.5015
-78.4706
-78.4396
-78.4087
-78.3777
-78.3466
-78.3156
-78.2845
-78.2533
-78.2222
-78.191
-78.1597
-78.1284
-78.0971
-78.0657
-78.0343
-78.0028
-77.9713
-77.9397
-77.9081
-77.8765
-77.8447
-77.8129
-77.7811
-77.7492
-77.7173
-77.6853
-77.6532
-77.621
-77.5888
-77.5565
-77.5242
-77.4918
-77.4593
-77.4267
-77.394
-77.3613
-77.3285
-77.2955
-77.2626
-77.2295
-77.1963
-77.163
-77.1296
-77.0961
-77.0626
-77.0289
-76.9951
-76.9612
-76.9271
-76.893
-76.8587
-76.8243
-76.7897
-76.7551
-76.7203
-76.6853
-76.6502
-76.6149
-76.5795
-76.544
-76.5082
-76.4723
-76.4363
-76.4
-76.3635
-76.3269
-76.2901
-76.2531
-76.2158
-76.1783
-76.1406
-76.1027
-76.0646
-76.0262
-75.9875
-75.9486
-75.9094
-75.87
-75.8302
-75.7902
-75.7498
-75.7091
-75.6681
-75.6267
-75.585
-75.5429
-75.5004
-75.4575
-75.4142
-75.3705
-75.3263
-75.2817
-75.2366
-75.1909
-75.1447
-75.098
-75.0507
-75.0028
-74.9543
-74.9051
-74.8552
-74.8046
-74.7533
-74.7011
-74.6481
-74.5942
-74.5395
-74.4837
-74.4269
-74.369
-74.3099
-74.2497
-74.1881
-74.1251
-74.0607
-73.9947
-73.927
-73.8575
-73.7861
-73.7127
-73.637
-73.5589
-73.4782
-73.3946
-73.3081
-73.2181
-73.1245
-73.0268
-72.9247
-72.8176
-72.705
-72.5862
-72.4605
-72.327
-72.1845
-72.0318
-71.8672
-71.6888
-71.4941
-71.2799
-71.0421
-70.7754
-70.4724
-70.1231
-69.7129
-69.22
-68.6096
-67.823
-66.7509
-65.1616
-62.4541
-56.4543
-33.0341
40.4263
43.7118
10.9881
-11.8934
-25.1631
-38.8431
-66.7086
-93.9598
-94.9403
-94.9303
-94.8373
-94.6334
-94.256
-93.6746
-92.9238
-92.0847
-91.2415
-90.4529
-89.749
-89.1388
-88.6185
-88.1789
-87.809
-87.4979
-87.2358
-87.0142
-86.826
-86.6653
-86.5271
-86.4075
-86.3031
-86.2113
-86.1297
-86.0566
-85.9905
-85.9301
-85.8745
-85.8228
-85.7743
-85.7285
-85.6849
-85.6431
-85.6029
-85.5639
-85.5259
-85.4889
-85.4525
-85.4167
-85.3815
-85.3467
-85.3122
-85.278
-85.2441
-85.2103
-85.1768
-85.1434
-85.1101
-85.077
-85.0439
-85.011
-84.9781
-84.9452
-84.9124
-84.8797
-84.847
-84.8144
-84.7818
-84.7492
-84.7166
-84.6841
-84.6516
-84.6192
-84.5868
-84.5543
-84.522
-84.4896
-84.4573
-84.425
-84.3927
-84.3604
-84.3282
-84.2959
-84.2637
-84.2316
-84.1994
-84.1673
-84.1351
-84.103
-84.071
-84.0389
-84.0069
-83.9749
-83.9429
-83.911
-83.879
-83.8471
-83.8152
-83.7833
-83.7515
-83.7197
-83.6879
-83.6561
-83.6243
-83.5926
-83.5609
-83.5292
-83.4975
-83.4659
-83.4342
-83.4027
-83.3711
-83.3395
-83.308
-83.2765
-83.245
-83.2136
-83.1821
-83.1507
-83.1193
-83.088
-83.0566
-83.0253
-82.994
-82.9628
-82.9315
-82.9003
-82.8691
-82.8379
-82.8068
-82.7757
-82.7446
-82.7135
-82.6824
-82.6514
-82.6204
-82.5894
-82.5585
-82.5275
-82.4966
-82.4657
-82.4349
-82.404
-82.3732
-82.3424
-82.3116
-82.2809
-82.2502
-82.2195
-82.1888
-82.1581
-82.1275
-82.0969
-82.0663
-82.0358
-82.0052
-81.9747
-81.9442
-81.9137
-81.8833
-81.8529
-81.8225
-81.7921
-81.7617
-81.7314
-81.7011
-81.6708
-81.6405
-81.6103
-81.58
-81.5498
-81.5196
-81.4895
-81.4593
-81.4292
-81.3991
-81.369
-81.3389
-81.3089
-81.2789
-81.2489
-81.2189
-81.1889
-81.1589
-81.129
-81.0991
-81.0692
-81.0393
-81.0095
-80.9796
-80.9498
-80.92
-80.8902
-80.8605
-80.8307
-80.801
-80.7713
-80.7416
-80.7119
-80.6822
-80.6525
-80.6229
-80.5933
-80.5637
-80.5341
-80.5045
-80.4749
-80.4454
-80.4158
-80.3863
-80.3568
-80.3273
-80.2978
-80.2683
-80.2388
-80.2093
-80.1799
-80.1505
-80.121
-80.0916
-80.0622
-80.0328
-80.0034
-79.974
-79.9446
-79.9153
-79.8859
-79.8565
-79.8272
-79.7978
-79.7685
-79.7392
-79.7098
-79.6805
-79.6512
-79.6219
-79.5926
-79.5632
-79.5339
-79.5046
-79.4753
-79.446
-79.4167
-79.3874
-79.3581
-79.3287
-79.2994
-79.2701
-79.2408
-79.2115
-79.1821
-79.1528
-79.1235
-79.0941
-79.0647
-79.0354
-79.006
-78.9766
-78.9472
-78.9178
-78.8884
-78.859
-78.8296
-78.8001
-78.7707
-78.7412
-78.7117
-78.6822
-78.6527
-78.6231
-78.5936
-78.564
-78.5344
-78.5048
-78.4751
-78.4455
-78.4158
-78.3861
-78.3564
-78.3266
-78.2968
-78.267
-78.2371
-78.2073
-78.1774
-78.1474
-78.1175
-78.0875
-78.0574
-78.0273
-77.9972
-77.9671
-77.9369
-77.9066
-77.8764
-77.846
-77.8156
-77.7852
-77.7548
-77.7243
-77.6937
-77.6631
-77.6324
-77.6017
-77.5709
-77.54
-77.5091
-77.4782
-77.4471
-77.416
-77.3849
-77.3536
-77.3223
-77.2909
-77.2595
-77.2279
-77.1963
-77.1646
-77.1328
-77.101
-77.069
-77.0369
-77.0048
-76.9726
-76.9402
-76.9078
-76.8752
-76.8425
-76.8098
-76.7769
-76.7439
-76.7108
-76.6775
-76.6441
-76.6106
-76.577
-76.5432
-76.5093
-76.4752
-76.441
-76.4066
-76.372
-76.3373
-76.3024
-76.2674
-76.2321
-76.1967
-76.1611
-76.1252
-76.0892
-76.053
-76.0165
-75.9799
-75.943
-75.9058
-75.8684
-75.8307
-75.7928
-75.7547
-75.7162
-75.6774
-75.6384
-75.599
-75.5593
-75.5193
-75.4789
-75.4381
-75.397
-75.3555
-75.3136
-75.2713
-75.2285
-75.1853
-75.1416
-75.0974
-75.0527
-75.0075
-74.9617
-74.9153
-74.8683
-74.8207
-74.7724
-74.7234
-74.6737
-74.6232
-74.5719
-74.5198
-74.4668
-74.4128
-74.3578
-74.3018
-74.2447
-74.1864
-74.1268
-74.0659
-74.0037
-73.9399
-73.8744
-73.8074
-73.7384
-73.6675
-73.5945
-73.5192
-73.4414
-73.3609
-73.2776
-73.191
-73.1009
-73.0072
-72.9091
-72.8065
-72.6987
-72.5851
-72.4652
-72.3379
-72.2025
-72.0576
-71.9019
-71.7337
-71.5507
-71.3502
-71.1288
-70.8819
-70.6035
-70.2852
-69.9155
-69.4773
-68.9445
-68.2746
-67.3932
-66.1547
-64.228
-60.6497
-51.1347
-2.29566
49.6998
42.5568
4.6856
-13.6445
-27.1984
-41.1808
-72.1645
-94.3032
-94.9418
-94.9138
-94.7955
-94.5438
-94.0999
-93.4568
-92.6748
-91.8436
-91.0394
-90.308
-89.668
-89.1208
-88.6588
-88.2712
-87.9467
-87.6746
-87.4459
-87.2529
-87.0889
-86.9489
-86.8282
-86.7236
-86.6319
-86.5508
-86.4785
-86.4133
-86.3539
-86.2994
-86.2487
-86.2013
-86.1565
-86.1139
-86.0731
-86.0337
-85.9956
-85.9585
-85.9222
-85.8865
-85.8515
-85.8169
-85.7827
-85.7488
-85.7152
-85.6819
-85.6487
-85.6157
-85.5828
-85.55
-85.5173
-85.4847
-85.4522
-85.4197
-85.3873
-85.3549
-85.3226
-85.2903
-85.2581
-85.2258
-85.1936
-85.1615
-85.1293
-85.0972
-85.0651
-85.033
-85.001
-84.969
-84.9369
-84.905
-84.873
-84.841
-84.8091
-84.7772
-84.7453
-84.7134
-84.6816
-84.6497
-84.6179
-84.5861
-84.5544
-84.5226
-84.4909
-84.4592
-84.4275
-84.3958
-84.3641
-84.3325
-84.3009
-84.2693
-84.2378
-84.2062
-84.1747
-84.1432
-84.1117
-84.0803
-84.0488
-84.0174
-83.986
-83.9547
-83.9233
-83.892
-83.8607
-83.8294
-83.7982
-83.767
-83.7358
-83.7046
-83.6734
-83.6423
-83.6112
-83.5801
-83.549
-83.518
-83.487
-83.456
-83.425
-83.3941
-83.3632
-83.3323
-83.3014
-83.2706
-83.2398
-83.209
-83.1782
-83.1475
-83.1168
-83.0861
-83.0554
-83.0248
-82.9942
-82.9636
-82.933
-82.9025
-82.872
-82.8415
-82.8111
-82.7806
-82.7502
-82.7198
-82.6895
-82.6591
-82.6288
-82.5986
-82.5683
-82.5381
-82.5079
-82.4777
-82.4475
-82.4174
-82.3873
-82.3572
-82.3272
-82.2972
-82.2672
-82.2372
-82.2072
-82.1773
-82.1474
-82.1175
-82.0877
-82.0578
-82.028
-81.9983
-81.9685
-81.9388
-81.9091
-81.8794
-81.8497
-81.8201
-81.7905
-81.7609
-81.7313
-81.7018
-81.6723
-81.6428
-81.6133
-81.5839
-81.5545
-81.5251
-81.4957
-81.4664
-81.437
-81.4077
-81.3784
-81.3492
-81.3199
-81.2907
-81.2615
-81.2324
-81.2032
-81.1741
-81.145
-81.1159
-81.0868
-81.0578
-81.0287
-80.9997
-80.9707
-80.9418
-80.9128
-80.8839
-80.855
-80.8261
-80.7972
-80.7684
-80.7395
-80.7107
-80.6819
-80.6532
-80.6244
-80.5957
-80.5669
-80.5382
-80.5095
-80.4808
-80.4522
-80.4235
-80.3949
-80.3663
-80.3377
-80.3091
-80.2805
-80.2519
-80.2234
-80.1949
-80.1664
-80.1379
-80.1094
-80.0809
-80.0524
-80.0239
-79.9955
-79.9671
-79.9386
-79.9102
-79.8818
-79.8534
-79.825
-79.7967
-79.7683
-79.7399
-79.7116
-79.6832
-79.6549
-79.6266
-79.5982
-79.5699
-79.5416
-79.5133
-79.4849
-79.4566
-79.4283
-79.4001
-79.3718
-79.3435
-79.3152
-79.2869
-79.2586
-79.2303
-79.202
-79.1737
-79.1454
-79.1171
-79.0888
-79.0605
-79.0322
-79.0039
-78.9756
-78.9473
-78.9189
-78.8906
-78.8623
-78.8339
-78.8056
-78.7772
-78.7488
-78.7204
-78.692
-78.6636
-78.6352
-78.6068
-78.5783
-78.5498
-78.5214
-78.4929
-78.4644
-78.4358
-78.4073
-78.3787
-78.3501
-78.3215
-78.2929
-78.2642
-78.2355
-78.2069
-78.1781
-78.1494
-78.1206
-78.0918
-78.0629
-78.0341
-78.0052
-77.9762
-77.9473
-77.9183
-77.8892
-77.8601
-77.831
-77.8019
-77.7727
-77.7434
-77.7142
-77.6849
-77.6555
-77.6261
-77.5966
-77.5671
-77.5375
-77.5079
-77.4782
-77.4485
-77.4187
-77.3888
-77.3589
-77.329
-77.2989
-77.2688
-77.2386
-77.2084
-77.1781
-77.1477
-77.1172
-77.0867
-77.0561
-77.0254
-76.9946
-76.9637
-76.9327
-76.9017
-76.8705
-76.8393
-76.8079
-76.7765
-76.7449
-76.7132
-76.6815
-76.6496
-76.6175
-76.5854
-76.5531
-76.5207
-76.4882
-76.4556
-76.4228
-76.3898
-76.3567
-76.3235
-76.2901
-76.2566
-76.2228
-76.1889
-76.1549
-76.1206
-76.0861
-76.0515
-76.0167
-75.9817
-75.9464
-75.9109
-75.8752
-75.8393
-75.8031
-75.7667
-75.7301
-75.6931
-75.6559
-75.6184
-75.5806
-75.5425
-75.5042
-75.4654
-75.4263
-75.3869
-75.3471
-75.307
-75.2665
-75.2255
-75.1841
-75.1423
-75.1
-75.0573
-75.014
-74.9703
-74.926
-74.8811
-74.8356
-74.7896
-74.7429
-74.6955
-74.6474
-74.5986
-74.549
-74.4986
-74.4473
-74.3951
-74.3419
-74.2878
-74.2325
-74.1762
-74.1186
-74.0598
-73.9997
-73.938
-73.8749
-73.8101
-73.7436
-73.6752
-73.6047
-73.5322
-73.4572
-73.3797
-73.2994
-73.2162
-73.1296
-73.0395
-72.9454
-72.847
-72.7438
-72.6352
-72.5206
-72.3992
-72.2703
-72.1326
-71.9851
-71.826
-71.6535
-71.4653
-71.2583
-71.0286
-70.771
-70.4789
-70.1425
-69.7484
-69.276
-68.6937
-67.948
-66.9413
-65.4713
-63.033
-57.9138
-40.0876
35.4488
45.1367
14.8021
-11.9413
-25.3981
-39.0313
-67.1566
-93.9765
-94.9355
-94.9314
-94.8445
-94.6516
-94.2921
-93.7317
-92.9988
-92.1705
-91.3301
-90.5384
-89.828
-89.2096
-88.681
-88.2338
-87.8571
-87.5403
-87.2735
-87.0482
-86.8571
-86.6942
-86.5544
-86.4337
-86.3286
-86.2363
-86.1546
-86.0816
-86.0158
-85.9559
-85.9008
-85.8497
-85.802
-85.7569
-85.7142
-85.6733
-85.634
-85.5959
-85.559
-85.5229
-85.4875
-85.4528
-85.4186
-85.3848
-85.3514
-85.3183
-85.2854
-85.2527
-85.2203
-85.188
-85.1558
-85.1237
-85.0918
-85.0599
-85.0281
-84.9963
-84.9647
-84.933
-84.9014
-84.8699
-84.8384
-84.807
-84.7755
-84.7441
-84.7128
-84.6814
-84.6501
-84.6189
-84.5876
-84.5564
-84.5252
-84.494
-84.4629
-84.4318
-84.4007
-84.3696
-84.3385
-84.3075
-84.2765
-84.2455
-84.2146
-84.1837
-84.1528
-84.1219
-84.091
-84.0602
-84.0294
-83.9986
-83.9679
-83.9372
-83.9065
-83.8758
-83.8451
-83.8145
-83.7839
-83.7533
-83.7228
-83.6923
-83.6618
-83.6313
-83.6009
-83.5704
-83.54
-83.5097
-83.4793
-83.449
-83.4187
-83.3885
-83.3583
-83.3281
-83.2979
-83.2677
-83.2376
-83.2075
-83.1774
-83.1474
-83.1174
-83.0874
-83.0574
-83.0275
-82.9976
-82.9677
-82.9378
-82.908
-82.8782
-82.8484
-82.8187
-82.789
-82.7593
-82.7296
-82.7
-82.6704
-82.6408
-82.6113
-82.5817
-82.5522
-82.5228
-82.4933
-82.4639
-82.4345
-82.4051
-82.3758
-82.3465
-82.3172
-82.288
-82.2587
-82.2295
-82.2004
-82.1712
-82.1421
-82.113
-82.084
-82.0549
-82.0259
-81.9969
-81.968
-81.939
-81.9101
-81.8812
-81.8524
-81.8236
-81.7948
-81.766
-81.7372
-81.7085
-81.6798
-81.6511
-81.6225
-81.5939
-81.5653
-81.5367
-81.5082
-81.4796
-81.4511
-81.4227
-81.3942
-81.3658
-81.3374
-81.309
-81.2807
-81.2524
-81.2241
-81.1958
-81.1675
-81.1393
-81.1111
-81.0829
-81.0547
-81.0266
-80.9985
-80.9704
-80.9423
-80.9143
-80.8862
-80.8582
-80.8302
-80.8023
-80.7743
-80.7464
-80.7185
-80.6906
-80.6627
-80.6349
-80.6071
-80.5793
-80.5515
-80.5237
-80.496
-80.4682
-80.4405
-80.4129
-80.3852
-80.3575
-80.3299
-80.3023
-80.2747
-80.2471
-80.2195
-80.1919
-80.1644
-80.1369
-80.1094
-80.0819
-80.0544
-80.0269
-79.9995
-79.9721
-79.9446
-79.9172
-79.8899
-79.8625
-79.8351
-79.8077
-79.7804
-79.753
-79.7257
-79.6984
-79.6711
-79.6438
-79.6165
-79.5893
-79.562
-79.5347
-79.5075
-79.4802
-79.453
-79.4258
-79.3986
-79.3714
-79.3442
-79.3169
-79.2897
-79.2626
-79.2354
-79.2082
-79.181
-79.1538
-79.1267
-79.0995
-79.0723
-79.0451
-79.0179
-78.9908
-78.9636
-78.9364
-78.9093
-78.8821
-78.8549
-78.8277
-78.8005
-78.7733
-78.7461
-78.7189
-78.6917
-78.6645
-78.6373
-78.6101
-78.5828
-78.5556
-78.5283
-78.501
-78.4738
-78.4465
-78.4192
-78.3919
-78.3645
-78.3372
-78.3098
-78.2824
-78.255
-78.2276
-78.2002
-78.1728
-78.1453
-78.1178
-78.0903
-78.0628
-78.0352
-78.0076
-77.98
-77.9524
-77.9247
-77.8971
-77.8693
-77.8416
-77.8138
-77.786
-77.7581
-77.7303
-77.7024
-77.6744
-77.6465
-77.6184
-77.5904
-77.5622
-77.5341
-77.5059
-77.4777
-77.4494
-77.4211
-77.3927
-77.3643
-77.3358
-77.3073
-77.2787
-77.25
-77.2213
-77.1926
-77.1638
-77.1349
-77.1059
-77.0769
-77.0478
-77.0187
-76.9895
-76.9602
-76.9308
-76.9013
-76.8718
-76.8422
-76.8125
-76.7827
-76.7528
-76.7228
-76.6928
-76.6626
-76.6323
-76.602
-76.5715
-76.5409
-76.5103
-76.4795
-76.4485
-76.4175
-76.3863
-76.355
-76.3236
-76.2921
-76.2604
-76.2285
-76.1965
-76.1644
-76.1321
-76.0996
-76.067
-76.0342
-76.0013
-75.9682
-75.9348
-75.9013
-75.8676
-75.8336
-75.7995
-75.7652
-75.7306
-75.6958
-75.6607
-75.6254
-75.5899
-75.5541
-75.518
-75.4817
-75.445
-75.4081
-75.3708
-75.3332
-75.2953
-75.2571
-75.2184
-75.1794
-75.14
-75.1002
-75.0601
-75.0194
-74.9783
-74.9368
-74.8947
-74.8521
-74.809
-74.7654
-74.7211
-74.6763
-74.6308
-74.5846
-74.5378
-74.4902
-74.4418
-74.3926
-74.3426
-74.2917
-74.2398
-74.1869
-74.133
-74.0779
-74.0217
-73.9642
-73.9054
-73.8451
-73.7834
-73.72
-73.6548
-73.5878
-73.5188
-73.4476
-73.3741
-73.2981
-73.2194
-73.1376
-73.0527
-72.9641
-72.8717
-72.775
-72.6734
-72.5665
-72.4537
-72.3342
-72.2072
-72.0715
-71.926
-71.7692
-71.599
-71.4132
-71.2089
-70.9821
-70.7278
-70.4393
-70.1071
-69.7178
-69.2515
-68.6768
-67.9414
-66.9499
-65.5053
-63.1191
-58.1501
-41.1476
33.7519
45.5735
16.053
-12.0404
-25.5746
-39.1694
-67.4753
-93.9841
-94.9328
-94.9313
-94.8457
-94.655
-94.299
-93.743
-93.0144
-92.1891
-91.3502
-90.5585
-89.847
-89.2269
-88.6965
-88.2475
-87.8693
-87.5512
-87.2834
-87.0574
-86.8658
-86.7026
-86.5627
-86.442
-86.3371
-86.2451
-86.1637
-86.0911
-86.0257
-85.9662
-85.9116
-85.861
-85.8138
-85.7692
-85.727
-85.6867
-85.6478
-85.6103
-85.5739
-85.5383
-85.5035
-85.4693
-85.4356
-85.4024
-85.3695
-85.3369
-85.3045
-85.2724
-85.2404
-85.2087
-85.177
-85.1455
-85.114
-85.0827
-85.0514
-85.0202
-84.989
-84.9579
-84.9269
-84.8958
-84.8649
-84.8339
-84.8031
-84.7722
-84.7414
-84.7106
-84.6798
-84.649
-84.6183
-84.5876
-84.557
-84.5264
-84.4958
-84.4652
-84.4346
-84.4041
-84.3736
-84.3431
-84.3127
-84.2822
-84.2518
-84.2215
-84.1911
-84.1608
-84.1305
-84.1002
-84.07
-84.0398
-84.0096
-83.9794
-83.9493
-83.9192
-83.8891
-83.859
-83.829
-83.799
-83.769
-83.7391
-83.7091
-83.6792
-83.6494
-83.6195
-83.5897
-83.5599
-83.5302
-83.5005
-83.4707
-83.4411
-83.4114
-83.3818
-83.3522
-83.3227
-83.2931
-83.2636
-83.2341
-83.2047
-83.1753
-83.1459
-83.1165
-83.0872
-83.0579
-83.0286
-82.9994
-82.9701
-82.941
-82.9118
-82.8827
-82.8536
-82.8245
-82.7954
-82.7664
-82.7374
-82.7085
-82.6795
-82.6506
-82.6218
-82.5929
-82.5641
-82.5353
-82.5066
-82.4778
-82.4491
-82.4205
-82.3918
-82.3632
-82.3346
-82.3061
-82.2776
-82.2491
-82.2206
-82.1921
-82.1637
-82.1354
-82.107
-82.0787
-82.0504
-82.0221
-81.9939
-81.9656
-81.9375
-81.9093
-81.8812
-81.8531
-81.825
-81.7969
-81.7689
-81.7409
-81.713
-81.685
-81.6571
-81.6292
-81.6014
-81.5736
-81.5458
-81.518
-81.4902
-81.4625
-81.4348
-81.4071
-81.3795
-81.3519
-81.3243
-81.2967
-81.2692
-81.2417
-81.2142
-81.1867
-81.1593
-81.1319
-81.1045
-81.0771
-81.0498
-81.0225
-80.9952
-80.9679
-80.9407
-80.9135
-80.8863
-80.8591
-80.832
-80.8048
-80.7777
-80.7507
-80.7236
-80.6966
-80.6696
-80.6426
-80.6156
-80.5887
-80.5617
-80.5348
-80.508
-80.4811
-80.4542
-80.4274
-80.4006
-80.3739
-80.3471
-80.3204
-80.2936
-80.2669
-80.2403
-80.2136
-80.1869
-80.1603
-80.1337
-80.1071
-80.0806
-80.054
-80.0275
-80.0009
-79.9744
-79.9479
-79.9215
-79.895
-79.8686
-79.8421
-79.8157
-79.7893
-79.7629
-79.7366
-79.7102
-79.6839
-79.6575
-79.6312
-79.6049
-79.5786
-79.5523
-79.526
-79.4998
-79.4735
-79.4473
-79.4211
-79.3948
-79.3686
-79.3424
-79.3162
-79.29
-79.2638
-79.2377
-79.2115
-79.1854
-79.1592
-79.1331
-79.1069
-79.0808
-79.0546
-79.0285
-79.0024
-78.9763
-78.9502
-78.924
-78.8979
-78.8718
-78.8457
-78.8196
-78.7935
-78.7673
-78.7412
-78.7151
-78.689
-78.6629
-78.6368
-78.6106
-78.5845
-78.5584
-78.5322
-78.5061
-78.4799
-78.4538
-78.4276
-78.4014
-78.3753
-78.3491
-78.3228
-78.2966
-78.2704
-78.2442
-78.2179
-78.1917
-78.1654
-78.1391
-78.1128
-78.0865
-78.0601
-78.0337
-78.0074
-77.981
-77.9546
-77.9281
-77.9017
-77.8752
-77.8487
-77.8221
-77.7956
-77.769
-77.7424
-77.7158
-77.6891
-77.6624
-77.6357
-77.6089
-77.5821
-77.5553
-77.5284
-77.5015
-77.4746
-77.4477
-77.4206
-77.3936
-77.3665
-77.3393
-77.3122
-77.2849
-77.2577
-77.2304
-77.203
-77.1756
-77.1481
-77.1206
-77.093
-77.0653
-77.0376
-77.0099
-76.9821
-76.9542
-76.9262
-76.8982
-76.8701
-76.8419
-76.8137
-76.7854
-76.757
-76.7286
-76.7
-76.6714
-76.6427
-76.6139
-76.585
-76.556
-76.5269
-76.4977
-76.4685
-76.4391
-76.4096
-76.38
-76.3502
-76.3204
-76.2905
-76.2604
-76.2302
-76.1999
-76.1695
-76.1389
-76.1081
-76.0773
-76.0462
-76.0151
-75.9838
-75.9523
-75.9206
-75.8888
-75.8567
-75.8246
-75.7922
-75.7596
-75.7269
-75.6939
-75.6607
-75.6273
-75.5936
-75.5598
-75.5257
-75.4914
-75.4567
-75.4219
-75.3867
-75.3513
-75.3155
-75.2795
-75.2432
-75.2065
-75.1695
-75.1321
-75.0944
-75.0563
-75.0178
-74.9789
-74.9396
-74.8998
-74.8596
-74.8189
-74.7777
-74.736
-74.6937
-74.6508
-74.6074
-74.5634
-74.5187
-74.4733
-74.4272
-74.3804
-74.3327
-74.2843
-74.235
-74.1847
-74.1335
-74.0813
-74.028
-73.9735
-73.9178
-73.8608
-73.8025
-73.7427
-73.6813
-73.6182
-73.5533
-73.4865
-73.4177
-73.3465
-73.2731
-73.1969
-73.1179
-73.0358
-72.9503
-72.861
-72.7677
-72.6698
-72.5668
-72.4582
-72.3433
-72.2213
-72.0911
-71.9517
-71.8017
-71.6394
-71.4625
-71.2685
-71.0539
-70.8143
-70.5436
-70.2339
-69.8737
-69.4462
-68.9259
-68.2714
-67.41
-66.2002
-64.3204
-60.8403
-51.6466
-4.86524
49.649
43.076
6.02464
-13.2702
-26.8003
-40.488
-70.6592
-94.2253
-94.9407
-94.9155
-94.7987
-94.5494
-94.1094
-93.4716
-92.695
-91.8678
-91.0657
-90.3345
-89.6935
-89.1447
-88.6811
-88.2921
-87.9665
-87.6938
-87.4649
-87.272
-87.1085
-86.969
-86.8493
-86.7456
-86.655
-86.5752
-86.5041
-86.4402
-86.3822
-86.329
-86.2797
-86.2337
-86.1903
-86.1491
-86.1097
-86.0718
-86.0351
-85.9994
-85.9645
-85.9303
-85.8967
-85.8635
-85.8308
-85.7984
-85.7662
-85.7343
-85.7025
-85.6709
-85.6395
-85.6082
-85.5769
-85.5458
-85.5147
-85.4837
-85.4527
-85.4218
-85.391
-85.3602
-85.3294
-85.2986
-85.2679
-85.2372
-85.2066
-85.176
-85.1453
-85.1148
-85.0842
-85.0537
-85.0232
-84.9927
-84.9623
-84.9318
-84.9014
-84.871
-84.8407
-84.8103
-84.78
-84.7497
-84.7195
-84.6892
-84.659
-84.6288
-84.5987
-84.5685
-84.5384
-84.5083
-84.4782
-84.4482
-84.4182
-84.3882
-84.3582
-84.3282
-84.2983
-84.2684
-84.2386
-84.2087
-84.1789
-84.1491
-84.1194
-84.0896
-84.0599
-84.0303
-84.0006
-83.971
-83.9414
-83.9118
-83.8823
-83.8528
-83.8233
-83.7938
-83.7644
-83.735
-83.7056
-83.6763
-83.647
-83.6177
-83.5884
-83.5592
-83.53
-83.5008
-83.4717
-83.4426
-83.4135
-83.3844
-83.3554
-83.3264
-83.2974
-83.2685
-83.2396
-83.2107
-83.1819
-83.1531
-83.1243
-83.0955
-83.0668
-83.0381
-83.0094
-82.9808
-82.9522
-82.9236
-82.8951
-82.8665
-82.8381
-82.8096
-82.7812
-82.7528
-82.7244
-82.6961
-82.6678
-82.6395
-82.6113
-82.5831
-82.5549
-82.5267
-82.4986
-82.4705
-82.4424
-82.4144
-82.3864
-82.3584
-82.3305
-82.3026
-82.2747
-82.2469
-82.219
-82.1912
-82.1635
-82.1358
-82.1081
-82.0804
-82.0527
-82.0251
-81.9975
-81.97
-81.9425
-81.915
-81.8875
-81.8601
-81.8327
-81.8053
-81.778
-81.7506
-81.7233
-81.6961
-81.6688
-81.6416
-81.6145
-81.5873
-81.5602
-81.5331
-81.5061
-81.479
-81.452
-81.425
-81.3981
-81.3712
-81.3443
-81.3174
-81.2906
-81.2638
-81.237
-81.2102
-81.1835
-81.1568
-81.1301
-81.1035
-81.0768
-81.0502
-81.0237
-80.9971
-80.9706
-80.9441
-80.9176
-80.8912
-80.8648
-80.8384
-80.812
-80.7856
-80.7593
-80.733
-80.7067
-80.6805
-80.6543
-80.6281
-80.6019
-80.5757
-80.5496
-80.5235
-80.4974
-80.4713
-80.4453
-80.4193
-80.3933
-80.3673
-80.3414
-80.3154
-80.2895
-80.2636
-80.2377
-80.2119
-80.1861
-80.1603
-80.1345
-80.1087
-80.083
-80.0572
-80.0315
-80.0058
-79.9801
-79.9545
-79.9288
-79.9032
-79.8776
-79.852
-79.8264
-79.8009
-79.7753
-79.7498
-79.7243
-79.6988
-79.6733
-79.6479
-79.6224
-79.597
-79.5716
-79.5462
-79.5208
-79.4954
-79.47
-79.4447
-79.4193
-79.394
-79.3687
-79.3434
-79.3181
-79.2928
-79.2675
-79.2422
-79.217
-79.1917
-79.1665
-79.1413
-79.116
-79.0908
-79.0656
-79.0404
-79.0152
-78.99
-78.9648
-78.9396
-78.9145
-78.8893
-78.8641
-78.839
-78.8138
-78.7886
-78.7635
-78.7383
-78.7132
-78.688
-78.6629
-78.6377
-78.6126
-78.5874
-78.5623
-78.5371
-78.512
-78.4868
-78.4616
-78.4365
-78.4113
-78.3861
-78.3609
-78.3357
-78.3105
-78.2853
-78.2601
-78.2349
-78.2097
-78.1844
-78.1592
-78.1339
-78.1087
-78.0834
-78.0581
-78.0327
-78.0074
-77.9821
-77.9567
-77.9314
-77.906
-77.8806
-77.8551
-77.8297
-77.8042
-77.7787
-77.7532
-77.7277
-77.7021
-77.6766
-77.6509
-77.6253
-77.5996
-77.5739
-77.5482
-77.5225
-77.4967
-77.4709
-77.4451
-77.4192
-77.3933
-77.3673
-77.3413
-77.3153
-77.2892
-77.2631
-77.237
-77.2108
-77.1846
-77.1583
-77.132
-77.1056
-77.0792
-77.0527
-77.0262
-76.9996
-76.973
-76.9463
-76.9195
-76.8927
-76.8659
-76.8389
-76.8119
-76.7849
-76.7577
-76.7305
-76.7033
-76.6759
-76.6485
-76.6209
-76.5934
-76.5657
-76.5379
-76.5101
-76.4822
-76.4542
-76.426
-76.3978
-76.3695
-76.3411
-76.3125
-76.2839
-76.2552
-76.2263
-76.1974
-76.1683
-76.139
-76.1097
-76.0802
-76.0506
-76.0209
-75.991
-75.9609
-75.9307
-75.9004
-75.8699
-75.8392
-75.8084
-75.7774
-75.7462
-75.7148
-75.6832
-75.6514
-75.6195
-75.5873
-75.5549
-75.5223
-75.4894
-75.4564
-75.423
-75.3894
-75.3555
-75.3214
-75.287
-75.2524
-75.2174
-75.182
-75.1464
-75.1104
-75.0741
-75.0375
-75.0004
-74.963
-74.9251
-74.8869
-74.8482
-74.809
-74.7694
-74.7293
-74.6887
-74.6475
-74.6057
-74.5634
-74.5205
-74.4769
-74.4327
-74.3877
-74.342
-74.2955
-74.2482
-74.2
-74.1509
-74.1009
-74.0499
-73.9977
-73.9444
-73.8899
-73.8341
-73.777
-73.7184
-73.6582
-73.5964
-73.5328
-73.4673
-73.3997
-73.3298
-73.2576
-73.1827
-73.105
-73.0243
-72.9401
-72.8522
-72.7602
-72.6636
-72.562
-72.4548
-72.3413
-72.2206
-72.0919
-71.9539
-71.8053
-71.6442
-71.4688
-71.2761
-71.0627
-70.8242
-70.5546
-70.2457
-69.886
-69.4585
-68.9375
-68.2807
-67.4141
-66.1928
-64.2851
-60.7181
-51.0829
-1.387
49.7081
42.3319
4.10066
-13.841
-27.4177
-41.5849
-73.0477
-94.3433
-94.9417
-94.9108
-94.7882
-94.5296
-94.0791
-93.4331
-92.6529
-91.8266
-91.0282
-90.3019
-89.6661
-89.1221
-88.6629
-88.2777
-87.9553
-87.6855
-87.459
-87.2682
-87.1066
-86.9688
-86.8505
-86.748
-86.6586
-86.5798
-86.5097
-86.4467
-86.3894
-86.3369
-86.2884
-86.243
-86.2002
-86.1596
-86.1208
-86.0834
-86.0472
-86.012
-85.9777
-85.944
-85.9108
-85.8781
-85.8458
-85.8139
-85.7822
-85.7507
-85.7194
-85.6883
-85.6573
-85.6264
-85.5956
-85.5649
-85.5343
-85.5037
-85.4732
-85.4428
-85.4123
-85.382
-85.3516
-85.3214
-85.2911
-85.2609
-85.2307
-85.2005
-85.1703
-85.1402
-85.1101
-85.0801
-85.05
-85.02
-84.99
-84.96
-84.9301
-84.9002
-84.8703
-84.8404
-84.8106
-84.7808
-84.751
-84.7212
-84.6914
-84.6617
-84.632
-84.6024
-84.5727
-84.5431
-84.5135
-84.484
-84.4544
-84.4249
-84.3954
-84.366
-84.3365
-84.3071
-84.2778
-84.2484
-84.2191
-84.1898
-84.1605
-84.1313
-84.1021
-84.0729
-84.0437
-84.0146
-83.9855
-83.9565
-83.9274
-83.8984
-83.8694
-83.8405
-83.8116
-83.7827
-83.7538
-83.725
-83.6962
-83.6674
-83.6387
-83.6099
-83.5813
-83.5526
-83.524
-83.4954
-83.4668
-83.4383
-83.4098
-83.3813
-83.3529
-83.3245
-83.2961
-83.2678
-83.2395
-83.2112
-83.1829
-83.1547
-83.1265
-83.0984
-83.0702
-83.0421
-83.0141
-82.986
-82.958
-82.9301
-82.9021
-82.8742
-82.8463
-82.8185
-82.7907
-82.7629
-82.7352
-82.7074
-82.6798
-82.6521
-82.6245
-82.5969
-82.5693
-82.5418
-82.5143
-82.4868
-82.4594
-82.432
-82.4046
-82.3773
-82.35
-82.3227
-82.2955
-82.2683
-82.2411
-82.2139
-82.1868
-82.1597
-82.1326
-82.1056
-82.0786
-82.0517
-82.0247
-81.9978
-81.971
-81.9441
-81.9173
-81.8905
-81.8638
-81.8371
-81.8104
-81.7837
-81.7571
-81.7305
-81.7039
-81.6774
-81.6509
-81.6244
-81.598
-81.5716
-81.5452
-81.5188
-81.4925
-81.4662
-81.4399
-81.4137
-81.3875
-81.3613
-81.3351
-81.309
-81.2829
-81.2569
-81.2308
-81.2048
-81.1788
-81.1529
-81.127
-81.1011
-81.0752
-81.0493
-81.0235
-80.9977
-80.972
-80.9462
-80.9205
-80.8949
-80.8692
-80.8436
-80.818
-80.7924
-80.7669
-80.7413
-80.7158
-80.6904
-80.6649
-80.6395
-80.6141
-80.5888
-80.5634
-80.5381
-80.5128
-80.4875
-80.4623
-80.437
-80.4118
-80.3867
-80.3615
-80.3364
-80.3113
-80.2862
-80.2611
-80.2361
-80.2111
-80.1861
-80.1611
-80.1361
-80.1112
-80.0863
-80.0614
-80.0365
-80.0117
-79.9869
-79.962
-79.9373
-79.9125
-79.8878
-79.863
-79.8383
-79.8136
-79.7889
-79.7643
-79.7396
-79.715
-79.6904
-79.6658
-79.6413
-79.6167
-79.5922
-79.5676
-79.5431
-79.5186
-79.4942
-79.4697
-79.4453
-79.4208
-79.3964
-79.372
-79.3476
-79.3232
-79.2989
-79.2745
-79.2502
-79.2259
-79.2016
-79.1773
-79.153
-79.1287
-79.1044
-79.0801
-79.0559
-79.0316
-79.0074
-78.9832
-78.959
-78.9348
-78.9106
-78.8864
-78.8622
-78.838
-78.8138
-78.7896
-78.7655
-78.7413
-78.7172
-78.693
-78.6689
-78.6447
-78.6206
-78.5965
-78.5723
-78.5482
-78.524
-78.4999
-78.4758
-78.4517
-78.4275
-78.4034
-78.3793
-78.3551
-78.331
-78.3068
-78.2827
-78.2585
-78.2344
-78.2102
-78.1861
-78.1619
-78.1377
-78.1135
-78.0893
-78.0651
-78.0409
-78.0167
-77.9924
-77.9682
-77.944
-77.9197
-77.8954
-77.8711
-77.8468
-77.8225
-77.7981
-77.7738
-77.7494
-77.725
-77.7006
-77.6762
-77.6518
-77.6273
-77.6028
-77.5783
-77.5537
-77.5292
-77.5046
-77.48
-77.4554
-77.4307
-77.406
-77.3813
-77.3566
-77.3318
-77.307
-77.2821
-77.2573
-77.2324
-77.2074
-77.1824
-77.1574
-77.1323
-77.1072
-77.0821
-77.0569
-77.0317
-77.0064
-76.9811
-76.9557
-76.9303
-76.9048
-76.8793
-76.8537
-76.8281
-76.8024
-76.7767
-76.7509
-76.725
-76.6991
-76.6731
-76.647
-76.6209
-76.5947
-76.5684
-76.5421
-76.5157
-76.4892
-76.4627
-76.436
-76.4093
-76.3824
-76.3555
-76.3285
-76.3014
-76.2742
-76.247
-76.2196
-76.1921
-76.1645
-76.1368
-76.1089
-76.081
-76.0529
-76.0248
-75.9965
-75.9681
-75.9395
-75.9108
-75.8819
-75.853
-75.8238
-75.7946
-75.7651
-75.7355
-75.7058
-75.6758
-75.6457
-75.6154
-75.5849
-75.5542
-75.5234
-75.4923
-75.461
-75.4295
-75.3977
-75.3658
-75.3336
-75.3011
-75.2684
-75.2354
-75.2022
-75.1686
-75.1348
-75.1006
-75.0662
-75.0314
-74.9963
-74.9608
-74.9249
-74.8887
-74.8521
-74.8151
-74.7776
-74.7397
-74.7014
-74.6625
-74.6232
-74.5833
-74.5429
-74.5019
-74.4603
-74.4181
-74.3752
-74.3316
-74.2874
-74.2423
-74.1964
-74.1497
-74.1021
-74.0536
-74.0041
-73.9536
-73.9019
-73.8491
-73.795
-73.7396
-73.6827
-73.6244
-73.5644
-73.5027
-73.4392
-73.3736
-73.3059
-73.2359
-73.1633
-73.088
-73.0097
-72.9282
-72.843
-72.754
-72.6605
-72.5623
-72.4586
-72.3489
-72.2325
-72.1083
-71.9754
-71.8323
-71.6776
-71.5093
-71.3248
-71.121
-70.894
-70.6382
-70.3464
-70.0084
-69.6095
-69.1275
-68.5272
-67.7485
-66.6784
-65.0729
-62.2843
-55.8485
-28.6856
40.4812
43.5966
10.4884
-11.9986
-25.2899
-38.9673
-67.03
-93.9857
-94.9401
-94.9287
-94.8328
-94.6226
-94.2364
-93.6484
-92.8986
-92.0693
-91.2419
-90.4723
-89.7879
-89.1964
-88.6935
-88.2697
-87.9142
-87.6161
-87.3658
-87.1549
-86.9764
-86.8245
-86.6944
-86.5822
-86.4846
-86.399
-86.3232
-86.2555
-86.1944
-86.1388
-86.0877
-86.0402
-85.9958
-85.9538
-85.914
-85.8758
-85.8391
-85.8035
-85.7689
-85.735
-85.7019
-85.6693
-85.6372
-85.6054
-85.574
-85.5428
-85.5119
-85.4812
-85.4506
-85.4202
-85.3899
-85.3597
-85.3296
-85.2995
-85.2696
-85.2397
-85.2098
-85.1801
-85.1503
-85.1206
-85.0909
-85.0613
-85.0317
-85.0022
-84.9727
-84.9432
-84.9137
-84.8843
-84.8549
-84.8255
-84.7961
-84.7668
-84.7375
-84.7083
-84.679
-84.6498
-84.6207
-84.5915
-84.5624
-84.5333
-84.5042
-84.4752
-84.4462
-84.4172
-84.3882
-84.3593
-84.3304
-84.3015
-84.2727
-84.2439
-84.2151
-84.1864
-84.1576
-84.1289
-84.1003
-84.0716
-84.043
-84.0145
-83.9859
-83.9574
-83.9289
-83.9005
-83.872
-83.8436
-83.8153
-83.7869
-83.7586
-83.7304
-83.7021
-83.6739
-83.6457
-83.6176
-83.5895
-83.5614
-83.5333
-83.5053
-83.4773
-83.4494
-83.4214
-83.3935
-83.3657
-83.3378
-83.31
-83.2823
-83.2545
-83.2268
-83.1992
-83.1715
-83.1439
-83.1163
-83.0888
-83.0613
-83.0338
-83.0064
-82.979
-82.9516
-82.9242
-82.8969
-82.8696
-82.8424
-82.8152
-82.788
-82.7608
-82.7337
-82.7066
-82.6796
-82.6525
-82.6255
-82.5986
-82.5717
-82.5448
-82.5179
-82.4911
-82.4643
-82.4375
-82.4108
-82.3841
-82.3574
-82.3308
-82.3042
-82.2777
-82.2511
-82.2246
-82.1981
-82.1717
-82.1453
-82.1189
-82.0926
-82.0663
-82.04
-82.0138
-81.9875
-81.9614
-81.9352
-81.9091
-81.883
-81.857
-81.8309
-81.805
-81.779
-81.7531
-81.7272
-81.7013
-81.6755
-81.6497
-81.6239
-81.5982
-81.5724
-81.5468
-81.5211
-81.4955
-81.4699
-81.4444
-81.4188
-81.3933
-81.3679
-81.3424
-81.317
-81.2917
-81.2663
-81.241
-81.2157
-81.1904
-81.1652
-81.14
-81.1149
-81.0897
-81.0646
-81.0395
-81.0145
-80.9894
-80.9644
-80.9395
-80.9145
-80.8896
-80.8647
-80.8399
-80.815
-80.7902
-80.7655
-80.7407
-80.716
-80.6913
-80.6666
-80.642
-80.6174
-80.5928
-80.5682
-80.5437
-80.5192
-80.4947
-80.4702
-80.4458
-80.4214
-80.397
-80.3726
-80.3483
-80.324
-80.2997
-80.2754
-80.2512
-80.227
-80.2028
-80.1786
-80.1545
-80.1304
-80.1063
-80.0822
-80.0581
-80.0341
-80.0101
-79.9861
-79.9621
-79.9382
-79.9143
-79.8904
-79.8665
-79.8426
-79.8188
-79.7949
-79.7711
-79.7474
-79.7236
-79.6999
-79.6761
-79.6524
-79.6288
-79.6051
-79.5814
-79.5578
-79.5342
-79.5106
-79.487
-79.4634
-79.4399
-79.4164
-79.3929
-79.3694
-79.3459
-79.3224
-79.2989
-79.2755
-79.2521
-79.2287
-79.2053
-79.1819
-79.1585
-79.1352
-79.1118
-79.0885
-79.0652
-79.0419
-79.0186
-78.9953
-78.972
-78.9488
-78.9255
-78.9023
-78.8791
-78.8558
-78.8326
-78.8094
-78.7862
-78.763
-78.7398
-78.7167
-78.6935
-78.6704
-78.6472
-78.6241
-78.6009
-78.5778
-78.5546
-78.5315
-78.5084
-78.4853
-78.4622
-78.4391
-78.416
-78.3929
-78.3697
-78.3466
-78.3235
-78.3004
-78.2773
-78.2542
-78.2311
-78.208
-78.1849
-78.1618
-78.1387
-78.1156
-78.0924
-78.0693
-78.0462
-78.023
-77.9999
-77.9768
-77.9536
-77.9305
-77.9073
-77.8841
-77.8609
-77.8377
-77.8145
-77.7913
-77.768
-77.7448
-77.7216
-77.6983
-77.675
-77.6517
-77.6284
-77.6051
-77.5817
-77.5584
-77.535
-77.5116
-77.4882
-77.4648
-77.4413
-77.4178
-77.3943
-77.3708
-77.3472
-77.3236
-77.3
-77.2764
-77.2528
-77.2291
-77.2054
-77.1817
-77.1579
-77.1341
-77.1102
-77.0864
-77.0625
-77.0385
-77.0146
-76.9905
-76.9665
-76.9424
-76.9183
-76.8941
-76.8699
-76.8456
-76.8213
-76.7969
-76.7725
-76.7481
-76.7236
-76.699
-76.6744
-76.6497
-76.625
-76.6002
-76.5753
-76.5504
-76.5255
-76.5005
-76.4754
-76.4502
-76.4249
-76.3996
-76.3742
-76.3488
-76.3232
-76.2976
-76.2719
-76.2461
-76.2203
-76.1943
-76.1682
-76.1421
-76.1158
-76.0895
-76.063
-76.0365
-76.0099
-75.9831
-75.9562
-75.9292
-75.9021
-75.8749
-75.8475
-75.82
-75.7924
-75.7647
-75.7368
-75.7087
-75.6805
-75.6522
-75.6237
-75.595
-75.5662
-75.5372
-75.508
-75.4787
-75.4491
-75.4194
-75.3894
-75.3592
-75.3289
-75.2983
-75.2675
-75.2365
-75.2052
-75.1737
-75.1419
-75.1098
-75.0775
-75.0449
-75.012
-74.9788
-74.9452
-74.9114
-74.8772
-74.8426
-74.8077
-74.7724
-74.7367
-74.7006
-74.664
-74.627
-74.5896
-74.5517
-74.5133
-74.4743
-74.4347
-74.3946
-74.3539
-74.3126
-74.2706
-74.2279
-74.1845
-74.1403
-74.0953
-74.0495
-74.0028
-73.9551
-73.9064
-73.8566
-73.8058
-73.7538
-73.7004
-73.6457
-73.5897
-73.5321
-73.4728
-73.4117
-73.3488
-73.2839
-73.2168
-73.1473
-73.0752
-73.0003
-72.9224
-72.8412
-72.7563
-72.6673
-72.5739
-72.4755
-72.3716
-72.2615
-72.1444
-72.0194
-71.8852
-71.7407
-71.5839
-71.413
-71.2253
-71.0173
-70.7847
-70.5217
-70.2204
-69.8698
-69.4534
-68.9465
-68.3091
-67.4712
-66.2975
-64.4839
-61.1619
-52.593
-10.0812
49.4088
43.8017
8.30876
-12.7638
-26.2685
-39.8007
-69.1044
-94.1325
-94.94
-94.919
-94.807
-94.5655
-94.1357
-93.5073
-92.7368
-91.9116
-91.1083
-90.3743
-89.7301
-89.1782
-88.7121
-88.3213
-87.9946
-87.7213
-87.4923
-87.2996
-87.1366
-86.9979
-86.879
-86.7763
-86.6868
-86.608
-86.5381
-86.4754
-86.4186
-86.3667
-86.3186
-86.2738
-86.2317
-86.1917
-86.1536
-86.1169
-86.0814
-86.0469
-86.0133
-85.9803
-85.9479
-85.916
-85.8845
-85.8533
-85.8223
-85.7916
-85.7611
-85.7307
-85.7005
-85.6704
-85.6404
-85.6105
-85.5806
-85.5509
-85.5212
-85.4915
-85.4619
-85.4323
-85.4028
-85.3733
-85.3438
-85.3144
-85.285
-85.2556
-85.2263
-85.197
-85.1677
-85.1385
-85.1092
-85.08
-85.0509
-85.0217
-84.9926
-84.9635
-84.9345
-84.9054
-84.8764
-84.8474
-84.8185
-84.7895
-84.7606
-84.7318
-84.7029
-84.6741
-84.6453
-84.6165
-84.5878
-84.5591
-84.5304
-84.5018
-84.4731
-84.4445
-84.416
-84.3874
-84.3589
-84.3305
-84.302
-84.2736
-84.2452
-84.2169
-84.1885
-84.1602
-84.132
-84.1037
-84.0755
-84.0473
-84.0192
-83.9911
-83.963
-83.935
-83.9069
-83.8789
-83.851
-83.8231
-83.7952
-83.7673
-83.7395
-83.7117
-83.6839
-83.6562
-83.6285
-83.6008
-83.5732
-83.5456
-83.518
-83.4905
-83.463
-83.4355
-83.408
-83.3806
-83.3533
-83.3259
-83.2986
-83.2713
-83.2441
-83.2169
-83.1897
-83.1626
-83.1355
-83.1084
-83.0813
-83.0543
-83.0274
-83.0004
-82.9735
-82.9466
-82.9198
-82.893
-82.8662
-82.8395
-82.8128
-82.7861
-82.7595
-82.7328
-82.7063
-82.6797
-82.6532
-82.6268
-82.6003
-82.5739
-82.5476
-82.5212
-82.4949
-82.4686
-82.4424
-82.4162
-82.39
-82.3639
-82.3378
-82.3117
-82.2857
-82.2597
-82.2337
-82.2078
-82.1819
-82.156
-82.1302
-82.1044
-82.0787
-82.0529
-82.0272
-82.0015
-81.9759
-81.9503
-81.9247
-81.8992
-81.8737
-81.8482
-81.8228
-81.7974
-81.772
-81.7467
-81.7214
-81.6961
-81.6708
-81.6456
-81.6205
-81.5953
-81.5702
-81.5451
-81.5201
-81.495
-81.4701
-81.4451
-81.4202
-81.3953
-81.3704
-81.3456
-81.3208
-81.296
-81.2713
-81.2466
-81.2219
-81.1972
-81.1726
-81.148
-81.1235
-81.099
-81.0745
-81.05
-81.0255
-81.0011
-80.9768
-80.9524
-80.9281
-80.9038
-80.8795
-80.8553
-80.8311
-80.8069
-80.7828
-80.7587
-80.7346
-80.7105
-80.6865
-80.6625
-80.6385
-80.6145
-80.5906
-80.5667
-80.5428
-80.519
-80.4952
-80.4714
-80.4476
-80.4239
-80.4002
-80.3765
-80.3529
-80.3292
-80.3056
-80.282
-80.2585
-80.2349
-80.2114
-80.1879
-80.1645
-80.1411
-80.1176
-80.0943
-80.0709
-80.0475
-80.0242
-80.0009
-79.9777
-79.9544
-79.9312
-79.908
-79.8848
-79.8617
-79.8385
-79.8154
-79.7923
-79.7692
-79.7462
-79.7232
-79.7002
-79.6772
-79.6542
-79.6313
-79.6083
-79.5854
-79.5625
-79.5396
-79.5168
-79.494
-79.4711
-79.4484
-79.4256
-79.4028
-79.3801
-79.3574
-79.3346
-79.3119
-79.2893
-79.2666
-79.244
-79.2213
-79.1987
-79.1761
-79.1536
-79.131
-79.1084
-79.0859
-79.0634
-79.0408
-79.0183
-78.9959
-78.9734
-78.9509
-78.9285
-78.9061
-78.8836
-78.8612
-78.8388
-78.8164
-78.7941
-78.7717
-78.7493
-78.727
-78.7046
-78.6823
-78.66
-78.6377
-78.6154
-78.5931
-78.5708
-78.5485
-78.5262
-78.5039
-78.4817
-78.4594
-78.4372
-78.4149
-78.3927
-78.3704
-78.3482
-78.3259
-78.3037
-78.2815
-78.2592
-78.237
-78.2148
-78.1926
-78.1704
-78.1481
-78.1259
-78.1037
-78.0815
-78.0592
-78.037
-78.0148
-77.9925
-77.9703
-77.9481
-77.9258
-77.9036
-77.8813
-77.859
-77.8368
-77.8145
-77.7922
-77.7699
-77.7476
-77.7253
-77.703
-77.6807
-77.6584
-77.636
-77.6136
-77.5912
-77.5689
-77.5465
-77.524
-77.5016
-77.4792
-77.4567
-77.4342
-77.4117
-77.3892
-77.3667
-77.3441
-77.3215
-77.299
-77.2763
-77.2537
-77.2311
-77.2084
-77.1857
-77.1629
-77.1402
-77.1174
-77.0945
-77.0717
-77.0488
-77.0259
-77.003
-76.98
-76.957
-76.934
-76.9109
-76.8877
-76.8646
-76.8414
-76.8182
-76.7949
-76.7716
-76.7482
-76.7248
-76.7014
-76.6779
-76.6543
-76.6307
-76.6071
-76.5834
-76.5596
-76.5358
-76.512
-76.4881
-76.4641
-76.44
-76.4159
-76.3918
-76.3675
-76.3432
-76.3188
-76.2944
-76.2699
-76.2453
-76.2207
-76.1959
-76.1711
-76.1461
-76.1211
-76.0961
-76.0709
-76.0456
-76.0203
-75.9948
-75.9693
-75.9436
-75.9178
-75.8919
-75.8659
-75.8398
-75.8136
-75.7873
-75.7608
-75.7343
-75.7075
-75.6807
-75.6537
-75.6265
-75.5992
-75.5718
-75.5442
-75.5165
-75.4886
-75.4605
-75.4322
-75.4038
-75.3751
-75.3463
-75.3173
-75.2881
-75.2587
-75.2291
-75.1992
-75.1691
-75.1388
-75.1082
-75.0774
-75.0463
-75.0149
-74.9833
-74.9513
-74.9191
-74.8865
-74.8537
-74.8205
-74.7869
-74.753
-74.7187
-74.684
-74.6489
-74.6134
-74.5775
-74.5411
-74.5042
-74.4668
-74.4289
-74.3904
-74.3514
-74.3118
-74.2716
-74.2307
-74.1891
-74.1468
-74.1038
-74.06
-74.0153
-73.9698
-73.9233
-73.8758
-73.8273
-73.7777
-73.7269
-73.6749
-73.6215
-73.5668
-73.5105
-73.4526
-73.393
-73.3315
-73.2681
-73.2024
-73.1344
-73.064
-72.9907
-72.9145
-72.835
-72.7519
-72.6648
-72.5733
-72.477
-72.3752
-72.2674
-72.1526
-72.0301
-71.8987
-71.7571
-71.6036
-71.4361
-71.2523
-71.0487
-70.8211
-70.5641
-70.2698
-69.9276
-69.5221
-69.0294
-68.4118
-67.6033
-66.4783
-64.7577
-61.6645
-53.9833
-17.705
48.0081
43.4005
8.64024
-12.4519
-25.8282
-39.4238
-68.1553
-94.0703
-94.9405
-94.9234
-94.8175
-94.5867
-94.1707
-93.5546
-92.7899
-91.9626
-91.1509
-90.4047
-89.7468
-89.1813
-88.7026
-88.3005
-87.964
-87.6823
-87.4461
-87.2473
-87.0792
-86.9362
-86.8138
-86.7082
-86.6163
-86.5356
-86.4641
-86.4001
-86.3422
-86.2894
-86.2408
-86.1955
-86.1531
-86.1129
-86.0746
-86.0379
-86.0024
-85.968
-85.9345
-85.9017
-85.8695
-85.8379
-85.8066
-85.7757
-85.745
-85.7147
-85.6845
-85.6545
-85.6246
-85.5949
-85.5653
-85.5357
-85.5063
-85.4769
-85.4476
-85.4183
-85.3891
-85.36
-85.3309
-85.3018
-85.2728
-85.2438
-85.2148
-85.1859
-85.157
-85.1281
-85.0993
-85.0705
-85.0417
-85.013
-84.9843
-84.9556
-84.9269
-84.8983
-84.8697
-84.8411
-84.8126
-84.784
-84.7555
-84.7271
-84.6987
-84.6703
-84.6419
-84.6135
-84.5852
-84.5569
-84.5287
-84.5005
-84.4723
-84.4441
-84.416
-84.3878
-84.3598
-84.3317
-84.3037
-84.2757
-84.2478
-84.2199
-84.192
-84.1641
-84.1363
-84.1085
-84.0807
-84.053
-84.0253
-83.9976
-83.97
-83.9424
-83.9148
-83.8873
-83.8597
-83.8323
-83.8048
-83.7774
-83.7501
-83.7227
-83.6954
-83.6681
-83.6409
-83.6137
-83.5865
-83.5593
-83.5322
-83.5052
-83.4781
-83.4511
-83.4241
-83.3972
-83.3703
-83.3434
-83.3166
-83.2897
-83.263
-83.2362
-83.2095
-83.1829
-83.1562
-83.1296
-83.1031
-83.0765
-83.05
-83.0236
-82.9971
-82.9707
-82.9444
-82.918
-82.8917
-82.8655
-82.8393
-82.8131
-82.7869
-82.7608
-82.7347
-82.7087
-82.6827
-82.6567
-82.6307
-82.6048
-82.5789
-82.5531
-82.5273
-82.5015
-82.4758
-82.4501
-82.4244
-82.3988
-82.3732
-82.3476
-82.3221
-82.2966
-82.2711
-82.2457
-82.2203
-82.1949
-82.1696
-82.1443
-82.119
-82.0938
-82.0686
-82.0435
-82.0183
-81.9932
-81.9682
-81.9432
-81.9182
-81.8932
-81.8683
-81.8434
-81.8186
-81.7937
-81.7689
-81.7442
-81.7195
-81.6948
-81.6701
-81.6455
-81.6209
-81.5964
-81.5718
-81.5473
-81.5229
-81.4985
-81.4741
-81.4497
-81.4254
-81.4011
-81.3768
-81.3526
-81.3284
-81.3042
-81.2801
-81.256
-81.2319
-81.2078
-81.1838
-81.1598
-81.1359
-81.112
-81.0881
-81.0642
-81.0404
-81.0166
-80.9928
-80.9691
-80.9454
-80.9217
-80.8981
-80.8745
-80.8509
-80.8273
-80.8038
-80.7803
-80.7568
-80.7334
-80.71
-80.6866
-80.6632
-80.6399
-80.6166
-80.5934
-80.5701
-80.5469
-80.5237
-80.5006
-80.4774
-80.4543
-80.4313
-80.4082
-80.3852
-80.3622
-80.3392
-80.3163
-80.2934
-80.2705
-80.2476
-80.2248
-80.202
-80.1792
-80.1565
-80.1337
-80.111
-80.0883
-80.0657
-80.043
-80.0204
-79.9978
-79.9753
-79.9527
-79.9302
-79.9078
-79.8853
-79.8629
-79.8404
-79.818
-79.7957
-79.7733
-79.751
-79.7287
-79.7064
-79.6841
-79.6619
-79.6397
-79.6175
-79.5953
-79.5731
-79.551
-79.5289
-79.5068
-79.4847
-79.4626
-79.4406
-79.4186
-79.3966
-79.3746
-79.3526
-79.3307
-79.3088
-79.2869
-79.265
-79.2431
-79.2212
-79.1994
-79.1776
-79.1558
-79.134
-79.1122
-79.0905
-79.0687
-79.047
-79.0253
-79.0036
-78.9819
-78.9603
-78.9386
-78.917
-78.8954
-78.8737
-78.8521
-78.8306
-78.809
-78.7874
-78.7659
-78.7443
-78.7228
-78.7013
-78.6798
-78.6583
-78.6368
-78.6154
-78.5939
-78.5724
-78.551
-78.5296
-78.5081
-78.4867
-78.4653
-78.4439
-78.4225
-78.4011
-78.3797
-78.3584
-78.337
-78.3156
-78.2943
-78.2729
-78.2516
-78.2302
-78.2089
-78.1876
-78.1662
-78.1449
-78.1236
-78.1022
-78.0809
-78.0596
-78.0382
-78.0169
-77.9956
-77.9743
-77.953
-77.9316
-77.9103
-77.889
-77.8676
-77.8463
-77.825
-77.8036
-77.7823
-77.7609
-77.7396
-77.7182
-77.6968
-77.6755
-77.6541
-77.6327
-77.6113
-77.5899
-77.5685
-77.547
-77.5256
-77.5042
-77.4827
-77.4612
-77.4398
-77.4183
-77.3967
-77.3752
-77.3537
-77.3321
-77.3105
-77.2889
-77.2674
-77.2457
-77.2241
-77.2025
-77.1808
-77.1591
-77.1373
-77.1156
-77.0938
-77.072
-77.0502
-77.0283
-77.0065
-76.9846
-76.9627
-76.9407
-76.9188
-76.8967
-76.8747
-76.8526
-76.8305
-76.8083
-76.7862
-76.764
-76.7417
-76.7195
-76.6971
-76.6747
-76.6523
-76.6299
-76.6074
-76.5848
-76.5622
-76.5396
-76.5169
-76.4942
-76.4715
-76.4486
-76.4257
-76.4028
-76.3798
-76.3567
-76.3336
-76.3104
-76.2872
-76.2639
-76.2406
-76.2171
-76.1936
-76.17
-76.1464
-76.1226
-76.0988
-76.075
-76.051
-76.027
-76.0029
-75.9787
-75.9544
-75.93
-75.9055
-75.8809
-75.8562
-75.8314
-75.8065
-75.7815
-75.7564
-75.7312
-75.7059
-75.6804
-75.6548
-75.6291
-75.6033
-75.5773
-75.5512
-75.525
-75.4986
-75.4721
-75.4454
-75.4185
-75.3915
-75.3643
-75.337
-75.3095
-75.2818
-75.2539
-75.2258
-75.1975
-75.169
-75.1403
-75.1113
-75.0822
-75.0528
-75.0232
-74.9933
-74.9631
-74.9327
-74.902
-74.871
-74.8398
-74.8082
-74.7763
-74.7441
-74.7115
-74.6786
-74.6452
-74.6116
-74.5775
-74.543
-74.5081
-74.4727
-74.4368
-74.4005
-74.3636
-74.3262
-74.2883
-74.2497
-74.2106
-74.1708
-74.1303
-74.0891
-74.0472
-74.0045
-73.961
-73.9166
-73.8713
-73.825
-73.7777
-73.7293
-73.6798
-73.629
-73.5769
-73.5235
-73.4685
-73.412
-73.3538
-73.2938
-73.2317
-73.1676
-73.1012
-73.0323
-72.9607
-72.8861
-72.8084
-72.7271
-72.6419
-72.5524
-72.4582
-72.3586
-72.2531
-72.1409
-72.0211
-71.8926
-71.7542
-71.6042
-71.4407
-71.2612
-71.0627
-70.841
-70.5909
-70.3051
-69.9735
-69.5816
-69.1073
-68.5156
-67.7469
-66.6888
-65.0984
-62.3287
-55.8959
-28.5034
40.4082
43.603
10.465
-12.0155
-25.3139
-38.9904
-67.0914
-93.9901
-94.9398
-94.9282
-94.8315
-94.619
-94.2293
-93.6382
-92.8872
-92.0588
-91.2339
-90.4673
-89.7863
-89.1979
-88.6981
-88.2773
-87.9246
-87.6291
-87.3814
-87.1729
-86.9967
-86.847
-86.719
-86.6088
-86.5131
-86.4293
-86.3552
-86.2891
-86.2296
-86.1755
-86.1258
-86.0797
-86.0366
-85.9959
-85.9574
-85.9204
-85.8849
-85.8505
-85.817
-85.7844
-85.7524
-85.7209
-85.6899
-85.6593
-85.6289
-85.5989
-85.5691
-85.5394
-85.51
-85.4806
-85.4514
-85.4223
-85.3933
-85.3644
-85.3355
-85.3067
-85.278
-85.2493
-85.2206
-85.192
-85.1635
-85.1349
-85.1065
-85.078
-85.0496
-85.0212
-84.9929
-84.9646
-84.9363
-84.908
-84.8798
-84.8516
-84.8235
-84.7953
-84.7673
-84.7392
-84.7112
-84.6831
-84.6552
-84.6272
-84.5993
-84.5714
-84.5436
-84.5158
-84.488
-84.4602
-84.4325
-84.4048
-84.3771
-84.3495
-84.3219
-84.2943
-84.2668
-84.2392
-84.2118
-84.1843
-84.1569
-84.1295
-84.1022
-84.0749
-84.0476
-84.0203
-83.9931
-83.9659
-83.9388
-83.9117
-83.8846
-83.8575
-83.8305
-83.8035
-83.7766
-83.7496
-83.7228
-83.6959
-83.6691
-83.6423
-83.6156
-83.5888
-83.5622
-83.5355
-83.5089
-83.4823
-83.4558
-83.4293
-83.4028
-83.3764
-83.35
-83.3236
-83.2973
-83.271
-83.2447
-83.2185
-83.1923
-83.1661
-83.14
-83.1139
-83.0878
-83.0618
-83.0358
-83.0099
-82.9839
-82.9581
-82.9322
-82.9064
-82.8806
-82.8549
-82.8292
-82.8035
-82.7779
-82.7523
-82.7267
-82.7012
-82.6757
-82.6502
-82.6248
-82.5994
-82.5741
-82.5488
-82.5235
-82.4982
-82.473
-82.4478
-82.4227
-82.3976
-82.3725
-82.3475
-82.3225
-82.2975
-82.2726
-82.2477
-82.2228
-82.198
-82.1732
-82.1484
-82.1237
-82.099
-82.0744
-82.0497
-82.0251
-82.0006
-81.9761
-81.9516
-81.9271
-81.9027
-81.8784
-81.854
-81.8297
-81.8054
-81.7812
-81.757
-81.7328
-81.7086
-81.6845
-81.6605
-81.6364
-81.6124
-81.5884
-81.5645
-81.5406
-81.5167
-81.4929
-81.4691
-81.4453
-81.4216
-81.3978
-81.3742
-81.3505
-81.3269
-81.3033
-81.2798
-81.2563
-81.2328
-81.2093
-81.1859
-81.1625
-81.1392
-81.1159
-81.0926
-81.0693
-81.0461
-81.0229
-80.9997
-80.9766
-80.9535
-80.9304
-80.9074
-80.8844
-80.8614
-80.8384
-80.8155
-80.7926
-80.7697
-80.7469
-80.7241
-80.7013
-80.6786
-80.6559
-80.6332
-80.6106
-80.5879
-80.5653
-80.5428
-80.5202
-80.4977
-80.4752
-80.4528
-80.4303
-80.408
-80.3856
-80.3633
-80.3409
-80.3186
-80.2964
-80.2741
-80.2519
-80.2298
-80.2076
-80.1855
-80.1634
-80.1413
-80.1193
-80.0973
-80.0753
-80.0533
-80.0313
-80.0094
-79.9875
-79.9657
-79.9438
-79.922
-79.9002
-79.8784
-79.8567
-79.835
-79.8133
-79.7916
-79.7699
-79.7483
-79.7267
-79.7051
-79.6836
-79.662
-79.6405
-79.619
-79.5976
-79.5761
-79.5547
-79.5333
-79.5119
-79.4905
-79.4692
-79.4479
-79.4266
-79.4053
-79.384
-79.3628
-79.3416
-79.3204
-79.2992
-79.278
-79.2569
-79.2357
-79.2146
-79.1936
-79.1725
-79.1515
-79.1304
-79.1094
-79.0884
-79.0674
-79.0464
-79.0255
-79.0046
-78.9836
-78.9628
-78.9419
-78.921
-78.9002
-78.8793
-78.8585
-78.8377
-78.8169
-78.7961
-78.7753
-78.7546
-78.7338
-78.7131
-78.6924
-78.6717
-78.651
-78.6303
-78.6097
-78.589
-78.5684
-78.5477
-78.5271
-78.5065
-78.4859
-78.4653
-78.4448
-78.4242
-78.4036
-78.3831
-78.3625
-78.342
-78.3214
-78.3009
-78.2804
-78.2599
-78.2394
-78.2189
-78.1984
-78.178
-78.1575
-78.137
-78.1165
-78.0961
-78.0756
-78.0551
-78.0347
-78.0142
-77.9938
-77.9734
-77.9529
-77.9325
-77.912
-77.8916
-77.8712
-77.8507
-77.8303
-77.8098
-77.7894
-77.7689
-77.7485
-77.7281
-77.7076
-77.6872
-77.6667
-77.6463
-77.6258
-77.6053
-77.5848
-77.5644
-77.5439
-77.5234
-77.5029
-77.4824
-77.4619
-77.4414
-77.4208
-77.4003
-77.3797
-77.3591
-77.3386
-77.318
-77.2974
-77.2768
-77.2561
-77.2355
-77.2149
-77.1942
-77.1735
-77.1528
-77.1321
-77.1113
-77.0906
-77.0698
-77.049
-77.0282
-77.0074
-76.9865
-76.9657
-76.9448
-76.9238
-76.9029
-76.8819
-76.8609
-76.8399
-76.8188
-76.7977
-76.7766
-76.7555
-76.7343
-76.7131
-76.6919
-76.6706
-76.6493
-76.6279
-76.6066
-76.5851
-76.5637
-76.5422
-76.5207
-76.4991
-76.4775
-76.4558
-76.4341
-76.4124
-76.3905
-76.3687
-76.3468
-76.3248
-76.3028
-76.2808
-76.2587
-76.2365
-76.2143
-76.192
-76.1697
-76.1472
-76.1248
-76.1022
-76.0796
-76.0569
-76.0342
-76.0114
-75.9885
-75.9655
-75.9425
-75.9193
-75.8961
-75.8728
-75.8494
-75.826
-75.8024
-75.7788
-75.755
-75.7312
-75.7072
-75.6831
-75.6589
-75.6347
-75.6103
-75.5858
-75.5612
-75.5364
-75.5116
-75.4866
-75.4614
-75.4361
-75.4107
-75.3852
-75.3595
-75.3336
-75.3076
-75.2815
-75.2551
-75.2286
-75.2019
-75.175
-75.148
-75.1207
-75.0933
-75.0656
-75.0378
-75.0097
-74.9814
-74.9528
-74.924
-74.895
-74.8657
-74.8362
-74.8063
-74.7762
-74.7458
-74.7151
-74.684
-74.6527
-74.621
-74.5889
-74.5565
-74.5237
-74.4905
-74.4568
-74.4228
-74.3882
-74.3533
-74.3178
-74.2819
-74.2454
-74.2083
-74.1706
-74.1324
-74.0935
-74.054
-74.0137
-73.9727
-73.9308
-73.8882
-73.8448
-73.8004
-73.755
-73.7086
-73.6612
-73.6125
-73.5627
-73.5116
-73.4591
-73.4051
-73.3495
-73.2922
-73.2331
-73.172
-73.1088
-73.0434
-72.9754
-72.9047
-72.8312
-72.7544
-72.674
-72.5897
-72.5012
-72.4079
-72.3093
-72.2046
-72.0933
-71.9743
-71.8466
-71.709
-71.5597
-71.3968
-71.2179
-71.0198
-70.7984
-70.5483
-70.2622
-69.9299
-69.5364
-69.0595
-68.4634
-67.6869
-66.6141
-64.9934
-62.1452
-55.4096
-25.8555
41.1683
43.5304
10.1247
-12.084
-25.3941
-39.0658
-67.2817
-94.0052
-94.94
-94.927
-94.828
-94.611
-94.2146
-93.6171
-92.8626
-92.0344
-91.2126
-90.4508
-89.7752
-89.1923
-88.6975
-88.2813
-87.9326
-87.6407
-87.396
-87.1903
-87.0165
-86.8689
-86.7427
-86.634
-86.5397
-86.4571
-86.3842
-86.3191
-86.2604
-86.207
-86.158
-86.1126
-86.0701
-86.03
-85.9919
-85.9554
-85.9203
-85.8864
-85.8533
-85.821
-85.7894
-85.7583
-85.7276
-85.6973
-85.6673
-85.6375
-85.608
-85.5787
-85.5495
-85.5205
-85.4916
-85.4628
-85.4341
-85.4054
-85.3768
-85.3483
-85.3199
-85.2915
-85.2631
-85.2348
-85.2065
-85.1783
-85.1501
-85.1219
-85.0938
-85.0657
-85.0377
-85.0097
-84.9817
-84.9537
-84.9258
-84.8979
-84.87
-84.8422
-84.8144
-84.7866
-84.7589
-84.7312
-84.7035
-84.6758
-84.6482
-84.6206
-84.5931
-84.5655
-84.538
-84.5106
-84.4832
-84.4558
-84.4284
-84.401
-84.3737
-84.3465
-84.3192
-84.292
-84.2649
-84.2377
-84.2106
-84.1835
-84.1565
-84.1295
-84.1025
-84.0756
-84.0487
-84.0218
-83.9949
-83.9681
-83.9413
-83.9146
-83.8879
-83.8612
-83.8346
-83.808
-83.7814
-83.7549
-83.7284
-83.7019
-83.6755
-83.6491
-83.6227
-83.5964
-83.5701
-83.5438
-83.5176
-83.4914
-83.4653
-83.4391
-83.4131
-83.387
-83.361
-83.335
-83.3091
-83.2832
-83.2573
-83.2315
-83.2057
-83.1799
-83.1542
-83.1285
-83.1028
-83.0772
-83.0516
-83.0261
-83.0006
-82.9751
-82.9496
-82.9242
-82.8989
-82.8735
-82.8482
-82.823
-82.7977
-82.7725
-82.7474
-82.7223
-82.6972
-82.6721
-82.6471
-82.6221
-82.5972
-82.5723
-82.5474
-82.5226
-82.4978
-82.473
-82.4483
-82.4236
-82.399
-82.3743
-82.3498
-82.3252
-82.3007
-82.2762
-82.2518
-82.2274
-82.203
-82.1787
-82.1544
-82.1301
-82.1059
-82.0817
-82.0575
-82.0334
-82.0093
-81.9853
-81.9612
-81.9373
-81.9133
-81.8894
-81.8655
-81.8417
-81.8179
-81.7941
-81.7704
-81.7466
-81.723
-81.6993
-81.6757
-81.6522
-81.6286
-81.6051
-81.5817
-81.5582
-81.5348
-81.5115
-81.4881
-81.4648
-81.4416
-81.4183
-81.3951
-81.372
-81.3489
-81.3258
-81.3027
-81.2797
-81.2567
-81.2337
-81.2108
-81.1879
-81.165
-81.1422
-81.1194
-81.0966
-81.0738
-81.0511
-81.0285
-81.0058
-80.9832
-80.9606
-80.9381
-80.9156
-80.8931
-80.8706
-80.8482
-80.8258
-80.8034
-80.7811
-80.7588
-80.7365
-80.7143
-80.6921
-80.6699
-80.6478
-80.6256
-80.6036
-80.5815
-80.5595
-80.5375
-80.5155
-80.4935
-80.4716
-80.4497
-80.4279
-80.4061
-80.3843
-80.3625
-80.3407
-80.319
-80.2973
-80.2757
-80.254
-80.2324
-80.2109
-80.1893
-80.1678
-80.1463
-80.1248
-80.1034
-80.082
-80.0606
-80.0392
-80.0179
-79.9966
-79.9753
-79.954
-79.9328
-79.9116
-79.8904
-79.8693
-79.8481
-79.827
-79.8059
-79.7849
-79.7638
-79.7428
-79.7218
-79.7009
-79.6799
-79.659
-79.6381
-79.6173
-79.5964
-79.5756
-79.5548
-79.534
-79.5132
-79.4925
-79.4718
-79.4511
-79.4304
-79.4098
-79.3892
-79.3686
-79.348
-79.3274
-79.3069
-79.2863
-79.2658
-79.2454
-79.2249
-79.2044
-79.184
-79.1636
-79.1432
-79.1229
-79.1025
-79.0822
-79.0619
-79.0416
-79.0213
-79.001
-78.9808
-78.9606
-78.9404
-78.9202
-78.9
-78.8798
-78.8597
-78.8396
-78.8194
-78.7993
-78.7793
-78.7592
-78.7391
-78.7191
-78.6991
-78.6791
-78.6591
-78.6391
-78.6191
-78.5992
-78.5792
-78.5593
-78.5394
-78.5195
-78.4996
-78.4797
-78.4598
-78.44
-78.4201
-78.4003
-78.3805
-78.3606
-78.3408
-78.321
-78.3012
-78.2815
-78.2617
-78.2419
-78.2222
-78.2024
-78.1827
-78.163
-78.1433
-78.1235
-78.1038
-78.0841
-78.0644
-78.0447
-78.025
-78.0053
-77.9857
-77.966
-77.9463
-77.9267
-77.907
-77.8873
-77.8677
-77.848
-77.8283
-77.8087
-77.789
-77.7694
-77.7497
-77.7301
-77.7105
-77.6908
-77.6712
-77.6515
-77.6318
-77.6122
-77.5925
-77.5728
-77.5532
-77.5335
-77.5138
-77.4942
-77.4745
-77.4548
-77.4351
-77.4154
-77.3957
-77.376
-77.3563
-77.3365
-77.3168
-77.297
-77.2773
-77.2575
-77.2378
-77.218
-77.1982
-77.1784
-77.1585
-77.1387
-77.1188
-77.099
-77.0791
-77.0592
-77.0393
-77.0194
-76.9994
-76.9795
-76.9595
-76.9395
-76.9195
-76.8994
-76.8794
-76.8593
-76.8392
-76.819
-76.7989
-76.7787
-76.7585
-76.7383
-76.718
-76.6978
-76.6775
-76.6571
-76.6367
-76.6163
-76.5959
-76.5754
-76.5549
-76.5344
-76.5139
-76.4933
-76.4726
-76.452
-76.4312
-76.4105
-76.3897
-76.3688
-76.3479
-76.327
-76.306
-76.285
-76.264
-76.2429
-76.2217
-76.2005
-76.1792
-76.1579
-76.1365
-76.1151
-76.0936
-76.072
-76.0504
-76.0287
-76.007
-75.9852
-75.9633
-75.9414
-75.9193
-75.8973
-75.8751
-75.8528
-75.8305
-75.8081
-75.7857
-75.7631
-75.7405
-75.7177
-75.6949
-75.6719
-75.6489
-75.6258
-75.6025
-75.5792
-75.5558
-75.5322
-75.5086
-75.4848
-75.4609
-75.4369
-75.4127
-75.3885
-75.364
-75.3395
-75.3148
-75.29
-75.2651
-75.24
-75.2147
-75.1892
-75.1636
-75.1378
-75.1118
-75.0857
-75.0594
-75.0329
-75.0062
-74.9792
-74.9521
-74.9247
-74.8971
-74.8693
-74.8413
-74.813
-74.7844
-74.7556
-74.7265
-74.6971
-74.6674
-74.6374
-74.6071
-74.5765
-74.5455
-74.5142
-74.4825
-74.4504
-74.4179
-74.3849
-74.3516
-74.3178
-74.2836
-74.2489
-74.2136
-74.1778
-74.1414
-74.1045
-74.0669
-74.0288
-73.9899
-73.9503
-73.9099
-73.8688
-73.8269
-73.7841
-73.7404
-73.6956
-73.6499
-73.6031
-73.5551
-73.5059
-73.4553
-73.4034
-73.3499
-73.2949
-73.2382
-73.1795
-73.1189
-73.0562
-72.9911
-72.9235
-72.8531
-72.7798
-72.7031
-72.6229
-72.5387
-72.45
-72.3565
-72.2575
-72.1524
-72.0404
-71.9204
-71.7915
-71.6522
-71.5009
-71.3354
-71.1531
-70.9507
-70.7238
-70.4665
-70.1709
-69.8257
-69.4142
-68.9115
-68.2765
-67.4372
-66.2527
-64.4007
-60.9342
-51.5228
-3.44744
49.6748
42.7864
5.18519
-13.5112
-27.0665
-40.9753
-71.7511
-94.2818
-94.9405
-94.9118
-94.7908
-94.5354
-94.0899
-93.4496
-92.6743
-91.8514
-91.0549
-90.3298
-89.6949
-89.1521
-88.6944
-88.311
-87.991
-87.7237
-87.5
-87.312
-87.1533
-87.0184
-86.903
-86.8035
-86.7168
-86.6408
-86.5733
-86.5129
-86.4581
-86.4081
-86.362
-86.3189
-86.2785
-86.2401
-86.2035
-86.1683
-86.1343
-86.1012
-86.069
-86.0374
-86.0063
-85.9757
-85.9455
-85.9156
-85.8859
-85.8565
-85.8272
-85.7981
-85.7692
-85.7403
-85.7116
-85.6829
-85.6543
-85.6258
-85.5974
-85.569
-85.5406
-85.5123
-85.484
-85.4558
-85.4276
-85.3995
-85.3714
-85.3433
-85.3152
-85.2872
-85.2592
-85.2312
-85.2033
-85.1754
-85.1475
-85.1197
-85.0919
-85.0641
-85.0363
-85.0086
-84.9809
-84.9533
-84.9256
-84.898
-84.8705
-84.8429
-84.8154
-84.7879
-84.7605
-84.733
-84.7057
-84.6783
-84.651
-84.6237
-84.5964
-84.5692
-84.542
-84.5148
-84.4877
-84.4606
-84.4335
-84.4065
-84.3795
-84.3525
-84.3255
-84.2986
-84.2718
-84.2449
-84.2181
-84.1913
-84.1646
-84.1379
-84.1112
-84.0846
-84.058
-84.0314
-84.0049
-83.9784
-83.9519
-83.9255
-83.8991
-83.8727
-83.8464
-83.8201
-83.7938
-83.7676
-83.7414
-83.7153
-83.6891
-83.6631
-83.637
-83.611
-83.585
-83.5591
-83.5332
-83.5073
-83.4815
-83.4557
-83.4299
-83.4042
-83.3785
-83.3529
-83.3273
-83.3017
-83.2761
-83.2506
-83.2252
-83.1997
-83.1743
-83.149
-83.1236
-83.0983
-83.0731
-83.0479
-83.0227
-82.9975
-82.9724
-82.9474
-82.9223
-82.8973
-82.8724
-82.8475
-82.8226
-82.7977
-82.7729
-82.7481
-82.7234
-82.6987
-82.674
-82.6494
-82.6248
-82.6002
-82.5757
-82.5512
-82.5268
-82.5023
-82.478
-82.4536
-82.4293
-82.4051
-82.3808
-82.3566
-82.3325
-82.3084
-82.2843
-82.2602
-82.2362
-82.2122
-82.1883
-82.1644
-82.1405
-82.1167
-82.0929
-82.0691
-82.0454
-82.0217
-81.998
-81.9744
-81.9508
-81.9273
-81.9038
-81.8803
-81.8569
-81.8335
-81.8101
-81.7868
-81.7634
-81.7402
-81.7169
-81.6938
-81.6706
-81.6475
-81.6244
-81.6013
-81.5783
-81.5553
-81.5324
-81.5094
-81.4866
-81.4637
-81.4409
-81.4181
-81.3954
-81.3726
-81.35
-81.3273
-81.3047
-81.2821
-81.2596
-81.2371
-81.2146
-81.1921
-81.1697
-81.1473
-81.125
-81.1027
-81.0804
-81.0582
-81.0359
-81.0137
-80.9916
-80.9695
-80.9474
-80.9253
-80.9033
-80.8813
-80.8594
-80.8374
-80.8155
-80.7937
-80.7718
-80.75
-80.7282
-80.7065
-80.6848
-80.6631
-80.6415
-80.6198
-80.5983
-80.5767
-80.5552
-80.5337
-80.5122
-80.4907
-80.4693
-80.448
-80.4266
-80.4053
-80.384
-80.3627
-80.3415
-80.3203
-80.2991
-80.278
-80.2568
-80.2357
-80.2147
-80.1936
-80.1726
-80.1517
-80.1307
-80.1098
-80.0889
-80.068
-80.0472
-80.0263
-80.0055
-79.9848
-79.964
-79.9433
-79.9226
-79.902
-79.8814
-79.8607
-79.8402
-79.8196
-79.7991
-79.7785
-79.7581
-79.7376
-79.7172
-79.6968
-79.6764
-79.656
-79.6357
-79.6154
-79.5951
-79.5748
-79.5546
-79.5343
-79.5141
-79.494
-79.4738
-79.4537
-79.4336
-79.4135
-79.3935
-79.3734
-79.3534
-79.3334
-79.3134
-79.2935
-79.2735
-79.2536
-79.2337
-79.2139
-79.194
-79.1742
-79.1544
-79.1346
-79.1148
-79.0951
-79.0753
-79.0556
-79.0359
-79.0162
-78.9966
-78.9769
-78.9573
-78.9377
-78.9181
-78.8986
-78.879
-78.8595
-78.8399
-78.8204
-78.8009
-78.7815
-78.762
-78.7426
-78.7232
-78.7038
-78.6844
-78.665
-78.6457
-78.6263
-78.607
-78.5876
-78.5683
-78.549
-78.5298
-78.5105
-78.4913
-78.472
-78.4528
-78.4336
-78.4144
-78.3952
-78.376
-78.3569
-78.3377
-78.3186
-78.2994
-78.2803
-78.2612
-78.2421
-78.223
-78.2039
-78.1849
-78.1658
-78.1467
-78.1277
-78.1086
-78.0896
-78.0706
-78.0515
-78.0325
-78.0135
-77.9945
-77.9756
-77.9566
-77.9376
-77.9186
-77.8996
-77.8807
-77.8617
-77.8427
-77.8238
-77.8048
-77.7859
-77.7669
-77.748
-77.7291
-77.7102
-77.6912
-77.6723
-77.6533
-77.6344
-77.6155
-77.5965
-77.5776
-77.5587
-77.5397
-77.5208
-77.5018
-77.4829
-77.464
-77.445
-77.4261
-77.4071
-77.3882
-77.3692
-77.3502
-77.3312
-77.3122
-77.2933
-77.2743
-77.2553
-77.2363
-77.2173
-77.1982
-77.1792
-77.1601
-77.1411
-77.122
-77.1029
-77.0838
-77.0647
-77.0456
-77.0265
-77.0074
-76.9882
-76.969
-76.9499
-76.9307
-76.9114
-76.8922
-76.8729
-76.8537
-76.8344
-76.8151
-76.7957
-76.7764
-76.757
-76.7377
-76.7182
-76.6988
-76.6793
-76.6598
-76.6403
-76.6208
-76.6012
-76.5816
-76.562
-76.5424
-76.5227
-76.503
-76.4832
-76.4635
-76.4437
-76.4238
-76.4039
-76.384
-76.364
-76.344
-76.324
-76.304
-76.2839
-76.2637
-76.2435
-76.2233
-76.203
-76.1827
-76.1623
-76.1418
-76.1213
-76.1008
-76.0802
-76.0596
-76.0389
-76.0182
-75.9974
-75.9765
-75.9556
-75.9346
-75.9135
-75.8924
-75.8712
-75.8499
-75.8286
-75.8072
-75.7858
-75.7642
-75.7426
-75.7209
-75.6991
-75.6772
-75.6552
-75.6332
-75.611
-75.5888
-75.5665
-75.544
-75.5215
-75.4989
-75.4762
-75.4533
-75.4303
-75.4072
-75.384
-75.3607
-75.3373
-75.3137
-75.29
-75.2662
-75.2423
-75.2181
-75.1939
-75.1694
-75.1448
-75.1201
-75.0952
-75.0702
-75.0449
-75.0195
-74.9939
-74.9681
-74.9421
-74.9159
-74.8895
-74.8628
-74.836
-74.8089
-74.7816
-74.754
-74.7262
-74.6981
-74.6697
-74.6411
-74.6121
-74.5829
-74.5533
-74.5235
-74.4932
-74.4626
-74.4316
-74.4003
-74.3686
-74.3364
-74.3039
-74.2709
-74.2374
-74.2034
-74.1689
-74.1339
-74.0983
-74.0622
-74.0254
-73.988
-73.9499
-73.9111
-73.8716
-73.8313
-73.7902
-73.7481
-73.7052
-73.6613
-73.6164
-73.5704
-73.5232
-73.4748
-73.4251
-73.3739
-73.3214
-73.2672
-73.2112
-73.1534
-73.0936
-73.0317
-72.9674
-72.9006
-72.8311
-72.7586
-72.6827
-72.6032
-72.5198
-72.4319
-72.3391
-72.2408
-72.1364
-72.025
-71.9056
-71.7772
-71.6382
-71.4872
-71.3218
-71.1394
-70.9366
-70.7089
-70.4503
-70.1525
-69.8039
-69.3873
-68.8765
-68.2281
-67.3656
-66.1362
-64.1824
-60.4056
-49.3527
7.90819
49.6547
38.6329
-2.77047
-17.3047
-31.2932
-49.1013
-85.5289
-94.7121
-94.9416
-94.8896
-94.744
-94.4522
-93.9666
-93.2966
-92.5092
-91.6892
-90.904
-90.1927
-89.5709
-89.0392
-88.5903
-88.2139
-87.8992
-87.6359
-87.4154
-87.2298
-87.073
-86.9397
-86.8255
-86.727
-86.6412
-86.5659
-86.4991
-86.4392
-86.385
-86.3354
-86.2896
-86.247
-86.2069
-86.1689
-86.1327
-86.0978
-86.0641
-86.0314
-85.9995
-85.9682
-85.9375
-85.9072
-85.8773
-85.8477
-85.8184
-85.7893
-85.7604
-85.7316
-85.703
-85.6745
-85.6461
-85.6178
-85.5895
-85.5613
-85.5332
-85.5052
-85.4772
-85.4492
-85.4213
-85.3934
-85.3656
-85.3378
-85.31
-85.2823
-85.2546
-85.2269
-85.1993
-85.1717
-85.1441
-85.1166
-85.0891
-85.0616
-85.0342
-85.0068
-84.9794
-84.952
-84.9247
-84.8974
-84.8702
-84.8429
-84.8157
-84.7886
-84.7614
-84.7343
-84.7073
-84.6802
-84.6532
-84.6263
-84.5993
-84.5724
-84.5455
-84.5187
-84.4919
-84.4651
-84.4384
-84.4116
-84.385
-84.3583
-84.3317
-84.3051
-84.2786
-84.2521
-84.2256
-84.1992
-84.1728
-84.1464
-84.12
-84.0937
-84.0675
-84.0412
-84.015
-83.9889
-83.9627
-83.9366
-83.9106
-83.8846
-83.8586
-83.8326
-83.8067
-83.7808
-83.755
-83.7292
-83.7034
-83.6777
-83.652
-83.6263
-83.6007
-83.5751
-83.5495
-83.524
-83.4985
-83.4731
-83.4476
-83.4223
-83.3969
-83.3716
-83.3464
-83.3211
-83.2959
-83.2708
-83.2457
-83.2206
-83.1955
-83.1705
-83.1455
-83.1206
-83.0957
-83.0709
-83.046
-83.0213
-82.9965
-82.9718
-82.9471
-82.9225
-82.8979
-82.8733
-82.8488
-82.8243
-82.7998
-82.7754
-82.751
-82.7267
-82.7024
-82.6781
-82.6539
-82.6297
-82.6055
-82.5814
-82.5573
-82.5333
-82.5093
-82.4853
-82.4614
-82.4375
-82.4136
-82.3898
-82.366
-82.3422
-82.3185
-82.2948
-82.2712
-82.2476
-82.224
-82.2005
-82.177
-82.1535
-82.1301
-82.1067
-82.0834
-82.0601
-82.0368
-82.0135
-81.9903
-81.9671
-81.944
-81.9209
-81.8979
-81.8748
-81.8518
-81.8289
-81.806
-81.7831
-81.7602
-81.7374
-81.7146
-81.6919
-81.6692
-81.6465
-81.6239
-81.6013
-81.5787
-81.5562
-81.5337
-81.5112
-81.4888
-81.4664
-81.444
-81.4217
-81.3994
-81.3772
-81.355
-81.3328
-81.3106
-81.2885
-81.2664
-81.2444
-81.2224
-81.2004
-81.1784
-81.1565
-81.1346
-81.1128
-81.091
-81.0692
-81.0474
-81.0257
-81.004
-80.9824
-80.9607
-80.9392
-80.9176
-80.8961
-80.8746
-80.8531
-80.8317
-80.8103
-80.789
-80.7676
-80.7463
-80.7251
-80.7038
-80.6826
-80.6614
-80.6403
-80.6192
-80.5981
-80.5771
-80.556
-80.535
-80.5141
-80.4932
-80.4723
-80.4514
-80.4305
-80.4097
-80.389
-80.3682
-80.3475
-80.3268
-80.3061
-80.2855
-80.2649
-80.2443
-80.2238
-80.2032
-80.1828
-80.1623
-80.1419
-80.1215
-80.1011
-80.0807
-80.0604
-80.0401
-80.0198
-79.9996
-79.9794
-79.9592
-79.939
-79.9189
-79.8988
-79.8787
-79.8587
-79.8386
-79.8186
-79.7986
-79.7787
-79.7588
-79.7389
-79.719
-79.6991
-79.6793
-79.6595
-79.6398
-79.62
-79.6003
-79.5806
-79.5609
-79.5412
-79.5216
-79.502
-79.4824
-79.4629
-79.4433
-79.4238
-79.4043
-79.3849
-79.3654
-79.346
-79.3266
-79.3072
-79.2878
-79.2685
-79.2492
-79.2299
-79.2106
-79.1914
-79.1722
-79.1529
-79.1338
-79.1146
-79.0954
-79.0763
-79.0572
-79.0381
-79.019
-79
-78.9809
-78.9619
-78.943
-78.924
-78.905
-78.8861
-78.8672
-78.8483
-78.8294
-78.8105
-78.7917
-78.7728
-78.754
-78.7352
-78.7164
-78.6977
-78.679
-78.6602
-78.6415
-78.6228
-78.6041
-78.5854
-78.5668
-78.5481
-78.5295
-78.5109
-78.4923
-78.4737
-78.4552
-78.4366
-78.4181
-78.3995
-78.381
-78.3625
-78.344
-78.3255
-78.3071
-78.2886
-78.2702
-78.2517
-78.2333
-78.2149
-78.1965
-78.1782
-78.1598
-78.1414
-78.1231
-78.1047
-78.0864
-78.068
-78.0497
-78.0314
-78.0131
-77.9948
-77.9765
-77.9583
-77.94
-77.9217
-77.9035
-77.8852
-77.8669
-77.8487
-77.8305
-77.8122
-77.794
-77.7758
-77.7576
-77.7394
-77.7212
-77.703
-77.6848
-77.6666
-77.6484
-77.6302
-77.612
-77.5938
-77.5756
-77.5574
-77.5393
-77.5211
-77.5029
-77.4847
-77.4666
-77.4484
-77.4302
-77.412
-77.3938
-77.3756
-77.3574
-77.3392
-77.321
-77.3028
-77.2846
-77.2664
-77.2482
-77.23
-77.2118
-77.1936
-77.1753
-77.1571
-77.1388
-77.1206
-77.1023
-77.084
-77.0658
-77.0475
-77.0292
-77.0109
-76.9926
-76.9742
-76.9559
-76.9375
-76.9192
-76.9008
-76.8824
-76.864
-76.8455
-76.8271
-76.8086
-76.7902
-76.7717
-76.7532
-76.7347
-76.7161
-76.6976
-76.679
-76.6604
-76.6418
-76.6231
-76.6044
-76.5858
-76.567
-76.5483
-76.5296
-76.5108
-76.492
-76.4732
-76.4543
-76.4354
-76.4164
-76.3975
-76.3785
-76.3595
-76.3404
-76.3213
-76.3022
-76.2831
-76.2639
-76.2447
-76.2254
-76.2061
-76.1868
-76.1674
-76.148
-76.1285
-76.109
-76.0894
-76.0698
-76.0502
-76.0305
-76.0108
-75.991
-75.9711
-75.9512
-75.9312
-75.9112
-75.8911
-75.871
-75.8508
-75.8305
-75.8102
-75.7899
-75.7694
-75.7489
-75.7283
-75.7077
-75.6869
-75.6661
-75.6452
-75.6243
-75.6032
-75.5821
-75.5609
-75.5396
-75.5182
-75.4968
-75.4752
-75.4535
-75.4317
-75.4098
-75.3879
-75.3658
-75.3436
-75.3213
-75.2989
-75.2763
-75.2537
-75.2309
-75.208
-75.1849
-75.1617
-75.1384
-75.1149
-75.0913
-75.0675
-75.0436
-75.0195
-74.9953
-74.9708
-74.9462
-74.9214
-74.8965
-74.8713
-74.8459
-74.8204
-74.7946
-74.7686
-74.7424
-74.7159
-74.6892
-74.6622
-74.635
-74.6075
-74.5798
-74.5517
-74.5234
-74.4947
-74.4658
-74.4364
-74.4068
-74.3768
-74.3464
-74.3157
-74.2845
-74.2529
-74.2209
-74.1884
-74.1555
-74.122
-74.0881
-74.0536
-74.0185
-73.9829
-73.9466
-73.9096
-73.872
-73.8337
-73.7946
-73.7547
-73.7139
-73.6723
-73.6297
-73.5862
-73.5416
-73.4958
-73.4489
-73.4006
-73.3511
-73.3002
-73.2476
-73.1934
-73.1374
-73.0796
-73.0197
-72.9575
-72.8928
-72.8256
-72.7556
-72.6823
-72.6056
-72.5252
-72.4405
-72.3511
-72.2566
-72.1563
-72.0494
-71.9351
-71.8123
-71.6797
-71.5358
-71.3787
-71.2061
-71.0148
-70.8008
-70.559
-70.2824
-69.961
-69.5808
-69.1201
-68.5451
-67.7977
-66.7691
-65.2242
-62.5353
-56.2822
-29.7529
40.3511
43.6232
10.5329
-12.0086
-25.3076
-38.9831
-67.0768
-93.9876
-94.939
-94.9279
-94.8308
-94.6169
-94.225
-93.6323
-92.8809
-92.0532
-91.2291
-90.4631
-89.7824
-89.1943
-88.6946
-88.2741
-87.9218
-87.627
-87.3799
-87.1723
-86.9972
-86.8486
-86.7218
-86.6127
-86.5182
-86.4357
-86.3628
-86.298
-86.2397
-86.1868
-86.1384
-86.0935
-86.0516
-86.0121
-85.9747
-85.939
-85.9046
-85.8713
-85.839
-85.8075
-85.7766
-85.7463
-85.7164
-85.6869
-85.6577
-85.6287
-85.6
-85.5715
-85.5431
-85.5149
-85.4868
-85.4588
-85.4309
-85.4031
-85.3754
-85.3477
-85.3201
-85.2925
-85.265
-85.2375
-85.2101
-85.1827
-85.1554
-85.1281
-85.1008
-85.0736
-85.0464
-85.0192
-84.9921
-84.965
-84.938
-84.9109
-84.8839
-84.857
-84.8301
-84.8032
-84.7763
-84.7495
-84.7227
-84.6959
-84.6692
-84.6425
-84.6159
-84.5892
-84.5626
-84.5361
-84.5096
-84.4831
-84.4566
-84.4302
-84.4038
-84.3774
-84.3511
-84.3248
-84.2986
-84.2724
-84.2462
-84.22
-84.1939
-84.1678
-84.1418
-84.1158
-84.0898
-84.0639
-84.038
-84.0121
-83.9863
-83.9605
-83.9347
-83.909
-83.8833
-83.8576
-83.832
-83.8064
-83.7809
-83.7554
-83.7299
-83.7045
-83.6791
-83.6537
-83.6284
-83.6031
-83.5778
-83.5526
-83.5275
-83.5023
-83.4772
-83.4521
-83.4271
-83.4021
-83.3771
-83.3522
-83.3273
-83.3025
-83.2777
-83.2529
-83.2282
-83.2035
-83.1788
-83.1542
-83.1296
-83.105
-83.0805
-83.0561
-83.0316
-83.0072
-82.9829
-82.9585
-82.9342
-82.91
-82.8858
-82.8616
-82.8375
-82.8134
-82.7893
-82.7653
-82.7413
-82.7173
-82.6934
-82.6695
-82.6457
-82.6219
-82.5981
-82.5744
-82.5507
-82.5271
-82.5034
-82.4799
-82.4563
-82.4328
-82.4093
-82.3859
-82.3625
-82.3392
-82.3158
-82.2926
-82.2693
-82.2461
-82.2229
-82.1998
-82.1767
-82.1536
-82.1306
-82.1076
-82.0847
-82.0618
-82.0389
-82.016
-81.9932
-81.9705
-81.9477
-81.925
-81.9024
-81.8797
-81.8571
-81.8346
-81.8121
-81.7896
-81.7672
-81.7447
-81.7224
-81.7
-81.6777
-81.6555
-81.6332
-81.611
-81.5889
-81.5668
-81.5447
-81.5226
-81.5006
-81.4786
-81.4566
-81.4347
-81.4128
-81.391
-81.3692
-81.3474
-81.3257
-81.304
-81.2823
-81.2606
-81.239
-81.2175
-81.1959
-81.1744
-81.153
-81.1315
-81.1101
-81.0888
-81.0674
-81.0461
-81.0248
-81.0036
-80.9824
-80.9612
-80.9401
-80.919
-80.8979
-80.8769
-80.8559
-80.8349
-80.8139
-80.793
-80.7721
-80.7513
-80.7305
-80.7097
-80.6889
-80.6682
-80.6475
-80.6269
-80.6062
-80.5856
-80.5651
-80.5445
-80.524
-80.5036
-80.4831
-80.4627
-80.4423
-80.422
-80.4016
-80.3814
-80.3611
-80.3409
-80.3207
-80.3005
-80.2803
-80.2602
-80.2401
-80.2201
-80.2
-80.18
-80.1601
-80.1401
-80.1202
-80.1003
-80.0805
-80.0606
-80.0408
-80.0211
-80.0013
-79.9816
-79.9619
-79.9422
-79.9226
-79.903
-79.8834
-79.8639
-79.8443
-79.8248
-79.8053
-79.7859
-79.7664
-79.747
-79.7277
-79.7083
-79.689
-79.6697
-79.6504
-79.6312
-79.612
-79.5928
-79.5736
-79.5544
-79.5353
-79.5162
-79.4971
-79.4781
-79.4591
-79.4401
-79.4211
-79.4021
-79.3832
-79.3643
-79.3454
-79.3265
-79.3077
-79.2888
-79.27
-79.2513
-79.2325
-79.2138
-79.1951
-79.1764
-79.1577
-79.1391
-79.1205
-79.1018
-79.0833
-79.0647
-79.0461
-79.0276
-79.0091
-78.9906
-78.9722
-78.9537
-78.9353
-78.9169
-78.8985
-78.8802
-78.8618
-78.8435
-78.8252
-78.8069
-78.7886
-78.7703
-78.7521
-78.7339
-78.7157
-78.6975
-78.6793
-78.6612
-78.6431
-78.6249
-78.6068
-78.5887
-78.5707
-78.5526
-78.5346
-78.5165
-78.4985
-78.4806
-78.4626
-78.4446
-78.4267
-78.4087
-78.3908
-78.3729
-78.355
-78.3371
-78.3193
-78.3014
-78.2836
-78.2657
-78.2479
-78.2301
-78.2124
-78.1946
-78.1768
-78.1591
-78.1413
-78.1236
-78.1058
-78.0881
-78.0704
-78.0527
-78.0351
-78.0174
-77.9997
-77.9821
-77.9645
-77.9468
-77.9292
-77.9116
-77.894
-77.8764
-77.8588
-77.8412
-77.8236
-77.806
-77.7884
-77.7709
-77.7533
-77.7358
-77.7183
-77.7007
-77.6832
-77.6657
-77.6482
-77.6306
-77.6131
-77.5956
-77.5781
-77.5606
-77.5431
-77.5256
-77.5081
-77.4906
-77.4731
-77.4557
-77.4382
-77.4207
-77.4032
-77.3857
-77.3682
-77.3507
-77.3332
-77.3157
-77.2982
-77.2807
-77.2632
-77.2458
-77.2283
-77.2108
-77.1933
-77.1758
-77.1582
-77.1407
-77.1232
-77.1056
-77.0881
-77.0706
-77.053
-77.0355
-77.0179
-77.0004
-76.9828
-76.9652
-76.9476
-76.93
-76.9124
-76.8948
-76.8771
-76.8595
-76.8418
-76.8242
-76.8065
-76.7888
-76.7711
-76.7534
-76.7357
-76.7179
-76.7001
-76.6824
-76.6646
-76.6467
-76.6289
-76.611
-76.5932
-76.5753
-76.5574
-76.5394
-76.5215
-76.5036
-76.4856
-76.4676
-76.4495
-76.4314
-76.4133
-76.3952
-76.3771
-76.3589
-76.3407
-76.3225
-76.3042
-76.286
-76.2677
-76.2493
-76.231
-76.2125
-76.1941
-76.1756
-76.1571
-76.1385
-76.1199
-76.1013
-76.0826
-76.0639
-76.0452
-76.0264
-76.0076
-75.9887
-75.9698
-75.9508
-75.9318
-75.9127
-75.8936
-75.8744
-75.8552
-75.8359
-75.8166
-75.7972
-75.7778
-75.7583
-75.7387
-75.7191
-75.6994
-75.6796
-75.6598
-75.6399
-75.6199
-75.5999
-75.5798
-75.5596
-75.5394
-75.519
-75.4986
-75.4781
-75.4575
-75.4368
-75.416
-75.3952
-75.3742
-75.3532
-75.332
-75.3108
-75.2894
-75.268
-75.2464
-75.2247
-75.2029
-75.181
-75.1589
-75.1367
-75.1144
-75.092
-75.0694
-75.0467
-75.0239
-75.0009
-74.9777
-74.9544
-74.9309
-74.9072
-74.8834
-74.8594
-74.8353
-74.8109
-74.7864
-74.7616
-74.7366
-74.7114
-74.686
-74.6604
-74.6345
-74.6084
-74.5821
-74.5555
-74.5286
-74.5015
-74.474
-74.4462
-74.4181
-74.3898
-74.3611
-74.332
-74.3026
-74.2728
-74.2426
-74.212
-74.181
-74.1496
-74.1177
-74.0853
-74.0524
-74.019
-73.9851
-73.9505
-73.9154
-73.8796
-73.8433
-73.8062
-73.7684
-73.7298
-73.6903
-73.6501
-73.6089
-73.5669
-73.5237
-73.4795
-73.4342
-73.3877
-73.3399
-73.2907
-73.2401
-73.1878
-73.1339
-73.0782
-73.0205
-72.9607
-72.8987
-72.8342
-72.7669
-72.6968
-72.6234
-72.5465
-72.4656
-72.3805
-72.2906
-72.1953
-72.0939
-71.9858
-71.8699
-71.7453
-71.6104
-71.4638
-71.3033
-71.1263
-70.9296
-70.7091
-70.4587
-70.1709
-69.8347
-69.4339
-68.9444
-68.3263
-67.5104
-66.3617
-64.5724
-61.2446
-52.3005
-7.44086
49.5496
43.4925
7.19278
-13.0057
-26.5304
-40.0531
-69.7162
-94.1698
-94.9393
-94.9152
-94.7984
-94.5502
-94.1137
-93.482
-92.7122
-91.891
-91.0933
-90.3653
-89.7268
-89.1805
-88.7196
-88.3336
-88.0115
-87.7427
-87.5178
-87.3291
-87.1699
-87.0348
-86.9194
-86.82
-86.7336
-86.6579
-86.5908
-86.5308
-86.4766
-86.4271
-86.3815
-86.3391
-86.2993
-86.2615
-86.2256
-86.191
-86.1577
-86.1253
-86.0937
-86.0627
-86.0323
-86.0024
-85.9729
-85.9436
-85.9147
-85.8859
-85.8574
-85.829
-85.8007
-85.7725
-85.7445
-85.7165
-85.6887
-85.6608
-85.6331
-85.6054
-85.5777
-85.5502
-85.5226
-85.4951
-85.4676
-85.4402
-85.4128
-85.3854
-85.3581
-85.3308
-85.3035
-85.2763
-85.2491
-85.2219
-85.1948
-85.1677
-85.1406
-85.1136
-85.0866
-85.0596
-85.0326
-85.0057
-84.9788
-84.952
-84.9252
-84.8984
-84.8716
-84.8449
-84.8182
-84.7915
-84.7649
-84.7383
-84.7118
-84.6852
-84.6587
-84.6323
-84.6058
-84.5794
-84.5531
-84.5268
-84.5005
-84.4742
-84.448
-84.4218
-84.3956
-84.3695
-84.3434
-84.3174
-84.2914
-84.2654
-84.2394
-84.2135
-84.1877
-84.1618
-84.136
-84.1102
-84.0845
-84.0588
-84.0332
-84.0075
-83.9819
-83.9564
-83.9309
-83.9054
-83.8799
-83.8545
-83.8292
-83.8038
-83.7785
-83.7533
-83.7281
-83.7029
-83.6777
-83.6526
-83.6275
-83.6025
-83.5775
-83.5525
-83.5276
-83.5027
-83.4779
-83.453
-83.4283
-83.4035
-83.3788
-83.3542
-83.3295
-83.3049
-83.2804
-83.2559
-83.2314
-83.207
-83.1826
-83.1582
-83.1339
-83.1096
-83.0853
-83.0611
-83.037
-83.0128
-82.9887
-82.9647
-82.9406
-82.9167
-82.8927
-82.8688
-82.8449
-82.8211
-82.7973
-82.7736
-82.7498
-82.7261
-82.7025
-82.6789
-82.6553
-82.6318
-82.6083
-82.5849
-82.5614
-82.5381
-82.5147
-82.4914
-82.4681
-82.4449
-82.4217
-82.3986
-82.3755
-82.3524
-82.3293
-82.3063
-82.2834
-82.2605
-82.2376
-82.2147
-82.1919
-82.1691
-82.1464
-82.1237
-82.101
-82.0784
-82.0558
-82.0332
-82.0107
-81.9882
-81.9658
-81.9433
-81.921
-81.8986
-81.8763
-81.8541
-81.8319
-81.8097
-81.7875
-81.7654
-81.7433
-81.7213
-81.6992
-81.6773
-81.6553
-81.6334
-81.6116
-81.5897
-81.5679
-81.5462
-81.5245
-81.5028
-81.4811
-81.4595
-81.4379
-81.4164
-81.3948
-81.3734
-81.3519
-81.3305
-81.3091
-81.2878
-81.2665
-81.2452
-81.224
-81.2028
-81.1816
-81.1605
-81.1394
-81.1183
-81.0973
-81.0763
-81.0553
-81.0344
-81.0135
-80.9926
-80.9718
-80.951
-80.9302
-80.9095
-80.8888
-80.8682
-80.8475
-80.8269
-80.8063
-80.7858
-80.7653
-80.7448
-80.7244
-80.704
-80.6836
-80.6633
-80.643
-80.6227
-80.6024
-80.5822
-80.562
-80.5419
-80.5217
-80.5016
-80.4816
-80.4615
-80.4415
-80.4216
-80.4016
-80.3817
-80.3619
-80.342
-80.3222
-80.3024
-80.2826
-80.2629
-80.2432
-80.2235
-80.2039
-80.1843
-80.1647
-80.1451
-80.1256
-80.1061
-80.0866
-80.0672
-80.0478
-80.0284
-80.009
-79.9897
-79.9704
-79.9511
-79.9319
-79.9127
-79.8935
-79.8743
-79.8552
-79.8361
-79.817
-79.7979
-79.7789
-79.7599
-79.7409
-79.7219
-79.703
-79.6841
-79.6652
-79.6464
-79.6276
-79.6088
-79.59
-79.5712
-79.5525
-79.5338
-79.5151
-79.4965
-79.4779
-79.4593
-79.4407
-79.4222
-79.4036
-79.3851
-79.3666
-79.3482
-79.3297
-79.3113
-79.2929
-79.2746
-79.2562
-79.2379
-79.2196
-79.2013
-79.1831
-79.1649
-79.1466
-79.1285
-79.1103
-79.0921
-79.074
-79.0559
-79.0378
-79.0197
-79.0017
-78.9837
-78.9657
-78.9477
-78.9298
-78.9118
-78.8939
-78.876
-78.8581
-78.8402
-78.8224
-78.8046
-78.7868
-78.769
-78.7512
-78.7335
-78.7157
-78.698
-78.6803
-78.6626
-78.645
-78.6273
-78.6097
-78.5921
-78.5745
-78.5569
-78.5393
-78.5218
-78.5043
-78.4868
-78.4693
-78.4518
-78.4343
-78.4169
-78.3994
-78.382
-78.3646
-78.3472
-78.3298
-78.3125
-78.2951
-78.2778
-78.2604
-78.2431
-78.2258
-78.2086
-78.1913
-78.174
-78.1568
-78.1396
-78.1223
-78.1051
-78.0879
-78.0707
-78.0535
-78.0364
-78.0192
-78.0021
-77.985
-77.9678
-77.9507
-77.9336
-77.9165
-77.8994
-77.8824
-77.8653
-77.8482
-77.8312
-77.8141
-77.7971
-77.7801
-77.763
-77.746
-77.729
-77.712
-77.6951
-77.6781
-77.6611
-77.6441
-77.6271
-77.6102
-77.5932
-77.5762
-77.5593
-77.5423
-77.5254
-77.5085
-77.4916
-77.4746
-77.4577
-77.4408
-77.4239
-77.4069
-77.39
-77.3731
-77.3562
-77.3392
-77.3223
-77.3054
-77.2885
-77.2716
-77.2547
-77.2378
-77.2209
-77.204
-77.187
-77.1701
-77.1532
-77.1362
-77.1193
-77.1024
-77.0854
-77.0685
-77.0515
-77.0346
-77.0176
-77.0007
-76.9837
-76.9668
-76.9498
-76.9328
-76.9158
-76.8988
-76.8818
-76.8647
-76.8477
-76.8307
-76.8136
-76.7966
-76.7795
-76.7624
-76.7454
-76.7283
-76.7111
-76.694
-76.6769
-76.6597
-76.6425
-76.6253
-76.6081
-76.5909
-76.5737
-76.5564
-76.5392
-76.5219
-76.5046
-76.4873
-76.4699
-76.4526
-76.4352
-76.4177
-76.4003
-76.3828
-76.3654
-76.3479
-76.3303
-76.3128
-76.2952
-76.2776
-76.26
-76.2424
-76.2247
-76.207
-76.1892
-76.1714
-76.1536
-76.1357
-76.1179
-76.1
-76.082
-76.064
-76.046
-76.028
-76.0099
-75.9918
-75.9736
-75.9554
-75.9371
-75.9188
-75.9004
-75.882
-75.8636
-75.8451
-75.8265
-75.808
-75.7893
-75.7707
-75.7519
-75.7331
-75.7142
-75.6953
-75.6763
-75.6573
-75.6382
-75.619
-75.5997
-75.5804
-75.5611
-75.5417
-75.5222
-75.5026
-75.4829
-75.4632
-75.4433
-75.4234
-75.4034
-75.3834
-75.3632
-75.3429
-75.3226
-75.3022
-75.2817
-75.2611
-75.2403
-75.2195
-75.1985
-75.1774
-75.1563
-75.135
-75.1135
-75.092
-75.0704
-75.0486
-75.0267
-75.0046
-74.9824
-74.9601
-74.9375
-74.9149
-74.8921
-74.8691
-74.846
-74.8227
-74.7992
-74.7755
-74.7517
-74.7276
-74.7033
-74.6788
-74.6541
-74.6292
-74.6041
-74.5788
-74.5532
-74.5273
-74.5012
-74.4748
-74.4481
-74.4211
-74.3938
-74.3662
-74.3383
-74.3101
-74.2815
-74.2526
-74.2232
-74.1935
-74.1633
-74.1327
-74.1018
-74.0703
-74.0384
-74.0059
-73.9729
-73.9393
-73.9052
-73.8704
-73.8351
-73.7991
-73.7623
-73.7248
-73.6865
-73.6474
-73.6075
-73.5667
-73.5248
-73.4819
-73.4379
-73.3928
-73.3464
-73.2988
-73.2497
-73.199
-73.1468
-73.0929
-73.0371
-72.9792
-72.9192
-72.8568
-72.7919
-72.7242
-72.6534
-72.5793
-72.5015
-72.4196
-72.3332
-72.2417
-72.1446
-72.0412
-71.9306
-71.8118
-71.6835
-71.5444
-71.3926
-71.2259
-71.0413
-70.8351
-70.6024
-70.3368
-70.0289
-69.6659
-69.2283
-68.6855
-67.986
-67.0357
-65.6376
-63.2915
-58.2305
-39.4659
35.5799
45.0477
14.431
-11.9878
-25.4525
-39.0856
-67.2937
-93.97
-94.9322
-94.9301
-94.8422
-94.6458
-94.2811
-93.7183
-92.9906
-92.1754
-91.353
-90.5811
-89.8901
-89.2899
-88.7783
-88.3468
-87.9849
-87.6819
-87.4281
-87.215
-87.0354
-86.8834
-86.7538
-86.6427
-86.5466
-86.4629
-86.3893
-86.3239
-86.2652
-86.2121
-86.1636
-86.1187
-86.077
-86.0377
-86.0005
-85.9651
-85.931
-85.8981
-85.8661
-85.835
-85.8045
-85.7746
-85.7451
-85.716
-85.6872
-85.6587
-85.6304
-85.6023
-85.5744
-85.5466
-85.5189
-85.4914
-85.4639
-85.4365
-85.4092
-85.382
-85.3548
-85.3277
-85.3006
-85.2736
-85.2466
-85.2196
-85.1927
-85.1659
-85.1391
-85.1123
-85.0855
-85.0588
-85.0321
-85.0055
-84.9789
-84.9523
-84.9258
-84.8993
-84.8728
-84.8463
-84.8199
-84.7936
-84.7672
-84.7409
-84.7146
-84.6884
-84.6622
-84.636
-84.6099
-84.5838
-84.5577
-84.5317
-84.5057
-84.4797
-84.4538
-84.4279
-84.402
-84.3762
-84.3504
-84.3247
-84.299
-84.2733
-84.2476
-84.222
-84.1964
-84.1709
-84.1454
-84.1199
-84.0945
-84.0691
-84.0437
-84.0184
-83.9931
-83.9679
-83.9426
-83.9175
-83.8923
-83.8672
-83.8421
-83.8171
-83.7921
-83.7672
-83.7422
-83.7174
-83.6925
-83.6677
-83.6429
-83.6182
-83.5935
-83.5688
-83.5442
-83.5196
-83.4951
-83.4706
-83.4461
-83.4217
-83.3973
-83.3729
-83.3486
-83.3243
-83.3
-83.2758
-83.2517
-83.2275
-83.2034
-83.1794
-83.1554
-83.1314
-83.1074
-83.0835
-83.0597
-83.0358
-83.012
-82.9883
-82.9646
-82.9409
-82.9173
-82.8937
-82.8701
-82.8466
-82.8231
-82.7996
-82.7762
-82.7528
-82.7295
-82.7062
-82.683
-82.6597
-82.6365
-82.6134
-82.5903
-82.5672
-82.5442
-82.5212
-82.4982
-82.4753
-82.4524
-82.4296
-82.4068
-82.384
-82.3613
-82.3386
-82.3159
-82.2933
-82.2707
-82.2482
-82.2257
-82.2032
-82.1808
-82.1584
-82.136
-82.1137
-82.0915
-82.0692
-82.047
-82.0248
-82.0027
-81.9806
-81.9585
-81.9365
-81.9145
-81.8926
-81.8707
-81.8488
-81.827
-81.8051
-81.7834
-81.7616
-81.7399
-81.7183
-81.6967
-81.6751
-81.6535
-81.632
-81.6105
-81.5891
-81.5677
-81.5463
-81.525
-81.5037
-81.4824
-81.4612
-81.44
-81.4188
-81.3977
-81.3766
-81.3556
-81.3346
-81.3136
-81.2926
-81.2717
-81.2508
-81.23
-81.2092
-81.1884
-81.1676
-81.1469
-81.1263
-81.1056
-81.085
-81.0644
-81.0439
-81.0234
-81.0029
-80.9825
-80.9621
-80.9417
-80.9214
-80.9011
-80.8808
-80.8606
-80.8404
-80.8202
-80.8
-80.7799
-80.7598
-80.7398
-80.7198
-80.6998
-80.6799
-80.6599
-80.6401
-80.6202
-80.6004
-80.5806
-80.5609
-80.5411
-80.5214
-80.5018
-80.4821
-80.4625
-80.4429
-80.4234
-80.4039
-80.3844
-80.365
-80.3456
-80.3262
-80.3068
-80.2875
-80.2682
-80.2489
-80.2297
-80.2105
-80.1913
-80.1721
-80.153
-80.1339
-80.1149
-80.0958
-80.0768
-80.0578
-80.0389
-80.0199
-80.001
-79.9822
-79.9633
-79.9445
-79.9258
-79.907
-79.8883
-79.8696
-79.8509
-79.8323
-79.8136
-79.795
-79.7765
-79.7579
-79.7394
-79.7209
-79.7025
-79.6841
-79.6657
-79.6473
-79.6289
-79.6106
-79.5923
-79.574
-79.5558
-79.5375
-79.5193
-79.5011
-79.483
-79.4649
-79.4468
-79.4287
-79.4106
-79.3926
-79.3746
-79.3566
-79.3386
-79.3207
-79.3028
-79.2849
-79.267
-79.2492
-79.2314
-79.2136
-79.1958
-79.1781
-79.1603
-79.1426
-79.1249
-79.1073
-79.0896
-79.072
-79.0544
-79.0368
-79.0193
-79.0017
-78.9842
-78.9667
-78.9493
-78.9318
-78.9144
-78.897
-78.8796
-78.8622
-78.8448
-78.8275
-78.8102
-78.7929
-78.7756
-78.7584
-78.7411
-78.7239
-78.7067
-78.6896
-78.6724
-78.6553
-78.6381
-78.621
-78.6039
-78.5868
-78.5698
-78.5527
-78.5357
-78.5187
-78.5017
-78.4848
-78.4678
-78.4509
-78.434
-78.4171
-78.4002
-78.3833
-78.3664
-78.3496
-78.3327
-78.3159
-78.2991
-78.2823
-78.2656
-78.2488
-78.2321
-78.2154
-78.1987
-78.182
-78.1653
-78.1486
-78.1319
-78.1153
-78.0986
-78.082
-78.0654
-78.0488
-78.0322
-78.0156
-77.9991
-77.9825
-77.966
-77.9495
-77.933
-77.9165
-77.9
-77.8835
-77.867
-77.8505
-77.834
-77.8176
-77.8012
-77.7847
-77.7683
-77.7519
-77.7355
-77.7191
-77.7027
-77.6864
-77.67
-77.6536
-77.6372
-77.6209
-77.6045
-77.5882
-77.5719
-77.5555
-77.5392
-77.5229
-77.5066
-77.4903
-77.474
-77.4577
-77.4414
-77.4251
-77.4088
-77.3926
-77.3763
-77.36
-77.3437
-77.3275
-77.3112
-77.2949
-77.2787
-77.2624
-77.2462
-77.2299
-77.2137
-77.1974
-77.1811
-77.1649
-77.1486
-77.1324
-77.1161
-77.0998
-77.0836
-77.0673
-77.051
-77.0348
-77.0185
-77.0022
-76.986
-76.9697
-76.9534
-76.9371
-76.9208
-76.9045
-76.8882
-76.8719
-76.8556
-76.8392
-76.8229
-76.8066
-76.7902
-76.7739
-76.7575
-76.7412
-76.7248
-76.7084
-76.692
-76.6756
-76.6591
-76.6427
-76.6262
-76.6098
-76.5933
-76.5768
-76.5603
-76.5438
-76.5273
-76.5108
-76.4943
-76.4777
-76.4611
-76.4445
-76.4279
-76.4112
-76.3946
-76.3779
-76.3612
-76.3445
-76.3277
-76.311
-76.2942
-76.2774
-76.2606
-76.2438
-76.2269
-76.21
-76.1931
-76.1761
-76.1591
-76.1421
-76.1251
-76.108
-76.0909
-76.0738
-76.0567
-76.0395

