-70
-68.4437
-66.4563
-63.3096
-56.5866
-29.396
42.055
49.259
44.1859
28.9402
7.16406
-6.81349
-17.6314
-28.7122
-39.7411
-64.6334
-92.821
-94.7883
-94.9113
-94.8951
-94.8466
-94.7822
-94.7119
-94.6439
-94.5831
-94.5311
-94.4881
-94.4529
-94.4244
-94.4012
-94.3824
-94.3671
-94.3546
-94.3443
-94.3358
-94.3288
-94.3229
-94.3179
-94.3137
-94.3101
-94.307
-94.3042
-94.3018
-94.2996
-94.2975
-94.2956
-94.2938
-94.292
-94.2904
-94.2887
-94.287
-94.2854
-94.2837
-94.282
-94.2803
-94.2786
-94.2768
-94.275
-94.2731
-94.2712
-94.2692
-94.2672
-94.2651
-94.263
-94.2608
-94.2586
-94.2563
-94.254
-94.2516
-94.2492
-94.2467
-94.2441
-94.2415
-94.2389
-94.2362
-94.2334
-94.2306
-94.2278
-94.2249
-94.2219
-94.2189
-94.2159
-94.2128
-94.2096
-94.2064
-94.2032
-94.1999
-94.1966
-94.1932
-94.1898
-94.1863
-94.1828
-94.1792
-94.1756
-94.172
-94.1683
-94.1646
-94.1608
-94.157
-94.1531
-94.1493
-94.1453
-94.1414
-94.1373
-94.1333
-94.1292
-94.1251
-94.1209
-94.1167
-94.1125
-94.1082
-94.1039
-94.0995
-94.0952
-94.0907
-94.0863
-94.0818
-94.0773
-94.0727
-94.0682
-94.0635
-94.0589
-94.0542
-94.0495
-94.0448
-94.04
-94.0352
-94.0303
-94.0255
-94.0206
-94.0157
-94.0107
-94.0057
-94.0007
-93.9957
-93.9906
-93.9856
-93.9804
-93.9753
-93.9701
-93.965
-93.9597
-93.9545
-93.9492
-93.944
-93.9386
-93.9333
-93.928
-93.9226
-93.9172
-93.9118
-93.9063
-93.9008
-93.8954
-93.8898
-93.8843
-93.8788
-93.8732
-93.8676
-93.862
-93.8564
-93.8508
-93.8451
-93.8394
-93.8337
-93.828
-93.8223
-93.8166
-93.8108
-93.805
-93.7992
-93.7934
-93.7876
-93.7818
-93.776
-93.7701
-93.7642
-93.7583
-93.7524
-93.7465
-93.7406
-93.7347
-93.7288
-93.7228
-93.7168
-93.7109
-93.7049
-93.6989
-93.6929
-93.6869
-93.6809
-93.6749
-93.6688
-93.6628
-93.6567
-93.6507
-93.6446
-93.6386
-93.6325
-93.6264
-93.6203
-93.6142
-93.6082
-93.6021
-93.596
-93.5899
-93.5838
-93.5777
-93.5716
-93.5654
-93.5593
-93.5532
-93.5471
-93.541
-93.5349
-93.5288
-93.5226
-93.5165
-93.5104
-93.5043
-93.4982
-93.4921
-93.486
-93.4799
-93.4738
-93.4677
-93.4616
-93.4555
-93.4494
-93.4433
-93.4373
-93.4312
-93.4251
-93.4191
-93.413
-93.407
-93.4009
-93.3949
-93.3889
-93.3829
-93.3768
-93.3708
-93.3648
-93.3589
-93.3529
-93.3469
-93.341
-93.335
-93.3291
-93.3231
-93.3172
-93.3113
-93.3054
-93.2995
-93.2937
-93.2878
-93.282
-93.2761
-93.2703
-93.2645
-93.2587
-93.2529
-93.2472
-93.2414
-93.2357
-93.23
-93.2243
-93.2186
-93.2129
-93.2072
-93.2016
-93.196
-93.1903
-93.1847
-93.1792
-93.1736
-93.1681
-93.1625
-93.157
-93.1515
-93.1461
-93.1406
-93.1352
-93.1298
-93.1244
-93.119
-93.1136
-93.1083
-93.103
-93.0977
-93.0924
-93.0871
-93.0819
-93.0767
-93.0715
-93.0663
-93.0612
-93.0561
-93.051
-93.0459
-93.0408
-93.0358
-93.0307
-93.0258
-93.0208
-93.0158
-93.0109
-93.006
-93.0011
-92.9963
-92.9914
-92.9866
-92.9818
-92.9771
-92.9724
-92.9676
-92.963
-92.9583
-92.9537
-92.949
-92.9445
-92.9399
-92.9354
-92.9308
-92.9264
-92.9219
-92.9175
-92.9131
-92.9087
-92.9043
-92.9
-92.8957
-92.8914
-92.8871
-92.8829
-92.8787
-92.8745
-92.8704
-92.8663
-92.8622
-92.8581
-92.8541
-92.85
-92.8461
-92.8421
-92.8382
-92.8343
-92.8304
-92.8265
-92.8227
-92.8189
-92.8151
-92.8114
-92.8077
-92.804
-92.8003
-92.7967
-92.7931
-92.7895
-92.7859
-92.7824
-92.7789
-92.7754
-92.772
-92.7686
-92.7652
-92.7618
-92.7585
-92.7552
-92.7519
-92.7486
-92.7454
-92.7422
-92.739
-92.7359
-92.7328
-92.7297
-92.7266
-92.7236
-92.7206
-92.7176
-92.7146
-92.7117
-92.7088
-92.7059
-92.7031
-92.7002
-92.6974
-92.6947
-92.6919
-92.6892
-92.6865
-92.6839
-92.6812
-92.6786
-92.676
-92.6735
-92.6709
-92.6684
-92.6659
-92.6635
-92.661
-92.6586
-92.6563
-92.6539
-92.6516
-92.6493
-92.647
-92.6447
-92.6425
-92.6403
-92.6381
-92.636
-92.6339
-92.6318
-92.6297
-92.6276
-92.6256
-92.6236
-92.6216
-92.6196
-92.6177
-92.6158
-92.6139
-92.6121
-92.6102
-92.6084
-92.6066
-92.6048
-92.6031
-92.6014
-92.5997
-92.598
-92.5963
-92.5947
-92.5931
-92.5915
-92.5899
-92.5884
-92.5869
-92.5854
-92.5839
-92.5825
-92.581
-92.5796
-92.5782
-92.5769
-92.5755
-92.5742
-92.5729
-92.5716
-92.5703
-92.5691
-92.5679
-92.5667
-92.5655
-92.5643
-92.5632
-92.562
-92.5609
-92.5599
-92.5588
-92.5578
-92.5567
-92.5557
-92.5547
-92.5538
-92.5528
-92.5519
-92.551
-92.5501
-92.5492
-92.5483
-92.5475
-92.5467
-92.5459
-92.5451
-92.5443
-92.5436
-92.5428
-92.5421
-92.5414
-92.5407
-92.5401
-92.5394
-92.5388
-92.5382
-92.5376
-92.537
-92.5364
-92.5359
-92.5353
-92.5348
-92.5343
-92.5338
-92.5333
-92.5329
-92.5324
-92.532
-92.5316
-92.5312
-92.5308
-92.5304
-92.5301
-92.5297
-92.5294
-92.5291
-92.5288
-92.5285
-92.5282
-92.5279
-92.5277
-92.5275
-92.5272
-92.527
-92.5268
-92.5267
-92.5265
-92.5263
-92.5262
-92.526
-92.5259
-92.5258
-92.5257
-92.5256
-92.5256
-92.5255
-92.5255
-92.5254
-92.5254
-92.5254
-92.5254
-92.5254
-92.5254
-92.5254
-92.5255
-92.5255
-92.5256
-92.5257
-92.5258
-92.5258
-92.5259
-92.5261
-92.5262
-92.5263
-92.5265
-92.5266
-92.5268
-92.5269
-92.5271
-92.5273
-92.5275
-92.5277
-92.5279
-92.5282
-92.5284
-92.5286
-92.5289
-92.5292
-92.5294
-92.5297
-92.53
-92.5303
-92.5306
-92.5309
-92.5312
-92.5315
-92.5319
-92.5322
-92.5326
-92.5329
-92.5333
-92.5336
-92.534
-92.5344
-92.5348
-92.5352
-92.5356
-92.536
-92.5364
-92.5369
-92.5373
-92.5377
-92.5382
-92.5386
-92.5391
-92.5395
-92.54
-92.5405
-92.541
-92.5415
-92.5419
-92.5424
-92.543
-92.5435
-92.544
-92.5445
-92.545
-92.5456
-92.5461
-92.5466
-92.5472
-92.5477
-92.5483
-92.5489
-92.5494
-92.55
-92.5506
-92.5511
-92.5517
-92.5523
-92.5529
-92.5535
-92.5541
-92.5547
-92.5553
-92.556
-92.5566
-92.5572
-92.5578
-92.5585
-92.5591
-92.5597
-92.5604
-92.561
-92.5617
-92.5623
-92.563
-92.5636
-92.5643
-92.565
-92.5656
-92.5663
-92.567
-92.5677
-92.5683
-92.569
-92.5697
-92.5704
-92.5711
-92.5718
-92.5725
-92.5732
-92.5739
-92.5746
-92.5753
-92.5761
-92.5768
-92.5775
-92.5782
-92.5789
-92.5797
-92.5804
-92.5811
-92.5818
-92.5826
-92.5833
-92.5841
-92.5848
-92.5855
-92.5863
-92.587
-92.5878
-92.5885
-92.5893
-92.59
-92.5908
-92.5916
-92.5923
-92.5931
-92.5938
-92.5946
-92.5954
-92.5961
-92.5969
-92.5977
-92.5984
-92.5992
-92.6
-92.6008
-92.6015
-92.6023
-92.6031
-92.6039
-92.6047
-92.6054
-92.6062
-92.607
-92.6078
-92.6086
-92.6094
-92.6102
-92.6109
-92.6117
-92.6125
-92.6133
-92.6141
-92.6149
-92.6157
-92.6165
-92.6173
-92.6181
-92.6189
-92.6197
-92.6205
-92.6213
-92.6221
-92.6229
-92.6237
-92.6245
-92.6253
-92.6261
-92.6269
-92.6277
-92.6285
-92.6293
-92.6301
-92.6309
-92.6317
-92.6325
-92.6333
-92.6341
-92.6349
-92.6357
-92.6365
-92.6373
-92.6381
-92.6389
-92.6397
-92.6405
-92.6413
-92.6421
-92.6429
-92.6437
-92.6445
-92.6454
-92.6462
-92.647
-92.6478
-92.6486
-92.6494
-92.6502
-92.651
-92.6518
-92.6526
-92.6534
-92.6542
-92.655
-92.6558
-92.6566
-92.6574
-92.6582
-92.659
-92.6598
-92.6606
-92.6614
-92.6622
-92.663
-92.6638
-92.6646
-92.6654
-92.6662
-92.667
-92.6678
-92.6686
-92.6694
-92.6702
-92.6709
-92.6717
-92.6725
-92.6733
-92.6741
-92.6749
-92.6757
-92.6765
-92.6773
-92.6781
-92.6788
-92.6796
-92.6804
-92.6812
-92.682
-92.6828
-92.6836
-92.6843
-92.6851
-92.6859
-92.6867
-92.6875
-92.6882
-92.689
-92.6898
-92.6906
-92.6914
-92.6921
-92.6929
-92.6937
-92.6945
-92.6952
-92.696
-92.6968
-92.6975
-92.6983
-92.6991
-92.6998
-92.7006
-92.7014
-92.7021
-92.7029
-92.7037
-92.7044
-92.7052
-92.7059
-92.7067
-92.7075
-92.7082
-92.709
-92.7097
-92.7105
-92.7112
-92.712
-92.7127
-92.7135
-92.7142
-92.715
-92.7157
-92.7165
-92.7172
-92.718
-92.7187
-92.7195
-92.7202
-92.7209
-92.7217
-92.7224
-92.7232
-92.7239
-92.7246
-92.7254
-92.7261
-92.7268
-92.7276
-92.7283
-92.729
-92.7298
-92.7305
-92.7312
-92.7319
-92.7327
-92.7334
-92.7341
-92.7348
-92.7355
-92.7363
-92.737
-92.7377
-92.7384
-92.7391
-92.7398
-92.7405
-92.7413
-92.742
-92.7427
-92.7434
-92.7441
-92.7448
-92.7455
-92.7462
-92.7469
-92.7476
-92.7483
-92.749
-92.7497
-92.7504
-92.7511
-92.7518
-92.7525
-92.7532
-92.7539
-92.7546
-92.7553
-92.7559
-92.7566
-92.7573
-92.758
-92.7587
-92.7594
-92.76
-92.7607
-92.7614
-92.7621
-92.7628
-92.7634
-92.7641
-92.7648
-92.7654
-92.7661
-92.7668
-92.7675
-92.7681
-92.7688
-92.7695
-92.7701
-92.7708
-92.7714
-92.7721
-92.7728
-92.7734
-92.7741
-92.7747
-92.7754
-92.776
-92.7767
-92.7774
-92.778
-92.7786
-92.7793
-92.7799
-92.7806
-92.7812
-92.7819
-92.7825
-92.7832
-92.7838
-92.7844
-92.7851
-92.7857
-92.7864
-92.787
-92.7876
-92.7883
-92.7889
-92.7895
-92.7901
-92.7908
-92.7914
-92.792
-92.7926
-92.7933
-92.7939
-92.7945
-92.7951
-92.7957
-92.7964
-92.797
-92.7976
-92.7982
-92.7988
-92.7994
-92.8
-92.8007
-92.8013
-92.8019
-92.8025
-92.8031
-92.8037
-92.8043
-92.8049
-92.8055
-92.8061
-92.8067
-92.8073
-92.8079
-92.8085
-92.8091
-92.8097
-92.8103
-92.8108
-92.8114
-92.812
-92.8126
-92.8132
-92.8138
-92.8144
-92.815
-92.8155
-92.8161
-92.8167
-92.8173
-92.8179
-92.8184
-92.819
-92.8196
-92.8202
-92.8207
-92.8213
-92.8219
-92.8224
-92.823
-92.8236
-92.8241
-92.8247
-92.8253
-92.8258
-92.8264
-92.8269
-92.8275
-92.8281
-92.8286
-92.8292
-92.8297
-92.8303
-92.8308
-92.8314
-92.8319
-92.8325
-92.833
-92.8336
-92.8341
-92.8347
-92.8352
-92.8358
-92.8363
-92.8369
-92.8374
-92.8379
-92.8385
-92.839
-92.8395
-92.8401
-92.8406
-92.8411
-92.8417
-92.8422
-92.8427
-92.8433
-92.8438
-92.8443
-92.8449
-92.8454
-92.8459
-92.8464
-92.8469
-92.8475
-92.848
-92.8485
-92.849
-92.8495
-92.8501
-92.8506
-92.8511
-92.8516
-92.8521
-92.8526
-92.8531
-92.8536
-92.8542
-92.8547
-92.8552
-92.8557
-92.8562
-92.8567
-92.8572
-92.8577
-92.8582
-92.8587
-92.8592
-92.8597
-92.8602
-92.8607
-92.8612
-92.8617
-92.8622
-92.8626
-92.8631
-92.8636
-92.8641
-92.8646
-92.8651
-92.8656
-92.8661
-92.8665
-92.867
-92.8675
-92.868
-92.8685
-92.869
-92.8694
-92.8699
-92.8704
-92.8709
-92.8713
-92.8718
-92.8723
-92.8728
-92.8732
-92.8737
-92.8742
-92.8746
-92.8751
-92.8756
-92.876
-92.8765
-92.877
-92.8774
-92.8779
-92.8784
-92.8788
-92.8793
-92.8797
-92.8802
-92.8806
-92.8811
-92.8816
-92.882
-92.8825
-92.8829
-92.8834
-92.8838
-92.8843
-92.8847
-92.8852
-92.8856
-92.8861
-92.8865
-92.887
-92.8874
-92.8878
-92.8883
-92.8887
-92.8892
-92.8896
-92.89
-92.8905
-92.8909
-92.8914
-92.8918
-92.8922
-92.8927
-92.8931
-92.8935
-92.894
-92.8944
-92.8948
-92.8952
-92.8957
-92.8961
-92.8965
-92.897
-92.8974
-92.8978
-92.8982
-92.8986
-92.8991
-92.8995
-92.8999
-92.9003
-92.9007
-92.9012
-92.9016
-92.902
-92.9024
-92.9028
-92.9032
-92.9037
-92.9041
-92.9045
-92.9049
-92.9053
-92.9057
-92.9061
-92.9065
-92.9069
-92.9073
-92.9077
-92.9081
-92.9085
-92.9089
-92.9093
-92.9097
-92.9101
-92.9105
-92.9109
-92.9113
-92.9117
-92.9121
-92.9125
-92.9129
-92.9133
-92.9137
-92.9141
-92.9145
-92.9149
-92.9153
-92.9157
-92.9161
-92.9165
-92.9168
-92.9172
-92.9176
-92.918
-92.9184
-92.9188
-92.9191
-92.9195
-92.9199
-92.9203
-92.9207
-92.9211
-92.9214
-92.9218
-92.9222
-92.9226
-92.9229
-92.9233
-92.9237
-92.9241
-92.9244
-92.9248
-92.9252
-92.9256
-92.9259
-92.9263
-92.9267
-92.927
-92.9274
-92.9278
-92.9281
-92.9285
-92.9289
-92.9292
-92.9296
-92.9299
-92.9303
-92.9307
-92.931
-92.9314
-92.9318
-92.9321
-92.9325
-92.9328
-92.9332
-92.9335
-92.9339
-92.9342
-92.9346
-92.935
-92.9353
-92.9357
-92.936
-92.9364
-92.9367
-92.9371
-92.9374
-92.9378
-92.9381
-92.9385
-92.9388
-92.9391
-92.9395
-92.9398
-92.9402
-92.9405
-92.9409
-92.9412
-92.9415
-92.9419
-92.9422
-92.9426
-92.9429
-92.9432
-92.9436
-92.9439
-92.9442
-92.9446
-92.9449
-92.9452
-92.9456
-92.9459
-92.9462
-92.9466
-92.9469
-92.9472
-92.9476
-92.9479
-92.9482
-92.9486
-92.9489
-92.9492
-92.9495
-92.9499
-92.9502
-92.9505
-92.9508
-92.9512
-92.9515
-92.9518
-92.9521
-92.9524
-92.9528
-92.9531
-92.9534
-92.9537
-92.954
-92.9544
-92.9547
-92.955
-92.9553
-92.9556
-92.9559
-92.9562
-92.9566
-92.9569
-92.9572
-92.9575
-92.9578
-92.9581
-92.9584
-92.9587
-92.959
-92.9593
-92.9597
-92.96
-92.9603
-92.9606
-92.9609
-92.9612
-92.9615
-92.9618
-92.9621
-92.9624
-92.9627
-92.963
-92.9633
-92.9636
-92.9639
-92.9642
-92.9645
-92.9648
-92.9651
-92.9654
-92.9657
-92.966
-92.9663
-92.9666
-92.9669
-92.9672
-92.9674
-92.9677
-92.968
-92.9683
-92.9686
-92.9689
-92.9692
-92.9695
-92.9698
-92.9701
-92.9703
-92.9706
-92.9709
-92.9712
-92.9715
-92.9718
-92.9721
-92.9723
-92.9726
-92.9729
-92.9732
-92.9735
-92.9738
-92.974
-92.9743
-92.9746
-92.9749
-92.9752
-92.9754
-92.9757
-92.976
-92.9763
-92.9765
-92.9768
-92.9771
-92.9774
-92.9776
-92.9779
-92.9782
-92.9785
-92.9787
-92.979
-92.9793
-92.9795
-92.9798
-92.9801
-92.9804
-92.9806
-92.9809
-92.9812
-92.9814
-92.9817
-92.982
-92.9822
-92.9825
-92.9828
-92.983
-92.9833
-92.9835
-92.9838
-92.9841
-92.9843
-92.9846
-92.9849
-92.9851
-92.9854
-92.9856
-92.9859
-92.9862
-92.9864
-92.9867
-92.9869
-92.9872
-92.9874
-92.9877
-92.988
-92.9882
-92.9885
-92.9887
-92.989
-92.9892
-92.9895
-92.9897
-92.99
-92.9902
-92.9905
-92.9907
-92.991
-92.9912
-92.9915
-92.9917
-92.992
-92.9922
-92.9925
-92.9927
-92.993
-92.9932
-92.9935
-92.9937
-92.994
-92.9942
-92.9944
-92.9947
-92.9949
-92.9952
-92.9954
-92.9957
-92.9959
-92.9961
-92.9964
-92.9966
-92.9969
-92.9971
-92.9973
-92.9976
-92.9978
-92.9981
-92.9983
-92.9985
-92.9988
-92.999
-92.9992
-92.9995
-92.9997
-92.9999
-93.0002
-93.0004
-93.0006
-93.0009
-93.0011
-93.0013
-93.0016
-93.0018
-93.002
-93.0023
-93.0025
-93.0027
-93.0029
-93.0032
-93.0034
-93.0036
-93.0039
-93.0041
-93.0043
-93.0045
-93.0048
-93.005
-93.0052
-93.0054
-93.0057
-93.0059
-93.0061
-93.0063
-93.0065
-93.0068
-93.007
-93.0072
-93.0074
-93.0077
-93.0079
-93.0081
-93.0083
-93.0085
-93.0087
-93.009
-93.0092
-93.0094
-93.0096
-93.0098
-93.0101
-93.0103
-93.0105
-93.0107
-93.0109
-93.0111
-93.0113
-93.0116
-93.0118
-93.012
-93.0122
-93.0124
-93.0126
-93.0128
-93.013
-93.0132
-93.0135
-93.0137
-93.0139
-93.0141
-93.0143
-93.0145
-93.0147
-93.0149
-93.0151
-93.0153
-93.0155
-93.0157
-93.0159
-93.0162
-93.0164
-93.0166
-93.0168
-93.017
-93.0172
-93.0174
-93.0176
-93.0178
-93.018
-93.0182
-93.0184
-93.0186
-93.0188
-93.019
-93.0192
-93.0194
-93.0196
-93.0198
-93.02
-93.0202
-93.0204
-93.0206
-93.0208
-93.021
-93.0212
-93.0214
-93.0216
-93.0218
-93.022
-93.0221
-93.0223
-93.0225
-93.0227
-93.0229
-93.0231
-93.0233
-93.0235
-93.0237
-93.0239
-93.0241
-93.0243
-93.0245
-93.0246
-93.0248
-93.025
-93.0252
-93.0254
-93.0256
-93.0258
-93.026
-93.0262
-93.0263
-93.0265
-93.0267
-93.0269
-93.0271
-93.0273
-93.0275
-93.0276
-93.0278
-93.028
-93.0282
-93.0284
-93.0286
-93.0287
-93.0289
-93.0291
-93.0293
-93.0295
-93.0297
-93.0298
-93.03
-93.0302
-93.0304
-93.0306
-93.0307
-93.0309
-93.0311
-93.0313
-93.0315
-93.0316
-93.0318
-93.032
-93.0322
-93.0323
-93.0325
-93.0327
-93.0329
-93.033
-93.0332
-93.0334
-93.0336
-93.0337
-93.0339
-93.0341
-93.0343
-93.0344
-93.0346
-93.0348
-93.035
-93.0351
-93.0353
-93.0355
-93.0356
-93.0358
-93.036
-93.0361
-93.0363
-93.0365
-93.0367
-93.0368
-93.037
-93.0372
-93.0373
-93.0375
-93.0377
-93.0378
-93.038
-93.0382
-93.0383
-93.0385
-93.0387
-93.0388
-93.039
-93.0392
-93.0393
-93.0395
-93.0396
-93.0398
-93.04
-93.0401
-93.0403
-93.0405
-93.0406
-93.0408
-93.0409
-93.0411
-93.0413
-93.0414
-93.0416
-93.0417
-93.0419
-93.0421
-93.0422
-93.0424
-93.0425
-93.0427
-93.0429
-93.043
-93.0432
-93.0433
-93.0435
-93.0436
-93.0438
-93.044
-93.0441
-93.0443
-93.0444
-93.0446
-93.0447
-93.0449
-93.045
-93.0452
-93.0454
-93.0455
-93.0457
-93.0458
-93.046
-93.0461
-93.0463
-93.0464
-93.0466
-93.0467
-93.0469
-93.047
-93.0472
-93.0473
-93.0475
-93.0476
-93.0478
-93.0479
-93.0481
-93.0482
-93.0484
-93.0485
-93.0487
-93.0488
-93.049
-93.0491
-93.0492
-93.0494
-93.0495
-93.0497
-93.0498
-93.05
-93.0501
-93.0503
-93.0504
-93.0506
-93.0507
-93.0508
-93.051
-93.0511
-93.0513
-93.0514
-93.0516
-93.0517
-93.0518
-93.052
-93.0521
-93.0523
-93.0524
-93.0525
-93.0527
-93.0528
-93.053
-93.0531
-93.0532
-93.0534
-93.0535
-93.0537
-93.0538
-93.0539
-93.0541
-93.0542
-93.0544
-93.0545
-93.0546
-93.0548
-93.0549
-93.055
-93.0552
-93.0553
-93.0554
-93.0556
-93.0557
-93.0559
-93.056
-93.0561
-93.0563
-93.0564
-93.0565
-93.0567
-93.0568
-93.0569
-93.0571
-93.0572
-93.0573
-93.0574
-93.0576
-93.0577
-93.0578
-93.058
-93.0581
-93.0582
-93.0584
-93.0585
-93.0586
-93.0588
-93.0589
-93.059
-93.0591
-93.0593
-93.0594
-93.0595
-93.0597
-93.0598
-93.0599
-93.06
-93.0602
-93.0603
-93.0604
-93.0605
-93.0607
-93.0608
-93.0609
-93.061
-93.0612
-93.0613
-93.0614
-93.0615
-93.0617
-93.0618
-93.0619
-93.062
-93.0622
-93.0623
-93.0624
-93.0625
-93.0627
-93.0628
-93.0629
-93.063
-93.0631
-93.0633
-93.0634
-93.0635
-93.0636
-93.0637
-93.0639
-93.064
-93.0641
-93.0642
-93.0643
-93.0645
-93.0646
-93.0647
-93.0648
-93.0649
-93.0651
-93.0652
-93.0653
-93.0654
-93.0655
-93.0656
-93.0658
-93.0659
-93.066
-93.0661
-93.0662
-93.0663
-93.0664
-93.0666
-93.0667
-93.0668
-93.0669
-93.067
-93.0671
-93.0673
-93.0674
-93.0675
-93.0676
-93.0677
-93.0678
-93.0679
-93.068
-93.0682
-93.0683
-93.0684
-93.0685
-93.0686
-93.0687
-93.0688
-93.0689
-93.069
-93.0692
-93.0693
-93.0694
-93.0695
-93.0696
-93.0697
-93.0698
-93.0699
-93.07
-93.0701
-93.0702
-93.0704
-93.0705
-93.0706
-93.0707
-93.0708
-93.0709
-93.071
-93.0711
-93.0712
-93.0713
-93.0714
-93.0715
-93.0716
-93.0717
-93.0718
-93.0719
-93.0721
-93.0722
-93.0723
-93.0724
-93.0725
-93.0726
-93.0727
-93.0728
-93.0729
-93.073
-93.0731
-93.0732
-93.0733
-93.0734
-93.0735
-93.0736
-93.0737
-93.0738
-93.0739
-93.074
-93.0741
-93.0742
-93.0743
-93.0744
-93.0745
-93.0746
-93.0747
-93.0748
-93.0749
-93.075
-93.0751
-93.0752
-93.0753
-93.0754
-93.0755
-93.0756
-93.0757
-93.0758
-93.0759
-93.076
-93.0761
-93.0762
-93.0763
-93.0764
-93.0765
-93.0766
-93.0767
-93.0768
-93.0769
-93.0769
-93.077
-93.0771
-93.0772
-93.0773
-93.0774
-93.0775
-93.0776
-93.0777
-93.0778
-93.0779
-93.078
-93.0781
-93.0782
-93.0783
-93.0784
-93.0784
-93.0785
-93.0786
-93.0787
-93.0788
-93.0789
-93.079
-93.0791
-93.0792
-93.0793
-93.0794
-93.0795
-93.0795
-93.0796
-93.0797
-93.0798
-93.0799
-93.08
-93.0801
-93.0802
-93.0803
-93.0803
-93.0804
-93.0805
-93.0806
-93.0807
-93.0808
-93.0809
-93.081
-93.0811
-93.0811
-93.0812
-93.0813
-93.0814
-93.0815
-93.0816
-93.0817
-93.0817
-93.0818
-93.0819
-93.082
-93.0821
-93.0822
-93.0823
-93.0823
-93.0824
-93.0825
-93.0826
-93.0827
-93.0828
-93.0828
-93.0829
-93.083
-93.0831
-93.0832
-93.0833
-93.0833
-93.0834
-93.0835
-93.0836
-93.0837
-93.0838
-93.0838
-93.0839
-93.084
-93.0841
-93.0842
-93.0842
-93.0843
-93.0844
-93.0845
-93.0846
-93.0846
-93.0847
-93.0848
-93.0849
-93.085
-93.085
-93.0851
-93.0852
-93.0853
-93.0854
-93.0854
-93.0855
-93.0856
-93.0857
-93.0857
-93.0858
-93.0859
-93.086
-93.0861
-93.0861
-93.0862
-93.0863
-93.0864
-93.0864
-93.0865
-93.0866
-93.0867
-93.0867
-93.0868
-93.0869
-93.087
-93.087
-93.0871
-93.0872
-93.0873
-93.0873
-93.0874
-93.0875
-93.0876
-93.0876
-93.0877
-93.0878
-93.0878
-93.0879
-93.088
-93.0881
-93.0881
-93.0882
-93.0883
-93.0884
-93.0884
-93.0885
-93.0886
-93.0886
-93.0887
-93.0888
-93.0889
-93.0889
-93.089
-93.0891
-93.0891
-93.0892
-93.0893
-93.0893
-93.0894
-93.0895
-93.0896
-93.0896
-93.0897
-93.0898
-93.0898
-93.0899
-93.09
-93.09
-93.0901
-93.0902
-93.0902
-93.0903
-93.0904
-93.0904
-93.0905
-93.0906
-93.0906
-93.0907
-93.0908
-93.0908
-93.0909
-93.091
-93.091
-93.0911
-93.0912
-93.0912
-93.0913
-93.0914
-93.0914
-93.0915
-93.0916
-93.0916
-93.0917
-93.0918
-93.0918
-93.0919
-93.092
-93.092
-93.0921
-93.0921
-93.0922
-93.0923
-93.0923
-93.0924
-93.0925
-93.0925
-93.0926
-93.0927
-93.0927
-93.0928
-93.0928
-93.0929
-93.093
-93.093
-93.0931
-93.0931
-93.0932
-93.0933
-93.0933
-93.0934
-93.0935
-93.0935
-93.0936
-93.0936
-93.0937
-93.0938
-93.0938
-93.0939
-93.0939
-93.094
-93.0941
-93.0941
-93.0942
-93.0942
-93.0943
-93.0943
-93.0944
-93.0945
-93.0945
-93.0946
-93.0946
-93.0947
-93.0948
-93.0948
-93.0949
-93.0949
-93.095
-93.095
-93.0951
-93.0951
-93.0952
-93.0953
-93.0953
-93.0954
-93.0954
-93.0955
-93.0955
-93.0956
-93.0957
-93.0957
-93.0958
-93.0958
-93.0959
-93.0959
-93.096
-93.096
-93.0961
-93.0961
-93.0962
-93.0963
-93.0963
-93.0964
-93.0964
-93.0965
-93.0965
-93.0966
-93.0966
-93.0967
-93.0967
-93.0968
-93.0968
-93.0969
-93.0969
-93.097
-93.097
-93.0971
-93.0971
-93.0972
-93.0973
-93.0973
-93.0974
-93.0974
-93.0975
-93.0975
-93.0976
-93.0976
-93.0977
-93.0977
-93.0978
-93.0978
-93.0979
-93.0979
-93.098
-93.098
-93.0981
-93.0981
-93.0982
-93.0982
-93.0983
-93.0983
-93.0983
-93.0984
-93.0984
-93.0985
-93.0985
-93.0986
-93.0986
-93.0987
-93.0987
-93.0988
-93.0988
-93.0989
-93.0989
-93.099
-93.099
-93.0991
-93.0991
-93.0992
-93.0992
-93.0992
-93.0993
-93.0993
-93.0994
-93.0994
-93.0995
-93.0995
-93.0996
-93.0996
-93.0997
-93.0997
-93.0997
-93.0998
-93.0998
-93.0999
-93.0999
-93.1
-93.1
-93.1001
-93.1001
-93.1001
-93.1002
-93.1002
-93.1003
-93.1003
-93.1004
-93.1004
-93.1004
-93.1005
-93.1005
-93.1006
-93.1006
-93.1007
-93.1007
-93.1007
-93.1008
-93.1008
-93.1009
-93.1009
-93.101
-93.101
-93.101
-93.1011
-93.1011
-93.1012
-93.1012
-93.1012
-93.1013
-93.1013
-93.1014
-93.1014
-93.1014
-93.1015
-93.1015
-93.1016
-93.1016
-93.1016
-93.1017
-93.1017
-93.1018
-93.1018
-93.1018
-93.1019
-93.1019
-93.1019
-93.102
-93.102
-93.1021
-93.1021
-93.1021
-93.1022
-93.1022
-93.1023
-93.1023
-93.1023
-93.1024
-93.1024
-93.1024
-93.1025
-93.1025
-93.1025
-93.1026
-93.1026
-93.1027
-93.1027
-93.1027
-93.1028
-93.1028
-93.1028
-93.1029
-93.1029
-93.1029
-93.103
-93.103
-93.103
-93.1031
-93.1031
-93.1032
-93.1032
-93.1032
-93.1033
-93.1033
-93.1033
-93.1034
-93.1034
-93.1034
-93.1035
-93.1035
-93.1035
-93.1036
-93.1036
-93.1036
-93.1037
-93.1037
-93.1037
-93.1038
-93.1038
-93.1038
-93.1039
-93.1039
-93.1039
-93.1039
-93.104
-93.104
-93.104
-93.1041
-93.1041
-93.1041
-93.1042
-93.1042
-93.1042
-93.1043
-93.1043
-93.1043
-93.1044
-93.1044
-93.1044
-93.1044
-93.1045
-93.1045
-93.1045
-93.1046
-93.1046
-93.1046
-93.1047
-93.1047
-93.1047
-93.1047
-93.1048
-93.1048
-93.1048
-93.1049
-93.1049
-93.1049
-93.1049
-93.105
-93.105
-93.105
-93.1051
-93.1051
-93.1051
-93.1051
-93.1052
-93.1052
-93.1052
-93.1053
-93.1053
-93.1053
-93.1053
-93.1054
-93.1054
-93.1054
-93.1054
-93.1055
-93.1055
-93.1055
-93.1055
-93.1056
-93.1056
-93.1056
-93.1056
-93.1057
-93.1057
-93.1057
-93.1058
-93.1058
-93.1058
-93.1058
-93.1059
-93.1059
-93.1059
-93.1059
-93.106
-93.106
-93.106
-93.106
-93.106
-93.1061
-93.1061
-93.1061
-93.1061
-93.1062
-93.1062
-93.1062
-93.1062
-93.1063
-93.1063
-93.1063
-93.1063
-93.1064
-93.1064
-93.1064
-93.1064
-93.1064
-93.1065
-93.1065
-93.1065
-93.1065
-93.1066
-93.1066
-93.1066
-93.1066
-93.1066
-93.1067
-93.1067
-93.1067
-93.1067
-93.1067
-93.1068
-93.1068
-93.1068
-93.1068
-93.1069
-93.1069
-93.1069
-93.1069
-93.1069
-93.107
-93.107
-93.107
-93.107
-93.107
-93.1071
-93.1071
-93.1071
-93.1071
-93.1071
-93.1071
-93.1072
-93.1072
-93.1072
-93.1072
-93.1072
-93.1073
-93.1073
-93.1073
-93.1073
-93.1073
-93.1074
-93.1074
-93.1074
-93.1074
-93.1074
-93.1074
-93.1075
-93.1075
-93.1075
-93.1075
-93.1075
-93.1075
-93.1076
-93.1076
-93.1076
-93.1076
-93.1076
-93.1076
-93.1077
-93.1077
-93.1077
-93.1077
-93.1077
-93.1077
-93.1078
-93.1078
-93.1078
-93.1078
-93.1078
-93.1078
-93.1078
-93.1079
-93.1079
-93.1079
-93.1079
-93.1079
-93.1079
-93.108
-93.108
-93.108
-93.108
-93.108
-93.108
-93.108
-93.1081
-93.1081
-93.1081
-93.1081
-93.1081
-93.1081
-93.1081
-93.1081
-93.1082
-93.1082
-93.1082
-93.1082
-93.1082
-93.1082
-93.1082
-93.1083
-93.1083
-93.1083
-93.1083
-93.1083
-93.1083
-93.1083
-93.1083
-93.1083
-93.1084
-93.1084
-93.1084
-93.1084
-93.1084
-93.1084
-93.1084
-93.1084
-93.1085
-93.1085
-93.1085
-93.1085
-93.1085
-93.1085
-93.1085
-93.1085
-93.1085
-93.1085
-93.1086
-93.1086
-93.1086
-93.1086
-93.1086
-93.1086
-93.1086
-93.1086
-93.1086
-93.1086
-93.1087
-93.1087
-93.1087
-93.1087
-93.1087
-93.1087
-93.1087
-93.1087
-93.1087
-93.1087
-93.1087
-93.1088
-93.1088
-93.1088
-93.1088
-93.1088
-93.1088
-93.1088
-93.1088
-93.1088
-93.1088
-93.1088
-93.1088
-93.1088
-93.1089
-93.1089
-93.1089
-93.1089
-93.1089
-93.1089
-93.1089
-93.1089
-93.1089
-93.1089
-93.1089
-93.1089
-93.1089
-93.1089
-93.1089
-93.109
-93.109
-93.109
-93.109
-93.109
-93.109
-93.109
-93.109
-93.109
-93.109
-93.109
-93.109
-93.109
-93.109
-93.109
-93.109
-93.109
-93.109
-93.1091
-93.1091
-93.1091
-93.1091
-93.1091
-93.1091
-93.1091
-93.1091
-93.1091
-93.1091
-93.1091
-93.1091
-93.1091
-93.1091
-93.1091
-93.1091
-93.1091
-93.1091
-93.1091
-93.1091
-93.1091
-93.1091
-93.1091
-93.1091
-93.1091
-93.1091
-93.1091
-93.1091
-93.1091
-93.1091
-93.1092
-93.1092
-93.1092
-93.1092
-93.1092
-93.1092
-93.1092
-93.1092
-93.1092
-93.1092
-93.1092
-93.1092
-93.1092
-93.1092
-93.1092
-93.1092
-93.1092
-93.1092
-93.1092
-93.1092
-93.1092
-93.1092
-93.1092
-93.1092
-93.1092
-93.1092
-93.1092
-93.1092
-93.1092
-93.1092
-93.1092
-93.1092
-93.1092
-93.1092
-93.1092
-93.1092
-93.1092
-93.1092
-93.1092
-93.1092
-93.1092
-93.1092
-93.1092
-93.1092
-93.1092
-93.1092
-93.1092
-93.1092
-93.1092
-93.1092
-93.1092
-93.1092
-93.1092
-93.1092
-93.1092
-93.1091
-93.1091
-93.1091
-93.1091
-93.1091
-93.1091
-93.1091
-93.1091
-93.1091
-93.1091
-93.1091
-93.1091
-93.1091
-93.1091
-93.1091
-93.1091
-93.1091
-93.1091
-93.1091
-93.1091
-93.1091
-93.1091
-93.1091
-93.1091
-93.1091
-93.1091
-93.1091
-93.1091
-93.1091
-93.1091
-93.1091
-93.109
-93.109
-93.109
-93.109
-93.109
-93.109
-93.109
-93.109
-93.109
-93.109
-93.109
-93.109
-93.109
-93.109
-93.109
-93.109
-93.109
-93.109
-93.109
-93.1089
-93.1089
-93.1089
-93.1089
-93.1089
-93.1089
-93.1089
-93.1089
-93.1089
-93.1089
-93.1089
-93.1089
-93.1089
-93.1089
-93.1089
-93.1089
-93.1088
-93.1088
-93.1088
-93.1088
-93.1088
-93.1088
-93.1088
-93.1088
-93.1088
-93.1088
-93.1088
-93.1088
-93.1088
-93.1087
-93.1087
-93.1087
-93.1087
-93.1087
-93.1087
-93.1087
-93.1087
-93.1087
-93.1087
-93.1087
-93.1087
-93.1086
-93.1086
-93.1086
-93.1086
-93.1086
-93.1086
-93.1086
-93.1086
-93.1086
-93.1086
-93.1086
-93.1085
-93.1085
-93.1085
-93.1085
-93.1085
-93.1085
-93.1085
-93.1085
-93.1085
-93.1085
-93.1084
-93.1084
-93.1084
-93.1084
-93.1084
-93.1084
-93.1084
-93.1084
-93.1084
-93.1084
-93.1083
-93.1083
-93.1083
-93.1083
-93.1083
-93.1083
-93.1083
-93.1083
-93.1083
-93.1082
-93.1082
-93.1082
-93.1082
-93.1082
-93.1082
-93.1082
-93.1082
-93.1081
-93.1081
-93.1081
-93.1081
-93.1081
-93.1081
-93.1081
-93.1081
-93.108
-93.108
-93.108
-93.108
-93.108
-93.108
-93.108
-93.108
-93.1079
-93.1079
-93.1079
-93.1079
-93.1079
-93.1079
-93.1079
-93.1079
-93.1078
-93.1078
-93.1078
-93.1078
-93.1078
-93.1078
-93.1078
-93.1077
-93.1077
-93.1077
-93.1077
-93.1077
-93.1077
-93.1077
-93.1076
-93.1076
-93.1076
-93.1076
-93.1076
-93.1076
-93.1076
-93.1075
-93.1075
-93.1075
-93.1075
-93.1075
-93.1075
-93.1074
-93.1074
-93.1074
-93.1074
-93.1074
-93.1074
-93.1074
-93.1073
-93.1073
-93.1073
-93.1073
-93.1073
-93.1073
-93.1072
-93.1072
-93.1072
-93.1072
-93.1072
-93.1072
-93.1071
-93.1071
-93.1071
-93.1071
-93.1071
-93.1071
-93.107
-93.107
-93.107
-93.107
-93.107
-93.107
-93.1069
-93.1069
-93.1069
-93.1069
-93.1069
-93.1069
-93.1068
-93.1068
-93.1068
-93.1068
-93.1068
-93.1067
-93.1067
-93.1067
-93.1067
-93.1067
-93.1067
-93.1066
-93.1066
-93.1066
-93.1066
-93.1066
-93.1065
-93.1065
-93.1065
-93.1065
-93.1065
-93.1064
-93.1064
-93.1064
-93.1064
-93.1064
-93.1064
-93.1063
-93.1063
-93.1063
-93.1063
-93.1063
-93.1062
-93.1062
-93.1062
-93.1062
-93.1062
-93.1061
-93.1061
-93.1061
-93.1061
-93.1061
-93.106
-93.106
-93.106
-93.106
-93.106
-93.1059
-93.1059
-93.1059
-93.1059
-93.1059
-93.1058
-93.1058
-93.1058
-93.1058
-93.1057
-93.1057
-93.1057
-93.1057
-93.1057
-93.1056
-93.1056
-93.1056
-93.1056
-93.1056
-93.1055
-93.1055
-93.1055
-93.1055
-93.1054
-93.1054
-93.1054
-93.1054
-93.1054
-93.1053
-93.1053
-93.1053
-93.1053
-93.1052
-93.1052
-93.1052
-93.1052
-93.1052
-93.1051
-93.1051
-93.1051
-93.1051
-93.105
-93.105
-93.105
-93.105
-93.1049
-93.1049
-93.1049
-93.1049
-93.1049
-93.1048
-93.1048
-93.1048
-93.1048
-93.1047
-93.1047
-93.1047
-93.1047
-93.1046
-93.1046
-93.1046
-93.1046
-93.1045
-93.1045
-93.1045
-93.1045
-93.1044
-93.1044
-93.1044
-93.1044
-93.1043
-93.1043
-93.1043
-93.1043
-93.1043
-93.1042
-93.1042
-93.1042
-93.1042
-93.1041
-93.1041
-93.1041
-93.104
-93.104
-93.104
-93.104
-93.1039
-93.1039
-93.1039
-93.1039
-93.1038
-93.1038
-93.1038
-93.1038
-93.1037
-93.1037
-93.1037
-93.1037
-93.1036
-93.1036
-93.1036
-93.1036
-93.1035
-93.1035
-93.1035
-93.1035
-93.1034
-93.1034
-93.1034
-93.1033
-93.1033
-93.1033
-93.1033
-93.1032
-93.1032
-93.1032
-93.1032
-93.1031
-93.1031
-93.1031
-93.103
-93.103
-93.103
-93.103
-93.1029
-93.1029
-93.1029
-93.1029
-93.1028
-93.1028
-93.1028
-93.1027
-93.1027
-93.1027
-93.1027
-93.1026
-93.1026
-93.1026
-93.1025
-93.1025
-93.1025
-93.1025
-93.1024
-93.1024
-93.1024
-93.1023
-93.1023
-93.1023
-93.1023
-93.1022
-93.1022
-93.1022
-93.1021
-93.1021
-93.1021
-93.1021
-93.102
-93.102
-93.102
-93.1019
-93.1019
-93.1019
-93.1018
-93.1018
-93.1018
-93.1018
-93.1017
-93.1017
-93.1017
-93.1016
-93.1016
-93.1016
-93.1015
-93.1015
-93.1015
-93.1015
-93.1014
-93.1014
-93.1014
-93.1013
-93.1013
-93.1013
-93.1012
-93.1012
-93.1012
-93.1012
-93.1011
-93.1011
-93.1011
-93.101
-93.101
-93.101
-93.1009
-93.1009
-93.1009
-93.1008
-93.1008
-93.1008
-93.1007
-93.1007
-93.1007
-93.1007
-93.1006
-93.1006
-93.1006
-93.1005
-93.1005
-93.1005
-93.1004
-93.1004
-93.1004
-93.1003
-93.1003
-93.1003
-93.1002
-93.1002
-93.1002
-93.1001
-93.1001
-93.1001
-93.1
-93.1
-93.1
-93.0999
-93.0999
-93.0999
-93.0998
-93.0998
-93.0998
-93.0997
-93.0997
-93.0997
-93.0996
-93.0996
-93.0996
-93.0995
-93.0995
-93.0995
-93.0994
-93.0994
-93.0994
-93.0993
-93.0993
-93.0993
-93.0992
-93.0992
-93.0992
-93.0991
-93.0991
-93.0991
-93.099
-93.099
-93.099
-93.0989
-93.0989
-93.0989
-93.0988
-93.0988
-93.0988
-93.0987
-93.0987
-93.0987
-93.0986
-93.0986
-93.0986
-93.0985
-93.0985
-93.0985
-93.0984
-93.0984
-93.0983
-93.0983
-93.0983
-93.0982
-93.0982
-93.0982
-93.0981
-93.0981
-93.0981
-93.098
-93.098
-93.098
-93.0979
-93.0979
-93.0978
-93.0978
-93.0978
-93.0977
-93.0977
-93.0977
-93.0976
-93.0976
-93.0976
-93.0975
-93.0975
-93.0975
-93.0974
-93.0974
-93.0973
-93.0973
-93.0973
-93.0972
-93.0972
-93.0972
-93.0971
-93.0971
-93.0971
-93.097
-93.097
-93.0969
-93.0969
-93.0969
-93.0968
-93.0968
-93.0968
-93.0967
-93.0967
-93.0966
-93.0966
-93.0966
-93.0965
-93.0965
-93.0965
-93.0964
-93.0964
-93.0963
-93.0963
-93.0963
-93.0962
-93.0962
-93.0962
-93.0961
-93.0961
-93.096
-93.096
-93.096
-93.0959
-93.0959
-93.0958
-93.0958
-93.0958
-93.0957
-93.0957
-93.0957
-93.0956
-93.0956
-93.0955
-93.0955
-93.0955
-93.0954
-93.0954
-93.0953
-93.0953
-93.0953
-93.0952
-93.0952
-93.0952
-93.0951
-93.0951
-93.095
-93.095
-93.095
-93.0949
-93.0949
-93.0948
-93.0948
-93.0948
-93.0947
-93.0947
-93.0946
-93.0946
-93.0946
-93.0945
-93.0945
-93.0944
-93.0944
-93.0944
-93.0943
-93.0943
-93.0942
-93.0942
-93.0942
-93.0941
-93.0941
-93.094
-93.094
-93.094
-93.0939
-93.0939
-93.0938
-93.0938
-93.0938
-93.0937
-93.0937
-93.0936
-93.0936
-93.0935
-93.0935
-93.0935
-93.0934
-93.0934
-93.0933
-93.0933
-93.0933
-93.0932
-93.0932
-93.0931
-93.0931
-93.0931
-93.093
-93.093
-93.0929
-93.0929
-93.0928
-93.0928
-93.0928
-93.0927
-93.0927
-93.0926
-93.0926
-93.0926
-93.0925
-93.0925
-93.0924
-93.0924
-93.0923
-93.0923
-93.0923
-93.0922
-93.0922
-93.0921
-93.0921
-93.092
-93.092
-93.092
-93.0919
-93.0919
-93.0918
-93.0918
-93.0917
-93.0917
-93.0917
-93.0916
-93.0916
-93.0915
-93.0915
-93.0914
-93.0914
-93.0914
-93.0913
-93.0913
-93.0912
-93.0912
-93.0911
-93.0911
-93.0911
-93.091
-93.091
-93.0909
-93.0909
-93.0908
-93.0908
-93.0908
-93.0907
-93.0907
-93.0906
-93.0906
-93.0905
-93.0905
-93.0904
-93.0904
-93.0904
-93.0903
-93.0903
-93.0902
-93.0902
-93.0901
-93.0901
-93.09
-93.09
-93.09
-93.0899
-93.0899
-93.0898
-93.0898
-93.0897
-93.0897
-93.0896
-93.0896
-93.0896
-93.0895
-93.0895
-93.0894
-93.0894
-93.0893
-93.0893
-93.0892
-93.0892
-93.0891
-93.0891
-93.0891
-93.089
-93.089
-93.0889
-93.0889
-93.0888
-93.0888
-93.0887
-93.0887
-93.0886
-93.0886
-93.0886
-93.0885
-93.0885
-93.0884
-93.0884
-93.0883
-93.0883
-93.0882
-93.0882
-93.0881
-93.0881
-93.0881
-93.088
-93.088
-93.0879
-93.0879
-93.0878
-93.0878
-93.0877
-93.0877
-93.0876
-93.0876
-93.0875
-93.0875
-93.0874
-93.0874
-93.0874
-93.0873
-93.0873
-93.0872
-93.0872
-93.0871
-93.0871
-93.087
-93.087
-93.0869
-93.0869
-93.0868
-93.0868
-93.0867
-93.0867
-93.0866
-93.0866
-93.0866
-93.0865
-93.0865
-93.0864
-93.0864
-93.0863
-93.0863
-93.0862
-93.0862
-93.0861
-93.0861
-93.086
-93.086
-93.0859
-93.0859
-93.0858
-93.0858
-93.0857
-93.0857
-93.0856
-93.0856
-93.0855
-93.0855
-93.0854
-93.0854
-93.0854
-93.0853
-93.0853
-93.0852
-93.0852
-93.0851
-93.0851
-93.085
-93.085
-93.0849
-93.0849
-93.0848
-93.0848
-93.0847
-93.0847
-93.0846
-93.0846
-93.0845
-93.0845
-93.0844
-93.0844
-93.0843
-93.0843
-93.0842
-93.0842
-93.0841
-93.0841
-93.084
-93.084
-93.0839
-93.0839
-93.0838
-93.0838
-93.0837
-93.0837
-93.0836
-93.0836
-93.0835
-93.0835
-93.0834
-93.0834
-93.0833
-93.0833
-93.0832
-93.0832
-93.0831
-93.0831
-93.083
-93.083
-93.0829
-93.0829
-93.0828
-93.0828
-93.0827
-93.0827
-93.0826
-93.0826
-93.0825
-93.0825
-93.0824
-93.0824
-93.0823
-93.0823
-93.0822
-93.0822
-93.0821
-93.0821
-93.082
-93.082
-93.0819
-93.0819
-93.0818
-93.0818
-93.0817
-93.0817
-93.0816
-93.0816
-93.0815
-93.0815
-93.0814
-93.0813
-93.0813
-93.0812
-93.0812
-93.0811
-93.0811
-93.081
-93.081
-93.0809
-93.0809
-93.0808
-93.0808
-93.0807
-93.0807
-93.0806
-93.0806
-93.0805
-93.0805
-93.0804
-93.0804
-93.0803
-93.0803
-93.0802
-93.0802
-93.0801
-93.08
-93.08
-93.0799
-93.0799
-93.0798
-93.0798
-93.0797
-93.0797
-93.0796
-93.0796
-93.0795
-93.0795
-93.0794
-93.0794
-93.0793
-93.0793
-93.0792
-93.0792
-93.0791
-93.079
-93.079
-93.0789
-93.0789
-93.0788
-93.0788
-93.0787
-93.0787
-93.0786
-93.0786
-93.0785
-93.0785
-93.0784
-93.0784
-93.0783
-93.0782
-93.0782
-93.0781
-93.0781
-93.078
-93.078
-93.0779
-93.0779
-93.0778
-93.0778
-93.0777
-93.0777
-93.0776
-93.0775
-93.0775
-93.0774
-93.0774
-93.0773
-93.0773
-93.0772
-93.0772
-93.0771
-93.0771
-93.077
-93.0769
-93.0769
-93.0768
-93.0768
-93.0767
-93.0767
-93.0766
-93.0766
-93.0765
-93.0765
-93.0764
-93.0763
-93.0763
-93.0762
-93.0762
-93.0761
-93.0761
-93.076
-93.076
-93.0759
-93.0758
-93.0758
-93.0757
-93.0757
-93.0756
-93.0756
-93.0755
-93.0755
-93.0754
-93.0754
-93.0753
-93.0752
-93.0752
-93.0751
-93.0751
-93.075
-93.075
-93.0749
-93.0749
-93.0748
-93.0747
-93.0747
-93.0746
-93.0746
-93.0745
-93.0745
-93.0744
-93.0743
-93.0743
-93.0742
-93.0742
-93.0741
-93.0741
-93.074
-93.074
-93.0739
-93.0738
-93.0738
-93.0737
-93.0737
-93.0736
-93.0736
-93.0735
-93.0734
-93.0734
-93.0733
-93.0733
-93.0732
-93.0732
-93.0731
-93.073
-93.073
-93.0729
-93.0729
-93.0728
-93.0728
-93.0727
-93.0726
-93.0726
-93.0725
-93.0725
-93.0724
-93.0724
-93.0723
-93.0722
-93.0722
-93.0721
-93.0721
-93.072
-93.072
-93.0719
-93.0718
-93.0718
-93.0717
-93.0717
-93.0716
-93.0716
-93.0715
-93.0714
-93.0714
-93.0713
-93.0713
-93.0712
-93.0712
-93.0711
-93.071
-93.071
-93.0709
-93.0709
-93.0708
-93.0707
-93.0707
-93.0706
-93.0706
-93.0705
-93.0705
-93.0704
-93.0703
-93.0703
-93.0702
-93.0702
-93.0701
-93.07
-93.07
-93.0699
-93.0699
-93.0698
-93.0698
-93.0697
-93.0696
-93.0696
-93.0695
-93.0695
-93.0694
-93.0693
-93.0693
-93.0692
-93.0692
-93.0691
-93.069
-93.069
-93.0689
-93.0689
-93.0688
-93.0687
-93.0687
-93.0686
-93.0686
-93.0685
-93.0685
-93.0684
-93.0683
-93.0683
-93.0682
-93.0682
-93.0681
-93.068
-93.068
-93.0679
-93.0679
-93.0678
-93.0677
-93.0677
-93.0676
-93.0676
-93.0675
-93.0674
-93.0674
-93.0673
-93.0673
-93.0672
-93.0671
-93.0671
-93.067
-93.067
-93.0669
-93.0668
-93.0668
-93.0667
-93.0667
-93.0666
-93.0665
-93.0665
-93.0664
-93.0664
-93.0663
-93.0662
-93.0662
-93.0661
-93.066
-93.066
-93.0659
-93.0659
-93.0658
-93.0657
-93.0657
-93.0656
-93.0656
-93.0655
-93.0654
-93.0654
-93.0653
-93.0653
-93.0652
-93.0651
-93.0651
-93.065
-93.065
-93.0649
-93.0648
-93.0648
-93.0647
-93.0646
-93.0646
-93.0645
-93.0645
-93.0644
-93.0643
-93.0643
-93.0642
-93.0642
-93.0641
-93.064
-93.064
-93.0639
-93.0638
-93.0638
-93.0637
-93.0637
-93.0636
-93.0635
-93.0635
-93.0634
-93.0633
-93.0633
-93.0632
-93.0632
-93.0631
-93.063
-93.063
-93.0629
-93.0629
-93.0628
-93.0627
-93.0627
-93.0626
-93.0625
-93.0625
-93.0624
-93.0624
-93.0623
-93.0622
-93.0622
-93.0621
-93.062
-93.062
-93.0619
-93.0619
-93.0618
-93.0617
-93.0617
-93.0616
-93.0615
-93.0615
-93.0614
-93.0613
-93.0613
-93.0612
-93.0612
-93.0611
-93.061
-93.061
-93.0609
-93.0608
-93.0608
-93.0607
-93.0607
-93.0606
-93.0605
-93.0605
-93.0604
-93.0603
-93.0603
-93.0602
-93.0601
-93.0601
-93.06
-93.06
-93.0599
-93.0598
-93.0598
-93.0597
-93.0596
-93.0596
-93.0595
-93.0594
-93.0594
-93.0593
-93.0593
-93.0592
-93.0591
-93.0591
-93.059
-93.0589
-93.0589
-93.0588
-93.0587
-93.0587
-93.0586
-93.0585
-93.0585
-93.0584
-93.0584
-93.0583
-93.0582
-93.0582
-93.0581
-93.058
-93.058
-93.0579
-93.0578
-93.0578
-93.0577
-93.0576
-93.0576
-93.0575
-93.0575
-93.0574
-93.0573
-93.0573
-93.0572
-93.0571
-93.0571
-93.057
-93.0569
-93.0569
-93.0568
-93.0567
-93.0567
-93.0566
-93.0565
-93.0565
-93.0564
-93.0563
-93.0563
-93.0562
-93.0561
-93.0561
-93.056
-93.056
-93.0559
-93.0558
-93.0558
-93.0557
-93.0556
-93.0556
-93.0555
-93.0554
-93.0554
-93.0553
-93.0552
-93.0552
-93.0551
-93.055
-93.055
-93.0549
-93.0548
-93.0548
-93.0547
-93.0546
-93.0546
-93.0545
-93.0544
-93.0544
-93.0543
-93.0542
-93.0542
-93.0541
-93.054
-93.054
-93.0539
-93.0538
-93.0538
-93.0537
-93.0536
-93.0536
-93.0535
-93.0534
-93.0534
-93.0533
-93.0532
-93.0532
-93.0531
-93.053
-93.053
-93.0529
-93.0528
-93.0528
-93.0527
-93.0526
-93.0526
-93.0525
-93.0524
-93.0524
-93.0523
-93.0522
-93.0522
-93.0521
-93.052
-93.052
-93.0519
-93.0518
-93.0518
-93.0517
-93.0516
-93.0516
-93.0515
-93.0514
-93.0514
-93.0513
-93.0512
-93.0512
-93.0511
-93.051
-93.051
-93.0509
-93.0508
-93.0508
-93.0507
-93.0506
-93.0506
-93.0505
-93.0504
-93.0504
-93.0503
-93.0502
-93.0502
-93.0501
-93.05
-93.05
-93.0499
-93.0498
-93.0498
-93.0497
-93.0496
-93.0495
-93.0495
-93.0494
-93.0493
-93.0493
-93.0492
-93.0491
-93.0491
-93.049
-93.0489
-93.0489
-93.0488
-93.0487
-93.0487
-93.0486
-93.0485
-93.0485
-93.0484
-93.0483
-93.0482
-93.0482
-93.0481
-93.048
-93.048
-93.0479
-93.0478
-93.0478
-93.0477
-93.0476
-93.0476
-93.0475
-93.0474
-93.0474
-93.0473
-93.0472
-93.0471
-93.0471
-93.047
-93.0469
-93.0469
-93.0468
-93.0467
-93.0467
-93.0466
-93.0465
-93.0465
-93.0464
-93.0463
-93.0463
-93.0462
-93.0461
-93.046
-93.046
-93.0459
-93.0458
-93.0458
-93.0457
-93.0456
-93.0456
-93.0455
-93.0454
-93.0453
-93.0453
-93.0452
-93.0451
-93.0451
-93.045
-93.0449
-93.0449
-93.0448
-93.0447
-93.0447
-93.0446
-93.0445
-93.0444
-93.0444
-93.0443
-93.0442
-93.0442
-93.0441
-93.044
-93.044
-93.0439
-93.0438
-93.0437
-93.0437
-93.0436
-93.0435
-93.0435
-93.0434
-93.0433
-93.0432
-93.0432
-93.0431
-93.043
-93.043
-93.0429
-93.0428
-93.0428
-93.0427
-93.0426
-93.0425
-93.0425
-93.0424
-93.0423
-93.0423
-93.0422
-93.0421
-93.042
-93.042
-93.0419
-93.0418
-93.0418
-93.0417
-93.0416
-93.0416
-93.0415
-93.0414
-93.0413
-93.0413
-93.0412
-93.0411
-93.0411
-93.041
-93.0409
-93.0408
-93.0408
-93.0407
-93.0406
-93.0406
-93.0405
-93.0404
-93.0403
-93.0403
-93.0402
-93.0401
-93.0401
-93.04
-93.0399
-93.0398
-93.0398
-93.0397
-93.0396
-93.0396
-93.0395
-93.0394
-93.0393
-93.0393
-93.0392
-93.0391
-93.0391
-93.039
-93.0389
-93.0388
-93.0388
-93.0387
-93.0386
-93.0385
-93.0385
-93.0384
-93.0383
-93.0383
-93.0382
-93.0381
-93.038
-93.038
-93.0379
-93.0378
-93.0378
-93.0377
-93.0376
-93.0375
-93.0375
-93.0374
-93.0373
-93.0372
-93.0372
-93.0371
-93.037
-93.037
-93.0369
-93.0368
-93.0367
-93.0367
-93.0366
-93.0365
-93.0364
-93.0364
-93.0363
-93.0362
-93.0362
-93.0361
-93.036
-93.0359
-93.0359
-93.0358
-93.0357
-93.0356
-93.0356
-93.0355
-93.0354
-93.0354
-93.0353
-93.0352
-93.0351
-93.0351
-93.035
-93.0349
-93.0348
-93.0348
-93.0347
-93.0346
-93.0345
-93.0345
-93.0344
-93.0343
-93.0343
-93.0342
-93.0341
-93.034
-93.034
-93.0339
-93.0338
-93.0337
-93.0337
-93.0336
-93.0335
-93.0334
-93.0334
-93.0333
-93.0332
-93.0332
-93.0331
-93.033
-93.0329
-93.0329
-93.0328
-93.0327
-93.0326
-93.0326
-93.0325
-93.0324
-93.0323
-93.0323
-93.0322
-93.0321
-93.032
-93.032
-93.0319
-93.0318
-93.0317
-93.0317
-93.0316
-93.0315
-93.0314
-93.0314
-93.0313
-93.0312
-93.0311
-93.0311
-93.031
-93.0309
-93.0309
-93.0308
-93.0307
-93.0306
-93.0306
-93.0305
-93.0304
-93.0303
-93.0303
-93.0302
-93.0301
-93.03
-93.03
-93.0299
-93.0298
-93.0297
-93.0297
-93.0296
-93.0295
-93.0294
-93.0294
-93.0293
-93.0292
-93.0291
-93.0291
-93.029
-93.0289
-93.0288
-93.0288
-93.0287
-93.0286
-93.0285
-93.0285
-93.0284
-93.0283
-93.0282
-93.0282
-93.0281
-93.028
-93.0279
-93.0279
-93.0278
-93.0277
-93.0276
-93.0275
-93.0275
-93.0274
-93.0273
-93.0272
-93.0272
-93.0271
-93.027
-93.0269
-93.0269
-93.0268
-93.0267
-93.0266
-93.0266
-93.0265
-93.0264
-93.0263
-93.0263
-93.0262
-93.0261
-93.026
-93.026
-93.0259
-93.0258
-93.0257
-93.0257
-93.0256
-93.0255
-93.0254
-93.0254
-93.0253
-93.0252
-93.0251
-93.025
-93.025
-93.0249
-93.0248
-93.0247
-93.0247
-93.0246
-93.0245
-93.0244
-93.0244
-93.0243
-93.0242
-93.0241
-93.0241
-93.024
-93.0239
-93.0238
-93.0237
-93.0237
-93.0236
-93.0235
-93.0234
-93.0234
-93.0233
-93.0232
-93.0231
-93.0231
-93.023
-93.0229
-93.0228
-93.0227
-93.0227
-93.0226
-93.0225
-93.0224
-93.0224
-93.0223
-93.0222
-93.0221
-93.0221
-93.022
-93.0219
-93.0218
-93.0217
-93.0217
-93.0216
-93.0215
-93.0214
-93.0214
-93.0213
-93.0212
-93.0211
-93.021
-93.021
-93.0209
-93.0208
-93.0207
-93.0207
-93.0206
-93.0205
-93.0204
-93.0204
-93.0203
-93.0202
-93.0201
-93.02
-93.02
-93.0199
-93.0198
-93.0197
-93.0197
-93.0196
-93.0195
-93.0194
-93.0193
-93.0193
-93.0192
-93.0191
-93.019
-93.019
-93.0189
-93.0188
-93.0187
-93.0186
-93.0186
-93.0185
-93.0184
-93.0183
-93.0182
-93.0182
-93.0181
-93.018
-93.0179
-93.0179
-93.0178
-93.0177
-93.0176
-93.0175
-93.0175
-93.0174
-93.0173
-93.0172
-93.0172
-93.0171
-93.017
-93.0169
-93.0168
-93.0168
-93.0167
-93.0166
-93.0165
-93.0164
-93.0164
-93.0163
-93.0162
-93.0161
-93.0161
-93.016
-93.0159
-93.0158
-93.0157
-93.0157
-93.0156
-93.0155
-93.0154
-93.0153
-93.0153
-93.0152
-93.0151
-93.015
-93.0149
-93.0149
-93.0148
-93.0147
-93.0146
-93.0146
-93.0145
-93.0144
-93.0143
-93.0142
-93.0142
-93.0141
-93.014
-93.0139
-93.0138
-93.0138
-93.0137
-93.0136
-93.0135
-93.0134
-93.0134
-93.0133
-93.0132
-93.0131
-93.013
-93.013
-93.0129
-93.0128
-93.0127
-93.0126
-93.0126
-93.0125
-93.0124
-93.0123
-93.0122
-93.0122
-93.0121
-93.012
-93.0119
-93.0118
-93.0118
-93.0117
-93.0116
-93.0115
-93.0114
-93.0114
-93.0113
-93.0112
-93.0111
-93.011
-93.011
-93.0109
-93.0108
-93.0107
-93.0106
-93.0106
-93.0105
-93.0104
-93.0103
-93.0102
-93.0102
-93.0101
-93.01
-93.0099
-93.0098
-93.0098
-93.0097
-93.0096
-93.0095
-93.0094
-93.0094
-93.0093
-93.0092
-93.0091
-93.009
-93.009
-93.0089
-93.0088
-93.0087
-93.0086
-93.0086
-93.0085
-93.0084
-93.0083
-93.0082
-93.0082
-93.0081
-93.008
-93.0079
-93.0078
-93.0078
-93.0077
-93.0076
-93.0075
-93.0074
-93.0073
-93.0073
-93.0072
-93.0071
-93.007
-93.0069
-93.0069
-93.0068
-93.0067
-93.0066
-93.0065
-93.0065
-93.0064
-93.0063
-93.0062
-93.0061
-93.006
-93.006
-93.0059
-93.0058
-93.0057
-93.0056
-93.0056
-93.0055
-93.0054
-93.0053
-93.0052
-93.0052
-93.0051
-93.005
-93.0049
-93.0048
-93.0047
-93.0047
-93.0046
-93.0045
-93.0044
-93.0043
-93.0043
-93.0042
-93.0041
-93.004
-93.0039
-93.0038
-93.0038
-93.0037
-93.0036
-93.0035
-93.0034
-93.0034
-93.0033
-93.0032
-93.0031
-93.003
-93.0029
-93.0029
-93.0028
-93.0027
-93.0026
-93.0025
-93.0025
-93.0024
-93.0023
-93.0022
-93.0021
-93.002
-93.002
-93.0019
-93.0018
-93.0017
-93.0016
-93.0015
-93.0015
-93.0014
-93.0013
-93.0012
-93.0011
-93.0011
-93.001
-93.0009
-93.0008
-93.0007
-93.0006
-93.0006
-93.0005
-93.0004
-93.0003
-93.0002
-93.0001
-93.0001
-93
-92.9999
-92.9998
-92.9997
-92.9996
-92.9996
-92.9995
-92.9994
-92.9993
-92.9992
-92.9992
-92.9991
-92.999
-92.9989
-92.9988
-92.9987
-92.9987
-92.9986
-92.9985
-92.9984
-92.9983
-92.9982
-92.9982
-92.9981
-92.998
-92.9979
-92.9978
-92.9977
-92.9977
-92.9976
-92.9975
-92.9974
-92.9973
-92.9972
-92.9972
-92.9971
-92.997
-92.9969
-92.9968
-92.9967
-92.9967
-92.9966
-92.9965
-92.9964
-92.9963
-92.9962
-92.9962
-92.9961
-92.996
-92.9959
-92.9958
-92.9957
-92.9957
-92.9956
-92.9955
-92.9954
-92.9953
-92.9952
-92.9951
-92.9951
-92.995
-92.9949
-92.9948
-92.9947
-92.9946
-92.9946
-92.9945
-92.9944
-92.9943
-92.9942
-92.9941
-92.9941
-92.994
-92.9939
-92.9938
-92.9937
-92.9936
-92.9936
-92.9935
-92.9934
-92.9933
-92.9932
-92.9931
-92.993
-92.993
-92.9929
-92.9928
-92.9927
-92.9926
-92.9925
-92.9925
-92.9924
-92.9923
-92.9922
-92.9921
-92.992
-92.992
-92.9919
-92.9918
-92.9917
-92.9916
-92.9915
-92.9914
-92.9914
-92.9913
-92.9912
-92.9911
-92.991
-92.9909
-92.9909
-92.9908
-92.9907
-92.9906
-92.9905
-92.9904
-92.9903
-92.9903
-92.9902
-92.9901
-92.99
-92.9899
-92.9898
-92.9897
-92.9897
-92.9896
-92.9895
-92.9894
-92.9893
-92.9892
-92.9892
-92.9891
-92.989
-92.9889
-92.9888
-92.9887
-92.9886
-92.9886
-92.9885
-92.9884
-92.9883
-92.9882
-92.9881
-92.988
-92.988
-92.9879
-92.9878
-92.9877
-92.9876
-92.9875
-92.9874
-92.9874
-92.9873
-92.9872
-92.9871
-92.987
-92.9869
-92.9868
-92.9868
-92.9867
-92.9866
-92.9865
-92.9864
-92.9863
-92.9862
-92.9862
-92.9861
-92.986
-92.9859
-92.9858
-92.9857
-92.9856
-92.9856
-92.9855
-92.9854
-92.9853
-92.9852
-92.9851
-92.985
-92.985
-92.9849
-92.9848
-92.9847
-92.9846
-92.9845
-92.9844
-92.9844
-92.9843
-92.9842
-92.9841
-92.984
-92.9839
-92.9838
-92.9838
-92.9837
-92.9836
-92.9835
-92.9834
-92.9833
-92.9832
-92.9832
-92.9831
-92.983
-92.9829
-92.9828
-92.9827
-92.9826
-92.9825
-92.9825
-92.9824
-92.9823
-92.9822
-92.9821
-92.982
-92.9819
-92.9819
-92.9818
-92.9817
-92.9816
-92.9815
-92.9814
-92.9813
-92.9812
-92.9812
-92.9811
-92.981
-92.9809
-92.9808
-92.9807
-92.9806
-92.9806
-92.9805
-92.9804
-92.9803
-92.9802
-92.9801
-92.98
-92.9799
-92.9799
-92.9798
-92.9797
-92.9796
-92.9795
-92.9794
-92.9793
-92.9793
-92.9792
-92.9791
-92.979
-92.9789
-92.9788
-92.9787
-92.9786
-92.9786
-92.9785
-92.9784
-92.9783
-92.9782
-92.9781
-92.978
-92.9779
-92.9779
-92.9778
-92.9777
-92.9776
-92.9775
-92.9774
-92.9773
-92.9772
-92.9772
-92.9771
-92.977
-92.9769
-92.9768
-92.9767
-92.9766
-92.9765
-92.9765
-92.9764
-92.9763
-92.9762
-92.9761
-92.976
-92.9759
-92.9758
-92.9758
-92.9757
-92.9756
-92.9755
-92.9754
-92.9753
-92.9752
-92.9751
-92.9751
-92.975
-92.9749
-92.9748
-92.9747
-92.9746
-92.9745
-92.9744
-92.9743
-92.9743
-92.9742
-92.9741
-92.974
-92.9739
-92.9738
-92.9737
-92.9736
-92.9736
-92.9735
-92.9734
-92.9733
-92.9732
-92.9731
-92.973
-92.9729
-92.9728
-92.9728
-92.9727
-92.9726
-92.9725
-92.9724
-92.9723
-92.9722
-92.9721
-92.9721
-92.972
-92.9719
-92.9718
-92.9717
-92.9716
-92.9715
-92.9714
-92.9713
-92.9713
-92.9712
-92.9711
-92.971
-92.9709
-92.9708
-92.9707
-92.9706
-92.9705
-92.9705
-92.9704
-92.9703
-92.9702
-92.9701
-92.97
-92.9699
-92.9698
-92.9697
-92.9697
-92.9696
-92.9695
-92.9694
-92.9693
-92.9692
-92.9691
-92.969
-92.9689
-92.9689
-92.9688
-92.9687
-92.9686
-92.9685
-92.9684
-92.9683
-92.9682
-92.9681
-92.9681
-92.968
-92.9679
-92.9678
-92.9677
-92.9676
-92.9675
-92.9674
-92.9673
-92.9673
-92.9672
-92.9671
-92.967
-92.9669
-92.9668
-92.9667
-92.9666
-92.9665
-92.9664
-92.9664
-92.9663
-92.9662
-92.9661
-92.966
-92.9659
-92.9658
-92.9657
-92.9656
-92.9655
-92.9655
-92.9654
-92.9653
-92.9652
-92.9651
-92.965
-92.9649
-92.9648
-92.9647
-92.9647
-92.9646
-92.9645
-92.9644
-92.9643
-92.9642
-92.9641
-92.964
-92.9639
-92.9638
-92.9638
-92.9637
-92.9636
-92.9635
-92.9634
-92.9633
-92.9632
-92.9631
-92.963
-92.9629
-92.9629
-92.9628
-92.9627
-92.9626
-92.9625
-92.9624
-92.9623
-92.9622
-92.9621
-92.962
-92.962
-92.9619
-92.9618
-92.9617
-92.9616
-92.9615
-92.9614
-92.9613
-92.9612
-92.9611
-92.961
-92.961
-92.9609
-92.9608
-92.9607
-92.9606
-92.9605
-92.9604
-92.9603
-92.9602
-92.9601
-92.9601
-92.96
-92.9599
-92.9598
-92.9597
-92.9596
-92.9595
-92.9594
-92.9593
-92.9592
-92.9591
-92.9591
-92.959
-92.9589
-92.9588
-92.9587
-92.9586
-92.9585
-92.9584
-92.9583
-92.9582
-92.9581
-92.9581
-92.958
-92.9579
-92.9578
-92.9577
-92.9576
-92.9575
-92.9574
-92.9573
-92.9572
-92.9571
-92.9571
-92.957
-92.9569
-92.9568
-92.9567
-92.9566
-92.9565
-92.9564
-92.9563
-92.9562
-92.9561
-92.956
-92.956
-92.9559
-92.9558
-92.9557
-92.9556
-92.9555
-92.9554
-92.9553
-92.9552
-92.9551
-92.955
-92.955
-92.9549
-92.9548
-92.9547
-92.9546
-92.9545
-92.9544
-92.9543
-92.9542
-92.9541
-92.954
-92.9539
-92.9539
-92.9538
-92.9537
-92.9536
-92.9535
-92.9534
-92.9533
-92.9532
-92.9531
-92.953
-92.9529
-92.9528
-92.9528
-92.9527
-92.9526
-92.9525
-92.9524
-92.9523
-92.9522
-92.9521
-92.952
-92.9519
-92.9518
-92.9517
-92.9517
-92.9516
-92.9515
-92.9514
-92.9513
-92.9512
-92.9511
-92.951
-92.9509
-92.9508
-92.9507
-92.9506
-92.9505
-92.9505
-92.9504
-92.9503
-92.9502
-92.9501
-92.95
-92.9499
-92.9498
-92.9497
-92.9496
-92.9495
-92.9494
-92.9493
-92.9493
-92.9492
-92.9491
-92.949
-92.9489
-92.9488
-92.9487
-92.9486
-92.9485
-92.9484
-92.9483
-92.9482
-92.9481
-92.9481
-92.948
-92.9479
-92.9478
-92.9477
-92.9476
-92.9475
-92.9474
-92.9473
-92.9472
-92.9471
-92.947
-92.9469
-92.9468
-92.9468
-92.9467
-92.9466
-92.9465
-92.9464
-92.9463
-92.9462
-92.9461
-92.946
-92.9459
-92.9458
-92.9457
-92.9456
-92.9455
-92.9455
-92.9454
-92.9453
-92.9452
-92.9451
-92.945
-92.9449
-92.9448
-92.9447
-92.9446
-92.9445
-92.9444
-92.9443
-92.9442
-92.9441
-92.9441
-92.944
-92.9439
-92.9438
-92.9437
-92.9436
-92.9435
-92.9434
-92.9433
-92.9432
-92.9431
-92.943
-92.9429
-92.9428
-92.9427
-92.9427
-92.9426
-92.9425
-92.9424
-92.9423
-92.9422
-92.9421
-92.942
-92.9419
-92.9418
-92.9417
-92.9416
-92.9415
-92.9414
-92.9413
-92.9413
-92.9412
-92.9411
-92.941
-92.9409
-92.9408
-92.9407
-92.9406
-92.9405
-92.9404
-92.9403
-92.9402
-92.9401
-92.94
-92.9399
-92.9398
-92.9398
-92.9397
-92.9396
-92.9395
-92.9394
-92.9393
-92.9392
-92.9391
-92.939
-92.9389
-92.9388
-92.9387
-92.9386
-92.9385
-92.9384
-92.9383
-92.9382
-92.9382
-92.9381
-92.938
-92.9379
-92.9378
-92.9377
-92.9376
-92.9375
-92.9374
-92.9373
-92.9372
-92.9371
-92.937
-92.9369
-92.9368
-92.9367
-92.9366
-92.9366
-92.9365
-92.9364
-92.9363
-92.9362
-92.9361
-92.936
-92.9359
-92.9358
-92.9357
-92.9356
-92.9355
-92.9354
-92.9353
-92.9352
-92.9351
-92.935
-92.9349
-92.9348
-92.9348
-92.9347
-92.9346
-92.9345
-92.9344
-92.9343
-92.9342
-92.9341
-92.934
-92.9339
-92.9338
-92.9337
-92.9336
-92.9335
-92.9334
-92.9333
-92.9332
-92.9331
-92.933
-92.933
-92.9329
-92.9328
-92.9327
-92.9326
-92.9325
-92.9324
-92.9323
-92.9322
-92.9321
-92.932
-92.9319
-92.9318
-92.9317
-92.9316
-92.9315
-92.9314
-92.9313
-92.9312
-92.9311
-92.9311
-92.931
-92.9309
-92.9308
-92.9307
-92.9306
-92.9305
-92.9304
-92.9303
-92.9302
-92.9301
-92.93
-92.9299
-92.9298
-92.9297
-92.9296
-92.9295
-92.9294
-92.9293
-92.9292
-92.9291
-92.9291
-92.929
-92.9289
-92.9288
-92.9287
-92.9286
-92.9285
-92.9284
-92.9283
-92.9282
-92.9281
-92.928
-92.9279
-92.9278
-92.9277
-92.9276
-92.9275
-92.9274
-92.9273
-92.9272
-92.9271
-92.927
-92.9269
-92.9269
-92.9268
-92.9267
-92.9266
-92.9265
-92.9264
-92.9263
-92.9262
-92.9261
-92.926
-92.9259
-92.9258
-92.9257
-92.9256
-92.9255
-92.9254
-92.9253
-92.9252
-92.9251
-92.925
-92.9249
-92.9248
-92.9247
-92.9246
-92.9246
-92.9245
-92.9244
-92.9243
-92.9242
-92.9241
-92.924
-92.9239
-92.9238
-92.9237
-92.9236
-92.9235
-92.9234
-92.9233
-92.9232
-92.9231
-92.923
-92.9229
-92.9228
-92.9227
-92.9226
-92.9225
-92.9224
-92.9223
-92.9222
-92.9221
-92.922
-92.922
-92.9219
-92.9218
-92.9217
-92.9216
-92.9215
-92.9214
-92.9213
-92.9212
-92.9211
-92.921
-92.9209
-92.9208
-92.9207
-92.9206
-92.9205
-92.9204
-92.9203
-92.9202
-92.9201
-92.92
-92.9199
-92.9198
-92.9197
-92.9196
-92.9195
-92.9194
-92.9193
-92.9192
-92.9191
-92.9191
-92.919
-92.9189
-92.9188
-92.9187
-92.9186
-92.9185
-92.9184
-92.9183
-92.9182
-92.9181
-92.918
-92.9179
-92.9178
-92.9177
-92.9176
-92.9175
-92.9174
-92.9173
-92.9172
-92.9171
-92.917
-92.9169
-92.9168
-92.9167
-92.9166
-92.9165
-92.9164
-92.9163
-92.9162
-92.9161
-92.916
-92.9159
-92.9158
-92.9157
-92.9157
-92.9156
-92.9155
-92.9154
-92.9153
-92.9152
-92.9151
-92.915
-92.9149
-92.9148
-92.9147
-92.9146
-92.9145
-92.9144
-92.9143
-92.9142
-92.9141
-92.914
-92.9139
-92.9138
-92.9137
-92.9136
-92.9135
-92.9134
-92.9133
-92.9132
-92.9131
-92.913
-92.9129
-92.9128
-92.9127
-92.9126
-92.9125
-92.9124
-92.9123
-92.9122
-92.9121
-92.912
-92.9119
-92.9118
-92.9117
-92.9117
-92.9116
-92.9115
-92.9114
-92.9113
-92.9112
-92.9111
-92.911
-92.9109
-92.9108
-92.9107
-92.9106
-92.9105
-92.9104
-92.9103
-92.9102
-92.9101
-92.91
-92.9099
-92.9098
-92.9097
-92.9096
-92.9095
-92.9094
-92.9093
-92.9092
-92.9091
-92.909
-92.9089
-92.9088
-92.9087
-92.9086
-92.9085
-92.9084
-92.9083
-92.9082
-92.9081
-92.908
-92.9079
-92.9078
-92.9077
-92.9076
-92.9075
-92.9074
-92.9073
-92.9072
-92.9071
-92.907
-92.9069
-92.9068
-92.9067
-92.9066
-92.9065
-92.9064
-92.9063
-92.9062
-92.9062
-92.9061
-92.906
-92.9059
-92.9058
-92.9057
-92.9056
-92.9055
-92.9054
-92.9053
-92.9052
-92.9051
-92.905
-92.9049
-92.9048
-92.9047
-92.9046
-92.9045
-92.9044
-92.9043
-92.9042
-92.9041
-92.904
-92.9039
-92.9038
-92.9037
-92.9036
-92.9035
-92.9034
-92.9033
-92.9032
-92.9031
-92.903
-92.9029
-92.9028
-92.9027
-92.9026
-92.9025
-92.9024
-92.9023
-92.9022
-92.9021
-92.902
-92.9019
-92.9018
-92.9017
-92.9016
-92.9015
-92.9014
-92.9013
-92.9012
-92.9011
-92.901
-92.9009
-92.9008
-92.9007
-92.9006
-92.9005
-92.9004
-92.9003
-92.9002
-92.9001
-92.9
-92.8999
-92.8998
-92.8997
-92.8996
-92.8995
-92.8994
-92.8993
-92.8992
-92.8991
-92.899
-92.8989
-92.8988
-92.8987
-92.8986
-92.8985
-92.8984
-92.8983
-92.8982
-92.8981
-92.898
-92.8979
-92.8978
-92.8977
-92.8976
-92.8975
-92.8974
-92.8973
-92.8972
-92.8971
-92.897
-92.8969
-92.8968
-92.8967
-92.8966
-92.8965
-92.8964
-92.8963
-92.8962
-92.8961
-92.896
-92.8959
-92.8958
-92.8957
-92.8956
-92.8955
-92.8954
-92.8953
-92.8952
-92.8951
-92.895
-92.8949
-92.8948
-92.8947
-92.8946
-92.8945
-92.8944
-92.8943
-92.8942
-92.8941
-92.894
-92.8939
-92.8938
-92.8937
-92.8936
-92.8935
-92.8934
-92.8933
-92.8932
-92.8931
-92.893
-92.8929
-92.8928
-92.8927
-92.8926
-92.8925
-92.8924
-92.8923
-92.8922
-92.8921
-92.892
-92.8919
-92.8918
-92.8917
-92.8916
-92.8915
-92.8914
-92.8913
-92.8912
-92.8911
-92.891
-92.8909
-92.8908
-92.8907
-92.8906
-92.8905
-92.8904
-92.8903
-92.8902
-92.8901
-92.89
-92.8899
-92.8898
-92.8897
-92.8896
-92.8895
-92.8894
-92.8893
-92.8892
-92.8891
-92.889
-92.8889
-92.8888
-92.8887
-92.8886
-92.8885
-92.8884
-92.8883
-92.8882
-92.8881
-92.888
-92.8879
-92.8878
-92.8877
-92.8876
-92.8875
-92.8874
-92.8873
-92.8872
-92.8871
-92.887
-92.8869
-92.8868
-92.8867
-92.8866
-92.8865
-92.8864
-92.8863
-92.8862
-92.8861
-92.886
-92.8859
-92.8858
-92.8857
-92.8856
-92.8855
-92.8854
-92.8853
-92.8852
-92.8851
-92.885
-92.8849
-92.8848
-92.8847
-92.8846
-92.8845
-92.8844
-92.8843
-92.8842
-92.8841
-92.884
-92.8839
-92.8838
-92.8837
-92.8836
-92.8835
-92.8834
-92.8833
-92.8832
-92.8831
-92.883
-92.8829
-92.8827
-92.8826
-92.8825
-92.8824
-92.8823
-92.8822
-92.8821
-92.882
-92.8819
-92.8818
-92.8817
-92.8816
-92.8815
-92.8814
-92.8813
-92.8812
-92.8811
-92.881
-92.8809
-92.8808
-92.8807
-92.8806
-92.8805
-92.8804
-92.8803
-92.8802
-92.8801
-92.88
-92.8799
-92.8798
-92.8797
-92.8796
-92.8795
-92.8794
-92.8793
-92.8792
-92.8791
-92.879
-92.8789
-92.8788
-92.8787
-92.8786
-92.8785
-92.8784
-92.8783
-92.8782
-92.8781
-92.878
-92.8779
-92.8778
-92.8777
-92.8776
-92.8775
-92.8774
-92.8773
-92.8772
-92.8771
-92.8769
-92.8768
-92.8767
-92.8766
-92.8765
-92.8764
-92.8763
-92.8762
-92.8761
-92.876
-92.8759
-92.8758
-92.8757
-92.8756
-92.8755
-92.8754
-92.8753
-92.8752
-92.8751
-92.875
-92.8749
-92.8748
-92.8747
-92.8746
-92.8745
-92.8744
-92.8743
-92.8742
-92.8741
-92.874
-92.8739
-92.8738
-92.8737
-92.8736
-92.8735
-92.8734
-92.8733
-92.8732
-92.8731
-92.873
-92.8729
-92.8728
-92.8727
-92.8725
-92.8724
-92.8723
-92.8722
-92.8721
-92.872
-92.8719
-92.8718
-92.8717
-92.8716
-92.8715
-92.8714
-92.8713
-92.8712
-92.8711
-92.871
-92.8709
-92.8708
-92.8707
-92.8706
-92.8705
-92.8704
-92.8703
-92.8702
-92.8701
-92.87
-92.8699
-92.8698
-92.8697
-92.8696
-92.8695
-92.8694
-92.8693
-92.8692
-92.8691
-92.869
-92.8689
-92.8687
-92.8686
-92.8685
-92.8684
-92.8683
-92.8682
-92.8681
-92.868
-92.8679
-92.8678
-92.8677
-92.8676
-92.8675
-92.8674
-92.8673
-92.8672
-92.8671
-92.867
-92.8669
-92.8668
-92.8667
-92.8666
-92.8665
-92.8664
-92.8663
-92.8662
-92.8661
-92.866
-92.8659
-92.8658
-92.8657
-92.8655
-92.8654
-92.8653
-92.8652
-92.8651
-92.865
-92.8649
-92.8648
-92.8647
-92.8646
-92.8645
-92.8644
-92.8643
-92.8642
-92.8641
-92.864
-92.8639
-92.8638
-92.8637
-92.8636
-92.8635
-92.8634
-92.8633
-92.8632
-92.8631
-92.863
-92.8629
-92.8628
-92.8627
-92.8625
-92.8624
-92.8623
-92.8622
-92.8621
-92.862
-92.8619
-92.8618
-92.8617
-92.8616
-92.8615
-92.8614
-92.8613
-92.8612
-92.8611
-92.861
-92.8609
-92.8608
-92.8607
-92.8606
-92.8605
-92.8604
-92.8603
-92.8602
-92.8601
-92.86
-92.8598
-92.8597
-92.8596
-92.8595
-92.8594
-92.8593
-92.8592
-92.8591
-92.859
-92.8589
-92.8588
-92.8587
-92.8586
-92.8585
-92.8584
-92.8583
-92.8582
-92.8581
-92.858
-92.8579
-92.8578
-92.8577
-92.8576
-92.8575
-92.8574
-92.8572
-92.8571
-92.857
-92.8569
-92.8568
-92.8567
-92.8566
-92.8565
-92.8564
-92.8563
-92.8562
-92.8561
-92.856
-92.8559
-92.8558
-92.8557
-92.8556
-92.8555
-92.8554
-92.8553
-92.8552
-92.8551
-92.855
-92.8548
-92.8547
-92.8546
-92.8545
-92.8544
-92.8543
-92.8542
-92.8541
-92.854
-92.8539
-92.8538
-92.8537
-92.8536
-92.8535
-92.8534
-92.8533
-92.8532
-92.8531
-92.853
-92.8529
-92.8528
-92.8527
-92.8525
-92.8524
-92.8523
-92.8522
-92.8521
-92.852
-92.8519
-92.8518
-92.8517
-92.8516
-92.8515
-92.8514
-92.8513
-92.8512
-92.8511
-92.851
-92.8509
-92.8508
-92.8507
-92.8506
-92.8505
-92.8503
-92.8502
-92.8501
-92.85
-92.8499
-92.8498
-92.8497
-92.8496
-92.8495
-92.8494
-92.8493
-92.8492
-92.8491
-92.849
-92.8489
-92.8488
-92.8487
-92.8486
-92.8485
-92.8483
-92.8482
-92.8481
-92.848
-92.8479
-92.8478
-92.8477
-92.8476
-92.8475
-92.8474
-92.8473
-92.8472
-92.8471
-92.847
-92.8469
-92.8468
-92.8467
-92.8466
-92.8465
-92.8464
-92.8462
-92.8461
-92.846
-92.8459
-92.8458
-92.8457
-92.8456
-92.8455
-92.8454
-92.8453
-92.8452
-92.8451
-92.845
-92.8449
-92.8448
-92.8447
-92.8446
-92.8445
-92.8443
-92.8442
-92.8441
-92.844
-92.8439
-92.8438
-92.8437
-92.8436
-92.8435
-92.8434
-92.8433
-92.8432
-92.8431
-92.843
-92.8429
-92.8428
-92.8427
-92.8426
-92.8424
-92.8423
-92.8422
-92.8421
-92.842
-92.8419
-92.8418
-92.8417
-92.8416
-92.8415
-92.8414
-92.8413
-92.8412
-92.8411
-92.841
-92.8409
-92.8408
-92.8406
-92.8405
-92.8404
-92.8403
-92.8402
-92.8401
-92.84
-92.8399
-92.8398
-92.8397
-92.8396
-92.8395
-92.8394
-92.8393
-92.8392
-92.8391
-92.839
-92.8388
-92.8387
-92.8386
-92.8385
-92.8384
-92.8383
-92.8382
-92.8381
-92.838
-92.8379
-92.8378
-92.8377
-92.8376
-92.8375
-92.8374
-92.8373
-92.8371
-92.837
-92.8369
-92.8368
-92.8367
-92.8366
-92.8365
-92.8364
-92.8363
-92.8362
-92.8361
-92.836
-92.8359
-92.8358
-92.8357
-92.8356
-92.8354
-92.8353
-92.8352
-92.8351
-92.835
-92.8349
-92.8348
-92.8347
-92.8346
-92.8345
-92.8344
-92.8343
-92.8342
-92.8341
-92.834
-92.8338
-92.8337
-92.8336
-92.8335
-92.8334
-92.8333
-92.8332
-92.8331
-92.833
-92.8329
-92.8328
-92.8327
-92.8326
-92.8325
-92.8324
-92.8322
-92.8321
-92.832
-92.8319
-92.8318
-92.8317
-92.8316
-92.8315
-92.8314
-92.8313
-92.8312
-92.8311
-92.831
-92.8309
-92.8308
-92.8306
-92.8305
-92.8304
-92.8303
-92.8302
-92.8301
-92.83
-92.8299
-92.8298
-92.8297
-92.8296
-92.8295
-92.8294
-92.8293
-92.8291
-92.829
-92.8289
-92.8288
-92.8287
-92.8286
-92.8285
-92.8284
-92.8283
-92.8282
-92.8281
-92.828
-92.8279
-92.8278
-92.8277
-92.8275
-92.8274
-92.8273
-92.8272
-92.8271
-92.827
-92.8269
-92.8268
-92.8267
-92.8266
-92.8265
-92.8264
-92.8263
-92.8261
-92.826
-92.8259
-92.8258
-92.8257
-92.8256
-92.8255
-92.8254
-92.8253
-92.8252
-92.8251
-92.825
-92.8249
-92.8248
-92.8246
-92.8245
-92.8244
-92.8243
-92.8242
-92.8241
-92.824
-92.8239
-92.8238
-92.8237
-92.8236
-92.8235
-92.8234
-92.8232
-92.8231
-92.823
-92.8229
-92.8228
-92.8227
-92.8226
-92.8225
-92.8224
-92.8223
-92.8222
-92.8221
-92.822
-92.8218
-92.8217
-92.8216
-92.8215
-92.8214
-92.8213
-92.8212
-92.8211
-92.821
-92.8209
-92.8208
-92.8207
-92.8206
-92.8204
-92.8203
-92.8202
-92.8201
-92.82
-92.8199
-92.8198
-92.8197
-92.8196
-92.8195
-92.8194
-92.8193
-92.8192
-92.819
-92.8189
-92.8188
-92.8187
-92.8186
-92.8185
-92.8184
-92.8183
-92.8182
-92.8181
-92.818
-92.8179
-92.8177
-92.8176
-92.8175
-92.8174
-92.8173
-92.8172
-92.8171
-92.817
-92.8169
-92.8168
-92.8167
-92.8166
-92.8165
-92.8163
-92.8162
-92.8161
-92.816
-92.8159
-92.8158
-92.8157
-92.8156
-92.8155
-92.8154
-92.8153
-92.8152
-92.815
-92.8149
-92.8148
-92.8147
-92.8146
-92.8145
-92.8144
-92.8143
-92.8142
-92.8141
-92.814
-92.8139
-92.8137
-92.8136
-92.8135
-92.8134
-92.8133
-92.8132
-92.8131
-92.813
-92.8129
-92.8128
-92.8127
-92.8126
-92.8124
-92.8123
-92.8122
-92.8121
-92.812
-92.8119
-92.8118
-92.8117
-92.8116
-92.8115
-92.8114
-92.8112
-92.8111
-92.811
-92.8109
-92.8108
-92.8107
-92.8106
-92.8105
-92.8104
-92.8103
-92.8102
-92.8101
-92.8099
-92.8098
-92.8097
-92.8096
-92.8095
-92.8094
-92.8093
-92.8092
-92.8091
-92.809
-92.8089
-92.8087
-92.8086
-92.8085
-92.8084
-92.8083
-92.8082
-92.8081
-92.808
-92.8079
-92.8078
-92.8077
-92.8075
-92.8074
-92.8073
-92.8072
-92.8071
-92.807
-92.8069
-92.8068
-92.8067
-92.8066
-92.8065
-92.8063
-92.8062
-92.8061
-92.806
-92.8059
-92.8058
-92.8057
-92.8056
-92.8055
-92.8054
-92.8053
-92.8051
-92.805
-92.8049
-92.8048
-92.8047
-92.8046
-92.8045
-92.8044
-92.8043
-92.8042
-92.8041
-92.8039
-92.8038
-92.8037
-92.8036
-92.8035
-92.8034
-92.8033
-92.8032
-92.8031
-92.803
-92.8029
-92.8027
-92.8026
-92.8025
-92.8024
-92.8023
-92.8022
-92.8021
-92.802
-92.8019
-92.8018
-92.8016
-92.8015
-92.8014
-92.8013
-92.8012
-92.8011
-92.801
-92.8009
-92.8008
-92.8007
-92.8006
-92.8004
-92.8003
-92.8002
-92.8001
-92.8
-92.7999
-92.7998
-92.7997
-92.7996
-92.7995
-92.7993
-92.7992
-92.7991
-92.799
-92.7989
-92.7988
-92.7987
-92.7986
-92.7985
-92.7984
-92.7982
-92.7981
-92.798
-92.7979
-92.7978
-92.7977
-92.7976
-92.7975
-92.7974
-92.7973
-92.7971
-92.797
-92.7969
-92.7968
-92.7967
-92.7966
-92.7965
-92.7964
-92.7963
-92.7962
-92.796
-92.7959
-92.7958
-92.7957
-92.7956
-92.7955
-92.7954
-92.7953
-92.7952
-92.7951
-92.7949
-92.7948
-92.7947
-92.7946
-92.7945
-92.7944
-92.7943
-92.7942
-92.7941
-92.794
-92.7938
-92.7937
-92.7936
-92.7935
-92.7934
-92.7933
-92.7932
-92.7931
-92.793
-92.7929
-92.7927
-92.7926
-92.7925
-92.7924
-92.7923
-92.7922
-92.7921
-92.792
-92.7919
-92.7918
-92.7916
-92.7915
-92.7914
-92.7913
-92.7912
-92.7911
-92.791
-92.7909
-92.7908
-92.7906
-92.7905
-92.7904
-92.7903
-92.7902
-92.7901
-92.79
-92.7899
-92.7898
-92.7897
-92.7895
-92.7894
-92.7893
-92.7892
-92.7891
-92.789
-92.7889
-92.7888
-92.7887
-92.7885
-92.7884
-92.7883
-92.7882
-92.7881
-92.788
-92.7879
-92.7878
-92.7877
-92.7876
-92.7874
-92.7873
-92.7872
-92.7871
-92.787
-92.7869
-92.7868
-92.7867
-92.7866
-92.7864
-92.7863
-92.7862
-92.7861
-92.786
-92.7859
-92.7858
-92.7857
-92.7856
-92.7854
-92.7853
-92.7852
-92.7851
-92.785
-92.7849
-92.7848
-92.7847
-92.7846
-92.7844
-92.7843
-92.7842
-92.7841
-92.784
-92.7839
-92.7838
-92.7837
-92.7836
-92.7834
-92.7833
-92.7832
-92.7831
-92.783
-92.7829
-92.7828
-92.7827
-92.7826
-92.7824
-92.7823
-92.7822
-92.7821
-92.782
-92.7819
-92.7818
-92.7817
-92.7816
-92.7814
-92.7813
-92.7812
-92.7811
-92.781
-92.7809
-92.7808
-92.7807
-92.7806
-92.7804
-92.7803
-92.7802
-92.7801
-92.78
-92.7799
-92.7798
-92.7797
-92.7796
-92.7794
-92.7793
-92.7792
-92.7791
-92.779
-92.7789
-92.7788
-92.7787
-92.7785
-92.7784
-92.7783
-92.7782
-92.7781
-92.778
-92.7779
-92.7778
-92.7777
-92.7775
-92.7774
-92.7773
-92.7772
-92.7771
-92.777
-92.7769
-92.7768
-92.7767
-92.7765
-92.7764
-92.7763
-92.7762
-92.7761
-92.776
-92.7759
-92.7758
-92.7756
-92.7755
-92.7754
-92.7753
-92.7752
-92.7751
-92.775
-92.7749
-92.7748
-92.7746
-92.7745
-92.7744
-92.7743
-92.7742
-92.7741
-92.774
-92.7739
-92.7737
-92.7736
-92.7735
-92.7734
-92.7733
-92.7732
-92.7731
-92.773
-92.7729
-92.7727
-92.7726
-92.7725
-92.7724
-92.7723
-92.7722
-92.7721
-92.772
-92.7718
-92.7717
-92.7716
-92.7715
-92.7714
-92.7713
-92.7712
-92.7711
-92.7709
-92.7708
-92.7707
-92.7706
-92.7705
-92.7704
-92.7703
-92.7702
-92.7701
-92.7699
-92.7698
-92.7697
-92.7696
-92.7695
-92.7694
-92.7693
-92.7692
-92.769
-92.7689
-92.7688
-92.7687
-92.7686
-92.7685
-92.7684
-92.7683
-92.7681
-92.768
-92.7679
-92.7678
-92.7677
-92.7676
-92.7675
-92.7674
-92.7672
-92.7671
-92.767
-92.7669
-92.7668
-92.7667
-92.7666
-92.7665
-92.7663
-92.7662
-92.7661
-92.766
-92.7659
-92.7658
-92.7657
-92.7656
-92.7654
-92.7653
-92.7652
-92.7651
-92.765
-92.7649
-92.7648
-92.7647
-92.7645
-92.7644
-92.7643
-92.7642
-92.7641
-92.764
-92.7639
-92.7638
-92.7636
-92.7635
-92.7634
-92.7633
-92.7632
-92.7631
-92.763
-92.7629
-92.7627
-92.7626
-92.7625
-92.7624
-92.7623
-92.7622
-92.7621
-92.7619
-92.7618
-92.7617
-92.7616
-92.7615
-92.7614
-92.7613
-92.7612
-92.761
-92.7609
-92.7608
-92.7607
-92.7606
-92.7605
-92.7604
-92.7603
-92.7601
-92.76
-92.7599
-92.7598
-92.7597
-92.7596
-92.7595
-92.7594
-92.7592
-92.7591
-92.759
-92.7589
-92.7588
-92.7587
-92.7586
-92.7584
-92.7583
-92.7582
-92.7581
-92.758
-92.7579
-92.7578
-92.7577
-92.7575
-92.7574
-92.7573
-92.7572
-92.7571
-92.757
-92.7569
-92.7568
-92.7566
-92.7565
-92.7564
-92.7563
-92.7562
-92.7561
-92.756
-92.7558
-92.7557
-92.7556
-92.7555
-92.7554
-92.7553
-92.7552
-92.7551
-92.7549
-92.7548
-92.7547
-92.7546
-92.7545
-92.7544
-92.7543
-92.7541
-92.754
-92.7539
-92.7538
-92.7537
-92.7536
-92.7535
-92.7533
-92.7532
-92.7531
-92.753
-92.7529
-92.7528
-92.7527
-92.7526
-92.7524
-92.7523
-92.7522
-92.7521
-92.752
-92.7519
-92.7518
-92.7516
-92.7515
-92.7514
-92.7513
-92.7512
-92.7511
-92.751
-92.7509
-92.7507
-92.7506
-92.7505
-92.7504
-92.7503
-92.7502
-92.7501
-92.7499
-92.7498
-92.7497
-92.7496
-92.7495
-92.7494
-92.7493
-92.7491
-92.749
-92.7489
-92.7488
-92.7487
-92.7486
-92.7485
-92.7483
-92.7482
-92.7481
-92.748
-92.7479
-92.7478
-92.7477
-92.7475
-92.7474
-92.7473
-92.7472
-92.7471
-92.747
-92.7469
-92.7468
-92.7466
-92.7465
-92.7464
-92.7463
-92.7462
-92.7461
-92.746
-92.7458
-92.7457
-92.7456
-92.7455
-92.7454
-92.7453
-92.7452
-92.745
-92.7449
-92.7448
-92.7447
-92.7446
-92.7445
-92.7444
-92.7442
-92.7441
-92.744
-92.7439
-92.7438
-92.7437
-92.7436
-92.7434
-92.7433
-92.7432
-92.7431
-92.743
-92.7429
-92.7428
-92.7426
-92.7425
-92.7424
-92.7423
-92.7422
-92.7421
-92.742
-92.7418
-92.7417
-92.7416
-92.7415
-92.7414
-92.7413
-92.7412
-92.741
-92.7409
-92.7408
-92.7407
-92.7406
-92.7405
-92.7404
-92.7402
-92.7401
-92.74
-92.7399
-92.7398
-92.7397
-92.7396
-92.7394
-92.7393
-92.7392
-92.7391
-92.739
-92.7389
-92.7388
-92.7386
-92.7385
-92.7384
-92.7383
-92.7382
-92.7381
-92.7379
-92.7378
-92.7377
-92.7376
-92.7375
-92.7374
-92.7373
-92.7371
-92.737
-92.7369
-92.7368
-92.7367
-92.7366
-92.7365
-92.7363
-92.7362
-92.7361
-92.736
-92.7359
-92.7358
-92.7357
-92.7355
-92.7354
-92.7353
-92.7352
-92.7351
-92.735
-92.7348
-92.7347
-92.7346
-92.7345
-92.7344
-92.7343
-92.7342
-92.734
-92.7339
-92.7338
-92.7337
-92.7336
-92.7335
-92.7334
-92.7332
-92.7331
-92.733
-92.7329
-92.7328
-92.7327
-92.7325
-92.7324
-92.7323
-92.7322
-92.7321
-92.732
-92.7319
-92.7317
-92.7316
-92.7315
-92.7314
-92.7313
-92.7312
-92.7311
-92.7309
-92.7308
-92.7307
-92.7306
-92.7305
-92.7304
-92.7302
-92.7301
-92.73
-92.7299
-92.7298
-92.7297
-92.7296
-92.7294
-92.7293
-92.7292
-92.7291
-92.729
-92.7289
-92.7287
-92.7286
-92.7285
-92.7284
-92.7283
-92.7282
-92.7281
-92.7279
-92.7278
-92.7277
-92.7276
-92.7275
-92.7274
-92.7272
-92.7271
-92.727
-92.7269
-92.7268
-92.7267
-92.7266
-92.7264
-92.7263
-92.7262
-92.7261
-92.726
-92.7259
-92.7257
-92.7256
-92.7255
-92.7254
-92.7253
-92.7252
-92.7251
-92.7249
-92.7248
-92.7247
-92.7246
-92.7245
-92.7244
-92.7242
-92.7241
-92.724
-92.7239
-92.7238
-92.7237
-92.7235
-92.7234
-92.7233
-92.7232
-92.7231
-92.723
-92.7229
-92.7227
-92.7226
-92.7225
-92.7224
-92.7223
-92.7222
-92.722
-92.7219
-92.7218
-92.7217
-92.7216
-92.7215
-92.7213
-92.7212
-92.7211
-92.721
-92.7209
-92.7208
-92.7207
-92.7205
-92.7204
-92.7203
-92.7202
-92.7201
-92.72
-92.7198
-92.7197
-92.7196
-92.7195
-92.7194
-92.7193
-92.7191
-92.719
-92.7189
-92.7188
-92.7187
-92.7186
-92.7184
-92.7183
-92.7182
-92.7181
-92.718
-92.7179
-92.7178
-92.7176
-92.7175
-92.7174
-92.7173
-92.7172
-92.7171
-92.7169
-92.7168
-92.7167
-92.7166
-92.7165
-92.7164
-92.7162
-92.7161
-92.716
-92.7159
-92.7158
-92.7157
-92.7155
-92.7154
-92.7153
-92.7152
-92.7151
-92.715
-92.7148
-92.7147
-92.7146
-92.7145
-92.7144
-92.7143
-92.7141
-92.714
-92.7139
-92.7138
-92.7137
-92.7136
-92.7134
-92.7133
-92.7132
-92.7131
-92.713
-92.7129
-92.7127
-92.7126
-92.7125
-92.7124
-92.7123
-92.7122
-92.7121
-92.7119
-92.7118
-92.7117
-92.7116
-92.7115
-92.7114
-92.7112
-92.7111
-92.711
-92.7109
-92.7108
-92.7107
-92.7105
-92.7104
-92.7103
-92.7102
-92.7101
-92.71
-92.7098
-92.7097
-92.7096
-92.7095
-92.7094
-92.7093
-92.7091
-92.709
-92.7089
-92.7088
-92.7087
-92.7085
-92.7084
-92.7083
-92.7082
-92.7081
-92.708
-92.7078
-92.7077
-92.7076
-92.7075
-92.7074
-92.7073
-92.7071
-92.707
-92.7069
-92.7068
-92.7067
-92.7066
-92.7064
-92.7063
-92.7062
-92.7061
-92.706
-92.7059
-92.7057
-92.7056
-92.7055
-92.7054
-92.7053
-92.7052
-92.705
-92.7049
-92.7048
-92.7047
-92.7046
-92.7045
-92.7043
-92.7042
-92.7041
-92.704
-92.7039
-92.7038
-92.7036
-92.7035
-92.7034
-92.7033
-92.7032
-92.7031
-92.7029
-92.7028
-92.7027
-92.7026
-92.7025
-92.7023
-92.7022
-92.7021
-92.702
-92.7019
-92.7018
-92.7016
-92.7015
-92.7014
-92.7013
-92.7012
-92.7011
-92.7009
-92.7008
-92.7007
-92.7006
-92.7005
-92.7004
-92.7002
-92.7001
-92.7
-92.6999
-92.6998
-92.6997
-92.6995
-92.6994
-92.6993
-92.6992
-92.6991
-92.6989
-92.6988
-92.6987
-92.6986
-92.6985
-92.6984
-92.6982
-92.6981
-92.698
-92.6979
-92.6978
-92.6977
-92.6975
-92.6974
-92.6973
-92.6972
-92.6971
-92.6969
-92.6968
-92.6967
-92.6966
-92.6965
-92.6964
-92.6962
-92.6961
-92.696
-92.6959
-92.6958
-92.6957
-92.6955
-92.6954
-92.6953
-92.6952
-92.6951
-92.6949
-92.6948
-92.6947
-92.6946
-92.6945
-92.6944
-92.6942
-92.6941
-92.694
-92.6939
-92.6938
-92.6937
-92.6935
-92.6934
-92.6933
-92.6932
-92.6931
-92.6929
-92.6928
-92.6927
-92.6926
-92.6925
-92.6924
-92.6922
-92.6921
-92.692
-92.6919
-92.6918
-92.6916
-92.6915
-92.6914
-92.6913
-92.6912
-92.6911
-92.6909
-92.6908
-92.6907
-92.6906
-92.6905
-92.6903
-92.6902
-92.6901
-92.69
-92.6899
-92.6898
-92.6896
-92.6895
-92.6894
-92.6893
-92.6892
-92.6891
-92.6889
-92.6888
-92.6887
-92.6886
-92.6885
-92.6883
-92.6882
-92.6881
-92.688
-92.6879
-92.6878
-92.6876
-92.6875
-92.6874
-92.6873
-92.6872
-92.687
-92.6869
-92.6868
-92.6867
-92.6866
-92.6864
-92.6863
-92.6862
-92.6861
-92.686
-92.6859
-92.6857
-92.6856
-92.6855
-92.6854
-92.6853
-92.6851
-92.685
-92.6849
-92.6848
-92.6847
-92.6846
-92.6844
-92.6843
-92.6842
-92.6841
-92.684
-92.6838
-92.6837
-92.6836
-92.6835
-92.6834
-92.6833
-92.6831
-92.683
-92.6829
-92.6828
-92.6827
-92.6825
-92.6824
-92.6823
-92.6822
-92.6821
-92.6819
-92.6818
-92.6817
-92.6816
-92.6815
-92.6814
-92.6812
-92.6811
-92.681
-92.6809
-92.6808
-92.6806
-92.6805
-92.6804
-92.6803
-92.6802
-92.68
-92.6799
-92.6798
-92.6797
-92.6796
-92.6795
-92.6793
-92.6792
-92.6791
-92.679
-92.6789
-92.6787
-92.6786
-92.6785
-92.6784
-92.6783
-92.6781
-92.678
-92.6779
-92.6778
-92.6777
-92.6776
-92.6774
-92.6773
-92.6772
-92.6771
-92.677
-92.6768
-92.6767
-92.6766
-92.6765
-92.6764
-92.6762
-92.6761
-92.676
-92.6759
-92.6758
-92.6756
-92.6755
-92.6754
-92.6753
-92.6752
-92.6751
-92.6749
-92.6748
-92.6747
-92.6746
-92.6745
-92.6743
-92.6742
-92.6741
-92.674
-92.6739
-92.6737
-92.6736
-92.6735
-92.6734
-92.6733
-92.6731
-92.673
-92.6729
-92.6728
-92.6727
-92.6726
-92.6724
-92.6723
-92.6722
-92.6721
-92.672
-92.6718
-92.6717
-92.6716
-92.6715
-92.6714
-92.6712
-92.6711
-92.671
-92.6709
-92.6708
-92.6706
-92.6705
-92.6704
-92.6703
-92.6702
-92.67
-92.6699
-92.6698
-92.6697
-92.6696
-92.6694
-92.6693
-92.6692
-92.6691
-92.669
-92.6689
-92.6687
-92.6686
-92.6685
-92.6684
-92.6683
-92.6681
-92.668
-92.6679
-92.6678
-92.6677
-92.6675
-92.6674
-92.6673
-92.6672
-92.6671
-92.6669
-92.6668
-92.6667
-92.6666
-92.6665
-92.6663
-92.6662
-92.6661
-92.666
-92.6659
-92.6657
-92.6656
-92.6655
-92.6654
-92.6653
-92.6651
-92.665
-92.6649
-92.6648
-92.6647
-92.6645
-92.6644
-92.6643
-92.6642
-92.6641
-92.6639
-92.6638
-92.6637
-92.6636
-92.6635
-92.6633
-92.6632
-92.6631
-92.663
-92.6629
-92.6627
-92.6626
-92.6625
-92.6624
-92.6623
-92.6621
-92.662
-92.6619
-92.6618
-92.6617
-92.6615
-92.6614
-92.6613
-92.6612
-92.6611
-92.6609
-92.6608
-92.6607
-92.6606
-92.6605
-92.6603
-92.6602
-92.6601
-92.66
-92.6599
-92.6597
-92.6596
-92.6595
-92.6594
-92.6593
-92.6591
-92.659
-92.6589
-92.6588
-92.6587
-92.6585
-92.6584
-92.6583
-92.6582
-92.6581
-92.6579
-92.6578
-92.6577
-92.6576
-92.6575
-92.6573
-92.6572
-92.6571
-92.657
-92.6569
-92.6567
-92.6566
-92.6565
-92.6564
-92.6563
-92.6561
-92.656
-92.6559
-92.6558
-92.6557
-92.6555
-92.6554
-92.6553
-92.6552
-92.6551
-92.6549
-92.6548
-92.6547
-92.6546
-92.6545
-92.6543
-92.6542
-92.6541
-92.654
-92.6539
-92.6537
-92.6536
-92.6535
-92.6534
-92.6533
-92.6531
-92.653
-92.6529
-92.6528
-92.6527
-92.6525
-92.6524
-92.6523
-92.6522
-92.652
-92.6519
-92.6518
-92.6517
-92.6516
-92.6514
-92.6513
-92.6512
-92.6511
-92.651
-92.6508
-92.6507
-92.6506
-92.6505
-92.6504
-92.6502
-92.6501
-92.65
-92.6499
-92.6498
-92.6496
-92.6495
-92.6494
-92.6493
-92.6492
-92.649
-92.6489
-92.6488
-92.6487
-92.6485
-92.6484
-92.6483
-92.6482
-92.6481
-92.6479
-92.6478
-92.6477
-92.6476
-92.6475
-92.6473
-92.6472
-92.6471
-92.647
-92.6469
-92.6467
-92.6466
-92.6465
-92.6464
-92.6463
-92.6461
-92.646
-92.6459
-92.6458
-92.6456
-92.6455
-92.6454
-92.6453
-92.6452
-92.645
-92.6449
-92.6448
-92.6447
-92.6446
-92.6444
-92.6443
-92.6442
-92.6441
-92.644
-92.6438
-92.6437
-92.6436
-92.6435
-92.6433
-92.6432
-92.6431
-92.643
-92.6429
-92.6427
-92.6426
-92.6425
-92.6424
-92.6423
-92.6421
-92.642
-92.6419
-92.6418
-92.6417
-92.6415
-92.6414
-92.6413
-92.6412
-92.641
-92.6409
-92.6408
-92.6407
-92.6406
-92.6404
-92.6403
-92.6402
-92.6401
-92.64
-92.6398
-92.6397
-92.6396
-92.6395
-92.6393
-92.6392
-92.6391
-92.639
-92.6389
-92.6387
-92.6386
-92.6385
-92.6384
-92.6383
-92.6381
-92.638
-92.6379
-92.6378
-92.6376
-92.6375
-92.6374
-92.6373
-92.6372
-92.637
-92.6369
-92.6368
-92.6367
-92.6366
-92.6364
-92.6363
-92.6362
-92.6361
-92.6359
-92.6358
-92.6357
-92.6356
-92.6355
-92.6353
-92.6352
-92.6351
-92.635
-92.6349
-92.6347
-92.6346
-92.6345
-92.6344
-92.6342
-92.6341
-92.634
-92.6339
-92.6338
-92.6336
-92.6335
-92.6334
-92.6333
-92.6331
-92.633
-92.6329
-92.6328
-92.6327
-92.6325
-92.6324
-92.6323
-92.6322
-92.6321
-92.6319
-92.6318
-92.6317
-92.6316
-92.6314
-92.6313
-92.6312
-92.6311
-92.631
-92.6308
-92.6307
-92.6306
-92.6305
-92.6303
-92.6302
-92.6301
-92.63
-92.6299
-92.6297
-92.6296
-92.6295
-92.6294
-92.6292
-92.6291
-92.629
-92.6289
-92.6288
-92.6286
-92.6285
-92.6284
-92.6283
-92.6281
-92.628
-92.6279
-92.6278
-92.6277
-92.6275
-92.6274
-92.6273
-92.6272
-92.6271
-92.6269
-92.6268
-92.6267
-92.6266
-92.6264
-92.6263
-92.6262
-92.6261
-92.626
-92.6258
-92.6257
-92.6256
-92.6255
-92.6253
-92.6252
-92.6251
-92.625
-92.6249
-92.6247
-92.6246
-92.6245
-92.6244
-92.6242
-92.6241
-92.624
-92.6239
-92.6238
-92.6236
-92.6235
-92.6234
-92.6233
-92.6231
-92.623
-92.6229
-92.6228
-92.6226
-92.6225
-92.6224
-92.6223
-92.6222
-92.622
-92.6219
-92.6218
-92.6217
-92.6215
-92.6214
-92.6213
-92.6212
-92.6211
-92.6209
-92.6208
-92.6207
-92.6206
-92.6204
-92.6203
-92.6202
-92.6201
-92.62
-92.6198
-92.6197
-92.6196
-92.6195
-92.6193
-92.6192
-92.6191
-92.619
-92.6189
-92.6187
-92.6186
-92.6185
-92.6184
-92.6182
-92.6181
-92.618
-92.6179
-92.6177
-92.6176
-92.6175
-92.6174
-92.6173
-92.6171
-92.617
-92.6169
-92.6168
-92.6166
-92.6165
-92.6164
-92.6163
-92.6162
-92.616
-92.6159
-92.6158
-92.6157
-92.6155
-92.6154
-92.6153
-92.6152
-92.615
-92.6149
-92.6148
-92.6147
-92.6146
-92.6144
-92.6143
-92.6142
-92.6141
-92.6139
-92.6138
-92.6137
-92.6136
-92.6134
-92.6133
-92.6132
-92.6131
-92.613
-92.6128
-92.6127
-92.6126
-92.6125
-92.6123
-92.6122
-92.6121
-92.612
-92.6118
-92.6117
-92.6116
-92.6115
-92.6114
-92.6112
-92.6111
-92.611
-92.6109
-92.6107
-92.6106
-92.6105
-92.6104
-92.6102
-92.6101
-92.61
-92.6099
-92.6098
-92.6096
-92.6095
-92.6094
-92.6093
-92.6091
-92.609
-92.6089
-92.6088
-92.6086
-92.6085
-92.6084
-92.6083
-92.6082
-92.608
-92.6079
-92.6078
-92.6077
-92.6075
-92.6074
-92.6073
-92.6072
-92.607
-92.6069
-92.6068
-92.6067
-92.6066
-92.6064
-92.6063
-92.6062
-92.6061
-92.6059
-92.6058
-92.6057
-92.6056
-92.6054
-92.6053
-92.6052
-92.6051
-92.6049
-92.6048
-92.6047
-92.6046
-92.6045
-92.6043
-92.6042
-92.6041
-92.604
-92.6038
-92.6037
-92.6036
-92.6035
-92.6033
-92.6032
-92.6031
-92.603
-92.6028
-92.6027
-92.6026
-92.6025
-92.6024
-92.6022
-92.6021
-92.602
-92.6019
-92.6017
-92.6016
-92.6015
-92.6014
-92.6012
-92.6011
-92.601
-92.6009
-92.6007
-92.6006
-92.6005
-92.6004
-92.6002
-92.6001
-92.6
-92.5999
-92.5998
-92.5996
-92.5995
-92.5994
-92.5993
-92.5991
-92.599
-92.5989
-92.5988
-92.5986
-92.5985
-92.5984
-92.5983
-92.5981
-92.598
-92.5979
-92.5978
-92.5976
-92.5975
-92.5974
-92.5973
-92.5972
-92.597
-92.5969
-92.5968
-92.5967
-92.5965
-92.5964
-92.5963
-92.5962
-92.596
-92.5959
-92.5958
-92.5957
-92.5955
-92.5954
-92.5953
-92.5952
-92.595
-92.5949
-92.5948
-92.5947
-92.5946
-92.5944
-92.5943
-92.5942
-92.5941
-92.5939
-92.5938
-92.5937
-92.5936
-92.5934
-92.5933
-92.5932
-92.5931
-92.5929
-92.5928
-92.5927
-92.5926
-92.5924
-92.5923
-92.5922
-92.5921
-92.5919
-92.5918
-92.5917
-92.5916
-92.5914
-92.5913
-92.5912
-92.5911
-92.5909
-92.5908
-92.5907
-92.5906
-92.5905
-92.5903
-92.5902
-92.5901
-92.59
-92.5898
-92.5897
-92.5896
-92.5895
-92.5893
-92.5892
-92.5891
-92.589
-92.5888
-92.5887
-92.5886
-92.5885
-92.5883
-92.5882
-92.5881
-92.588
-92.5878
-92.5877
-92.5876
-92.5875
-92.5873
-92.5872
-92.5871
-92.587
-92.5868
-92.5867
-92.5866
-92.5865
-92.5863
-92.5862
-92.5861
-92.586
-92.5858
-92.5857
-92.5856
-92.5855
-92.5853
-92.5852
-92.5851
-92.585
-92.5848
-92.5847
-92.5846
-92.5845
-92.5844
-92.5842
-92.5841
-92.584
-92.5839
-92.5837
-92.5836
-92.5835
-92.5834
-92.5832
-92.5831
-92.583
-92.5829
-92.5827
-92.5826
-92.5825
-92.5824
-92.5822
-92.5821
-92.582
-92.5819
-92.5817
-92.5816
-92.5815
-92.5814
-92.5812
-92.5811
-92.581
-92.5809
-92.5807
-92.5806
-92.5805
-92.5804
-92.5802
-92.5801
-92.58
-92.5799
-92.5797
-92.5796
-92.5795
-92.5794
-92.5792
-92.5791
-92.579
-92.5789
-92.5787
-92.5786
-92.5785
-92.5784
-92.5782
-92.5781
-92.578
-92.5779
-92.5777
-92.5776
-92.5775
-92.5774
-92.5772
-92.5771
-92.577
-92.5769
-92.5767
-92.5766
-92.5765
-92.5764
-92.5762
-92.5761
-92.576
-92.5759
-92.5757
-92.5756
-92.5755
-92.5754
-92.5752
-92.5751
-92.575
-92.5749
-92.5747
-92.5746
-92.5745
-92.5744
-92.5742
-92.5741
-92.574
-92.5739
-92.5737
-92.5736
-92.5735
-92.5734
-92.5732
-92.5731
-92.573
-92.5729
-92.5727
-92.5726
-92.5725
-92.5723
-92.5722
-92.5721
-92.572
-92.5718
-92.5717
-92.5716
-92.5715
-92.5713
-92.5712
-92.5711
-92.571
-92.5708
-92.5707
-92.5706
-92.5705
-92.5703
-92.5702
-92.5701
-92.57
-92.5698
-92.5697
-92.5696
-92.5695
-92.5693
-92.5692
-92.5691
-92.569
-92.5688
-92.5687
-92.5686
-92.5685
-92.5683
-92.5682
-92.5681
-92.568
-92.5678
-92.5677
-92.5676
-92.5675
-92.5673
-92.5672
-92.5671
-92.567
-92.5668
-92.5667
-92.5666
-92.5664
-92.5663
-92.5662
-92.5661
-92.5659
-92.5658
-92.5657
-92.5656
-92.5654
-92.5653
-92.5652
-92.5651
-92.5649
-92.5648
-92.5647
-92.5646
-92.5644
-92.5643
-92.5642
-92.5641
-92.5639
-92.5638
-92.5637
-92.5636
-92.5634
-92.5633
-92.5632
-92.5631
-92.5629
-92.5628
-92.5627
-92.5625
-92.5624
-92.5623
-92.5622
-92.562
-92.5619
-92.5618
-92.5617
-92.5615
-92.5614
-92.5613
-92.5612
-92.561
-92.5609
-92.5608
-92.5607
-92.5605
-92.5604
-92.5603
-92.5602
-92.56
-92.5599
-92.5598
-92.5597
-92.5595
-92.5594
-92.5593
-92.5591
-92.559
-92.5589
-92.5588
-92.5586
-92.5585
-92.5584
-92.5583
-92.5581
-92.558
-92.5579
-92.5578
-92.5576
-92.5575
-92.5574
-92.5573
-92.5571
-92.557
-92.5569
-92.5567
-92.5566
-92.5565
-92.5564
-92.5562
-92.5561
-92.556
-92.5559
-92.5557
-92.5556
-92.5555
-92.5554
-92.5552
-92.5551
-92.555
-92.5549
-92.5547
-92.5546
-92.5545
-92.5543
-92.5542
-92.5541
-92.554
-92.5538
-92.5537
-92.5536
-92.5535
-92.5533
-92.5532
-92.5531
-92.553
-92.5528
-92.5527
-92.5526
-92.5525
-92.5523
-92.5522
-92.5521
-92.5519
-92.5518
-92.5517
-92.5516
-92.5514
-92.5513
-92.5512
-92.5511
-92.5509
-92.5508
-92.5507
-92.5506
-92.5504
-92.5503
-92.5502
-92.55
-92.5499
-92.5498
-92.5497
-92.5495
-92.5494
-92.5493
-92.5492
-92.549
-92.5489
-92.5488
-92.5487
-92.5485
-92.5484
-92.5483
-92.5481
-92.548
-92.5479
-92.5478
-92.5476
-92.5475
-92.5474
-92.5473
-92.5471
-92.547
-92.5469
-92.5468
-92.5466
-92.5465
-92.5464
-92.5462
-92.5461
-92.546
-92.5459
-92.5457
-92.5456
-92.5455
-92.5454
-92.5452
-92.5451
-92.545
-92.5448
-92.5447
-92.5446
-92.5445
-92.5443
-92.5442
-92.5441
-92.544
-92.5438
-92.5437
-92.5436
-92.5435
-92.5433
-92.5432
-92.5431
-92.5429
-92.5428
-92.5427
-92.5426
-92.5424
-92.5423
-92.5422
-92.5421
-92.5419
-92.5418
-92.5417
-92.5415
-92.5414
-92.5413
-92.5412
-92.541
-92.5409
-92.5408
-92.5407
-92.5405
-92.5404
-92.5403
-92.5401
-92.54
-92.5399
-92.5398
-92.5396
-92.5395
-92.5394
-92.5393
-92.5391
-92.539
-92.5389
-92.5387
-92.5386
-92.5385
-92.5384
-92.5382
-92.5381
-92.538
-92.5379
-92.5377
-92.5376
-92.5375
-92.5373
-92.5372
-92.5371
-92.537
-92.5368
-92.5367
-92.5366
-92.5365
-92.5363
-92.5362
-92.5361
-92.5359
-92.5358
-92.5357
-92.5356
-92.5354
-92.5353
-92.5352
-92.5351
-92.5349
-92.5348
-92.5347
-92.5345
-92.5344
-92.5343
-92.5342
-92.534
-92.5339
-92.5338
-92.5336
-92.5335
-92.5334
-92.5333
-92.5331
-92.533
-92.5329
-92.5328
-92.5326
-92.5325
-92.5324
-92.5322
-92.5321
-92.532
-92.5319
-92.5317
-92.5316
-92.5315
-92.5314
-92.5312
-92.5311
-92.531
-92.5308
-92.5307
-92.5306
-92.5305
-92.5303
-92.5302
-92.5301
-92.5299
-92.5298
-92.5297
-92.5296
-92.5294
-92.5293
-92.5292
-92.5291
-92.5289
-92.5288
-92.5287
-92.5285
-92.5284
-92.5283
-92.5282
-92.528
-92.5279
-92.5278
-92.5276
-92.5275
-92.5274
-92.5273
-92.5271
-92.527
-92.5269
-92.5268
-92.5266
-92.5265
-92.5264
-92.5262
-92.5261
-92.526
-92.5259
-92.5257
-92.5256
-92.5255
-92.5253
-92.5252
-92.5251
-92.525
-92.5248
-92.5247
-92.5246
-92.5244
-92.5243
-92.5242
-92.5241
-92.5239
-92.5238
-92.5237
-92.5236
-92.5234
-92.5233
-92.5232
-92.523
-92.5229
-92.5228
-92.5227
-92.5225
-92.5224
-92.5223
-92.5221
-92.522
-92.5219
-92.5218
-92.5216
-92.5215
-92.5214
-92.5212
-92.5211
-92.521
-92.5209
-92.5207
-92.5206
-92.5205
-92.5203
-92.5202
-92.5201
-92.52
-92.5198
-92.5197
-92.5196
-92.5194
-92.5193
-92.5192
-92.5191
-92.5189
-92.5188
-92.5187
-92.5185
-92.5184
-92.5183
-92.5182
-92.518
-92.5179
-92.5178
-92.5176
-92.5175
-92.5174
-92.5173
-92.5171
-92.517
-92.5169
-92.5167
-92.5166
-92.5165
-92.5164
-92.5162
-92.5161
-92.516
-92.5159
-92.5157
-92.5156
-92.5155
-92.5153
-92.5152
-92.5151
-92.515
-92.5148
-92.5147
-92.5146
-92.5144
-92.5143
-92.5142
-92.514
-92.5139
-92.5138
-92.5137
-92.5135
-92.5134
-92.5133
-92.5131
-92.513
-92.5129
-92.5128
-92.5126
-92.5125
-92.5124
-92.5122
-92.5121
-92.512
-92.5119
-92.5117
-92.5116
-92.5115
-92.5113
-92.5112
-92.5111
-92.511
-92.5108
-92.5107
-92.5106
-92.5104
-92.5103
-92.5102
-92.5101
-92.5099
-92.5098
-92.5097
-92.5095
-92.5094
-92.5093
-92.5092
-92.509
-92.5089
-92.5088
-92.5086
-92.5085
-92.5084
-92.5083
-92.5081
-92.508
-92.5079
-92.5077
-92.5076
-92.5075
-92.5074
-92.5072
-92.5071
-92.507
-92.5068
-92.5067
-92.5066
-92.5064
-92.5063
-92.5062
-92.5061
-92.5059
-92.5058
-92.5057
-92.5055
-92.5054
-92.5053
-92.5052
-92.505
-92.5049
-92.5048
-92.5046
-92.5045
-92.5044
-92.5043
-92.5041
-92.504
-92.5039
-92.5037
-92.5036
-92.5035
-92.5033
-92.5032
-92.5031
-92.503
-92.5028
-92.5027
-92.5026
-92.5024
-92.5023
-92.5022
-92.5021
-92.5019
-92.5018
-92.5017
-92.5015
-92.5014
-92.5013
-92.5012
-92.501
-92.5009
-92.5008
-92.5006
-92.5005
-92.5004
-92.5002
-92.5001
-92.5
-92.4999
-92.4997
-92.4996
-92.4995
-92.4993
-92.4992
-92.4991
-92.499
-92.4988
-92.4987
-92.4986
-92.4984
-92.4983
-92.4982
-92.498
-92.4979
-92.4978
-92.4977
-92.4975
-92.4974
-92.4973
-92.4971
-92.497
-92.4969
-92.4967
-92.4966
-92.4965
-92.4964
-92.4962
-92.4961
-92.496
-92.4958
-92.4957
-92.4956
-92.4955
-92.4953
-92.4952
-92.4951
-92.4949
-92.4948
-92.4947
-92.4945
-92.4944
-92.4943
-92.4942
-92.494
-92.4939
-92.4938
-92.4936
-92.4935
-92.4934
-92.4932
-92.4931
-92.493
-92.4929
-92.4927
-92.4926
-92.4925
-92.4923
-92.4922
-92.4921
-92.492
-92.4918
-92.4917
-92.4916
-92.4914
-92.4913
-92.4912
-92.491
-92.4909
-92.4908
-92.4907
-92.4905
-92.4904
-92.4903
-92.4901
-92.49
-92.4899
-92.4897
-92.4896
-92.4895
-92.4894
-92.4892
-92.4891
-92.489
-92.4888
-92.4887
-92.4886
-92.4884
-92.4883
-92.4882
-92.4881
-92.4879
-92.4878
-92.4877
-92.4875
-92.4874
-92.4873
-92.4871
-92.487
-92.4869
-92.4868
-92.4866
-92.4865
-92.4864
-92.4862
-92.4861
-92.486
-92.4858
-92.4857
-92.4856
-92.4855
-92.4853
-92.4852
-92.4851
-92.4849
-92.4848
-92.4847
-92.4845
-92.4844
-92.4843
-92.4841
-92.484
-92.4839
-92.4838
-92.4836
-92.4835
-92.4834
-92.4832
-92.4831
-92.483
-92.4828
-92.4827
-92.4826
-92.4825
-92.4823
-92.4822
-92.4821
-92.4819
-92.4818
-92.4817
-92.4815
-92.4814
-92.4813
-92.4812
-92.481
-92.4809
-92.4808
-92.4806
-92.4805
-92.4804
-92.4802
-92.4801
-92.48
-92.4798
-92.4797
-92.4796
-92.4795
-92.4793
-92.4792
-92.4791
-92.4789
-92.4788
-92.4787
-92.4785
-92.4784
-92.4783
-92.4782
-92.478
-92.4779
-92.4778
-92.4776
-92.4775
-92.4774
-92.4772
-92.4771
-92.477
-92.4768
-92.4767
-92.4766
-92.4765
-92.4763
-92.4762
-92.4761
-92.4759
-92.4758
-92.4757
-92.4755
-92.4754
-92.4753
-92.4751
-92.475
-92.4749
-92.4748
-92.4746
-92.4745
-92.4744
-92.4742
-92.4741
-92.474
-92.4738
-92.4737
-92.4736
-92.4734
-92.4733
-92.4732
-92.4731
-92.4729
-92.4728
-92.4727
-92.4725
-92.4724
-92.4723
-92.4721
-92.472
-92.4719
-92.4717
-92.4716
-92.4715
-92.4714
-92.4712
-92.4711
-92.471
-92.4708
-92.4707
-92.4706
-92.4704
-92.4703
-92.4702
-92.47
-92.4699
-92.4698
-92.4697
-92.4695
-92.4694
-92.4693
-92.4691
-92.469
-92.4689
-92.4687
-92.4686
-92.4685
-92.4683
-92.4682
-92.4681
-92.4679
-92.4678
-92.4677
-92.4676
-92.4674
-92.4673
-92.4672
-92.467
-92.4669
-92.4668
-92.4666
-92.4665
-92.4664
-92.4662
-92.4661
-92.466
-92.4658
-92.4657
-92.4656
-92.4655
-92.4653
-92.4652
-92.4651
-92.4649
-92.4648
-92.4647
-92.4645
-92.4644
-92.4643
-92.4641
-92.464
-92.4639
-92.4637
-92.4636
-92.4635
-92.4634
-92.4632
-92.4631
-92.463
-92.4628
-92.4627
-92.4626
-92.4624
-92.4623
-92.4622
-92.462
-92.4619
-92.4618
-92.4616
-92.4615
-92.4614
-92.4613
-92.4611
-92.461
-92.4609
-92.4607
-92.4606
-92.4605
-92.4603
-92.4602
-92.4601
-92.4599
-92.4598
-92.4597
-92.4595
-92.4594
-92.4593
-92.4592
-92.459
-92.4589
-92.4588
-92.4586
-92.4585
-92.4584
-92.4582
-92.4581
-92.458
-92.4578
-92.4577
-92.4576
-92.4574
-92.4573
-92.4572
-92.457
-92.4569
-92.4568
-92.4566
-92.4565
-92.4564
-92.4563
-92.4561
-92.456
-92.4559
-92.4557
-92.4556
-92.4555
-92.4553
-92.4552
-92.4551
-92.4549
-92.4548
-92.4547
-92.4545
-92.4544
-92.4543
-92.4541
-92.454
-92.4539
-92.4538
-92.4536
-92.4535
-92.4534
-92.4532
-92.4531
-92.453
-92.4528
-92.4527
-92.4526
-92.4524
-92.4523
-92.4522
-92.452
-92.4519
-92.4518
-92.4516
-92.4515
-92.4514
-92.4512
-92.4511
-92.451
-92.4508
-92.4507
-92.4506
-92.4505
-92.4503
-92.4502
-92.4501
-92.4499
-92.4498
-92.4497
-92.4495
-92.4494
-92.4493
-92.4491
-92.449
-92.4489
-92.4487
-92.4486
-92.4485
-92.4483
-92.4482
-92.4481
-92.4479
-92.4478
-92.4477
-92.4475
-92.4474
-92.4473
-92.4472
-92.447
-92.4469
-92.4468
-92.4466
-92.4465
-92.4464
-92.4462
-92.4461
-92.446
-92.4458
-92.4457
-92.4456
-92.4454
-92.4453
-92.4452
-92.445
-92.4449
-92.4448
-92.4446
-92.4445
-92.4444
-92.4442
-92.4441
-92.444
-92.4438
-92.4437
-92.4436
-92.4434
-92.4433
-92.4432
-92.4431
-92.4429
-92.4428
-92.4427
-92.4425
-92.4424
-92.4423
-92.4421
-92.442
-92.4419
-92.4417
-92.4416
-92.4415
-92.4413
-92.4412
-92.4411
-92.4409
-92.4408
-92.4407
-92.4405
-92.4404
-92.4403
-92.4401
-92.44
-92.4399
-92.4397
-92.4396
-92.4395
-92.4393
-92.4392
-92.4391
-92.4389
-92.4388
-92.4387
-92.4385
-92.4384
-92.4383
-92.4381
-92.438
-92.4379
-92.4378
-92.4376
-92.4375
-92.4374
-92.4372
-92.4371
-92.437
-92.4368
-92.4367
-92.4366
-92.4364
-92.4363
-92.4362
-92.436
-92.4359
-92.4358
-92.4356
-92.4355
-92.4354
-92.4352
-92.4351
-92.435
-92.4348
-92.4347
-92.4346
-92.4344
-92.4343
-92.4342
-92.434
-92.4339
-92.4338
-92.4336
-92.4335
-92.4334
-92.4332
-92.4331
-92.433
-92.4328
-92.4327
-92.4326
-92.4324
-92.4323
-92.4322
-92.432
-92.4319
-92.4318
-92.4316
-92.4315
-92.4314
-92.4312
-92.4311
-92.431
-92.4308
-92.4307
-92.4306
-92.4304
-92.4303
-92.4302
-92.43
-92.4299
-92.4298
-92.4296
-92.4295
-92.4294
-92.4292
-92.4291
-92.429
-92.4289
-92.4287
-92.4286
-92.4285
-92.4283
-92.4282
-92.4281
-92.4279
-92.4278
-92.4277
-92.4275
-92.4274
-92.4273
-92.4271
-92.427
-92.4269
-92.4267
-92.4266
-92.4265
-92.4263
-92.4262
-92.4261
-92.4259

