-70
-68.3523
-66.2571
-62.9255
-55.6474
-24.7694
43.3999
43.2136
8.63645
-12.4103
-25.7691
-39.3991
-68.1042
-94.0645
-94.9486
-94.9523
-94.9036
-94.8046
-94.63
-94.3614
-94.0012
-93.5697
-93.0935
-92.5957
-92.0925
-91.5936
-91.1043
-90.6273
-90.1636
-89.7133
-89.2762
-88.8519
-88.4399
-88.0396
-87.6506
-87.2723
-86.9042
-86.546
-86.197
-85.8569
-85.5253
-85.2017
-84.8857
-84.5769
-84.275
-83.9796
-83.6902
-83.4066
-83.1284
-82.8553
-82.5868
-82.3226
-82.0625
-81.806
-81.5528
-81.3025
-81.0549
-80.8095
-80.566
-80.324
-80.0831
-79.843
-79.6031
-79.3631
-79.1224
-78.8807
-78.6373
-78.3916
-78.1431
-77.8909
-77.6344
-77.3727
-77.1048
-76.8295
-76.5456
-76.2514
-75.9453
-75.6249
-75.2877
-74.9305
-74.5491
-74.1383
-73.6912
-73.1986
-72.6477
-72.0201
-71.288
-70.4069
-69.2997
-67.8173
-65.6215
-61.7215
-51.5315
1.17074
49.799
42.6782
5.57395
-13.2317
-26.6701
-40.1875
-69.9524
-94.1946
-94.9471
-94.942
-94.8817
-94.7614
-94.5514
-94.2329
-93.8118
-93.3146
-92.7731
-92.2139
-91.6553
-91.1079
-90.5774
-90.0661
-89.5749
-89.1036
-88.6517
-88.2182
-87.8024
-87.4034
-87.0204
-86.6526
-86.2991
-85.9592
-85.6323
-85.3176
-85.0146
-84.7225
-84.4409
-84.1692
-83.9069
-83.6534
-83.4083
-83.1711
-82.9415
-82.7189
-82.503
-82.2934
-82.0898
-81.8918
-81.699
-81.5112
-81.3281
-81.1493
-80.9745
-80.8036
-80.6362
-80.472
-80.3109
-80.1525
-79.9967
-79.8432
-79.6917
-79.5421
-79.3941
-79.2474
-79.102
-78.9575
-78.8138
-78.6705
-78.5276
-78.3846
-78.2415
-78.0979
-77.9537
-77.8084
-77.6619
-77.5138
-77.3638
-77.2116
-77.0567
-76.8988
-76.7374
-76.572
-76.402
-76.2268
-76.0456
-75.8578
-75.6622
-75.4578
-75.2434
-75.0174
-74.778
-74.5231
-74.2498
-73.9548
-73.6339
-73.2816
-72.8905
-72.4507
-71.9484
-71.3631
-70.6639
-69.7998
-68.6802
-67.1238
-64.6961
-60.001
-45.4089
26.8577
47.7327
24.5259
-11.4549
-24.9468
-38.6216
-65.9921
-93.7306
-94.9212
-94.9475
-94.9024
-94.8066
-94.6356
-94.3652
-93.9885
-93.5213
-92.992
-92.4302
-91.8592
-91.2945
-90.7452
-90.2162
-89.7095
-89.2256
-88.7642
-88.3247
-87.9059
-87.5069
-87.1268
-86.7645
-86.419
-86.0894
-85.7748
-85.4745
-85.1877
-84.9135
-84.6514
-84.4007
-84.1608
-83.931
-83.7109
-83.4999
-83.2975
-83.1033
-82.9169
-82.7378
-82.5656
-82.4
-82.2407
-82.0873
-81.9395
-81.797
-81.6595
-81.5268
-81.3987
-81.2749
-81.1551
-81.0392
-80.927
-80.8183
-80.7129
-80.6106
-80.5113
-80.4149
-80.321
-80.2298
-80.1409
-80.0543
-79.9698
-79.8873
-79.8068
-79.7281
-79.6511
-79.5757
-79.5018
-79.4294
-79.3583
-79.2885
-79.2198
-79.1522
-79.0857
-79.0201
-78.9554
-78.8914
-78.8283
-78.7658
-78.7038
-78.6425
-78.5816
-78.5211
-78.461
-78.4012
-78.3415
-78.2821
-78.2228
-78.1635
-78.1042
-78.0448
-77.9852
-77.9255
-77.8655
-77.8052
-77.7444
-77.6832
-77.6215
-77.5591
-77.496
-77.4321
-77.3674
-77.3018
-77.2351
-77.1672
-77.0982
-77.0277
-76.9559
-76.8824
-76.8072
-76.7302
-76.6512
-76.57
-76.4864
-76.4003
-76.3115
-76.2196
-76.1245
-76.0259
-75.9234
-75.8168
-75.7055
-75.5892
-75.4674
-75.3395
-75.2048
-75.0626
-74.9121
-74.7521
-74.5815
-74.399
-74.2026
-73.9905
-73.76
-73.5079
-73.2303
-72.9219
-72.5758
-72.1827
-71.7297
-71.1979
-70.5588
-69.7661
-68.739
-67.3196
-65.1424
-61.1056
-49.8281
9.28363
49.6968
39.0076
-1.45864
-16.3547
-30.1489
-46.6594
-82.2864
-94.6446
-94.9487
-94.9226
-94.843
-94.6916
-94.4381
-94.0681
-93.5941
-93.0468
-92.4603
-91.8619
-91.2699
-90.6949
-90.1425
-89.615
-89.113
-88.6359
-88.1831
-87.7533
-87.3455
-86.9583
-86.5908
-86.2418
-85.9103
-85.5952
-85.2958
-85.011
-84.7401
-84.4824
-84.237
-84.0033
-83.7807
-83.5685
-83.3662
-83.1732
-82.9891
-82.8133
-82.6455
-82.4852
-82.332
-82.1855
-82.0455
-81.9115
-81.7833
-81.6605
-81.5429
-81.4303
-81.3224
-81.2189
-81.1197
-81.0246
-80.9333
-80.8457
-80.7616
-80.6808
-80.6032
-80.5287
-80.4571
-80.3882
-80.322
-80.2583
-80.1971
-80.1381
-80.0814
-80.0268
-79.9742
-79.9235
-79.8747
-79.8277
-79.7823
-79.7386
-79.6965
-79.6558
-79.6166
-79.5788
-79.5422
-79.5069
-79.4729
-79.44
-79.4082
-79.3774
-79.3477
-79.3189
-79.2911
-79.2641
-79.238
-79.2128
-79.1883
-79.1645
-79.1414
-79.1191
-79.0973
-79.0762
-79.0556
-79.0356
-79.0161
-78.9971
-78.9786
-78.9605
-78.9429
-78.9256
-78.9087
-78.8922
-78.876
-78.86
-78.8444
-78.829
-78.8138
-78.7989
-78.7842
-78.7696
-78.7552
-78.7409
-78.7268
-78.7128
-78.6988
-78.685
-78.6711
-78.6573
-78.6436
-78.6298
-78.616
-78.6022
-78.5883
-78.5744
-78.5604
-78.5463
-78.5321
-78.5178
-78.5034
-78.4888
-78.474
-78.4591
-78.444
-78.4287
-78.4131
-78.3973
-78.3813
-78.365
-78.3484
-78.3315
-78.3143
-78.2968
-78.279
-78.2608
-78.2423
-78.2233
-78.204
-78.1843
-78.1641
-78.1435
-78.1224
-78.1008
-78.0788
-78.0562
-78.0331
-78.0095
-77.9853
-77.9605
-77.9351
-77.9091
-77.8824
-77.8551
-77.827
-77.7983
-77.7688
-77.7385
-77.7074
-77.6755
-77.6428
-77.6092
-77.5746
-77.5391
-77.5026
-77.4651
-77.4265
-77.3868
-77.3459
-77.3038
-77.2605
-77.2159
-77.1699
-77.1225
-77.0735
-77.0231
-76.9709
-76.9171
-76.8615
-76.8039
-76.7444
-76.6827
-76.6188
-76.5525
-76.4838
-76.4124
-76.3381
-76.2608
-76.1804
-76.0964
-76.0088
-75.9172
-75.8212
-75.7207
-75.6151
-75.504
-75.387
-75.2633
-75.1324
-74.9935
-74.8458
-74.688
-74.5191
-74.3375
-74.1415
-73.9289
-73.6969
-73.4423
-73.1608
-72.847
-72.4934
-72.09
-71.6228
-71.0713
-70.4036
-69.5678
-68.4703
-66.922
-64.4605
-59.5459
-43.1861
31.85
46.5716
19.8809
-11.7953
-25.3099
-38.9007
-66.7338
-93.8886
-94.9287
-94.9418
-94.8886
-94.7788
-94.5841
-94.2784
-93.8558
-93.3343
-92.746
-92.1233
-91.4915
-90.8677
-90.262
-89.6797
-89.1232
-88.5932
-88.0894
-87.6107
-87.1563
-86.7249
-86.3152
-85.9262
-85.5566
-85.2054
-84.8714
-84.5539
-84.2517
-83.964
-83.69
-83.429
-83.1801
-82.9427
-82.7162
-82.4999
-82.2933
-82.0958
-81.907
-81.7262
-81.5532
-81.3875
-81.2286
-81.0763
-80.9301
-80.7897
-80.6549
-80.5253
-80.4007
-80.2808
-80.1653
-80.0541
-79.9468
-79.8434
-79.7436
-79.6471
-79.554
-79.4639
-79.3768
-79.2925
-79.2108
-79.1317
-79.0549
-78.9804
-78.9081
-78.8379
-78.7696
-78.7032
-78.6385
-78.5756
-78.5142
-78.4543
-78.3959
-78.3388
-78.283
-78.2285
-78.1751
-78.1228
-78.0715
-78.0211
-77.9717
-77.9231
-77.8754
-77.8283
-77.7819
-77.7362
-77.691
-77.6464
-77.6023
-77.5585
-77.5152
-77.4722
-77.4295
-77.387
-77.3447
-77.3026
-77.2605
-77.2185
-77.1765
-77.1344
-77.0923
-77.05
-77.0074
-76.9647
-76.9216
-76.8781
-76.8343
-76.7899
-76.745
-76.6995
-76.6533
-76.6063
-76.5586
-76.5099
-76.4603
-76.4097
-76.3578
-76.3047
-76.2503
-76.1945
-76.137
-76.0778
-76.0169
-75.9539
-75.8888
-75.8214
-75.7515
-75.6789
-75.6034
-75.5247
-75.4425
-75.3566
-75.2665
-75.172
-75.0726
-74.9678
-74.857
-74.7395
-74.6148
-74.4818
-74.3396
-74.1871
-74.0228
-73.845
-73.6518
-73.4406
-73.2082
-72.9507
-72.6631
-72.3386
-71.968
-71.5387
-71.0323
-70.4209
-69.6595
-68.6697
-67.2986
-65.1947
-61.3051
-50.5441
5.41105
49.7659
40.8207
1.42224
-14.8174
-28.4386
-43.3849
-76.6556
-94.4827
-94.9411
-94.9149
-94.8264
-94.6559
-94.3673
-93.9417
-93.3925
-92.756
-92.0731
-91.377
-90.6899
-90.0249
-89.3884
-88.7832
-88.2097
-87.6674
-87.1551
-86.6712
-86.2143
-85.7829
-85.3753
-84.9903
-84.6265
-84.2825
-83.9572
-83.6495
-83.3584
-83.0827
-82.8216
-82.5743
-82.3399
-82.1177
-81.9069
-81.7068
-81.517
-81.3367
-81.1655
-81.0029
-80.8483
-80.7014
-80.5617
-80.4288
-80.3024
-80.1822
-80.0678
-79.9589
-79.8553
-79.7567
-79.6629
-79.5736
-79.4887
-79.4079
-79.331
-79.258
-79.1886
-79.1227
-79.0601
-79.0007
-78.9444
-78.8911
-78.8406
-78.7929
-78.7478
-78.7052
-78.6652
-78.6275
-78.5922
-78.5591
-78.5281
-78.4992
-78.4724
-78.4476
-78.4247
-78.4036
-78.3843
-78.3668
-78.3511
-78.3369
-78.3244
-78.3135
-78.3041
-78.2962
-78.2898
-78.2848
-78.2812
-78.2789
-78.278
-78.2783
-78.2799
-78.2827
-78.2867
-78.2918
-78.2981
-78.3055
-78.3139
-78.3234
-78.3338
-78.3453
-78.3577
-78.3711
-78.3853
-78.4004
-78.4164
-78.4332
-78.4508
-78.4691
-78.4882
-78.508
-78.5285
-78.5496
-78.5714
-78.5938
-78.6167
-78.6403
-78.6643
-78.6889
-78.714
-78.7395
-78.7655
-78.7918
-78.8186
-78.8457
-78.8732
-78.901
-78.9291
-78.9574
-78.9861
-79.0149
-79.0439
-79.0732
-79.1026
-79.1321
-79.1618
-79.1916
-79.2214
-79.2514
-79.2813
-79.3113
-79.3413
-79.3713
-79.4013
-79.4312
-79.4611
-79.4909
-79.5205
-79.5501
-79.5796
-79.6089
-79.6381
-79.6671
-79.6959
-79.7246
-79.753
-79.7812
-79.8092
-79.837
-79.8645
-79.8917
-79.9187
-79.9454
-79.9719
-79.998
-80.0238
-80.0493
-80.0744
-80.0993
-80.1238
-80.148
-80.1718
-80.1953
-80.2184
-80.2411
-80.2635
-80.2855
-80.3071
-80.3284
-80.3492
-80.3697
-80.3898
-80.4095
-80.4287
-80.4476
-80.4661
-80.4842
-80.5018
-80.5191
-80.5359
-80.5523
-80.5684
-80.584
-80.5992
-80.6139
-80.6283
-80.6423
-80.6558
-80.6689
-80.6817
-80.694
-80.7058
-80.7173
-80.7284
-80.739
-80.7493
-80.7591
-80.7685
-80.7776
-80.7862
-80.7944
-80.8022
-80.8096
-80.8167
-80.8233
-80.8295
-80.8354
-80.8408
-80.8459
-80.8506
-80.8549
-80.8588
-80.8624
-80.8655
-80.8683
-80.8708
-80.8728
-80.8745
-80.8758
-80.8768
-80.8773
-80.8776
-80.8775
-80.877
-80.8762
-80.875
-80.8734
-80.8716
-80.8694
-80.8668
-80.8639
-80.8607
-80.8571
-80.8532
-80.849
-80.8445
-80.8396
-80.8344
-80.8289
-80.823
-80.8169
-80.8104
-80.8036
-80.7965
-80.7891
-80.7814
-80.7734
-80.7651
-80.7565
-80.7476
-80.7383
-80.7288
-80.719
-80.7089
-80.6985
-80.6878
-80.6769
-80.6656
-80.654
-80.6422
-80.6301
-80.6177
-80.605
-80.592
-80.5788
-80.5652
-80.5514
-80.5373
-80.5229
-80.5083
-80.4933
-80.4781
-80.4627
-80.4469
-80.4309
-80.4146
-80.398
-80.3811
-80.364
-80.3466
-80.3289
-80.3109
-80.2927
-80.2741
-80.2553
-80.2363
-80.2169
-80.1973
-80.1773
-80.1571
-80.1366
-80.1159
-80.0948
-80.0734
-80.0518
-80.0298
-80.0076
-79.9851
-79.9622
-79.9391
-79.9157
-79.8919
-79.8679
-79.8435
-79.8188
-79.7938
-79.7685
-79.7428
-79.7169
-79.6905
-79.6639
-79.6369
-79.6095
-79.5818
-79.5538
-79.5253
-79.4965
-79.4674
-79.4378
-79.4079
-79.3776
-79.3468
-79.3156
-79.2841
-79.2521
-79.2196
-79.1868
-79.1534
-79.1196
-79.0853
-79.0506
-79.0153
-78.9795
-78.9432
-78.9064
-78.869
-78.8311
-78.7925
-78.7534
-78.7136
-78.6733
-78.6322
-78.5905
-78.5481
-78.505
-78.4612
-78.4166
-78.3712
-78.3249
-78.2778
-78.2299
-78.181
-78.1312
-78.0804
-78.0286
-77.9757
-77.9217
-77.8666
-77.8102
-77.7526
-77.6937
-77.6334
-77.5716
-77.5083
-77.4434
-77.3768
-77.3085
-77.2383
-77.1661
-77.0918
-77.0153
-76.9365
-76.8552
-76.7712
-76.6844
-76.5945
-76.5014
-76.4049
-76.3045
-76.2002
-76.0914
-75.978
-75.8593
-75.735
-75.6046
-75.4673
-75.3226
-75.1695
-75.0071
-74.8343
-74.6498
-74.4518
-74.2385
-74.0076
-73.756
-73.4799
-73.1748
-72.8342
-72.4498
-72.0099
-71.4978
-70.8886
-70.1427
-69.1923
-67.909
-66.0091
-62.6952
-54.5088
-15.4619
48.9143
44.2842
11.1759
-12.0751
-25.4339
-39.0786
-67.2943
-94.0056
-94.9353
-94.9248
-94.846
-94.6894
-94.4149
-93.9949
-93.4338
-92.7647
-92.031
-91.2708
-90.5113
-89.7696
-89.0549
-88.3716
-87.7212
-87.1037
-86.518
-85.9628
-85.4366
-84.9377
-84.4646
-84.0156
-83.5893
-83.1843
-82.7991
-82.4326
-82.0834
-81.7505
-81.4328
-81.1291
-80.8387
-80.5605
-80.2936
-80.0373
-79.7908
-79.5533
-79.3242
-79.1027
-78.8883
-78.6804
-78.4784
-78.2816
-78.0897
-77.902
-77.7181
-77.5375
-77.3596
-77.184
-77.0103
-76.8378
-76.6662
-76.4948
-76.3232
-76.1507
-75.9767
-75.8006
-75.6218
-75.4392
-75.2521
-75.0596
-74.8603
-74.6531
-74.4363
-74.2081
-73.9664
-73.7083
-73.4307
-73.1291
-72.7982
-72.4307
-72.0168
-71.5427
-70.9881
-70.3223
-69.4944
-68.4141
-66.899
-64.5093
-59.8103
-44.735
27.907
47.4123
22.9011
-11.8653
-25.4728
-39.0492
-67.0543
-93.8464
-94.911
-94.9184
-94.842
-94.6871
-94.4135
-93.9848
-93.3931
-92.6652
-91.8476
-90.9876
-90.1219
-89.275
-88.4609
-87.6865
-86.9545
-86.2649
-85.6166
-85.0075
-84.4355
-83.8983
-83.3936
-82.9191
-82.4728
-82.0526
-81.6568
-81.2835
-80.931
-80.598
-80.2828
-79.9842
-79.7009
-79.4318
-79.1758
-78.9319
-78.6991
-78.4767
-78.2636
-78.0593
-77.863
-77.6741
-77.4919
-77.3158
-77.1453
-76.9798
-76.8189
-76.662
-76.5087
-76.3586
-76.2111
-76.0658
-75.9223
-75.7801
-75.6388
-75.4979
-75.3569
-75.2152
-75.0724
-74.9278
-74.7808
-74.6306
-74.4766
-74.3176
-74.1528
-73.981
-73.8006
-73.6102
-73.4078
-73.1908
-72.9563
-72.7006
-72.419
-72.1051
-71.7505
-71.3435
-70.8674
-70.2971
-69.5926
-68.6859
-67.4481
-65.5965
-62.3511
-54.4844
-17.4884
48.3561
43.8581
10.0584
-12.1935
-25.5419
-39.179
-67.5389
-94.018
-94.9277
-94.9082
-94.811
-94.6189
-94.2841
-93.7759
-93.1044
-92.314
-91.4596
-90.5879
-89.7308
-88.9072
-88.1264
-87.3923
-86.7052
-86.0638
-85.4658
-84.9088
-84.39
-83.907
-83.4572
-83.0383
-82.6481
-82.2846
-81.9458
-81.63
-81.3356
-81.0611
-80.8051
-80.5665
-80.344
-80.1365
-79.9431
-79.7629
-79.5951
-79.4389
-79.2937
-79.1588
-79.0337
-78.9178
-78.8107
-78.7119
-78.6211
-78.5378
-78.4618
-78.3927
-78.3302
-78.2742
-78.2243
-78.1803
-78.1421
-78.1094
-78.0821
-78.06
-78.043
-78.0308
-78.0234
-78.0206
-78.0224
-78.0285
-78.0388
-78.0533
-78.0718
-78.0942
-78.1205
-78.1503
-78.1838
-78.2207
-78.261
-78.3045
-78.351
-78.4006
-78.453
-78.5082
-78.5661
-78.6264
-78.6891
-78.7541
-78.8213
-78.8904
-78.9615
-79.0344
-79.1089
-79.1849
-79.2624
-79.3412
-79.4211
-79.5022
-79.5842
-79.667
-79.7506
-79.8348
-79.9196
-80.0048
-80.0904
-80.1762
-80.2622
-80.3483
-80.4343
-80.5203
-80.6061
-80.6917
-80.777
-80.862
-80.9465
-81.0306
-81.1141
-81.1971
-81.2794
-81.361
-81.4419
-81.5221
-81.6015
-81.68
-81.7577
-81.8345
-81.9104
-81.9854
-82.0594
-82.1324
-82.2044
-82.2755
-82.3455
-82.4144
-82.4824
-82.5493
-82.6151
-82.6799
-82.7436
-82.8062
-82.8677
-82.9282
-82.9877
-83.046
-83.1033
-83.1595
-83.2147
-83.2688
-83.3218
-83.3738
-83.4248
-83.4748
-83.5237
-83.5716
-83.6185
-83.6644
-83.7093
-83.7533
-83.7962
-83.8382
-83.8793
-83.9194
-83.9586
-83.9969
-84.0343
-84.0708
-84.1064
-84.1411
-84.1749
-84.208
-84.2401
-84.2715
-84.302
-84.3317
-84.3607
-84.3888
-84.4162
-84.4428
-84.4687
-84.4938
-84.5182
-84.5419
-84.5649
-84.5872
-84.6088
-84.6297
-84.65
-84.6696
-84.6886
-84.7069
-84.7246
-84.7418
-84.7583
-84.7742
-84.7895
-84.8043
-84.8185
-84.8322
-84.8453
-84.8579
-84.87
-84.8815
-84.8925
-84.9031
-84.9131
-84.9227
-84.9318
-84.9404
-84.9486
-84.9563
-84.9636
-84.9704
-84.9769
-84.9829
-84.9885
-84.9937
-84.9985
-85.0029
-85.007
-85.0106
-85.0139
-85.0168
-85.0194
-85.0217
-85.0236
-85.0251
-85.0263
-85.0273
-85.0279
-85.0281
-85.0281
-85.0278
-85.0272
-85.0263
-85.0251
-85.0236
-85.0219
-85.0199
-85.0177
-85.0152
-85.0124
-85.0094
-85.0061
-85.0027
-84.9989
-84.995
-84.9908
-84.9864
-84.9818
-84.977
-84.972
-84.9668
-84.9614
-84.9558
-84.95
-84.944
-84.9378
-84.9315
-84.925
-84.9183
-84.9114
-84.9044
-84.8973
-84.8899
-84.8824
-84.8748
-84.867
-84.8591
-84.851
-84.8428
-84.8344
-84.826
-84.8174
-84.8086
-84.7998
-84.7908
-84.7817
-84.7725
-84.7632
-84.7537
-84.7442
-84.7345
-84.7248
-84.7149
-84.705
-84.6949
-84.6848
-84.6746
-84.6642
-84.6538
-84.6433
-84.6327
-84.6221
-84.6113
-84.6005
-84.5896
-84.5786
-84.5676
-84.5565
-84.5453
-84.534
-84.5227
-84.5113
-84.4999
-84.4884
-84.4768
-84.4652
-84.4535
-84.4418
-84.43
-84.4182
-84.4063
-84.3944
-84.3824
-84.3704
-84.3583
-84.3462
-84.334
-84.3218
-84.3096
-84.2973
-84.285
-84.2727
-84.2603
-84.2478
-84.2354
-84.2229
-84.2104
-84.1978
-84.1853
-84.1727
-84.16
-84.1474
-84.1347
-84.122
-84.1093
-84.0965
-84.0837
-84.0709
-84.0581
-84.0453
-84.0324
-84.0196
-84.0067
-83.9938
-83.9809
-83.9679
-83.955
-83.942
-83.929
-83.9161
-83.9031
-83.89
-83.877
-83.864
-83.851
-83.8379
-83.8249
-83.8118
-83.7987
-83.7857
-83.7726
-83.7595
-83.7464
-83.7333
-83.7202
-83.7071
-83.694
-83.6809
-83.6678
-83.6547
-83.6416
-83.6284
-83.6153
-83.6022
-83.5891
-83.576
-83.5629
-83.5498
-83.5367
-83.5236
-83.5105
-83.4974
-83.4843
-83.4712
-83.4581
-83.445
-83.4319
-83.4188
-83.4058
-83.3927
-83.3796
-83.3666
-83.3535
-83.3405
-83.3275
-83.3144
-83.3014
-83.2884
-83.2754
-83.2624
-83.2494
-83.2364
-83.2234
-83.2105
-83.1975
-83.1845
-83.1716
-83.1587
-83.1457
-83.1328
-83.1199
-83.107
-83.0941
-83.0813
-83.0684
-83.0556
-83.0427
-83.0299
-83.0171
-83.0042
-82.9914
-82.9786
-82.9659
-82.9531
-82.9403
-82.9276
-82.9148
-82.9021
-82.8894
-82.8767
-82.864
-82.8513
-82.8387
-82.826
-82.8134
-82.8008
-82.7881
-82.7755
-82.7629
-82.7503
-82.7378
-82.7252
-82.7127
-82.7001
-82.6876
-82.6751
-82.6626
-82.6501
-82.6377
-82.6252
-82.6128
-82.6003
-82.5879
-82.5755
-82.5631
-82.5507
-82.5384
-82.526
-82.5137
-82.5013
-82.489
-82.4767
-82.4644
-82.4521
-82.4399
-82.4276
-82.4154
-82.4031
-82.3909
-82.3787
-82.3665
-82.3543
-82.3422
-82.33
-82.3179
-82.3057
-82.2936
-82.2815
-82.2694
-82.2573
-82.2452
-82.2332
-82.2211
-82.2091
-82.1971
-82.1851
-82.1731
-82.1611
-82.1491
-82.1371
-82.1252
-82.1132
-82.1013
-82.0894
-82.0775
-82.0656
-82.0537
-82.0418
-82.03
-82.0181
-82.0063
-81.9945
-81.9826
-81.9708
-81.959
-81.9472
-81.9355
-81.9237
-81.9119
-81.9002
-81.8885
-81.8767
-81.865
-81.8533
-81.8416
-81.83
-81.8183
-81.8066
-81.795
-81.7833
-81.7717
-81.76
-81.7484
-81.7368
-81.7252
-81.7136
-81.702
-81.6904
-81.6789
-81.6673
-81.6558
-81.6442
-81.6327
-81.6212
-81.6097
-81.5982
-81.5866
-81.5752
-81.5637
-81.5522
-81.5407
-81.5292
-81.5178
-81.5063
-81.4949
-81.4834
-81.472
-81.4606
-81.4491
-81.4377
-81.4263
-81.4149
-81.4035
-81.3921
-81.3807
-81.3694
-81.358
-81.3466
-81.3352
-81.3239
-81.3125
-81.3012
-81.2898
-81.2785
-81.2671
-81.2558
-81.2444
-81.2331
-81.2218
-81.2104
-81.1991
-81.1878
-81.1765
-81.1652
-81.1538
-81.1425
-81.1312
-81.1199
-81.1086
-81.0973
-81.086
-81.0747
-81.0634
-81.0521
-81.0408
-81.0295
-81.0182
-81.0069
-80.9956
-80.9843
-80.973
-80.9617
-80.9504
-80.9391
-80.9278
-80.9164
-80.9051
-80.8938
-80.8825
-80.8712
-80.8599
-80.8486
-80.8372
-80.8259
-80.8146
-80.8032
-80.7919
-80.7805
-80.7692
-80.7578
-80.7464
-80.7351
-80.7237
-80.7123
-80.7009
-80.6895
-80.6782
-80.6668
-80.6553
-80.6439
-80.6325
-80.6211
-80.6096
-80.5982
-80.5867
-80.5752
-80.5638
-80.5523
-80.5408
-80.5293
-80.5177
-80.5062
-80.4947
-80.4831
-80.4715
-80.46
-80.4484
-80.4368
-80.4252
-80.4135
-80.4019
-80.3902
-80.3786
-80.3669
-80.3552
-80.3435
-80.3317
-80.32
-80.3082
-80.2964
-80.2846
-80.2728
-80.2609
-80.2491
-80.2372
-80.2253
-80.2134
-80.2015
-80.1895
-80.1775
-80.1655
-80.1535
-80.1415
-80.1294
-80.1173
-80.1052
-80.093
-80.0809
-80.0687
-80.0564
-80.0442
-80.0319
-80.0196
-80.0073
-79.9949
-79.9825
-79.9701
-79.9577
-79.9452
-79.9327
-79.9201
-79.9075
-79.8949
-79.8823
-79.8696
-79.8569
-79.8441
-79.8313
-79.8185
-79.8056
-79.7927
-79.7797
-79.7667
-79.7537
-79.7406
-79.7275
-79.7143
-79.7011
-79.6878
-79.6745
-79.6612
-79.6478
-79.6343
-79.6208
-79.6073
-79.5937
-79.58
-79.5663
-79.5525
-79.5386
-79.5248
-79.5108
-79.4968
-79.4827
-79.4686
-79.4544
-79.4401
-79.4258
-79.4114
-79.397
-79.3824
-79.3678
-79.3531
-79.3384
-79.3235
-79.3086
-79.2936
-79.2785
-79.2634
-79.2482
-79.2328
-79.2174
-79.2019
-79.1863
-79.1707
-79.1549
-79.139
-79.123
-79.1069
-79.0908
-79.0745
-79.0581
-79.0416
-79.0249
-79.0082
-78.9913
-78.9744
-78.9573
-78.9401
-78.9227
-78.9053
-78.8876
-78.8699
-78.852
-78.834
-78.8158
-78.7974
-78.7789
-78.7603
-78.7415
-78.7225
-78.7034
-78.6841
-78.6646
-78.645
-78.6251
-78.605
-78.5848
-78.5644
-78.5437
-78.5228
-78.5018
-78.4805
-78.459
-78.4372
-78.4152
-78.393
-78.3705
-78.3477
-78.3247
-78.3014
-78.2778
-78.2539
-78.2297
-78.2053
-78.1805
-78.1553
-78.1299
-78.1041
-78.0779
-78.0513
-78.0244
-77.9971
-77.9694
-77.9413
-77.9127
-77.8837
-77.8542
-77.8242
-77.7937
-77.7628
-77.7313
-77.6992
-77.6666
-77.6334
-77.5996
-77.5651
-77.53
-77.4941
-77.4576
-77.4203
-77.3823
-77.3434
-77.3036
-77.263
-77.2215
-77.179
-77.1355
-77.091
-77.0453
-76.9985
-76.9505
-76.9012
-76.8505
-76.7984
-76.7449
-76.6897
-76.6329
-76.5743
-76.5139
-76.4515
-76.387
-76.3202
-76.2511
-76.1794
-76.105
-76.0276
-75.9472
-75.8633
-75.7759
-75.6845
-75.5888
-75.4885
-75.3831
-75.2721
-75.1551
-75.0314
-74.9003
-74.7608
-74.6121
-74.4531
-74.2822
-74.0979
-73.8982
-73.6806
-73.442
-73.1786
-72.8854
-72.5558
-72.1807
-71.7479
-71.2393
-70.6275
-69.8683
-68.8842
-67.5229
-65.4284
-61.4871
-49.8029
9.32535
49.6989
38.9979
-1.49363
-16.3883
-30.1909
-46.7566
-82.4081
-94.6345
-94.9244
-94.8713
-94.7376
-94.4863
-94.0679
-93.4595
-92.6801
-91.7787
-90.8106
-89.821
-88.8416
-87.8913
-86.9804
-86.1133
-85.2914
-84.5139
-83.779
-83.0843
-82.4272
-81.8052
-81.2153
-80.6551
-80.1217
-79.6126
-79.1254
-78.6574
-78.2063
-77.7697
-77.3452
-76.9302
-76.5224
-76.119
-75.7172
-75.314
-74.906
-74.489
-74.0583
-73.6081
-73.1311
-72.6174
-72.0538
-71.4212
-70.6915
-69.8189
-68.724
-67.2527
-65.0506
-61.06
-50.224
5.93252
49.7432
40.0963
-0.569181
-15.9442
-29.7702
-46.0159
-81.3259
-94.5934
-94.9043
-94.8311
-94.6545
-94.3224
-93.77
-92.97
-91.9549
-90.7972
-89.5746
-88.3476
-87.1554
-86.0191
-84.948
-83.9442
-83.006
-82.1297
-81.3106
-80.5439
-79.8243
-79.1469
-78.5067
-77.8989
-77.3188
-76.7616
-76.2226
-75.697
-75.1796
-74.6649
-74.1468
-73.6179
-73.0696
-72.4905
-71.8656
-71.1735
-70.3823
-69.4401
-68.2556
-66.6459
-64.1737
-59.4444
-44.9939
26.2865
47.4996
22.1944
-12.8055
-26.7698
-40.3785
-70.2995
-94.1351
-94.9002
-94.8672
-94.7342
-94.4762
-94.0317
-93.3549
-92.4474
-91.361
-90.17
-88.944
-87.7344
-86.5729
-85.4761
-84.4507
-83.4973
-82.6133
-81.7944
-81.0357
-80.3318
-79.6775
-79.0677
-78.4975
-77.9625
-77.4582
-76.9805
-76.5255
-76.0895
-75.6687
-75.2596
-74.8583
-74.4611
-74.0638
-73.6617
-73.2495
-72.8206
-72.3671
-71.8783
-71.3398
-70.7308
-70.0197
-69.1552
-68.0458
-66.5088
-64.1061
-59.444
-45.1186
26.178
47.5462
22.605
-12.6342
-26.5396
-39.9695
-69.3639
-94.0823
-94.9033
-94.8743
-94.7477
-94.5004
-94.0725
-93.4193
-92.5438
-91.4984
-90.3575
-89.1896
-88.0446
-86.9527
-85.9293
-84.9799
-84.1046
-83.3003
-82.5625
-81.886
-81.2658
-80.6969
-80.1745
-79.6944
-79.2525
-78.8452
-78.4692
-78.1216
-77.7998
-77.5012
-77.2239
-76.9659
-76.7254
-76.5009
-76.2912
-76.0949
-75.911
-75.7385
-75.5766
-75.4246
-75.2817
-75.1474
-75.0211
-74.9024
-74.7908
-74.6862
-74.588
-74.4962
-74.4104
-74.3305
-74.2565
-74.1882
-74.1255
-74.0684
-74.017
-73.9713
-73.9314
-73.8973
-73.8693
-73.8474
-73.832
-73.8232
-73.8213
-73.8264
-73.839
-73.8594
-73.8878
-73.9245
-73.9699
-74.0243
-74.0879
-74.1611
-74.2441
-74.3369
-74.4398
-74.5527
-74.6757
-74.8086
-74.9514
-75.1037
-75.2651
-75.4353
-75.6137
-75.7998
-75.9929
-76.1924
-76.3976
-76.6077
-76.8219
-77.0396
-77.26
-77.4824
-77.7062
-77.9305
-78.1549
-78.3788
-78.6017
-78.8231
-79.0425
-79.2596
-79.4741
-79.6857
-79.8941
-80.099
-80.3004
-80.4981
-80.6919
-80.8817
-81.0676
-81.2494
-81.4271
-81.6008
-81.7703
-81.9358
-82.0972
-82.2547
-82.4081
-82.5577
-82.7034
-82.8453
-82.9835
-83.1181
-83.2491
-83.3766
-83.5006
-83.6214
-83.7388
-83.8531
-83.9642
-84.0723
-84.1775
-84.2798
-84.3792
-84.476
-84.57
-84.6615
-84.7504
-84.8369
-84.921
-85.0027
-85.0822
-85.1595
-85.2346
-85.3077
-85.3787
-85.4477
-85.5148
-85.58
-85.6434
-85.705
-85.7649
-85.823
-85.8796
-85.9345
-85.9879
-86.0397
-86.0901
-86.139
-86.1866
-86.2327
-86.2775
-86.321
-86.3632
-86.4042
-86.444
-86.4826
-86.5201
-86.5564
-86.5916
-86.6258
-86.6589
-86.691
-86.7221
-86.7522
-86.7814
-86.8096
-86.837
-86.8634
-86.889
-86.9137
-86.9377
-86.9608
-86.9831
-87.0047
-87.0255
-87.0456
-87.0649
-87.0836
-87.1015
-87.1188
-87.1355
-87.1515
-87.1668
-87.1816
-87.1958
-87.2093
-87.2223
-87.2348
-87.2467
-87.258
-87.2689
-87.2792
-87.289
-87.2984
-87.3072
-87.3156
-87.3235
-87.331
-87.3381
-87.3447
-87.3509
-87.3567
-87.3621
-87.3671
-87.3717
-87.3759
-87.3798
-87.3833
-87.3865
-87.3893
-87.3918
-87.394
-87.3958
-87.3974
-87.3986
-87.3996
-87.4002
-87.4006
-87.4007
-87.4005
-87.4
-87.3993
-87.3983
-87.3971
-87.3957
-87.394
-87.3921
-87.3899
-87.3876
-87.385
-87.3822
-87.3792
-87.376
-87.3726
-87.3691
-87.3653
-87.3614
-87.3572
-87.353
-87.3485
-87.3439
-87.3391
-87.3342
-87.3291
-87.3238
-87.3185
-87.3129
-87.3073
-87.3015
-87.2956
-87.2895
-87.2834
-87.2771
-87.2707
-87.2642
-87.2575
-87.2508
-87.244
-87.237
-87.23
-87.2228
-87.2156
-87.2083
-87.2009
-87.1934
-87.1858
-87.1782
-87.1704
-87.1626
-87.1547
-87.1468
-87.1388
-87.1307
-87.1225
-87.1143
-87.106
-87.0977
-87.0893
-87.0808
-87.0723
-87.0638
-87.0552
-87.0465
-87.0378
-87.0291
-87.0203
-87.0115
-87.0027
-86.9938
-86.9848
-86.9759
-86.9669
-86.9578
-86.9488
-86.9397
-86.9306
-86.9214
-86.9123
-86.9031
-86.8939
-86.8846
-86.8754
-86.8661
-86.8568
-86.8475
-86.8382
-86.8288
-86.8195
-86.8101
-86.8007
-86.7913
-86.782
-86.7725
-86.7631
-86.7537
-86.7443
-86.7349
-86.7254
-86.716
-86.7066
-86.6971
-86.6877
-86.6782
-86.6688
-86.6594
-86.6499
-86.6405
-86.631
-86.6216
-86.6122
-86.6028
-86.5933
-86.5839
-86.5745
-86.5651
-86.5558
-86.5464
-86.537
-86.5276
-86.5183
-86.509
-86.4996
-86.4903
-86.481
-86.4717
-86.4624
-86.4532
-86.4439
-86.4347
-86.4255
-86.4163
-86.4071
-86.3979
-86.3887
-86.3796
-86.3704
-86.3613
-86.3522
-86.3431
-86.3341
-86.325
-86.316
-86.307
-86.298
-86.2891
-86.2801
-86.2712
-86.2623
-86.2534
-86.2445
-86.2357
-86.2269
-86.2181
-86.2093
-86.2005
-86.1918
-86.1831
-86.1744
-86.1657
-86.157
-86.1484
-86.1398
-86.1312
-86.1227
-86.1141
-86.1056
-86.0971
-86.0887
-86.0802
-86.0718
-86.0634
-86.0551
-86.0467
-86.0384
-86.0301
-86.0218
-86.0136
-86.0054
-85.9972
-85.989
-85.9808
-85.9727
-85.9646
-85.9566
-85.9485
-85.9405
-85.9325
-85.9245
-85.9166
-85.9087
-85.9008
-85.8929
-85.8851
-85.8773
-85.8695
-85.8617
-85.854
-85.8463
-85.8386
-85.8309
-85.8233
-85.8157
-85.8081
-85.8006
-85.793
-85.7855
-85.7781
-85.7706
-85.7632
-85.7558
-85.7484
-85.7411
-85.7338
-85.7265
-85.7192
-85.712
-85.7048
-85.6976
-85.6904
-85.6833
-85.6762
-85.6691
-85.662
-85.655
-85.648
-85.641
-85.6341
-85.6271
-85.6202
-85.6134
-85.6065
-85.5997
-85.5929
-85.5861
-85.5794
-85.5727
-85.566
-85.5593
-85.5527
-85.5461
-85.5395
-85.5329
-85.5264
-85.5199
-85.5134
-85.5069
-85.5005
-85.4941
-85.4877
-85.4813
-85.475
-85.4687
-85.4624
-85.4561
-85.4499
-85.4437
-85.4375
-85.4314
-85.4252
-85.4191
-85.413
-85.407
-85.4009
-85.3949
-85.3889
-85.383
-85.377
-85.3711
-85.3652
-85.3594
-85.3535
-85.3477
-85.3419
-85.3362
-85.3304
-85.3247
-85.319
-85.3133
-85.3077
-85.3021
-85.2965
-85.2909
-85.2853
-85.2798
-85.2743
-85.2688
-85.2634
-85.2579
-85.2525
-85.2471
-85.2418
-85.2364
-85.2311
-85.2258
-85.2205
-85.2153
-85.2101
-85.2048
-85.1997
-85.1945
-85.1894
-85.1842
-85.1791
-85.1741
-85.169
-85.164
-85.159
-85.154
-85.149
-85.1441
-85.1392
-85.1343
-85.1294
-85.1245
-85.1197
-85.1149
-85.1101
-85.1053
-85.1006
-85.0959
-85.0912
-85.0865
-85.0818
-85.0772
-85.0725
-85.0679
-85.0634
-85.0588
-85.0543
-85.0497
-85.0452
-85.0408
-85.0363
-85.0319
-85.0274
-85.023
-85.0187
-85.0143
-85.01
-85.0056
-85.0013
-84.9971
-84.9928
-84.9886
-84.9843
-84.9801
-84.976
-84.9718
-84.9677
-84.9635
-84.9594
-84.9553
-84.9513
-84.9472
-84.9432
-84.9392
-84.9352
-84.9312
-84.9272
-84.9233
-84.9194
-84.9155
-84.9116
-84.9077
-84.9039
-84.9
-84.8962
-84.8924
-84.8887
-84.8849
-84.8812
-84.8774
-84.8737
-84.87
-84.8664
-84.8627
-84.8591
-84.8554
-84.8518
-84.8483
-84.8447
-84.8411
-84.8376
-84.8341
-84.8306
-84.8271
-84.8236
-84.8202
-84.8167
-84.8133
-84.8099
-84.8065
-84.8032
-84.7998
-84.7965
-84.7932
-84.7899
-84.7866
-84.7833
-84.78
-84.7768
-84.7736
-84.7704
-84.7672
-84.764
-84.7608
-84.7577
-84.7545
-84.7514
-84.7483
-84.7452
-84.7421
-84.7391
-84.736
-84.733
-84.73
-84.727
-84.724
-84.721
-84.7181
-84.7151
-84.7122
-84.7093
-84.7064
-84.7035
-84.7006
-84.6978
-84.6949
-84.6921
-84.6893
-84.6865
-84.6837
-84.6809
-84.6782
-84.6754
-84.6727
-84.67
-84.6673
-84.6646
-84.6619
-84.6592
-84.6566
-84.6539
-84.6513
-84.6487
-84.6461
-84.6435
-84.6409
-84.6384
-84.6358
-84.6333
-84.6308
-84.6282
-84.6258
-84.6233
-84.6208
-84.6183
-84.6159
-84.6134
-84.611
-84.6086
-84.6062
-84.6038
-84.6014
-84.5991
-84.5967
-84.5944
-84.5921
-84.5897
-84.5874
-84.5851
-84.5829
-84.5806
-84.5783
-84.5761
-84.5738
-84.5716
-84.5694
-84.5672
-84.565
-84.5628
-84.5607
-84.5585
-84.5564
-84.5542
-84.5521
-84.55
-84.5479
-84.5458
-84.5437
-84.5416
-84.5396
-84.5375
-84.5355
-84.5335
-84.5315
-84.5294
-84.5274
-84.5255
-84.5235
-84.5215
-84.5196
-84.5176
-84.5157
-84.5137
-84.5118
-84.5099
-84.508
-84.5061
-84.5043
-84.5024
-84.5005
-84.4987
-84.4968
-84.495
-84.4932
-84.4914
-84.4896
-84.4878
-84.486
-84.4842
-84.4824
-84.4807
-84.4789
-84.4772
-84.4755
-84.4738
-84.472
-84.4703
-84.4686
-84.467
-84.4653
-84.4636
-84.4619
-84.4603
-84.4587
-84.457
-84.4554
-84.4538
-84.4522
-84.4506
-84.449
-84.4474
-84.4458
-84.4442
-84.4427
-84.4411
-84.4396
-84.4381
-84.4365
-84.435
-84.4335
-84.432
-84.4305
-84.429
-84.4275
-84.4261
-84.4246
-84.4231
-84.4217
-84.4202
-84.4188
-84.4174
-84.416
-84.4146
-84.4131
-84.4118
-84.4104
-84.409
-84.4076
-84.4062
-84.4049
-84.4035
-84.4022
-84.4008
-84.3995
-84.3982
-84.3969
-84.3955
-84.3942
-84.3929
-84.3916
-84.3904
-84.3891
-84.3878
-84.3866
-84.3853
-84.384
-84.3828
-84.3816
-84.3803
-84.3791
-84.3779
-84.3767
-84.3755
-84.3743
-84.3731
-84.3719
-84.3707
-84.3695
-84.3684
-84.3672
-84.366
-84.3649
-84.3637
-84.3626
-84.3615
-84.3603
-84.3592
-84.3581
-84.357
-84.3559
-84.3548
-84.3537
-84.3526
-84.3515
-84.3505
-84.3494
-84.3483
-84.3473
-84.3462
-84.3452
-84.3441
-84.3431
-84.3421
-84.3411
-84.34
-84.339
-84.338
-84.337
-84.336
-84.335
-84.334
-84.333
-84.3321
-84.3311
-84.3301
-84.3292
-84.3282
-84.3273
-84.3263
-84.3254
-84.3244
-84.3235
-84.3226
-84.3217
-84.3207
-84.3198
-84.3189
-84.318
-84.3171
-84.3162
-84.3153
-84.3144
-84.3136
-84.3127
-84.3118
-84.3109
-84.3101
-84.3092
-84.3084
-84.3075
-84.3067
-84.3058
-84.305
-84.3042
-84.3034
-84.3025
-84.3017
-84.3009
-84.3001
-84.2993
-84.2985
-84.2977
-84.2969
-84.2961
-84.2953
-84.2945
-84.2938
-84.293
-84.2922
-84.2914
-84.2907
-84.2899
-84.2892
-84.2884
-84.2877
-84.2869
-84.2862
-84.2855
-84.2847
-84.284
-84.2833
-84.2826
-84.2818
-84.2811
-84.2804
-84.2797
-84.279
-84.2783
-84.2776
-84.2769
-84.2762
-84.2756
-84.2749
-84.2742
-84.2735
-84.2728
-84.2722
-84.2715
-84.2708
-84.2702
-84.2695
-84.2689
-84.2682
-84.2676
-84.2669
-84.2663
-84.2657
-84.265
-84.2644
-84.2638
-84.2632
-84.2625
-84.2619
-84.2613
-84.2607
-84.2601
-84.2595
-84.2589
-84.2583
-84.2577
-84.2571
-84.2565
-84.2559
-84.2553
-84.2547
-84.2542
-84.2536
-84.253
-84.2524
-84.2519
-84.2513
-84.2507
-84.2502
-84.2496
-84.2491
-84.2485
-84.248
-84.2474
-84.2469
-84.2463
-84.2458
-84.2453
-84.2447
-84.2442
-84.2437
-84.2431
-84.2426
-84.2421
-84.2416
-84.2411
-84.2405
-84.24
-84.2395
-84.239
-84.2385
-84.238
-84.2375
-84.237
-84.2365
-84.236
-84.2355
-84.235
-84.2345
-84.2341
-84.2336
-84.2331
-84.2326
-84.2321
-84.2317
-84.2312
-84.2307
-84.2303
-84.2298
-84.2293
-84.2289
-84.2284
-84.2279
-84.2275
-84.227
-84.2266
-84.2261
-84.2257
-84.2252
-84.2248
-84.2244
-84.2239
-84.2235
-84.223
-84.2226
-84.2222
-84.2217
-84.2213
-84.2209
-84.2205
-84.22
-84.2196
-84.2192
-84.2188
-84.2184
-84.2179
-84.2175
-84.2171
-84.2167
-84.2163
-84.2159
-84.2155
-84.2151
-84.2147
-84.2143
-84.2139
-84.2135
-84.2131
-84.2127
-84.2123
-84.2119
-84.2115
-84.2111
-84.2108
-84.2104
-84.21
-84.2096
-84.2092
-84.2089
-84.2085
-84.2081
-84.2077
-84.2074
-84.207
-84.2066
-84.2062
-84.2059
-84.2055
-84.2052
-84.2048
-84.2044
-84.2041
-84.2037
-84.2034
-84.203
-84.2026
-84.2023
-84.2019
-84.2016
-84.2012
-84.2009
-84.2005
-84.2002
-84.1998
-84.1995
-84.1992
-84.1988
-84.1985
-84.1981
-84.1978
-84.1975
-84.1971
-84.1968
-84.1965
-84.1961
-84.1958
-84.1955
-84.1951
-84.1948
-84.1945
-84.1942
-84.1938
-84.1935
-84.1932
-84.1929
-84.1926
-84.1922
-84.1919
-84.1916
-84.1913
-84.191
-84.1906
-84.1903
-84.19
-84.1897
-84.1894
-84.1891
-84.1888
-84.1885
-84.1882
-84.1879
-84.1876
-84.1873
-84.1869
-84.1866
-84.1863
-84.186
-84.1857
-84.1854
-84.1851
-84.1848
-84.1846
-84.1843
-84.184
-84.1837
-84.1834
-84.1831
-84.1828
-84.1825
-84.1822
-84.1819
-84.1816
-84.1813
-84.1811
-84.1808
-84.1805
-84.1802
-84.1799
-84.1796
-84.1793
-84.1791
-84.1788
-84.1785
-84.1782
-84.1779
-84.1777
-84.1774
-84.1771
-84.1768
-84.1765
-84.1763
-84.176
-84.1757
-84.1754
-84.1752
-84.1749
-84.1746
-84.1744
-84.1741
-84.1738
-84.1735
-84.1733
-84.173
-84.1727
-84.1725
-84.1722
-84.1719
-84.1717
-84.1714
-84.1711
-84.1709
-84.1706
-84.1703
-84.1701
-84.1698
-84.1695
-84.1693
-84.169
-84.1688
-84.1685
-84.1682
-84.168
-84.1677
-84.1675
-84.1672
-84.1669
-84.1667
-84.1664
-84.1662
-84.1659
-84.1657
-84.1654
-84.1652
-84.1649
-84.1646
-84.1644
-84.1641
-84.1639
-84.1636
-84.1634
-84.1631
-84.1629
-84.1626
-84.1624
-84.1621
-84.1619
-84.1616
-84.1614
-84.1611
-84.1609
-84.1606
-84.1604
-84.1601
-84.1599
-84.1596
-84.1594
-84.1591
-84.1589
-84.1586
-84.1584
-84.1581
-84.1579
-84.1576
-84.1574
-84.1572
-84.1569
-84.1567
-84.1564
-84.1562
-84.1559
-84.1557
-84.1554
-84.1552
-84.155
-84.1547
-84.1545
-84.1542
-84.154
-84.1537
-84.1535
-84.1533
-84.153
-84.1528
-84.1525
-84.1523
-84.152
-84.1518
-84.1516
-84.1513
-84.1511
-84.1508
-84.1506
-84.1504
-84.1501
-84.1499
-84.1496
-84.1494
-84.1492
-84.1489
-84.1487
-84.1484
-84.1482
-84.148
-84.1477
-84.1475
-84.1472
-84.147
-84.1468
-84.1465
-84.1463
-84.1461
-84.1458
-84.1456
-84.1453
-84.1451
-84.1449
-84.1446
-84.1444
-84.1441
-84.1439
-84.1437
-84.1434
-84.1432
-84.143
-84.1427
-84.1425
-84.1422
-84.142
-84.1418
-84.1415
-84.1413
-84.1411
-84.1408
-84.1406
-84.1403
-84.1401
-84.1399
-84.1396
-84.1394
-84.1392
-84.1389
-84.1387
-84.1384
-84.1382
-84.138
-84.1377
-84.1375
-84.1373
-84.137
-84.1368
-84.1365
-84.1363
-84.1361
-84.1358
-84.1356
-84.1354
-84.1351
-84.1349
-84.1346
-84.1344
-84.1342
-84.1339
-84.1337
-84.1334
-84.1332
-84.133
-84.1327
-84.1325
-84.1322
-84.132
-84.1318
-84.1315
-84.1313
-84.1311
-84.1308
-84.1306
-84.1303
-84.1301
-84.1299
-84.1296
-84.1294
-84.1291
-84.1289
-84.1287
-84.1284
-84.1282
-84.1279
-84.1277
-84.1275
-84.1272
-84.127
-84.1267
-84.1265
-84.1262
-84.126
-84.1258
-84.1255
-84.1253
-84.125
-84.1248
-84.1246
-84.1243
-84.1241
-84.1238
-84.1236
-84.1233
-84.1231
-84.1229
-84.1226
-84.1224
-84.1221
-84.1219
-84.1216
-84.1214
-84.1211
-84.1209
-84.1207
-84.1204
-84.1202
-84.1199
-84.1197
-84.1194
-84.1192
-84.1189
-84.1187
-84.1184
-84.1182
-84.1179
-84.1177
-84.1175
-84.1172
-84.117
-84.1167
-84.1165
-84.1162
-84.116
-84.1157
-84.1155
-84.1152
-84.115
-84.1147
-84.1145
-84.1142
-84.114
-84.1137
-84.1135
-84.1132
-84.113
-84.1127
-84.1125
-84.1122
-84.112
-84.1117
-84.1115
-84.1112
-84.111
-84.1107
-84.1104
-84.1102
-84.1099
-84.1097
-84.1094
-84.1092
-84.1089
-84.1087
-84.1084
-84.1082
-84.1079
-84.1076
-84.1074
-84.1071
-84.1069
-84.1066
-84.1064
-84.1061
-84.1059
-84.1056
-84.1053
-84.1051
-84.1048
-84.1046
-84.1043
-84.104
-84.1038
-84.1035
-84.1033
-84.103
-84.1027
-84.1025
-84.1022
-84.102
-84.1017
-84.1014
-84.1012
-84.1009
-84.1007
-84.1004
-84.1001
-84.0999
-84.0996
-84.0993
-84.0991
-84.0988
-84.0985
-84.0983
-84.098
-84.0977
-84.0975
-84.0972
-84.097
-84.0967
-84.0964
-84.0962
-84.0959
-84.0956
-84.0953
-84.0951
-84.0948
-84.0945
-84.0943
-84.094
-84.0937
-84.0935
-84.0932
-84.0929
-84.0927
-84.0924
-84.0921
-84.0918
-84.0916
-84.0913
-84.091
-84.0907
-84.0905
-84.0902
-84.0899
-84.0897
-84.0894
-84.0891
-84.0888
-84.0886
-84.0883
-84.088
-84.0877
-84.0875
-84.0872
-84.0869
-84.0866
-84.0863
-84.0861
-84.0858
-84.0855
-84.0852
-84.0849
-84.0847
-84.0844
-84.0841
-84.0838
-84.0835
-84.0833
-84.083
-84.0827
-84.0824
-84.0821
-84.0819
-84.0816
-84.0813
-84.081
-84.0807
-84.0804
-84.0802
-84.0799
-84.0796
-84.0793
-84.079
-84.0787
-84.0784
-84.0782
-84.0779
-84.0776
-84.0773
-84.077
-84.0767
-84.0764
-84.0761
-84.0758
-84.0756
-84.0753
-84.075
-84.0747
-84.0744
-84.0741
-84.0738
-84.0735
-84.0732
-84.0729
-84.0726
-84.0723
-84.0721
-84.0718
-84.0715
-84.0712
-84.0709
-84.0706
-84.0703
-84.07
-84.0697
-84.0694
-84.0691
-84.0688
-84.0685
-84.0682
-84.0679
-84.0676
-84.0673
-84.067
-84.0667
-84.0664
-84.0661
-84.0658
-84.0655
-84.0652
-84.0649
-84.0646
-84.0643
-84.064
-84.0637
-84.0634
-84.0631
-84.0628
-84.0625
-84.0622
-84.0619
-84.0616
-84.0613
-84.0609
-84.0606
-84.0603
-84.06
-84.0597
-84.0594
-84.0591
-84.0588
-84.0585
-84.0582
-84.0579
-84.0576
-84.0572
-84.0569
-84.0566
-84.0563
-84.056
-84.0557
-84.0554
-84.0551
-84.0548
-84.0544
-84.0541
-84.0538
-84.0535
-84.0532
-84.0529
-84.0525
-84.0522
-84.0519
-84.0516
-84.0513
-84.051
-84.0506
-84.0503
-84.05
-84.0497
-84.0494
-84.0491
-84.0487
-84.0484
-84.0481
-84.0478
-84.0475
-84.0471
-84.0468
-84.0465
-84.0462
-84.0458
-84.0455
-84.0452
-84.0449
-84.0445
-84.0442
-84.0439
-84.0436
-84.0432
-84.0429
-84.0426
-84.0423
-84.0419
-84.0416
-84.0413
-84.0409
-84.0406
-84.0403
-84.04
-84.0396
-84.0393
-84.039
-84.0386
-84.0383
-84.038
-84.0376
-84.0373
-84.037
-84.0366
-84.0363
-84.036
-84.0356
-84.0353
-84.035
-84.0346
-84.0343
-84.034
-84.0336
-84.0333
-84.033
-84.0326
-84.0323
-84.0319
-84.0316
-84.0313
-84.0309
-84.0306
-84.0302
-84.0299
-84.0296
-84.0292
-84.0289
-84.0285
-84.0282
-84.0279
-84.0275
-84.0272
-84.0268
-84.0265
-84.0261
-84.0258
-84.0254
-84.0251
-84.0247
-84.0244
-84.0241
-84.0237
-84.0234
-84.023
-84.0227
-84.0223
-84.022
-84.0216
-84.0213
-84.0209
-84.0206
-84.0202
-84.0199
-84.0195
-84.0192
-84.0188
-84.0185
-84.0181
-84.0178
-84.0174
-84.017
-84.0167
-84.0163
-84.016
-84.0156
-84.0153
-84.0149
-84.0146
-84.0142
-84.0138
-84.0135
-84.0131
-84.0128
-84.0124
-84.0121
-84.0117
-84.0113
-84.011
-84.0106
-84.0103
-84.0099
-84.0095
-84.0092
-84.0088
-84.0084
-84.0081
-84.0077
-84.0074
-84.007
-84.0066
-84.0063
-84.0059
-84.0055
-84.0052
-84.0048
-84.0044
-84.0041
-84.0037
-84.0033
-84.003
-84.0026
-84.0022
-84.0019
-84.0015
-84.0011
-84.0008
-84.0004
-84
-83.9996
-83.9993
-83.9989
-83.9985
-83.9982
-83.9978
-83.9974
-83.997
-83.9967
-83.9963
-83.9959
-83.9955
-83.9952
-83.9948
-83.9944
-83.994
-83.9937
-83.9933
-83.9929
-83.9925
-83.9921
-83.9918
-83.9914
-83.991
-83.9906
-83.9902
-83.9899
-83.9895
-83.9891
-83.9887
-83.9883
-83.988
-83.9876
-83.9872
-83.9868
-83.9864
-83.986
-83.9857
-83.9853
-83.9849
-83.9845
-83.9841
-83.9837
-83.9834
-83.983
-83.9826
-83.9822
-83.9818
-83.9814
-83.981
-83.9806
-83.9802
-83.9799
-83.9795
-83.9791
-83.9787
-83.9783
-83.9779
-83.9775
-83.9771
-83.9767
-83.9763
-83.9759
-83.9756
-83.9752
-83.9748
-83.9744
-83.974
-83.9736
-83.9732
-83.9728
-83.9724
-83.972
-83.9716
-83.9712
-83.9708
-83.9704
-83.97
-83.9696
-83.9692
-83.9688
-83.9684
-83.968
-83.9676
-83.9672
-83.9668
-83.9664
-83.966
-83.9656
-83.9652
-83.9648
-83.9644
-83.964
-83.9636
-83.9632
-83.9628
-83.9624
-83.962
-83.9616
-83.9612
-83.9608
-83.9604
-83.9599
-83.9595
-83.9591
-83.9587
-83.9583
-83.9579
-83.9575
-83.9571
-83.9567
-83.9563
-83.9559
-83.9554
-83.955
-83.9546
-83.9542
-83.9538
-83.9534
-83.953
-83.9526
-83.9522
-83.9517
-83.9513
-83.9509
-83.9505
-83.9501
-83.9497
-83.9492
-83.9488
-83.9484
-83.948
-83.9476
-83.9472
-83.9467
-83.9463
-83.9459
-83.9455
-83.9451
-83.9447
-83.9442
-83.9438
-83.9434
-83.943
-83.9425
-83.9421
-83.9417
-83.9413
-83.9409
-83.9404
-83.94
-83.9396
-83.9392
-83.9387
-83.9383
-83.9379
-83.9375
-83.937
-83.9366
-83.9362
-83.9358
-83.9353
-83.9349
-83.9345
-83.9341
-83.9336
-83.9332
-83.9328
-83.9323
-83.9319
-83.9315
-83.931
-83.9306
-83.9302
-83.9298
-83.9293
-83.9289
-83.9285
-83.928
-83.9276
-83.9272
-83.9267
-83.9263
-83.9259
-83.9254
-83.925
-83.9246
-83.9241
-83.9237
-83.9232
-83.9228
-83.9224
-83.9219
-83.9215
-83.9211
-83.9206
-83.9202
-83.9197
-83.9193
-83.9189
-83.9184
-83.918
-83.9175
-83.9171
-83.9167
-83.9162
-83.9158
-83.9153
-83.9149
-83.9145
-83.914
-83.9136
-83.9131
-83.9127
-83.9122
-83.9118
-83.9113
-83.9109
-83.9105
-83.91
-83.9096
-83.9091
-83.9087
-83.9082
-83.9078
-83.9073
-83.9069
-83.9064
-83.906
-83.9055
-83.9051
-83.9046
-83.9042
-83.9037
-83.9033
-83.9028
-83.9024
-83.9019
-83.9015
-83.901
-83.9006
-83.9001
-83.8997
-83.8992
-83.8987
-83.8983
-83.8978
-83.8974
-83.8969
-83.8965
-83.896
-83.8956
-83.8951
-83.8946
-83.8942
-83.8937
-83.8933
-83.8928
-83.8924
-83.8919
-83.8914
-83.891
-83.8905
-83.8901
-83.8896
-83.8891
-83.8887
-83.8882
-83.8878
-83.8873
-83.8868
-83.8864
-83.8859
-83.8854
-83.885
-83.8845
-83.884
-83.8836
-83.8831
-83.8827
-83.8822
-83.8817
-83.8813
-83.8808
-83.8803
-83.8799
-83.8794
-83.8789
-83.8784
-83.878
-83.8775
-83.877
-83.8766
-83.8761
-83.8756
-83.8752
-83.8747
-83.8742
-83.8737
-83.8733
-83.8728
-83.8723
-83.8719
-83.8714
-83.8709
-83.8704
-83.87
-83.8695
-83.869
-83.8685
-83.8681
-83.8676
-83.8671
-83.8666
-83.8662
-83.8657
-83.8652
-83.8647
-83.8643
-83.8638
-83.8633
-83.8628
-83.8623
-83.8619
-83.8614
-83.8609
-83.8604
-83.8599
-83.8595
-83.859
-83.8585
-83.858
-83.8575
-83.8571
-83.8566
-83.8561
-83.8556
-83.8551
-83.8546
-83.8542
-83.8537
-83.8532
-83.8527
-83.8522
-83.8517
-83.8512
-83.8508
-83.8503
-83.8498
-83.8493
-83.8488
-83.8483
-83.8478
-83.8473
-83.8469
-83.8464
-83.8459
-83.8454
-83.8449
-83.8444
-83.8439
-83.8434
-83.8429
-83.8424
-83.8419
-83.8415
-83.841
-83.8405
-83.84
-83.8395
-83.839
-83.8385
-83.838
-83.8375
-83.837
-83.8365
-83.836
-83.8355
-83.835
-83.8345
-83.834
-83.8335
-83.833
-83.8325
-83.8321
-83.8316
-83.8311
-83.8306
-83.8301
-83.8296
-83.8291
-83.8286
-83.8281
-83.8276
-83.8271
-83.8266
-83.8261
-83.8256
-83.8251
-83.8246
-83.824
-83.8235
-83.823
-83.8225
-83.822
-83.8215
-83.821
-83.8205
-83.82
-83.8195
-83.819
-83.8185
-83.818
-83.8175
-83.817
-83.8165
-83.816
-83.8155
-83.815
-83.8145
-83.8139
-83.8134
-83.8129
-83.8124
-83.8119
-83.8114
-83.8109
-83.8104
-83.8099
-83.8094
-83.8088
-83.8083
-83.8078
-83.8073
-83.8068
-83.8063
-83.8058
-83.8053
-83.8047
-83.8042
-83.8037
-83.8032
-83.8027
-83.8022
-83.8017
-83.8011
-83.8006
-83.8001
-83.7996
-83.7991
-83.7986
-83.798
-83.7975
-83.797
-83.7965
-83.796
-83.7955
-83.7949
-83.7944
-83.7939
-83.7934
-83.7929
-83.7923
-83.7918
-83.7913
-83.7908
-83.7902
-83.7897
-83.7892
-83.7887
-83.7882
-83.7876
-83.7871
-83.7866
-83.7861
-83.7855
-83.785
-83.7845
-83.784
-83.7834
-83.7829
-83.7824
-83.7819
-83.7813
-83.7808
-83.7803
-83.7797
-83.7792
-83.7787
-83.7782
-83.7776
-83.7771
-83.7766
-83.776
-83.7755
-83.775
-83.7744
-83.7739
-83.7734
-83.7729
-83.7723
-83.7718
-83.7713
-83.7707
-83.7702
-83.7697
-83.7691
-83.7686
-83.7681
-83.7675
-83.767
-83.7665
-83.7659
-83.7654
-83.7648
-83.7643
-83.7638
-83.7632
-83.7627
-83.7622
-83.7616
-83.7611
-83.7605
-83.76
-83.7595
-83.7589
-83.7584
-83.7578
-83.7573
-83.7568
-83.7562
-83.7557
-83.7551
-83.7546
-83.7541
-83.7535
-83.753
-83.7524
-83.7519
-83.7514
-83.7508
-83.7503
-83.7497
-83.7492
-83.7486
-83.7481
-83.7475
-83.747
-83.7465
-83.7459
-83.7454
-83.7448
-83.7443
-83.7437
-83.7432
-83.7426
-83.7421
-83.7415
-83.741
-83.7404
-83.7399
-83.7393
-83.7388
-83.7382
-83.7377
-83.7371
-83.7366
-83.736
-83.7355
-83.7349
-83.7344
-83.7338
-83.7333
-83.7327
-83.7322
-83.7316
-83.7311
-83.7305
-83.73
-83.7294
-83.7288
-83.7283
-83.7277
-83.7272
-83.7266
-83.7261
-83.7255
-83.725
-83.7244
-83.7238
-83.7233
-83.7227
-83.7222
-83.7216
-83.7211
-83.7205
-83.7199
-83.7194
-83.7188
-83.7183
-83.7177
-83.7171
-83.7166
-83.716
-83.7155
-83.7149
-83.7143
-83.7138
-83.7132
-83.7127
-83.7121
-83.7115
-83.711
-83.7104
-83.7098
-83.7093
-83.7087
-83.7081
-83.7076
-83.707
-83.7064
-83.7059
-83.7053
-83.7047
-83.7042
-83.7036
-83.703
-83.7025
-83.7019
-83.7013
-83.7008
-83.7002
-83.6996
-83.6991
-83.6985
-83.6979
-83.6974
-83.6968
-83.6962
-83.6957
-83.6951
-83.6945
-83.6939
-83.6934
-83.6928
-83.6922
-83.6917
-83.6911
-83.6905
-83.6899
-83.6894
-83.6888
-83.6882
-83.6876
-83.6871
-83.6865
-83.6859
-83.6853
-83.6848
-83.6842
-83.6836
-83.683
-83.6825
-83.6819
-83.6813
-83.6807
-83.6802
-83.6796
-83.679
-83.6784
-83.6778
-83.6773
-83.6767
-83.6761
-83.6755
-83.6749
-83.6744
-83.6738
-83.6732
-83.6726
-83.672
-83.6715
-83.6709
-83.6703
-83.6697
-83.6691
-83.6686
-83.668
-83.6674
-83.6668
-83.6662
-83.6656
-83.6651
-83.6645
-83.6639
-83.6633
-83.6627
-83.6621
-83.6615
-83.661
-83.6604
-83.6598
-83.6592
-83.6586
-83.658
-83.6574
-83.6568
-83.6563
-83.6557
-83.6551
-83.6545
-83.6539
-83.6533
-83.6527
-83.6521
-83.6515
-83.651
-83.6504
-83.6498
-83.6492
-83.6486
-83.648
-83.6474
-83.6468
-83.6462
-83.6456
-83.645
-83.6444
-83.6439
-83.6433
-83.6427
-83.6421
-83.6415
-83.6409
-83.6403
-83.6397
-83.6391
-83.6385
-83.6379
-83.6373
-83.6367
-83.6361
-83.6355
-83.6349
-83.6343
-83.6337
-83.6331
-83.6325
-83.6319
-83.6313
-83.6307
-83.6301
-83.6295
-83.6289
-83.6283
-83.6277
-83.6271
-83.6265
-83.6259
-83.6253
-83.6247
-83.6241
-83.6235
-83.6229
-83.6223
-83.6217
-83.6211
-83.6205
-83.6199
-83.6193
-83.6187
-83.6181
-83.6175
-83.6169
-83.6163
-83.6157
-83.6151
-83.6145
-83.6139
-83.6133
-83.6126
-83.612
-83.6114
-83.6108
-83.6102
-83.6096
-83.609
-83.6084
-83.6078
-83.6072
-83.6066
-83.606
-83.6054
-83.6047
-83.6041
-83.6035
-83.6029
-83.6023
-83.6017
-83.6011
-83.6005
-83.5999
-83.5992
-83.5986
-83.598
-83.5974
-83.5968
-83.5962
-83.5956
-83.595
-83.5943
-83.5937
-83.5931
-83.5925
-83.5919
-83.5913
-83.5907
-83.59
-83.5894
-83.5888
-83.5882
-83.5876
-83.587
-83.5863
-83.5857
-83.5851
-83.5845
-83.5839
-83.5833
-83.5826
-83.582
-83.5814
-83.5808
-83.5802
-83.5796
-83.5789
-83.5783
-83.5777
-83.5771
-83.5765
-83.5758
-83.5752
-83.5746
-83.574
-83.5733
-83.5727
-83.5721
-83.5715
-83.5709
-83.5702
-83.5696
-83.569
-83.5684
-83.5677
-83.5671
-83.5665
-83.5659
-83.5653
-83.5646
-83.564
-83.5634
-83.5628
-83.5621
-83.5615
-83.5609
-83.5602
-83.5596
-83.559
-83.5584
-83.5577
-83.5571
-83.5565
-83.5559
-83.5552
-83.5546
-83.554
-83.5533
-83.5527
-83.5521
-83.5515
-83.5508
-83.5502
-83.5496
-83.5489
-83.5483
-83.5477
-83.547
-83.5464
-83.5458
-83.5451
-83.5445
-83.5439
-83.5432
-83.5426
-83.542
-83.5413
-83.5407
-83.5401
-83.5394
-83.5388
-83.5382
-83.5375
-83.5369
-83.5362
-83.5356
-83.535
-83.5343
-83.5337
-83.5331
-83.5324
-83.5318
-83.5312
-83.5305
-83.5299
-83.5292
-83.5286
-83.528
-83.5273
-83.5267
-83.526
-83.5254
-83.5248
-83.5241
-83.5235
-83.5228
-83.5222
-83.5215
-83.5209
-83.5203
-83.5196
-83.519
-83.5183
-83.5177
-83.517
-83.5164
-83.5158
-83.5151
-83.5145
-83.5138
-83.5132
-83.5125
-83.5119
-83.5112
-83.5106
-83.51
-83.5093
-83.5087
-83.508
-83.5074
-83.5067
-83.5061
-83.5054
-83.5048
-83.5041
-83.5035
-83.5028
-83.5022
-83.5015
-83.5009
-83.5002
-83.4996
-83.4989
-83.4983
-83.4976
-83.497
-83.4963
-83.4957
-83.495
-83.4944
-83.4937
-83.4931
-83.4924
-83.4918
-83.4911
-83.4905
-83.4898
-83.4891
-83.4885
-83.4878
-83.4872
-83.4865
-83.4859
-83.4852
-83.4846
-83.4839
-83.4833
-83.4826
-83.4819
-83.4813
-83.4806
-83.48
-83.4793
-83.4787
-83.478
-83.4773
-83.4767
-83.476
-83.4754
-83.4747
-83.474
-83.4734
-83.4727
-83.4721
-83.4714
-83.4707
-83.4701
-83.4694
-83.4688
-83.4681
-83.4674
-83.4668
-83.4661
-83.4654
-83.4648
-83.4641
-83.4635
-83.4628
-83.4621
-83.4615
-83.4608
-83.4601
-83.4595
-83.4588
-83.4581
-83.4575
-83.4568
-83.4562
-83.4555
-83.4548
-83.4542
-83.4535
-83.4528
-83.4522
-83.4515
-83.4508
-83.4502
-83.4495
-83.4488
-83.4481
-83.4475
-83.4468
-83.4461
-83.4455
-83.4448
-83.4441
-83.4435
-83.4428
-83.4421
-83.4415
-83.4408
-83.4401
-83.4394
-83.4388
-83.4381
-83.4374
-83.4367
-83.4361
-83.4354
-83.4347
-83.4341
-83.4334
-83.4327
-83.432
-83.4314
-83.4307
-83.43
-83.4293
-83.4287
-83.428
-83.4273
-83.4266
-83.426
-83.4253
-83.4246
-83.4239
-83.4233
-83.4226
-83.4219
-83.4212
-83.4205
-83.4199
-83.4192
-83.4185
-83.4178
-83.4172
-83.4165
-83.4158
-83.4151
-83.4144
-83.4138
-83.4131
-83.4124
-83.4117
-83.411
-83.4103
-83.4097
-83.409
-83.4083
-83.4076
-83.4069
-83.4063
-83.4056
-83.4049
-83.4042
-83.4035
-83.4028
-83.4022
-83.4015
-83.4008
-83.4001
-83.3994
-83.3987
-83.398
-83.3974
-83.3967
-83.396
-83.3953
-83.3946
-83.3939
-83.3932
-83.3926
-83.3919
-83.3912
-83.3905
-83.3898
-83.3891
-83.3884
-83.3877
-83.3871
-83.3864
-83.3857
-83.385
-83.3843
-83.3836
-83.3829
-83.3822
-83.3815
-83.3808
-83.3802
-83.3795
-83.3788
-83.3781
-83.3774
-83.3767
-83.376
-83.3753
-83.3746
-83.3739
-83.3732
-83.3725
-83.3719
-83.3712
-83.3705
-83.3698
-83.3691
-83.3684
-83.3677
-83.367
-83.3663
-83.3656
-83.3649
-83.3642
-83.3635
-83.3628
-83.3621
-83.3614
-83.3607
-83.36
-83.3593
-83.3586
-83.3579
-83.3572
-83.3565
-83.3558
-83.3551
-83.3545
-83.3538
-83.3531
-83.3524
-83.3517
-83.351
-83.3503
-83.3496
-83.3489
-83.3482
-83.3475
-83.3468
-83.3461
-83.3454
-83.3447
-83.3439
-83.3432
-83.3425
-83.3418
-83.3411
-83.3404
-83.3397
-83.339
-83.3383
-83.3376
-83.3369
-83.3362
-83.3355
-83.3348
-83.3341
-83.3334
-83.3327
-83.332
-83.3313
-83.3306
-83.3299
-83.3292
-83.3285
-83.3278
-83.3271
-83.3263
-83.3256
-83.3249
-83.3242
-83.3235
-83.3228
-83.3221
-83.3214
-83.3207
-83.32
-83.3193
-83.3186
-83.3179
-83.3171
-83.3164
-83.3157
-83.315
-83.3143
-83.3136
-83.3129
-83.3122
-83.3115
-83.3107
-83.31
-83.3093
-83.3086
-83.3079
-83.3072
-83.3065
-83.3058
-83.305
-83.3043
-83.3036
-83.3029
-83.3022
-83.3015
-83.3008
-83.3
-83.2993
-83.2986
-83.2979
-83.2972
-83.2965
-83.2957
-83.295
-83.2943
-83.2936
-83.2929
-83.2922
-83.2914
-83.2907
-83.29
-83.2893
-83.2886
-83.2878
-83.2871
-83.2864
-83.2857
-83.285
-83.2842
-83.2835
-83.2828
-83.2821
-83.2814
-83.2806
-83.2799
-83.2792
-83.2785
-83.2777
-83.277
-83.2763
-83.2756
-83.2749
-83.2741
-83.2734
-83.2727
-83.272
-83.2712
-83.2705
-83.2698
-83.2691
-83.2683
-83.2676
-83.2669
-83.2662
-83.2654
-83.2647
-83.264
-83.2632
-83.2625
-83.2618
-83.2611
-83.2603
-83.2596
-83.2589
-83.2582
-83.2574
-83.2567
-83.256
-83.2552
-83.2545
-83.2538
-83.253
-83.2523
-83.2516
-83.2509
-83.2501
-83.2494
-83.2487
-83.2479
-83.2472
-83.2465
-83.2457
-83.245
-83.2443
-83.2435
-83.2428
-83.2421
-83.2413
-83.2406
-83.2399
-83.2391
-83.2384
-83.2377
-83.2369
-83.2362
-83.2355
-83.2347
-83.234
-83.2332
-83.2325
-83.2318
-83.231
-83.2303
-83.2296
-83.2288
-83.2281
-83.2273
-83.2266
-83.2259
-83.2251
-83.2244
-83.2236
-83.2229
-83.2222
-83.2214
-83.2207
-83.2199
-83.2192
-83.2185
-83.2177
-83.217
-83.2162
-83.2155
-83.2148
-83.214
-83.2133
-83.2125
-83.2118
-83.211
-83.2103
-83.2096
-83.2088
-83.2081
-83.2073
-83.2066
-83.2058
-83.2051
-83.2044
-83.2036
-83.2029
-83.2021
-83.2014
-83.2006
-83.1999
-83.1991
-83.1984
-83.1976
-83.1969
-83.1961
-83.1954
-83.1946
-83.1939
-83.1932
-83.1924
-83.1917
-83.1909
-83.1902
-83.1894
-83.1887
-83.1879
-83.1872
-83.1864
-83.1857
-83.1849
-83.1842
-83.1834
-83.1827
-83.1819
-83.1811
-83.1804
-83.1796
-83.1789
-83.1781
-83.1774
-83.1766
-83.1759
-83.1751
-83.1744
-83.1736
-83.1729
-83.1721
-83.1714
-83.1706
-83.1698
-83.1691
-83.1683
-83.1676
-83.1668
-83.1661
-83.1653
-83.1646
-83.1638
-83.163
-83.1623
-83.1615
-83.1608
-83.16
-83.1592
-83.1585
-83.1577
-83.157
-83.1562
-83.1555
-83.1547
-83.1539
-83.1532
-83.1524
-83.1517
-83.1509
-83.1501
-83.1494
-83.1486
-83.1479
-83.1471
-83.1463
-83.1456
-83.1448
-83.144
-83.1433
-83.1425
-83.1418
-83.141
-83.1402
-83.1395
-83.1387
-83.1379
-83.1372
-83.1364
-83.1357
-83.1349
-83.1341
-83.1334
-83.1326
-83.1318
-83.1311
-83.1303
-83.1295
-83.1288
-83.128
-83.1272
-83.1265
-83.1257
-83.1249
-83.1242
-83.1234
-83.1226
-83.1219
-83.1211
-83.1203
-83.1196
-83.1188
-83.118
-83.1173
-83.1165
-83.1157
-83.1149
-83.1142
-83.1134
-83.1126
-83.1119
-83.1111
-83.1103
-83.1096
-83.1088
-83.108
-83.1072
-83.1065
-83.1057
-83.1049
-83.1042
-83.1034
-83.1026
-83.1018
-83.1011
-83.1003
-83.0995
-83.0987
-83.098
-83.0972
-83.0964
-83.0956
-83.0949
-83.0941
-83.0933
-83.0925
-83.0918
-83.091
-83.0902
-83.0894
-83.0887
-83.0879
-83.0871
-83.0863
-83.0856
-83.0848
-83.084
-83.0832
-83.0825
-83.0817
-83.0809
-83.0801
-83.0793
-83.0786
-83.0778
-83.077
-83.0762
-83.0755
-83.0747
-83.0739
-83.0731
-83.0723
-83.0715
-83.0708
-83.07
-83.0692
-83.0684
-83.0676
-83.0669
-83.0661
-83.0653
-83.0645
-83.0637
-83.0629
-83.0622
-83.0614
-83.0606
-83.0598
-83.059
-83.0582
-83.0575
-83.0567
-83.0559
-83.0551
-83.0543
-83.0535
-83.0527
-83.052
-83.0512
-83.0504
-83.0496
-83.0488
-83.048
-83.0472
-83.0464
-83.0457
-83.0449
-83.0441
-83.0433
-83.0425
-83.0417
-83.0409
-83.0401
-83.0393
-83.0385
-83.0378
-83.037
-83.0362
-83.0354
-83.0346
-83.0338
-83.033
-83.0322
-83.0314
-83.0306
-83.0298
-83.029
-83.0282
-83.0275
-83.0267
-83.0259
-83.0251
-83.0243
-83.0235
-83.0227
-83.0219
-83.0211
-83.0203
-83.0195
-83.0187
-83.0179
-83.0171
-83.0163
-83.0155
-83.0147
-83.0139
-83.0131
-83.0123
-83.0115
-83.0107
-83.0099
-83.0091
-83.0083
-83.0075
-83.0067
-83.0059
-83.0051
-83.0043
-83.0035
-83.0027
-83.0019
-83.0011
-83.0003
-82.9995
-82.9987
-82.9979
-82.9971
-82.9963
-82.9955
-82.9947
-82.9939
-82.9931
-82.9923
-82.9915
-82.9907
-82.9899
-82.9891
-82.9883
-82.9875
-82.9867
-82.9859
-82.9851
-82.9842
-82.9834
-82.9826
-82.9818
-82.981
-82.9802
-82.9794
-82.9786
-82.9778
-82.977
-82.9762
-82.9754
-82.9746
-82.9737
-82.9729
-82.9721
-82.9713
-82.9705
-82.9697
-82.9689
-82.9681
-82.9673
-82.9665
-82.9656
-82.9648
-82.964
-82.9632
-82.9624
-82.9616
-82.9608
-82.96
-82.9591
-82.9583
-82.9575
-82.9567
-82.9559
-82.9551
-82.9543
-82.9534
-82.9526
-82.9518
-82.951
-82.9502
-82.9494
-82.9485
-82.9477
-82.9469
-82.9461
-82.9453
-82.9445
-82.9436
-82.9428
-82.942
-82.9412
-82.9404
-82.9396
-82.9387
-82.9379
-82.9371
-82.9363
-82.9355
-82.9346
-82.9338
-82.933
-82.9322
-82.9314
-82.9305
-82.9297
-82.9289
-82.9281
-82.9272
-82.9264
-82.9256
-82.9248
-82.924
-82.9231
-82.9223
-82.9215
-82.9207
-82.9198
-82.919
-82.9182
-82.9174
-82.9165
-82.9157
-82.9149
-82.9141
-82.9132
-82.9124
-82.9116
-82.9108
-82.9099
-82.9091
-82.9083
-82.9075
-82.9066
-82.9058
-82.905
-82.9042
-82.9033
-82.9025
-82.9017
-82.9008
-82.9
-82.8992
-82.8984
-82.8975
-82.8967
-82.8959
-82.895
-82.8942
-82.8934
-82.8925
-82.8917
-82.8909
-82.8901
-82.8892
-82.8884
-82.8876
-82.8867
-82.8859
-82.8851
-82.8842
-82.8834
-82.8826
-82.8817
-82.8809
-82.8801
-82.8792
-82.8784
-82.8776
-82.8767
-82.8759
-82.8751
-82.8742
-82.8734
-82.8726
-82.8717
-82.8709
-82.8701
-82.8692
-82.8684
-82.8675
-82.8667
-82.8659
-82.865
-82.8642
-82.8634
-82.8625
-82.8617
-82.8609
-82.86
-82.8592
-82.8583
-82.8575
-82.8567
-82.8558
-82.855
-82.8541
-82.8533
-82.8525
-82.8516
-82.8508
-82.8499
-82.8491
-82.8483
-82.8474
-82.8466
-82.8457
-82.8449
-82.8441
-82.8432
-82.8424
-82.8415
-82.8407
-82.8398
-82.839
-82.8382
-82.8373
-82.8365
-82.8356
-82.8348
-82.8339
-82.8331
-82.8323
-82.8314
-82.8306
-82.8297
-82.8289
-82.828
-82.8272
-82.8263
-82.8255
-82.8246
-82.8238
-82.823
-82.8221
-82.8213
-82.8204
-82.8196
-82.8187
-82.8179
-82.817
-82.8162
-82.8153
-82.8145
-82.8136
-82.8128
-82.8119
-82.8111
-82.8102
-82.8094
-82.8085
-82.8077
-82.8068
-82.806
-82.8051
-82.8042
-82.8034
-82.8025
-82.8017
-82.8008
-82.8
-82.7991
-82.7983
-82.7974
-82.7966
-82.7957
-82.7949
-82.794
-82.7931
-82.7923
-82.7914
-82.7906
-82.7897
-82.7889
-82.788
-82.7871
-82.7863
-82.7854
-82.7846
-82.7837
-82.7829
-82.782
-82.7811
-82.7803
-82.7794
-82.7786
-82.7777
-82.7768
-82.776
-82.7751
-82.7742
-82.7734
-82.7725
-82.7717
-82.7708
-82.7699
-82.7691
-82.7682
-82.7673
-82.7665
-82.7656
-82.7648
-82.7639
-82.763
-82.7622
-82.7613
-82.7604
-82.7596
-82.7587
-82.7578
-82.757
-82.7561
-82.7552
-82.7544
-82.7535
-82.7526
-82.7518
-82.7509
-82.75
-82.7492
-82.7483
-82.7474
-82.7466
-82.7457
-82.7448
-82.7439
-82.7431
-82.7422
-82.7413
-82.7405
-82.7396
-82.7387
-82.7378
-82.737
-82.7361
-82.7352
-82.7344
-82.7335
-82.7326
-82.7317
-82.7309
-82.73
-82.7291
-82.7282
-82.7274
-82.7265
-82.7256
-82.7247
-82.7239
-82.723
-82.7221
-82.7212
-82.7204
-82.7195
-82.7186
-82.7177
-82.7169
-82.716
-82.7151
-82.7142
-82.7133
-82.7125
-82.7116
-82.7107
-82.7098
-82.7089
-82.7081
-82.7072
-82.7063
-82.7054
-82.7045
-82.7037
-82.7028
-82.7019
-82.701
-82.7001
-82.6993
-82.6984
-82.6975
-82.6966
-82.6957
-82.6948
-82.694
-82.6931
-82.6922
-82.6913
-82.6904
-82.6895
-82.6887
-82.6878
-82.6869
-82.686
-82.6851
-82.6842
-82.6833
-82.6824
-82.6816
-82.6807
-82.6798
-82.6789
-82.678
-82.6771
-82.6762
-82.6753
-82.6745
-82.6736
-82.6727
-82.6718
-82.6709
-82.67
-82.6691
-82.6682
-82.6673
-82.6665
-82.6656
-82.6647
-82.6638
-82.6629
-82.662
-82.6611
-82.6602
-82.6593
-82.6584
-82.6575
-82.6566
-82.6558
-82.6549
-82.654
-82.6531
-82.6522
-82.6513
-82.6504
-82.6495
-82.6486
-82.6477
-82.6468
-82.6459
-82.645
-82.6441
-82.6432
-82.6423
-82.6414
-82.6405
-82.6396
-82.6387
-82.6378
-82.637
-82.6361
-82.6352
-82.6343
-82.6334
-82.6325
-82.6316
-82.6307
-82.6298
-82.6289
-82.628
-82.6271
-82.6262
-82.6253
-82.6244
-82.6235
-82.6226
-82.6217
-82.6208
-82.6199
-82.619
-82.6181
-82.6172
-82.6163
-82.6154
-82.6145
-82.6136
-82.6126
-82.6117
-82.6108
-82.6099
-82.609
-82.6081
-82.6072
-82.6063
-82.6054
-82.6045
-82.6036
-82.6027
-82.6018
-82.6009
-82.6
-82.5991
-82.5982
-82.5973
-82.5964
-82.5955
-82.5946
-82.5936
-82.5927
-82.5918
-82.5909
-82.59
-82.5891
-82.5882
-82.5873
-82.5864
-82.5855
-82.5846
-82.5837
-82.5827
-82.5818
-82.5809
-82.58
-82.5791
-82.5782
-82.5773
-82.5764
-82.5754
-82.5745
-82.5736
-82.5727
-82.5718
-82.5709
-82.57
-82.5691
-82.5681
-82.5672
-82.5663
-82.5654
-82.5645
-82.5636
-82.5626
-82.5617
-82.5608
-82.5599
-82.559
-82.5581
-82.5571
-82.5562
-82.5553
-82.5544
-82.5535
-82.5525
-82.5516
-82.5507
-82.5498
-82.5489
-82.5479
-82.547
-82.5461
-82.5452
-82.5443
-82.5433
-82.5424
-82.5415
-82.5406
-82.5396
-82.5387
-82.5378
-82.5369
-82.536
-82.535
-82.5341
-82.5332
-82.5323
-82.5313
-82.5304
-82.5295
-82.5285
-82.5276
-82.5267
-82.5258
-82.5248
-82.5239
-82.523
-82.5221
-82.5211
-82.5202
-82.5193
-82.5183
-82.5174
-82.5165
-82.5155
-82.5146
-82.5137
-82.5128
-82.5118
-82.5109
-82.51
-82.509
-82.5081
-82.5072
-82.5062
-82.5053
-82.5044
-82.5034
-82.5025
-82.5016
-82.5006
-82.4997
-82.4988
-82.4978
-82.4969
-82.496
-82.495
-82.4941
-82.4931
-82.4922
-82.4913
-82.4903
-82.4894
-82.4885
-82.4875
-82.4866
-82.4856
-82.4847
-82.4838
-82.4828
-82.4819
-82.4809
-82.48
-82.4791
-82.4781
-82.4772
-82.4762
-82.4753
-82.4743
-82.4734
-82.4725
-82.4715
-82.4706
-82.4696
-82.4687
-82.4677
-82.4668
-82.4659
-82.4649
-82.464
-82.463
-82.4621
-82.4611
-82.4602
-82.4592
-82.4583
-82.4573
-82.4564
-82.4554
-82.4545
-82.4535
-82.4526
-82.4517
-82.4507
-82.4498
-82.4488
-82.4479
-82.4469
-82.446
-82.445
-82.4441
-82.4431
-82.4422
-82.4412
-82.4403
-82.4393
-82.4383
-82.4374
-82.4364
-82.4355
-82.4345
-82.4336
-82.4326
-82.4317
-82.4307
-82.4298
-82.4288
-82.4279
-82.4269
-82.4259
-82.425
-82.424
-82.4231
-82.4221
-82.4212
-82.4202
-82.4193
-82.4183
-82.4173
-82.4164
-82.4154
-82.4145
-82.4135
-82.4126
-82.4116
-82.4106
-82.4097
-82.4087
-82.4078
-82.4068
-82.4058
-82.4049
-82.4039
-82.403
-82.402
-82.401
-82.4001
-82.3991
-82.3982
-82.3972
-82.3962
-82.3953
-82.3943
-82.3933
-82.3924
-82.3914
-82.3904
-82.3895
-82.3885
-82.3876
-82.3866
-82.3856
-82.3847
-82.3837
-82.3827
-82.3818
-82.3808
-82.3798
-82.3789
-82.3779
-82.3769
-82.376
-82.375
-82.374
-82.3731
-82.3721
-82.3711
-82.3702
-82.3692
-82.3682
-82.3673
-82.3663
-82.3653
-82.3643
-82.3634
-82.3624
-82.3614
-82.3605
-82.3595
-82.3585
-82.3576
-82.3566
-82.3556
-82.3546
-82.3537
-82.3527
-82.3517
-82.3507
-82.3498
-82.3488
-82.3478
-82.3469
-82.3459
-82.3449
-82.3439
-82.343
-82.342
-82.341
-82.34
-82.3391
-82.3381
-82.3371
-82.3361
-82.3351
-82.3342
-82.3332
-82.3322
-82.3312
-82.3302
-82.3293
-82.3283
-82.3273
-82.3263
-82.3253
-82.3244
-82.3234
-82.3224
-82.3214
-82.3204
-82.3195
-82.3185
-82.3175
-82.3165
-82.3155
-82.3145
-82.3136
-82.3126
-82.3116
-82.3106
-82.3096
-82.3086
-82.3076
-82.3067
-82.3057
-82.3047
-82.3037
-82.3027
-82.3017
-82.3007
-82.2997
-82.2987
-82.2978
-82.2968
-82.2958
-82.2948
-82.2938
-82.2928
-82.2918
-82.2908
-82.2898
-82.2888
-82.2878
-82.2869
-82.2859
-82.2849
-82.2839
-82.2829
-82.2819
-82.2809
-82.2799
-82.2789
-82.2779
-82.2769
-82.2759
-82.2749
-82.2739
-82.2729
-82.2719
-82.2709
-82.2699
-82.2689
-82.2679
-82.2669
-82.2659
-82.2649
-82.2639
-82.2629
-82.2619
-82.2609
-82.2599
-82.2589
-82.2579
-82.2569
-82.2559
-82.2549
-82.2539
-82.2529
-82.2519
-82.2509
-82.2499
-82.2489
-82.2479
-82.2469
-82.2459
-82.2449
-82.2439
-82.2428
-82.2418
-82.2408
-82.2398
-82.2388
-82.2378
-82.2368
-82.2358
-82.2348
-82.2338
-82.2328
-82.2317
-82.2307
-82.2297
-82.2287
-82.2277
-82.2267
-82.2257
-82.2247
-82.2237
-82.2226
-82.2216
-82.2206
-82.2196
-82.2186
-82.2176
-82.2166
-82.2155
-82.2145
-82.2135
-82.2125
-82.2115
-82.2105
-82.2094
-82.2084
-82.2074
-82.2064
-82.2054
-82.2044
-82.2033
-82.2023
-82.2013
-82.2003
-82.1993
-82.1982
-82.1972
-82.1962
-82.1952
-82.1942
-82.1931
-82.1921
-82.1911
-82.1901
-82.189
-82.188
-82.187
-82.186
-82.1849
-82.1839
-82.1829
-82.1819
-82.1809
-82.1798
-82.1788
-82.1778
-82.1767
-82.1757
-82.1747
-82.1737
-82.1726
-82.1716
-82.1706
-82.1696
-82.1685
-82.1675
-82.1665
-82.1654
-82.1644
-82.1634
-82.1624
-82.1613
-82.1603
-82.1593
-82.1582
-82.1572
-82.1562
-82.1551
-82.1541
-82.1531
-82.152
-82.151
-82.15
-82.149
-82.1479
-82.1469
-82.1458
-82.1448
-82.1438
-82.1427
-82.1417
-82.1407
-82.1396
-82.1386
-82.1376
-82.1365
-82.1355
-82.1345
-82.1334
-82.1324
-82.1313
-82.1303
-82.1293
-82.1282
-82.1272
-82.1262
-82.1251
-82.1241
-82.123
-82.122
-82.121
-82.1199
-82.1189
-82.1178
-82.1168
-82.1158
-82.1147
-82.1137
-82.1126
-82.1116
-82.1105
-82.1095
-82.1085
-82.1074
-82.1064
-82.1053
-82.1043
-82.1032
-82.1022
-82.1012
-82.1001
-82.0991
-82.098
-82.097
-82.0959
-82.0949
-82.0938
-82.0928
-82.0917
-82.0907
-82.0896
-82.0886
-82.0875
-82.0865
-82.0854
-82.0844
-82.0833
-82.0823
-82.0812
-82.0802
-82.0791
-82.0781
-82.077
-82.076
-82.0749
-82.0738
-82.0728
-82.0717
-82.0707
-82.0696
-82.0686
-82.0675
-82.0664
-82.0654
-82.0643
-82.0633
-82.0622
-82.0612
-82.0601
-82.059
-82.058
-82.0569
-82.0559
-82.0548
-82.0537
-82.0527
-82.0516
-82.0505
-82.0495
-82.0484
-82.0473
-82.0463
-82.0452
-82.0442
-82.0431
-82.042
-82.041
-82.0399
-82.0388
-82.0378
-82.0367
-82.0356
-82.0346
-82.0335
-82.0324
-82.0313
-82.0303
-82.0292
-82.0281
-82.0271
-82.026
-82.0249
-82.0238
-82.0228
-82.0217
-82.0206
-82.0196
-82.0185
-82.0174
-82.0163
-82.0153
-82.0142
-82.0131
-82.012
-82.0109
-82.0099
-82.0088
-82.0077
-82.0066
-82.0056
-82.0045
-82.0034
-82.0023
-82.0012
-82.0002
-81.9991
-81.998
-81.9969
-81.9958
-81.9947
-81.9937
-81.9926
-81.9915
-81.9904
-81.9893
-81.9882
-81.9872
-81.9861
-81.985
-81.9839
-81.9828
-81.9817
-81.9806
-81.9795
-81.9785
-81.9774
-81.9763
-81.9752
-81.9741
-81.973
-81.9719
-81.9708
-81.9697
-81.9687
-81.9676
-81.9665
-81.9654
-81.9643
-81.9632
-81.9621
-81.961
-81.9599
-81.9588
-81.9577
-81.9566
-81.9555
-81.9544
-81.9533
-81.9522
-81.9511
-81.95
-81.949
-81.9479
-81.9468
-81.9457
-81.9446
-81.9435
-81.9424
-81.9413
-81.9402
-81.9391
-81.938
-81.9369
-81.9358
-81.9347
-81.9336
-81.9325
-81.9314
-81.9302
-81.9291
-81.928
-81.9269
-81.9258
-81.9247
-81.9236
-81.9225
-81.9214
-81.9203
-81.9192
-81.9181
-81.917
-81.9159
-81.9148
-81.9137
-81.9126
-81.9115
-81.9103
-81.9092
-81.9081
-81.907
-81.9059
-81.9048
-81.9037
-81.9026
-81.9015
-81.9004
-81.8992
-81.8981
-81.897
-81.8959
-81.8948
-81.8937
-81.8926
-81.8914
-81.8903
-81.8892
-81.8881
-81.887
-81.8859
-81.8848
-81.8836
-81.8825
-81.8814
-81.8803
-81.8792
-81.8781
-81.8769
-81.8758
-81.8747
-81.8736
-81.8725
-81.8713
-81.8702
-81.8691
-81.868
-81.8669
-81.8657
-81.8646
-81.8635
-81.8624
-81.8613
-81.8601
-81.859
-81.8579
-81.8568
-81.8556
-81.8545
-81.8534
-81.8523
-81.8511
-81.85
-81.8489
-81.8478
-81.8466
-81.8455
-81.8444
-81.8432
-81.8421
-81.841
-81.8399
-81.8387
-81.8376
-81.8365
-81.8353
-81.8342
-81.8331
-81.8319
-81.8308
-81.8297
-81.8285
-81.8274
-81.8263
-81.8251
-81.824
-81.8228
-81.8217
-81.8206
-81.8194
-81.8183
-81.8171
-81.816
-81.8149
-81.8137
-81.8126
-81.8114
-81.8103
-81.8092
-81.808
-81.8069
-81.8057
-81.8046
-81.8034
-81.8023
-81.8011
-81.8
-81.7989
-81.7977
-81.7966
-81.7954
-81.7943
-81.7931
-81.792
-81.7908
-81.7897
-81.7885
-81.7874
-81.7862
-81.7851
-81.7839
-81.7828
-81.7816
-81.7804
-81.7793
-81.7781
-81.777
-81.7758
-81.7747
-81.7735
-81.7724
-81.7712
-81.77
-81.7689
-81.7677
-81.7666
-81.7654
-81.7642
-81.7631
-81.7619
-81.7608
-81.7596
-81.7584
-81.7573
-81.7561
-81.7549
-81.7538
-81.7526
-81.7514
-81.7503
-81.7491
-81.7479
-81.7468
-81.7456
-81.7444
-81.7433
-81.7421
-81.7409
-81.7398
-81.7386
-81.7374
-81.7362
-81.7351
-81.7339
-81.7327
-81.7316
-81.7304
-81.7292
-81.728
-81.7269
-81.7257
-81.7245
-81.7233
-81.7222
-81.721
-81.7198
-81.7186
-81.7174
-81.7163
-81.7151
-81.7139
-81.7127
-81.7115
-81.7104
-81.7092
-81.708
-81.7068
-81.7056
-81.7045
-81.7033
-81.7021
-81.7009
-81.6997
-81.6985
-81.6974
-81.6962
-81.695
-81.6938
-81.6926
-81.6914
-81.6902
-81.689
-81.6879
-81.6867
-81.6855
-81.6843
-81.6831
-81.6819
-81.6807
-81.6795
-81.6783
-81.6771
-81.676
-81.6748
-81.6736
-81.6724
-81.6712
-81.67
-81.6688
-81.6676
-81.6664
-81.6652
-81.664
-81.6628
-81.6616
-81.6604
-81.6592
-81.658
-81.6568
-81.6556
-81.6544
-81.6532
-81.652
-81.6508
-81.6496
-81.6484
-81.6472
-81.646
-81.6448
-81.6436
-81.6424
-81.6412
-81.64
-81.6388
-81.6376
-81.6364
-81.6352
-81.634
-81.6328
-81.6316
-81.6304
-81.6292
-81.6279
-81.6267
-81.6255
-81.6243
-81.6231
-81.6219
-81.6207
-81.6195
-81.6183
-81.6171
-81.6158
-81.6146
-81.6134
-81.6122
-81.611
-81.6098
-81.6086
-81.6074
-81.6061
-81.6049
-81.6037
-81.6025
-81.6013
-81.6
-81.5988
-81.5976
-81.5964
-81.5952
-81.5939
-81.5927
-81.5915
-81.5903
-81.5891
-81.5878
-81.5866
-81.5854
-81.5841
-81.5829
-81.5817
-81.5805
-81.5792
-81.578
-81.5768
-81.5756
-81.5743
-81.5731
-81.5719
-81.5706
-81.5694
-81.5682
-81.5669
-81.5657
-81.5645
-81.5632
-81.562
-81.5607
-81.5595
-81.5583
-81.557
-81.5558
-81.5546
-81.5533
-81.5521
-81.5508
-81.5496
-81.5484
-81.5471
-81.5459
-81.5446
-81.5434
-81.5421
-81.5409
-81.5396
-81.5384
-81.5371
-81.5359
-81.5346
-81.5334
-81.5322
-81.5309
-81.5296
-81.5284
-81.5271
-81.5259
-81.5246
-81.5234
-81.5221
-81.5209
-81.5196
-81.5184
-81.5171
-81.5158
-81.5146
-81.5133
-81.5121
-81.5108
-81.5096
-81.5083
-81.507
-81.5058
-81.5045
-81.5032
-81.502
-81.5007
-81.4995
-81.4982
-81.4969
-81.4957
-81.4944
-81.4931
-81.4919
-81.4906
-81.4893
-81.488
-81.4868
-81.4855
-81.4842
-81.483
-81.4817
-81.4804
-81.4791
-81.4779
-81.4766
-81.4753
-81.474
-81.4728
-81.4715
-81.4702
-81.4689
-81.4677
-81.4664
-81.4651
-81.4638
-81.4625
-81.4613
-81.46
-81.4587
-81.4574
-81.4561
-81.4548
-81.4536
-81.4523
-81.451
-81.4497
-81.4484
-81.4471
-81.4459
-81.4446
-81.4433
-81.442
-81.4407
-81.4394
-81.4381
-81.4368
-81.4355
-81.4342
-81.433
-81.4317
-81.4304
-81.4291
-81.4278
-81.4265
-81.4252
-81.4239
-81.4226
-81.4213
-81.42
-81.4187
-81.4174
-81.4161
-81.4148
-81.4135
-81.4122
-81.4109
-81.4096
-81.4083
-81.407
-81.4057
-81.4044
-81.4031
-81.4018
-81.4005
-81.3992
-81.3979
-81.3966
-81.3953
-81.394
-81.3927
-81.3914
-81.39
-81.3887
-81.3874
-81.3861
-81.3848
-81.3835
-81.3822
-81.3809
-81.3796
-81.3783
-81.3769
-81.3756
-81.3743
-81.373
-81.3717
-81.3704
-81.369
-81.3677
-81.3664
-81.3651
-81.3638
-81.3624
-81.3611
-81.3598
-81.3585
-81.3572
-81.3558
-81.3545
-81.3532
-81.3519
-81.3505
-81.3492
-81.3479
-81.3466
-81.3452
-81.3439
-81.3426
-81.3412
-81.3399
-81.3386
-81.3372
-81.3359
-81.3346
-81.3332
-81.3319
-81.3306
-81.3292
-81.3279
-81.3265
-81.3252
-81.3239
-81.3225
-81.3212
-81.3198
-81.3185
-81.3171
-81.3158
-81.3145
-81.3131
-81.3118
-81.3104
-81.3091
-81.3077
-81.3064
-81.305
-81.3037
-81.3023
-81.301
-81.2996
-81.2983
-81.2969
-81.2955
-81.2942
-81.2928
-81.2915
-81.2901
-81.2887
-81.2874
-81.286
-81.2847
-81.2833
-81.2819
-81.2806
-81.2792
-81.2778
-81.2765
-81.2751
-81.2737
-81.2724
-81.271
-81.2696
-81.2683
-81.2669
-81.2655
-81.2641
-81.2628
-81.2614
-81.26
-81.2587
-81.2573
-81.2559
-81.2545
-81.2531
-81.2518
-81.2504
-81.249
-81.2476
-81.2462
-81.2449
-81.2435
-81.2421
-81.2407
-81.2393
-81.2379
-81.2365
-81.2352
-81.2338
-81.2324
-81.231
-81.2296
-81.2282
-81.2268
-81.2254
-81.224
-81.2226
-81.2212
-81.2198
-81.2184
-81.217
-81.2157
-81.2143
-81.2129
-81.2115
-81.2101
-81.2087
-81.2073
-81.2059
-81.2044
-81.203
-81.2016
-81.2002
-81.1988
-81.1974
-81.196
-81.1946
-81.1932
-81.1918
-81.1904
-81.189
-81.1876
-81.1862
-81.1847
-81.1833
-81.1819
-81.1805
-81.1791
-81.1777
-81.1763
-81.1748
-81.1734
-81.172
-81.1706
-81.1692
-81.1677
-81.1663
-81.1649
-81.1635
-81.1621
-81.1606
-81.1592
-81.1578
-81.1564
-81.1549
-81.1535
-81.1521
-81.1507
-81.1492
-81.1478
-81.1464
-81.1449
-81.1435
-81.1421
-81.1406
-81.1392
-81.1378
-81.1363
-81.1349
-81.1335
-81.132
-81.1306
-81.1292
-81.1277
-81.1263
-81.1248
-81.1234
-81.122
-81.1205
-81.1191
-81.1176
-81.1162
-81.1147
-81.1133
-81.1118
-81.1104
-81.1089
-81.1075
-81.106
-81.1046
-81.1031
-81.1017
-81.1002
-81.0988
-81.0973
-81.0958
-81.0944
-81.0929
-81.0915
-81.09
-81.0885
-81.0871
-81.0856
-81.0841
-81.0827
-81.0812
-81.0797
-81.0783
-81.0768
-81.0753
-81.0739
-81.0724
-81.0709
-81.0694
-81.068
-81.0665
-81.065
-81.0635
-81.0621
-81.0606
-81.0591
-81.0576
-81.0561
-81.0546
-81.0532
-81.0517
-81.0502
-81.0487
-81.0472
-81.0457
-81.0442
-81.0427
-81.0412
-81.0397
-81.0382
-81.0367
-81.0352
-81.0338
-81.0323
-81.0308
-81.0293
-81.0277
-81.0262
-81.0247
-81.0232
-81.0217
-81.0202
-81.0187
-81.0172
-81.0157
-81.0142
-81.0127
-81.0112
-81.0096
-81.0081
-81.0066
-81.0051
-81.0036
-81.0021
-81.0005
-80.999
-80.9975
-80.996
-80.9945
-80.9929
-80.9914
-80.9899
-80.9884
-80.9868
-80.9853
-80.9838
-80.9822
-80.9807
-80.9792
-80.9776
-80.9761
-80.9746
-80.973
-80.9715
-80.97
-80.9684
-80.9669
-80.9653
-80.9638
-80.9623
-80.9607
-80.9592
-80.9576
-80.9561
-80.9545
-80.953
-80.9514
-80.9499
-80.9483
-80.9468
-80.9452
-80.9437
-80.9421
-80.9406
-80.939
-80.9375
-80.9359
-80.9343
-80.9328
-80.9312
-80.9297
-80.9281
-80.9265
-80.925
-80.9234
-80.9218
-80.9203
-80.9187
-80.9171
-80.9156
-80.914
-80.9124
-80.9109
-80.9093
-80.9077
-80.9061
-80.9046
-80.903
-80.9014
-80.8998
-80.8982
-80.8967
-80.8951
-80.8935
-80.8919
-80.8903
-80.8888
-80.8872
-80.8856
-80.884
-80.8824
-80.8808
-80.8792
-80.8776
-80.876
-80.8744
-80.8728
-80.8712
-80.8696
-80.868
-80.8664
-80.8648
-80.8632
-80.8616
-80.86
-80.8584
-80.8568
-80.8552
-80.8536
-80.852
-80.8504
-80.8488
-80.8471
-80.8455
-80.8439
-80.8423
-80.8407
-80.839
-80.8374
-80.8358
-80.8342
-80.8325
-80.8309
-80.8293
-80.8277
-80.826
-80.8244
-80.8228
-80.8211
-80.8195
-80.8179
-80.8162
-80.8146
-80.8129
-80.8113
-80.8096
-80.808
-80.8064
-80.8047
-80.8031
-80.8014
-80.7998
-80.7981
-80.7964
-80.7948
-80.7931
-80.7915
-80.7898
-80.7881
-80.7865
-80.7848
-80.7832
-80.7815
-80.7798
-80.7781
-80.7765
-80.7748
-80.7731
-80.7715
-80.7698
-80.7681
-80.7664
-80.7647
-80.7631
-80.7614
-80.7597
-80.758
-80.7563
-80.7546
-80.7529
-80.7513
-80.7496
-80.7479
-80.7462
-80.7445
-80.7428
-80.7411
-80.7394
-80.7377
-80.736
-80.7343
-80.7326
-80.7309
-80.7292
-80.7275
-80.7257
-80.724
-80.7223
-80.7206
-80.7189
-80.7172
-80.7155
-80.7137
-80.712
-80.7103
-80.7086
-80.7069
-80.7051
-80.7034
-80.7017
-80.7
-80.6982
-80.6965
-80.6948
-80.693
-80.6913
-80.6896
-80.6878
-80.6861
-80.6843
-80.6826
-80.6809
-80.6791
-80.6774
-80.6756
-80.6739
-80.6721
-80.6704
-80.6686
-80.6669
-80.6651
-80.6634
-80.6616
-80.6599
-80.6581
-80.6563
-80.6546
-80.6528
-80.6511
-80.6493
-80.6475
-80.6458
-80.644
-80.6422
-80.6404
-80.6387
-80.6369
-80.6351
-80.6333
-80.6316
-80.6298
-80.628
-80.6262
-80.6244
-80.6226
-80.6208
-80.6191
-80.6173
-80.6155
-80.6137
-80.6119
-80.6101
-80.6083
-80.6065
-80.6047
-80.6029
-80.6011
-80.5992
-80.5974
-80.5956
-80.5938
-80.592
-80.5902
-80.5883
-80.5865
-80.5847
-80.5829
-80.581
-80.5792
-80.5774
-80.5756
-80.5737
-80.5719
-80.5701
-80.5682
-80.5664
-80.5645
-80.5627
-80.5608
-80.559
-80.5571
-80.5553
-80.5534
-80.5516
-80.5497
-80.5479
-80.546
-80.5441
-80.5423
-80.5404
-80.5385
-80.5367
-80.5348
-80.5329
-80.531
-80.5292
-80.5273
-80.5254
-80.5235
-80.5216
-80.5197
-80.5179
-80.516
-80.5141
-80.5122
-80.5103
-80.5084
-80.5065
-80.5046
-80.5027
-80.5008
-80.4989
-80.497
-80.495
-80.4931
-80.4912
-80.4893
-80.4874
-80.4855
-80.4835
-80.4816
-80.4797
-80.4778
-80.4758
-80.4739
-80.472
-80.47
-80.4681
-80.4662
-80.4642
-80.4623
-80.4603
-80.4584
-80.4564
-80.4545
-80.4525
-80.4506
-80.4486
-80.4467
-80.4447
-80.4428
-80.4408
-80.4388
-80.4369
-80.4349
-80.4329
-80.431
-80.429
-80.427
-80.425
-80.4231
-80.4211
-80.4191
-80.4171
-80.4151
-80.4132
-80.4112
-80.4092
-80.4072
-80.4052
-80.4032
-80.4012
-80.3992
-80.3972
-80.3952
-80.3932
-80.3912
-80.3892
-80.3871
-80.3851
-80.3831
-80.3811
-80.3791
-80.377
-80.375
-80.373
-80.3709
-80.3689
-80.3669
-80.3648
-80.3628
-80.3607
-80.3587
-80.3566
-80.3546
-80.3525
-80.3505
-80.3484
-80.3464
-80.3443
-80.3422
-80.3402
-80.3381
-80.336
-80.3339
-80.3319
-80.3298
-80.3277
-80.3256
-80.3235
-80.3214
-80.3193
-80.3172
-80.3151
-80.313
-80.3109
-80.3088
-80.3067
-80.3046
-80.3025
-80.3004
-80.2983
-80.2961
-80.294
-80.2919
-80.2897
-80.2876
-80.2855
-80.2833
-80.2812
-80.279
-80.2769
-80.2747
-80.2726
-80.2704
-80.2683
-80.2661
-80.264
-80.2618
-80.2596
-80.2575
-80.2553
-80.2531
-80.2509
-80.2487
-80.2466
-80.2444
-80.2422
-80.24
-80.2378
-80.2356
-80.2334
-80.2312
-80.229
-80.2268
-80.2246
-80.2224
-80.2201
-80.2179
-80.2157
-80.2135
-80.2112
-80.209
-80.2068
-80.2045
-80.2023
-80.2001
-80.1978
-80.1956
-80.1933
-80.1911
-80.1888
-80.1866
-80.1843
-80.182
-80.1798
-80.1775
-80.1752
-80.173
-80.1707
-80.1684
-80.1661
-80.1638
-80.1616
-80.1593
-80.157
-80.1547
-80.1524
-80.1501
-80.1478
-80.1455
-80.1431
-80.1408
-80.1385
-80.1362
-80.1339
-80.1315
-80.1292
-80.1269
-80.1245
-80.1222
-80.1198
-80.1175
-80.1151
-80.1128
-80.1104
-80.108
-80.1057
-80.1033
-80.1009
-80.0985
-80.0962
-80.0938
-80.0914
-80.089
-80.0866
-80.0842
-80.0818
-80.0794
-80.077
-80.0746
-80.0721
-80.0697
-80.0673
-80.0649
-80.0624
-80.06
-80.0575
-80.0551
-80.0526
-80.0502
-80.0477
-80.0453
-80.0428
-80.0403
-80.0378
-80.0354
-80.0329
-80.0304
-80.0279
-80.0254
-80.0229
-80.0204
-80.0179
-80.0154
-80.0129
-80.0104
-80.0078
-80.0053
-80.0028
-80.0002
-79.9977
-79.9952
-79.9926
-79.9901
-79.9875
-79.9849
-79.9824
-79.9798
-79.9772
-79.9747
-79.9721
-79.9695
-79.9669
-79.9643
-79.9617
-79.9591
-79.9565
-79.9539
-79.9513
-79.9487
-79.9461
-79.9434
-79.9408
-79.9382
-79.9355
-79.9329
-79.9303
-79.9276
-79.9249
-79.9223
-79.9196
-79.917
-79.9143
-79.9116
-79.9089
-79.9062
-79.9035
-79.9009
-79.8981
-79.8954
-79.8927
-79.89
-79.8873
-79.8846
-79.8818
-79.8791
-79.8763
-79.8736
-79.8708
-79.8681
-79.8653
-79.8626
-79.8598
-79.857
-79.8542
-79.8514
-79.8486
-79.8458
-79.843
-79.8402
-79.8374
-79.8345
-79.8317
-79.8289
-79.826
-79.8232
-79.8203
-79.8175
-79.8146
-79.8117
-79.8089
-79.806
-79.8031
-79.8002
-79.7973
-79.7944
-79.7915
-79.7885
-79.7856
-79.7827
-79.7797
-79.7768
-79.7738
-79.7709
-79.7679
-79.765
-79.762
-79.759
-79.756
-79.753
-79.75
-79.747
-79.744
-79.741
-79.738
-79.7349
-79.7319
-79.7288
-79.7258
-79.7227
-79.7197
-79.7166
-79.7135
-79.7104
-79.7073
-79.7042
-79.7011
-79.698
-79.6949
-79.6918
-79.6887
-79.6855
-79.6824
-79.6792
-79.6761
-79.6729
-79.6697
-79.6666
-79.6634
-79.6602
-79.657
-79.6538
-79.6505
-79.6473
-79.6441
-79.6408
-79.6376
-79.6343
-79.6311
-79.6278
-79.6245
-79.6212
-79.6179
-79.6146
-79.6113
-79.608
-79.6046
-79.6013
-79.598
-79.5946
-79.5912
-79.5879
-79.5845
-79.5811
-79.5777
-79.5743
-79.5708
-79.5674
-79.564
-79.5605
-79.5571
-79.5536
-79.5501
-79.5466
-79.5431
-79.5396
-79.5361
-79.5326
-79.529
-79.5255
-79.5219
-79.5184
-79.5148
-79.5112
-79.5076
-79.504
-79.5004
-79.4968
-79.4932
-79.4895
-79.4859
-79.4822
-79.4785
-79.4748
-79.4711
-79.4674
-79.4637
-79.46
-79.4563
-79.4525
-79.4487
-79.445
-79.4412
-79.4374
-79.4336
-79.4298
-79.426
-79.4221
-79.4183
-79.4144
-79.4106
-79.4067
-79.4028
-79.3989
-79.3949
-79.391
-79.3871
-79.3831
-79.3791
-79.3751
-79.3711
-79.3671
-79.3631
-79.3591
-79.355
-79.3509
-79.3469
-79.3428
-79.3387
-79.3345
-79.3304
-79.3262
-79.3221
-79.3179
-79.3137
-79.3095
-79.3053
-79.301
-79.2968
-79.2925
-79.2882
-79.2839
-79.2796
-79.2752
-79.2709
-79.2665
-79.2621
-79.2577
-79.2533
-79.2489
-79.2445
-79.24
-79.2355
-79.231
-79.2265
-79.222
-79.2174
-79.2129
-79.2083
-79.2037
-79.1991
-79.1945
-79.1898
-79.1852
-79.1805
-79.1758
-79.171
-79.1663
-79.1615
-79.1568
-79.152
-79.1471
-79.1423
-79.1374
-79.1325
-79.1276
-79.1227
-79.1178
-79.1128
-79.1078
-79.1028
-79.0978
-79.0927
-79.0876
-79.0825
-79.0774
-79.0722
-79.0671
-79.0619
-79.0566
-79.0514
-79.0461
-79.0408
-79.0355
-79.0302
-79.0248
-79.0194
-79.014
-79.0085
-79.0031
-78.9976
-78.9921
-78.9865
-78.9809
-78.9753
-78.9697
-78.964
-78.9584
-78.9526
-78.9469
-78.9411
-78.9353
-78.9295
-78.9236
-78.9177
-78.9118
-78.9059
-78.8999
-78.8938
-78.8878
-78.8817
-78.8756
-78.8694
-78.8632
-78.857
-78.8507
-78.8444
-78.8381
-78.8317
-78.8253
-78.8189
-78.8124
-78.8059
-78.7993
-78.7927
-78.7861
-78.7794
-78.7727
-78.7659
-78.7591
-78.7523
-78.7454
-78.7385
-78.7315
-78.7245
-78.7174
-78.7103
-78.7032
-78.696
-78.6887
-78.6814
-78.6741
-78.6667
-78.6593
-78.6518
-78.6442
-78.6366
-78.629
-78.6213
-78.6135
-78.6057
-78.5978
-78.5899
-78.5819
-78.5739
-78.5658
-78.5576
-78.5494
-78.5411
-78.5327
-78.5243
-78.5158
-78.5073
-78.4987
-78.49
-78.4812
-78.4724
-78.4635
-78.4546
-78.4456
-78.4364
-78.4273
-78.418
-78.4087
-78.3992
-78.3897
-78.3801
-78.3705
-78.3607
-78.3508
-78.3409
-78.3309
-78.3208
-78.3105
-78.3002
-78.2898
-78.2793
-78.2687
-78.258
-78.2472
-78.2363
-78.2253
-78.2141
-78.2029
-78.1915
-78.1801
-78.1685
-78.1567
-78.1449
-78.1329
-78.1208
-78.1086
-78.0962
-78.0837
-78.0711
-78.0583
-78.0453
-78.0322
-78.019
-78.0056
-77.992
-77.9783
-77.9645
-77.9504
-77.9362
-77.9218
-77.9072
-77.8924
-77.8774
-77.8623
-77.8469
-77.8313
-77.8155
-77.7995
-77.7833
-77.7668
-77.7501
-77.7332
-77.7161
-77.6986
-77.681
-77.663
-77.6448
-77.6263
-77.6074
-77.5883
-77.5689
-77.5492
-77.5292
-77.5088
-77.4881
-77.467
-77.4455
-77.4237
-77.4015
-77.3789
-77.3558
-77.3323
-77.3084
-77.284
-77.2592
-77.2339
-77.208
-77.1816
-77.1547
-77.1272
-77.0991
-77.0704
-77.0411
-77.0111
-76.9804
-76.949
-76.9169
-76.8839
-76.8502
-76.8156
-76.7801
-76.7437
-76.7064
-76.668
-76.6286
-76.5881
-76.5463
-76.5034
-76.4592
-76.4136
-76.3666
-76.3181
-76.2679
-76.2161
-76.1625
-76.107
-76.0494
-75.9897
-75.9278
-75.8633
-75.7962
-75.7264
-75.6535
-75.5773
-75.4976
-75.4142
-75.3266
-75.2345
-75.1375
-75.0352
-74.927
-74.8123
-74.6904
-74.5605
-74.4216
-74.2726
-74.1122
-73.9388
-73.7503
-73.5445
-73.3183
-73.0681
-72.7888
-72.4741
-72.1154
-71.7007
-71.2126
-70.6247
-69.8949
-68.9495
-67.6454
-65.6521
-61.9636
-51.46
1.20435
49.784
42.4261
4.75422
-13.5261
-27.0168
-40.8374
-71.4111
-94.249
-94.8976
-94.8329
-94.6542
-94.3102
-93.7225
-92.8477
-91.7083
-90.3782
-88.9445
-87.4799
-86.0344
-84.6372
-83.3031
-82.0371
-80.8383
-79.7024
-78.6227
-77.5907
-76.5964
-75.628
-74.6714
-73.7092
-72.7187
-71.6681
-70.5096
-69.1632
-67.4781
-65.1175
-61.1083
-51.0791
-0.518477
49.7285
41.5433
0.716771
-15.4659
-29.3683
-45.3913
-80.3891
-94.5313
-94.8473
-94.7138
-94.4129
-93.8509
-92.9244
-91.6001
-89.945
-88.0859
-86.1494
-84.2292
-82.3809
-80.6306
-78.984
-77.434
-75.9646
-74.5523
-73.1654
-71.7596
-70.269
-68.5837
-66.4888
-63.4636
-57.7558
-38.9918
36.443
43.8349
8.62624
-12.9394
-26.5744
-40.227
-70.1486
-94.1429
-94.8554
-94.7494
-94.4791
-93.9602
-93.0801
-91.786
-90.13
-88.2395
-86.2537
-84.281
-82.3883
-80.6074
-78.9463
-77.3979
-75.945
-74.5634
-73.221
-71.8755
-70.4669
-68.8993
-66.9949
-64.35
-59.736
-47.0294
17.7002
48.8243
27.743
-13.9115
-28.4281
-43.6757
-77.3088
-94.413
-94.8504
-94.7384
-94.4657
-93.9501
-93.0877
-91.8328
-90.238
-88.4262
-86.5302
-84.6539
-82.8617
-81.1851
-79.6329
-78.2
-76.8729
-75.6329
-74.4574
-73.3195
-72.1864
-71.0149
-69.7415
-68.2608
-66.3658
-63.5543
-58.1458
-40.3383
34.9397
44.4714
10.5777
-12.778
-26.4565
-40.0333
-69.7052
-94.1245
-94.8637
-94.7682
-94.5182
-94.0371
-93.22
-92.02
-90.4915
-88.7602
-86.9604
-85.1947
-83.5245
-81.9782
-80.5627
-79.2722
-78.0946
-77.0148
-76.0164
-75.0819
-74.1936
-73.3322
-72.4762
-71.5992
-70.6662
-69.6253
-68.3897
-66.7927
-64.4483
-60.1698
-48.0154
14.7105
49.2425
31.8813
-11.4952
-25.2605
-39.2251
-67.7043
-93.8806
-94.8589
-94.7942
-94.5799
-94.1644
-93.4533
-92.3944
-91.0237
-89.4484
-87.7932
-86.1589
-84.6092
-83.1761
-81.8697
-80.6876
-79.6208
-78.6573
-77.7844
-76.9895
-76.2603
-75.5857
-74.9548
-74.3575
-73.7837
-73.2232
-72.665
-72.0966
-71.5025
-70.8624
-70.1468
-69.3102
-68.2736
-66.8837
-64.785
-60.896
-49.878
7.14811
49.6597
38.3008
-4.66943
-18.7536
-33.0181
-52.9961
-89.4446
-94.7676
-94.844
-94.6889
-94.3666
-93.7887
-92.8868
-91.6727
-90.2381
-88.7055
-87.1804
-85.7323
-84.3971
-83.1872
-82.1016
-81.1323
-80.2684
-79.4983
-78.811
-78.1963
-77.6451
-77.1493
-76.702
-76.2969
-75.9289
-75.5933
-75.2862
-75.0041
-74.7441
-74.5036
-74.2803
-74.0723
-73.8778
-73.6954
-73.5236
-73.3613
-73.2073
-73.0605
-72.9201
-72.785
-72.6544
-72.5273
-72.4029
-72.2801
-72.1578
-72.0349
-71.9099
-71.7813
-71.647
-71.5048
-71.3513
-71.1829
-70.9942
-70.778
-70.5244
-70.2185
-69.838
-69.3452
-68.6732
-67.6841
-66.0211
-62.2612
-48.7144
14.1948
49.398
34.5697
-7.77903
-21.1891
-35.4441
-58.4764
-92.1639
-94.8412
-94.8628
-94.7247
-94.4411
-93.9361
-93.1562
-92.1168
-90.8967
-89.5974
-88.3061
-87.0807
-85.9522
-84.9319
-84.0196
-83.2094
-82.4927
-81.8602
-81.303
-80.813
-80.3827
-80.0059
-79.6767
-79.3902
-79.1423
-78.9291
-78.7475
-78.5947
-78.4681
-78.3656
-78.2854
-78.2258
-78.1852
-78.1623
-78.1559
-78.1648
-78.188
-78.2246
-78.2737
-78.3343
-78.4056
-78.487
-78.5775
-78.6766
-78.7834
-78.8973
-79.0177
-79.1439
-79.2753
-79.4114
-79.5515
-79.6952
-79.842
-79.9913
-80.1428
-80.296
-80.4505
-80.6059
-80.762
-80.9185
-81.0749
-81.2312
-81.3869
-81.542
-81.6963
-81.8494
-82.0014
-82.1521
-82.3013
-82.4489
-82.5948
-82.739
-82.8814
-83.0219
-83.1605
-83.2971
-83.4317
-83.5643
-83.6948
-83.8233
-83.9497
-84.0741
-84.1963
-84.3165
-84.4346
-84.5506
-84.6646
-84.7766
-84.8865
-84.9945
-85.1004
-85.2044
-85.3065
-85.4066
-85.5048
-85.6012
-85.6956
-85.7883
-85.8791
-85.9682
-86.0555
-86.141
-86.2249
-86.307
-86.3875
-86.4664
-86.5436
-86.6192
-86.6933
-86.7658
-86.8367
-86.9062
-86.9742
-87.0407
-87.1058
-87.1695
-87.2318
-87.2927
-87.3523
-87.4105
-87.4675
-87.5231
-87.5775
-87.6306
-87.6825
-87.7331
-87.7826
-87.8309
-87.8781
-87.9241
-87.969
-88.0128
-88.0556
-88.0972
-88.1379
-88.1775
-88.216
-88.2536
-88.2902
-88.3259
-88.3606
-88.3944
-88.4272
-88.4592
-88.4903
-88.5205
-88.5498
-88.5784
-88.6061
-88.6329
-88.659
-88.6844
-88.7089
-88.7327
-88.7558
-88.7781
-88.7997
-88.8207
-88.8409
-88.8605
-88.8794
-88.8976
-88.9153
-88.9323
-88.9487
-88.9644
-88.9796
-88.9943
-89.0083
-89.0218
-89.0348
-89.0472
-89.0591
-89.0704
-89.0813
-89.0917
-89.1016
-89.1111
-89.12
-89.1285
-89.1366
-89.1442
-89.1515
-89.1582
-89.1646
-89.1706
-89.1762
-89.1814
-89.1863
-89.1907
-89.1948
-89.1986
-89.202
-89.2051
-89.2078
-89.2103
-89.2124
-89.2142
-89.2157
-89.2169
-89.2178
-89.2185
-89.2189
-89.219
-89.2188
-89.2184
-89.2178
-89.2169
-89.2157
-89.2143
-89.2127
-89.2109
-89.2089
-89.2067
-89.2042
-89.2016
-89.1987
-89.1957
-89.1925
-89.1891
-89.1855
-89.1818
-89.1779
-89.1738
-89.1695
-89.1652
-89.1606
-89.1559
-89.1511
-89.1461
-89.141
-89.1358
-89.1305
-89.125
-89.1194
-89.1136
-89.1078
-89.1019
-89.0958
-89.0897
-89.0834
-89.077
-89.0706
-89.064
-89.0574
-89.0507
-89.0439
-89.037
-89.03
-89.023
-89.0159
-89.0087
-89.0015
-88.9941
-88.9867
-88.9793
-88.9718
-88.9642
-88.9566
-88.9489
-88.9412
-88.9334
-88.9256
-88.9177
-88.9098
-88.9019
-88.8939
-88.8859
-88.8778
-88.8697
-88.8615
-88.8534
-88.8452
-88.8369
-88.8287
-88.8204
-88.8121
-88.8037
-88.7954
-88.787
-88.7786
-88.7702
-88.7618
-88.7533
-88.7448
-88.7364
-88.7279
-88.7194
-88.7109
-88.7023
-88.6938
-88.6853
-88.6767
-88.6682
-88.6596
-88.6511
-88.6425
-88.634
-88.6254
-88.6168
-88.6083
-88.5997
-88.5912
-88.5826
-88.574
-88.5655
-88.557
-88.5484
-88.5399
-88.5314
-88.5228
-88.5143
-88.5058
-88.4974
-88.4889
-88.4804
-88.4719
-88.4635
-88.4551
-88.4466
-88.4382
-88.4298
-88.4215
-88.4131
-88.4047
-88.3964
-88.3881
-88.3798
-88.3715
-88.3632
-88.355
-88.3467
-88.3385
-88.3303
-88.3221
-88.314
-88.3058
-88.2977
-88.2896
-88.2815
-88.2735
-88.2654
-88.2574
-88.2494
-88.2414
-88.2334
-88.2255
-88.2176
-88.2097
-88.2018
-88.194
-88.1862
-88.1784
-88.1706
-88.1628
-88.1551
-88.1474
-88.1397
-88.1321
-88.1244
-88.1168
-88.1092
-88.1017
-88.0941
-88.0866
-88.0791
-88.0717
-88.0642
-88.0568
-88.0494
-88.0421
-88.0347
-88.0274
-88.0201
-88.0129
-88.0056
-87.9984
-87.9913
-87.9841
-87.977
-87.9699
-87.9628
-87.9557
-87.9487
-87.9417
-87.9348
-87.9278
-87.9209
-87.914
-87.9071
-87.9003
-87.8935
-87.8867
-87.88
-87.8732
-87.8665
-87.8598
-87.8532
-87.8466
-87.84
-87.8334
-87.8268
-87.8203
-87.8138
-87.8074
-87.8009
-87.7945
-87.7881
-87.7818
-87.7754
-87.7691
-87.7628
-87.7566
-87.7504
-87.7442
-87.738
-87.7318
-87.7257
-87.7196
-87.7136
-87.7075
-87.7015
-87.6955
-87.6895
-87.6836
-87.6777
-87.6718
-87.6659
-87.6601
-87.6543
-87.6485
-87.6428
-87.637
-87.6313
-87.6256
-87.62
-87.6143
-87.6087
-87.6032
-87.5976
-87.5921
-87.5866
-87.5811
-87.5756
-87.5702
-87.5648
-87.5594
-87.5541
-87.5487
-87.5434
-87.5381
-87.5329
-87.5276
-87.5224
-87.5173
-87.5121
-87.507
-87.5018
-87.4968
-87.4917
-87.4867
-87.4816
-87.4766
-87.4717
-87.4667
-87.4618
-87.4569
-87.452
-87.4472
-87.4424
-87.4376
-87.4328
-87.428
-87.4233
-87.4186
-87.4139
-87.4092
-87.4046
-87.3999
-87.3953
-87.3908
-87.3862
-87.3817
-87.3771
-87.3727
-87.3682
-87.3637
-87.3593
-87.3549
-87.3505
-87.3462
-87.3418
-87.3375
-87.3332
-87.3289
-87.3247
-87.3205
-87.3162
-87.3121
-87.3079
-87.3037
-87.2996
-87.2955
-87.2914
-87.2873
-87.2833
-87.2793
-87.2753
-87.2713
-87.2673
-87.2634
-87.2594
-87.2555
-87.2517
-87.2478
-87.2439
-87.2401
-87.2363
-87.2325
-87.2287
-87.225
-87.2213
-87.2176
-87.2139
-87.2102
-87.2065
-87.2029
-87.1993
-87.1957
-87.1921
-87.1885
-87.185
-87.1815
-87.178
-87.1745
-87.171
-87.1675
-87.1641
-87.1607
-87.1573
-87.1539
-87.1505
-87.1472
-87.1438
-87.1405
-87.1372
-87.1339
-87.1307
-87.1274
-87.1242
-87.121
-87.1178
-87.1146
-87.1114
-87.1083
-87.1052
-87.1021
-87.099
-87.0959
-87.0928
-87.0898
-87.0867
-87.0837
-87.0807
-87.0777
-87.0747
-87.0718
-87.0689
-87.0659
-87.063
-87.0601
-87.0572
-87.0544
-87.0515
-87.0487
-87.0459
-87.0431
-87.0403
-87.0375
-87.0348
-87.032
-87.0293
-87.0266
-87.0239
-87.0212
-87.0185
-87.0159
-87.0132
-87.0106
-87.008
-87.0054
-87.0028
-87.0002
-86.9976
-86.9951
-86.9926
-86.99
-86.9875
-86.985
-86.9826
-86.9801
-86.9776
-86.9752
-86.9728
-86.9704
-86.968
-86.9656
-86.9632
-86.9608
-86.9585
-86.9561
-86.9538
-86.9515
-86.9492
-86.9469
-86.9446
-86.9424
-86.9401
-86.9379
-86.9356
-86.9334
-86.9312
-86.929
-86.9268
-86.9247
-86.9225
-86.9204
-86.9182
-86.9161
-86.914
-86.9119
-86.9098
-86.9077
-86.9057
-86.9036
-86.9016
-86.8995
-86.8975
-86.8955
-86.8935
-86.8915
-86.8895
-86.8875
-86.8856
-86.8836
-86.8817
-86.8798
-86.8779
-86.876
-86.8741
-86.8722
-86.8703
-86.8684
-86.8666
-86.8647
-86.8629
-86.8611
-86.8592
-86.8574
-86.8556
-86.8538
-86.8521
-86.8503
-86.8485
-86.8468
-86.845
-86.8433
-86.8416
-86.8399
-86.8382
-86.8365
-86.8348
-86.8331
-86.8315
-86.8298
-86.8281
-86.8265
-86.8249
-86.8233
-86.8216
-86.82
-86.8184
-86.8168
-86.8153
-86.8137
-86.8121
-86.8106
-86.809
-86.8075
-86.806
-86.8044
-86.8029
-86.8014
-86.7999
-86.7984
-86.797
-86.7955
-86.794
-86.7926
-86.7911
-86.7897
-86.7882
-86.7868
-86.7854
-86.784
-86.7826
-86.7812
-86.7798
-86.7784
-86.777
-86.7757
-86.7743
-86.7729
-86.7716
-86.7703
-86.7689
-86.7676
-86.7663
-86.765
-86.7637
-86.7624
-86.7611
-86.7598
-86.7585
-86.7573
-86.756
-86.7547
-86.7535
-86.7522
-86.751
-86.7498
-86.7486
-86.7473
-86.7461
-86.7449
-86.7437
-86.7425
-86.7413
-86.7402
-86.739
-86.7378
-86.7367
-86.7355
-86.7344
-86.7332
-86.7321
-86.731
-86.7298
-86.7287
-86.7276
-86.7265
-86.7254
-86.7243
-86.7232
-86.7221
-86.721
-86.72
-86.7189
-86.7178
-86.7168
-86.7157
-86.7147
-86.7136
-86.7126
-86.7116
-86.7105
-86.7095
-86.7085
-86.7075
-86.7065
-86.7055
-86.7045
-86.7035
-86.7025
-86.7015
-86.7006
-86.6996
-86.6986
-86.6977
-86.6967
-86.6958
-86.6948
-86.6939
-86.6929
-86.692
-86.6911
-86.6902
-86.6892
-86.6883
-86.6874
-86.6865
-86.6856
-86.6847
-86.6838
-86.6829
-86.6821
-86.6812
-86.6803
-86.6794
-86.6786
-86.6777
-86.6769
-86.676
-86.6752
-86.6743
-86.6735
-86.6726
-86.6718
-86.671
-86.6702
-86.6693
-86.6685
-86.6677
-86.6669
-86.6661
-86.6653
-86.6645
-86.6637
-86.6629
-86.6621
-86.6614
-86.6606
-86.6598
-86.659
-86.6583
-86.6575
-86.6568
-86.656
-86.6552
-86.6545
-86.6538
-86.653
-86.6523
-86.6515
-86.6508
-86.6501
-86.6494
-86.6486
-86.6479
-86.6472
-86.6465
-86.6458
-86.6451
-86.6444
-86.6437
-86.643
-86.6423
-86.6416
-86.6409
-86.6402
-86.6396
-86.6389
-86.6382
-86.6376
-86.6369
-86.6362
-86.6356
-86.6349
-86.6342
-86.6336
-86.6329
-86.6323
-86.6317
-86.631
-86.6304
-86.6297
-86.6291
-86.6285
-86.6279
-86.6272
-86.6266
-86.626
-86.6254
-86.6248
-86.6242
-86.6235
-86.6229
-86.6223
-86.6217
-86.6211
-86.6205
-86.62
-86.6194
-86.6188
-86.6182
-86.6176
-86.617
-86.6165
-86.6159
-86.6153
-86.6147
-86.6142
-86.6136
-86.613
-86.6125
-86.6119
-86.6114
-86.6108
-86.6103
-86.6097
-86.6092
-86.6086
-86.6081
-86.6075
-86.607
-86.6064
-86.6059
-86.6054
-86.6049
-86.6043
-86.6038
-86.6033
-86.6027
-86.6022
-86.6017
-86.6012
-86.6007
-86.6002
-86.5997
-86.5991
-86.5986
-86.5981
-86.5976
-86.5971
-86.5966
-86.5961
-86.5956
-86.5951
-86.5947
-86.5942
-86.5937
-86.5932
-86.5927
-86.5922
-86.5917
-86.5913
-86.5908
-86.5903
-86.5898
-86.5894
-86.5889
-86.5884
-86.588
-86.5875
-86.587
-86.5866
-86.5861
-86.5856
-86.5852
-86.5847
-86.5843
-86.5838
-86.5834
-86.5829
-86.5825
-86.582
-86.5816
-86.5811
-86.5807
-86.5802
-86.5798
-86.5794

