-70
-57.6703
16.1926
49.9476
48.363
39.7493
20.0482
0.313166
-11.7344
-22.4663
-33.2094
-48.9508
-83.9996
-94.8115
-94.9854
-94.9741
-94.937
-94.8486
-94.6576
-94.3022
-93.754
-93.0521
-92.2809
-91.5235
-90.8335
-90.2343
-89.7283
-89.3072
-88.959
-88.6711
-88.4323
-88.2328
-88.065
-87.9225
-87.8003
-87.6943
-87.6014
-87.5189
-87.4449
-87.3777
-87.316
-87.2588
-87.2052
-87.1545
-87.1063
-87.06
-87.0152
-86.9718
-86.9295
-86.888
-86.8473
-86.8071
-86.7674
-86.7282
-86.6892
-86.6505
-86.612
-86.5737
-86.5355
-86.4975
-86.4595
-86.4216
-86.3838
-86.346
-86.3082
-86.2704
-86.2326
-86.1949
-86.1571
-86.1194
-86.0815
-86.0437
-86.0059
-85.968
-85.9301
-85.8921
-85.8541
-85.8161
-85.778
-85.7398
-85.7016
-85.6633
-85.625
-85.5866
-85.5481
-85.5096
-85.471
-85.4323
-85.3936
-85.3547
-85.3158
-85.2768
-85.2377
-85.1985
-85.1592
-85.1197
-85.0802
-85.0406
-85.0009
-84.9611
-84.9211
-84.881
-84.8408
-84.8004
-84.7599
-84.7193
-84.6785
-84.6376
-84.5965
-84.5553
-84.5139
-84.4723
-84.4306
-84.3886
-84.3465
-84.3042
-84.2617
-84.219
-84.1761
-84.1329
-84.0895
-84.0459
-84.002
-83.9579
-83.9135
-83.8689
-83.8239
-83.7787
-83.7332
-83.6873
-83.6411
-83.5946
-83.5478
-83.5005
-83.4529
-83.4049
-83.3565
-83.3076
-83.2584
-83.2086
-83.1584
-83.1076
-83.0563
-83.0045
-82.9521
-82.899
-82.8454
-82.7911
-82.7361
-82.6803
-82.6237
-82.5664
-82.5082
-82.4491
-82.389
-82.3279
-82.2657
-82.2024
-82.1379
-82.0721
-82.0049
-81.9362
-81.8659
-81.794
-81.7202
-81.6445
-81.5666
-81.4865
-81.4038
-81.3185
-81.2302
-81.1386
-81.0434
-80.9443
-80.8408
-80.7323
-80.6184
-80.4983
-80.3711
-80.2359
-80.0914
-79.9361
-79.7683
-79.5854
-79.3845
-79.1618
-78.9119
-78.6276
-78.2988
-77.9108
-77.4407
-76.852
-76.08
-74.9999
-73.3297
-70.2621
-62.2558
-16.5238
49.8632
49.5614
45.7052
33.0865
12.317
-3.2799
-14.4126
-25.2832
-35.1847
-53.5576
-89.2704
-94.9116
-94.9866
-94.972
-94.9314
-94.8353
-94.6326
-94.2738
-93.7566
-93.1413
-92.5124
-91.9356
-91.4433
-91.0416
-90.7224
-90.4719
-90.2759
-90.1222
-90.0006
-89.9031
-89.8238
-89.7579
-89.7022
-89.654
-89.6114
-89.573
-89.5376
-89.5047
-89.4734
-89.4435
-89.4145
-89.3862
-89.3585
-89.3311
-89.3041
-89.2772
-89.2505
-89.2239
-89.1974
-89.1709
-89.1445
-89.118
-89.0916
-89.0652
-89.0388
-89.0124
-88.9859
-88.9595
-88.933
-88.9066
-88.8801
-88.8536
-88.8271
-88.8005
-88.774
-88.7474
-88.7208
-88.6942
-88.6676
-88.641
-88.6144
-88.5877
-88.5611
-88.5344
-88.5077
-88.481
-88.4543
-88.4276
-88.4009
-88.3741
-88.3474
-88.3206
-88.2939
-88.2671
-88.2403
-88.2136
-88.1868
-88.16
-88.1332
-88.1064
-88.0796
-88.0528
-88.026
-87.9991
-87.9723
-87.9455
-87.9187
-87.8919
-87.865
-87.8382
-87.8114
-87.7846
-87.7577
-87.7309
-87.7041
-87.6773
-87.6504
-87.6236
-87.5968
-87.57
-87.5432
-87.5163
-87.4895
-87.4627
-87.4359
-87.4092
-87.3824
-87.3556
-87.3288
-87.302
-87.2752
-87.2485
-87.2217
-87.195
-87.1682
-87.1415
-87.1148
-87.088
-87.0613
-87.0346
-87.0079
-86.9812
-86.9545
-86.9279
-86.9012
-86.8745
-86.8479
-86.8212
-86.7946
-86.768
-86.7414
-86.7148
-86.6882
-86.6616
-86.635
-86.6084
-86.5819
-86.5553
-86.5288
-86.5023
-86.4758
-86.4493
-86.4228
-86.3963
-86.3698
-86.3433
-86.3169
-86.2904
-86.264
-86.2376
-86.2112
-86.1848
-86.1584
-86.132
-86.1056
-86.0793
-86.0529
-86.0266
-86.0003
-85.974
-85.9477
-85.9214
-85.8951
-85.8688
-85.8425
-85.8162
-85.79
-85.7637
-85.7375
-85.7113
-85.6851
-85.6589
-85.6327
-85.6065
-85.5803
-85.5541
-85.5279
-85.5018
-85.4756
-85.4495
-85.4233
-85.3972
-85.3711
-85.3449
-85.3188
-85.2927
-85.2666
-85.2405
-85.2144
-85.1883
-85.1622
-85.1361
-85.11
-85.0839
-85.0578
-85.0317
-85.0056
-84.9796
-84.9535
-84.9274
-84.9013
-84.8752
-84.8491
-84.823
-84.7969
-84.7708
-84.7447
-84.7185
-84.6924
-84.6663
-84.6401
-84.614
-84.5878
-84.5617
-84.5355
-84.5093
-84.4831
-84.4569
-84.4307
-84.4044
-84.3782
-84.3519
-84.3256
-84.2993
-84.273
-84.2467
-84.2203
-84.194
-84.1675
-84.1411
-84.1146
-84.0882
-84.0617
-84.0352
-84.0086
-83.982
-83.9554
-83.9287
-83.902
-83.8753
-83.8485
-83.8217
-83.7949
-83.768
-83.7411
-83.7141
-83.6871
-83.66
-83.6329
-83.6057
-83.5785
-83.5513
-83.5239
-83.4965
-83.4691
-83.4415
-83.4139
-83.3863
-83.3586
-83.3308
-83.3029
-83.275
-83.247
-83.2188
-83.1906
-83.1623
-83.1339
-83.1054
-83.0769
-83.0482
-83.0194
-82.9905
-82.9615
-82.9323
-82.903
-82.8737
-82.8442
-82.8145
-82.7848
-82.7548
-82.7247
-82.6945
-82.6641
-82.6335
-82.6027
-82.5718
-82.5407
-82.5094
-82.4779
-82.4462
-82.4142
-82.3821
-82.3497
-82.3171
-82.2842
-82.251
-82.2176
-82.1839
-82.1498
-82.1155
-82.0809
-82.0459
-82.0106
-81.9748
-81.9387
-81.9022
-81.8653
-81.828
-81.7901
-81.7518
-81.7129
-81.6736
-81.6336
-81.5931
-81.5519
-81.5101
-81.4675
-81.4242
-81.3802
-81.3353
-81.2895
-81.2427
-81.195
-81.1461
-81.0962
-81.045
-80.9924
-80.9385
-80.883
-80.8259
-80.7669
-80.706
-80.643
-80.5778
-80.5099
-80.4392
-80.3655
-80.2884
-80.2074
-80.1222
-80.0322
-79.9368
-79.8352
-79.7265
-79.6096
-79.4831
-79.3452
-79.1939
-79.0262
-78.8384
-78.6253
-78.3798
-78.0916
-77.745
-77.315
-76.7577
-75.9885
-74.8099
-72.5947
-65.5391
-29.463
48.8757
49.4925
45.6086
33.2032
12.8369
-2.79706
-13.9452
-24.751
-34.8045
-52.6267
-88.4764
-94.9009
-94.9866
-94.9722
-94.9316
-94.8356
-94.6356
-94.2856
-93.7826
-93.1795
-92.5537
-91.9691
-91.4612
-91.0408
-90.7033
-90.4375
-90.2301
-90.0689
-89.9431
-89.8444
-89.766
-89.7028
-89.6509
-89.6074
-89.5701
-89.5375
-89.5082
-89.4815
-89.4566
-89.4331
-89.4106
-89.3888
-89.3675
-89.3466
-89.3261
-89.3057
-89.2854
-89.2653
-89.2452
-89.2251
-89.2051
-89.1851
-89.1651
-89.1451
-89.1251
-89.1051
-89.0851
-89.0651
-89.0451
-89.025
-89.005
-88.9849
-88.9648
-88.9447
-88.9246
-88.9045
-88.8844
-88.8643
-88.8442
-88.8241
-88.8039
-88.7838
-88.7637
-88.7436
-88.7234
-88.7033
-88.6832
-88.6631
-88.6429
-88.6228
-88.6027
-88.5826
-88.5625
-88.5424
-88.5223
-88.5023
-88.4822
-88.4621
-88.4421
-88.4221
-88.4021
-88.3821
-88.3621
-88.3421
-88.3221
-88.3022
-88.2822
-88.2623
-88.2424
-88.2225
-88.2027
-88.1828
-88.163
-88.1432
-88.1234
-88.1037
-88.0839
-88.0642
-88.0445
-88.0248
-88.0052
-87.9856
-87.966
-87.9464
-87.9269
-87.9074
-87.8879
-87.8684
-87.849
-87.8295
-87.8102
-87.7908
-87.7715
-87.7522
-87.7329
-87.7137
-87.6945
-87.6753
-87.6562
-87.6371
-87.618
-87.599
-87.58
-87.561
-87.542
-87.5231
-87.5043
-87.4854
-87.4666
-87.4479
-87.4291
-87.4105
-87.3918
-87.3732
-87.3546
-87.336
-87.3175
-87.299
-87.2806
-87.2622
-87.2438
-87.2255
-87.2073
-87.189
-87.1708
-87.1527
-87.1345
-87.1164
-87.0984
-87.0804
-87.0624
-87.0445
-87.0266
-87.0088
-86.991
-86.9732
-86.9555
-86.9379
-86.9202
-86.9026
-86.8851
-86.8676
-86.8501
-86.8327
-86.8153
-86.798
-86.7807
-86.7634
-86.7462
-86.7291
-86.712
-86.6949
-86.6779
-86.6609
-86.6439
-86.627
-86.6102
-86.5934
-86.5766
-86.5599
-86.5432
-86.5266
-86.51
-86.4935
-86.477
-86.4605
-86.4441
-86.4278
-86.4114
-86.3952
-86.3789
-86.3628
-86.3466
-86.3305
-86.3145
-86.2985
-86.2825
-86.2666
-86.2508
-86.235
-86.2192
-86.2035
-86.1878
-86.1722
-86.1566
-86.141
-86.1255
-86.1101
-86.0947
-86.0793
-86.064
-86.0487
-86.0335
-86.0183
-86.0032
-85.9881
-85.9731
-85.9581
-85.9432
-85.9283
-85.9134
-85.8986
-85.8838
-85.8691
-85.8544
-85.8398
-85.8252
-85.8107
-85.7962
-85.7818
-85.7674
-85.753
-85.7387
-85.7245
-85.7103
-85.6961
-85.682
-85.6679
-85.6538
-85.6399
-85.6259
-85.612
-85.5982
-85.5843
-85.5706
-85.5569
-85.5432
-85.5296
-85.516
-85.5025
-85.4891
-85.4756
-85.4622
-85.4489
-85.4355
-85.4223
-85.409
-85.3958
-85.3827
-85.3696
-85.3566
-85.3436
-85.3306
-85.3177
-85.3049
-85.292
-85.2793
-85.2666
-85.2539
-85.2413
-85.2287
-85.2161
-85.2036
-85.1911
-85.1787
-85.1663
-85.154
-85.1417
-85.1294
-85.1172
-85.105
-85.0929
-85.0808
-85.0688
-85.0568
-85.0448
-85.033
-85.0211
-85.0093
-84.9975
-84.9858
-84.9741
-84.9625
-84.9508
-84.9393
-84.9278
-84.9163
-84.9048
-84.8934
-84.8821
-84.8707
-84.8595
-84.8482
-84.837
-84.8259
-84.8148
-84.8037
-84.7927
-84.7818
-84.7708
-84.7599
-84.7491
-84.7383
-84.7275
-84.7168
-84.7061
-84.6954
-84.6848
-84.6742
-84.6637
-84.6532
-84.6427
-84.6323
-84.6219
-84.6116
-84.6013
-84.5911
-84.5809
-84.5707
-84.5606
-84.5505
-84.5404
-84.5304
-84.5205
-84.5105
-84.5007
-84.4908
-84.481
-84.4712
-84.4614
-84.4517
-84.4421
-84.4324
-84.4229
-84.4133
-84.4038
-84.3943
-84.3849
-84.3755
-84.3661
-84.3568
-84.3475
-84.3383
-84.3291
-84.3199
-84.3108
-84.3017
-84.2927
-84.2837
-84.2747
-84.2658
-84.2569
-84.248
-84.2392
-84.2304
-84.2216
-84.2129
-84.2042
-84.1955
-84.1869
-84.1783
-84.1698
-84.1613
-84.1528
-84.1444
-84.136
-84.1276
-84.1193
-84.111
-84.1028
-84.0946
-84.0864
-84.0782
-84.0701
-84.0621
-84.054
-84.0461
-84.0381
-84.0302
-84.0223
-84.0144
-84.0066
-83.9988
-83.991
-83.9833
-83.9756
-83.9679
-83.9603
-83.9527
-83.9451
-83.9376
-83.9301
-83.9227
-83.9152
-83.9079
-83.9005
-83.8932
-83.8859
-83.8786
-83.8714
-83.8643
-83.8571
-83.85
-83.8429
-83.8359
-83.8289
-83.8219
-83.815
-83.8081
-83.8012
-83.7943
-83.7875
-83.7807
-83.774
-83.7672
-83.7605
-83.7539
-83.7472
-83.7406
-83.7341
-83.7275
-83.721
-83.7145
-83.7081
-83.7017
-83.6953
-83.689
-83.6826
-83.6764
-83.6701
-83.6639
-83.6577
-83.6515
-83.6454
-83.6393
-83.6333
-83.6272
-83.6212
-83.6153
-83.6093
-83.6034
-83.5975
-83.5917
-83.5859
-83.5801
-83.5744
-83.5686
-83.563
-83.5573
-83.5517
-83.5461
-83.5405
-83.535
-83.5294
-83.5239
-83.5185
-83.513
-83.5076
-83.5023
-83.4969
-83.4916
-83.4863
-83.481
-83.4758
-83.4706
-83.4654
-83.4603
-83.4551
-83.45
-83.445
-83.4399
-83.4349
-83.43
-83.425
-83.4201
-83.4152
-83.4104
-83.4055
-83.4007
-83.3959
-83.3912
-83.3865
-83.3818
-83.3771
-83.3725
-83.3679
-83.3633
-83.3588
-83.3542
-83.3497
-83.3453
-83.3408
-83.3364
-83.332
-83.3277
-83.3234
-83.3191
-83.3148
-83.3105
-83.3063
-83.3021
-83.2979
-83.2938
-83.2897
-83.2855
-83.2815
-83.2774
-83.2734
-83.2694
-83.2654
-83.2615
-83.2576
-83.2537
-83.2498
-83.2459
-83.2421
-83.2383
-83.2345
-83.2308
-83.2271
-83.2234
-83.2197
-83.2161
-83.2125
-83.2089
-83.2053
-83.2018
-83.1982
-83.1947
-83.1913
-83.1878
-83.1844
-83.181
-83.1776
-83.1743
-83.171
-83.1677
-83.1644
-83.1612
-83.1579
-83.1548
-83.1516
-83.1484
-83.1453
-83.1422
-83.1391
-83.1361
-83.1331
-83.13
-83.1271
-83.1241
-83.1212
-83.1183
-83.1154
-83.1125
-83.1097
-83.1069
-83.1041
-83.1013
-83.0985
-83.0958
-83.0931
-83.0904
-83.0878
-83.0852
-83.0825
-83.08
-83.0774
-83.0748
-83.0723
-83.0698
-83.0673
-83.0649
-83.0624
-83.06
-83.0576
-83.0552
-83.0529
-83.0505
-83.0482
-83.0459
-83.0437
-83.0414
-83.0392
-83.037
-83.0348
-83.0326
-83.0305
-83.0283
-83.0262
-83.0242
-83.0221
-83.0201
-83.018
-83.016
-83.014
-83.0121
-83.0101
-83.0082
-83.0063
-83.0044
-83.0026
-83.0007
-82.9989
-82.9971
-82.9953
-82.9936
-82.9918
-82.9901
-82.9884
-82.9867
-82.9851
-82.9834
-82.9818
-82.9802
-82.9786
-82.977
-82.9755
-82.974
-82.9725
-82.971
-82.9695
-82.968
-82.9666
-82.9652
-82.9638
-82.9624
-82.9611
-82.9597
-82.9584
-82.9571
-82.9558
-82.9546
-82.9533
-82.9521
-82.9509
-82.9497
-82.9485
-82.9473
-82.9462
-82.9451
-82.944
-82.9429
-82.9418
-82.9408
-82.9397
-82.9387
-82.9377
-82.9367
-82.9357
-82.9348
-82.9339
-82.9329
-82.932
-82.9312
-82.9303
-82.9294
-82.9286
-82.9278
-82.927
-82.9262
-82.9254
-82.9247
-82.9239
-82.9232
-82.9225
-82.9218
-82.9211
-82.9204
-82.9198
-82.9192
-82.9186
-82.918
-82.9174
-82.9168
-82.9163
-82.9157
-82.9152
-82.9147
-82.9142
-82.9137
-82.9132
-82.9128
-82.9124
-82.9119
-82.9115
-82.9111
-82.9108
-82.9104
-82.9101
-82.9097
-82.9094
-82.9091
-82.9088
-82.9085
-82.9083
-82.908
-82.9078
-82.9075
-82.9073
-82.9071
-82.907
-82.9068
-82.9066
-82.9065
-82.9063
-82.9062
-82.9061
-82.906
-82.906
-82.9059
-82.9058
-82.9058
-82.9058
-82.9057
-82.9057
-82.9057
-82.9058
-82.9058
-82.9058
-82.9059
-82.906
-82.9061
-82.9061
-82.9063
-82.9064
-82.9065
-82.9066
-82.9068
-82.907
-82.9071
-82.9073
-82.9075
-82.9077
-82.9079
-82.9082
-82.9084
-82.9087
-82.9089
-82.9092
-82.9095
-82.9098
-82.9101
-82.9104
-82.9108
-82.9111
-82.9114
-82.9118
-82.9122
-82.9126
-82.9129
-82.9133
-82.9138
-82.9142
-82.9146
-82.915
-82.9155
-82.916
-82.9164
-82.9169
-82.9174
-82.9179
-82.9184
-82.9189
-82.9194
-82.92
-82.9205
-82.9211
-82.9216
-82.9222
-82.9228
-82.9234
-82.924
-82.9246
-82.9252
-82.9258
-82.9265
-82.9271
-82.9278
-82.9284
-82.9291
-82.9298
-82.9305
-82.9311
-82.9318
-82.9326
-82.9333
-82.934
-82.9347
-82.9355
-82.9362
-82.937
-82.9377
-82.9385
-82.9393
-82.9401
-82.9409
-82.9417
-82.9425
-82.9433
-82.9441
-82.9449
-82.9458
-82.9466
-82.9475
-82.9483
-82.9492
-82.9501
-82.951
-82.9518
-82.9527
-82.9536
-82.9545
-82.9555
-82.9564
-82.9573
-82.9582
-82.9592
-82.9601
-82.9611
-82.962
-82.963
-82.964
-82.9649
-82.9659
-82.9669
-82.9679
-82.9689
-82.9699
-82.9709
-82.9719
-82.973
-82.974
-82.975
-82.9761
-82.9771
-82.9782
-82.9792
-82.9803
-82.9814
-82.9824
-82.9835
-82.9846
-82.9857
-82.9868
-82.9879
-82.989
-82.9901
-82.9912
-82.9923
-82.9935
-82.9946
-82.9957
-82.9969
-82.998
-82.9992
-83.0003
-83.0015
-83.0026
-83.0038
-83.005
-83.0061
-83.0073
-83.0085
-83.0097
-83.0109
-83.0121
-83.0133
-83.0145
-83.0157
-83.0169
-83.0181
-83.0194
-83.0206
-83.0218
-83.023
-83.0243
-83.0255
-83.0268
-83.028
-83.0293
-83.0305
-83.0318
-83.033
-83.0343
-83.0356
-83.0369
-83.0381
-83.0394
-83.0407
-83.042
-83.0433
-83.0446
-83.0459
-83.0472
-83.0485
-83.0498
-83.0511
-83.0524
-83.0537
-83.055
-83.0563
-83.0577
-83.059
-83.0603
-83.0617
-83.063
-83.0643
-83.0657
-83.067
-83.0684
-83.0697
-83.0711
-83.0724
-83.0738
-83.0751
-83.0765
-83.0779
-83.0792
-83.0806
-83.082
-83.0833
-83.0847
-83.0861
-83.0875
-83.0888
-83.0902
-83.0916
-83.093
-83.0943
-83.0957
-83.0971
-83.0985
-83.0999
-83.1013
-83.1027
-83.1041
-83.1055
-83.1069
-83.1082
-83.1096
-83.1111
-83.1125
-83.1139
-83.1153
-83.1167
-83.1181
-83.1195
-83.1209
-83.1223
-83.1237
-83.1252
-83.1266
-83.128
-83.1294
-83.1308
-83.1323
-83.1337
-83.1351
-83.1365
-83.138
-83.1394
-83.1408
-83.1423
-83.1437
-83.1451
-83.1466
-83.148
-83.1495
-83.1509
-83.1523
-83.1538
-83.1552
-83.1567
-83.1581
-83.1596
-83.161
-83.1625
-83.1639
-83.1654
-83.1668
-83.1683
-83.1697
-83.1712
-83.1727
-83.1741
-83.1756
-83.177
-83.1785
-83.1799
-83.1814
-83.1829
-83.1843
-83.1858
-83.1873
-83.1887
-83.1902
-83.1916
-83.1931
-83.1946
-83.196
-83.1975
-83.199
-83.2004
-83.2019
-83.2034
-83.2049
-83.2063
-83.2078
-83.2093
-83.2107
-83.2122
-83.2137
-83.2152
-83.2166
-83.2181
-83.2196
-83.221
-83.2225
-83.224
-83.2255
-83.2269
-83.2284
-83.2299
-83.2314
-83.2329
-83.2343
-83.2358
-83.2373
-83.2388
-83.2402
-83.2417
-83.2432
-83.2447
-83.2461
-83.2476
-83.2491
-83.2506
-83.2521
-83.2535
-83.255
-83.2565
-83.258
-83.2595
-83.2609
-83.2624
-83.2639
-83.2654
-83.2668
-83.2683
-83.2698
-83.2713
-83.2727
-83.2742
-83.2757
-83.2772
-83.2786
-83.2801
-83.2816
-83.2831
-83.2845
-83.286
-83.2875
-83.289
-83.2904
-83.2919
-83.2934
-83.2949
-83.2963
-83.2978
-83.2993
-83.3007
-83.3022
-83.3037
-83.3051
-83.3066
-83.3081
-83.3096
-83.311
-83.3125
-83.314
-83.3154
-83.3169
-83.3184
-83.3198
-83.3213
-83.3227
-83.3242
-83.3257
-83.3271
-83.3286
-83.33
-83.3315
-83.3329
-83.3344
-83.3358
-83.3373
-83.3387
-83.3402
-83.3416
-83.3431
-83.3445
-83.3459
-83.3474
-83.3488
-83.3503
-83.3517
-83.3531
-83.3546
-83.356
-83.3575
-83.3589
-83.3603
-83.3618
-83.3632
-83.3646
-83.366
-83.3675
-83.3689
-83.3703
-83.3718
-83.3732
-83.3746
-83.376
-83.3775
-83.3789
-83.3803
-83.3817
-83.3832
-83.3846
-83.386
-83.3874
-83.3888
-83.3903
-83.3917
-83.3931
-83.3945
-83.3959
-83.3973
-83.3987
-83.4002
-83.4016
-83.403
-83.4044
-83.4058
-83.4072
-83.4086
-83.41
-83.4114
-83.4128
-83.4142
-83.4156
-83.417
-83.4184
-83.4198
-83.4212
-83.4226
-83.424
-83.4254
-83.4268
-83.4282
-83.4296
-83.431
-83.4324
-83.4338
-83.4351
-83.4365
-83.4379
-83.4393
-83.4407
-83.4421
-83.4434
-83.4448
-83.4462
-83.4476
-83.449
-83.4503
-83.4517
-83.4531
-83.4545
-83.4558
-83.4572
-83.4586
-83.4599
-83.4613
-83.4627
-83.464
-83.4654
-83.4668
-83.4681
-83.4695
-83.4709
-83.4722
-83.4736
-83.4749
-83.4763
-83.4776
-83.479
-83.4803
-83.4817
-83.483
-83.4844
-83.4857
-83.4871
-83.4884
-83.4898
-83.4911
-83.4925
-83.4938
-83.4951
-83.4965
-83.4978
-83.4992
-83.5005
-83.5018
-83.5032
-83.5045
-83.5058
-83.5072
-83.5085
-83.5098
-83.5111
-83.5125
-83.5138
-83.5151
-83.5164
-83.5177
-83.5191
-83.5204
-83.5217
-83.523
-83.5243
-83.5256
-83.5269
-83.5283
-83.5296
-83.5309
-83.5322
-83.5335
-83.5348
-83.5361
-83.5374
-83.5387
-83.54
-83.5413
-83.5426
-83.5438
-83.5451
-83.5464
-83.5477
-83.549
-83.5503
-83.5516
-83.5529
-83.5541
-83.5554
-83.5567
-83.558
-83.5592
-83.5605
-83.5618
-83.5631
-83.5643
-83.5656
-83.5669
-83.5681
-83.5694
-83.5707
-83.5719
-83.5732
-83.5744
-83.5757
-83.5769
-83.5782
-83.5794
-83.5807
-83.5819
-83.5832
-83.5844
-83.5857
-83.5869
-83.5881
-83.5894
-83.5906
-83.5918
-83.5931
-83.5943
-83.5955
-83.5968
-83.598
-83.5992
-83.6004
-83.6017
-83.6029
-83.6041
-83.6053
-83.6065
-83.6078
-83.609
-83.6102
-83.6114
-83.6126
-83.6138
-83.615
-83.6162
-83.6174
-83.6186
-83.6198
-83.621
-83.6222
-83.6234
-83.6246
-83.6258
-83.627
-83.6282
-83.6294
-83.6306
-83.6318
-83.633
-83.6342
-83.6354
-83.6366
-83.6377
-83.6389
-83.6401
-83.6413
-83.6425
-83.6436
-83.6448
-83.646
-83.6472
-83.6483
-83.6495
-83.6507
-83.6518
-83.653
-83.6542
-83.6553
-83.6565
-83.6577
-83.6588
-83.66
-83.6611
-83.6623
-83.6634
-83.6646
-83.6658
-83.6669
-83.6681
-83.6692
-83.6704
-83.6715
-83.6726
-83.6738
-83.6749
-83.6761
-83.6772
-83.6783
-83.6795
-83.6806
-83.6818
-83.6829
-83.684
-83.6851
-83.6863
-83.6874
-83.6885
-83.6897
-83.6908
-83.6919
-83.693
-83.6941
-83.6953
-83.6964
-83.6975
-83.6986
-83.6997
-83.7008
-83.7019
-83.7031
-83.7042
-83.7053
-83.7064
-83.7075
-83.7086
-83.7097
-83.7108
-83.7119
-83.713
-83.7141
-83.7152
-83.7163
-83.7174
-83.7184
-83.7195
-83.7206
-83.7217
-83.7228
-83.7239
-83.725
-83.726
-83.7271
-83.7282
-83.7293
-83.7304
-83.7314
-83.7325
-83.7336
-83.7346
-83.7357
-83.7368
-83.7379
-83.7389
-83.74
-83.741
-83.7421
-83.7432
-83.7442
-83.7453
-83.7463
-83.7474
-83.7485
-83.7495
-83.7506
-83.7516
-83.7527
-83.7537
-83.7548
-83.7558
-83.7569
-83.7579
-83.7589
-83.76
-83.761
-83.7621
-83.7631
-83.7641
-83.7652
-83.7662
-83.7672
-83.7683
-83.7693
-83.7703
-83.7713
-83.7724
-83.7734
-83.7744
-83.7754
-83.7765
-83.7775
-83.7785
-83.7795
-83.7805
-83.7815
-83.7825
-83.7836
-83.7846
-83.7856
-83.7866
-83.7876
-83.7886
-83.7896
-83.7906
-83.7916
-83.7926
-83.7936
-83.7946
-83.7956
-83.7966
-83.7976
-83.7986
-83.7996
-83.8005
-83.8015
-83.8025
-83.8035
-83.8045
-83.8055
-83.8064
-83.8074
-83.8084
-83.8094
-83.8103
-83.8113
-83.8123
-83.8133
-83.8142
-83.8152
-83.8161
-83.8171
-83.8181
-83.819
-83.82
-83.8209
-83.8219
-83.8228
-83.8238
-83.8248
-83.8257
-83.8266
-83.8276
-83.8285
-83.8295
-83.8304
-83.8314
-83.8323
-83.8332
-83.8342
-83.8351
-83.8361
-83.837
-83.8379
-83.8388
-83.8398
-83.8407
-83.8416
-83.8426
-83.8435
-83.8444
-83.8453
-83.8462
-83.8472
-83.8481
-83.849
-83.8499
-83.8508
-83.8517
-83.8527
-83.8536
-83.8545
-83.8554
-83.8563
-83.8572
-83.8581
-83.859
-83.8599
-83.8608
-83.8617
-83.8626
-83.8635
-83.8644
-83.8653
-83.8662
-83.8671
-83.868
-83.8689
-83.8698
-83.8707
-83.8715
-83.8724
-83.8733
-83.8742
-83.8751
-83.876
-83.8768
-83.8777
-83.8786
-83.8795
-83.8803
-83.8812
-83.8821
-83.883
-83.8838
-83.8847
-83.8856
-83.8864
-83.8873
-83.8882
-83.889
-83.8899
-83.8907
-83.8916
-83.8925
-83.8933
-83.8942
-83.895
-83.8959
-83.8967
-83.8976
-83.8984
-83.8993
-83.9001
-83.901
-83.9018
-83.9027
-83.9035
-83.9044
-83.9052
-83.906
-83.9069
-83.9077
-83.9086
-83.9094
-83.9102
-83.9111
-83.9119
-83.9127
-83.9136
-83.9144
-83.9152
-83.916
-83.9169
-83.9177
-83.9185
-83.9193
-83.9202
-83.921
-83.9218
-83.9226
-83.9234
-83.9242
-83.9251
-83.9259
-83.9267
-83.9275
-83.9283
-83.9291
-83.9299
-83.9307
-83.9315
-83.9323
-83.9331
-83.9339
-83.9347
-83.9355
-83.9363
-83.9371
-83.9379
-83.9387
-83.9395
-83.9403
-83.9411
-83.9419
-83.9427
-83.9435
-83.9442
-83.945
-83.9458
-83.9466
-83.9474
-83.9482
-83.9489
-83.9497
-83.9505
-83.9513
-83.9521
-83.9528
-83.9536
-83.9544
-83.9551
-83.9559
-83.9567
-83.9575
-83.9582
-83.959
-83.9598
-83.9605
-83.9613
-83.962
-83.9628
-83.9636
-83.9643
-83.9651
-83.9658
-83.9666
-83.9673
-83.9681
-83.9688
-83.9696
-83.9704
-83.9711
-83.9718
-83.9726
-83.9733
-83.9741
-83.9748
-83.9756
-83.9763
-83.9771
-83.9778
-83.9785
-83.9793
-83.98
-83.9807
-83.9815
-83.9822
-83.9829
-83.9837
-83.9844
-83.9851
-83.9859
-83.9866
-83.9873
-83.988
-83.9888
-83.9895
-83.9902
-83.9909
-83.9916
-83.9924
-83.9931
-83.9938
-83.9945
-83.9952
-83.9959
-83.9967
-83.9974
-83.9981
-83.9988
-83.9995
-84.0002
-84.0009
-84.0016
-84.0023
-84.003
-84.0037
-84.0044
-84.0051
-84.0058
-84.0065
-84.0072
-84.0079
-84.0086
-84.0093
-84.01
-84.0107
-84.0114
-84.0121
-84.0128
-84.0135
-84.0141
-84.0148
-84.0155
-84.0162
-84.0169
-84.0176
-84.0182
-84.0189
-84.0196
-84.0203
-84.021
-84.0216
-84.0223
-84.023
-84.0237
-84.0243
-84.025
-84.0257
-84.0263
-84.027
-84.0277
-84.0283
-84.029
-84.0297
-84.0303
-84.031
-84.0317
-84.0323
-84.033
-84.0336
-84.0343
-84.035
-84.0356
-84.0363
-84.0369
-84.0376
-84.0382
-84.0389
-84.0395
-84.0402
-84.0408
-84.0415
-84.0421
-84.0428
-84.0434
-84.044
-84.0447
-84.0453
-84.046
-84.0466
-84.0472
-84.0479
-84.0485
-84.0491
-84.0498
-84.0504
-84.051
-84.0517
-84.0523
-84.0529
-84.0536
-84.0542
-84.0548
-84.0554
-84.0561
-84.0567
-84.0573
-84.0579
-84.0585
-84.0591
-84.0598
-84.0604
-84.061
-84.0616
-84.0622
-84.0628
-84.0634
-84.064
-84.0646
-84.0653
-84.0659
-84.0665
-84.0671
-84.0677
-84.0683
-84.0689
-84.0695
-84.0701
-84.0707
-84.0713
-84.0719
-84.0725
-84.0731
-84.0737
-84.0742
-84.0748
-84.0754
-84.076
-84.0766
-84.0772
-84.0778
-84.0784
-84.079
-84.0795
-84.0801
-84.0807
-84.0813
-84.0819
-84.0825
-84.083
-84.0836
-84.0842
-84.0848
-84.0853
-84.0859
-84.0865
-84.0871
-84.0876
-84.0882
-84.0888
-84.0893
-84.0899
-84.0905
-84.091
-84.0916
-84.0922
-84.0927
-84.0933
-84.0939
-84.0944
-84.095
-84.0956
-84.0961
-84.0967
-84.0972
-84.0978
-84.0983
-84.0989
-84.0995
-84.1
-84.1006
-84.1011
-84.1017
-84.1022
-84.1028
-84.1033
-84.1039
-84.1044
-84.1049
-84.1055
-84.106
-84.1066
-84.1071
-84.1077
-84.1082
-84.1087
-84.1093
-84.1098
-84.1104
-84.1109
-84.1114
-84.112
-84.1125
-84.113
-84.1136
-84.1141
-84.1146
-84.1152
-84.1157
-84.1162
-84.1167
-84.1173
-84.1178
-84.1183
-84.1188
-84.1194
-84.1199
-84.1204
-84.1209
-84.1214
-84.122
-84.1225
-84.123
-84.1235
-84.124
-84.1245
-84.1251
-84.1256
-84.1261
-84.1266
-84.1271
-84.1276
-84.1281
-84.1286
-84.1291
-84.1296
-84.1301
-84.1307
-84.1312
-84.1317
-84.1322
-84.1327
-84.1332
-84.1337
-84.1342
-84.1347
-84.1352
-84.1357
-84.1362
-84.1367
-84.1371
-84.1376
-84.1381
-84.1386
-84.1391
-84.1396
-84.1401
-84.1406
-84.1411
-84.1416
-84.142
-84.1425
-84.143
-84.1435
-84.144
-84.1445
-84.1449
-84.1454
-84.1459
-84.1464
-84.1469
-84.1473
-84.1478
-84.1483
-84.1488
-84.1493
-84.1497
-84.1502
-84.1507
-84.1511
-84.1516
-84.1521
-84.1526
-84.153
-84.1535
-84.154
-84.1544
-84.1549
-84.1554
-84.1558
-84.1563
-84.1567
-84.1572
-84.1577
-84.1581
-84.1586
-84.159
-84.1595
-84.16
-84.1604
-84.1609
-84.1613
-84.1618
-84.1622
-84.1627
-84.1631
-84.1636
-84.164
-84.1645
-84.1649
-84.1654
-84.1658
-84.1663
-84.1667
-84.1672
-84.1676
-84.1681
-84.1685
-84.1689
-84.1694
-84.1698
-84.1703
-84.1707
-84.1711
-84.1716
-84.172
-84.1724
-84.1729
-84.1733
-84.1738
-84.1742
-84.1746
-84.1751
-84.1755
-84.1759
-84.1763
-84.1768
-84.1772
-84.1776
-84.1781
-84.1785
-84.1789
-84.1793
-84.1797
-84.1802
-84.1806
-84.181
-84.1814
-84.1819
-84.1823
-84.1827
-84.1831
-84.1835
-84.1839
-84.1844
-84.1848
-84.1852
-84.1856
-84.186
-84.1864
-84.1868
-84.1873
-84.1877
-84.1881
-84.1885
-84.1889
-84.1893
-84.1897
-84.1901
-84.1905
-84.1909
-84.1913
-84.1917
-84.1921
-84.1925
-84.1929
-84.1933
-84.1937
-84.1941
-84.1945
-84.1949
-84.1953
-84.1957
-84.1961
-84.1965
-84.1969
-84.1973
-84.1977
-84.1981
-84.1985
-84.1989
-84.1992
-84.1996
-84.2
-84.2004
-84.2008
-84.2012
-84.2016
-84.202
-84.2023
-84.2027
-84.2031
-84.2035
-84.2039
-84.2043
-84.2046
-84.205
-84.2054
-84.2058
-84.2061
-84.2065
-84.2069
-84.2073
-84.2077
-84.208
-84.2084
-84.2088
-84.2091
-84.2095
-84.2099
-84.2103
-84.2106
-84.211
-84.2114
-84.2117
-84.2121
-84.2125
-84.2128
-84.2132
-84.2136
-84.2139
-84.2143
-84.2147
-84.215
-84.2154
-84.2157
-84.2161
-84.2165
-84.2168
-84.2172
-84.2175
-84.2179
-84.2182
-84.2186
-84.2189
-84.2193
-84.2197
-84.22
-84.2204
-84.2207
-84.2211
-84.2214
-84.2218
-84.2221
-84.2225
-84.2228
-84.2232
-84.2235
-84.2238
-84.2242
-84.2245
-84.2249
-84.2252
-84.2256
-84.2259
-84.2262
-84.2266
-84.2269
-84.2273
-84.2276
-84.2279
-84.2283
-84.2286
-84.2289
-84.2293
-84.2296
-84.23
-84.2303
-84.2306
-84.2309
-84.2313
-84.2316
-84.2319
-84.2323
-84.2326
-84.2329
-84.2333
-84.2336
-84.2339
-84.2342
-84.2346
-84.2349
-84.2352
-84.2355
-84.2359
-84.2362
-84.2365
-84.2368
-84.2371
-84.2375
-84.2378
-84.2381
-84.2384
-84.2387
-84.239
-84.2394
-84.2397
-84.24
-84.2403
-84.2406
-84.2409
-84.2412
-84.2416
-84.2419
-84.2422
-84.2425
-84.2428
-84.2431
-84.2434
-84.2437
-84.244
-84.2443
-84.2446
-84.2449
-84.2453
-84.2456
-84.2459
-84.2462
-84.2465
-84.2468
-84.2471
-84.2474
-84.2477
-84.248
-84.2483
-84.2486
-84.2489
-84.2492
-84.2494
-84.2497
-84.25
-84.2503
-84.2506
-84.2509
-84.2512
-84.2515
-84.2518
-84.2521
-84.2524
-84.2527
-84.253
-84.2532
-84.2535
-84.2538
-84.2541
-84.2544
-84.2547
-84.255
-84.2552
-84.2555
-84.2558
-84.2561
-84.2564
-84.2567
-84.2569
-84.2572
-84.2575
-84.2578
-84.2581
-84.2583
-84.2586
-84.2589
-84.2592
-84.2594
-84.2597
-84.26
-84.2603
-84.2605
-84.2608
-84.2611
-84.2614
-84.2616
-84.2619
-84.2622
-84.2624
-84.2627
-84.263
-84.2632
-84.2635
-84.2638
-84.264
-84.2643
-84.2646
-84.2648
-84.2651
-84.2654
-84.2656
-84.2659
-84.2661
-84.2664
-84.2667
-84.2669
-84.2672
-84.2674
-84.2677
-84.268
-84.2682
-84.2685
-84.2687
-84.269
-84.2692
-84.2695
-84.2697
-84.27
-84.2702
-84.2705
-84.2707
-84.271
-84.2713
-84.2715
-84.2717
-84.272
-84.2722
-84.2725
-84.2727
-84.273
-84.2732
-84.2735
-84.2737
-84.274
-84.2742
-84.2745
-84.2747
-84.2749
-84.2752
-84.2754
-84.2757
-84.2759
-84.2761
-84.2764
-84.2766
-84.2769
-84.2771
-84.2773
-84.2776
-84.2778
-84.278
-84.2783
-84.2785
-84.2787
-84.279
-84.2792
-84.2794
-84.2797
-84.2799
-84.2801
-84.2804
-84.2806
-84.2808
-84.281
-84.2813
-84.2815
-84.2817
-84.282
-84.2822
-84.2824
-84.2826
-84.2829
-84.2831
-84.2833
-84.2835
-84.2837
-84.284
-84.2842
-84.2844
-84.2846
-84.2848
-84.2851
-84.2853
-84.2855
-84.2857
-84.2859
-84.2861
-84.2864
-84.2866
-84.2868
-84.287
-84.2872
-84.2874
-84.2876
-84.2879
-84.2881
-84.2883
-84.2885
-84.2887
-84.2889
-84.2891
-84.2893
-84.2895
-84.2897
-84.29
-84.2902
-84.2904
-84.2906
-84.2908
-84.291
-84.2912
-84.2914
-84.2916
-84.2918
-84.292
-84.2922
-84.2924
-84.2926
-84.2928
-84.293
-84.2932
-84.2934
-84.2936
-84.2938
-84.294
-84.2942
-84.2944
-84.2946
-84.2948
-84.2949
-84.2951
-84.2953
-84.2955
-84.2957
-84.2959
-84.2961
-84.2963
-84.2965
-84.2967
-84.2969
-84.297
-84.2972
-84.2974
-84.2976
-84.2978
-84.298
-84.2982
-84.2983
-84.2985
-84.2987
-84.2989
-84.2991
-84.2993
-84.2994
-84.2996
-84.2998
-84.3
-84.3002
-84.3003
-84.3005
-84.3007
-84.3009
-84.3011
-84.3012
-84.3014
-84.3016
-84.3018
-84.3019
-84.3021
-84.3023
-84.3025
-84.3026
-84.3028
-84.303
-84.3031
-84.3033
-84.3035
-84.3037
-84.3038
-84.304
-84.3042
-84.3043
-84.3045
-84.3047
-84.3048
-84.305
-84.3052
-84.3053
-84.3055
-84.3057
-84.3058
-84.306
-84.3061
-84.3063
-84.3065
-84.3066
-84.3068
-84.307
-84.3071
-84.3073
-84.3074
-84.3076
-84.3077
-84.3079
-84.3081
-84.3082
-84.3084
-84.3085
-84.3087
-84.3088
-84.309
-84.3092
-84.3093
-84.3095
-84.3096
-84.3098
-84.3099
-84.3101
-84.3102
-84.3104
-84.3105
-84.3107
-84.3108
-84.311
-84.3111
-84.3113
-84.3114
-84.3116
-84.3117
-84.3118
-84.312
-84.3121
-84.3123
-84.3124
-84.3126
-84.3127
-84.3129
-84.313
-84.3131
-84.3133
-84.3134
-84.3136
-84.3137
-84.3138
-84.314
-84.3141
-84.3143
-84.3144
-84.3145
-84.3147
-84.3148
-84.3149
-84.3151
-84.3152
-84.3154
-84.3155
-84.3156
-84.3158
-84.3159
-84.316
-84.3162
-84.3163
-84.3164
-84.3165
-84.3167
-84.3168
-84.3169
-84.3171
-84.3172
-84.3173
-84.3174
-84.3176
-84.3177
-84.3178
-84.318
-84.3181
-84.3182
-84.3183
-84.3185
-84.3186
-84.3187
-84.3188
-84.3189
-84.3191
-84.3192
-84.3193
-84.3194
-84.3196
-84.3197
-84.3198
-84.3199
-84.32
-84.3202
-84.3203
-84.3204
-84.3205
-84.3206
-84.3207
-84.3209
-84.321
-84.3211
-84.3212
-84.3213
-84.3214
-84.3215
-84.3217
-84.3218
-84.3219
-84.322
-84.3221
-84.3222
-84.3223
-84.3224
-84.3225
-84.3226
-84.3228
-84.3229
-84.323
-84.3231
-84.3232
-84.3233
-84.3234
-84.3235
-84.3236
-84.3237
-84.3238
-84.3239
-84.324
-84.3241
-84.3242
-84.3243
-84.3244
-84.3245
-84.3246
-84.3247
-84.3248
-84.3249
-84.325
-84.3251
-84.3252
-84.3253
-84.3254
-84.3255
-84.3256
-84.3257
-84.3258
-84.3259
-84.326
-84.3261
-84.3262
-84.3263
-84.3264
-84.3265
-84.3266
-84.3267
-84.3268
-84.3268
-84.3269
-84.327
-84.3271
-84.3272
-84.3273
-84.3274
-84.3275
-84.3276
-84.3277
-84.3277
-84.3278
-84.3279
-84.328
-84.3281
-84.3282
-84.3283
-84.3283
-84.3284
-84.3285
-84.3286
-84.3287
-84.3288
-84.3288
-84.3289
-84.329
-84.3291
-84.3292
-84.3293
-84.3293
-84.3294
-84.3295
-84.3296
-84.3296
-84.3297
-84.3298
-84.3299
-84.33
-84.33
-84.3301
-84.3302
-84.3303
-84.3303
-84.3304
-84.3305
-84.3306
-84.3306
-84.3307
-84.3308
-84.3309
-84.3309
-84.331
-84.3311
-84.3311
-84.3312
-84.3313
-84.3313
-84.3314
-84.3315
-84.3316
-84.3316
-84.3317
-84.3318
-84.3318
-84.3319
-84.332
-84.332
-84.3321
-84.3321
-84.3322
-84.3323
-84.3323
-84.3324
-84.3325
-84.3325
-84.3326
-84.3327
-84.3327
-84.3328
-84.3328
-84.3329
-84.333
-84.333
-84.3331
-84.3331
-84.3332
-84.3333
-84.3333
-84.3334
-84.3334
-84.3335
-84.3335
-84.3336
-84.3336
-84.3337
-84.3338
-84.3338
-84.3339
-84.3339
-84.334
-84.334
-84.3341
-84.3341
-84.3342
-84.3342
-84.3343
-84.3343
-84.3344
-84.3344
-84.3345
-84.3345
-84.3346
-84.3346
-84.3347
-84.3347
-84.3348
-84.3348
-84.3349
-84.3349
-84.335
-84.335
-84.335
-84.3351
-84.3351
-84.3352
-84.3352
-84.3353
-84.3353
-84.3353
-84.3354
-84.3354
-84.3355
-84.3355
-84.3356
-84.3356
-84.3356
-84.3357
-84.3357
-84.3358
-84.3358
-84.3358
-84.3359
-84.3359
-84.3359
-84.336
-84.336
-84.336
-84.3361
-84.3361
-84.3362
-84.3362
-84.3362
-84.3363
-84.3363
-84.3363
-84.3364
-84.3364
-84.3364
-84.3365
-84.3365
-84.3365
-84.3365
-84.3366
-84.3366
-84.3366
-84.3367
-84.3367
-84.3367
-84.3367
-84.3368
-84.3368
-84.3368
-84.3369
-84.3369
-84.3369
-84.3369
-84.337
-84.337
-84.337
-84.337
-84.3371
-84.3371
-84.3371
-84.3371
-84.3371
-84.3372
-84.3372
-84.3372
-84.3372
-84.3373
-84.3373
-84.3373
-84.3373
-84.3373
-84.3373
-84.3374
-84.3374
-84.3374
-84.3374
-84.3374
-84.3375
-84.3375
-84.3375
-84.3375
-84.3375
-84.3375
-84.3375
-84.3376
-84.3376
-84.3376
-84.3376
-84.3376
-84.3376
-84.3376
-84.3377
-84.3377
-84.3377
-84.3377
-84.3377
-84.3377
-84.3377
-84.3377
-84.3377
-84.3377
-84.3378
-84.3378
-84.3378
-84.3378
-84.3378
-84.3378
-84.3378
-84.3378
-84.3378
-84.3378
-84.3378
-84.3378
-84.3378
-84.3378
-84.3378
-84.3378
-84.3378
-84.3378
-84.3378
-84.3379
-84.3379
-84.3379
-84.3379
-84.3379
-84.3379
-84.3379
-84.3379
-84.3379
-84.3379
-84.3379
-84.3379
-84.3379
-84.3378
-84.3378
-84.3378
-84.3378
-84.3378
-84.3378
-84.3378
-84.3378
-84.3378
-84.3378
-84.3378
-84.3378
-84.3378
-84.3378
-84.3378
-84.3378
-84.3378
-84.3378
-84.3378
-84.3377
-84.3377
-84.3377
-84.3377
-84.3377
-84.3377
-84.3377
-84.3377
-84.3377
-84.3377
-84.3376
-84.3376
-84.3376
-84.3376
-84.3376
-84.3376
-84.3376
-84.3375
-84.3375
-84.3375
-84.3375
-84.3375
-84.3375
-84.3375
-84.3374
-84.3374
-84.3374
-84.3374
-84.3374
-84.3374
-84.3373
-84.3373
-84.3373
-84.3373
-84.3373
-84.3372
-84.3372
-84.3372
-84.3372
-84.3372
-84.3371
-84.3371
-84.3371
-84.3371
-84.337
-84.337
-84.337
-84.337
-84.337
-84.3369
-84.3369
-84.3369
-84.3369
-84.3368
-84.3368
-84.3368
-84.3367
-84.3367
-84.3367
-84.3367
-84.3366
-84.3366
-84.3366
-84.3366
-84.3365
-84.3365
-84.3365
-84.3364
-84.3364
-84.3364
-84.3363
-84.3363
-84.3363
-84.3362
-84.3362
-84.3362
-84.3361
-84.3361
-84.3361
-84.336
-84.336
-84.336
-84.3359
-84.3359
-84.3359
-84.3358
-84.3358
-84.3358
-84.3357
-84.3357
-84.3357
-84.3356
-84.3356
-84.3355
-84.3355
-84.3355
-84.3354
-84.3354
-84.3353
-84.3353
-84.3353
-84.3352
-84.3352
-84.3351
-84.3351
-84.3351
-84.335
-84.335
-84.3349
-84.3349
-84.3348
-84.3348
-84.3348
-84.3347
-84.3347
-84.3346
-84.3346
-84.3345
-84.3345
-84.3344
-84.3344
-84.3344
-84.3343
-84.3343
-84.3342
-84.3342
-84.3341
-84.3341
-84.334
-84.334
-84.3339
-84.3339
-84.3338
-84.3338
-84.3337
-84.3337
-84.3336
-84.3336
-84.3335
-84.3335
-84.3334
-84.3334
-84.3333
-84.3333
-84.3332
-84.3331
-84.3331
-84.333
-84.333
-84.3329
-84.3329
-84.3328
-84.3328
-84.3327
-84.3326
-84.3326
-84.3325
-84.3325
-84.3324
-84.3324
-84.3323
-84.3322
-84.3322
-84.3321
-84.3321
-84.332
-84.3319
-84.3319
-84.3318
-84.3318
-84.3317
-84.3316
-84.3316
-84.3315
-84.3315
-84.3314
-84.3313
-84.3313
-84.3312
-84.3311
-84.3311
-84.331
-84.3309
-84.3309
-84.3308
-84.3308
-84.3307
-84.3306
-84.3306
-84.3305
-84.3304
-84.3304
-84.3303
-84.3302
-84.3302
-84.3301
-84.33
-84.3299
-84.3299
-84.3298
-84.3297
-84.3297
-84.3296
-84.3295
-84.3295
-84.3294
-84.3293
-84.3292
-84.3292
-84.3291
-84.329
-84.329
-84.3289
-84.3288
-84.3287
-84.3287
-84.3286
-84.3285
-84.3284
-84.3284
-84.3283
-84.3282
-84.3281
-84.3281
-84.328
-84.3279
-84.3278
-84.3277
-84.3277
-84.3276
-84.3275
-84.3274
-84.3274
-84.3273
-84.3272
-84.3271
-84.327
-84.327
-84.3269
-84.3268
-84.3267
-84.3266
-84.3265
-84.3265
-84.3264
-84.3263
-84.3262
-84.3261
-84.3261
-84.326
-84.3259
-84.3258
-84.3257
-84.3256
-84.3255
-84.3255
-84.3254
-84.3253
-84.3252
-84.3251
-84.325
-84.3249
-84.3249
-84.3248
-84.3247
-84.3246
-84.3245
-84.3244
-84.3243
-84.3242
-84.3241
-84.3241
-84.324
-84.3239
-84.3238
-84.3237
-84.3236
-84.3235
-84.3234
-84.3233
-84.3232
-84.3231
-84.3231
-84.323
-84.3229
-84.3228
-84.3227
-84.3226
-84.3225
-84.3224
-84.3223
-84.3222
-84.3221
-84.322
-84.3219
-84.3218
-84.3217
-84.3216
-84.3215
-84.3214
-84.3213
-84.3212
-84.3211
-84.321
-84.3209
-84.3208
-84.3207
-84.3206
-84.3205
-84.3204
-84.3203
-84.3202
-84.3201
-84.32
-84.3199
-84.3198
-84.3197
-84.3196
-84.3195
-84.3194
-84.3193
-84.3192
-84.3191
-84.319
-84.3189
-84.3188
-84.3187
-84.3186
-84.3185
-84.3184
-84.3183
-84.3182
-84.3181
-84.318
-84.3179
-84.3178
-84.3176
-84.3175
-84.3174
-84.3173
-84.3172
-84.3171
-84.317
-84.3169
-84.3168
-84.3167
-84.3166
-84.3164
-84.3163
-84.3162
-84.3161
-84.316
-84.3159
-84.3158
-84.3157
-84.3156
-84.3154
-84.3153
-84.3152
-84.3151
-84.315
-84.3149
-84.3148
-84.3147
-84.3145
-84.3144
-84.3143
-84.3142
-84.3141
-84.314
-84.3138
-84.3137
-84.3136
-84.3135
-84.3134
-84.3133
-84.3131
-84.313
-84.3129
-84.3128
-84.3127
-84.3125
-84.3124
-84.3123
-84.3122
-84.3121
-84.312
-84.3118
-84.3117
-84.3116
-84.3115
-84.3113
-84.3112
-84.3111
-84.311
-84.3109
-84.3107
-84.3106
-84.3105
-84.3104
-84.3102
-84.3101
-84.31
-84.3099
-84.3097
-84.3096
-84.3095
-84.3094
-84.3092
-84.3091
-84.309
-84.3089
-84.3087
-84.3086
-84.3085
-84.3084
-84.3082
-84.3081
-84.308
-84.3078
-84.3077
-84.3076
-84.3075
-84.3073
-84.3072
-84.3071
-84.3069
-84.3068
-84.3067
-84.3065
-84.3064
-84.3063
-84.3062
-84.306
-84.3059
-84.3058
-84.3056
-84.3055
-84.3054
-84.3052
-84.3051
-84.305
-84.3048
-84.3047
-84.3045
-84.3044
-84.3043
-84.3041
-84.304
-84.3039
-84.3037
-84.3036
-84.3035
-84.3033
-84.3032
-84.3031
-84.3029
-84.3028
-84.3026
-84.3025
-84.3024
-84.3022
-84.3021
-84.3019
-84.3018
-84.3017
-84.3015
-84.3014
-84.3012
-84.3011
-84.301
-84.3008
-84.3007
-84.3005
-84.3004
-84.3003
-84.3001
-84.3
-84.2998
-84.2997
-84.2995
-84.2994
-84.2992
-84.2991
-84.299
-84.2988
-84.2987
-84.2985
-84.2984
-84.2982
-84.2981
-84.2979
-84.2978
-84.2976
-84.2975
-84.2974
-84.2972
-84.2971
-84.2969
-84.2968
-84.2966
-84.2965
-84.2963
-84.2962
-84.296
-84.2959
-84.2957
-84.2956
-84.2954
-84.2953
-84.2951
-84.295
-84.2948
-84.2947
-84.2945
-84.2944
-84.2942
-84.2941
-84.2939
-84.2938
-84.2936
-84.2934
-84.2933
-84.2931
-84.293
-84.2928
-84.2927
-84.2925
-84.2924
-84.2922
-84.2921
-84.2919
-84.2917
-84.2916
-84.2914
-84.2913
-84.2911
-84.291
-84.2908
-84.2906
-84.2905
-84.2903
-84.2902
-84.29
-84.2898
-84.2897
-84.2895
-84.2894
-84.2892
-84.289
-84.2889
-84.2887
-84.2886
-84.2884
-84.2882
-84.2881
-84.2879
-84.2878
-84.2876
-84.2874
-84.2873
-84.2871
-84.2869
-84.2868
-84.2866
-84.2864
-84.2863
-84.2861
-84.2859
-84.2858
-84.2856
-84.2855
-84.2853
-84.2851
-84.285
-84.2848
-84.2846
-84.2845
-84.2843
-84.2841
-84.2839
-84.2838
-84.2836
-84.2834
-84.2833
-84.2831
-84.2829
-84.2828
-84.2826
-84.2824
-84.2823
-84.2821
-84.2819
-84.2817
-84.2816
-84.2814
-84.2812
-84.2811
-84.2809
-84.2807
-84.2805
-84.2804
-84.2802
-84.28
-84.2798
-84.2797
-84.2795
-84.2793
-84.2792
-84.279
-84.2788
-84.2786
-84.2785
-84.2783
-84.2781
-84.2779
-84.2777
-84.2776
-84.2774
-84.2772
-84.277
-84.2769
-84.2767
-84.2765
-84.2763
-84.2762
-84.276
-84.2758
-84.2756
-84.2754
-84.2753
-84.2751
-84.2749
-84.2747
-84.2745
-84.2744
-84.2742
-84.274
-84.2738
-84.2736
-84.2735
-84.2733
-84.2731
-84.2729
-84.2727
-84.2725
-84.2724
-84.2722
-84.272
-84.2718
-84.2716
-84.2714
-84.2713
-84.2711
-84.2709
-84.2707
-84.2705
-84.2703
-84.2701
-84.27
-84.2698
-84.2696
-84.2694
-84.2692
-84.269
-84.2688
-84.2687
-84.2685
-84.2683
-84.2681
-84.2679
-84.2677
-84.2675
-84.2673
-84.2671
-84.267
-84.2668
-84.2666
-84.2664
-84.2662
-84.266
-84.2658
-84.2656
-84.2654
-84.2652
-84.2651
-84.2649
-84.2647
-84.2645
-84.2643
-84.2641
-84.2639
-84.2637
-84.2635
-84.2633
-84.2631
-84.2629
-84.2627
-84.2625
-84.2623
-84.2622
-84.262
-84.2618
-84.2616
-84.2614
-84.2612
-84.261
-84.2608
-84.2606
-84.2604
-84.2602
-84.26
-84.2598
-84.2596
-84.2594
-84.2592
-84.259
-84.2588
-84.2586
-84.2584
-84.2582
-84.258
-84.2578
-84.2576
-84.2574
-84.2572
-84.257
-84.2568
-84.2566
-84.2564
-84.2562
-84.256
-84.2558
-84.2556
-84.2554
-84.2552
-84.255
-84.2548
-84.2546
-84.2544
-84.2542
-84.254
-84.2538
-84.2536
-84.2534
-84.2532
-84.253
-84.2528
-84.2525
-84.2523
-84.2521
-84.2519
-84.2517
-84.2515
-84.2513
-84.2511
-84.2509
-84.2507
-84.2505
-84.2503
-84.2501
-84.2499
-84.2497
-84.2494
-84.2492
-84.249
-84.2488
-84.2486
-84.2484
-84.2482
-84.248
-84.2478
-84.2476
-84.2474
-84.2471
-84.2469
-84.2467
-84.2465
-84.2463
-84.2461
-84.2459
-84.2457
-84.2454
-84.2452
-84.245
-84.2448
-84.2446
-84.2444
-84.2442
-84.244
-84.2437
-84.2435
-84.2433
-84.2431
-84.2429
-84.2427
-84.2425
-84.2422
-84.242
-84.2418
-84.2416
-84.2414
-84.2412
-84.2409
-84.2407
-84.2405
-84.2403
-84.2401
-84.2399
-84.2396
-84.2394
-84.2392
-84.239
-84.2388
-84.2385
-84.2383
-84.2381
-84.2379
-84.2377
-84.2374
-84.2372
-84.237
-84.2368
-84.2366
-84.2363
-84.2361
-84.2359
-84.2357
-84.2355
-84.2352
-84.235
-84.2348
-84.2346
-84.2343
-84.2341
-84.2339
-84.2337
-84.2335
-84.2332
-84.233
-84.2328
-84.2326
-84.2323
-84.2321
-84.2319
-84.2317
-84.2314
-84.2312
-84.231
-84.2308
-84.2305
-84.2303
-84.2301
-84.2298
-84.2296
-84.2294
-84.2292
-84.2289
-84.2287
-84.2285
-84.2283
-84.228
-84.2278
-84.2276
-84.2273
-84.2271
-84.2269
-84.2266
-84.2264
-84.2262
-84.226
-84.2257
-84.2255
-84.2253
-84.225
-84.2248
-84.2246
-84.2243
-84.2241
-84.2239
-84.2236
-84.2234
-84.2232
-84.2229
-84.2227
-84.2225
-84.2222
-84.222
-84.2218
-84.2215
-84.2213
-84.2211
-84.2208
-84.2206
-84.2204
-84.2201
-84.2199
-84.2197
-84.2194
-84.2192
-84.219
-84.2187
-84.2185
-84.2182
-84.218
-84.2178
-84.2175
-84.2173
-84.2171
-84.2168
-84.2166
-84.2163
-84.2161
-84.2159
-84.2156
-84.2154
-84.2151
-84.2149
-84.2147
-84.2144
-84.2142
-84.2139
-84.2137
-84.2135
-84.2132
-84.213
-84.2127
-84.2125
-84.2123
-84.212
-84.2118
-84.2115
-84.2113
-84.211
-84.2108
-84.2106
-84.2103
-84.2101
-84.2098
-84.2096
-84.2093
-84.2091
-84.2089
-84.2086
-84.2084
-84.2081
-84.2079
-84.2076
-84.2074
-84.2071
-84.2069
-84.2066
-84.2064
-84.2062
-84.2059
-84.2057
-84.2054
-84.2052
-84.2049
-84.2047
-84.2044
-84.2042
-84.2039
-84.2037
-84.2034
-84.2032
-84.2029
-84.2027
-84.2024
-84.2022
-84.2019
-84.2017
-84.2014
-84.2012
-84.2009
-84.2007
-84.2004
-84.2002
-84.1999
-84.1997
-84.1994
-84.1992
-84.1989
-84.1987
-84.1984
-84.1981
-84.1979
-84.1976
-84.1974
-84.1971
-84.1969
-84.1966
-84.1964
-84.1961
-84.1959
-84.1956
-84.1954
-84.1951
-84.1948
-84.1946
-84.1943
-84.1941
-84.1938
-84.1936
-84.1933
-84.193
-84.1928
-84.1925
-84.1923
-84.192
-84.1918
-84.1915
-84.1912
-84.191
-84.1907
-84.1905
-84.1902
-84.19
-84.1897
-84.1894
-84.1892
-84.1889
-84.1887
-84.1884
-84.1881
-84.1879
-84.1876
-84.1873
-84.1871
-84.1868
-84.1866
-84.1863
-84.186
-84.1858
-84.1855
-84.1853
-84.185
-84.1847
-84.1845
-84.1842
-84.1839
-84.1837
-84.1834
-84.1831
-84.1829
-84.1826
-84.1824
-84.1821
-84.1818
-84.1816
-84.1813
-84.181
-84.1808
-84.1805
-84.1802
-84.18
-84.1797
-84.1794
-84.1792
-84.1789
-84.1786
-84.1784
-84.1781
-84.1778
-84.1776
-84.1773
-84.177
-84.1767
-84.1765
-84.1762
-84.1759
-84.1757
-84.1754
-84.1751
-84.1749
-84.1746
-84.1743
-84.1741
-84.1738
-84.1735
-84.1732
-84.173
-84.1727
-84.1724
-84.1722
-84.1719
-84.1716
-84.1713
-84.1711
-84.1708
-84.1705
-84.1702
-84.17
-84.1697
-84.1694
-84.1692
-84.1689
-84.1686
-84.1683
-84.1681
-84.1678
-84.1675
-84.1672
-84.167
-84.1667
-84.1664
-84.1661
-84.1658
-84.1656
-84.1653
-84.165
-84.1647
-84.1645
-84.1642
-84.1639
-84.1636
-84.1634
-84.1631
-84.1628
-84.1625
-84.1622
-84.162
-84.1617
-84.1614
-84.1611
-84.1608
-84.1606
-84.1603
-84.16
-84.1597
-84.1594
-84.1592
-84.1589
-84.1586
-84.1583
-84.158
-84.1578
-84.1575
-84.1572
-84.1569
-84.1566
-84.1564
-84.1561
-84.1558
-84.1555
-84.1552
-84.1549
-84.1547
-84.1544
-84.1541
-84.1538
-84.1535
-84.1532
-84.1529
-84.1527
-84.1524
-84.1521
-84.1518
-84.1515
-84.1512
-84.1509
-84.1507
-84.1504
-84.1501
-84.1498
-84.1495
-84.1492
-84.1489
-84.1487
-84.1484
-84.1481
-84.1478
-84.1475
-84.1472
-84.1469
-84.1466
-84.1463
-84.1461
-84.1458
-84.1455
-84.1452
-84.1449
-84.1446
-84.1443
-84.144
-84.1437
-84.1435
-84.1432
-84.1429
-84.1426
-84.1423
-84.142
-84.1417
-84.1414
-84.1411
-84.1408
-84.1405
-84.1402
-84.1399
-84.1397
-84.1394
-84.1391
-84.1388
-84.1385
-84.1382
-84.1379
-84.1376
-84.1373
-84.137
-84.1367
-84.1364
-84.1361
-84.1358
-84.1355
-84.1352
-84.1349
-84.1346
-84.1344
-84.1341
-84.1338
-84.1335
-84.1332
-84.1329
-84.1326
-84.1323
-84.132
-84.1317
-84.1314
-84.1311
-84.1308
-84.1305
-84.1302
-84.1299
-84.1296
-84.1293
-84.129
-84.1287
-84.1284
-84.1281
-84.1278
-84.1275
-84.1272
-84.1269
-84.1266
-84.1263
-84.126
-84.1257
-84.1254
-84.1251
-84.1248
-84.1245
-84.1242
-84.1239
-84.1236
-84.1233
-84.123
-84.1227
-84.1224
-84.1221
-84.1218
-84.1215
-84.1211
-84.1208
-84.1205
-84.1202
-84.1199
-84.1196
-84.1193
-84.119
-84.1187
-84.1184
-84.1181
-84.1178
-84.1175
-84.1172
-84.1169
-84.1166
-84.1163
-84.116
-84.1156
-84.1153
-84.115
-84.1147
-84.1144
-84.1141
-84.1138
-84.1135
-84.1132
-84.1129
-84.1126
-84.1123
-84.112
-84.1116
-84.1113
-84.111
-84.1107
-84.1104
-84.1101
-84.1098
-84.1095
-84.1092
-84.1088
-84.1085
-84.1082
-84.1079
-84.1076
-84.1073
-84.107
-84.1067
-84.1064
-84.106
-84.1057
-84.1054
-84.1051
-84.1048
-84.1045
-84.1042
-84.1039
-84.1035
-84.1032
-84.1029
-84.1026
-84.1023
-84.102
-84.1017
-84.1013
-84.101
-84.1007
-84.1004
-84.1001
-84.0998
-84.0994
-84.0991
-84.0988
-84.0985
-84.0982
-84.0979
-84.0975
-84.0972
-84.0969
-84.0966
-84.0963
-84.096
-84.0956
-84.0953
-84.095
-84.0947
-84.0944
-84.094
-84.0937
-84.0934
-84.0931
-84.0928
-84.0924
-84.0921
-84.0918
-84.0915
-84.0912
-84.0908
-84.0905
-84.0902
-84.0899
-84.0896
-84.0892
-84.0889
-84.0886
-84.0883
-84.0879
-84.0876
-84.0873
-84.087
-84.0867
-84.0863
-84.086
-84.0857
-84.0854
-84.085
-84.0847
-84.0844
-84.0841
-84.0837
-84.0834
-84.0831
-84.0828
-84.0824
-84.0821
-84.0818
-84.0815
-84.0811
-84.0808
-84.0805
-84.0802
-84.0798
-84.0795
-84.0792
-84.0789
-84.0785
-84.0782
-84.0779
-84.0775
-84.0772
-84.0769
-84.0766
-84.0762
-84.0759
-84.0756
-84.0752
-84.0749
-84.0746
-84.0743
-84.0739
-84.0736
-84.0733
-84.0729
-84.0726
-84.0723
-84.0719
-84.0716
-84.0713
-84.071
-84.0706
-84.0703
-84.07
-84.0696
-84.0693
-84.069
-84.0686
-84.0683
-84.068
-84.0676
-84.0673
-84.067
-84.0666
-84.0663
-84.066
-84.0656
-84.0653
-84.065
-84.0646
-84.0643
-84.064
-84.0636
-84.0633
-84.063
-84.0626
-84.0623
-84.062
-84.0616
-84.0613
-84.0609
-84.0606
-84.0603
-84.0599
-84.0596
-84.0593
-84.0589
-84.0586
-84.0582
-84.0579
-84.0576
-84.0572
-84.0569
-84.0566
-84.0562
-84.0559
-84.0555
-84.0552
-84.0549
-84.0545
-84.0542
-84.0538
-84.0535
-84.0532
-84.0528
-84.0525
-84.0521
-84.0518
-84.0515
-84.0511
-84.0508
-84.0504
-84.0501
-84.0497
-84.0494
-84.0491
-84.0487
-84.0484
-84.048
-84.0477
-84.0473
-84.047
-84.0467
-84.0463
-84.046
-84.0456
-84.0453
-84.0449
-84.0446
-84.0442
-84.0439
-84.0435
-84.0432
-84.0429
-84.0425
-84.0422
-84.0418
-84.0415
-84.0411
-84.0408
-84.0404
-84.0401
-84.0397
-84.0394
-84.039
-84.0387
-84.0383
-84.038
-84.0376
-84.0373
-84.0369
-84.0366
-84.0362
-84.0359
-84.0355
-84.0352
-84.0348
-84.0345
-84.0341
-84.0338
-84.0334
-84.0331
-84.0327
-84.0324
-84.032
-84.0317
-84.0313
-84.0309
-84.0306
-84.0302
-84.0299
-84.0295
-84.0292
-84.0288
-84.0285
-84.0281
-84.0278
-84.0274
-84.0271
-84.0267
-84.0263
-84.026
-84.0256
-84.0253
-84.0249
-84.0246
-84.0242
-84.0238
-84.0235
-84.0231
-84.0228
-84.0224
-84.0221
-84.0217
-84.0213
-84.021
-84.0206
-84.0203
-84.0199
-84.0196
-84.0192
-84.0188
-84.0185
-84.0181
-84.0178
-84.0174
-84.017
-84.0167
-84.0163
-84.016
-84.0156
-84.0152
-84.0149
-84.0145
-84.0142
-84.0138
-84.0134
-84.0131
-84.0127
-84.0124
-84.012
-84.0116
-84.0113
-84.0109
-84.0105
-84.0102
-84.0098
-84.0094
-84.0091
-84.0087
-84.0084
-84.008
-84.0076
-84.0073
-84.0069
-84.0065
-84.0062
-84.0058
-84.0054
-84.0051
-84.0047
-84.0043
-84.004
-84.0036
-84.0032
-84.0029
-84.0025
-84.0021
-84.0018
-84.0014
-84.001
-84.0007
-84.0003
-83.9999
-83.9996
-83.9992
-83.9988
-83.9985
-83.9981
-83.9977
-83.9974
-83.997
-83.9966
-83.9963
-83.9959
-83.9955
-83.9951
-83.9948
-83.9944
-83.994
-83.9937
-83.9933
-83.9929
-83.9926
-83.9922
-83.9918
-83.9914
-83.9911
-83.9907
-83.9903
-83.9899
-83.9896
-83.9892
-83.9888
-83.9885
-83.9881
-83.9877
-83.9873
-83.987
-83.9866
-83.9862
-83.9858
-83.9855
-83.9851
-83.9847
-83.9843
-83.984
-83.9836
-83.9832
-83.9828
-83.9825
-83.9821
-83.9817
-83.9813
-83.981
-83.9806
-83.9802
-83.9798
-83.9795
-83.9791
-83.9787
-83.9783
-83.9779
-83.9776
-83.9772
-83.9768
-83.9764
-83.9761
-83.9757
-83.9753
-83.9749
-83.9745
-83.9742
-83.9738
-83.9734
-83.973
-83.9726
-83.9723
-83.9719
-83.9715
-83.9711
-83.9707
-83.9704
-83.97
-83.9696
-83.9692
-83.9688
-83.9685
-83.9681
-83.9677
-83.9673
-83.9669
-83.9665
-83.9662
-83.9658
-83.9654
-83.965
-83.9646
-83.9642
-83.9639
-83.9635
-83.9631
-83.9627
-83.9623
-83.9619
-83.9616
-83.9612
-83.9608
-83.9604
-83.96
-83.9596
-83.9592
-83.9589
-83.9585
-83.9581
-83.9577
-83.9573
-83.9569
-83.9565
-83.9562
-83.9558
-83.9554
-83.955
-83.9546
-83.9542
-83.9538
-83.9534
-83.9531
-83.9527
-83.9523
-83.9519
-83.9515
-83.9511
-83.9507
-83.9503
-83.9499
-83.9496
-83.9492
-83.9488
-83.9484
-83.948
-83.9476
-83.9472
-83.9468
-83.9464
-83.946
-83.9457
-83.9453
-83.9449
-83.9445
-83.9441
-83.9437
-83.9433
-83.9429
-83.9425
-83.9421
-83.9417
-83.9413
-83.9409
-83.9406
-83.9402
-83.9398
-83.9394
-83.939
-83.9386
-83.9382
-83.9378
-83.9374
-83.937
-83.9366
-83.9362
-83.9358
-83.9354
-83.935
-83.9346
-83.9342
-83.9338
-83.9334
-83.9331
-83.9327
-83.9323
-83.9319
-83.9315
-83.9311
-83.9307
-83.9303
-83.9299
-83.9295
-83.9291
-83.9287
-83.9283
-83.9279
-83.9275
-83.9271
-83.9267
-83.9263
-83.9259
-83.9255
-83.9251
-83.9247
-83.9243
-83.9239
-83.9235
-83.9231
-83.9227
-83.9223
-83.9219
-83.9215
-83.9211
-83.9207
-83.9203
-83.9199
-83.9195
-83.9191
-83.9187
-83.9183
-83.9179
-83.9175
-83.9171
-83.9167
-83.9163
-83.9158
-83.9154
-83.915
-83.9146
-83.9142
-83.9138
-83.9134
-83.913
-83.9126
-83.9122
-83.9118
-83.9114
-83.911
-83.9106
-83.9102
-83.9098
-83.9094
-83.909
-83.9086
-83.9082
-83.9077
-83.9073
-83.9069
-83.9065
-83.9061
-83.9057
-83.9053
-83.9049
-83.9045
-83.9041
-83.9037
-83.9033
-83.9029
-83.9024
-83.902
-83.9016
-83.9012
-83.9008
-83.9004
-83.9
-83.8996
-83.8992
-83.8988
-83.8983
-83.8979
-83.8975
-83.8971
-83.8967
-83.8963
-83.8959
-83.8955
-83.8951
-83.8946
-83.8942
-83.8938
-83.8934
-83.893
-83.8926
-83.8922
-83.8918
-83.8913
-83.8909
-83.8905
-83.8901
-83.8897
-83.8893
-83.8889
-83.8885
-83.888
-83.8876
-83.8872
-83.8868
-83.8864
-83.886
-83.8855
-83.8851
-83.8847
-83.8843
-83.8839
-83.8835
-83.8831
-83.8826
-83.8822
-83.8818
-83.8814
-83.881
-83.8806
-83.8801
-83.8797
-83.8793
-83.8789
-83.8785
-83.878
-83.8776
-83.8772
-83.8768
-83.8764
-83.8759
-83.8755
-83.8751
-83.8747
-83.8743
-83.8739
-83.8734
-83.873
-83.8726
-83.8722
-83.8717
-83.8713
-83.8709
-83.8705
-83.8701
-83.8696
-83.8692
-83.8688
-83.8684
-83.868
-83.8675
-83.8671
-83.8667
-83.8663
-83.8658
-83.8654
-83.865
-83.8646
-83.8641
-83.8637
-83.8633
-83.8629
-83.8624
-83.862
-83.8616
-83.8612
-83.8607
-83.8603
-83.8599
-83.8595
-83.859
-83.8586
-83.8582
-83.8578
-83.8573
-83.8569
-83.8565
-83.8561
-83.8556
-83.8552
-83.8548
-83.8544
-83.8539
-83.8535
-83.8531
-83.8526
-83.8522
-83.8518
-83.8514
-83.8509
-83.8505
-83.8501
-83.8496
-83.8492
-83.8488
-83.8484
-83.8479
-83.8475
-83.8471
-83.8466
-83.8462
-83.8458
-83.8453
-83.8449
-83.8445
-83.844
-83.8436
-83.8432
-83.8428
-83.8423
-83.8419
-83.8415
-83.841
-83.8406
-83.8402
-83.8397
-83.8393
-83.8389
-83.8384
-83.838
-83.8376
-83.8371
-83.8367
-83.8363
-83.8358
-83.8354
-83.835
-83.8345
-83.8341
-83.8336
-83.8332
-83.8328
-83.8323
-83.8319
-83.8315
-83.831
-83.8306
-83.8302
-83.8297
-83.8293
-83.8288
-83.8284
-83.828
-83.8275
-83.8271
-83.8267
-83.8262
-83.8258
-83.8253
-83.8249
-83.8245
-83.824
-83.8236
-83.8231
-83.8227
-83.8223
-83.8218
-83.8214
-83.8209
-83.8205
-83.8201
-83.8196
-83.8192
-83.8187
-83.8183
-83.8179
-83.8174
-83.817
-83.8165
-83.8161
-83.8157
-83.8152
-83.8148
-83.8143
-83.8139
-83.8134
-83.813
-83.8126
-83.8121
-83.8117
-83.8112
-83.8108
-83.8103
-83.8099
-83.8094
-83.809
-83.8086
-83.8081
-83.8077
-83.8072
-83.8068
-83.8063
-83.8059
-83.8054
-83.805
-83.8045
-83.8041
-83.8036
-83.8032
-83.8027
-83.8023
-83.8018
-83.8014
-83.8009
-83.8005
-83.8
-83.7996
-83.7991
-83.7987
-83.7982
-83.7978
-83.7973
-83.7969
-83.7964
-83.796
-83.7955
-83.7951
-83.7946
-83.7942
-83.7937
-83.7933
-83.7928
-83.7923
-83.7919
-83.7914
-83.791
-83.7905
-83.7901
-83.7896
-83.7892
-83.7887
-83.7883
-83.7878
-83.7873
-83.7869
-83.7864
-83.786
-83.7855
-83.7851
-83.7846
-83.7841
-83.7837
-83.7832
-83.7828
-83.7823
-83.7819
-83.7814
-83.7809
-83.7805
-83.78
-83.7796
-83.7791
-83.7786
-83.7782
-83.7777
-83.7773
-83.7768
-83.7763
-83.7759
-83.7754
-83.775
-83.7745
-83.774
-83.7736
-83.7731
-83.7726
-83.7722
-83.7717
-83.7713
-83.7708
-83.7703
-83.7699
-83.7694
-83.7689
-83.7685
-83.768
-83.7676
-83.7671
-83.7666
-83.7662
-83.7657
-83.7652
-83.7648
-83.7643
-83.7638
-83.7634
-83.7629
-83.7624
-83.762
-83.7615
-83.761
-83.7606
-83.7601
-83.7596
-83.7592
-83.7587
-83.7582
-83.7578
-83.7573
-83.7568
-83.7564
-83.7559
-83.7554
-83.755
-83.7545
-83.754
-83.7536
-83.7531
-83.7526
-83.7522
-83.7517
-83.7512
-83.7508
-83.7503
-83.7498
-83.7493
-83.7489
-83.7484
-83.7479
-83.7475
-83.747
-83.7465
-83.746
-83.7456
-83.7451
-83.7446
-83.7442
-83.7437
-83.7432
-83.7427
-83.7423
-83.7418
-83.7413
-83.7408
-83.7404
-83.7399
-83.7394
-83.739
-83.7385
-83.738
-83.7375
-83.7371
-83.7366
-83.7361
-83.7356
-83.7352
-83.7347
-83.7342
-83.7337
-83.7333
-83.7328
-83.7323
-83.7318
-83.7313
-83.7309
-83.7304
-83.7299
-83.7294
-83.729
-83.7285
-83.728
-83.7275
-83.7271
-83.7266
-83.7261
-83.7256
-83.7251
-83.7247
-83.7242
-83.7237
-83.7232
-83.7227
-83.7223
-83.7218
-83.7213
-83.7208
-83.7203
-83.7199
-83.7194
-83.7189
-83.7184
-83.7179
-83.7175
-83.717
-83.7165
-83.716
-83.7155
-83.715
-83.7146
-83.7141
-83.7136
-83.7131
-83.7126
-83.7122
-83.7117
-83.7112
-83.7107
-83.7102
-83.7097
-83.7092
-83.7088
-83.7083
-83.7078
-83.7073
-83.7068
-83.7063
-83.7059
-83.7054
-83.7049
-83.7044
-83.7039
-83.7034
-83.7029
-83.7024
-83.702
-83.7015
-83.701
-83.7005
-83.7
-83.6995
-83.699
-83.6985
-83.6981
-83.6976
-83.6971
-83.6966
-83.6961
-83.6956
-83.6951
-83.6946
-83.6941
-83.6937
-83.6932
-83.6927
-83.6922
-83.6917
-83.6912
-83.6907
-83.6902
-83.6897
-83.6892
-83.6887
-83.6883
-83.6878
-83.6873
-83.6868
-83.6863
-83.6858
-83.6853
-83.6848
-83.6843
-83.6838
-83.6833
-83.6828
-83.6823
-83.6818
-83.6814
-83.6809
-83.6804
-83.6799
-83.6794
-83.6789
-83.6784
-83.6779
-83.6774
-83.6769
-83.6764
-83.6759
-83.6754
-83.6749
-83.6744
-83.6739
-83.6734
-83.6729
-83.6724
-83.6719
-83.6714
-83.6709
-83.6704
-83.6699
-83.6694
-83.6689
-83.6684
-83.6679
-83.6674
-83.667
-83.6665
-83.666
-83.6655
-83.665
-83.6645
-83.664
-83.6635
-83.663
-83.6625
-83.6619
-83.6614
-83.6609
-83.6604
-83.6599
-83.6594
-83.6589
-83.6584
-83.6579
-83.6574
-83.6569
-83.6564
-83.6559
-83.6554
-83.6549
-83.6544
-83.6539
-83.6534
-83.6529
-83.6524
-83.6519
-83.6514
-83.6509
-83.6504
-83.6499
-83.6494
-83.6489
-83.6484
-83.6479
-83.6473
-83.6468
-83.6463
-83.6458
-83.6453
-83.6448
-83.6443
-83.6438
-83.6433
-83.6428
-83.6423
-83.6418
-83.6413
-83.6408
-83.6402
-83.6397
-83.6392
-83.6387
-83.6382
-83.6377
-83.6372
-83.6367
-83.6362
-83.6357
-83.6351
-83.6346
-83.6341
-83.6336
-83.6331
-83.6326
-83.6321
-83.6316
-83.6311
-83.6305
-83.63
-83.6295
-83.629
-83.6285
-83.628
-83.6275
-83.627
-83.6264
-83.6259
-83.6254
-83.6249
-83.6244
-83.6239
-83.6234
-83.6228
-83.6223
-83.6218
-83.6213
-83.6208
-83.6203
-83.6198
-83.6192
-83.6187
-83.6182
-83.6177
-83.6172
-83.6167
-83.6161
-83.6156
-83.6151
-83.6146
-83.6141
-83.6135
-83.613
-83.6125
-83.612
-83.6115
-83.611
-83.6104
-83.6099
-83.6094
-83.6089
-83.6084
-83.6078
-83.6073
-83.6068
-83.6063
-83.6058
-83.6052
-83.6047
-83.6042
-83.6037
-83.6031
-83.6026
-83.6021
-83.6016
-83.6011
-83.6005
-83.6
-83.5995
-83.599
-83.5984
-83.5979
-83.5974
-83.5969
-83.5963
-83.5958
-83.5953
-83.5948
-83.5943
-83.5937
-83.5932
-83.5927
-83.5921
-83.5916
-83.5911
-83.5906
-83.59
-83.5895
-83.589
-83.5885
-83.5879
-83.5874
-83.5869
-83.5864
-83.5858
-83.5853
-83.5848
-83.5842
-83.5837
-83.5832
-83.5827
-83.5821
-83.5816
-83.5811
-83.5805
-83.58
-83.5795
-83.5789
-83.5784
-83.5779
-83.5773
-83.5768
-83.5763
-83.5758
-83.5752
-83.5747
-83.5742
-83.5736
-83.5731
-83.5726
-83.572
-83.5715
-83.571
-83.5704
-83.5699
-83.5694
-83.5688
-83.5683
-83.5678
-83.5672
-83.5667
-83.5661
-83.5656
-83.5651
-83.5645
-83.564
-83.5635
-83.5629
-83.5624
-83.5619
-83.5613
-83.5608
-83.5602
-83.5597
-83.5592
-83.5586
-83.5581
-83.5575
-83.557
-83.5565
-83.5559
-83.5554
-83.5548
-83.5543
-83.5537
-83.5532
-83.5527
-83.5521
-83.5516
-83.551
-83.5505
-83.5499
-83.5494
-83.5488
-83.5483
-83.5477
-83.5472
-83.5467
-83.5461
-83.5456
-83.545
-83.5445
-83.5439
-83.5434
-83.5428
-83.5423
-83.5417
-83.5412
-83.5406
-83.5401
-83.5395
-83.539
-83.5384
-83.5379
-83.5373
-83.5368
-83.5362
-83.5357
-83.5351
-83.5346
-83.534
-83.5335
-83.5329
-83.5324
-83.5318
-83.5313
-83.5307
-83.5302
-83.5296
-83.5291
-83.5285
-83.528
-83.5274
-83.5268
-83.5263
-83.5257
-83.5252
-83.5246
-83.5241
-83.5235
-83.523
-83.5224
-83.5218
-83.5213
-83.5207
-83.5202
-83.5196
-83.5191
-83.5185
-83.518
-83.5174
-83.5168
-83.5163
-83.5157
-83.5152
-83.5146
-83.5141
-83.5135
-83.5129
-83.5124
-83.5118
-83.5113
-83.5107
-83.5101
-83.5096
-83.509
-83.5085
-83.5079
-83.5073
-83.5068
-83.5062
-83.5057
-83.5051
-83.5045
-83.504
-83.5034
-83.5028
-83.5023
-83.5017
-83.5012
-83.5006
-83.5
-83.4995
-83.4989
-83.4983
-83.4978
-83.4972
-83.4967
-83.4961
-83.4955
-83.495
-83.4944
-83.4938
-83.4933
-83.4927
-83.4921
-83.4916
-83.491
-83.4904
-83.4899
-83.4893
-83.4887
-83.4882
-83.4876
-83.487
-83.4865
-83.4859
-83.4853
-83.4848
-83.4842
-83.4836
-83.4831
-83.4825
-83.4819
-83.4813
-83.4808
-83.4802
-83.4796
-83.4791
-83.4785
-83.4779
-83.4773
-83.4768
-83.4762
-83.4756
-83.4751
-83.4745
-83.4739
-83.4733
-83.4728
-83.4722
-83.4716
-83.4711
-83.4705
-83.4699
-83.4693
-83.4688
-83.4682
-83.4676
-83.467
-83.4665
-83.4659
-83.4653
-83.4647
-83.4642
-83.4636
-83.463
-83.4624
-83.4619
-83.4613
-83.4607
-83.4601
-83.4595
-83.459
-83.4584
-83.4578
-83.4572
-83.4567
-83.4561
-83.4555
-83.4549
-83.4543
-83.4538
-83.4532
-83.4526
-83.452
-83.4514
-83.4509
-83.4503
-83.4497
-83.4491
-83.4485
-83.448
-83.4474
-83.4468
-83.4462
-83.4456
-83.445
-83.4445
-83.4439
-83.4433
-83.4427
-83.4421
-83.4415
-83.441
-83.4404
-83.4398
-83.4392
-83.4386
-83.438
-83.4375
-83.4369
-83.4363
-83.4357
-83.4351
-83.4345
-83.4339
-83.4334
-83.4328
-83.4322
-83.4316
-83.431
-83.4304
-83.4298
-83.4292
-83.4287
-83.4281
-83.4275
-83.4269
-83.4263
-83.4257
-83.4251
-83.4245
-83.4239
-83.4233
-83.4228
-83.4222
-83.4216
-83.421
-83.4204
-83.4198
-83.4192
-83.4186
-83.418
-83.4174
-83.4168
-83.4162
-83.4156
-83.4151
-83.4145
-83.4139
-83.4133
-83.4127
-83.4121
-83.4115
-83.4109
-83.4103
-83.4097
-83.4091
-83.4085
-83.4079
-83.4073
-83.4067
-83.4061
-83.4055
-83.4049
-83.4043
-83.4037
-83.4031
-83.4025
-83.4019
-83.4013
-83.4007
-83.4001
-83.3995
-83.3989
-83.3983
-83.3977
-83.3971
-83.3965
-83.3959
-83.3953
-83.3947
-83.3941
-83.3935
-83.3929
-83.3923
-83.3917
-83.3911
-83.3905
-83.3899
-83.3893
-83.3887
-83.3881
-83.3875
-83.3869
-83.3863
-83.3857
-83.3851
-83.3845
-83.3839
-83.3833
-83.3827
-83.3821
-83.3815
-83.3809
-83.3803
-83.3796
-83.379
-83.3784
-83.3778
-83.3772
-83.3766
-83.376
-83.3754
-83.3748
-83.3742
-83.3736
-83.373
-83.3723
-83.3717
-83.3711
-83.3705
-83.3699
-83.3693
-83.3687
-83.3681
-83.3675
-83.3669
-83.3662
-83.3656
-83.365
-83.3644
-83.3638
-83.3632
-83.3626
-83.3619
-83.3613
-83.3607
-83.3601
-83.3595
-83.3589
-83.3583
-83.3576
-83.357
-83.3564
-83.3558
-83.3552
-83.3546
-83.354
-83.3533
-83.3527
-83.3521
-83.3515
-83.3509
-83.3502
-83.3496
-83.349
-83.3484
-83.3478
-83.3472
-83.3465
-83.3459
-83.3453
-83.3447
-83.3441
-83.3434
-83.3428
-83.3422
-83.3416
-83.3409
-83.3403
-83.3397
-83.3391
-83.3385
-83.3378
-83.3372
-83.3366
-83.336
-83.3353
-83.3347
-83.3341
-83.3335
-83.3328
-83.3322
-83.3316
-83.331
-83.3303
-83.3297
-83.3291
-83.3285
-83.3278
-83.3272
-83.3266
-83.3259
-83.3253
-83.3247
-83.3241
-83.3234
-83.3228
-83.3222
-83.3215
-83.3209
-83.3203
-83.3197
-83.319
-83.3184
-83.3178
-83.3171
-83.3165
-83.3159
-83.3152
-83.3146
-83.314
-83.3133
-83.3127
-83.3121
-83.3114
-83.3108
-83.3101
-83.3095
-83.3089
-83.3082
-83.3076
-83.3069
-83.3063
-83.3057
-83.305
-83.3044
-83.3037
-83.3031
-83.3025
-83.3018
-83.3012
-83.3005
-83.2999
-83.2992
-83.2986
-83.298
-83.2973
-83.2967
-83.296
-83.2954
-83.2947
-83.2941
-83.2934
-83.2928
-83.2921
-83.2915
-83.2908
-83.2902
-83.2896
-83.2889
-83.2883
-83.2876
-83.287
-83.2863
-83.2857
-83.285
-83.2844
-83.2837
-83.2831
-83.2824
-83.2818
-83.2811
-83.2805
-83.2798
-83.2792
-83.2785
-83.2779
-83.2772
-83.2765
-83.2759
-83.2752
-83.2746
-83.2739
-83.2733
-83.2726
-83.272
-83.2713
-83.2707
-83.27
-83.2693
-83.2687
-83.268
-83.2674
-83.2667
-83.2661
-83.2654
-83.2647
-83.2641
-83.2634
-83.2628
-83.2621
-83.2615
-83.2608
-83.2601
-83.2595
-83.2588
-83.2582
-83.2575
-83.2568
-83.2562
-83.2555
-83.2549
-83.2542
-83.2535
-83.2529
-83.2522
-83.2515
-83.2509
-83.2502
-83.2496
-83.2489
-83.2482
-83.2476
-83.2469
-83.2462
-83.2456
-83.2449
-83.2442
-83.2436
-83.2429
-83.2422
-83.2416
-83.2409
-83.2402
-83.2396
-83.2389
-83.2382
-83.2376
-83.2369
-83.2362
-83.2356
-83.2349
-83.2342
-83.2336
-83.2329
-83.2322
-83.2316
-83.2309
-83.2302
-83.2295
-83.2289
-83.2282
-83.2275
-83.2269
-83.2262
-83.2255
-83.2248
-83.2242
-83.2235
-83.2228
-83.2221
-83.2215
-83.2208
-83.2201
-83.2194
-83.2188
-83.2181
-83.2174
-83.2167
-83.2161
-83.2154
-83.2147
-83.214
-83.2134
-83.2127
-83.212
-83.2113
-83.2106
-83.21
-83.2093
-83.2086
-83.2079
-83.2072
-83.2066
-83.2059
-83.2052
-83.2045
-83.2038
-83.2032
-83.2025
-83.2018
-83.2011
-83.2004
-83.1997
-83.1991
-83.1984
-83.1977
-83.197
-83.1963
-83.1956
-83.195
-83.1943
-83.1936
-83.1929
-83.1922
-83.1915
-83.1908
-83.1901
-83.1895
-83.1888
-83.1881
-83.1874
-83.1867
-83.186
-83.1853
-83.1846
-83.1839
-83.1833
-83.1826
-83.1819
-83.1812
-83.1805
-83.1798
-83.1791
-83.1784
-83.1777
-83.177
-83.1763
-83.1756
-83.1749
-83.1742
-83.1736
-83.1729
-83.1722
-83.1715
-83.1708
-83.1701
-83.1694
-83.1687
-83.168
-83.1673
-83.1666
-83.1659
-83.1652
-83.1645
-83.1638
-83.1631
-83.1624
-83.1617
-83.161
-83.1603
-83.1596
-83.1589
-83.1582
-83.1575
-83.1568
-83.1561
-83.1554
-83.1547
-83.154
-83.1533
-83.1526
-83.1519
-83.1512
-83.1505
-83.1498
-83.149
-83.1483
-83.1476
-83.1469
-83.1462
-83.1455
-83.1448
-83.1441
-83.1434
-83.1427
-83.142
-83.1413
-83.1406
-83.1398
-83.1391
-83.1384
-83.1377
-83.137
-83.1363
-83.1356
-83.1349
-83.1342
-83.1334
-83.1327
-83.132
-83.1313
-83.1306
-83.1299
-83.1292
-83.1285
-83.1277
-83.127
-83.1263
-83.1256
-83.1249
-83.1242
-83.1234
-83.1227
-83.122
-83.1213
-83.1206
-83.1198
-83.1191
-83.1184
-83.1177
-83.117
-83.1163
-83.1155
-83.1148
-83.1141
-83.1134
-83.1126
-83.1119
-83.1112
-83.1105
-83.1098
-83.109
-83.1083
-83.1076
-83.1069
-83.1061
-83.1054
-83.1047
-83.104
-83.1032
-83.1025
-83.1018
-83.1011
-83.1003
-83.0996
-83.0989
-83.0982
-83.0974
-83.0967
-83.096
-83.0952
-83.0945
-83.0938
-83.093
-83.0923
-83.0916
-83.0909
-83.0901
-83.0894
-83.0887
-83.0879
-83.0872
-83.0865
-83.0857
-83.085
-83.0843
-83.0835
-83.0828
-83.0821
-83.0813
-83.0806
-83.0798
-83.0791
-83.0784
-83.0776
-83.0769
-83.0762
-83.0754
-83.0747
-83.0739
-83.0732
-83.0725
-83.0717
-83.071
-83.0702
-83.0695
-83.0687
-83.068
-83.0672
-83.0665
-83.0657
-83.065
-83.0642
-83.0635
-83.0627
-83.062
-83.0612
-83.0605
-83.0597
-83.059
-83.0582
-83.0575
-83.0567
-83.056
-83.0552
-83.0544
-83.0537
-83.0529
-83.0522
-83.0514
-83.0507
-83.0499
-83.0491
-83.0484
-83.0476
-83.0469
-83.0461
-83.0453
-83.0446
-83.0438
-83.043
-83.0423
-83.0415
-83.0408
-83.04
-83.0392
-83.0385
-83.0377
-83.0369
-83.0362
-83.0354
-83.0346
-83.0339
-83.0331
-83.0323
-83.0316
-83.0308
-83.03
-83.0293
-83.0285
-83.0277
-83.027
-83.0262
-83.0254
-83.0246
-83.0239
-83.0231
-83.0223
-83.0216
-83.0208
-83.02
-83.0192
-83.0185
-83.0177
-83.0169
-83.0161
-83.0154
-83.0146
-83.0138
-83.013
-83.0123
-83.0115
-83.0107
-83.0099
-83.0092
-83.0084
-83.0076
-83.0068
-83.006
-83.0053
-83.0045
-83.0037
-83.0029
-83.0021
-83.0013
-83.0006
-82.9998
-82.999
-82.9982
-82.9974
-82.9966
-82.9959
-82.9951
-82.9943
-82.9935
-82.9927
-82.9919
-82.9911
-82.9903
-82.9896
-82.9888
-82.988
-82.9872
-82.9864
-82.9856
-82.9848
-82.984
-82.9832
-82.9824
-82.9817
-82.9809
-82.9801
-82.9793
-82.9785
-82.9777
-82.9769
-82.9761
-82.9753
-82.9745
-82.9737
-82.9729
-82.9721
-82.9713
-82.9705
-82.9697
-82.9689
-82.9681
-82.9673
-82.9665
-82.9657
-82.9649
-82.9641
-82.9633
-82.9625
-82.9617
-82.9609
-82.9601
-82.9593
-82.9585
-82.9577
-82.9569
-82.9561
-82.9553
-82.9545
-82.9537
-82.9529
-82.9521
-82.9512
-82.9504
-82.9496
-82.9488
-82.948
-82.9472
-82.9464
-82.9456
-82.9448
-82.9439
-82.9431
-82.9423
-82.9415
-82.9407
-82.9399
-82.9391
-82.9382
-82.9374
-82.9366
-82.9358
-82.935
-82.9342
-82.9333
-82.9325
-82.9317
-82.9309
-82.9301
-82.9292
-82.9284
-82.9276
-82.9268
-82.926
-82.9251
-82.9243
-82.9235
-82.9227
-82.9218
-82.921
-82.9202
-82.9194
-82.9185
-82.9177
-82.9169
-82.9161
-82.9152
-82.9144
-82.9136
-82.9127
-82.9119
-82.9111
-82.9102
-82.9094
-82.9086
-82.9078
-82.9069
-82.9061
-82.9053
-82.9044
-82.9036
-82.9027
-82.9019
-82.9011
-82.9002
-82.8994
-82.8986
-82.8977
-82.8969
-82.8961
-82.8952
-82.8944
-82.8935
-82.8927
-82.8919
-82.891
-82.8902
-82.8893
-82.8885
-82.8877
-82.8868
-82.886
-82.8851
-82.8843
-82.8834
-82.8826
-82.8817
-82.8809
-82.88
-82.8792
-82.8784
-82.8775
-82.8767
-82.8758
-82.875
-82.8741
-82.8733
-82.8724
-82.8716
-82.8707
-82.8698
-82.869
-82.8681
-82.8673
-82.8664
-82.8656
-82.8647
-82.8639
-82.863
-82.8621
-82.8613
-82.8604
-82.8596
-82.8587
-82.8579
-82.857
-82.8561
-82.8553
-82.8544
-82.8535
-82.8527
-82.8518
-82.851
-82.8501
-82.8492
-82.8484
-82.8475
-82.8466
-82.8458
-82.8449
-82.844
-82.8431
-82.8423
-82.8414
-82.8405
-82.8397
-82.8388
-82.8379
-82.8371
-82.8362
-82.8353
-82.8344
-82.8336
-82.8327
-82.8318
-82.8309
-82.83
-82.8292
-82.8283
-82.8274
-82.8265
-82.8256
-82.8247
-82.8238
-82.823
-82.8221
-82.8212
-82.8203
-82.8194
-82.8185
-82.8176
-82.8167
-82.8158
-82.8149
-82.814
-82.8131
-82.8122
-82.8113
-82.8104
-82.8095
-82.8086
-82.8077
-82.8068
-82.8059
-82.805
-82.8041
-82.8032
-82.8023
-82.8014
-82.8005
-82.7996
-82.7987
-82.7978
-82.7969
-82.7959
-82.795
-82.7941
-82.7932
-82.7923
-82.7914
-82.7905
-82.7895
-82.7886
-82.7877
-82.7868
-82.7859
-82.785
-82.784
-82.7831
-82.7822
-82.7813
-82.7804
-82.7794
-82.7785
-82.7776
-82.7767
-82.7757
-82.7748
-82.7739
-82.773
-82.772
-82.7711
-82.7702
-82.7693
-82.7683
-82.7674
-82.7665
-82.7655
-82.7646
-82.7637
-82.7627
-82.7618
-82.7609
-82.7599
-82.759
-82.7581
-82.7571
-82.7562
-82.7553
-82.7543
-82.7534
-82.7524
-82.7515
-82.7506
-82.7496
-82.7487
-82.7477
-82.7468
-82.7458
-82.7449
-82.7439
-82.743
-82.7421
-82.7411
-82.7402
-82.7392
-82.7383
-82.7373
-82.7364
-82.7354
-82.7345
-82.7335
-82.7325
-82.7316
-82.7306
-82.7297
-82.7287
-82.7278
-82.7268
-82.7258
-82.7249
-82.7239
-82.723
-82.722
-82.721
-82.7201
-82.7191
-82.7181
-82.7172
-82.7162
-82.7153
-82.7143
-82.7133
-82.7123
-82.7114
-82.7104
-82.7094
-82.7085
-82.7075
-82.7065
-82.7055
-82.7046
-82.7036
-82.7026
-82.7016
-82.7007
-82.6997
-82.6987
-82.6977
-82.6968
-82.6958
-82.6948
-82.6938
-82.6928
-82.6918
-82.6909
-82.6899
-82.6889
-82.6879
-82.6869
-82.6859
-82.6849
-82.684
-82.683
-82.682
-82.681
-82.68
-82.679
-82.678
-82.677
-82.676
-82.675
-82.674
-82.673
-82.672
-82.671
-82.67
-82.669
-82.668
-82.667
-82.666
-82.665
-82.664
-82.663
-82.662
-82.661
-82.66
-82.659
-82.658
-82.657
-82.656
-82.655
-82.6539
-82.6529
-82.6519
-82.6509
-82.6499
-82.6489
-82.6479
-82.6468
-82.6458
-82.6448
-82.6438
-82.6428
-82.6418
-82.6407
-82.6397
-82.6387
-82.6377
-82.6366
-82.6356
-82.6346
-82.6336
-82.6325
-82.6315
-82.6305
-82.6294
-82.6284
-82.6274
-82.6263
-82.6253
-82.6243
-82.6232
-82.6222
-82.6211
-82.6201
-82.6191
-82.618
-82.617
-82.6159
-82.6149
-82.6139
-82.6128
-82.6118
-82.6107
-82.6097
-82.6086
-82.6076
-82.6065
-82.6055
-82.6044
-82.6034
-82.6023
-82.6012
-82.6002
-82.5991
-82.5981
-82.597
-82.596
-82.5949
-82.5938
-82.5928
-82.5917
-82.5906
-82.5896
-82.5885
-82.5874
-82.5864
-82.5853
-82.5842
-82.5831
-82.582
-82.581
-82.5799
-82.5788
-82.5777
-82.5766
-82.5755
-82.5744
-82.5733
-82.5723
-82.5712
-82.5701
-82.569
-82.5679
-82.5668
-82.5657
-82.5646
-82.5634
-82.5623
-82.5612
-82.5601
-82.559
-82.5579
-82.5568
-82.5557
-82.5546
-82.5534
-82.5523
-82.5512
-82.5501
-82.549
-82.5478
-82.5467
-82.5456
-82.5445
-82.5433
-82.5422
-82.5411
-82.54
-82.5388
-82.5377
-82.5366
-82.5354
-82.5343
-82.5332
-82.532
-82.5309
-82.5297
-82.5286
-82.5274
-82.5263
-82.5252
-82.524
-82.5229
-82.5217
-82.5206
-82.5194
-82.5183
-82.5171
-82.516
-82.5148
-82.5136
-82.5125
-82.5113
-82.5102
-82.509
-82.5078
-82.5067
-82.5055
-82.5043
-82.5032
-82.502
-82.5008
-82.4997
-82.4985
-82.4973
-82.4961
-82.495
-82.4938
-82.4926
-82.4914
-82.4902
-82.4891
-82.4879
-82.4867
-82.4855
-82.4843
-82.4831
-82.4819
-82.4807
-82.4795
-82.4784
-82.4772
-82.476
-82.4748
-82.4736
-82.4724
-82.4712
-82.47
-82.4688
-82.4675
-82.4663
-82.4651
-82.4639
-82.4627
-82.4615
-82.4603
-82.4591
-82.4578
-82.4566
-82.4554
-82.4542
-82.453
-82.4517
-82.4505
-82.4493
-82.4481
-82.4468
-82.4456
-82.4444
-82.4431
-82.4419
-82.4406
-82.4394
-82.4382
-82.4369
-82.4357
-82.4344
-82.4332
-82.4319
-82.4307
-82.4294
-82.4282
-82.4269
-82.4257
-82.4244
-82.4232
-82.4219
-82.4206
-82.4194
-82.4181
-82.4168
-82.4156
-82.4143
-82.413
-82.4117
-82.4105
-82.4092
-82.4079
-82.4066
-82.4054
-82.4041
-82.4028
-82.4015
-82.4002
-82.3989
-82.3976
-82.3964
-82.3951
-82.3938
-82.3925
-82.3912
-82.3899
-82.3886
-82.3873
-82.386
-82.3847
-82.3833
-82.382
-82.3807
-82.3794
-82.3781
-82.3768
-82.3755
-82.3741
-82.3728
-82.3715
-82.3702
-82.3688
-82.3675
-82.3662
-82.3648
-82.3635
-82.3622
-82.3608
-82.3595
-82.3581
-82.3568
-82.3555
-82.3541
-82.3528
-82.3514
-82.3501
-82.3487
-82.3473
-82.346
-82.3446
-82.3433
-82.3419
-82.3405
-82.3391
-82.3378
-82.3364
-82.335
-82.3336
-82.3322
-82.3308
-82.3294
-82.328
-82.3266
-82.3252
-82.3238
-82.3224
-82.321
-82.3196
-82.3181
-82.3167
-82.3153
-82.3139
-82.3124
-82.311
-82.3096
-82.3081
-82.3067
-82.3052
-82.3038
-82.3024
-82.3009
-82.2994
-82.298
-82.2965
-82.2951
-82.2936
-82.2921
-82.2907
-82.2892
-82.2877
-82.2862
-82.2848
-82.2833
-82.2818
-82.2803
-82.2788
-82.2773
-82.2758
-82.2743
-82.2728
-82.2713
-82.2698
-82.2683
-82.2667
-82.2652
-82.2637
-82.2622
-82.2606
-82.2591
-82.2576
-82.256
-82.2545
-82.253
-82.2514
-82.2499
-82.2483
-82.2467
-82.2452
-82.2436
-82.2421
-82.2405
-82.2389
-82.2373
-82.2358
-82.2342
-82.2326
-82.231
-82.2294
-82.2278
-82.2262
-82.2246
-82.223
-82.2214
-82.2198
-82.2182
-82.2166
-82.215
-82.2134
-82.2117
-82.2101
-82.2085
-82.2068
-82.2052
-82.2035
-82.2019
-82.2003
-82.1986
-82.1969
-82.1953
-82.1936
-82.192
-82.1903
-82.1886
-82.1869
-82.1853
-82.1836
-82.1819
-82.1802
-82.1785
-82.1768
-82.1751
-82.1734
-82.1717
-82.17
-82.1682
-82.1665
-82.1648
-82.1631
-82.1613
-82.1596
-82.1579
-82.1561
-82.1544
-82.1526
-82.1509
-82.1491
-82.1474
-82.1456
-82.1438
-82.142
-82.1403
-82.1385
-82.1367
-82.1349
-82.1331
-82.1313
-82.1295
-82.1277
-82.1259
-82.1241
-82.1223
-82.1204
-82.1186
-82.1168
-82.1149
-82.1131
-82.1112
-82.1094
-82.1075
-82.1057
-82.1038
-82.1019
-82.1
-82.0982
-82.0963
-82.0943
-82.0924
-82.0905
-82.0886
-82.0866
-82.0847
-82.0828
-82.0808
-82.0788
-82.0769
-82.0749
-82.0729
-82.0709
-82.0689
-82.0669
-82.0649
-82.0628
-82.0608
-82.0588
-82.0567
-82.0547
-82.0526
-82.0505
-82.0485
-82.0464
-82.0443
-82.0422
-82.0401
-82.038
-82.0358
-82.0337
-82.0316
-82.0294
-82.0273
-82.0251
-82.0229
-82.0207
-82.0185
-82.0163
-82.0141
-82.0119
-82.0097
-82.0075
-82.0052
-82.003
-82.0007
-81.9984
-81.9961
-81.9939
-81.9916
-81.9893
-81.9869
-81.9846
-81.9823
-81.9799
-81.9776
-81.9752
-81.9729
-81.9705
-81.9681
-81.9657
-81.9633
-81.9608
-81.9584
-81.956
-81.9535
-81.951
-81.9486
-81.9461
-81.9436
-81.941
-81.9385
-81.936
-81.9334
-81.9309
-81.9283
-81.9257
-81.9231
-81.9205
-81.9179
-81.9152
-81.9126
-81.9099
-81.9072
-81.9045
-81.9018
-81.8991
-81.8964
-81.8936
-81.8909
-81.8881
-81.8853
-81.8825
-81.8797
-81.8768
-81.874
-81.8711
-81.8682
-81.8653
-81.8623
-81.8594
-81.8564
-81.8534
-81.8504
-81.8474
-81.8443
-81.8413
-81.8382
-81.835
-81.8319
-81.8287
-81.8255
-81.8223
-81.8191
-81.8158
-81.8125
-81.8092
-81.8058
-81.8024
-81.799
-81.7956
-81.7921
-81.7886
-81.7851
-81.7816
-81.778
-81.7744
-81.7707
-81.767
-81.7633
-81.7596
-81.7558
-81.752
-81.7481
-81.7442
-81.7403
-81.7363
-81.7323
-81.7283
-81.7242
-81.7201
-81.7159
-81.7117
-81.7074
-81.7031
-81.6987
-81.6943
-81.6899
-81.6854
-81.6808
-81.6762
-81.6716
-81.6669
-81.6621
-81.6572
-81.6523
-81.6474
-81.6423
-81.6372
-81.6321
-81.6268
-81.6215
-81.6161
-81.6106
-81.6051
-81.5994
-81.5936
-81.5878
-81.5818
-81.5758
-81.5696
-81.5633
-81.557
-81.5505
-81.5438
-81.5371
-81.5302
-81.5232
-81.516
-81.5087
-81.5013
-81.4936
-81.4858
-81.4779
-81.4697
-81.4613
-81.4528
-81.444
-81.435
-81.4258
-81.4163
-81.4065
-81.3965
-81.3862
-81.3756
-81.3646
-81.3533
-81.3416
-81.3295
-81.317
-81.3039
-81.2904
-81.2764
-81.2618
-81.2466
-81.2307
-81.2141
-81.1967
-81.1785
-81.1594
-81.1393
-81.1181
-81.0956
-81.0717
-81.0462
-81.0191
-80.99
-80.9587
-80.9248
-80.8881
-80.8481
-80.8041
-80.7553
-80.7009
-80.6395
-80.5696
-80.4885
-80.3928
-80.2774
-80.1332
-79.945
-79.6816
-79.2656
-78.4238
-75.243
-60.5914
0.777212
49.9778
49.4954
45.0807
31.3285
10.0967
-4.72375
-15.6904
-26.6619
-36.2109
-56.0958
-90.963
-94.9322
-94.9814
-94.9589
-94.9006
-94.7685
-94.5093
-94.0875
-93.5226
-92.8849
-92.2549
-91.6896
-91.215
-90.8343
-90.5379
-90.3116
-90.141
-90.0132
-89.9176
-89.846
-89.7921
-89.7512
-89.7198
-89.6952
-89.6756
-89.6596
-89.6461
-89.6344
-89.6239
-89.6144
-89.6054
-89.5968
-89.5884
-89.5801
-89.5718
-89.5636
-89.5552
-89.5468
-89.5382
-89.5296
-89.5208
-89.5118
-89.5027
-89.4935
-89.4841
-89.4746
-89.465
-89.4552
-89.4453
-89.4353
-89.4252
-89.4149
-89.4045
-89.394
-89.3834
-89.3726
-89.3618
-89.3509
-89.3398
-89.3287
-89.3175
-89.3061
-89.2947
-89.2833
-89.2717
-89.2601
-89.2483
-89.2365
-89.2247
-89.2127
-89.2008
-89.1887
-89.1766
-89.1644
-89.1522
-89.1399
-89.1275
-89.1152
-89.1027
-89.0902
-89.0777
-89.0651
-89.0525
-89.0399
-89.0272
-89.0145
-89.0017
-88.989
-88.9762
-88.9633
-88.9505
-88.9376
-88.9247
-88.9118
-88.8988
-88.8859
-88.8729
-88.8599
-88.8469
-88.8339
-88.8208
-88.8078
-88.7947
-88.7817
-88.7686
-88.7555
-88.7425
-88.7294
-88.7163
-88.7032
-88.6902
-88.6771
-88.664
-88.6509
-88.6379
-88.6248
-88.6117
-88.5987
-88.5856
-88.5726
-88.5596
-88.5466
-88.5336
-88.5206
-88.5076
-88.4946
-88.4817
-88.4687
-88.4558
-88.4429
-88.43
-88.4171
-88.4043
-88.3914
-88.3786
-88.3658
-88.353
-88.3403
-88.3275
-88.3148
-88.3021
-88.2894
-88.2768
-88.2641
-88.2515
-88.2389
-88.2264
-88.2139
-88.2014
-88.1889
-88.1764
-88.164
-88.1516
-88.1392
-88.1269
-88.1146
-88.1023
-88.09
-88.0778
-88.0656
-88.0534
-88.0413
-88.0291
-88.0171
-88.005
-87.993
-87.981
-87.969
-87.9571
-87.9452
-87.9334
-87.9215
-87.9097
-87.898
-87.8862
-87.8745
-87.8628
-87.8512
-87.8396
-87.828
-87.8165
-87.805
-87.7935
-87.7821
-87.7707
-87.7593
-87.748
-87.7367
-87.7254
-87.7142
-87.703
-87.6919
-87.6807
-87.6697
-87.6586
-87.6476
-87.6366
-87.6257
-87.6147
-87.6039
-87.593
-87.5822
-87.5714
-87.5607
-87.55
-87.5393
-87.5287
-87.5181
-87.5076
-87.4971
-87.4866
-87.4761
-87.4657
-87.4554
-87.445
-87.4347
-87.4245
-87.4142
-87.404
-87.3939
-87.3838
-87.3737
-87.3636
-87.3536
-87.3436
-87.3337
-87.3238
-87.3139
-87.3041
-87.2943
-87.2845
-87.2748
-87.2651
-87.2555
-87.2458
-87.2363
-87.2267
-87.2172
-87.2077
-87.1983
-87.1889
-87.1795
-87.1702
-87.1609
-87.1517
-87.1424
-87.1332
-87.1241
-87.115
-87.1059
-87.0968
-87.0878
-87.0788
-87.0699
-87.061
-87.0521
-87.0433
-87.0345
-87.0257
-87.017
-87.0083
-86.9996
-86.991
-86.9824
-86.9739
-86.9653
-86.9569
-86.9484
-86.94
-86.9316
-86.9232
-86.9149
-86.9066
-86.8984
-86.8901
-86.882
-86.8738
-86.8657
-86.8576
-86.8495
-86.8415
-86.8335
-86.8256
-86.8177
-86.8098
-86.8019
-86.7941
-86.7863
-86.7786
-86.7709
-86.7632
-86.7555
-86.7479
-86.7403
-86.7328
-86.7252
-86.7177
-86.7103
-86.7029
-86.6955
-86.6881
-86.6808
-86.6734
-86.6662
-86.6589
-86.6517
-86.6445
-86.6374
-86.6303
-86.6232
-86.6161
-86.6091
-86.6021
-86.5951
-86.5882
-86.5813
-86.5744
-86.5676
-86.5608
-86.554
-86.5472
-86.5405
-86.5338
-86.5272
-86.5205
-86.5139
-86.5074
-86.5008
-86.4943
-86.4878
-86.4814
-86.4749
-86.4686
-86.4622
-86.4558
-86.4495
-86.4432
-86.437
-86.4307
-86.4245
-86.4184
-86.4122
-86.4061
-86.4
-86.394
-86.3879
-86.3819
-86.3759
-86.37
-86.3641
-86.3582
-86.3523
-86.3465
-86.3406
-86.3349
-86.3291
-86.3234
-86.3177
-86.312
-86.3063
-86.3007
-86.2951
-86.2895
-86.284
-86.2785
-86.273
-86.2675
-86.262
-86.2566
-86.2512
-86.2459
-86.2405
-86.2352
-86.2299
-86.2247
-86.2194
-86.2142
-86.209
-86.2038
-86.1987
-86.1936
-86.1885
-86.1834
-86.1783
-86.1733
-86.1683
-86.1633
-86.1584
-86.1534
-86.1485
-86.1436
-86.1388
-86.1339
-86.1291
-86.1243
-86.1196
-86.1148
-86.1101
-86.1054
-86.1008
-86.0961
-86.0915
-86.0869
-86.0823
-86.0777
-86.0732
-86.0687
-86.0642
-86.0597
-86.0553
-86.0509
-86.0465
-86.0421
-86.0377
-86.0334
-86.0291
-86.0248
-86.0205
-86.0163
-86.012
-86.0078
-86.0036
-85.9995
-85.9953
-85.9912
-85.9871
-85.983
-85.9789
-85.9749
-85.9709
-85.9668
-85.9629
-85.9589
-85.9549
-85.951
-85.9471
-85.9432
-85.9393
-85.9355
-85.9317
-85.9279
-85.9241
-85.9203
-85.9165
-85.9128
-85.9091
-85.9054
-85.9017
-85.8981
-85.8944
-85.8908
-85.8872
-85.8836
-85.88
-85.8765
-85.873
-85.8695
-85.866
-85.8625
-85.859
-85.8556
-85.8522
-85.8488
-85.8454
-85.842
-85.8387
-85.8354
-85.832
-85.8288
-85.8255
-85.8222
-85.819
-85.8157
-85.8125
-85.8093
-85.8062
-85.803
-85.7999
-85.7967
-85.7936
-85.7905
-85.7875
-85.7844
-85.7814
-85.7783
-85.7753
-85.7723
-85.7694
-85.7664
-85.7634
-85.7605
-85.7576
-85.7547
-85.7518
-85.7489
-85.7461
-85.7433
-85.7404
-85.7376
-85.7348
-85.732
-85.7293
-85.7265
-85.7238
-85.7211
-85.7184
-85.7157
-85.713
-85.7103
-85.7077
-85.705
-85.7024
-85.6998
-85.6972
-85.6946
-85.6921
-85.6895
-85.687
-85.6844
-85.6819
-85.6794
-85.6769
-85.6745
-85.672
-85.6696
-85.6671
-85.6647
-85.6623
-85.6599
-85.6576
-85.6552
-85.6529
-85.6505
-85.6482
-85.6459
-85.6436
-85.6413
-85.639
-85.6368
-85.6345
-85.6323
-85.6301
-85.6279
-85.6257
-85.6235
-85.6213
-85.6192
-85.617
-85.6149
-85.6128
-85.6106
-85.6085
-85.6065
-85.6044
-85.6023
-85.6003
-85.5982
-85.5962
-85.5942
-85.5922
-85.5902
-85.5882
-85.5862
-85.5843
-85.5823
-85.5804
-85.5785
-85.5765
-85.5746
-85.5728
-85.5709
-85.569
-85.5671
-85.5653
-85.5635
-85.5616
-85.5598
-85.558
-85.5562
-85.5544
-85.5526
-85.5509
-85.5491
-85.5474
-85.5456
-85.5439
-85.5422
-85.5405
-85.5388
-85.5371
-85.5354
-85.5338
-85.5321
-85.5305
-85.5288
-85.5272
-85.5256
-85.524
-85.5224
-85.5208
-85.5192
-85.5177
-85.5161
-85.5145
-85.513
-85.5115
-85.51
-85.5084
-85.5069
-85.5054
-85.504
-85.5025
-85.501
-85.4995
-85.4981
-85.4966
-85.4952
-85.4938
-85.4923
-85.4909
-85.4895
-85.4881
-85.4867
-85.4854
-85.484
-85.4826
-85.4813
-85.4799
-85.4786
-85.4773
-85.4759
-85.4746
-85.4733
-85.472
-85.4707
-85.4695
-85.4682
-85.4669
-85.4657
-85.4644
-85.4632
-85.4619
-85.4607
-85.4595
-85.4583
-85.4571
-85.4559
-85.4547
-85.4535
-85.4523
-85.4512
-85.45
-85.4488
-85.4477
-85.4466
-85.4454
-85.4443
-85.4432
-85.4421
-85.441
-85.4399
-85.4388
-85.4377
-85.4366
-85.4355
-85.4345
-85.4334
-85.4324
-85.4313
-85.4303
-85.4293
-85.4282
-85.4272
-85.4262
-85.4252
-85.4242
-85.4232
-85.4222
-85.4213
-85.4203
-85.4193
-85.4184
-85.4174
-85.4165
-85.4155
-85.4146
-85.4136
-85.4127
-85.4118
-85.4109
-85.41
-85.4091
-85.4082
-85.4073
-85.4064
-85.4056
-85.4047
-85.4038
-85.403
-85.4021
-85.4013
-85.4004
-85.3996
-85.3987
-85.3979
-85.3971
-85.3963
-85.3955
-85.3947
-85.3939
-85.3931
-85.3923
-85.3915
-85.3907
-85.39
-85.3892
-85.3884
-85.3877
-85.3869
-85.3862
-85.3854
-85.3847
-85.384
-85.3832
-85.3825
-85.3818
-85.3811
-85.3804
-85.3797
-85.379
-85.3783
-85.3776
-85.3769
-85.3762
-85.3755
-85.3749
-85.3742
-85.3735
-85.3729
-85.3722
-85.3716
-85.3709
-85.3703
-85.3697
-85.369
-85.3684
-85.3678
-85.3672
-85.3666
-85.366
-85.3654
-85.3648
-85.3642
-85.3636
-85.363
-85.3624
-85.3618
-85.3612
-85.3607
-85.3601
-85.3595
-85.359
-85.3584
-85.3579
-85.3573
-85.3568
-85.3563
-85.3557
-85.3552
-85.3547
-85.3541
-85.3536
-85.3531
-85.3526
-85.3521
-85.3516
-85.3511
-85.3506
-85.3501
-85.3496
-85.3491
-85.3486
-85.3481
-85.3477
-85.3472
-85.3467
-85.3463
-85.3458
-85.3453
-85.3449
-85.3444
-85.344
-85.3435
-85.3431
-85.3426
-85.3422
-85.3418
-85.3413
-85.3409
-85.3405
-85.3401
-85.3397
-85.3392
-85.3388
-85.3384
-85.338
-85.3376
-85.3372
-85.3368
-85.3364
-85.336
-85.3357
-85.3353
-85.3349
-85.3345
-85.3341
-85.3338
-85.3334
-85.333
-85.3327
-85.3323
-85.332
-85.3316
-85.3313
-85.3309
-85.3306
-85.3302
-85.3299
-85.3295
-85.3292
-85.3289
-85.3285
-85.3282
-85.3279
-85.3276
-85.3272
-85.3269
-85.3266
-85.3263
-85.326
-85.3257
-85.3254
-85.3251
-85.3248
-85.3245
-85.3242
-85.3239
-85.3236
-85.3233
-85.323
-85.3227
-85.3225
-85.3222
-85.3219
-85.3216
-85.3214
-85.3211
-85.3208
-85.3206
-85.3203
-85.32
-85.3198
-85.3195
-85.3193
-85.319
-85.3188
-85.3185
-85.3183
-85.318
-85.3178
-85.3175
-85.3173
-85.3171
-85.3168
-85.3166
-85.3164
-85.3162
-85.3159
-85.3157
-85.3155
-85.3153
-85.315
-85.3148
-85.3146
-85.3144
-85.3142
-85.314
-85.3138
-85.3136
-85.3134
-85.3132
-85.313
-85.3128
-85.3126
-85.3124
-85.3122
-85.312
-85.3118
-85.3116
-85.3114
-85.3113
-85.3111
-85.3109
-85.3107
-85.3105
-85.3104
-85.3102
-85.31
-85.3099
-85.3097
-85.3095
-85.3094
-85.3092
-85.309
-85.3089
-85.3087
-85.3086
-85.3084
-85.3083
-85.3081
-85.3079
-85.3078
-85.3076
-85.3075
-85.3074
-85.3072
-85.3071
-85.3069
-85.3068
-85.3067
-85.3065
-85.3064
-85.3062
-85.3061
-85.306
-85.3059
-85.3057
-85.3056
-85.3055
-85.3053
-85.3052
-85.3051
-85.305
-85.3049
-85.3047
-85.3046
-85.3045
-85.3044
-85.3043
-85.3042
-85.3041
-85.3039
-85.3038
-85.3037
-85.3036
-85.3035
-85.3034
-85.3033
-85.3032
-85.3031
-85.303
-85.3029
-85.3028
-85.3027
-85.3026
-85.3025
-85.3024
-85.3024
-85.3023
-85.3022
-85.3021
-85.302
-85.3019
-85.3018
-85.3017
-85.3017
-85.3016
-85.3015
-85.3014
-85.3013
-85.3013
-85.3012
-85.3011
-85.301
-85.301
-85.3009
-85.3008
-85.3007
-85.3007
-85.3006
-85.3005
-85.3005
-85.3004
-85.3003
-85.3003
-85.3002
-85.3001
-85.3001
-85.3
-85.2999
-85.2999
-85.2998
-85.2998
-85.2997
-85.2996
-85.2996
-85.2995
-85.2995
-85.2994
-85.2994
-85.2993
-85.2993
-85.2992
-85.2992
-85.2991
-85.2991
-85.299
-85.299
-85.2989
-85.2989
-85.2988
-85.2988
-85.2988
-85.2987
-85.2987
-85.2986
-85.2986
-85.2985
-85.2985
-85.2985
-85.2984
-85.2984
-85.2984
-85.2983
-85.2983
-85.2982
-85.2982
-85.2982
-85.2981
-85.2981
-85.2981
-85.298
-85.298
-85.298
-85.298
-85.2979
-85.2979
-85.2979
-85.2978
-85.2978
-85.2978
-85.2978
-85.2977
-85.2977
-85.2977
-85.2977
-85.2976
-85.2976
-85.2976
-85.2976
-85.2976
-85.2975
-85.2975
-85.2975
-85.2975
-85.2975
-85.2974
-85.2974
-85.2974
-85.2974
-85.2974
-85.2974
-85.2973
-85.2973
-85.2973
-85.2973
-85.2973
-85.2973
-85.2973
-85.2972
-85.2972
-85.2972
-85.2972
-85.2972
-85.2972
-85.2972
-85.2972
-85.2972
-85.2972
-85.2971
-85.2971
-85.2971
-85.2971
-85.2971
-85.2971
-85.2971
-85.2971
-85.2971
-85.2971
-85.2971
-85.2971
-85.2971
-85.2971
-85.2971
-85.2971
-85.2971
-85.2971
-85.2971
-85.2971
-85.297
-85.297
-85.297
-85.297
-85.297
-85.297
-85.297
-85.297
-85.297
-85.297
-85.297
-85.297
-85.297
-85.2971
-85.2971
-85.2971
-85.2971
-85.2971
-85.2971
-85.2971
-85.2971
-85.2971
-85.2971
-85.2971
-85.2971
-85.2971
-85.2971
-85.2971
-85.2971
-85.2971
-85.2971
-85.2971
-85.2971
-85.2971
-85.2971
-85.2971
-85.2972
-85.2972
-85.2972
-85.2972
-85.2972
-85.2972
-85.2972
-85.2972
-85.2972
-85.2972
-85.2972
-85.2972
-85.2972
-85.2973
-85.2973
-85.2973
-85.2973
-85.2973
-85.2973
-85.2973
-85.2973
-85.2973
-85.2973
-85.2974
-85.2974
-85.2974
-85.2974
-85.2974
-85.2974
-85.2974
-85.2974
-85.2974
-85.2975
-85.2975
-85.2975
-85.2975
-85.2975
-85.2975
-85.2975
-85.2975
-85.2975
-85.2976
-85.2976
-85.2976
-85.2976
-85.2976
-85.2976
-85.2976
-85.2976
-85.2977
-85.2977
-85.2977
-85.2977
-85.2977
-85.2977
-85.2977
-85.2977
-85.2978
-85.2978
-85.2978
-85.2978
-85.2978
-85.2978
-85.2978
-85.2978
-85.2979
-85.2979
-85.2979
-85.2979
-85.2979
-85.2979
-85.2979
-85.298
-85.298
-85.298
-85.298
-85.298
-85.298
-85.298
-85.298
-85.2981
-85.2981
-85.2981
-85.2981
-85.2981
-85.2981
-85.2981
-85.2982
-85.2982
-85.2982
-85.2982
-85.2982
-85.2982
-85.2982
-85.2983
-85.2983
-85.2983
-85.2983
-85.2983
-85.2983
-85.2983
-85.2983
-85.2984
-85.2984
-85.2984
-85.2984
-85.2984
-85.2984
-85.2984
-85.2984
-85.2985
-85.2985
-85.2985
-85.2985
-85.2985
-85.2985
-85.2985
-85.2985
-85.2986
-85.2986
-85.2986
-85.2986
-85.2986
-85.2986
-85.2986
-85.2986
-85.2987
-85.2987
-85.2987
-85.2987
-85.2987
-85.2987
-85.2987
-85.2987
-85.2988
-85.2988
-85.2988
-85.2988
-85.2988
-85.2988
-85.2988
-85.2988
-85.2988
-85.2988
-85.2989
-85.2989
-85.2989
-85.2989
-85.2989
-85.2989
-85.2989
-85.2989
-85.2989
-85.2989
-85.299
-85.299
-85.299
-85.299
-85.299
-85.299
-85.299
-85.299
-85.299
-85.299
-85.299
-85.2991
-85.2991
-85.2991
-85.2991
-85.2991
-85.2991
-85.2991
-85.2991
-85.2991
-85.2991
-85.2991
-85.2991
-85.2991
-85.2992
-85.2992
-85.2992
-85.2992
-85.2992
-85.2992
-85.2992
-85.2992
-85.2992
-85.2992
-85.2992
-85.2992
-85.2992
-85.2992
-85.2992
-85.2992
-85.2992
-85.2992
-85.2993
-85.2993
-85.2993
-85.2993
-85.2993
-85.2993
-85.2993
-85.2993
-85.2993
-85.2993
-85.2993
-85.2993
-85.2993
-85.2993
-85.2993
-85.2993
-85.2993
-85.2993
-85.2993
-85.2993
-85.2993
-85.2993
-85.2993
-85.2993
-85.2993
-85.2993
-85.2993
-85.2993
-85.2993
-85.2993
-85.2993
-85.2993
-85.2993
-85.2993
-85.2993
-85.2993
-85.2993
-85.2993
-85.2993
-85.2993
-85.2993
-85.2993
-85.2993
-85.2993
-85.2993
-85.2993
-85.2993
-85.2993
-85.2993
-85.2993
-85.2993
-85.2993
-85.2993
-85.2993
-85.2993
-85.2993
-85.2992
-85.2992
-85.2992
-85.2992
-85.2992
-85.2992
-85.2992
-85.2992
-85.2992
-85.2992
-85.2992
-85.2992
-85.2992
-85.2992
-85.2992
-85.2992
-85.2991
-85.2991
-85.2991
-85.2991
-85.2991
-85.2991
-85.2991
-85.2991
-85.2991
-85.2991
-85.2991
-85.299
-85.299
-85.299
-85.299
-85.299
-85.299
-85.299
-85.299
-85.299
-85.299
-85.2989
-85.2989
-85.2989
-85.2989
-85.2989
-85.2989
-85.2989
-85.2989
-85.2988
-85.2988
-85.2988
-85.2988
-85.2988
-85.2988
-85.2988
-85.2987
-85.2987
-85.2987
-85.2987
-85.2987
-85.2987
-85.2986
-85.2986
-85.2986
-85.2986
-85.2986
-85.2986
-85.2985
-85.2985
-85.2985
-85.2985
-85.2985
-85.2985
-85.2984
-85.2984
-85.2984
-85.2984
-85.2984
-85.2983
-85.2983
-85.2983
-85.2983
-85.2983
-85.2982
-85.2982
-85.2982
-85.2982
-85.2982
-85.2981
-85.2981
-85.2981
-85.2981
-85.298
-85.298
-85.298
-85.298
-85.298
-85.2979
-85.2979
-85.2979
-85.2979
-85.2978
-85.2978
-85.2978
-85.2978
-85.2977
-85.2977
-85.2977
-85.2977
-85.2976
-85.2976
-85.2976
-85.2976
-85.2975
-85.2975
-85.2975
-85.2974
-85.2974
-85.2974
-85.2974
-85.2973
-85.2973
-85.2973
-85.2972
-85.2972
-85.2972
-85.2972
-85.2971
-85.2971
-85.2971
-85.297
-85.297
-85.297
-85.2969
-85.2969
-85.2969
-85.2968
-85.2968
-85.2968
-85.2968
-85.2967
-85.2967
-85.2967
-85.2966
-85.2966
-85.2965
-85.2965
-85.2965
-85.2964
-85.2964
-85.2964
-85.2963
-85.2963
-85.2963
-85.2962
-85.2962
-85.2962
-85.2961
-85.2961
-85.2961
-85.296
-85.296
-85.2959
-85.2959
-85.2959
-85.2958
-85.2958
-85.2957
-85.2957
-85.2957
-85.2956
-85.2956
-85.2955
-85.2955
-85.2955
-85.2954
-85.2954
-85.2953
-85.2953
-85.2953
-85.2952
-85.2952
-85.2951
-85.2951
-85.295
-85.295
-85.295
-85.2949
-85.2949
-85.2948
-85.2948
-85.2947
-85.2947
-85.2947
-85.2946
-85.2946
-85.2945
-85.2945
-85.2944
-85.2944
-85.2943
-85.2943
-85.2942
-85.2942
-85.2941
-85.2941
-85.2941
-85.294
-85.294
-85.2939
-85.2939
-85.2938
-85.2938
-85.2937
-85.2937
-85.2936
-85.2936
-85.2935
-85.2935
-85.2934
-85.2934
-85.2933
-85.2933
-85.2932
-85.2932
-85.2931
-85.293
-85.293
-85.2929
-85.2929
-85.2928
-85.2928
-85.2927
-85.2927
-85.2926
-85.2926
-85.2925
-85.2925
-85.2924
-85.2923
-85.2923
-85.2922
-85.2922
-85.2921
-85.2921
-85.292
-85.292
-85.2919
-85.2918
-85.2918
-85.2917
-85.2917
-85.2916
-85.2915
-85.2915
-85.2914
-85.2914
-85.2913
-85.2913
-85.2912
-85.2911
-85.2911
-85.291
-85.2909
-85.2909
-85.2908
-85.2908
-85.2907
-85.2906
-85.2906
-85.2905
-85.2905
-85.2904
-85.2903
-85.2903
-85.2902
-85.2901
-85.2901
-85.29
-85.2899
-85.2899
-85.2898
-85.2898
-85.2897
-85.2896
-85.2896
-85.2895
-85.2894
-85.2894
-85.2893
-85.2892
-85.2892
-85.2891
-85.289
-85.289
-85.2889
-85.2888
-85.2887
-85.2887
-85.2886
-85.2885
-85.2885
-85.2884
-85.2883
-85.2883
-85.2882
-85.2881
-85.288
-85.288
-85.2879
-85.2878
-85.2878
-85.2877
-85.2876
-85.2875
-85.2875
-85.2874
-85.2873
-85.2873
-85.2872
-85.2871
-85.287
-85.287
-85.2869
-85.2868
-85.2867
-85.2867
-85.2866
-85.2865
-85.2864
-85.2864
-85.2863
-85.2862
-85.2861
-85.286
-85.286
-85.2859
-85.2858
-85.2857
-85.2857
-85.2856
-85.2855
-85.2854
-85.2853
-85.2853
-85.2852
-85.2851
-85.285
-85.2849
-85.2849
-85.2848
-85.2847
-85.2846
-85.2845
-85.2845
-85.2844
-85.2843
-85.2842
-85.2841
-85.2841
-85.284
-85.2839
-85.2838
-85.2837
-85.2836
-85.2836
-85.2835
-85.2834
-85.2833
-85.2832
-85.2831
-85.283
-85.283
-85.2829
-85.2828
-85.2827
-85.2826
-85.2825
-85.2824
-85.2824
-85.2823
-85.2822
-85.2821
-85.282
-85.2819
-85.2818
-85.2817
-85.2817
-85.2816
-85.2815
-85.2814
-85.2813
-85.2812
-85.2811
-85.281
-85.2809
-85.2808
-85.2808
-85.2807
-85.2806
-85.2805
-85.2804
-85.2803
-85.2802
-85.2801
-85.28
-85.2799
-85.2798
-85.2797
-85.2796
-85.2795
-85.2795
-85.2794
-85.2793
-85.2792
-85.2791
-85.279
-85.2789
-85.2788
-85.2787
-85.2786
-85.2785
-85.2784
-85.2783
-85.2782
-85.2781
-85.278
-85.2779
-85.2778
-85.2777
-85.2776
-85.2775
-85.2774
-85.2773
-85.2772
-85.2771
-85.277
-85.2769
-85.2768
-85.2767
-85.2766
-85.2765
-85.2764
-85.2763
-85.2762
-85.2761
-85.276
-85.2759
-85.2758
-85.2757
-85.2756
-85.2755
-85.2754
-85.2753
-85.2752
-85.2751
-85.275
-85.2749
-85.2748
-85.2747
-85.2746
-85.2745
-85.2744
-85.2743
-85.2742
-85.2741
-85.2739
-85.2738
-85.2737
-85.2736
-85.2735
-85.2734
-85.2733
-85.2732
-85.2731
-85.273
-85.2729
-85.2728
-85.2727
-85.2726
-85.2724
-85.2723
-85.2722
-85.2721
-85.272
-85.2719
-85.2718
-85.2717
-85.2716
-85.2715
-85.2713
-85.2712
-85.2711
-85.271
-85.2709
-85.2708
-85.2707
-85.2706
-85.2704
-85.2703
-85.2702
-85.2701
-85.27
-85.2699
-85.2698
-85.2697
-85.2695
-85.2694
-85.2693
-85.2692
-85.2691
-85.269
-85.2688
-85.2687
-85.2686
-85.2685
-85.2684
-85.2683
-85.2681
-85.268
-85.2679
-85.2678
-85.2677
-85.2676
-85.2674
-85.2673
-85.2672
-85.2671
-85.267
-85.2668
-85.2667
-85.2666
-85.2665
-85.2664
-85.2662
-85.2661
-85.266
-85.2659
-85.2658
-85.2656
-85.2655
-85.2654
-85.2653
-85.2652
-85.265
-85.2649
-85.2648
-85.2647
-85.2645
-85.2644
-85.2643
-85.2642
-85.2641
-85.2639
-85.2638
-85.2637
-85.2636
-85.2634
-85.2633
-85.2632
-85.2631
-85.2629
-85.2628
-85.2627
-85.2625
-85.2624
-85.2623
-85.2622
-85.262
-85.2619
-85.2618
-85.2617
-85.2615
-85.2614
-85.2613
-85.2611

