-70
-57.1468
20.5994
49.9082
47.893
38.2451
17.8504
-0.831273
-12.607
-23.4157
-33.9544
-50.6611
-86.2746
-94.858
-94.992
-94.9902
-94.9812
-94.9647
-94.9372
-94.8969
-94.8457
-94.7891
-94.7332
-94.6824
-94.6385
-94.6017
-94.5711
-94.5458
-94.5246
-94.5068
-94.4916
-94.4784
-94.4669
-94.4567
-94.4475
-94.4391
-94.4314
-94.4242
-94.4175
-94.411
-94.4049
-94.3989
-94.3932
-94.3875
-94.382
-94.3766
-94.3712
-94.3659
-94.3606
-94.3553
-94.35
-94.3448
-94.3396
-94.3343
-94.3291
-94.3238
-94.3185
-94.3132
-94.3079
-94.3026
-94.2972
-94.2918
-94.2864
-94.281
-94.2755
-94.27
-94.2645
-94.259
-94.2534
-94.2478
-94.2422
-94.2365
-94.2308
-94.225
-94.2193
-94.2135
-94.2076
-94.2018
-94.1959
-94.1899
-94.1839
-94.1779
-94.1719
-94.1658
-94.1596
-94.1535
-94.1472
-94.141
-94.1347
-94.1284
-94.122
-94.1156
-94.1092
-94.1027
-94.0961
-94.0896
-94.0829
-94.0763
-94.0696
-94.0628
-94.056
-94.0492
-94.0423
-94.0354
-94.0284
-94.0214
-94.0143
-94.0072
-94
-93.9928
-93.9856
-93.9783
-93.9709
-93.9635
-93.9561
-93.9486
-93.941
-93.9334
-93.9258
-93.9181
-93.9103
-93.9025
-93.8947
-93.8868
-93.8788
-93.8708
-93.8627
-93.8546
-93.8464
-93.8382
-93.8299
-93.8216
-93.8132
-93.8047
-93.7962
-93.7876
-93.779
-93.7704
-93.7616
-93.7528
-93.744
-93.7351
-93.7261
-93.7171
-93.708
-93.6989
-93.6896
-93.6804
-93.6711
-93.6617
-93.6522
-93.6427
-93.6331
-93.6235
-93.6138
-93.604
-93.5942
-93.5843
-93.5744
-93.5644
-93.5543
-93.5441
-93.5339
-93.5236
-93.5133
-93.5029
-93.4924
-93.4818
-93.4712
-93.4606
-93.4498
-93.439
-93.4281
-93.4171
-93.4061
-93.395
-93.3838
-93.3726
-93.3613
-93.3499
-93.3384
-93.3269
-93.3153
-93.3036
-93.2919
-93.28
-93.2681
-93.2562
-93.2441
-93.232
-93.2198
-93.2075
-93.1952
-93.1827
-93.1702
-93.1576
-93.145
-93.1322
-93.1194
-93.1065
-93.0935
-93.0805
-93.0673
-93.0541
-93.0408
-93.0274
-93.0139
-93.0004
-92.9867
-92.973
-92.9592
-92.9453
-92.9313
-92.9173
-92.9031
-92.8889
-92.8745
-92.8601
-92.8456
-92.831
-92.8164
-92.8016
-92.7868
-92.7718
-92.7568
-92.7416
-92.7264
-92.7111
-92.6957
-92.6802
-92.6646
-92.6489
-92.6331
-92.6173
-92.6013
-92.5852
-92.569
-92.5528
-92.5364
-92.5199
-92.5034
-92.4867
-92.4699
-92.4531
-92.4361
-92.419
-92.4019
-92.3846
-92.3672
-92.3497
-92.3321
-92.3144
-92.2966
-92.2787
-92.2607
-92.2426
-92.2243
-92.206
-92.1875
-92.1689
-92.1502
-92.1314
-92.1125
-92.0935
-92.0743
-92.0551
-92.0357
-92.0162
-91.9966
-91.9768
-91.957
-91.937
-91.9169
-91.8966
-91.8763
-91.8558
-91.8352
-91.8145
-91.7936
-91.7726
-91.7515
-91.7302
-91.7089
-91.6873
-91.6657
-91.6439
-91.622
-91.5999
-91.5777
-91.5553
-91.5329
-91.5102
-91.4874
-91.4645
-91.4414
-91.4182
-91.3948
-91.3713
-91.3477
-91.3238
-91.2998
-91.2757
-91.2514
-91.2269
-91.2023
-91.1775
-91.1526
-91.1274
-91.1021
-91.0767
-91.0511
-91.0252
-90.9992
-90.9731
-90.9467
-90.9202
-90.8935
-90.8666
-90.8395
-90.8122
-90.7847
-90.757
-90.7291
-90.701
-90.6728
-90.6443
-90.6155
-90.5866
-90.5575
-90.5281
-90.4986
-90.4687
-90.4387
-90.4084
-90.3779
-90.3472
-90.3162
-90.285
-90.2535
-90.2217
-90.1897
-90.1575
-90.1249
-90.0921
-90.0591
-90.0257
-89.9921
-89.9581
-89.9239
-89.8893
-89.8545
-89.8193
-89.7838
-89.748
-89.7119
-89.6754
-89.6386
-89.6014
-89.5639
-89.526
-89.4877
-89.4491
-89.41
-89.3706
-89.3307
-89.2904
-89.2497
-89.2086
-89.167
-89.1249
-89.0824
-89.0394
-88.9959
-88.9519
-88.9073
-88.8623
-88.8166
-88.7705
-88.7237
-88.6763
-88.6284
-88.5798
-88.5305
-88.4806
-88.43
-88.3787
-88.3266
-88.2738
-88.2202
-88.1657
-88.1105
-88.0544
-87.9974
-87.9394
-87.8805
-87.8206
-87.7596
-87.6976
-87.6344
-87.5701
-87.5046
-87.4378
-87.3696
-87.3001
-87.2291
-87.1567
-87.0826
-87.0069
-86.9294
-86.8501
-86.7689
-86.6856
-86.6002
-86.5126
-86.4225
-86.3299
-86.2346
-86.1364
-86.0352
-85.9307
-85.8227
-85.711
-85.5952
-85.4751
-85.3504
-85.2205
-85.0852
-84.9438
-84.7958
-84.6407
-84.4775
-84.3055
-84.1237
-83.9308
-83.7254
-83.5058
-83.27
-83.0155
-82.7391
-82.4367
-82.1034
-81.7323
-81.3143
-80.8365
-80.2806
-79.6183
-78.804
-77.7572
-76.3185
-74.1099
-69.9223
-56.8221
24.5293
49.905
48.1296
39.9762
22.1444
2.90036
-9.39471
-19.859
-30.7736
-43.6258
-74.2269
-94.5309
-94.9875
-94.9925
-94.986
-94.9732
-94.951
-94.9167
-94.87
-94.815
-94.7579
-94.7043
-94.657
-94.617
-94.5839
-94.5567
-94.5343
-94.5158
-94.5004
-94.4874
-94.4762
-94.4666
-94.4581
-94.4506
-94.4438
-94.4375
-94.4318
-94.4264
-94.4213
-94.4164
-94.4117
-94.4071
-94.4026
-94.3982
-94.3939
-94.3896
-94.3853
-94.3811
-94.3768
-94.3725
-94.3683
-94.364
-94.3597
-94.3553
-94.351
-94.3466
-94.3422
-94.3378
-94.3333
-94.3288
-94.3243
-94.3198
-94.3152
-94.3105
-94.3059
-94.3012
-94.2965
-94.2917
-94.2869
-94.2821
-94.2772
-94.2723
-94.2674
-94.2624
-94.2574
-94.2523
-94.2472
-94.2421
-94.237
-94.2318
-94.2265
-94.2212
-94.2159
-94.2106
-94.2052
-94.1998
-94.1943
-94.1888
-94.1832
-94.1777
-94.172
-94.1664
-94.1607
-94.1549
-94.1491
-94.1433
-94.1374
-94.1315
-94.1256
-94.1196
-94.1135
-94.1075
-94.1013
-94.0952
-94.089
-94.0827
-94.0765
-94.0701
-94.0638
-94.0573
-94.0509
-94.0444
-94.0378
-94.0312
-94.0246
-94.0179
-94.0112
-94.0044
-93.9976
-93.9908
-93.9839
-93.9769
-93.9699
-93.9629
-93.9558
-93.9487
-93.9415
-93.9343
-93.927
-93.9197
-93.9123
-93.9049
-93.8974
-93.8899
-93.8824
-93.8748
-93.8671
-93.8594
-93.8517
-93.8439
-93.836
-93.8281
-93.8202
-93.8122
-93.8041
-93.796
-93.7879
-93.7797
-93.7715
-93.7632
-93.7548
-93.7464
-93.738
-93.7295
-93.7209
-93.7123
-93.7036
-93.6949
-93.6862
-93.6774
-93.6685
-93.6596
-93.6506
-93.6416
-93.6325
-93.6234
-93.6142
-93.6049
-93.5956
-93.5863
-93.5769
-93.5674
-93.5579
-93.5483
-93.5387
-93.529
-93.5193
-93.5095
-93.4997
-93.4897
-93.4798
-93.4698
-93.4597
-93.4496
-93.4394
-93.4291
-93.4188
-93.4085
-93.398
-93.3876
-93.377
-93.3664
-93.3558
-93.3451
-93.3343
-93.3235
-93.3126
-93.3016
-93.2906
-93.2796
-93.2684
-93.2573
-93.246
-93.2347
-93.2233
-93.2119
-93.2004
-93.1889
-93.1772
-93.1656
-93.1538
-93.142
-93.1302
-93.1182
-93.1062
-93.0942
-93.0821
-93.0699
-93.0577
-93.0454
-93.033
-93.0206
-93.0081
-92.9955
-92.9829
-92.9702
-92.9575
-92.9447
-92.9318
-92.9188
-92.9058
-92.8927
-92.8796
-92.8664
-92.8531
-92.8398
-92.8264
-92.8129
-92.7993
-92.7857
-92.7721
-92.7583
-92.7445
-92.7306
-92.7167
-92.7026
-92.6886
-92.6744
-92.6602
-92.6459
-92.6315
-92.6171
-92.6026
-92.588
-92.5734
-92.5587
-92.5439
-92.529
-92.5141
-92.4991
-92.484
-92.4689
-92.4537
-92.4384
-92.423
-92.4076
-92.3921
-92.3765
-92.3609
-92.3451
-92.3293
-92.3135
-92.2975
-92.2815
-92.2654
-92.2492
-92.233
-92.2167
-92.2002
-92.1838
-92.1672
-92.1506
-92.1339
-92.1171
-92.1002
-92.0833
-92.0662
-92.0491
-92.032
-92.0147
-91.9974
-91.9799
-91.9624
-91.9448
-91.9272
-91.9094
-91.8916
-91.8737
-91.8557
-91.8376
-91.8194
-91.8012
-91.7829
-91.7644
-91.7459
-91.7273
-91.7087
-91.6899
-91.671
-91.6521
-91.6331
-91.614
-91.5947
-91.5754
-91.5561
-91.5366
-91.517
-91.4974
-91.4776
-91.4577
-91.4378
-91.4178
-91.3976
-91.3774
-91.3571
-91.3366
-91.3161
-91.2955
-91.2748
-91.254
-91.233
-91.212
-91.1909
-91.1697
-91.1483
-91.1269
-91.1053
-91.0837
-91.0619
-91.0401
-91.0181
-90.996
-90.9738
-90.9515
-90.9291
-90.9065
-90.8839
-90.8611
-90.8382
-90.8152
-90.7921
-90.7689
-90.7455
-90.722
-90.6984
-90.6747
-90.6508
-90.6268
-90.6027
-90.5784
-90.554
-90.5295
-90.5048
-90.48
-90.4551
-90.43
-90.4048
-90.3794
-90.3539
-90.3282
-90.3024
-90.2764
-90.2503
-90.224
-90.1976
-90.171
-90.1442
-90.1173
-90.0902
-90.063
-90.0355
-90.0079
-89.9801
-89.9521
-89.924
-89.8957
-89.8671
-89.8384
-89.8095
-89.7804
-89.7511
-89.7216
-89.6918
-89.6619
-89.6318
-89.6014
-89.5708
-89.54
-89.5089
-89.4776
-89.4461
-89.4143
-89.3823
-89.35
-89.3175
-89.2847
-89.2516
-89.2182
-89.1846
-89.1507
-89.1165
-89.082
-89.0472
-89.012
-88.9766
-88.9408
-88.9047
-88.8682
-88.8314
-88.7942
-88.7567
-88.7187
-88.6804
-88.6417
-88.6026
-88.5631
-88.5231
-88.4827
-88.4418
-88.4005
-88.3587
-88.3164
-88.2736
-88.2303
-88.1864
-88.142
-88.097
-88.0515
-88.0053
-87.9584
-87.911
-87.8629
-87.814
-87.7645
-87.7142
-87.6632
-87.6113
-87.5587
-87.5051
-87.4507
-87.3954
-87.3391
-87.2818
-87.2235
-87.1641
-87.1035
-87.0418
-86.9788
-86.9146
-86.849
-86.782
-86.7135
-86.6435
-86.5719
-86.4985
-86.4233
-86.3462
-86.2671
-86.1859
-86.1024
-86.0165
-85.9281
-85.837
-85.7429
-85.6459
-85.5455
-85.4416
-85.3339
-85.2221
-85.1058
-84.9848
-84.8586
-84.7266
-84.5885
-84.4436
-84.291
-84.1302
-83.9601
-83.7795
-83.5872
-83.3816
-83.1608
-82.9224
-82.6636
-82.3807
-82.0691
-81.7226
-81.3331
-80.8893
-80.3752
-79.7663
-79.0244
-78.084
-76.8202
-74.9561
-71.6984
-63.3908
-16.6722
49.8909
49.5959
45.9508
33.8625
13.4651
-2.49417
-13.7148
-24.5149
-34.6539
-52.2722
-88.1382
-94.8978
-94.9931
-94.9905
-94.9815
-94.9648
-94.9366
-94.8948
-94.841
-94.7815
-94.723
-94.6702
-94.625
-94.5876
-94.5571
-94.5323
-94.5121
-94.4955
-94.4817
-94.4701
-94.4603
-94.4518
-94.4445
-94.438
-94.4321
-94.4268
-94.4219
-94.4173
-94.413
-94.4089
-94.4049
-94.401
-94.3973
-94.3936
-94.3899
-94.3862
-94.3826
-94.3789
-94.3753
-94.3716
-94.368
-94.3643
-94.3605
-94.3568
-94.353
-94.3492
-94.3453
-94.3415
-94.3375
-94.3336
-94.3296
-94.3256
-94.3215
-94.3174
-94.3133
-94.3091
-94.3049
-94.3006
-94.2963
-94.292
-94.2876
-94.2832
-94.2788
-94.2743
-94.2698
-94.2652
-94.2606
-94.256
-94.2513
-94.2466
-94.2418
-94.2371
-94.2322
-94.2274
-94.2225
-94.2175
-94.2125
-94.2075
-94.2025
-94.1974
-94.1922
-94.1871
-94.1819
-94.1766
-94.1713
-94.166
-94.1606
-94.1552
-94.1498
-94.1443
-94.1388
-94.1332
-94.1276
-94.122
-94.1163
-94.1106
-94.1049
-94.0991
-94.0932
-94.0874
-94.0815
-94.0755
-94.0695
-94.0635
-94.0574
-94.0513
-94.0452
-94.039
-94.0328
-94.0265
-94.0202
-94.0138
-94.0074
-94.001
-93.9946
-93.988
-93.9815
-93.9749
-93.9683
-93.9616
-93.9549
-93.9481
-93.9414
-93.9345
-93.9277
-93.9207
-93.9138
-93.9068
-93.8997
-93.8927
-93.8855
-93.8784
-93.8712
-93.8639
-93.8567
-93.8493
-93.842
-93.8345
-93.8271
-93.8196
-93.8121
-93.8045
-93.7969
-93.7892
-93.7815
-93.7738
-93.766
-93.7581
-93.7503
-93.7423
-93.7344
-93.7264
-93.7183
-93.7103
-93.7021
-93.694
-93.6857
-93.6775
-93.6692
-93.6608
-93.6524
-93.644
-93.6355
-93.627
-93.6185
-93.6099
-93.6012
-93.5925
-93.5838
-93.575
-93.5662
-93.5573
-93.5484
-93.5395
-93.5305
-93.5214
-93.5124
-93.5032
-93.4941
-93.4849
-93.4756
-93.4663
-93.4569
-93.4476
-93.4381
-93.4286
-93.4191
-93.4096
-93.3999
-93.3903
-93.3806
-93.3709
-93.3611
-93.3512
-93.3414
-93.3314
-93.3215
-93.3115
-93.3014
-93.2913
-93.2812
-93.271
-93.2608
-93.2505
-93.2402
-93.2298
-93.2194
-93.209
-93.1985
-93.1879
-93.1773
-93.1667
-93.156
-93.1453
-93.1345
-93.1237
-93.1129
-93.102
-93.091
-93.0801
-93.069
-93.058
-93.0468
-93.0357
-93.0245
-93.0132
-93.0019
-92.9906
-92.9792
-92.9678
-92.9563
-92.9448
-92.9332
-92.9216
-92.91
-92.8983
-92.8865
-92.8748
-92.8629
-92.8511
-92.8391
-92.8272
-92.8152
-92.8031
-92.7911
-92.7789
-92.7667
-92.7545
-92.7423
-92.7299
-92.7176
-92.7052
-92.6927
-92.6803
-92.6677
-92.6552
-92.6425
-92.6299
-92.6172
-92.6044
-92.5916
-92.5788
-92.5659
-92.553
-92.54
-92.527
-92.514
-92.5009
-92.4877
-92.4746
-92.4613
-92.4481
-92.4347
-92.4214
-92.408
-92.3945
-92.3811
-92.3675
-92.354
-92.3403
-92.3267
-92.313
-92.2992
-92.2854
-92.2716
-92.2577
-92.2438
-92.2299
-92.2159
-92.2018
-92.1877
-92.1736
-92.1594
-92.1452
-92.1309
-92.1166
-92.1023
-92.0879
-92.0735
-92.059
-92.0445
-92.0299
-92.0153
-92.0006
-91.986
-91.9712
-91.9564
-91.9416
-91.9268
-91.9118
-91.8969
-91.8819
-91.8669
-91.8518
-91.8367
-91.8215
-91.8063
-91.791
-91.7758
-91.7604
-91.745
-91.7296
-91.7141
-91.6986
-91.6831
-91.6675
-91.6518
-91.6361
-91.6204
-91.6046
-91.5888
-91.573
-91.5571
-91.5411
-91.5251
-91.5091
-91.493
-91.4769
-91.4607
-91.4445
-91.4282
-91.4119
-91.3955
-91.3791
-91.3627
-91.3462
-91.3297
-91.3131
-91.2965
-91.2798
-91.2631
-91.2463
-91.2295
-91.2126
-91.1957
-91.1788
-91.1618
-91.1447
-91.1276
-91.1105
-91.0933
-91.0761
-91.0588
-91.0415
-91.0241
-91.0066
-90.9892
-90.9716
-90.954
-90.9364
-90.9187
-90.901
-90.8832
-90.8654
-90.8475
-90.8295
-90.8115
-90.7935
-90.7754
-90.7572
-90.739
-90.7208
-90.7025
-90.6841
-90.6657
-90.6472
-90.6286
-90.61
-90.5914
-90.5727
-90.5539
-90.5351
-90.5162
-90.4973
-90.4783
-90.4592
-90.4401
-90.4209
-90.4016
-90.3823
-90.363
-90.3435
-90.324
-90.3045
-90.2848
-90.2651
-90.2453
-90.2255
-90.2056
-90.1856
-90.1656
-90.1455
-90.1253
-90.105
-90.0847
-90.0643
-90.0438
-90.0232
-90.0026
-89.9819
-89.9611
-89.9402
-89.9193
-89.8982
-89.8771
-89.8559
-89.8346
-89.8133
-89.7918
-89.7703
-89.7486
-89.7269
-89.7051
-89.6831
-89.6611
-89.639
-89.6168
-89.5945
-89.5721
-89.5496
-89.527
-89.5043
-89.4814
-89.4585
-89.4355
-89.4123
-89.389
-89.3657
-89.3422
-89.3185
-89.2948
-89.2709
-89.2469
-89.2228
-89.1985
-89.1741
-89.1496
-89.1249
-89.1001
-89.0752
-89.0501
-89.0248
-88.9994
-88.9739
-88.9482
-88.9223
-88.8963
-88.8701
-88.8437
-88.8172
-88.7905
-88.7636
-88.7365
-88.7092
-88.6817
-88.6541
-88.6262
-88.5981
-88.5699
-88.5414
-88.5126
-88.4837
-88.4545
-88.4251
-88.3955
-88.3656
-88.3354
-88.305
-88.2743
-88.2434
-88.2122
-88.1807
-88.1489
-88.1168
-88.0844
-88.0516
-88.0186
-87.9852
-87.9514
-87.9174
-87.8829
-87.8481
-87.8129
-87.7773
-87.7412
-87.7048
-87.668
-87.6306
-87.5929
-87.5546
-87.5159
-87.4766
-87.4369
-87.3966
-87.3557
-87.3143
-87.2723
-87.2296
-87.1863
-87.1424
-87.0977
-87.0524
-87.0063
-86.9594
-86.9117
-86.8632
-86.8139
-86.7636
-86.7124
-86.6602
-86.607
-86.5527
-86.4973
-86.4408
-86.383
-86.3239
-86.2635
-86.2017
-86.1384
-86.0735
-86.0069
-85.9387
-85.8686
-85.7965
-85.7224
-85.6461
-85.5675
-85.4864
-85.4027
-85.3161
-85.2266
-85.1338
-85.0376
-84.9377
-84.8337
-84.7253
-84.6122
-84.494
-84.3701
-84.24
-84.1032
-83.9588
-83.8061
-83.644
-83.4715
-83.2871
-83.0893
-82.876
-82.6449
-82.3929
-82.1161
-81.8097
-81.4672
-81.0797
-80.6352
-80.1158
-79.4948
-78.7286
-77.7412
-76.3819
-74.2952
-70.3466
-57.9497
18.5856
49.954
48.6432
41.594
24.6869
4.5522
-8.23849
-18.7962
-29.7801
-41.6789
-69.6885
-94.2466
-94.9828
-94.9925
-94.9862
-94.9735
-94.9513
-94.9161
-94.8676
-94.8096
-94.7488
-94.6911
-94.6402
-94.5971
-94.5617
-94.5328
-94.5093
-94.4903
-94.4747
-94.4618
-94.4511
-94.442
-94.4343
-94.4277
-94.4219
-94.4167
-94.412
-94.4078
-94.4038
-94.4001
-94.3966
-94.3932
-94.3899
-94.3867
-94.3835
-94.3804
-94.3773
-94.3741
-94.371
-94.3679
-94.3647
-94.3615
-94.3583
-94.3551
-94.3518
-94.3485
-94.3451
-94.3417
-94.3383
-94.3348
-94.3313
-94.3278
-94.3242
-94.3205
-94.3169
-94.3132
-94.3094
-94.3056
-94.3018
-94.2979
-94.294
-94.29
-94.2861
-94.282
-94.278
-94.2738
-94.2697
-94.2655
-94.2613
-94.257
-94.2527
-94.2484
-94.244
-94.2396
-94.2351
-94.2306
-94.2261
-94.2215
-94.2169
-94.2123
-94.2076
-94.2029
-94.1981
-94.1933
-94.1885
-94.1836
-94.1787
-94.1738
-94.1688
-94.1638
-94.1587
-94.1537
-94.1485
-94.1434
-94.1382
-94.133
-94.1277
-94.1224
-94.117
-94.1117
-94.1063
-94.1008
-94.0953
-94.0898
-94.0843
-94.0787
-94.0731
-94.0674
-94.0617
-94.056
-94.0502
-94.0444
-94.0386
-94.0327
-94.0268
-94.0209
-94.0149
-94.0089
-94.0029
-93.9968
-93.9907
-93.9845
-93.9783
-93.9721
-93.9659
-93.9596
-93.9533
-93.9469
-93.9405
-93.9341
-93.9276
-93.9211
-93.9146
-93.908
-93.9014
-93.8948
-93.8881
-93.8814
-93.8747
-93.8679
-93.8611
-93.8542
-93.8474
-93.8405
-93.8335
-93.8265
-93.8195
-93.8125
-93.8054
-93.7983
-93.7911
-93.7839
-93.7767
-93.7695
-93.7622
-93.7549
-93.7475
-93.7401
-93.7327
-93.7252
-93.7177
-93.7102
-93.7027
-93.6951
-93.6875
-93.6798
-93.6721
-93.6644
-93.6566
-93.6488
-93.641
-93.6331
-93.6253
-93.6173
-93.6094
-93.6014
-93.5934
-93.5853
-93.5772
-93.5691
-93.5609
-93.5527
-93.5445
-93.5363
-93.528
-93.5197
-93.5113
-93.5029
-93.4945
-93.4861
-93.4776
-93.4691
-93.4606
-93.452
-93.4434
-93.4347
-93.4261
-93.4174
-93.4086
-93.3999
-93.3911
-93.3822
-93.3734
-93.3645
-93.3556
-93.3466
-93.3376
-93.3286
-93.3196
-93.3105
-93.3014
-93.2923
-93.2831
-93.2739
-93.2647
-93.2554
-93.2462
-93.2368
-93.2275
-93.2181
-93.2087
-93.1993
-93.1898
-93.1803
-93.1708
-93.1613
-93.1517
-93.1421
-93.1325
-93.1228
-93.1131
-93.1034
-93.0936
-93.0839
-93.0741
-93.0642
-93.0544
-93.0445
-93.0346
-93.0247
-93.0147
-93.0047
-92.9947
-92.9846
-92.9746
-92.9645
-92.9543
-92.9442
-92.934
-92.9238
-92.9136
-92.9033
-92.893
-92.8827
-92.8724
-92.862
-92.8517
-92.8413
-92.8308
-92.8204
-92.8099
-92.7994
-92.7889
-92.7783
-92.7677
-92.7571
-92.7465
-92.7359
-92.7252
-92.7145
-92.7038
-92.6931
-92.6823
-92.6715
-92.6607
-92.6499
-92.639
-92.6282
-92.6173
-92.6064
-92.5954
-92.5845
-92.5735
-92.5625
-92.5515
-92.5405
-92.5294
-92.5183
-92.5072
-92.4961
-92.485
-92.4738
-92.4626
-92.4514
-92.4402
-92.429
-92.4177
-92.4064
-92.3951
-92.3838
-92.3725
-92.3612
-92.3498
-92.3384
-92.327
-92.3156
-92.3042
-92.2927
-92.2812
-92.2698
-92.2583
-92.2467
-92.2352
-92.2237
-92.2121
-92.2005
-92.1889
-92.1773
-92.1656
-92.154
-92.1423
-92.1307
-92.119
-92.1073
-92.0955
-92.0838
-92.0721
-92.0603
-92.0485
-92.0367
-92.0249
-92.0131
-92.0013
-91.9894
-91.9776
-91.9657
-91.9538
-91.9419
-91.93
-91.9181
-91.9061
-91.8942
-91.8822
-91.8702
-91.8583
-91.8463
-91.8343
-91.8223
-91.8102
-91.7982
-91.7861
-91.7741
-91.762
-91.7499
-91.7378
-91.7257
-91.7136
-91.7015
-91.6893
-91.6772
-91.665
-91.6529
-91.6407
-91.6285
-91.6163
-91.6041
-91.5919
-91.5797
-91.5675
-91.5552
-91.543
-91.5307
-91.5185
-91.5062
-91.4939
-91.4816
-91.4693
-91.457
-91.4447
-91.4324
-91.4201
-91.4077
-91.3954
-91.383
-91.3707
-91.3583
-91.346
-91.3336
-91.3212
-91.3088
-91.2964
-91.284
-91.2716
-91.2592
-91.2468
-91.2343
-91.2219
-91.2095
-91.197
-91.1846
-91.1721
-91.1596
-91.1472
-91.1347
-91.1222
-91.1097
-91.0972
-91.0847
-91.0722
-91.0597
-91.0472
-91.0347
-91.0222
-91.0096
-90.9971
-90.9846
-90.972
-90.9595
-90.9469
-90.9343
-90.9218
-90.9092
-90.8966
-90.884
-90.8715
-90.8589
-90.8463
-90.8337
-90.8211
-90.8085
-90.7959
-90.7833
-90.7706
-90.758
-90.7454
-90.7327
-90.7201
-90.7074
-90.6948
-90.6821
-90.6695
-90.6568
-90.6442
-90.6315
-90.6188
-90.6061
-90.5935
-90.5808
-90.5681
-90.5554
-90.5427
-90.53
-90.5173
-90.5045
-90.4918
-90.4791
-90.4664
-90.4536
-90.4409
-90.4281
-90.4154
-90.4026
-90.3899
-90.3771
-90.3643
-90.3516
-90.3388
-90.326
-90.3132
-90.3004
-90.2876
-90.2748
-90.262
-90.2492
-90.2363
-90.2235
-90.2107
-90.1978
-90.185
-90.1721
-90.1592
-90.1464
-90.1335
-90.1206
-90.1078
-90.0949
-90.082
-90.0691
-90.0561
-90.0432
-90.0303
-90.0173
-90.0044
-89.9914
-89.9785
-89.9655
-89.9525
-89.9395
-89.9265
-89.9135
-89.9005
-89.8875
-89.8745
-89.8615
-89.8484
-89.8354
-89.8223
-89.8092
-89.7961
-89.783
-89.7699
-89.7568
-89.7437
-89.7305
-89.7174
-89.7042
-89.691
-89.6779
-89.6647
-89.6515
-89.6382
-89.625
-89.6118
-89.5985
-89.5852
-89.5719
-89.5586
-89.5453
-89.532
-89.5186
-89.5053
-89.4919
-89.4785
-89.4651
-89.4517
-89.4382
-89.4248
-89.4113
-89.3978
-89.3843
-89.3708
-89.3573
-89.3437
-89.3301
-89.3165
-89.3029
-89.2892
-89.2756
-89.2619
-89.2482
-89.2344
-89.2207
-89.2069
-89.1931
-89.1793
-89.1655
-89.1516
-89.1377
-89.1238
-89.1099
-89.0959
-89.0819
-89.0679
-89.0539
-89.0398
-89.0257
-89.0115
-88.9974
-88.9832
-88.969
-88.9547
-88.9404
-88.9261
-88.9118
-88.8974
-88.883
-88.8685
-88.854
-88.8395
-88.8249
-88.8103
-88.7957
-88.781
-88.7663
-88.7515
-88.7367
-88.7219
-88.707
-88.6921
-88.6771
-88.6621
-88.6471
-88.632
-88.6168
-88.6016
-88.5864
-88.5711
-88.5557
-88.5403
-88.5248
-88.5093
-88.4938
-88.4781
-88.4625
-88.4467
-88.4309
-88.4151
-88.3991
-88.3832
-88.3671
-88.351
-88.3348
-88.3186
-88.3022
-88.2858
-88.2694
-88.2528
-88.2362
-88.2195
-88.2028
-88.1859
-88.169
-88.152
-88.1349
-88.1177
-88.1004
-88.0831
-88.0656
-88.0481
-88.0304
-88.0127
-87.9948
-87.9769
-87.9588
-87.9407
-87.9224
-87.904
-87.8856
-87.8669
-87.8482
-87.8294
-87.8104
-87.7913
-87.7721
-87.7527
-87.7332
-87.7136
-87.6938
-87.6739
-87.6538
-87.6336
-87.6132
-87.5927
-87.572
-87.5511
-87.5301
-87.5089
-87.4875
-87.4659
-87.4441
-87.4222
-87.4
-87.3777
-87.3551
-87.3323
-87.3093
-87.2861
-87.2626
-87.2389
-87.215
-87.1908
-87.1663
-87.1416
-87.1166
-87.0914
-87.0658
-87.04
-87.0138
-86.9873
-86.9605
-86.9334
-86.906
-86.8781
-86.8499
-86.8214
-86.7924
-86.7631
-86.7333
-86.7031
-86.6725
-86.6414
-86.6098
-86.5778
-86.5452
-86.5121
-86.4785
-86.4443
-86.4095
-86.3741
-86.3381
-86.3015
-86.2641
-86.2261
-86.1873
-86.1478
-86.1074
-86.0663
-86.0242
-85.9813
-85.9374
-85.8926
-85.8466
-85.7997
-85.7515
-85.7022
-85.6517
-85.5998
-85.5465
-85.4918
-85.4356
-85.3777
-85.3181
-85.2567
-85.1934
-85.128
-85.0604
-84.9906
-84.9183
-84.8433
-84.7655
-84.6847
-84.6006
-84.5131
-84.4217
-84.3262
-84.2263
-84.1215
-84.0114
-83.8956
-83.7732
-83.6439
-83.5066
-83.3606
-83.2047
-83.0377
-82.8581
-82.664
-82.4531
-82.2227
-81.9692
-81.6882
-81.3736
-81.0177
-80.6093
-80.1328
-79.5645
-78.867
-77.9761
-76.769
-74.97
-71.7717
-63.1971
-14.585
49.9242
49.6074
45.951
33.7656
13.2359
-2.68289
-13.8914
-24.7145
-34.8005
-52.6313
-88.4731
-94.9024
-94.9929
-94.99
-94.9805
-94.9629
-94.9331
-94.8889
-94.8322
-94.7695
-94.708
-94.6526
-94.6054
-94.5665
-94.5349
-94.5095
-94.489
-94.4724
-94.459
-94.4479
-94.4387
-94.4311
-94.4246
-94.419
-94.4141
-94.4098
-94.406
-94.4024
-94.3992
-94.3961
-94.3932
-94.3903
-94.3876
-94.3849
-94.3822
-94.3796
-94.3769
-94.3743
-94.3716
-94.3689
-94.3662
-94.3634
-94.3606
-94.3578
-94.3549
-94.352
-94.349
-94.346
-94.343
-94.3399
-94.3368
-94.3336
-94.3304
-94.3272
-94.3239
-94.3205
-94.3171
-94.3137
-94.3102
-94.3067
-94.3032
-94.2996
-94.296
-94.2923
-94.2886
-94.2848
-94.2811
-94.2772
-94.2734
-94.2695
-94.2655
-94.2615
-94.2575
-94.2535
-94.2494
-94.2452
-94.2411
-94.2369
-94.2326
-94.2283
-94.224
-94.2197
-94.2153
-94.2109
-94.2064
-94.2019
-94.1974
-94.1928
-94.1883
-94.1836
-94.179
-94.1743
-94.1695
-94.1648
-94.16
-94.1552
-94.1503
-94.1454
-94.1405
-94.1355
-94.1305
-94.1255
-94.1204
-94.1153
-94.1102
-94.1051
-94.0999
-94.0947
-94.0894
-94.0841
-94.0788
-94.0735
-94.0681
-94.0627
-94.0572
-94.0518
-94.0463
-94.0407
-94.0352
-94.0296
-94.024
-94.0183
-94.0126
-94.0069
-94.0012
-93.9954
-93.9896
-93.9838
-93.9779
-93.972
-93.9661
-93.9602
-93.9542
-93.9482
-93.9422
-93.9361
-93.93
-93.9239
-93.9177
-93.9115
-93.9053
-93.8991
-93.8928
-93.8865
-93.8802
-93.8739
-93.8675
-93.8611
-93.8547
-93.8482
-93.8417
-93.8352
-93.8286
-93.8221
-93.8155
-93.8089
-93.8022
-93.7955
-93.7888
-93.7821
-93.7753
-93.7685
-93.7617
-93.7549
-93.748
-93.7411
-93.7342
-93.7273
-93.7203
-93.7133
-93.7063
-93.6993
-93.6922
-93.6851
-93.678
-93.6708
-93.6637
-93.6565
-93.6492
-93.642
-93.6347
-93.6274
-93.6201
-93.6128
-93.6054
-93.598
-93.5906
-93.5832
-93.5757
-93.5682
-93.5607
-93.5532
-93.5456
-93.5381
-93.5305
-93.5228
-93.5152
-93.5075
-93.4998
-93.4921
-93.4844
-93.4766
-93.4689
-93.4611
-93.4532
-93.4454
-93.4375
-93.4297
-93.4217
-93.4138
-93.4059
-93.3979
-93.3899
-93.3819
-93.3739
-93.3658
-93.3578
-93.3497
-93.3416
-93.3335
-93.3253
-93.3171
-93.309
-93.3008
-93.2925
-93.2843
-93.2761
-93.2678
-93.2595
-93.2512
-93.2429
-93.2345
-93.2261
-93.2178
-93.2094
-93.201
-93.1925
-93.1841
-93.1756
-93.1671
-93.1586
-93.1501
-93.1416
-93.1331
-93.1245
-93.1159
-93.1074
-93.0987
-93.0901
-93.0815
-93.0729
-93.0642
-93.0555
-93.0468
-93.0381
-93.0294
-93.0207
-93.012
-93.0032
-92.9945
-92.9857
-92.9769
-92.9681
-92.9593
-92.9505
-92.9416
-92.9328
-92.9239
-92.915
-92.9062
-92.8973
-92.8884
-92.8794
-92.8705
-92.8616
-92.8527
-92.8437
-92.8347
-92.8258
-92.8168
-92.8078
-92.7988
-92.7898
-92.7808
-92.7718
-92.7627
-92.7537
-92.7447
-92.7356
-92.7265
-92.7175
-92.7084
-92.6993
-92.6902
-92.6811
-92.672
-92.6629
-92.6538
-92.6447
-92.6356
-92.6265
-92.6173
-92.6082
-92.5991
-92.5899
-92.5808
-92.5716
-92.5625
-92.5533
-92.5441
-92.535
-92.5258
-92.5166
-92.5075
-92.4983
-92.4891
-92.4799
-92.4707
-92.4615
-92.4523
-92.4432
-92.434
-92.4248
-92.4156
-92.4064
-92.3972
-92.388
-92.3788
-92.3696
-92.3604
-92.3512
-92.342
-92.3328
-92.3236
-92.3144
-92.3052
-92.296
-92.2868
-92.2776
-92.2685
-92.2593
-92.2501
-92.2409
-92.2317
-92.2225
-92.2134
-92.2042
-92.195
-92.1859
-92.1767
-92.1675
-92.1584
-92.1492
-92.1401
-92.1309
-92.1218
-92.1127
-92.1035
-92.0944
-92.0853
-92.0762
-92.0671
-92.058
-92.0489
-92.0398
-92.0307
-92.0216
-92.0125
-92.0035
-91.9944
-91.9853
-91.9763
-91.9672
-91.9582
-91.9492
-91.9402
-91.9311
-91.9221
-91.9131
-91.9041
-91.8952
-91.8862
-91.8772
-91.8682
-91.8593
-91.8504
-91.8414
-91.8325
-91.8236
-91.8147
-91.8058
-91.7969
-91.788
-91.7791
-91.7703
-91.7614
-91.7526
-91.7438
-91.7349
-91.7261
-91.7173
-91.7085
-91.6998
-91.691
-91.6822
-91.6735
-91.6647
-91.656
-91.6473
-91.6386
-91.6299
-91.6212
-91.6126
-91.6039
-91.5953
-91.5866
-91.578
-91.5694
-91.5608
-91.5523
-91.5437
-91.5351
-91.5266
-91.518
-91.5095
-91.501
-91.4925
-91.484
-91.4756
-91.4671
-91.4587
-91.4503
-91.4418
-91.4334
-91.4251
-91.4167
-91.4083
-91.4
-91.3917
-91.3833
-91.375
-91.3668
-91.3585
-91.3502
-91.342
-91.3338
-91.3256
-91.3174
-91.3092
-91.301
-91.2928
-91.2847
-91.2766
-91.2685
-91.2604
-91.2523
-91.2442
-91.2362
-91.2282
-91.2201
-91.2121
-91.2042
-91.1962
-91.1882
-91.1803
-91.1724
-91.1645
-91.1566
-91.1487
-91.1408
-91.133
-91.1252
-91.1174
-91.1096
-91.1018
-91.0941
-91.0863
-91.0786
-91.0709
-91.0632
-91.0555
-91.0479
-91.0402
-91.0326
-91.025
-91.0174
-91.0098
-91.0023
-90.9947
-90.9872
-90.9797
-90.9722
-90.9647
-90.9573
-90.9498
-90.9424
-90.935
-90.9276
-90.9203
-90.9129
-90.9056
-90.8983
-90.891
-90.8837
-90.8764
-90.8692
-90.862
-90.8548
-90.8476
-90.8404
-90.8333
-90.8261
-90.819
-90.8119
-90.8048
-90.7978
-90.7907
-90.7837
-90.7767
-90.7697
-90.7627
-90.7557
-90.7488
-90.7419
-90.735
-90.7281
-90.7212
-90.7144
-90.7075
-90.7007
-90.6939
-90.6871
-90.6804
-90.6737
-90.6669
-90.6602
-90.6535
-90.6469
-90.6402
-90.6336
-90.627
-90.6204
-90.6138
-90.6073
-90.6008
-90.5942
-90.5877
-90.5813
-90.5748
-90.5683
-90.5619
-90.5555
-90.5491
-90.5427
-90.5364
-90.53
-90.5237
-90.5174
-90.5111
-90.5049
-90.4986
-90.4924
-90.4862
-90.48
-90.4738
-90.4677
-90.4615
-90.4554
-90.4493
-90.4433
-90.4372
-90.4312
-90.4251
-90.4191
-90.4131
-90.4072
-90.4012
-90.3953
-90.3894
-90.3835
-90.3776
-90.3718
-90.3659
-90.3601
-90.3543
-90.3485
-90.3428
-90.337
-90.3313
-90.3256
-90.3199
-90.3142
-90.3085
-90.3029
-90.2973
-90.2917
-90.2861
-90.2805
-90.275
-90.2694
-90.2639
-90.2584
-90.253
-90.2475
-90.2421
-90.2366
-90.2312
-90.2258
-90.2205
-90.2151
-90.2098
-90.2045
-90.1992
-90.1939
-90.1886
-90.1834
-90.1782
-90.173
-90.1678
-90.1626
-90.1575
-90.1523
-90.1472
-90.1421
-90.137
-90.132
-90.1269
-90.1219
-90.1169
-90.1119
-90.1069
-90.102
-90.097
-90.0921
-90.0872
-90.0823
-90.0774
-90.0726
-90.0677
-90.0629
-90.0581
-90.0533
-90.0485
-90.0438
-90.0391
-90.0343
-90.0296
-90.025
-90.0203
-90.0156
-90.011
-90.0064
-90.0018
-89.9972
-89.9926
-89.9881
-89.9836
-89.9791
-89.9746
-89.9701
-89.9656
-89.9612
-89.9567
-89.9523
-89.9479
-89.9436
-89.9392
-89.9349
-89.9305
-89.9262
-89.9219
-89.9177
-89.9134
-89.9092
-89.9049
-89.9007
-89.8965
-89.8924
-89.8882
-89.8841
-89.8799
-89.8758
-89.8717
-89.8676
-89.8636
-89.8595
-89.8555
-89.8515
-89.8475
-89.8435
-89.8395
-89.8356
-89.8316
-89.8277
-89.8238
-89.8199
-89.816
-89.8122
-89.8083
-89.8045
-89.8007
-89.7969
-89.7931
-89.7894
-89.7856
-89.7819
-89.7781
-89.7744
-89.7708
-89.7671
-89.7634
-89.7598
-89.7562
-89.7525
-89.7489
-89.7454
-89.7418
-89.7383
-89.7347
-89.7312
-89.7277
-89.7242
-89.7207
-89.7173
-89.7138
-89.7104
-89.707
-89.7036
-89.7002
-89.6968
-89.6935
-89.6901
-89.6868
-89.6835
-89.6802
-89.6769
-89.6737
-89.6704
-89.6672
-89.664
-89.6608
-89.6576
-89.6544
-89.6512
-89.6481
-89.6449
-89.6418
-89.6387
-89.6356
-89.6325
-89.6295
-89.6264
-89.6234
-89.6204
-89.6174
-89.6144
-89.6114
-89.6084
-89.6055
-89.6025
-89.5996
-89.5967
-89.5938
-89.5909
-89.588
-89.5851
-89.5823
-89.5795
-89.5766
-89.5738
-89.571
-89.5683
-89.5655
-89.5627
-89.56
-89.5573
-89.5546
-89.5519
-89.5492
-89.5465
-89.5438
-89.5412
-89.5385
-89.5359
-89.5333
-89.5307
-89.5281
-89.5256
-89.523
-89.5204
-89.5179
-89.5154
-89.5129
-89.5104
-89.5079
-89.5054
-89.503
-89.5005
-89.4981
-89.4957
-89.4933
-89.4909
-89.4885
-89.4861
-89.4838
-89.4814
-89.4791
-89.4768
-89.4745
-89.4722
-89.4699
-89.4676
-89.4653
-89.4631
-89.4609
-89.4586
-89.4564
-89.4542
-89.452
-89.4499
-89.4477
-89.4455
-89.4434
-89.4413
-89.4392
-89.437
-89.4349
-89.4329
-89.4308
-89.4287
-89.4267
-89.4246
-89.4226
-89.4206
-89.4186
-89.4166
-89.4146
-89.4127
-89.4107
-89.4087
-89.4068
-89.4049
-89.403
-89.4011
-89.3992
-89.3973
-89.3954
-89.3936
-89.3917
-89.3899
-89.388
-89.3862
-89.3844
-89.3826
-89.3808
-89.3791
-89.3773
-89.3755
-89.3738
-89.372
-89.3703
-89.3686
-89.3669
-89.3652
-89.3635
-89.3618
-89.3602
-89.3585
-89.3569
-89.3552
-89.3536
-89.352
-89.3504
-89.3488
-89.3472
-89.3456
-89.3441
-89.3425
-89.341
-89.3394
-89.3379
-89.3364
-89.3349
-89.3334
-89.3319
-89.3304
-89.3289
-89.3275
-89.326
-89.3246
-89.3231
-89.3217
-89.3203
-89.3189
-89.3175
-89.3161
-89.3147
-89.3133
-89.312
-89.3106
-89.3093
-89.308
-89.3066
-89.3053
-89.304
-89.3027
-89.3014
-89.3001
-89.2989
-89.2976
-89.2963
-89.2951
-89.2939
-89.2926
-89.2914
-89.2902
-89.289
-89.2878
-89.2866
-89.2854
-89.2843
-89.2831
-89.2819
-89.2808
-89.2797
-89.2785
-89.2774
-89.2763
-89.2752
-89.2741
-89.273
-89.2719
-89.2709
-89.2698
-89.2687
-89.2677
-89.2666
-89.2656
-89.2646
-89.2636
-89.2626
-89.2616
-89.2606
-89.2596
-89.2586
-89.2576
-89.2567
-89.2557
-89.2548
-89.2538
-89.2529
-89.252
-89.251
-89.2501
-89.2492
-89.2483
-89.2474
-89.2466
-89.2457
-89.2448
-89.2439
-89.2431
-89.2422
-89.2414
-89.2406
-89.2397
-89.2389
-89.2381
-89.2373
-89.2365
-89.2357
-89.2349
-89.2341
-89.2334
-89.2326
-89.2319
-89.2311
-89.2304
-89.2296
-89.2289
-89.2282
-89.2274
-89.2267
-89.226
-89.2253
-89.2246
-89.2239
-89.2233
-89.2226
-89.2219
-89.2213
-89.2206
-89.2199
-89.2193
-89.2187
-89.218
-89.2174
-89.2168
-89.2162
-89.2156
-89.215
-89.2144
-89.2138
-89.2132
-89.2126
-89.212
-89.2115
-89.2109
-89.2104
-89.2098
-89.2093
-89.2087
-89.2082
-89.2077
-89.2071
-89.2066
-89.2061
-89.2056
-89.2051
-89.2046
-89.2041
-89.2036
-89.2032
-89.2027
-89.2022
-89.2018
-89.2013
-89.2008
-89.2004
-89.2
-89.1995
-89.1991
-89.1987
-89.1982
-89.1978
-89.1974
-89.197
-89.1966
-89.1962
-89.1958
-89.1954
-89.195
-89.1947
-89.1943
-89.1939
-89.1935
-89.1932
-89.1928
-89.1925
-89.1921
-89.1918
-89.1915
-89.1911
-89.1908
-89.1905
-89.1902
-89.1898
-89.1895
-89.1892
-89.1889
-89.1886
-89.1883
-89.188
-89.1878
-89.1875
-89.1872
-89.1869
-89.1867
-89.1864
-89.1861
-89.1859
-89.1856
-89.1854
-89.1851
-89.1849
-89.1847
-89.1844
-89.1842
-89.184
-89.1838
-89.1835
-89.1833
-89.1831
-89.1829
-89.1827
-89.1825
-89.1823
-89.1821
-89.1819
-89.1818
-89.1816
-89.1814
-89.1812
-89.1811
-89.1809
-89.1807
-89.1806
-89.1804
-89.1803
-89.1801
-89.18
-89.1798
-89.1797
-89.1796
-89.1794
-89.1793
-89.1792
-89.179
-89.1789
-89.1788
-89.1787
-89.1786
-89.1785
-89.1784
-89.1783
-89.1782
-89.1781
-89.178
-89.1779
-89.1778
-89.1777
-89.1776
-89.1776
-89.1775
-89.1774
-89.1774
-89.1773
-89.1772
-89.1772
-89.1771
-89.1771
-89.177
-89.177
-89.1769
-89.1769
-89.1768
-89.1768
-89.1767
-89.1767
-89.1767
-89.1767
-89.1766
-89.1766
-89.1766
-89.1766
-89.1765
-89.1765
-89.1765
-89.1765
-89.1765
-89.1765
-89.1765
-89.1765
-89.1765
-89.1765
-89.1765
-89.1765
-89.1765
-89.1766
-89.1766
-89.1766
-89.1766
-89.1766
-89.1767
-89.1767
-89.1767
-89.1767
-89.1768
-89.1768
-89.1768
-89.1769
-89.1769
-89.177
-89.177
-89.1771
-89.1771
-89.1772
-89.1772
-89.1773
-89.1773
-89.1774
-89.1774
-89.1775
-89.1776
-89.1776
-89.1777
-89.1778
-89.1778
-89.1779
-89.178
-89.178
-89.1781
-89.1782
-89.1783
-89.1784
-89.1784
-89.1785
-89.1786
-89.1787
-89.1788
-89.1789
-89.179
-89.1791
-89.1792
-89.1793
-89.1794
-89.1795
-89.1796
-89.1797
-89.1798
-89.1799
-89.18
-89.1801
-89.1802
-89.1803
-89.1804
-89.1805
-89.1806
-89.1808
-89.1809
-89.181
-89.1811
-89.1812
-89.1814
-89.1815
-89.1816
-89.1817
-89.1819
-89.182
-89.1821
-89.1822
-89.1824
-89.1825
-89.1826
-89.1828
-89.1829
-89.183
-89.1832
-89.1833
-89.1835
-89.1836
-89.1837
-89.1839
-89.184
-89.1842
-89.1843
-89.1844
-89.1846
-89.1847
-89.1849
-89.185
-89.1852
-89.1853
-89.1855
-89.1856
-89.1858
-89.1859
-89.1861
-89.1863
-89.1864
-89.1866
-89.1867
-89.1869
-89.187
-89.1872
-89.1874
-89.1875
-89.1877
-89.1879
-89.188
-89.1882
-89.1883
-89.1885
-89.1887
-89.1888
-89.189
-89.1892
-89.1893
-89.1895
-89.1897
-89.1898
-89.19
-89.1902
-89.1904
-89.1905
-89.1907
-89.1909
-89.191
-89.1912
-89.1914
-89.1916
-89.1917
-89.1919
-89.1921
-89.1923
-89.1924
-89.1926
-89.1928
-89.193
-89.1932
-89.1933
-89.1935
-89.1937
-89.1939
-89.194
-89.1942
-89.1944
-89.1946
-89.1948
-89.1949
-89.1951
-89.1953
-89.1955
-89.1957
-89.1959
-89.196
-89.1962
-89.1964
-89.1966
-89.1968
-89.197
-89.1971
-89.1973
-89.1975
-89.1977
-89.1979
-89.1981
-89.1982
-89.1984
-89.1986
-89.1988
-89.199
-89.1992
-89.1994
-89.1995
-89.1997
-89.1999
-89.2001
-89.2003
-89.2005
-89.2006
-89.2008
-89.201
-89.2012
-89.2014
-89.2016
-89.2018
-89.2019
-89.2021
-89.2023
-89.2025
-89.2027
-89.2029
-89.2031
-89.2032
-89.2034
-89.2036
-89.2038
-89.204
-89.2042
-89.2044
-89.2045
-89.2047
-89.2049
-89.2051
-89.2053
-89.2055
-89.2057
-89.2058
-89.206
-89.2062
-89.2064
-89.2066
-89.2068
-89.2069
-89.2071
-89.2073
-89.2075
-89.2077
-89.2079
-89.208
-89.2082
-89.2084
-89.2086
-89.2088
-89.209
-89.2091
-89.2093
-89.2095
-89.2097
-89.2099
-89.21
-89.2102
-89.2104
-89.2106
-89.2108
-89.2109
-89.2111
-89.2113
-89.2115
-89.2116
-89.2118
-89.212
-89.2122
-89.2124
-89.2125
-89.2127
-89.2129
-89.2131
-89.2132
-89.2134
-89.2136
-89.2138
-89.2139
-89.2141
-89.2143
-89.2145
-89.2146
-89.2148
-89.215
-89.2151
-89.2153
-89.2155
-89.2157
-89.2158
-89.216
-89.2162
-89.2163
-89.2165
-89.2167
-89.2168
-89.217
-89.2172
-89.2173
-89.2175
-89.2177
-89.2178
-89.218
-89.2182
-89.2183
-89.2185
-89.2187
-89.2188
-89.219
-89.2191
-89.2193
-89.2195
-89.2196
-89.2198
-89.2199
-89.2201
-89.2203
-89.2204
-89.2206
-89.2207
-89.2209
-89.2211
-89.2212
-89.2214
-89.2215
-89.2217
-89.2218
-89.222
-89.2221
-89.2223
-89.2224
-89.2226
-89.2227
-89.2229
-89.223
-89.2232
-89.2233
-89.2235
-89.2236
-89.2238
-89.2239
-89.2241
-89.2242
-89.2244
-89.2245
-89.2247
-89.2248
-89.2249
-89.2251
-89.2252
-89.2254
-89.2255
-89.2257
-89.2258
-89.2259
-89.2261
-89.2262
-89.2264
-89.2265
-89.2266
-89.2268
-89.2269
-89.227
-89.2272
-89.2273
-89.2274
-89.2276
-89.2277
-89.2278
-89.228
-89.2281
-89.2282
-89.2284
-89.2285
-89.2286
-89.2287
-89.2289
-89.229
-89.2291
-89.2293
-89.2294
-89.2295
-89.2296
-89.2298
-89.2299
-89.23
-89.2301
-89.2302
-89.2304
-89.2305
-89.2306
-89.2307
-89.2308
-89.231
-89.2311
-89.2312
-89.2313
-89.2314
-89.2315
-89.2316
-89.2318
-89.2319
-89.232
-89.2321
-89.2322
-89.2323
-89.2324
-89.2325
-89.2326
-89.2327
-89.2329
-89.233
-89.2331
-89.2332
-89.2333
-89.2334
-89.2335
-89.2336
-89.2337
-89.2338
-89.2339
-89.234
-89.2341
-89.2342
-89.2343
-89.2344
-89.2345
-89.2346
-89.2347
-89.2348
-89.2349
-89.235
-89.2351
-89.2352
-89.2352
-89.2353
-89.2354
-89.2355
-89.2356
-89.2357
-89.2358
-89.2359
-89.236
-89.236
-89.2361
-89.2362
-89.2363
-89.2364
-89.2365
-89.2365
-89.2366
-89.2367
-89.2368
-89.2369
-89.237
-89.237
-89.2371
-89.2372
-89.2373
-89.2373
-89.2374
-89.2375
-89.2376
-89.2376
-89.2377
-89.2378
-89.2379
-89.2379
-89.238
-89.2381
-89.2381
-89.2382
-89.2383
-89.2383
-89.2384
-89.2385
-89.2385
-89.2386
-89.2387
-89.2387
-89.2388
-89.2389
-89.2389
-89.239
-89.239
-89.2391
-89.2392
-89.2392
-89.2393
-89.2393
-89.2394
-89.2394
-89.2395
-89.2395
-89.2396
-89.2396
-89.2397
-89.2398
-89.2398
-89.2399
-89.2399
-89.24
-89.24
-89.24
-89.2401
-89.2401
-89.2402
-89.2402
-89.2403
-89.2403
-89.2404
-89.2404
-89.2404
-89.2405
-89.2405
-89.2406
-89.2406
-89.2406
-89.2407
-89.2407
-89.2408
-89.2408
-89.2408
-89.2409
-89.2409
-89.2409
-89.241
-89.241
-89.241
-89.2411
-89.2411
-89.2411
-89.2411
-89.2412
-89.2412
-89.2412
-89.2413
-89.2413
-89.2413
-89.2413
-89.2413
-89.2414
-89.2414
-89.2414
-89.2414
-89.2415
-89.2415
-89.2415
-89.2415
-89.2415
-89.2415
-89.2416
-89.2416
-89.2416
-89.2416
-89.2416
-89.2416
-89.2416
-89.2417
-89.2417
-89.2417
-89.2417
-89.2417
-89.2417
-89.2417
-89.2417
-89.2417
-89.2417
-89.2417
-89.2417
-89.2417
-89.2418
-89.2418
-89.2418
-89.2418
-89.2418
-89.2418
-89.2418
-89.2418
-89.2418
-89.2418
-89.2418
-89.2417
-89.2417
-89.2417
-89.2417
-89.2417
-89.2417
-89.2417
-89.2417
-89.2417
-89.2417
-89.2417
-89.2417
-89.2417
-89.2416
-89.2416
-89.2416
-89.2416
-89.2416
-89.2416
-89.2416
-89.2415
-89.2415
-89.2415
-89.2415
-89.2415
-89.2414
-89.2414
-89.2414
-89.2414
-89.2414
-89.2413
-89.2413
-89.2413
-89.2413
-89.2412
-89.2412
-89.2412
-89.2412
-89.2411
-89.2411
-89.2411
-89.241
-89.241
-89.241
-89.241
-89.2409
-89.2409
-89.2409
-89.2408
-89.2408
-89.2408
-89.2407
-89.2407
-89.2406
-89.2406
-89.2406
-89.2405
-89.2405
-89.2404
-89.2404
-89.2404
-89.2403
-89.2403
-89.2402
-89.2402
-89.2402
-89.2401
-89.2401
-89.24
-89.24
-89.2399
-89.2399
-89.2398
-89.2398
-89.2397
-89.2397
-89.2396
-89.2396
-89.2395
-89.2395
-89.2394
-89.2394
-89.2393
-89.2392
-89.2392
-89.2391
-89.2391
-89.239
-89.239
-89.2389
-89.2388
-89.2388
-89.2387
-89.2387
-89.2386
-89.2385
-89.2385
-89.2384
-89.2383
-89.2383
-89.2382
-89.2381
-89.2381
-89.238
-89.2379
-89.2379
-89.2378
-89.2377
-89.2377
-89.2376
-89.2375
-89.2374
-89.2374
-89.2373
-89.2372
-89.2372
-89.2371
-89.237
-89.2369
-89.2368
-89.2368
-89.2367
-89.2366
-89.2365
-89.2365
-89.2364
-89.2363
-89.2362
-89.2361
-89.236
-89.236
-89.2359
-89.2358
-89.2357
-89.2356
-89.2355
-89.2354
-89.2354
-89.2353
-89.2352
-89.2351
-89.235
-89.2349
-89.2348
-89.2347
-89.2346
-89.2345
-89.2345
-89.2344
-89.2343
-89.2342
-89.2341
-89.234
-89.2339
-89.2338
-89.2337
-89.2336
-89.2335
-89.2334
-89.2333
-89.2332
-89.2331
-89.233
-89.2329
-89.2328
-89.2327
-89.2326
-89.2325
-89.2324
-89.2323
-89.2321
-89.232
-89.2319
-89.2318
-89.2317
-89.2316
-89.2315
-89.2314
-89.2313
-89.2312
-89.231
-89.2309
-89.2308
-89.2307
-89.2306
-89.2305
-89.2304
-89.2302
-89.2301
-89.23
-89.2299
-89.2298
-89.2297
-89.2295
-89.2294
-89.2293
-89.2292
-89.2291
-89.2289
-89.2288
-89.2287
-89.2286
-89.2284
-89.2283
-89.2282
-89.2281
-89.2279
-89.2278
-89.2277
-89.2275
-89.2274
-89.2273
-89.2272
-89.227
-89.2269
-89.2268
-89.2266
-89.2265
-89.2264
-89.2262
-89.2261
-89.226
-89.2258
-89.2257
-89.2256
-89.2254
-89.2253
-89.2251
-89.225
-89.2249
-89.2247
-89.2246
-89.2244
-89.2243
-89.2242
-89.224
-89.2239
-89.2237
-89.2236
-89.2234
-89.2233
-89.2231
-89.223
-89.2228
-89.2227
-89.2226
-89.2224
-89.2223
-89.2221
-89.222
-89.2218
-89.2217
-89.2215
-89.2213
-89.2212
-89.221
-89.2209
-89.2207
-89.2206
-89.2204
-89.2203
-89.2201
-89.22
-89.2198
-89.2196
-89.2195
-89.2193
-89.2192
-89.219
-89.2188
-89.2187
-89.2185
-89.2184
-89.2182
-89.218
-89.2179
-89.2177
-89.2175
-89.2174
-89.2172
-89.217
-89.2169
-89.2167
-89.2165
-89.2164
-89.2162
-89.216
-89.2158
-89.2157
-89.2155
-89.2153
-89.2152
-89.215
-89.2148
-89.2146
-89.2145
-89.2143
-89.2141
-89.2139
-89.2138
-89.2136
-89.2134
-89.2132
-89.2131
-89.2129
-89.2127
-89.2125
-89.2123
-89.2121
-89.212
-89.2118
-89.2116
-89.2114
-89.2112
-89.211
-89.2109
-89.2107
-89.2105
-89.2103
-89.2101
-89.2099
-89.2097
-89.2096
-89.2094
-89.2092
-89.209
-89.2088
-89.2086
-89.2084
-89.2082
-89.208
-89.2078
-89.2076
-89.2074
-89.2073
-89.2071
-89.2069
-89.2067
-89.2065
-89.2063
-89.2061
-89.2059
-89.2057
-89.2055
-89.2053
-89.2051
-89.2049
-89.2047
-89.2045
-89.2043
-89.2041
-89.2039
-89.2037
-89.2035
-89.2033
-89.203
-89.2028
-89.2026
-89.2024
-89.2022
-89.202
-89.2018
-89.2016
-89.2014
-89.2012
-89.201
-89.2008
-89.2005
-89.2003
-89.2001
-89.1999
-89.1997
-89.1995
-89.1993
-89.1991
-89.1988
-89.1986
-89.1984
-89.1982
-89.198
-89.1978
-89.1975
-89.1973
-89.1971
-89.1969
-89.1967
-89.1964
-89.1962
-89.196
-89.1958
-89.1956
-89.1953
-89.1951
-89.1949
-89.1947
-89.1944
-89.1942
-89.194
-89.1938
-89.1935
-89.1933
-89.1931
-89.1928
-89.1926
-89.1924
-89.1922
-89.1919
-89.1917
-89.1915
-89.1912
-89.191
-89.1908
-89.1905
-89.1903
-89.1901
-89.1898
-89.1896
-89.1894
-89.1891
-89.1889
-89.1886
-89.1884
-89.1882
-89.1879
-89.1877
-89.1875
-89.1872
-89.187
-89.1867
-89.1865
-89.1862
-89.186
-89.1858
-89.1855
-89.1853
-89.185
-89.1848
-89.1845
-89.1843
-89.184
-89.1838
-89.1836
-89.1833
-89.1831
-89.1828
-89.1826
-89.1823
-89.1821
-89.1818
-89.1816
-89.1813
-89.1811
-89.1808
-89.1806
-89.1803
-89.18
-89.1798
-89.1795
-89.1793
-89.179
-89.1788
-89.1785
-89.1783
-89.178
-89.1777
-89.1775
-89.1772
-89.177
-89.1767
-89.1764
-89.1762
-89.1759
-89.1757
-89.1754
-89.1751
-89.1749
-89.1746
-89.1743
-89.1741
-89.1738
-89.1735
-89.1733
-89.173
-89.1727
-89.1725
-89.1722
-89.1719
-89.1717
-89.1714
-89.1711
-89.1709
-89.1706
-89.1703
-89.17
-89.1698
-89.1695
-89.1692
-89.169
-89.1687
-89.1684
-89.1681
-89.1679
-89.1676
-89.1673
-89.167
-89.1667
-89.1665
-89.1662
-89.1659
-89.1656
-89.1654
-89.1651
-89.1648
-89.1645
-89.1642
-89.1639
-89.1637
-89.1634
-89.1631
-89.1628
-89.1625
-89.1622
-89.162
-89.1617
-89.1614
-89.1611
-89.1608
-89.1605
-89.1602
-89.1599
-89.1597
-89.1594
-89.1591
-89.1588
-89.1585
-89.1582
-89.1579
-89.1576
-89.1573
-89.157
-89.1567
-89.1564
-89.1562
-89.1559
-89.1556
-89.1553
-89.155
-89.1547
-89.1544
-89.1541
-89.1538
-89.1535
-89.1532
-89.1529
-89.1526
-89.1523
-89.152
-89.1517
-89.1514
-89.1511
-89.1508
-89.1505
-89.1502
-89.1499
-89.1496
-89.1493
-89.1489
-89.1486
-89.1483
-89.148
-89.1477
-89.1474
-89.1471
-89.1468
-89.1465
-89.1462
-89.1459
-89.1455
-89.1452
-89.1449
-89.1446
-89.1443
-89.144
-89.1437
-89.1434
-89.143
-89.1427
-89.1424
-89.1421
-89.1418
-89.1415
-89.1411
-89.1408
-89.1405
-89.1402
-89.1399
-89.1395
-89.1392
-89.1389
-89.1386
-89.1383
-89.1379
-89.1376
-89.1373
-89.137
-89.1366
-89.1363
-89.136
-89.1357
-89.1353
-89.135
-89.1347
-89.1343
-89.134
-89.1337
-89.1334
-89.133
-89.1327
-89.1324
-89.132
-89.1317
-89.1314
-89.131
-89.1307
-89.1304
-89.13
-89.1297
-89.1294
-89.129
-89.1287
-89.1284
-89.128
-89.1277
-89.1273
-89.127
-89.1267
-89.1263
-89.126
-89.1256
-89.1253
-89.125
-89.1246
-89.1243
-89.1239
-89.1236
-89.1232
-89.1229
-89.1226
-89.1222
-89.1219
-89.1215
-89.1212
-89.1208
-89.1205
-89.1201
-89.1198
-89.1194
-89.1191
-89.1187
-89.1184
-89.118
-89.1177
-89.1173
-89.117
-89.1166
-89.1163
-89.1159
-89.1156
-89.1152
-89.1148
-89.1145
-89.1141
-89.1138
-89.1134
-89.1131
-89.1127
-89.1123
-89.112
-89.1116
-89.1113
-89.1109
-89.1105
-89.1102
-89.1098
-89.1095
-89.1091
-89.1087
-89.1084
-89.108
-89.1076
-89.1073
-89.1069
-89.1065
-89.1062
-89.1058
-89.1054
-89.1051
-89.1047
-89.1043
-89.104
-89.1036
-89.1032
-89.1029
-89.1025
-89.1021
-89.1017
-89.1014
-89.101
-89.1006
-89.1002
-89.0999
-89.0995
-89.0991
-89.0987
-89.0984
-89.098
-89.0976
-89.0972
-89.0969
-89.0965
-89.0961
-89.0957
-89.0953
-89.095
-89.0946
-89.0942
-89.0938
-89.0934
-89.093
-89.0927
-89.0923
-89.0919
-89.0915
-89.0911
-89.0907
-89.0904
-89.09
-89.0896
-89.0892
-89.0888
-89.0884
-89.088
-89.0876
-89.0873
-89.0869
-89.0865
-89.0861
-89.0857
-89.0853
-89.0849
-89.0845
-89.0841
-89.0837
-89.0833
-89.0829
-89.0825
-89.0821
-89.0817
-89.0814
-89.081
-89.0806
-89.0802
-89.0798
-89.0794
-89.079
-89.0786
-89.0782
-89.0778
-89.0774
-89.077
-89.0766
-89.0762
-89.0758
-89.0753
-89.0749
-89.0745
-89.0741
-89.0737
-89.0733
-89.0729
-89.0725
-89.0721
-89.0717
-89.0713
-89.0709
-89.0705
-89.0701
-89.0697
-89.0692
-89.0688
-89.0684
-89.068
-89.0676
-89.0672
-89.0668
-89.0664
-89.0659
-89.0655
-89.0651
-89.0647
-89.0643
-89.0639
-89.0634
-89.063
-89.0626
-89.0622
-89.0618
-89.0614
-89.0609
-89.0605
-89.0601
-89.0597
-89.0593
-89.0588
-89.0584
-89.058
-89.0576
-89.0571
-89.0567
-89.0563
-89.0559
-89.0554
-89.055
-89.0546
-89.0542
-89.0537
-89.0533
-89.0529
-89.0525
-89.052
-89.0516
-89.0512
-89.0507
-89.0503
-89.0499
-89.0494
-89.049
-89.0486
-89.0481
-89.0477
-89.0473
-89.0468
-89.0464
-89.046
-89.0455
-89.0451
-89.0447
-89.0442
-89.0438
-89.0433
-89.0429
-89.0425
-89.042
-89.0416
-89.0411
-89.0407
-89.0403
-89.0398
-89.0394
-89.0389
-89.0385
-89.038
-89.0376
-89.0372
-89.0367
-89.0363
-89.0358
-89.0354
-89.0349
-89.0345
-89.034
-89.0336
-89.0331
-89.0327
-89.0322
-89.0318
-89.0313
-89.0309
-89.0304
-89.03
-89.0295
-89.0291
-89.0286
-89.0282
-89.0277
-89.0273
-89.0268
-89.0263
-89.0259
-89.0254
-89.025
-89.0245
-89.0241
-89.0236
-89.0231
-89.0227
-89.0222
-89.0218
-89.0213
-89.0208
-89.0204
-89.0199
-89.0194
-89.019
-89.0185
-89.0181
-89.0176
-89.0171
-89.0167
-89.0162
-89.0157
-89.0153
-89.0148
-89.0143
-89.0139
-89.0134
-89.0129
-89.0124
-89.012
-89.0115
-89.011
-89.0106
-89.0101
-89.0096
-89.0091
-89.0087
-89.0082
-89.0077
-89.0072
-89.0068
-89.0063
-89.0058
-89.0053
-89.0049
-89.0044
-89.0039
-89.0034
-89.0029
-89.0025
-89.002
-89.0015
-89.001
-89.0005
-89.0001
-88.9996
-88.9991
-88.9986
-88.9981
-88.9976
-88.9971
-88.9967
-88.9962
-88.9957
-88.9952
-88.9947
-88.9942
-88.9937
-88.9932
-88.9928
-88.9923
-88.9918
-88.9913
-88.9908
-88.9903
-88.9898
-88.9893
-88.9888
-88.9883
-88.9878
-88.9873
-88.9868
-88.9863
-88.9858
-88.9853
-88.9848
-88.9843
-88.9838
-88.9833
-88.9828
-88.9823
-88.9818
-88.9813
-88.9808
-88.9803
-88.9798
-88.9793
-88.9788
-88.9783
-88.9778
-88.9773
-88.9768
-88.9763
-88.9758
-88.9753
-88.9748
-88.9743
-88.9738
-88.9732
-88.9727
-88.9722
-88.9717
-88.9712
-88.9707
-88.9702
-88.9697
-88.9691
-88.9686
-88.9681
-88.9676
-88.9671
-88.9666
-88.9661
-88.9655
-88.965
-88.9645
-88.964
-88.9635
-88.9629
-88.9624
-88.9619
-88.9614
-88.9609
-88.9603
-88.9598
-88.9593
-88.9588
-88.9582
-88.9577
-88.9572
-88.9567
-88.9561
-88.9556
-88.9551
-88.9545
-88.954
-88.9535
-88.953
-88.9524
-88.9519
-88.9514
-88.9508
-88.9503
-88.9498
-88.9492
-88.9487
-88.9482
-88.9476
-88.9471
-88.9466
-88.946
-88.9455
-88.945
-88.9444
-88.9439
-88.9433
-88.9428
-88.9423
-88.9417
-88.9412
-88.9406
-88.9401
-88.9395
-88.939
-88.9385
-88.9379
-88.9374
-88.9368
-88.9363
-88.9357
-88.9352
-88.9346
-88.9341
-88.9335
-88.933
-88.9324
-88.9319
-88.9313
-88.9308
-88.9302
-88.9297
-88.9291
-88.9286
-88.928
-88.9275
-88.9269
-88.9264
-88.9258
-88.9253
-88.9247
-88.9241
-88.9236
-88.923
-88.9225
-88.9219
-88.9213
-88.9208
-88.9202
-88.9197
-88.9191
-88.9185
-88.918
-88.9174
-88.9168
-88.9163
-88.9157
-88.9151
-88.9146
-88.914
-88.9134
-88.9129
-88.9123
-88.9117
-88.9112
-88.9106
-88.91
-88.9095
-88.9089
-88.9083
-88.9077
-88.9072
-88.9066
-88.906
-88.9054
-88.9049
-88.9043
-88.9037
-88.9031
-88.9026
-88.902
-88.9014
-88.9008
-88.9002
-88.8996
-88.8991
-88.8985
-88.8979
-88.8973
-88.8967
-88.8961
-88.8956
-88.895
-88.8944
-88.8938
-88.8932
-88.8926
-88.892
-88.8914
-88.8908
-88.8903
-88.8897
-88.8891
-88.8885
-88.8879
-88.8873
-88.8867
-88.8861
-88.8855
-88.8849
-88.8843
-88.8837
-88.8831
-88.8825
-88.8819
-88.8813
-88.8807
-88.8801
-88.8795
-88.8789
-88.8783
-88.8777
-88.8771
-88.8765
-88.8759
-88.8753
-88.8747
-88.874
-88.8734
-88.8728
-88.8722
-88.8716
-88.871
-88.8704
-88.8698
-88.8692
-88.8685
-88.8679
-88.8673
-88.8667
-88.8661
-88.8655
-88.8648
-88.8642
-88.8636
-88.863
-88.8624
-88.8617
-88.8611
-88.8605
-88.8599
-88.8593
-88.8586
-88.858
-88.8574
-88.8568
-88.8561
-88.8555
-88.8549
-88.8542
-88.8536
-88.853
-88.8524
-88.8517
-88.8511
-88.8505
-88.8498
-88.8492
-88.8486
-88.8479
-88.8473
-88.8467
-88.846
-88.8454
-88.8447
-88.8441
-88.8435
-88.8428
-88.8422
-88.8415
-88.8409
-88.8403
-88.8396
-88.839
-88.8383
-88.8377
-88.837
-88.8364
-88.8358
-88.8351
-88.8345
-88.8338
-88.8332
-88.8325
-88.8319
-88.8312
-88.8306
-88.8299
-88.8293
-88.8286
-88.8279
-88.8273
-88.8266
-88.826
-88.8253
-88.8247
-88.824
-88.8233
-88.8227
-88.822
-88.8214
-88.8207
-88.82
-88.8194
-88.8187
-88.8181
-88.8174
-88.8167
-88.8161
-88.8154
-88.8147
-88.8141
-88.8134
-88.8127
-88.8121
-88.8114
-88.8107
-88.81
-88.8094
-88.8087
-88.808
-88.8074
-88.8067
-88.806
-88.8053
-88.8047
-88.804
-88.8033
-88.8026
-88.8019
-88.8013
-88.8006
-88.7999
-88.7992
-88.7985
-88.7979
-88.7972
-88.7965
-88.7958
-88.7951
-88.7944
-88.7937
-88.7931
-88.7924
-88.7917
-88.791
-88.7903
-88.7896
-88.7889
-88.7882
-88.7875
-88.7868
-88.7861
-88.7854
-88.7847
-88.7841
-88.7834
-88.7827
-88.782
-88.7813
-88.7806
-88.7799
-88.7792
-88.7785
-88.7778
-88.7771
-88.7763
-88.7756
-88.7749
-88.7742
-88.7735
-88.7728
-88.7721
-88.7714
-88.7707
-88.77
-88.7693
-88.7686
-88.7678
-88.7671
-88.7664
-88.7657
-88.765
-88.7643
-88.7636
-88.7628
-88.7621
-88.7614
-88.7607
-88.76
-88.7592
-88.7585
-88.7578
-88.7571
-88.7564
-88.7556
-88.7549
-88.7542
-88.7535
-88.7527
-88.752
-88.7513
-88.7505
-88.7498
-88.7491
-88.7483
-88.7476
-88.7469
-88.7462
-88.7454
-88.7447
-88.7439
-88.7432
-88.7425
-88.7417
-88.741
-88.7403
-88.7395
-88.7388
-88.738
-88.7373
-88.7365
-88.7358
-88.7351
-88.7343
-88.7336
-88.7328
-88.7321
-88.7313
-88.7306
-88.7298
-88.7291
-88.7283
-88.7276
-88.7268
-88.7261
-88.7253
-88.7245
-88.7238
-88.723
-88.7223
-88.7215
-88.7208
-88.72
-88.7192
-88.7185
-88.7177
-88.7169
-88.7162
-88.7154
-88.7146
-88.7139
-88.7131
-88.7123
-88.7116
-88.7108
-88.71
-88.7093
-88.7085
-88.7077
-88.7069
-88.7062
-88.7054
-88.7046
-88.7038
-88.7031
-88.7023
-88.7015
-88.7007
-88.6999
-88.6992
-88.6984
-88.6976
-88.6968
-88.696
-88.6952
-88.6945
-88.6937
-88.6929
-88.6921
-88.6913
-88.6905
-88.6897
-88.6889
-88.6881
-88.6873
-88.6865
-88.6857
-88.685
-88.6842
-88.6834
-88.6826
-88.6818
-88.681
-88.6802
-88.6794
-88.6785
-88.6777
-88.6769
-88.6761
-88.6753
-88.6745
-88.6737
-88.6729
-88.6721
-88.6713
-88.6705
-88.6697
-88.6688
-88.668
-88.6672
-88.6664
-88.6656
-88.6648
-88.6639
-88.6631
-88.6623
-88.6615
-88.6607
-88.6598
-88.659
-88.6582
-88.6574
-88.6565
-88.6557
-88.6549
-88.6541
-88.6532
-88.6524
-88.6516
-88.6507
-88.6499
-88.6491
-88.6482
-88.6474
-88.6465
-88.6457
-88.6449
-88.644
-88.6432
-88.6423
-88.6415
-88.6406
-88.6398
-88.6389
-88.6381
-88.6372
-88.6364
-88.6355
-88.6347
-88.6338
-88.633
-88.6321
-88.6313
-88.6304
-88.6295
-88.6287
-88.6278
-88.627
-88.6261
-88.6252
-88.6244
-88.6235
-88.6226
-88.6218
-88.6209
-88.62
-88.6192
-88.6183
-88.6174
-88.6165
-88.6157
-88.6148
-88.6139
-88.613
-88.6121
-88.6113
-88.6104
-88.6095
-88.6086
-88.6077
-88.6069
-88.606
-88.6051
-88.6042
-88.6033
-88.6024
-88.6015
-88.6006
-88.5997
-88.5988
-88.5979
-88.597
-88.5961
-88.5952
-88.5943
-88.5934
-88.5925
-88.5916
-88.5907
-88.5898
-88.5889
-88.588
-88.5871
-88.5862
-88.5853
-88.5844
-88.5835
-88.5826
-88.5816
-88.5807
-88.5798
-88.5789
-88.578
-88.577
-88.5761
-88.5752
-88.5743
-88.5734
-88.5724
-88.5715
-88.5706
-88.5696
-88.5687
-88.5678
-88.5669
-88.5659
-88.565
-88.5641
-88.5631
-88.5622
-88.5612
-88.5603
-88.5594
-88.5584
-88.5575
-88.5565
-88.5556
-88.5546
-88.5537
-88.5527
-88.5518
-88.5508
-88.5499
-88.5489
-88.548
-88.547
-88.5461
-88.5451
-88.5442
-88.5432
-88.5422
-88.5413
-88.5403
-88.5393
-88.5384
-88.5374
-88.5364
-88.5355
-88.5345
-88.5335
-88.5326
-88.5316
-88.5306
-88.5296
-88.5287
-88.5277
-88.5267
-88.5257
-88.5247
-88.5238
-88.5228
-88.5218
-88.5208
-88.5198
-88.5188
-88.5178
-88.5168
-88.5158
-88.5148
-88.5138
-88.5129
-88.5119
-88.5109
-88.5099
-88.5089
-88.5078
-88.5068
-88.5058
-88.5048
-88.5038
-88.5028
-88.5018
-88.5008
-88.4998
-88.4988
-88.4977
-88.4967
-88.4957
-88.4947
-88.4937
-88.4926
-88.4916
-88.4906
-88.4896
-88.4885
-88.4875
-88.4865
-88.4854
-88.4844
-88.4834
-88.4823
-88.4813
-88.4803
-88.4792
-88.4782
-88.4771
-88.4761
-88.4751
-88.474
-88.473
-88.4719
-88.4709
-88.4698
-88.4688
-88.4677
-88.4666
-88.4656
-88.4645
-88.4635
-88.4624
-88.4613
-88.4603
-88.4592
-88.4581
-88.4571
-88.456
-88.4549
-88.4539
-88.4528
-88.4517
-88.4506
-88.4496
-88.4485
-88.4474
-88.4463
-88.4452
-88.4441
-88.4431
-88.442
-88.4409
-88.4398
-88.4387
-88.4376
-88.4365
-88.4354
-88.4343
-88.4332
-88.4321
-88.431
-88.4299
-88.4288
-88.4277
-88.4266
-88.4255
-88.4243
-88.4232
-88.4221
-88.421
-88.4199
-88.4188
-88.4176
-88.4165
-88.4154
-88.4143
-88.4131
-88.412
-88.4109
-88.4097
-88.4086
-88.4075
-88.4063
-88.4052
-88.404
-88.4029
-88.4017
-88.4006
-88.3994
-88.3983
-88.3971
-88.396
-88.3948
-88.3937
-88.3925
-88.3913
-88.3902
-88.389
-88.3878
-88.3867
-88.3855
-88.3843
-88.3832
-88.382
-88.3808
-88.3796
-88.3784
-88.3772
-88.3761
-88.3749
-88.3737
-88.3725
-88.3713
-88.3701
-88.3689
-88.3677
-88.3665
-88.3653
-88.3641
-88.3629
-88.3617
-88.3605
-88.3593
-88.3581
-88.3568
-88.3556
-88.3544
-88.3532
-88.352
-88.3507
-88.3495
-88.3483
-88.347
-88.3458
-88.3446
-88.3433
-88.3421
-88.3409
-88.3396
-88.3384
-88.3371
-88.3359
-88.3346
-88.3334
-88.3321
-88.3309
-88.3296
-88.3283
-88.3271
-88.3258
-88.3246
-88.3233
-88.322
-88.3207
-88.3195
-88.3182
-88.3169
-88.3156
-88.3144
-88.3131
-88.3118
-88.3105
-88.3092
-88.3079
-88.3066
-88.3053
-88.304
-88.3027
-88.3014
-88.3001
-88.2988
-88.2975
-88.2962
-88.2949
-88.2936
-88.2922
-88.2909
-88.2896
-88.2883
-88.2869
-88.2856
-88.2843
-88.2829
-88.2816
-88.2803
-88.2789
-88.2776
-88.2762
-88.2749
-88.2735
-88.2722
-88.2708
-88.2695
-88.2681
-88.2668
-88.2654
-88.264
-88.2627
-88.2613
-88.2599
-88.2586
-88.2572
-88.2558
-88.2544
-88.253
-88.2516
-88.2502
-88.2489
-88.2475
-88.2461
-88.2447
-88.2433
-88.2419
-88.2405
-88.239
-88.2376
-88.2362
-88.2348
-88.2334
-88.232
-88.2305
-88.2291
-88.2277
-88.2262
-88.2248
-88.2234
-88.2219
-88.2205
-88.219
-88.2176
-88.2161
-88.2147
-88.2132
-88.2118
-88.2103
-88.2089
-88.2074
-88.2059
-88.2044
-88.203
-88.2015
-88.2
-88.1985
-88.197
-88.1956
-88.1941
-88.1926
-88.1911
-88.1896
-88.1881
-88.1866
-88.1851
-88.1836
-88.182
-88.1805
-88.179
-88.1775
-88.176
-88.1744
-88.1729
-88.1714
-88.1698
-88.1683
-88.1667
-88.1652
-88.1636
-88.1621
-88.1605
-88.159
-88.1574
-88.1558
-88.1543
-88.1527
-88.1511
-88.1495
-88.1479
-88.1464
-88.1448
-88.1432
-88.1416
-88.14
-88.1384
-88.1368
-88.1351
-88.1335
-88.1319
-88.1303
-88.1287
-88.127
-88.1254
-88.1238
-88.1221
-88.1205
-88.1188
-88.1172
-88.1155
-88.1139
-88.1122
-88.1106
-88.1089
-88.1072
-88.1055
-88.1039
-88.1022
-88.1005
-88.0988
-88.0971
-88.0954
-88.0937
-88.092
-88.0903
-88.0886
-88.0869
-88.0852
-88.0834
-88.0817
-88.08
-88.0782
-88.0765
-88.0748
-88.073
-88.0713
-88.0695
-88.0677
-88.066
-88.0642
-88.0624
-88.0607
-88.0589
-88.0571
-88.0553
-88.0535
-88.0517
-88.0499
-88.0481
-88.0463
-88.0445
-88.0427
-88.0409
-88.0391
-88.0372
-88.0354
-88.0335
-88.0317
-88.0299
-88.028
-88.0262
-88.0243
-88.0224
-88.0206
-88.0187
-88.0168
-88.0149
-88.013
-88.0111
-88.0092
-88.0073
-88.0054
-88.0035
-88.0016
-87.9997
-87.9978
-87.9958
-87.9939
-87.992
-87.99
-87.9881
-87.9861
-87.9842
-87.9822
-87.9802
-87.9782
-87.9763
-87.9743
-87.9723
-87.9703
-87.9683
-87.9663
-87.9643
-87.9623
-87.9602
-87.9582
-87.9562
-87.9542
-87.9521
-87.9501
-87.948
-87.9459
-87.9439
-87.9418
-87.9397
-87.9377
-87.9356
-87.9335
-87.9314
-87.9293
-87.9272
-87.9251
-87.9229
-87.9208
-87.9187
-87.9165
-87.9144
-87.9122
-87.9101
-87.9079
-87.9057
-87.9035
-87.9014
-87.8992
-87.897
-87.8948
-87.8926
-87.8903
-87.8881
-87.8859
-87.8836
-87.8814
-87.8791
-87.8769
-87.8746
-87.8723
-87.8701
-87.8678
-87.8655
-87.8632
-87.8609
-87.8586
-87.8562
-87.8539
-87.8516
-87.8492
-87.8469
-87.8445
-87.8422
-87.8398
-87.8374
-87.835
-87.8326
-87.8302
-87.8278
-87.8254
-87.823
-87.8205
-87.8181
-87.8156
-87.8132
-87.8107
-87.8082
-87.8058
-87.8033
-87.8008
-87.7983
-87.7958
-87.7932
-87.7907
-87.7882
-87.7856
-87.7831
-87.7805
-87.7779
-87.7753
-87.7727
-87.7701
-87.7675
-87.7649
-87.7623
-87.7597
-87.757
-87.7543
-87.7517
-87.749
-87.7463
-87.7436
-87.7409
-87.7382
-87.7355
-87.7328
-87.73
-87.7273
-87.7245
-87.7217
-87.719
-87.7162
-87.7134
-87.7106
-87.7077
-87.7049
-87.7021
-87.6992
-87.6963
-87.6935
-87.6906
-87.6877
-87.6848
-87.6818
-87.6789
-87.676
-87.673
-87.67
-87.6671
-87.6641
-87.6611
-87.658
-87.655
-87.652
-87.6489
-87.6458
-87.6428
-87.6397
-87.6366
-87.6334
-87.6303
-87.6272
-87.624
-87.6208
-87.6177
-87.6145
-87.6112
-87.608
-87.6048
-87.6015
-87.5983
-87.595
-87.5917
-87.5884
-87.585
-87.5817
-87.5783
-87.575
-87.5716
-87.5682
-87.5648
-87.5613
-87.5579
-87.5544
-87.5509
-87.5475
-87.5439
-87.5404
-87.5369
-87.5333
-87.5297
-87.5261
-87.5225
-87.5189
-87.5153
-87.5116
-87.5079
-87.5042
-87.5005
-87.4968
-87.493
-87.4893
-87.4855
-87.4817
-87.4778
-87.474
-87.4701
-87.4663
-87.4623
-87.4584
-87.4545
-87.4505
-87.4465
-87.4425
-87.4385
-87.4345
-87.4304
-87.4263
-87.4222
-87.418
-87.4139
-87.4097
-87.4055
-87.4013
-87.397
-87.3927
-87.3884
-87.3841
-87.3798
-87.3754
-87.371
-87.3666
-87.3621
-87.3576
-87.3531
-87.3486
-87.344
-87.3395
-87.3348
-87.3302
-87.3255
-87.3208
-87.3161
-87.3114
-87.3066
-87.3018
-87.297
-87.2921
-87.2872
-87.2823
-87.2773
-87.2723
-87.2673
-87.2622
-87.2571
-87.252
-87.2469
-87.2417
-87.2365
-87.2312
-87.2259
-87.2206
-87.2152
-87.2099
-87.2044
-87.199
-87.1934
-87.1879
-87.1823
-87.1767
-87.171
-87.1653
-87.1595
-87.1538
-87.1479
-87.142
-87.1361
-87.1302
-87.1241
-87.1181
-87.112
-87.1058
-87.0997
-87.0934
-87.0871
-87.0808
-87.0744
-87.068
-87.0615
-87.0549
-87.0483
-87.0417
-87.035
-87.0282
-87.0214
-87.0146
-87.0077
-87.0007
-86.9936
-86.9866
-86.9794
-86.9722
-86.9649
-86.9576
-86.9502
-86.9427
-86.9351
-86.9275
-86.9198
-86.9121
-86.9043
-86.8964
-86.8884
-86.8804
-86.8722
-86.864
-86.8558
-86.8474
-86.839
-86.8304
-86.8218
-86.8131
-86.8044
-86.7955
-86.7865
-86.7775
-86.7683
-86.7591
-86.7498
-86.7403
-86.7308
-86.7212
-86.7115
-86.7016
-86.6917
-86.6816
-86.6714
-86.6611
-86.6507
-86.6402
-86.6295
-86.6187
-86.6078
-86.5967
-86.5856
-86.5743
-86.5628
-86.5512
-86.5395
-86.5276
-86.5156
-86.5034
-86.491
-86.4785
-86.4659
-86.4531
-86.44
-86.4269
-86.4135
-86.3999
-86.3862
-86.3722
-86.3581
-86.3437
-86.3292
-86.3144
-86.2994
-86.2842
-86.2688
-86.2531
-86.2372
-86.221
-86.2046
-86.1879
-86.1709
-86.1536
-86.1361
-86.1183
-86.1001
-86.0817
-86.0629
-86.0438
-86.0243
-86.0045
-85.9844
-85.9639
-85.943
-85.9216
-85.8999
-85.8777
-85.8551
-85.832
-85.8085
-85.7845
-85.76
-85.7349
-85.7094
-85.6832
-85.6565
-85.6291
-85.6011
-85.5725
-85.5432
-85.5132
-85.4825
-85.4509
-85.4186
-85.3854
-85.3514
-85.3164
-85.2805
-85.2437
-85.2057
-85.1667
-85.1264
-85.085
-85.0423
-84.9983
-84.9529
-84.9059
-84.8574
-84.8072
-84.7553
-84.7014
-84.6456
-84.5877
-84.5274
-84.4649
-84.3996
-84.3317
-84.2607
-84.1866
-84.109
-84.0277
-83.9424
-83.8526
-83.7581
-83.6583
-83.5528
-83.4409
-83.3219
-83.1952
-83.0596
-82.9143
-82.7577
-82.5885
-82.4048
-82.2041
-81.9836
-81.7397
-81.4677
-81.1613
-80.8124
-80.4093
-79.9351
-79.3645
-78.6565
-77.7395
-76.4731
-74.5275
-70.8544
-59.3155
10.7129
49.9809
49.157
43.4999
28.0704
7.10544
-6.55575
-17.2863
-28.2998
-38.9617
-62.9464
-93.3682
-94.97
-94.9925
-94.9868
-94.9744
-94.9521
-94.9162
-94.8653
-94.803
-94.7366
-94.673
-94.6165
-94.5688
-94.5297
-94.4981
-94.4728
-94.4526
-94.4363
-94.4233
-94.4127
-94.4041
-94.3971
-94.3912
-94.3863
-94.3821
-94.3785
-94.3754
-94.3725
-94.37
-94.3676
-94.3654
-94.3633
-94.3612
-94.3592
-94.3572
-94.3552
-94.3532
-94.3511
-94.3491
-94.347
-94.3448
-94.3427
-94.3404
-94.3382
-94.3358
-94.3335
-94.331
-94.3286
-94.326
-94.3234
-94.3208
-94.3181
-94.3154
-94.3126
-94.3097
-94.3068
-94.3039
-94.3009
-94.2979
-94.2948
-94.2916
-94.2884
-94.2852
-94.2819
-94.2786
-94.2752
-94.2718
-94.2683
-94.2648
-94.2613
-94.2577
-94.254
-94.2504
-94.2467
-94.2429
-94.2391
-94.2352
-94.2314
-94.2274
-94.2235
-94.2195
-94.2154
-94.2114
-94.2072
-94.2031
-94.1989
-94.1947
-94.1904
-94.1861
-94.1818
-94.1774
-94.173
-94.1685
-94.164
-94.1595
-94.155
-94.1504
-94.1458
-94.1411
-94.1364
-94.1317
-94.127
-94.1222
-94.1174
-94.1125
-94.1076
-94.1027
-94.0978
-94.0928
-94.0878
-94.0828
-94.0777
-94.0726
-94.0675
-94.0623
-94.0571
-94.0519
-94.0466
-94.0414
-94.036
-94.0307
-94.0253
-94.0199
-94.0145
-94.009
-94.0036
-93.9981
-93.9925
-93.9869
-93.9813
-93.9757
-93.9701
-93.9644
-93.9587
-93.9529
-93.9472
-93.9414
-93.9356
-93.9297
-93.9238
-93.9179
-93.912
-93.9061
-93.9001
-93.8941
-93.8881
-93.882
-93.8759
-93.8698
-93.8637
-93.8575
-93.8514
-93.8452
-93.8389
-93.8327
-93.8264
-93.8201
-93.8138
-93.8074
-93.801
-93.7946
-93.7882
-93.7818
-93.7753
-93.7688
-93.7623
-93.7558
-93.7492
-93.7426
-93.736
-93.7294
-93.7227
-93.7161
-93.7094
-93.7026
-93.6959
-93.6891
-93.6824
-93.6755
-93.6687
-93.6619
-93.655
-93.6481
-93.6412
-93.6343
-93.6273
-93.6203
-93.6134
-93.6063
-93.5993
-93.5923
-93.5852
-93.5781
-93.571
-93.5639
-93.5567
-93.5496
-93.5424
-93.5352
-93.5279
-93.5207
-93.5134
-93.5062
-93.4989
-93.4916
-93.4842
-93.4769
-93.4695
-93.4621
-93.4547
-93.4473
-93.4399
-93.4325
-93.425
-93.4175
-93.41
-93.4025
-93.395
-93.3874
-93.3799
-93.3723
-93.3647
-93.3571
-93.3495
-93.3418
-93.3342
-93.3265
-93.3189
-93.3112
-93.3035
-93.2958
-93.288
-93.2803
-93.2725
-93.2648
-93.257
-93.2492
-93.2414
-93.2336
-93.2257
-93.2179
-93.21
-93.2022
-93.1943
-93.1864
-93.1785
-93.1706
-93.1627
-93.1547
-93.1468
-93.1389
-93.1309
-93.1229
-93.1149
-93.1069
-93.0989
-93.0909
-93.0829
-93.0749
-93.0669
-93.0588
-93.0508
-93.0427
-93.0346
-93.0266
-93.0185
-93.0104
-93.0023
-92.9942
-92.9861
-92.978
-92.9699
-92.9617
-92.9536
-92.9454
-92.9373
-92.9291
-92.921
-92.9128
-92.9047
-92.8965
-92.8883
-92.8801
-92.8719
-92.8637
-92.8555
-92.8473
-92.8391
-92.8309
-92.8227
-92.8145
-92.8063
-92.7981
-92.7899
-92.7817
-92.7734
-92.7652
-92.757
-92.7487
-92.7405
-92.7323
-92.724
-92.7158
-92.7076
-92.6993
-92.6911
-92.6829
-92.6746
-92.6664
-92.6581
-92.6499
-92.6417
-92.6334
-92.6252
-92.617
-92.6087
-92.6005
-92.5923
-92.584
-92.5758
-92.5676
-92.5594
-92.5512
-92.5429
-92.5347
-92.5265
-92.5183
-92.5101
-92.5019
-92.4937
-92.4855
-92.4773
-92.4691
-92.4609
-92.4528
-92.4446
-92.4364
-92.4282
-92.4201
-92.4119
-92.4038
-92.3956
-92.3875
-92.3793
-92.3712
-92.3631
-92.355
-92.3469
-92.3388
-92.3307
-92.3226
-92.3145
-92.3064
-92.2983
-92.2903
-92.2822
-92.2742
-92.2661
-92.2581
-92.2501
-92.242
-92.234
-92.226
-92.218
-92.21
-92.2021
-92.1941
-92.1861
-92.1782
-92.1702
-92.1623
-92.1544
-92.1464
-92.1385
-92.1306
-92.1228
-92.1149
-92.107
-92.0992
-92.0913
-92.0835
-92.0757
-92.0678
-92.06
-92.0523
-92.0445
-92.0367
-92.0289
-92.0212
-92.0135
-92.0057
-91.998
-91.9903
-91.9826
-91.9749
-91.9673
-91.9596
-91.952
-91.9443
-91.9367
-91.9291
-91.9215
-91.9139
-91.9064
-91.8988
-91.8913
-91.8837
-91.8762
-91.8687
-91.8612
-91.8537
-91.8463
-91.8388
-91.8314
-91.824
-91.8166
-91.8092
-91.8018
-91.7944
-91.7871
-91.7797
-91.7724
-91.7651
-91.7578
-91.7505
-91.7433
-91.736
-91.7288
-91.7215
-91.7143
-91.7071
-91.7
-91.6928
-91.6856
-91.6785
-91.6714
-91.6643
-91.6572
-91.6501
-91.6431
-91.636
-91.629
-91.622
-91.615
-91.608
-91.6011
-91.5941
-91.5872
-91.5803
-91.5734
-91.5665
-91.5596
-91.5528
-91.5459
-91.5391
-91.5323
-91.5255
-91.5188
-91.512
-91.5053
-91.4986
-91.4918
-91.4852
-91.4785
-91.4718
-91.4652
-91.4586
-91.452
-91.4454
-91.4388
-91.4323
-91.4257
-91.4192
-91.4127
-91.4062
-91.3997
-91.3933
-91.3869
-91.3804
-91.374
-91.3677
-91.3613
-91.355
-91.3486
-91.3423
-91.336
-91.3297
-91.3235
-91.3172
-91.311
-91.3048
-91.2986
-91.2924
-91.2863
-91.2801
-91.274
-91.2679
-91.2618
-91.2557
-91.2497
-91.2437
-91.2376
-91.2316
-91.2257
-91.2197
-91.2137
-91.2078
-91.2019
-91.196
-91.1901
-91.1843
-91.1784
-91.1726
-91.1668
-91.161
-91.1553
-91.1495
-91.1438
-91.1381
-91.1324
-91.1267
-91.121
-91.1154
-91.1097
-91.1041
-91.0985
-91.093
-91.0874
-91.0819
-91.0764
-91.0709
-91.0654
-91.0599
-91.0545
-91.049
-91.0436
-91.0382
-91.0328
-91.0275
-91.0221
-91.0168
-91.0115
-91.0062
-91.0009
-90.9956
-90.9904
-90.9852
-90.98
-90.9748
-90.9696
-90.9645
-90.9593
-90.9542
-90.9491
-90.944
-90.939
-90.9339
-90.9289
-90.9239
-90.9189
-90.9139
-90.909
-90.904
-90.8991
-90.8942
-90.8893
-90.8844
-90.8796
-90.8747
-90.8699
-90.8651
-90.8603
-90.8556
-90.8508
-90.8461
-90.8414
-90.8367
-90.832
-90.8273
-90.8227
-90.818
-90.8134
-90.8088
-90.8042
-90.7997
-90.7951
-90.7906
-90.7861
-90.7816
-90.7771
-90.7726
-90.7682
-90.7638
-90.7593
-90.7549
-90.7506
-90.7462
-90.7418
-90.7375
-90.7332
-90.7289
-90.7246
-90.7203
-90.7161
-90.7119
-90.7076
-90.7034
-90.6993
-90.6951
-90.6909
-90.6868
-90.6827
-90.6786
-90.6745
-90.6704
-90.6664
-90.6623
-90.6583
-90.6543
-90.6503
-90.6463
-90.6424
-90.6384
-90.6345
-90.6306
-90.6267
-90.6228
-90.619
-90.6151
-90.6113
-90.6075
-90.6037
-90.5999
-90.5961
-90.5923
-90.5886
-90.5849
-90.5812
-90.5775
-90.5738
-90.5701
-90.5665
-90.5628
-90.5592
-90.5556
-90.552
-90.5484
-90.5448
-90.5413
-90.5378
-90.5342
-90.5307
-90.5272
-90.5238
-90.5203
-90.5169
-90.5134
-90.51
-90.5066
-90.5032
-90.4999
-90.4965
-90.4931
-90.4898
-90.4865
-90.4832
-90.4799
-90.4766
-90.4734
-90.4701
-90.4669
-90.4637
-90.4605
-90.4573
-90.4541
-90.4509
-90.4478
-90.4447
-90.4415
-90.4384
-90.4353
-90.4323
-90.4292
-90.4261
-90.4231
-90.4201
-90.4171
-90.4141
-90.4111
-90.4081
-90.4051
-90.4022
-90.3993
-90.3963
-90.3934
-90.3905
-90.3877
-90.3848
-90.3819
-90.3791
-90.3763
-90.3734
-90.3706
-90.3678
-90.3651
-90.3623
-90.3595
-90.3568
-90.3541
-90.3514
-90.3486
-90.346
-90.3433
-90.3406
-90.3379
-90.3353
-90.3327
-90.33
-90.3274
-90.3248
-90.3222
-90.3197
-90.3171
-90.3146
-90.312
-90.3095
-90.307
-90.3045
-90.302
-90.2995
-90.297
-90.2946
-90.2921
-90.2897
-90.2872
-90.2848
-90.2824
-90.28
-90.2777
-90.2753
-90.2729
-90.2706
-90.2683
-90.2659
-90.2636
-90.2613
-90.259
-90.2567
-90.2545
-90.2522
-90.25
-90.2477
-90.2455
-90.2433
-90.2411
-90.2389
-90.2367
-90.2345
-90.2323
-90.2302
-90.228
-90.2259
-90.2238
-90.2217
-90.2196
-90.2175
-90.2154
-90.2133
-90.2113
-90.2092
-90.2072
-90.2051
-90.2031
-90.2011
-90.1991
-90.1971
-90.1951
-90.1931
-90.1912
-90.1892
-90.1873
-90.1853
-90.1834
-90.1815
-90.1796
-90.1777
-90.1758
-90.1739
-90.172
-90.1702
-90.1683
-90.1665
-90.1647
-90.1628
-90.161
-90.1592
-90.1574
-90.1556
-90.1538
-90.1521
-90.1503
-90.1485
-90.1468
-90.1451
-90.1433
-90.1416
-90.1399
-90.1382
-90.1365
-90.1348
-90.1331
-90.1315
-90.1298
-90.1281
-90.1265
-90.1249
-90.1232
-90.1216
-90.12
-90.1184
-90.1168
-90.1152
-90.1136
-90.1121
-90.1105
-90.1089
-90.1074
-90.1058
-90.1043
-90.1028
-90.1013
-90.0997
-90.0982
-90.0967
-90.0952
-90.0938
-90.0923
-90.0908
-90.0894
-90.0879
-90.0864
-90.085
-90.0836
-90.0821
-90.0807
-90.0793
-90.0779
-90.0765
-90.0751
-90.0737
-90.0724
-90.071
-90.0696
-90.0683
-90.0669
-90.0656
-90.0642
-90.0629
-90.0616
-90.0603
-90.059
-90.0577
-90.0564
-90.0551
-90.0538
-90.0525
-90.0512
-90.05
-90.0487
-90.0475
-90.0462
-90.045
-90.0437
-90.0425
-90.0413
-90.0401
-90.0389
-90.0377
-90.0365
-90.0353
-90.0341
-90.0329
-90.0317
-90.0306
-90.0294
-90.0283
-90.0271
-90.026
-90.0248
-90.0237
-90.0226
-90.0215
-90.0203
-90.0192
-90.0181
-90.017
-90.0159
-90.0148
-90.0138
-90.0127
-90.0116
-90.0105
-90.0095
-90.0084
-90.0074
-90.0063
-90.0053
-90.0043
-90.0032
-90.0022
-90.0012
-90.0002
-89.9992
-89.9982
-89.9972
-89.9962
-89.9952
-89.9942
-89.9932
-89.9922
-89.9913
-89.9903
-89.9894
-89.9884
-89.9875
-89.9865
-89.9856
-89.9846
-89.9837
-89.9828
-89.9819
-89.9809
-89.98
-89.9791
-89.9782
-89.9773
-89.9764
-89.9755
-89.9746
-89.9738
-89.9729
-89.972
-89.9711
-89.9703
-89.9694
-89.9686
-89.9677
-89.9669
-89.966
-89.9652
-89.9643
-89.9635
-89.9627
-89.9619
-89.961
-89.9602
-89.9594
-89.9586
-89.9578
-89.957
-89.9562
-89.9554
-89.9546
-89.9538
-89.9531
-89.9523
-89.9515
-89.9507
-89.95
-89.9492
-89.9485
-89.9477
-89.947
-89.9462
-89.9455
-89.9447
-89.944
-89.9433
-89.9425
-89.9418
-89.9411
-89.9404
-89.9396
-89.9389
-89.9382
-89.9375
-89.9368
-89.9361
-89.9354
-89.9347
-89.934
-89.9333
-89.9327
-89.932
-89.9313
-89.9306
-89.93
-89.9293
-89.9286
-89.928
-89.9273
-89.9266
-89.926
-89.9253
-89.9247
-89.924
-89.9234
-89.9228
-89.9221
-89.9215
-89.9209
-89.9202
-89.9196
-89.919
-89.9184
-89.9178
-89.9172
-89.9165
-89.9159
-89.9153
-89.9147
-89.9141
-89.9135
-89.9129
-89.9123
-89.9118
-89.9112
-89.9106
-89.91
-89.9094
-89.9088
-89.9083
-89.9077
-89.9071
-89.9066
-89.906
-89.9054
-89.9049
-89.9043
-89.9038
-89.9032
-89.9027
-89.9021
-89.9016
-89.901
-89.9005
-89.8999
-89.8994
-89.8989
-89.8983
-89.8978
-89.8973
-89.8968
-89.8962
-89.8957
-89.8952
-89.8947
-89.8942
-89.8936
-89.8931
-89.8926
-89.8921
-89.8916
-89.8911
-89.8906
-89.8901
-89.8896
-89.8891
-89.8886
-89.8881
-89.8876
-89.8871
-89.8867
-89.8862
-89.8857
-89.8852
-89.8847
-89.8843
-89.8838
-89.8833
-89.8828
-89.8824
-89.8819
-89.8814
-89.881
-89.8805
-89.88
-89.8796
-89.8791
-89.8787
-89.8782
-89.8778
-89.8773
-89.8769
-89.8764
-89.876
-89.8755
-89.8751
-89.8746
-89.8742
-89.8738
-89.8733
-89.8729
-89.8724
-89.872
-89.8716
-89.8711
-89.8707
-89.8703
-89.8699
-89.8694
-89.869
-89.8686
-89.8682
-89.8678
-89.8673
-89.8669
-89.8665
-89.8661
-89.8657
-89.8653
-89.8648
-89.8644
-89.864
-89.8636
-89.8632
-89.8628
-89.8624
-89.862
-89.8616
-89.8612
-89.8608
-89.8604
-89.86
-89.8596
-89.8592
-89.8588
-89.8584
-89.858
-89.8577
-89.8573
-89.8569
-89.8565
-89.8561
-89.8557
-89.8553
-89.855
-89.8546
-89.8542
-89.8538
-89.8534
-89.8531
-89.8527
-89.8523
-89.8519
-89.8516
-89.8512
-89.8508
-89.8505
-89.8501
-89.8497
-89.8494
-89.849
-89.8486
-89.8483
-89.8479
-89.8475
-89.8472
-89.8468
-89.8464
-89.8461
-89.8457
-89.8454
-89.845
-89.8447
-89.8443
-89.8439
-89.8436
-89.8432
-89.8429
-89.8425
-89.8422
-89.8418
-89.8415
-89.8411
-89.8408
-89.8404
-89.8401
-89.8397
-89.8394
-89.8391
-89.8387
-89.8384
-89.838
-89.8377
-89.8374
-89.837
-89.8367
-89.8363
-89.836
-89.8357
-89.8353
-89.835
-89.8347
-89.8343
-89.834
-89.8336
-89.8333
-89.833
-89.8327
-89.8323
-89.832
-89.8317
-89.8313
-89.831
-89.8307
-89.8303
-89.83
-89.8297
-89.8294
-89.829
-89.8287
-89.8284
-89.8281
-89.8277
-89.8274
-89.8271
-89.8268
-89.8265
-89.8261
-89.8258
-89.8255
-89.8252
-89.8249
-89.8245
-89.8242
-89.8239
-89.8236
-89.8233
-89.823
-89.8226
-89.8223
-89.822
-89.8217
-89.8214
-89.8211
-89.8207
-89.8204
-89.8201
-89.8198
-89.8195
-89.8192
-89.8189
-89.8186
-89.8183
-89.8179
-89.8176
-89.8173
-89.817
-89.8167
-89.8164
-89.8161
-89.8158
-89.8155
-89.8152
-89.8149
-89.8146
-89.8142
-89.8139
-89.8136
-89.8133
-89.813
-89.8127
-89.8124
-89.8121
-89.8118
-89.8115
-89.8112
-89.8109
-89.8106
-89.8103
-89.81
-89.8097
-89.8094
-89.8091
-89.8088
-89.8085
-89.8082
-89.8079
-89.8076
-89.8073
-89.807
-89.8067
-89.8064
-89.8061
-89.8058
-89.8055
-89.8052
-89.8049
-89.8046
-89.8043
-89.804
-89.8037
-89.8034
-89.8031
-89.8028
-89.8025
-89.8022
-89.8019
-89.8016
-89.8013
-89.801
-89.8007
-89.8004
-89.8001
-89.7998
-89.7995
-89.7993
-89.799
-89.7987
-89.7984
-89.7981
-89.7978
-89.7975
-89.7972
-89.7969
-89.7966
-89.7963
-89.796
-89.7957
-89.7954
-89.7951
-89.7948
-89.7945
-89.7942
-89.794
-89.7937
-89.7934
-89.7931
-89.7928
-89.7925
-89.7922
-89.7919
-89.7916
-89.7913
-89.791
-89.7907
-89.7904
-89.7901
-89.7899
-89.7896
-89.7893
-89.789
-89.7887
-89.7884
-89.7881
-89.7878
-89.7875
-89.7872
-89.7869
-89.7866
-89.7863
-89.7861
-89.7858
-89.7855
-89.7852
-89.7849
-89.7846
-89.7843
-89.784
-89.7837
-89.7834
-89.7831
-89.7828
-89.7825
-89.7823
-89.782
-89.7817
-89.7814
-89.7811
-89.7808
-89.7805
-89.7802
-89.7799
-89.7796
-89.7793
-89.779
-89.7788
-89.7785
-89.7782
-89.7779
-89.7776
-89.7773
-89.777
-89.7767
-89.7764
-89.7761
-89.7758
-89.7755
-89.7752
-89.7749
-89.7747
-89.7744
-89.7741
-89.7738
-89.7735
-89.7732
-89.7729
-89.7726
-89.7723
-89.772
-89.7717
-89.7714
-89.7711
-89.7708
-89.7705
-89.7703
-89.77
-89.7697
-89.7694
-89.7691
-89.7688
-89.7685
-89.7682
-89.7679
-89.7676
-89.7673
-89.767
-89.7667
-89.7664
-89.7661
-89.7658
-89.7655
-89.7652
-89.765
-89.7647
-89.7644
-89.7641
-89.7638
-89.7635
-89.7632
-89.7629
-89.7626
-89.7623
-89.762
-89.7617
-89.7614
-89.7611
-89.7608
-89.7605
-89.7602
-89.7599
-89.7596
-89.7593
-89.759
-89.7587
-89.7584
-89.7581
-89.7578
-89.7575
-89.7572
-89.7569
-89.7566
-89.7563
-89.756
-89.7557
-89.7554
-89.7551
-89.7548
-89.7545
-89.7542
-89.7539
-89.7536
-89.7533
-89.753
-89.7527
-89.7524
-89.7521
-89.7518
-89.7515
-89.7512
-89.7509
-89.7506
-89.7503
-89.75
-89.7497
-89.7494
-89.7491
-89.7488
-89.7485
-89.7482
-89.7479
-89.7476
-89.7473
-89.747
-89.7467
-89.7464
-89.7461
-89.7458
-89.7455
-89.7452
-89.7449
-89.7446
-89.7443
-89.744
-89.7437
-89.7434
-89.7431
-89.7427
-89.7424
-89.7421
-89.7418
-89.7415
-89.7412
-89.7409
-89.7406
-89.7403
-89.74
-89.7397
-89.7394
-89.7391
-89.7388
-89.7385
-89.7381
-89.7378
-89.7375
-89.7372
-89.7369
-89.7366
-89.7363
-89.736
-89.7357
-89.7354
-89.7351
-89.7347
-89.7344
-89.7341
-89.7338
-89.7335
-89.7332
-89.7329
-89.7326
-89.7323
-89.7319
-89.7316
-89.7313
-89.731
-89.7307
-89.7304
-89.7301
-89.7298
-89.7294
-89.7291
-89.7288
-89.7285
-89.7282
-89.7279
-89.7276
-89.7272
-89.7269
-89.7266
-89.7263
-89.726
-89.7257
-89.7253
-89.725
-89.7247
-89.7244
-89.7241
-89.7238
-89.7234
-89.7231
-89.7228
-89.7225
-89.7222
-89.7219
-89.7215
-89.7212
-89.7209
-89.7206
-89.7203
-89.7199
-89.7196
-89.7193
-89.719
-89.7187
-89.7183
-89.718
-89.7177
-89.7174
-89.717
-89.7167
-89.7164
-89.7161
-89.7158
-89.7154
-89.7151
-89.7148
-89.7145
-89.7141
-89.7138
-89.7135
-89.7132
-89.7128
-89.7125
-89.7122
-89.7119
-89.7115
-89.7112
-89.7109
-89.7106
-89.7102
-89.7099
-89.7096
-89.7093
-89.7089
-89.7086
-89.7083
-89.708
-89.7076
-89.7073
-89.707
-89.7066
-89.7063
-89.706
-89.7056
-89.7053
-89.705
-89.7047
-89.7043
-89.704
-89.7037
-89.7033
-89.703
-89.7027
-89.7023
-89.702
-89.7017
-89.7013
-89.701
-89.7007
-89.7003
-89.7
-89.6997
-89.6993
-89.699
-89.6987
-89.6983
-89.698
-89.6977
-89.6973
-89.697
-89.6967
-89.6963
-89.696
-89.6957
-89.6953
-89.695
-89.6946
-89.6943
-89.694
-89.6936
-89.6933
-89.693
-89.6926
-89.6923
-89.6919
-89.6916
-89.6913
-89.6909
-89.6906
-89.6902
-89.6899
-89.6896
-89.6892
-89.6889
-89.6885
-89.6882
-89.6879
-89.6875
-89.6872
-89.6868
-89.6865
-89.6861
-89.6858
-89.6855
-89.6851
-89.6848
-89.6844
-89.6841
-89.6837
-89.6834
-89.683
-89.6827
-89.6824
-89.682
-89.6817
-89.6813
-89.681
-89.6806
-89.6803
-89.6799
-89.6796
-89.6792
-89.6789
-89.6785
-89.6782
-89.6778
-89.6775
-89.6771
-89.6768
-89.6764
-89.6761
-89.6757
-89.6754
-89.675
-89.6747
-89.6743
-89.674
-89.6736
-89.6733
-89.6729
-89.6726
-89.6722
-89.6719
-89.6715
-89.6712
-89.6708
-89.6705
-89.6701
-89.6698
-89.6694
-89.669
-89.6687
-89.6683
-89.668
-89.6676
-89.6673
-89.6669
-89.6666
-89.6662
-89.6658
-89.6655
-89.6651
-89.6648
-89.6644
-89.6641
-89.6637
-89.6633
-89.663
-89.6626
-89.6623
-89.6619
-89.6615
-89.6612
-89.6608
-89.6605
-89.6601
-89.6597
-89.6594
-89.659
-89.6586
-89.6583
-89.6579
-89.6576
-89.6572
-89.6568
-89.6565
-89.6561
-89.6557
-89.6554
-89.655
-89.6547
-89.6543
-89.6539
-89.6536
-89.6532
-89.6528
-89.6525
-89.6521
-89.6517
-89.6514
-89.651
-89.6506
-89.6503
-89.6499
-89.6495
-89.6492
-89.6488
-89.6484
-89.6481
-89.6477
-89.6473
-89.6469
-89.6466
-89.6462
-89.6458
-89.6455
-89.6451
-89.6447
-89.6443
-89.644
-89.6436
-89.6432
-89.6429
-89.6425
-89.6421
-89.6417
-89.6414
-89.641
-89.6406
-89.6402
-89.6399
-89.6395
-89.6391
-89.6387
-89.6384
-89.638
-89.6376
-89.6372
-89.6369
-89.6365
-89.6361
-89.6357
-89.6354
-89.635
-89.6346
-89.6342
-89.6339
-89.6335
-89.6331
-89.6327
-89.6323
-89.632
-89.6316
-89.6312
-89.6308
-89.6304
-89.6301
-89.6297
-89.6293
-89.6289
-89.6285
-89.6281
-89.6278
-89.6274
-89.627
-89.6266
-89.6262
-89.6258
-89.6255
-89.6251
-89.6247
-89.6243
-89.6239
-89.6235
-89.6231
-89.6228
-89.6224
-89.622
-89.6216
-89.6212
-89.6208
-89.6204
-89.62
-89.6196
-89.6193
-89.6189
-89.6185
-89.6181
-89.6177
-89.6173
-89.6169
-89.6165
-89.6161
-89.6157
-89.6154
-89.615
-89.6146
-89.6142
-89.6138
-89.6134
-89.613
-89.6126
-89.6122
-89.6118
-89.6114
-89.611
-89.6106
-89.6102
-89.6098
-89.6094
-89.609
-89.6086
-89.6083
-89.6079
-89.6075
-89.6071
-89.6067
-89.6063
-89.6059
-89.6055
-89.6051
-89.6047
-89.6043
-89.6039
-89.6035
-89.6031
-89.6027
-89.6023
-89.6019
-89.6015
-89.6011
-89.6007
-89.6003
-89.5999
-89.5995
-89.5991
-89.5986
-89.5982
-89.5978
-89.5974
-89.597
-89.5966
-89.5962
-89.5958
-89.5954
-89.595
-89.5946
-89.5942
-89.5938
-89.5934
-89.593
-89.5926
-89.5922
-89.5918
-89.5913
-89.5909
-89.5905
-89.5901
-89.5897
-89.5893
-89.5889
-89.5885
-89.5881
-89.5877
-89.5873
-89.5868
-89.5864
-89.586
-89.5856
-89.5852
-89.5848
-89.5844
-89.584
-89.5836
-89.5831
-89.5827
-89.5823
-89.5819
-89.5815
-89.5811
-89.5807
-89.5802
-89.5798
-89.5794
-89.579
-89.5786
-89.5782
-89.5777
-89.5773
-89.5769
-89.5765
-89.5761
-89.5757
-89.5752
-89.5748
-89.5744
-89.574
-89.5736
-89.5731
-89.5727
-89.5723
-89.5719
-89.5715
-89.571
-89.5706
-89.5702
-89.5698
-89.5694
-89.5689
-89.5685
-89.5681
-89.5677
-89.5673
-89.5668
-89.5664
-89.566
-89.5656
-89.5651
-89.5647
-89.5643
-89.5639
-89.5634
-89.563
-89.5626
-89.5622
-89.5617
-89.5613
-89.5609
-89.5605
-89.56
-89.5596
-89.5592
-89.5587
-89.5583
-89.5579
-89.5575
-89.557
-89.5566
-89.5562
-89.5557
-89.5553
-89.5549
-89.5545
-89.554
-89.5536
-89.5532
-89.5527
-89.5523
-89.5519
-89.5514
-89.551
-89.5506
-89.5501
-89.5497
-89.5493
-89.5488
-89.5484
-89.548
-89.5475
-89.5471
-89.5467
-89.5462
-89.5458
-89.5454
-89.5449
-89.5445
-89.544
-89.5436
-89.5432
-89.5427
-89.5423
-89.5419
-89.5414
-89.541
-89.5405
-89.5401
-89.5397
-89.5392
-89.5388
-89.5384
-89.5379
-89.5375
-89.537
-89.5366
-89.5361
-89.5357
-89.5353
-89.5348
-89.5344
-89.5339
-89.5335
-89.5331
-89.5326
-89.5322
-89.5317
-89.5313
-89.5308
-89.5304
-89.5299
-89.5295
-89.5291
-89.5286
-89.5282
-89.5277
-89.5273
-89.5268
-89.5264
-89.5259
-89.5255
-89.525
-89.5246
-89.5241
-89.5237
-89.5232
-89.5228
-89.5224
-89.5219
-89.5215
-89.521
-89.5206
-89.5201
-89.5197
-89.5192
-89.5188
-89.5183
-89.5178
-89.5174
-89.5169
-89.5165
-89.516
-89.5156
-89.5151
-89.5147
-89.5142
-89.5138
-89.5133
-89.5129
-89.5124
-89.512
-89.5115
-89.511
-89.5106
-89.5101
-89.5097
-89.5092
-89.5088
-89.5083
-89.5079
-89.5074
-89.5069
-89.5065
-89.506
-89.5056
-89.5051
-89.5046
-89.5042
-89.5037
-89.5033
-89.5028
-89.5023
-89.5019
-89.5014
-89.501
-89.5005
-89.5
-89.4996
-89.4991
-89.4987
-89.4982
-89.4977
-89.4973
-89.4968
-89.4963
-89.4959
-89.4954
-89.4949
-89.4945
-89.494
-89.4935
-89.4931
-89.4926
-89.4922
-89.4917
-89.4912
-89.4908
-89.4903
-89.4898
-89.4893
-89.4889
-89.4884
-89.4879
-89.4875
-89.487
-89.4865
-89.4861
-89.4856
-89.4851
-89.4847
-89.4842
-89.4837
-89.4832
-89.4828
-89.4823
-89.4818
-89.4814
-89.4809
-89.4804
-89.4799
-89.4795
-89.479
-89.4785
-89.478
-89.4776
-89.4771
-89.4766
-89.4761
-89.4757
-89.4752
-89.4747
-89.4742
-89.4738
-89.4733
-89.4728
-89.4723
-89.4719
-89.4714
-89.4709
-89.4704
-89.4699
-89.4695
-89.469
-89.4685
-89.468
-89.4675
-89.4671
-89.4666
-89.4661
-89.4656
-89.4651
-89.4647
-89.4642
-89.4637
-89.4632
-89.4627
-89.4622
-89.4618
-89.4613
-89.4608
-89.4603
-89.4598
-89.4593
-89.4588
-89.4584
-89.4579
-89.4574
-89.4569
-89.4564
-89.4559
-89.4554
-89.455
-89.4545
-89.454
-89.4535
-89.453
-89.4525
-89.452
-89.4515
-89.451
-89.4506
-89.4501
-89.4496
-89.4491
-89.4486
-89.4481
-89.4476
-89.4471
-89.4466
-89.4461
-89.4456
-89.4452
-89.4447
-89.4442
-89.4437
-89.4432
-89.4427
-89.4422
-89.4417
-89.4412
-89.4407
-89.4402
-89.4397
-89.4392
-89.4387
-89.4382
-89.4377
-89.4372
-89.4367
-89.4362
-89.4357
-89.4352
-89.4347
-89.4342
-89.4337
-89.4332
-89.4327
-89.4322
-89.4317
-89.4312
-89.4307
-89.4302
-89.4297
-89.4292
-89.4287
-89.4282
-89.4277
-89.4272
-89.4267
-89.4262
-89.4257
-89.4252
-89.4247
-89.4242
-89.4237
-89.4232
-89.4227
-89.4222
-89.4217
-89.4212
-89.4207
-89.4202
-89.4197
-89.4191
-89.4186
-89.4181
-89.4176
-89.4171
-89.4166
-89.4161
-89.4156
-89.4151
-89.4146
-89.4141
-89.4135
-89.413
-89.4125
-89.412
-89.4115
-89.411
-89.4105
-89.41
-89.4095
-89.4089
-89.4084
-89.4079
-89.4074
-89.4069
-89.4064
-89.4059
-89.4053
-89.4048
-89.4043
-89.4038
-89.4033
-89.4028
-89.4023
-89.4017
-89.4012
-89.4007
-89.4002
-89.3997
-89.3991
-89.3986
-89.3981
-89.3976
-89.3971
-89.3966
-89.396
-89.3955
-89.395
-89.3945
-89.3939
-89.3934
-89.3929
-89.3924
-89.3919
-89.3913
-89.3908
-89.3903
-89.3898
-89.3892
-89.3887
-89.3882
-89.3877
-89.3871
-89.3866
-89.3861
-89.3856
-89.385
-89.3845
-89.384
-89.3835
-89.3829
-89.3824
-89.3819
-89.3813
-89.3808
-89.3803
-89.3798
-89.3792
-89.3787
-89.3782
-89.3776
-89.3771
-89.3766
-89.376
-89.3755
-89.375
-89.3744
-89.3739
-89.3734
-89.3728
-89.3723
-89.3718
-89.3712
-89.3707
-89.3702
-89.3696
-89.3691
-89.3685
-89.368
-89.3675
-89.3669
-89.3664
-89.3659
-89.3653
-89.3648
-89.3642
-89.3637
-89.3632
-89.3626
-89.3621
-89.3615
-89.361
-89.3604
-89.3599
-89.3594
-89.3588
-89.3583
-89.3577
-89.3572
-89.3566
-89.3561
-89.3556
-89.355
-89.3545
-89.3539
-89.3534
-89.3528
-89.3523
-89.3517
-89.3512
-89.3506
-89.3501
-89.3495
-89.349
-89.3484
-89.3479
-89.3473
-89.3468
-89.3462
-89.3457
-89.3451
-89.3446
-89.344
-89.3435
-89.3429
-89.3424
-89.3418
-89.3413
-89.3407
-89.3402
-89.3396
-89.339
-89.3385
-89.3379
-89.3374
-89.3368
-89.3363
-89.3357
-89.3352
-89.3346
-89.334
-89.3335
-89.3329
-89.3324
-89.3318
-89.3313
-89.3307
-89.3301
-89.3296
-89.329
-89.3285
-89.3279
-89.3273
-89.3268
-89.3262
-89.3256
-89.3251
-89.3245
-89.324
-89.3234
-89.3228
-89.3223
-89.3217
-89.3211
-89.3206
-89.32
-89.3194
-89.3189
-89.3183
-89.3177
-89.3172
-89.3166
-89.316
-89.3155
-89.3149
-89.3143
-89.3138
-89.3132
-89.3126
-89.3121
-89.3115
-89.3109
-89.3103
-89.3098
-89.3092
-89.3086
-89.3081
-89.3075
-89.3069
-89.3063
-89.3058
-89.3052
-89.3046
-89.304
-89.3035
-89.3029
-89.3023
-89.3017
-89.3012
-89.3006
-89.3
-89.2994
-89.2989
-89.2983
-89.2977
-89.2971
-89.2965
-89.296
-89.2954
-89.2948
-89.2942
-89.2936
-89.2931
-89.2925
-89.2919
-89.2913
-89.2907
-89.2902
-89.2896
-89.289
-89.2884
-89.2878
-89.2872
-89.2867
-89.2861
-89.2855
-89.2849
-89.2843
-89.2837
-89.2832
-89.2826
-89.282
-89.2814
-89.2808
-89.2802
-89.2796
-89.279
-89.2785
-89.2779
-89.2773
-89.2767
-89.2761
-89.2755
-89.2749
-89.2743
-89.2737
-89.2731
-89.2726
-89.272
-89.2714
-89.2708
-89.2702
-89.2696
-89.269
-89.2684
-89.2678
-89.2672
-89.2666
-89.266
-89.2654
-89.2648
-89.2642
-89.2636
-89.263
-89.2624
-89.2618
-89.2612
-89.2607
-89.2601
-89.2595
-89.2589
-89.2583
-89.2577
-89.2571
-89.2565
-89.2559
-89.2552
-89.2546
-89.254
-89.2534
-89.2528
-89.2522
-89.2516
-89.251
-89.2504
-89.2498
-89.2492
-89.2486
-89.248
-89.2474
-89.2468
-89.2462
-89.2456
-89.245
-89.2444
-89.2438
-89.2431
-89.2425
-89.2419
-89.2413
-89.2407
-89.2401
-89.2395
-89.2389
-89.2383
-89.2377
-89.237
-89.2364
-89.2358
-89.2352
-89.2346
-89.234
-89.2334
-89.2327
-89.2321
-89.2315
-89.2309
-89.2303
-89.2297
-89.229
-89.2284
-89.2278
-89.2272
-89.2266
-89.226
-89.2253
-89.2247
-89.2241
-89.2235
-89.2229
-89.2222
-89.2216
-89.221
-89.2204
-89.2198
-89.2191
-89.2185
-89.2179
-89.2173
-89.2166
-89.216
-89.2154
-89.2148
-89.2141
-89.2135
-89.2129
-89.2123
-89.2116
-89.211
-89.2104
-89.2097
-89.2091
-89.2085
-89.2079
-89.2072
-89.2066
-89.206
-89.2053
-89.2047
-89.2041
-89.2034
-89.2028
-89.2022
-89.2016
-89.2009
-89.2003
-89.1997
-89.199
-89.1984
-89.1977
-89.1971
-89.1965
-89.1958
-89.1952
-89.1946
-89.1939
-89.1933
-89.1927
-89.192
-89.1914
-89.1907
-89.1901
-89.1895
-89.1888
-89.1882
-89.1875
-89.1869
-89.1863
-89.1856
-89.185
-89.1843
-89.1837
-89.183
-89.1824
-89.1817
-89.1811
-89.1805
-89.1798
-89.1792
-89.1785
-89.1779
-89.1772
-89.1766
-89.1759
-89.1753
-89.1746
-89.174
-89.1733
-89.1727
-89.172
-89.1714
-89.1707
-89.1701
-89.1694
-89.1688
-89.1681
-89.1675
-89.1668
-89.1662
-89.1655
-89.1649
-89.1642
-89.1636
-89.1629
-89.1622
-89.1616
-89.1609
-89.1603
-89.1596
-89.159
-89.1583
-89.1576
-89.157
-89.1563
-89.1557
-89.155
-89.1543
-89.1537
-89.153
-89.1524
-89.1517
-89.151
-89.1504
-89.1497
-89.149
-89.1484
-89.1477
-89.147
-89.1464
-89.1457
-89.1451
-89.1444
-89.1437
-89.143
-89.1424
-89.1417
-89.141
-89.1404
-89.1397
-89.139
-89.1384
-89.1377
-89.137
-89.1363
-89.1357
-89.135
-89.1343
-89.1336
-89.133
-89.1323
-89.1316
-89.1309
-89.1303
-89.1296
-89.1289
-89.1282
-89.1276
-89.1269
-89.1262
-89.1255
-89.1248
-89.1242
-89.1235
-89.1228
-89.1221
-89.1214
-89.1207
-89.1201
-89.1194
-89.1187
-89.118
-89.1173
-89.1166
-89.1159
-89.1153
-89.1146
-89.1139
-89.1132
-89.1125
-89.1118
-89.1111
-89.1104
-89.1097
-89.109
-89.1084
-89.1077
-89.107
-89.1063
-89.1056
-89.1049
-89.1042
-89.1035
-89.1028
-89.1021
-89.1014
-89.1007
-89.1
-89.0993
-89.0986
-89.0979
-89.0972
-89.0965
-89.0958
-89.0951
-89.0944
-89.0937
-89.093
-89.0923
-89.0916
-89.0909
-89.0902
-89.0895
-89.0888
-89.0881
-89.0874
-89.0867
-89.086
-89.0853
-89.0846
-89.0838
-89.0831
-89.0824
-89.0817
-89.081
-89.0803
-89.0796
-89.0789
-89.0782
-89.0775
-89.0767
-89.076
-89.0753
-89.0746
-89.0739
-89.0732
-89.0725
-89.0717
-89.071
-89.0703
-89.0696
-89.0689
-89.0682
-89.0674
-89.0667
-89.066
-89.0653
-89.0646
-89.0638
-89.0631
-89.0624
-89.0617
-89.0609
-89.0602
-89.0595
-89.0588
-89.0581
-89.0573
-89.0566
-89.0559
-89.0552
-89.0544
-89.0537
-89.053
-89.0522
-89.0515
-89.0508
-89.0501
-89.0493
-89.0486
-89.0479
-89.0471
-89.0464
-89.0457
-89.0449
-89.0442
-89.0435
-89.0427
-89.042
-89.0413
-89.0405
-89.0398
-89.039
-89.0383
-89.0376
-89.0368
-89.0361
-89.0354
-89.0346
-89.0339
-89.0331
-89.0324
-89.0317
-89.0309
-89.0302
-89.0294
-89.0287
-89.0279
-89.0272
-89.0264
-89.0257
-89.025
-89.0242
-89.0235
-89.0227
-89.022
-89.0212
-89.0205
-89.0197
-89.019
-89.0182
-89.0175
-89.0167
-89.016
-89.0152
-89.0145
-89.0137
-89.013
-89.0122
-89.0114
-89.0107
-89.0099
-89.0092
-89.0084
-89.0077
-89.0069
-89.0061
-89.0054
-89.0046
-89.0039
-89.0031
-89.0023
-89.0016
-89.0008
-89
-88.9993
-88.9985
-88.9978
-88.997
-88.9962
-88.9955
-88.9947
-88.9939
-88.9932
-88.9924
-88.9916
-88.9908
-88.9901
-88.9893
-88.9885
-88.9878
-88.987
-88.9862
-88.9854
-88.9847
-88.9839
-88.9831
-88.9823
-88.9816
-88.9808
-88.98
-88.9792
-88.9785
-88.9777
-88.9769
-88.9761
-88.9753
-88.9746
-88.9738
-88.973
-88.9722
-88.9714
-88.9707
-88.9699
-88.9691
-88.9683
-88.9675
-88.9667
-88.9659
-88.9651
-88.9644
-88.9636
-88.9628
-88.962
-88.9612
-88.9604
-88.9596
-88.9588
-88.958
-88.9572
-88.9564
-88.9557
-88.9549
-88.9541
-88.9533
-88.9525
-88.9517
-88.9509
-88.9501
-88.9493
-88.9485
-88.9477
-88.9469
-88.9461
-88.9453
-88.9445
-88.9437
-88.9429
-88.9421
-88.9413
-88.9405
-88.9396
-88.9388
-88.938
-88.9372
-88.9364
-88.9356
-88.9348
-88.934
-88.9332
-88.9324
-88.9316
-88.9307
-88.9299
-88.9291
-88.9283
-88.9275
-88.9267
-88.9259
-88.925
-88.9242
-88.9234
-88.9226
-88.9218
-88.921
-88.9201
-88.9193
-88.9185
-88.9177
-88.9168
-88.916
-88.9152
-88.9144
-88.9136
-88.9127
-88.9119
-88.9111
-88.9103
-88.9094
-88.9086
-88.9078
-88.9069
-88.9061
-88.9053
-88.9044
-88.9036
-88.9028
-88.9019
-88.9011
-88.9003
-88.8994
-88.8986
-88.8978
-88.8969
-88.8961
-88.8953
-88.8944
-88.8936
-88.8927
-88.8919
-88.891
-88.8902
-88.8894
-88.8885
-88.8877
-88.8868
-88.886
-88.8851
-88.8843
-88.8834
-88.8826
-88.8817
-88.8809
-88.88
-88.8792
-88.8783
-88.8775
-88.8766
-88.8757
-88.8749
-88.874
-88.8732
-88.8723
-88.8715
-88.8706
-88.8697
-88.8689
-88.868
-88.8671
-88.8663
-88.8654
-88.8645
-88.8637
-88.8628
-88.8619
-88.8611
-88.8602
-88.8593
-88.8585
-88.8576
-88.8567
-88.8559
-88.855
-88.8541
-88.8532
-88.8524
-88.8515
-88.8506
-88.8497
-88.8488
-88.848
-88.8471
-88.8462
-88.8453
-88.8444
-88.8436
-88.8427
-88.8418
-88.8409
-88.84
-88.8391
-88.8383
-88.8374
-88.8365
-88.8356
-88.8347
-88.8338
-88.8329
-88.832
-88.8311
-88.8302
-88.8293
-88.8284
-88.8275
-88.8266
-88.8258
-88.8249
-88.824
-88.8231
-88.8222
-88.8213
-88.8204
-88.8194
-88.8185
-88.8176
-88.8167
-88.8158
-88.8149
-88.814
-88.8131
-88.8122
-88.8113
-88.8104
-88.8095
-88.8086
-88.8076
-88.8067
-88.8058
-88.8049
-88.804
-88.8031
-88.8022
-88.8012
-88.8003
-88.7994
-88.7985
-88.7976
-88.7966
-88.7957
-88.7948
-88.7939
-88.7929
-88.792
-88.7911
-88.7902
-88.7892
-88.7883
-88.7874
-88.7865
-88.7855
-88.7846
-88.7837
-88.7827
-88.7818
-88.7809
-88.7799
-88.779
-88.778
-88.7771
-88.7762
-88.7752
-88.7743
-88.7733
-88.7724
-88.7715
-88.7705
-88.7696
-88.7686
-88.7677
-88.7667
-88.7658
-88.7648
-88.7639
-88.7629
-88.762
-88.761
-88.7601
-88.7591
-88.7582
-88.7572
-88.7563
-88.7553
-88.7543
-88.7534
-88.7524
-88.7515
-88.7505
-88.7495
-88.7486
-88.7476
-88.7466
-88.7457
-88.7447
-88.7437
-88.7428
-88.7418
-88.7408
-88.7399
-88.7389
-88.7379
-88.7369
-88.736
-88.735
-88.734
-88.733
-88.732
-88.7311
-88.7301
-88.7291
-88.7281
-88.7271
-88.7262
-88.7252
-88.7242
-88.7232
-88.7222
-88.7212
-88.7202
-88.7192
-88.7182
-88.7173
-88.7163
-88.7153
-88.7143
-88.7133
-88.7123
-88.7113
-88.7103
-88.7093
-88.7083
-88.7073
-88.7063
-88.7053
-88.7043
-88.7033
-88.7023
-88.7012
-88.7002
-88.6992
-88.6982
-88.6972
-88.6962
-88.6952
-88.6942
-88.6932
-88.6921
-88.6911
-88.6901
-88.6891
-88.6881
-88.687
-88.686
-88.685
-88.684
-88.683
-88.6819
-88.6809
-88.6799
-88.6788
-88.6778
-88.6768
-88.6758
-88.6747
-88.6737
-88.6727
-88.6716
-88.6706
-88.6695
-88.6685
-88.6675
-88.6664
-88.6654
-88.6643
-88.6633
-88.6623
-88.6612
-88.6602
-88.6591
-88.6581
-88.657
-88.656
-88.6549
-88.6538
-88.6528
-88.6517
-88.6507
-88.6496
-88.6486
-88.6475
-88.6464
-88.6454
-88.6443
-88.6432
-88.6422
-88.6411
-88.64
-88.639
-88.6379
-88.6368
-88.6357
-88.6347
-88.6336
-88.6325
-88.6314
-88.6304
-88.6293
-88.6282
-88.6271
-88.626
-88.6249
-88.6238
-88.6228
-88.6217
-88.6206
-88.6195
-88.6184
-88.6173
-88.6162
-88.6151
-88.614
-88.6129
-88.6118
-88.6107
-88.6096
-88.6085
-88.6074
-88.6063
-88.6052
-88.6041
-88.6029
-88.6018
-88.6007
-88.5996
-88.5985
-88.5974
-88.5963
-88.5951
-88.594
-88.5929
-88.5918
-88.5906
-88.5895
-88.5884
-88.5873
-88.5861
-88.585
-88.5839
-88.5827
-88.5816
-88.5805
-88.5793
-88.5782
-88.5771
-88.5759
-88.5748
-88.5736
-88.5725
-88.5713
-88.5702
-88.569
-88.5679
-88.5667
-88.5656
-88.5644
-88.5633
-88.5621
-88.561
-88.5598
-88.5586
-88.5575
-88.5563
-88.5552
-88.554
-88.5528

