-70
-57.2456
18.6335
49.9281
48.1101
38.9193
18.8089
-0.340666
-12.2299
-23.0052
-33.6382
-49.925
-85.3322
-94.8323
-94.983
-94.9709
-94.9311
-94.8364
-94.6338
-94.2605
-93.6896
-92.9623
-92.1651
-91.3816
-90.6657
-90.0408
-89.5096
-89.064
-88.6921
-88.3813
-88.1205
-87.9002
-87.7124
-87.5509
-87.4104
-87.287
-87.1773
-87.0787
-86.9892
-86.9069
-86.8306
-86.7591
-86.6916
-86.6273
-86.5655
-86.5059
-86.4481
-86.3917
-86.3364
-86.282
-86.2283
-86.1753
-86.1227
-86.0704
-86.0184
-85.9666
-85.915
-85.8634
-85.8118
-85.7603
-85.7087
-85.657
-85.6052
-85.5533
-85.5012
-85.449
-85.3966
-85.3439
-85.2911
-85.2381
-85.1848
-85.1312
-85.0773
-85.0232
-84.9688
-84.9141
-84.859
-84.8036
-84.7478
-84.6916
-84.6351
-84.5781
-84.5208
-84.463
-84.4047
-84.3459
-84.2866
-84.2269
-84.1665
-84.1056
-84.0442
-83.9821
-83.9193
-83.8558
-83.7917
-83.7268
-83.6611
-83.5946
-83.5272
-83.459
-83.3897
-83.3194
-83.2482
-83.1757
-83.1021
-83.0272
-82.9509
-82.8732
-82.794
-82.7132
-82.6306
-82.5462
-82.4598
-82.3712
-82.2804
-82.187
-82.0909
-81.9918
-81.8895
-81.7837
-81.6739
-81.5599
-81.441
-81.3169
-81.1868
-81.05
-80.9056
-80.7525
-80.5893
-80.4144
-80.2259
-80.021
-79.7966
-79.5482
-79.27
-78.954
-78.5887
-78.1571
-77.6328
-76.9722
-76.0973
-74.8506
-72.8581
-68.9499
-57.0515
20.4156
49.9322
48.4011
40.68
22.9681
3.19542
-9.25593
-19.7534
-30.7003
-43.4974
-73.9332
-94.5156
-94.9812
-94.9799
-94.9537
-94.89
-94.7493
-94.4782
-94.0431
-93.4701
-92.8356
-92.2198
-91.674
-91.2177
-90.8492
-90.5567
-90.3258
-90.143
-89.9969
-89.8785
-89.7809
-89.6989
-89.6285
-89.5668
-89.5116
-89.4613
-89.4146
-89.3706
-89.3287
-89.2883
-89.249
-89.2105
-89.1727
-89.1353
-89.0983
-89.0614
-89.0247
-88.9881
-88.9515
-88.915
-88.8785
-88.8419
-88.8053
-88.7686
-88.7318
-88.695
-88.6581
-88.6212
-88.5841
-88.547
-88.5098
-88.4724
-88.435
-88.3975
-88.3599
-88.3222
-88.2844
-88.2465
-88.2085
-88.1704
-88.1322
-88.0939
-88.0555
-88.017
-87.9784
-87.9396
-87.9008
-87.8619
-87.8228
-87.7836
-87.7443
-87.7049
-87.6654
-87.6258
-87.5861
-87.5462
-87.5062
-87.4661
-87.4259
-87.3855
-87.345
-87.3044
-87.2636
-87.2228
-87.1818
-87.1406
-87.0993
-87.0579
-87.0164
-86.9747
-86.9328
-86.8909
-86.8487
-86.8064
-86.764
-86.7214
-86.6786
-86.6357
-86.5927
-86.5494
-86.506
-86.4624
-86.4187
-86.3748
-86.3307
-86.2864
-86.2419
-86.1973
-86.1524
-86.1073
-86.0621
-86.0166
-85.971
-85.9251
-85.879
-85.8327
-85.7861
-85.7394
-85.6924
-85.6451
-85.5976
-85.5499
-85.5019
-85.4536
-85.4051
-85.3562
-85.3071
-85.2577
-85.208
-85.158
-85.1076
-85.057
-85.006
-84.9547
-84.903
-84.8509
-84.7985
-84.7456
-84.6924
-84.6388
-84.5847
-84.5302
-84.4752
-84.4198
-84.3639
-84.3074
-84.2505
-84.193
-84.1349
-84.0762
-84.017
-83.9571
-83.8965
-83.8352
-83.7733
-83.7105
-83.647
-83.5827
-83.5175
-83.4514
-83.3843
-83.3162
-83.2472
-83.1769
-83.1055
-83.0329
-82.959
-82.8836
-82.8069
-82.7285
-82.6484
-82.5666
-82.4829
-82.397
-82.309
-82.2186
-82.1256
-82.0299
-81.931
-81.8289
-81.7231
-81.6132
-81.499
-81.3798
-81.2552
-81.1244
-80.9867
-80.841
-80.6863
-80.5212
-80.3439
-80.1524
-79.9439
-79.7149
-79.4606
-79.175
-78.8492
-78.4707
-78.0212
-77.4712
-76.7719
-75.8335
-74.4707
-72.2233
-67.5415
-51.1191
41.2541
49.6699
46.5896
35.7223
16.0909
-0.795157
-12.2586
-22.9046
-33.4273
-49.3713
-84.7344
-94.836
-94.9859
-94.9764
-94.944
-94.8665
-94.6997
-94.3903
-93.917
-93.3204
-92.6815
-92.0745
-91.5433
-91.1016
-90.7454
-90.4623
-90.2381
-90.06
-89.9171
-89.8009
-89.7048
-89.6238
-89.554
-89.4927
-89.4378
-89.3877
-89.3411
-89.2972
-89.2553
-89.2149
-89.1757
-89.1372
-89.0994
-89.062
-89.0249
-88.988
-88.9513
-88.9146
-88.8781
-88.8415
-88.8049
-88.7683
-88.7316
-88.6949
-88.6582
-88.6213
-88.5844
-88.5474
-88.5103
-88.4732
-88.4359
-88.3986
-88.3611
-88.3236
-88.286
-88.2482
-88.2104
-88.1725
-88.1345
-88.0963
-88.0581
-88.0198
-87.9813
-87.9428
-87.9041
-87.8654
-87.8265
-87.7875
-87.7484
-87.7092
-87.6699
-87.6305
-87.5909
-87.5512
-87.5114
-87.4715
-87.4315
-87.3914
-87.3511
-87.3107
-87.2701
-87.2295
-87.1887
-87.1478
-87.1067
-87.0655
-87.0242
-86.9828
-86.9412
-86.8994
-86.8575
-86.8155
-86.7733
-86.7309
-86.6885
-86.6458
-86.603
-86.56
-86.5169
-86.4736
-86.4301
-86.3865
-86.3427
-86.2987
-86.2545
-86.2101
-86.1656
-86.1209
-86.0759
-86.0308
-85.9855
-85.9399
-85.8942
-85.8482
-85.802
-85.7556
-85.709
-85.6621
-85.615
-85.5676
-85.52
-85.4721
-85.424
-85.3756
-85.3269
-85.2779
-85.2287
-85.1791
-85.1293
-85.0791
-85.0286
-84.9778
-84.9266
-84.8751
-84.8232
-84.7709
-84.7183
-84.6652
-84.6118
-84.5579
-84.5036
-84.4488
-84.3936
-84.3379
-84.2817
-84.2249
-84.1677
-84.1098
-84.0514
-83.9924
-83.9328
-83.8725
-83.8115
-83.7498
-83.6874
-83.6242
-83.5601
-83.4953
-83.4295
-83.3628
-83.2952
-83.2265
-83.1567
-83.0857
-83.0136
-82.9401
-82.8653
-82.7891
-82.7113
-82.6319
-82.5507
-82.4677
-82.3827
-82.2955
-82.206
-82.114
-82.0193
-81.9216
-81.8207
-81.7163
-81.608
-81.4955
-81.3783
-81.2558
-81.1274
-80.9925
-80.85
-80.699
-80.5382
-80.3659
-80.1804
-79.9792
-79.7589
-79.5156
-79.2438
-78.936
-78.5816
-78.165
-77.6624
-77.0353
-76.2158
-75.0719
-73.3047
-70.0529
-61.5094
-11.8495
49.9351
49.5946
45.7813
33.1432
12.2494
-3.3781
-14.515
-25.4021
-35.2687
-53.7617
-89.4174
-94.909
-94.9849
-94.9707
-94.9297
-94.8334
-94.6314
-94.2731
-93.7537
-93.1329
-92.4968
-91.9129
-91.4144
-91.0071
-90.6821
-90.4254
-90.2225
-90.061
-89.931
-89.8245
-89.7358
-89.6604
-89.595
-89.537
-89.4845
-89.4363
-89.3913
-89.3486
-89.3077
-89.2681
-89.2294
-89.1915
-89.1542
-89.1172
-89.0805
-89.044
-89.0076
-88.9713
-88.935
-88.8987
-88.8624
-88.826
-88.7896
-88.7532
-88.7167
-88.6801
-88.6434
-88.6067
-88.5698
-88.5329
-88.4959
-88.4588
-88.4215
-88.3843
-88.3468
-88.3093
-88.2717
-88.234
-88.1962
-88.1583
-88.1203
-88.0822
-88.044
-88.0057
-87.9672
-87.9287
-87.8901
-87.8513
-87.8124
-87.7734
-87.7343
-87.6951
-87.6558
-87.6164
-87.5768
-87.5371
-87.4973
-87.4574
-87.4173
-87.3772
-87.3369
-87.2964
-87.2559
-87.2152
-87.1744
-87.1334
-87.0923
-87.0511
-87.0097
-86.9682
-86.9265
-86.8847
-86.8428
-86.8007
-86.7584
-86.716
-86.6734
-86.6307
-86.5878
-86.5448
-86.5015
-86.4582
-86.4146
-86.3709
-86.327
-86.2829
-86.2386
-86.1941
-86.1495
-86.1046
-86.0595
-86.0143
-85.9688
-85.9231
-85.8772
-85.8311
-85.7848
-85.7382
-85.6914
-85.6444
-85.5971
-85.5495
-85.5017
-85.4536
-85.4053
-85.3567
-85.3078
-85.2586
-85.2091
-85.1593
-85.1092
-85.0587
-85.0079
-84.9568
-84.9054
-84.8535
-84.8013
-84.7487
-84.6957
-84.6423
-84.5884
-84.5342
-84.4795
-84.4243
-84.3685
-84.3124
-84.2556
-84.1984
-84.1406
-84.0821
-84.0231
-83.9635
-83.9032
-83.8422
-83.7805
-83.718
-83.6548
-83.5907
-83.5258
-83.46
-83.3932
-83.3254
-83.2567
-83.1867
-83.1156
-83.0433
-82.9697
-82.8947
-82.8183
-82.7403
-82.6605
-82.5791
-82.4957
-82.4103
-82.3226
-82.2327
-82.1401
-82.0447
-81.9464
-81.8447
-81.7394
-81.6301
-81.5164
-81.3978
-81.2738
-81.1436
-81.0066
-80.8618
-80.708
-80.5438
-80.3676
-80.1773
-79.9702
-79.7428
-79.4905
-79.2072
-78.8844
-78.5098
-78.0654
-77.5226
-76.8341
-75.9133
-74.5832
-72.4097
-67.9606
-52.9952
36.9569
49.7267
46.9018
36.4965
17.0688
-0.24455
-11.8227
-22.4308
-33.0478
-48.5085
-83.4731
-94.8113
-94.9856
-94.9771
-94.9458
-94.8711
-94.7097
-94.4089
-93.9451
-93.3557
-92.72
-92.1129
-91.5793
-91.1347
-90.7754
-90.4896
-90.2634
-90.0836
-89.9396
-89.8225
-89.7259
-89.6445
-89.5746
-89.5133
-89.4585
-89.4085
-89.3621
-89.3184
-89.2768
-89.2367
-89.1977
-89.1596
-89.1221
-89.085
-89.0482
-89.0117
-88.9753
-88.939
-88.9028
-88.8666
-88.8303
-88.794
-88.7577
-88.7214
-88.6849
-88.6484
-88.6119
-88.5752
-88.5384
-88.5016
-88.4647
-88.4277
-88.3906
-88.3534
-88.3161
-88.2786
-88.2411
-88.2035
-88.1659
-88.1281
-88.0901
-88.0521
-88.014
-87.9758
-87.9375
-87.8991
-87.8605
-87.8219
-87.7831
-87.7442
-87.7052
-87.6661
-87.6269
-87.5876
-87.5481
-87.5086
-87.4689
-87.4291
-87.3891
-87.3491
-87.3089
-87.2686
-87.2281
-87.1876
-87.1469
-87.1061
-87.0651
-87.024
-86.9827
-86.9414
-86.8998
-86.8582
-86.8163
-86.7744
-86.7323
-86.69
-86.6476
-86.605
-86.5623
-86.5194
-86.4763
-86.4331
-86.3897
-86.3461
-86.3023
-86.2584
-86.2143
-86.17
-86.1255
-86.0808
-86.0359
-85.9908
-85.9456
-85.9001
-85.8543
-85.8084
-85.7623
-85.7159
-85.6693
-85.6224
-85.5754
-85.528
-85.4804
-85.4326
-85.3845
-85.3361
-85.2874
-85.2385
-85.1892
-85.1396
-85.0898
-85.0396
-84.9891
-84.9383
-84.887
-84.8355
-84.7836
-84.7313
-84.6786
-84.6255
-84.572
-84.518
-84.4637
-84.4088
-84.3535
-84.2977
-84.2414
-84.1845
-84.1271
-84.0691
-84.0106
-83.9514
-83.8916
-83.8311
-83.7699
-83.708
-83.6453
-83.5819
-83.5176
-83.4524
-83.3863
-83.3193
-83.2513
-83.1821
-83.1119
-83.0405
-82.9678
-82.8938
-82.8184
-82.7416
-82.6631
-82.5829
-82.5009
-82.417
-82.3309
-82.2427
-82.152
-82.0587
-81.9625
-81.8633
-81.7607
-81.6543
-81.5439
-81.429
-81.3091
-81.1835
-81.0517
-80.9128
-80.7659
-80.6097
-80.4428
-80.2635
-80.0695
-79.8581
-79.6255
-79.367
-79.0759
-78.7432
-78.3558
-77.894
-77.3266
-76.601
-75.6194
-74.1759
-71.744
-66.4521
-45.8144
46.8948
49.5829
46.1303
34.602
14.7044
-1.59478
-12.9081
-23.6109
-33.9705
-50.6299
-86.3633
-94.8647
-94.9861
-94.9754
-94.9414
-94.8601
-94.6855
-94.365
-93.8805
-93.2766
-92.6353
-92.0294
-91.5002
-91.0607
-90.706
-90.4237
-90.1999
-90.0219
-89.879
-89.7627
-89.6665
-89.5854
-89.5157
-89.4545
-89.3996
-89.3497
-89.3033
-89.2596
-89.2179
-89.1778
-89.1388
-89.1006
-89.0631
-89.0259
-88.9891
-88.9526
-88.9162
-88.8798
-88.8436
-88.8073
-88.771
-88.7347
-88.6984
-88.662
-88.6255
-88.589
-88.5524
-88.5157
-88.4789
-88.442
-88.4051
-88.368
-88.3309
-88.2936
-88.2563
-88.2189
-88.1813
-88.1437
-88.106
-88.0681
-88.0302
-87.9921
-87.954
-87.9158
-87.8774
-87.8389
-87.8003
-87.7617
-87.7229
-87.684
-87.6449
-87.6058
-87.5666
-87.5272
-87.4877
-87.4481
-87.4084
-87.3685
-87.3286
-87.2885
-87.2482
-87.2079
-87.1674
-87.1268
-87.0861
-87.0452
-87.0042
-86.9631
-86.9218
-86.8804
-86.8388
-86.7971
-86.7552
-86.7132
-86.6711
-86.6287
-86.5863
-86.5436
-86.5008
-86.4579
-86.4148
-86.3715
-86.328
-86.2844
-86.2406
-86.1966
-86.1524
-86.1081
-86.0635
-86.0188
-85.9738
-85.9287
-85.8833
-85.8377
-85.792
-85.746
-85.6998
-85.6533
-85.6066
-85.5597
-85.5125
-85.4651
-85.4174
-85.3694
-85.3212
-85.2727
-85.224
-85.1749
-85.1255
-85.0758
-85.0259
-84.9756
-84.9249
-84.8739
-84.8226
-84.7709
-84.7188
-84.6664
-84.6135
-84.5602
-84.5066
-84.4524
-84.3978
-84.3428
-84.2873
-84.2313
-84.1747
-84.1176
-84.0599
-84.0017
-83.9429
-83.8834
-83.8233
-83.7625
-83.701
-83.6387
-83.5757
-83.5119
-83.4472
-83.3816
-83.315
-83.2476
-83.179
-83.1093
-83.0386
-82.9666
-82.8933
-82.8186
-82.7425
-82.6649
-82.5856
-82.5046
-82.4216
-82.3367
-82.2496
-82.1602
-82.0683
-81.9736
-81.876
-81.7752
-81.6708
-81.5626
-81.45
-81.3327
-81.2102
-81.0818
-80.9467
-80.8041
-80.6529
-80.4919
-80.3194
-80.1335
-79.9318
-79.7111
-79.4672
-79.1946
-78.8858
-78.53
-78.1117
-77.6068
-76.9763
-76.1518
-74.9991
-73.2144
-69.9163
-61.1623
-9.48602
49.952
49.5998
45.7557
33.006
12.0091
-3.55524
-14.6773
-25.5819
-35.3875
-54.0522
-89.6374
-94.9119
-94.9847
-94.9701
-94.9283
-94.8304
-94.6259
-94.2651
-93.7446
-93.1248
-92.4912
-91.9105
-91.415
-91.0102
-90.6873
-90.4321
-90.2306
-90.0703
-89.9412
-89.8357
-89.7479
-89.6733
-89.6085
-89.5512
-89.4995
-89.4519
-89.4074
-89.3653
-89.3249
-89.2859
-89.2478
-89.2104
-89.1736
-89.1371
-89.1009
-89.0648
-89.0289
-88.993
-88.9572
-88.9214
-88.8856
-88.8497
-88.8137
-88.7777
-88.7417
-88.7055
-88.6693
-88.633
-88.5966
-88.5601
-88.5235
-88.4869
-88.4501
-88.4132
-88.3763
-88.3392
-88.3021
-88.2648
-88.2274
-88.19
-88.1524
-88.1147
-88.077
-88.0391
-88.0011
-87.963
-87.9248
-87.8865
-87.8481
-87.8095
-87.7709
-87.7321
-87.6933
-87.6543
-87.6152
-87.576
-87.5366
-87.4972
-87.4576
-87.4179
-87.3781
-87.3381
-87.298
-87.2578
-87.2175
-87.177
-87.1364
-87.0957
-87.0548
-87.0138
-86.9726
-86.9314
-86.8899
-86.8483
-86.8066
-86.7647
-86.7227
-86.6805
-86.6382
-86.5957
-86.553
-86.5102
-86.4672
-86.4241
-86.3808
-86.3373
-86.2936
-86.2497
-86.2057
-86.1615
-86.117
-86.0724
-86.0276
-85.9826
-85.9374
-85.8919
-85.8463
-85.8004
-85.7543
-85.708
-85.6615
-85.6147
-85.5676
-85.5203
-85.4728
-85.425
-85.3769
-85.3286
-85.28
-85.231
-85.1818
-85.1323
-85.0825
-85.0323
-84.9818
-84.931
-84.8798
-84.8283
-84.7763
-84.7241
-84.6714
-84.6182
-84.5647
-84.5108
-84.4564
-84.4015
-84.3461
-84.2903
-84.2339
-84.177
-84.1195
-84.0615
-84.0028
-83.9435
-83.8836
-83.823
-83.7617
-83.6996
-83.6368
-83.5731
-83.5086
-83.4432
-83.3769
-83.3096
-83.2413
-83.1719
-83.1013
-83.0295
-82.9564
-82.882
-82.8061
-82.7287
-82.6496
-82.5687
-82.4861
-82.4013
-82.3144
-82.2252
-82.1335
-82.0391
-81.9416
-81.8409
-81.7367
-81.6286
-81.5162
-81.399
-81.2765
-81.148
-81.0129
-80.8701
-80.7187
-80.5572
-80.3842
-80.1976
-79.9948
-79.7725
-79.5266
-79.2513
-78.9386
-78.5776
-78.1516
-77.6352
-76.9866
-76.1316
-74.9226
-73.0158
-69.3719
-58.9461
7.77706
49.9784
49.2485
43.846
28.6196
7.42909
-6.3996
-17.1638
-28.1869
-38.7678
-62.4399
-93.2606
-94.9624
-94.9827
-94.9627
-94.911
-94.7938
-94.5595
-94.1662
-93.625
-93.004
-92.3854
-91.8274
-91.3558
-90.9725
-90.6673
-90.4262
-90.2356
-90.0838
-89.9612
-89.8607
-89.7768
-89.7052
-89.6429
-89.5875
-89.5373
-89.491
-89.4476
-89.4063
-89.3667
-89.3283
-89.2907
-89.2538
-89.2174
-89.1813
-89.1455
-89.1098
-89.0742
-89.0387
-89.0032
-88.9676
-88.9321
-88.8965
-88.8608
-88.8251
-88.7893
-88.7534
-88.7175
-88.6814
-88.6453
-88.6091
-88.5728
-88.5364
-88.4999
-88.4633
-88.4266
-88.3898
-88.3529
-88.3159
-88.2788
-88.2416
-88.2043
-88.1669
-88.1294
-88.0918
-88.054
-88.0162
-87.9783
-87.9402
-87.9021
-87.8638
-87.8255
-87.787
-87.7484
-87.7097
-87.6708
-87.6319
-87.5928
-87.5536
-87.5143
-87.4749
-87.4354
-87.3957
-87.3559
-87.316
-87.276
-87.2358
-87.1955
-87.1551
-87.1145
-87.0738
-87.0329
-86.992
-86.9509
-86.9096
-86.8682
-86.8266
-86.7849
-86.7431
-86.7011
-86.6589
-86.6166
-86.5742
-86.5315
-86.4887
-86.4458
-86.4026
-86.3593
-86.3158
-86.2722
-86.2283
-86.1843
-86.1401
-86.0957
-86.0511
-86.0063
-85.9613
-85.9161
-85.8706
-85.825
-85.7791
-85.7331
-85.6867
-85.6402
-85.5934
-85.5464
-85.4991
-85.4515
-85.4037
-85.3556
-85.3073
-85.2586
-85.2097
-85.1605
-85.1109
-85.0611
-85.0109
-84.9604
-84.9095
-84.8583
-84.8067
-84.7548
-84.7024
-84.6497
-84.5965
-84.543
-84.489
-84.4345
-84.3796
-84.3241
-84.2682
-84.2118
-84.1548
-84.0972
-84.039
-83.9803
-83.9209
-83.8609
-83.8001
-83.7387
-83.6765
-83.6135
-83.5497
-83.485
-83.4195
-83.3529
-83.2854
-83.2169
-83.1472
-83.0763
-83.0043
-82.9309
-82.8561
-82.7799
-82.7021
-82.6226
-82.5414
-82.4582
-82.3729
-82.2855
-82.1957
-82.1033
-82.0081
-81.9099
-81.8083
-81.7031
-81.5939
-81.4802
-81.3617
-81.2377
-81.1074
-80.9703
-80.8253
-80.6712
-80.5068
-80.3302
-80.1393
-79.9315
-79.7032
-79.4497
-79.1649
-78.84
-78.4626
-78.0144
-77.4661
-76.7692
-75.835
-74.4801
-72.2515
-67.6341
-51.6457
40.1506
49.684
46.6645
35.9048
16.3168
-0.668971
-12.1585
-22.7959
-33.3416
-49.1755
-84.4571
-94.8307
-94.9858
-94.9765
-94.9443
-94.8676
-94.7027
-94.3974
-93.93
-93.3399
-92.7058
-92.1013
-91.5704
-91.1276
-90.7695
-90.4845
-90.2586
-90.0791
-89.9352
-89.8184
-89.7221
-89.641
-89.5715
-89.5106
-89.4562
-89.4067
-89.3608
-89.3176
-89.2765
-89.2369
-89.1984
-89.1608
-89.1237
-89.0872
-89.0509
-89.0148
-88.9789
-88.9431
-88.9073
-88.8716
-88.8358
-88.8
-88.7642
-88.7283
-88.6923
-88.6563
-88.6201
-88.5839
-88.5476
-88.5113
-88.4748
-88.4382
-88.4016
-88.3648
-88.328
-88.291
-88.254
-88.2169
-88.1796
-88.1423
-88.1048
-88.0673
-88.0296
-87.9919
-87.954
-87.9161
-87.878
-87.8398
-87.8015
-87.7631
-87.7246
-87.686
-87.6473
-87.6084
-87.5694
-87.5303
-87.4911
-87.4518
-87.4124
-87.3728
-87.3332
-87.2934
-87.2534
-87.2134
-87.1732
-87.1329
-87.0924
-87.0519
-87.0111
-86.9703
-86.9293
-86.8882
-86.8469
-86.8055
-86.764
-86.7223
-86.6804
-86.6384
-86.5963
-86.5539
-86.5115
-86.4688
-86.4261
-86.3831
-86.34
-86.2967
-86.2532
-86.2095
-86.1657
-86.1217
-86.0775
-86.0331
-85.9885
-85.9437
-85.8987
-85.8535
-85.8081
-85.7624
-85.7166
-85.6705
-85.6242
-85.5777
-85.5309
-85.4839
-85.4366
-85.3891
-85.3413
-85.2932
-85.2449
-85.1963
-85.1473
-85.0981
-85.0486
-84.9988
-84.9486
-84.8981
-84.8472
-84.796
-84.7445
-84.6926
-84.6403
-84.5875
-84.5344
-84.4809
-84.4269
-84.3724
-84.3175
-84.2621
-84.2062
-84.1498
-84.0928
-84.0353
-83.9772
-83.9184
-83.8591
-83.7991
-83.7384
-83.677
-83.6148
-83.5518
-83.4881
-83.4235
-83.3579
-83.2915
-83.224
-83.1555
-83.0859
-83.0152
-82.9432
-82.8699
-82.7952
-82.7191
-82.6414
-82.562
-82.4809
-82.3978
-82.3128
-82.2255
-82.1359
-82.0438
-81.9488
-81.8509
-81.7497
-81.6448
-81.5361
-81.4229
-81.3049
-81.1816
-81.0522
-80.916
-80.772
-80.6193
-80.4564
-80.2817
-80.0931
-79.8881
-79.6633
-79.4143
-79.1353
-78.8181
-78.4512
-78.0177
-77.491
-76.8277
-75.9494
-74.6998
-72.7082
-68.8242
-57.1595
18.4864
49.9461
48.5677
41.2351
23.8772
3.80086
-8.8244
-19.3536
-30.3269
-42.753
-72.2217
-94.4192
-94.9795
-94.9804
-94.9555
-94.8947
-94.7606
-94.5016
-94.0833
-93.5267
-92.9027
-92.2891
-91.7388
-91.2737
-90.8947
-90.5917
-90.3512
-90.1603
-90.0076
-89.884
-89.7824
-89.6974
-89.6248
-89.5616
-89.5055
-89.4547
-89.4078
-89.3639
-89.3222
-89.2823
-89.2435
-89.2057
-89.1686
-89.1319
-89.0957
-89.0596
-89.0238
-88.988
-88.9524
-88.9167
-88.881
-88.8454
-88.8096
-88.7738
-88.738
-88.7021
-88.6661
-88.63
-88.5939
-88.5576
-88.5213
-88.4849
-88.4483
-88.4117
-88.375
-88.3382
-88.3013
-88.2643
-88.2272
-88.19
-88.1527
-88.1153
-88.0778
-88.0401
-88.0024
-87.9646
-87.9266
-87.8886
-87.8504
-87.8122
-87.7738
-87.7353
-87.6967
-87.658
-87.6192
-87.5802
-87.5412
-87.502
-87.4627
-87.4233
-87.3838
-87.3441
-87.3043
-87.2644
-87.2244
-87.1842
-87.1439
-87.1035
-87.0629
-87.0222
-86.9814
-86.9404
-86.8993
-86.8581
-86.8167
-86.7751
-86.7334
-86.6916
-86.6496
-86.6075
-86.5652
-86.5227
-86.4801
-86.4373
-86.3943
-86.3512
-86.3079
-86.2644
-86.2208
-86.1769
-86.1329
-86.0887
-86.0443
-85.9997
-85.9549
-85.9099
-85.8647
-85.8193
-85.7736
-85.7278
-85.6817
-85.6354
-85.5888
-85.542
-85.495
-85.4477
-85.4001
-85.3523
-85.3042
-85.2558
-85.2072
-85.1582
-85.1089
-85.0594
-85.0095
-84.9593
-84.9087
-84.8578
-84.8066
-84.7549
-84.7029
-84.6505
-84.5977
-84.5445
-84.4909
-84.4368
-84.3823
-84.3272
-84.2717
-84.2157
-84.1592
-84.102
-84.0444
-83.9861
-83.9272
-83.8677
-83.8075
-83.7466
-83.685
-83.6226
-83.5594
-83.4954
-83.4305
-83.3646
-83.2979
-83.2301
-83.1612
-83.0912
-83.02
-82.9475
-82.8737
-82.7986
-82.7218
-82.6435
-82.5635
-82.4816
-82.3978
-82.3118
-82.2236
-82.1329
-82.0396
-81.9434
-81.844
-81.7413
-81.6347
-81.524
-81.4086
-81.2882
-81.162
-81.0294
-80.8894
-80.7413
-80.5836
-80.4148
-80.2333
-80.0365
-79.8214
-79.5843
-79.3198
-79.0211
-78.6783
-78.277
-77.7953
-77.1984
-76.426
-75.3633
-73.7596
-70.9324
-64.1746
-31.4018
48.9743
49.4845
45.6042
33.2691
13.0089
-2.64887
-13.8043
-24.5907
-34.6851
-52.3292
-88.1937
-94.8933
-94.9858
-94.9735
-94.9365
-94.8483
-94.6595
-94.3156
-93.8031
-93.175
-92.519
-91.9086
-91.3824
-90.9498
-90.6032
-90.3289
-90.1119
-89.9394
-89.8007
-89.6876
-89.5937
-89.5143
-89.4457
-89.3853
-89.3311
-89.2814
-89.2353
-89.1918
-89.1503
-89.1103
-89.0714
-89.0333
-88.9958
-88.9588
-88.9221
-88.8856
-88.8493
-88.813
-88.7769
-88.7407
-88.7045
-88.6683
-88.6321
-88.5958
-88.5594
-88.523
-88.4865
-88.4499
-88.4132
-88.3764
-88.3396
-88.3026
-88.2656
-88.2285
-88.1912
-88.1539
-88.1165
-88.079
-88.0413
-88.0036
-87.9658
-87.9278
-87.8898
-87.8516
-87.8134
-87.775
-87.7365
-87.698
-87.6593
-87.6205
-87.5816
-87.5425
-87.5034
-87.4641
-87.4247
-87.3852
-87.3456
-87.3058
-87.266
-87.226
-87.1859
-87.1456
-87.1053
-87.0647
-87.0241
-86.9833
-86.9424
-86.9014
-86.8602
-86.8189
-86.7774
-86.7358
-86.694
-86.6521
-86.61
-86.5678
-86.5254
-86.4829
-86.4402
-86.3974
-86.3543
-86.3111
-86.2677
-86.2242
-86.1805
-86.1366
-86.0924
-86.0482
-86.0037
-85.959
-85.9141
-85.869
-85.8237
-85.7782
-85.7325
-85.6866
-85.6404
-85.594
-85.5473
-85.5005
-85.4533
-85.4059
-85.3583
-85.3103
-85.2621
-85.2137
-85.1649
-85.1158
-85.0665
-85.0168
-84.9668
-84.9165
-84.8658
-84.8147
-84.7634
-84.7116
-84.6595
-84.6069
-84.554
-84.5006
-84.4468
-84.3925
-84.3378
-84.2826
-84.2269
-84.1707
-84.1139
-84.0566
-83.9987
-83.9402
-83.8811
-83.8213
-83.7608
-83.6997
-83.6377
-83.575
-83.5115
-83.4472
-83.3819
-83.3157
-83.2486
-83.1803
-83.111
-83.0406
-82.9689
-82.8959
-82.8215
-82.7458
-82.6684
-82.5894
-82.5087
-82.426
-82.3413
-82.2545
-82.1653
-82.0736
-81.9792
-81.8817
-81.781
-81.6767
-81.5685
-81.4559
-81.3386
-81.2159
-81.0872
-80.9517
-80.8086
-80.6568
-80.4949
-80.3212
-80.1338
-79.9301
-79.7068
-79.4595
-79.1825
-78.8678
-78.5037
-78.0738
-77.5519
-76.8952
-76.0272
-74.7954
-72.8404
-69.0591
-57.9316
14.113
49.9672
48.9034
42.4314
25.9308
5.25158
-7.82612
-18.4414
-29.4552
-41.075
-68.2053
-94.1156
-94.9748
-94.9814
-94.9583
-94.9011
-94.7735
-94.5238
-94.1146
-93.5632
-92.9397
-92.324
-91.7708
-91.3035
-90.9232
-90.6198
-90.3796
-90.1893
-90.0373
-89.9144
-89.8136
-89.7293
-89.6575
-89.5949
-89.5393
-89.489
-89.4426
-89.3991
-89.3578
-89.3182
-89.2798
-89.2423
-89.2055
-89.1692
-89.1332
-89.0974
-89.0619
-89.0264
-88.991
-88.9556
-88.9202
-88.8847
-88.8493
-88.8137
-88.7781
-88.7425
-88.7067
-88.6709
-88.635
-88.599
-88.5629
-88.5267
-88.4905
-88.4541
-88.4176
-88.3811
-88.3444
-88.3077
-88.2708
-88.2339
-88.1968
-88.1596
-88.1224
-88.085
-88.0475
-88.01
-87.9723
-87.9345
-87.8966
-87.8586
-87.8205
-87.7823
-87.7439
-87.7055
-87.6669
-87.6283
-87.5895
-87.5506
-87.5115
-87.4724
-87.4332
-87.3938
-87.3543
-87.3146
-87.2749
-87.235
-87.195
-87.1549
-87.1146
-87.0742
-87.0337
-86.993
-86.9522
-86.9113
-86.8702
-86.829
-86.7876
-86.7461
-86.7044
-86.6626
-86.6206
-86.5785
-86.5362
-86.4938
-86.4512
-86.4084
-86.3654
-86.3223
-86.279
-86.2356
-86.1919
-86.1481
-86.1041
-86.0599
-86.0155
-85.9709
-85.9261
-85.8811
-85.8359
-85.7905
-85.7448
-85.699
-85.6529
-85.6065
-85.56
-85.5132
-85.4661
-85.4188
-85.3712
-85.3233
-85.2752
-85.2268
-85.1781
-85.1291
-85.0798
-85.0302
-84.9803
-84.9301
-84.8794
-84.8285
-84.7772
-84.7255
-84.6734
-84.6209
-84.5681
-84.5148
-84.461
-84.4068
-84.3522
-84.297
-84.2414
-84.1853
-84.1285
-84.0713
-84.0135
-83.955
-83.8959
-83.8362
-83.7758
-83.7147
-83.6528
-83.5902
-83.5267
-83.4624
-83.3972
-83.331
-83.2639
-83.1957
-83.1264
-83.056
-82.9843
-82.9114
-82.837
-82.7613
-82.6839
-82.6049
-82.5241
-82.4414
-82.3567
-82.2698
-82.1805
-82.0887
-81.9942
-81.8965
-81.7956
-81.6911
-81.5827
-81.4699
-81.3521
-81.2291
-81.0999
-80.9638
-80.82
-80.6673
-80.5044
-80.3295
-80.1406
-79.9351
-79.7094
-79.4592
-79.1783
-78.8585
-78.4876
-78.0481
-77.5122
-76.8341
-75.9302
-74.6315
-72.5287
-68.303
-54.7053
31.0278
49.8083
47.3934
37.7615
18.7238
0.680037
-11.1087
-21.6543
-32.3999
-47.0666
-81.1036
-94.7581
-94.9848
-94.9778
-94.9481
-94.8772
-94.7241
-94.437
-93.9895
-93.4135
-92.7846
-92.1779
-91.6407
-91.1905
-90.8255
-90.5347
-90.3043
-90.1216
-89.9754
-89.857
-89.7595
-89.6778
-89.6079
-89.5469
-89.4925
-89.4431
-89.3974
-89.3545
-89.3137
-89.2744
-89.2363
-89.199
-89.1624
-89.1262
-89.0903
-89.0546
-89.0191
-88.9837
-88.9483
-88.913
-88.8776
-88.8422
-88.8067
-88.7712
-88.7356
-88.7
-88.6643
-88.6284
-88.5926
-88.5566
-88.5205
-88.4843
-88.4481
-88.4117
-88.3753
-88.3387
-88.3021
-88.2653
-88.2285
-88.1915
-88.1545
-88.1174
-88.0801
-88.0428
-88.0053
-87.9678
-87.9301
-87.8923
-87.8545
-87.8165
-87.7784
-87.7402
-87.7019
-87.6634
-87.6249
-87.5863
-87.5475
-87.5086
-87.4696
-87.4305
-87.3913
-87.3519
-87.3124
-87.2728
-87.2331
-87.1933
-87.1533
-87.1132
-87.0729
-87.0326
-86.9921
-86.9514
-86.9107
-86.8698
-86.8287
-86.7875
-86.7462
-86.7047
-86.6631
-86.6213
-86.5793
-86.5373
-86.495
-86.4526
-86.4101
-86.3673
-86.3244
-86.2813
-86.2381
-86.1947
-86.1511
-86.1073
-86.0633
-86.0192
-85.9748
-85.9303
-85.8855
-85.8406
-85.7954
-85.7501
-85.7045
-85.6587
-85.6126
-85.5663
-85.5198
-85.4731
-85.4261
-85.3788
-85.3313
-85.2835
-85.2355
-85.1871
-85.1385
-85.0896
-85.0403
-84.9908
-84.941
-84.8908
-84.8402
-84.7893
-84.7381
-84.6865
-84.6345
-84.5821
-84.5293
-84.4762
-84.4225
-84.3684
-84.3138
-84.2588
-84.2033
-84.1472
-84.0907
-84.0335
-83.9758
-83.9175
-83.8586
-83.799
-83.7387
-83.6778
-83.616
-83.5536
-83.4903
-83.4261
-83.3611
-83.2952
-83.2283
-83.1603
-83.0913
-83.0211
-82.9497
-82.877
-82.803
-82.7276
-82.6506
-82.5719
-82.4916
-82.4094
-82.3251
-82.2388
-82.1501
-82.0589
-81.9651
-81.8682
-81.7682
-81.6647
-81.5573
-81.4457
-81.3293
-81.2078
-81.0803
-80.9463
-80.8048
-80.6548
-80.4951
-80.324
-80.1395
-79.9395
-79.7205
-79.4787
-79.2084
-78.9024
-78.5501
-78.136
-77.6368
-77.0143
-76.2021
-75.0705
-73.3285
-70.1443
-61.8993
-15.1021
49.8926
49.5737
45.7478
33.1702
12.398
-3.23896
-14.3797
-25.2482
-35.1621
-53.4992
-89.2117
-94.9064
-94.985
-94.971
-94.9306
-94.8353
-94.635
-94.2783
-93.7592
-93.1364
-92.4963
-91.9075
-91.4038
-90.9919
-90.6631
-90.4033
-90.1981
-90.0351
-89.904
-89.797
-89.708
-89.6326
-89.5674
-89.5098
-89.4579
-89.4103
-89.3659
-89.3239
-89.2837
-89.2448
-89.207
-89.1699
-89.1334
-89.0972
-89.0613
-89.0256
-88.99
-88.9545
-88.919
-88.8836
-88.8481
-88.8125
-88.777
-88.7413
-88.7056
-88.6698
-88.634
-88.598
-88.562
-88.5259
-88.4897
-88.4534
-88.417
-88.3805
-88.3439
-88.3072
-88.2704
-88.2336
-88.1966
-88.1595
-88.1223
-88.085
-88.0477
-88.0102
-87.9726
-87.9349
-87.8971
-87.8592
-87.8211
-87.783
-87.7447
-87.7064
-87.6679
-87.6294
-87.5907
-87.5519
-87.5129
-87.4739
-87.4348
-87.3955
-87.3561
-87.3166
-87.2769
-87.2371
-87.1973
-87.1573
-87.1171
-87.0768
-87.0364
-86.9959
-86.9552
-86.9144
-86.8734
-86.8323
-86.7911
-86.7497
-86.7081
-86.6665
-86.6246
-86.5826
-86.5405
-86.4982
-86.4557
-86.4131
-86.3703
-86.3274
-86.2842
-86.2409
-86.1975
-86.1538
-86.1099
-86.0659
-86.0217
-85.9773
-85.9327
-85.8878
-85.8428
-85.7975
-85.7521
-85.7064
-85.6605
-85.6144
-85.568
-85.5214
-85.4746
-85.4275
-85.3801
-85.3325
-85.2846
-85.2364
-85.188
-85.1392
-85.0901
-85.0408
-84.9911
-84.9411
-84.8908
-84.8401
-84.7891
-84.7377
-84.6859
-84.6337
-84.5812
-84.5282
-84.4748
-84.4209
-84.3666
-84.3118
-84.2566
-84.2008
-84.1445
-84.0876
-84.0302
-83.9722
-83.9136
-83.8543
-83.7943
-83.7337
-83.6724
-83.6103
-83.5473
-83.4836
-83.419
-83.3535
-83.287
-83.2195
-83.151
-83.0813
-83.0104
-82.9383
-82.8648
-82.79
-82.7136
-82.6357
-82.556
-82.4746
-82.3911
-82.3056
-82.2178
-82.1276
-82.0347
-81.939
-81.8401
-81.7379
-81.6318
-81.5217
-81.407
-81.2872
-81.1617
-81.0299
-80.8909
-80.7437
-80.587
-80.4194
-80.2392
-80.0439
-79.8306
-79.5955
-79.3337
-79.0382
-78.6993
-78.3034
-77.8291
-77.2428
-76.4871
-75.4531
-73.9059
-71.2203
-65.0075
-37.0218
48.8906
49.5028
45.714
33.5845
13.4528
-2.34839
-13.5395
-24.2983
-34.4746
-51.8222
-87.6909
-94.8859
-94.9859
-94.9741
-94.9381
-94.8519
-94.6671
-94.3291
-93.8226
-93.1987
-92.5442
-91.9329
-91.4046
-90.9693
-90.6203
-90.3438
-90.1252
-89.9515
-89.812
-89.6983
-89.6042
-89.5246
-89.4561
-89.3958
-89.3418
-89.2924
-89.2465
-89.2033
-89.1621
-89.1224
-89.0838
-89.046
-89.0088
-88.9721
-88.9357
-88.8995
-88.8635
-88.8276
-88.7917
-88.7558
-88.7199
-88.684
-88.6481
-88.6121
-88.576
-88.5399
-88.5037
-88.4674
-88.431
-88.3946
-88.358
-88.3214
-88.2846
-88.2478
-88.2109
-88.1739
-88.1367
-88.0995
-88.0622
-88.0248
-87.9873
-87.9496
-87.9119
-87.8741
-87.8362
-87.7981
-87.76
-87.7217
-87.6834
-87.6449
-87.6063
-87.5676
-87.5288
-87.4899
-87.4508
-87.4117
-87.3724
-87.333
-87.2935
-87.2538
-87.2141
-87.1742
-87.1342
-87.0941
-87.0538
-87.0134
-86.9729
-86.9322
-86.8914
-86.8505
-86.8094
-86.7682
-86.7268
-86.6853
-86.6437
-86.6019
-86.5599
-86.5178
-86.4755
-86.4331
-86.3905
-86.3478
-86.3048
-86.2617
-86.2185
-86.1751
-86.1314
-86.0876
-86.0436
-85.9995
-85.9551
-85.9106
-85.8658
-85.8208
-85.7756
-85.7302
-85.6846
-85.6388
-85.5927
-85.5464
-85.4999
-85.4531
-85.4061
-85.3588
-85.3112
-85.2634
-85.2153
-85.167
-85.1183
-85.0693
-85.0201
-84.9705
-84.9206
-84.8703
-84.8198
-84.7688
-84.7176
-84.6659
-84.6138
-84.5614
-84.5085
-84.4552
-84.4015
-84.3473
-84.2927
-84.2376
-84.1819
-84.1258
-84.0691
-84.0118
-83.954
-83.8955
-83.8364
-83.7767
-83.7163
-83.6551
-83.5932
-83.5306
-83.4671
-83.4027
-83.3374
-83.2713
-83.2041
-83.1358
-83.0664
-82.9959
-82.9242
-82.8511
-82.7767
-82.7007
-82.6232
-82.5441
-82.4632
-82.3803
-82.2954
-82.2083
-82.1187
-82.0267
-81.9318
-81.8339
-81.7327
-81.6278
-81.5189
-81.4056
-81.2874
-81.1637
-81.0339
-80.8971
-80.7526
-80.5989
-80.4349
-80.2588
-80.0685
-79.8612
-79.6336
-79.381
-79.0971
-78.7735
-78.3979
-77.9521
-77.4074
-76.716
-75.7911
-74.4545
-72.2673
-67.7815
-52.611
37.5772
49.7166
46.8417
36.3376
16.8536
-0.373397
-11.9267
-22.5447
-33.1413
-48.7193
-83.7844
-94.8168
-94.9855
-94.9767
-94.9452
-94.8704
-94.71
-94.4129
-93.9558
-93.3742
-92.744
-92.1384
-91.6024
-91.1527
-90.7873
-90.4953
-90.2634
-90.0789
-89.931
-89.8111
-89.7122
-89.6294
-89.5585
-89.4966
-89.4415
-89.3915
-89.3453
-89.302
-89.2608
-89.2212
-89.1828
-89.1454
-89.1085
-89.0722
-89.0362
-89.0004
-88.9648
-88.9292
-88.8938
-88.8583
-88.8229
-88.7874
-88.7519
-88.7163
-88.6807
-88.645
-88.6092
-88.5733
-88.5374
-88.5013
-88.4652
-88.429
-88.3927
-88.3563
-88.3198
-88.2832
-88.2465
-88.2097
-88.1728
-88.1359
-88.0988
-88.0616
-88.0243
-87.9869
-87.9494
-87.9118
-87.8741
-87.8363
-87.7984
-87.7603
-87.7222
-87.684
-87.6456
-87.6072
-87.5686
-87.5299
-87.4911
-87.4522
-87.4132
-87.374
-87.3347
-87.2953
-87.2558
-87.2162
-87.1764
-87.1365
-87.0965
-87.0564
-87.0161
-86.9757
-86.9351
-86.8945
-86.8537
-86.8127
-86.7716
-86.7304
-86.689
-86.6475
-86.6058
-86.564
-86.522
-86.4798
-86.4376
-86.3951
-86.3525
-86.3097
-86.2667
-86.2236
-86.1803
-86.1368
-86.0932
-86.0493
-86.0053
-85.9611
-85.9167
-85.872
-85.8272
-85.7822
-85.7369
-85.6915
-85.6458
-85.5999
-85.5538
-85.5074
-85.4608
-85.4139
-85.3668
-85.3194
-85.2718
-85.2239
-85.1757
-85.1272
-85.0785
-85.0294
-84.98
-84.9303
-84.8803
-84.8299
-84.7792
-84.7282
-84.6768
-84.6249
-84.5727
-84.5201
-84.4671
-84.4137
-84.3597
-84.3054
-84.2506
-84.1952
-84.1394
-84.083
-84.0261
-83.9686
-83.9105
-83.8518
-83.7924
-83.7324
-83.6717
-83.6102
-83.548
-83.4849
-83.4211
-83.3563
-83.2906
-83.224
-83.1563
-83.0876
-83.0177
-82.9467
-82.8743
-82.8007
-82.7256
-82.6489
-82.5707
-82.4907
-82.4089
-82.3251
-82.2392
-82.151
-82.0604
-81.967
-81.8707
-81.7713
-81.6684
-81.5617
-81.4509
-81.3353
-81.2146
-81.0881
-80.9552
-80.8149
-80.6662
-80.5079
-80.3384
-80.1559
-79.9581
-79.7418
-79.5031
-79.2368
-78.9356
-78.5897
-78.184
-77.6965
-77.0911
-76.3054
-75.2203
-73.5719
-70.6317
-63.4172
-26.4129
48.7067
49.4924
45.6109
33.1909
12.7972
-2.83248
-13.9787
-24.7884
-34.83
-52.6828
-88.5211
-94.8977
-94.9856
-94.9728
-94.9347
-94.8443
-94.6519
-94.3038
-93.7886
-93.161
-92.5083
-91.9024
-91.3809
-90.9524
-90.6092
-90.3376
-90.123
-89.9524
-89.8153
-89.7035
-89.6109
-89.5325
-89.4649
-89.4054
-89.352
-89.3032
-89.2577
-89.2149
-89.174
-89.1346
-89.0962
-89.0587
-89.0217
-88.9852
-88.9489
-88.9129
-88.8771
-88.8413
-88.8056
-88.7699
-88.7341
-88.6984
-88.6626
-88.6267
-88.5908
-88.5548
-88.5187
-88.4826
-88.4464
-88.41
-88.3736
-88.3371
-88.3005
-88.2639
-88.2271
-88.1902
-88.1532
-88.1162
-88.079
-88.0417
-88.0043
-87.9669
-87.9293
-87.8916
-87.8538
-87.8159
-87.7779
-87.7398
-87.7016
-87.6633
-87.6249
-87.5863
-87.5477
-87.5089
-87.47
-87.4311
-87.3919
-87.3527
-87.3134
-87.2739
-87.2343
-87.1946
-87.1548
-87.1148
-87.0747
-87.0345
-86.9941
-86.9536
-86.913
-86.8723
-86.8314
-86.7904
-86.7492
-86.7079
-86.6664
-86.6248
-86.5831
-86.5411
-86.4991
-86.4569
-86.4145
-86.372
-86.3292
-86.2864
-86.2433
-86.2001
-86.1567
-86.1132
-86.0694
-86.0255
-85.9813
-85.937
-85.8925
-85.8478
-85.8029
-85.7577
-85.7124
-85.6668
-85.621
-85.575
-85.5288
-85.4823
-85.4356
-85.3886
-85.3413
-85.2938
-85.246
-85.198
-85.1497
-85.1011
-85.0521
-85.0029
-84.9534
-84.9035
-84.8533
-84.8028
-84.7519
-84.7007
-84.649
-84.597
-84.5446
-84.4918
-84.4386
-84.3849
-84.3307
-84.2761
-84.221
-84.1654
-84.1093
-84.0526
-83.9954
-83.9376
-83.8792
-83.8201
-83.7604
-83.7
-83.6389
-83.577
-83.5143
-83.4509
-83.3865
-83.3212
-83.2551
-83.1878
-83.1196
-83.0502
-82.9797
-82.9079
-82.8348
-82.7603
-82.6844
-82.6068
-82.5276
-82.4466
-82.3636
-82.2787
-82.1914
-82.1018
-82.0096
-81.9146
-81.8165
-81.715
-81.6099
-81.5008
-81.3872
-81.2686
-81.1445
-81.0143
-80.8769
-80.7317
-80.5774
-80.4125
-80.2354
-80.0438
-79.835
-79.6055
-79.3506
-79.0638
-78.7364
-78.3558
-77.9028
-77.3479
-76.6408
-75.6896
-74.3032
-72.003
-67.15
-49.5829
43.4602
49.6385
46.4195
35.2992
15.5551
-1.10646
-12.511
-23.1797
-33.6428
-49.8674
-85.4019
-94.8478
-94.9859
-94.9759
-94.9428
-94.8642
-94.6963
-94.3875
-93.9179
-93.3273
-92.6937
-92.0893
-91.5573
-91.1125
-90.7519
-90.4642
-90.2358
-90.0541
-89.9085
-89.7903
-89.6929
-89.6111
-89.5411
-89.4799
-89.4254
-89.3758
-89.33
-89.287
-89.2461
-89.2067
-89.1685
-89.1312
-89.0945
-89.0582
-89.0223
-88.9866
-88.9511
-88.9157
-88.8803
-88.8449
-88.8095
-88.7741
-88.7387
-88.7032
-88.6676
-88.632
-88.5963
-88.5605
-88.5246
-88.4886
-88.4526
-88.4164
-88.3802
-88.3439
-88.3074
-88.2709
-88.2343
-88.1976
-88.1608
-88.1239
-88.0869
-88.0498
-88.0125
-87.9752
-87.9378
-87.9003
-87.8627
-87.825
-87.7871
-87.7492
-87.7111
-87.673
-87.6347
-87.5963
-87.5578
-87.5192
-87.4805
-87.4417
-87.4028
-87.3637
-87.3245
-87.2852
-87.2458
-87.2062
-87.1666
-87.1268
-87.0869
-87.0468
-87.0066
-86.9663
-86.9259
-86.8853
-86.8446
-86.8038
-86.7628
-86.7216
-86.6804
-86.639
-86.5974
-86.5557
-86.5138
-86.4718
-86.4296
-86.3873
-86.3448
-86.3021
-86.2593
-86.2163
-86.1731
-86.1298
-86.0862
-86.0425
-85.9986
-85.9545
-85.9103
-85.8658
-85.8211
-85.7762
-85.7311
-85.6858
-85.6403
-85.5945
-85.5485
-85.5023
-85.4559
-85.4092
-85.3623
-85.315
-85.2676
-85.2199
-85.1719
-85.1236
-85.075
-85.0261
-84.9769
-84.9274
-84.8776
-84.8274
-84.777
-84.7261
-84.6749
-84.6233
-84.5713
-84.519
-84.4662
-84.413
-84.3594
-84.3053
-84.2507
-84.1957
-84.1401
-84.084
-84.0274
-83.9702
-83.9125
-83.8541
-83.7951
-83.7354
-83.6751
-83.614
-83.5522
-83.4896
-83.4262
-83.3618
-83.2967
-83.2305
-83.1634
-83.0952
-83.0259
-82.9555
-82.8838
-82.8108
-82.7364
-82.6605
-82.5831
-82.504
-82.4231
-82.3403
-82.2554
-82.1683
-82.0789
-81.9869
-81.892
-81.7941
-81.6929
-81.5881
-81.4792
-81.366
-81.2478
-81.1241
-80.9944
-80.8576
-80.713
-80.5594
-80.3954
-80.2195
-80.0292
-79.822
-79.5944
-79.3419
-79.0583
-78.735
-78.36
-77.9148
-77.3712
-76.6816
-75.7599
-74.4294
-72.2564
-67.8136
-52.8899
36.6469
49.7287
46.9081
36.5007
17.0568
-0.26279
-11.8409
-22.4519
-33.0664
-48.5501
-83.5257
-94.8111
-94.9854
-94.9769
-94.9456
-94.8716
-94.7129
-94.4186
-93.9649
-93.3856
-92.7558
-92.1486
-91.6097
-91.1565
-90.7875
-90.4921
-90.2573
-90.0703
-89.9204
-89.7987
-89.6985
-89.6146
-89.5428
-89.4802
-89.4246
-89.3741
-89.3276
-89.284
-89.2426
-89.2029
-89.1644
-89.1268
-89.0899
-89.0535
-89.0175
-88.9817
-88.946
-88.9105
-88.8751
-88.8396
-88.8042
-88.7687
-88.7332
-88.6976
-88.662
-88.6264
-88.5906
-88.5548
-88.5188
-88.4828
-88.4467
-88.4105
-88.3743
-88.3379
-88.3014
-88.2649
-88.2282
-88.1915
-88.1546
-88.1177
-88.0806
-88.0435
-88.0062
-87.9689
-87.9314
-87.8939
-87.8562
-87.8184
-87.7806
-87.7426
-87.7045
-87.6663
-87.628
-87.5896
-87.551
-87.5124
-87.4736
-87.4348
-87.3958
-87.3567
-87.3175
-87.2781
-87.2387
-87.1991
-87.1594
-87.1195
-87.0796
-87.0395
-86.9992
-86.9589
-86.9184
-86.8778
-86.837
-86.7961
-86.7551
-86.7139
-86.6726
-86.6312
-86.5895
-86.5478
-86.5058
-86.4638
-86.4215
-86.3791
-86.3366
-86.2939
-86.251
-86.2079
-86.1647
-86.1213
-86.0777
-86.0339
-85.9899
-85.9458
-85.9014
-85.8568
-85.8121
-85.7671
-85.722
-85.6766
-85.631
-85.5851
-85.539
-85.4928
-85.4462
-85.3994
-85.3524
-85.3051
-85.2575
-85.2097
-85.1616
-85.1132
-85.0644
-85.0155
-84.9662
-84.9165
-84.8666
-84.8163
-84.7656
-84.7147
-84.6633
-84.6115
-84.5594
-84.5069
-84.4539
-84.4005
-84.3467
-84.2924
-84.2376
-84.1823
-84.1265
-84.0702
-84.0134
-83.9559
-83.8979
-83.8392
-83.7799
-83.7199
-83.6592
-83.5978
-83.5356
-83.4726
-83.4088
-83.3441
-83.2784
-83.2118
-83.1442
-83.0754
-83.0056
-82.9345
-82.8621
-82.7885
-82.7133
-82.6366
-82.5584
-82.4783
-82.3964
-82.3126
-82.2265
-82.1382
-82.0474
-81.9539
-81.8574
-81.7578
-81.6546
-81.5475
-81.4363
-81.3203
-81.1991
-81.072
-80.9383
-80.7972
-80.6475
-80.4881
-80.3173
-80.1331
-79.9333
-79.7145
-79.4727
-79.2025
-78.8962
-78.5434
-78.1284
-77.6276
-77.0023
-76.185
-75.0434
-73.2791
-70.0311
-61.4905
-11.7955
49.9356
49.5944
45.7774
33.1287
12.2265
-3.39436
-14.5297
-25.4184
-35.2796
-53.7884
-89.4379
-94.9092
-94.9847
-94.9703
-94.9289
-94.8318
-94.6282
-94.2679
-93.7466
-93.1246
-92.488
-91.9043
-91.4064
-90.9998
-90.6758
-90.4202
-90.2185
-90.0583
-89.9296
-89.8245
-89.7372
-89.6632
-89.5991
-89.5424
-89.4913
-89.4444
-89.4007
-89.3593
-89.3196
-89.2812
-89.2439
-89.2072
-89.171
-89.1353
-89.0998
-89.0644
-89.0292
-88.9941
-88.959
-88.9238
-88.8887
-88.8535
-88.8183
-88.783
-88.7477
-88.7122
-88.6767
-88.6412
-88.6055
-88.5697
-88.5339
-88.4979
-88.4619
-88.4257
-88.3895
-88.3532
-88.3168
-88.2803
-88.2436
-88.2069
-88.1701
-88.1332
-88.0962
-88.0591
-88.0218
-87.9845
-87.9471
-87.9096
-87.8719
-87.8342
-87.7963
-87.7584
-87.7203
-87.6821
-87.6438
-87.6054
-87.5669
-87.5283
-87.4895
-87.4507
-87.4117
-87.3726
-87.3334
-87.294
-87.2546
-87.215
-87.1753
-87.1355
-87.0955
-87.0554
-87.0152
-86.9748
-86.9343
-86.8937
-86.8529
-86.812
-86.771
-86.7298
-86.6884
-86.647
-86.6053
-86.5635
-86.5216
-86.4795
-86.4373
-86.3948
-86.3522
-86.3095
-86.2666
-86.2235
-86.1802
-86.1368
-86.0931
-86.0493
-86.0053
-85.9611
-85.9167
-85.8721
-85.8273
-85.7823
-85.7371
-85.6916
-85.646
-85.6001
-85.5539
-85.5076
-85.461
-85.4141
-85.367
-85.3196
-85.2719
-85.224
-85.1758
-85.1273
-85.0785
-85.0294
-84.98
-84.9303
-84.8802
-84.8298
-84.779
-84.7279
-84.6764
-84.6245
-84.5722
-84.5196
-84.4665
-84.4129
-84.3589
-84.3044
-84.2494
-84.194
-84.1379
-84.0814
-84.0243
-83.9666
-83.9083
-83.8494
-83.7898
-83.7295
-83.6685
-83.6067
-83.5442
-83.4808
-83.4166
-83.3514
-83.2853
-83.2182
-83.15
-83.0808
-83.0103
-82.9386
-82.8656
-82.7912
-82.7153
-82.6378
-82.5586
-82.4776
-82.3946
-82.3096
-82.2224
-82.1327
-82.0404
-81.9452
-81.847
-81.7453
-81.64
-81.5305
-81.4165
-81.2975
-81.1728
-81.0418
-80.9037
-80.7574
-80.6018
-80.4354
-80.2564
-80.0624
-79.8507
-79.6174
-79.3576
-79.0645
-78.7285
-78.3362
-77.8665
-77.2866
-76.5402
-75.5212
-74.002
-71.3814
-65.4021
-39.3278
48.6965
49.5191
45.7998
33.8004
13.7249
-2.17848
-13.3945
-24.14
-34.3599
-51.5481
-87.404
-94.8815
-94.986
-94.9744
-94.9387
-94.8535
-94.6705
-94.3353
-93.8317
-93.2099
-92.5563
-91.9448
-91.4158
-90.9796
-90.6298
-90.3527
-90.1337
-89.9598
-89.8202
-89.7066
-89.6126
-89.5332
-89.4648
-89.4048
-89.351
-89.3018
-89.2562
-89.2133
-89.1723
-89.1328
-89.0945
-89.0569
-89.02
-88.9835
-88.9473
-88.9114
-88.8756
-88.8399
-88.8043
-88.7687
-88.733
-88.6974
-88.6617
-88.6259
-88.5901
-88.5542
-88.5183
-88.4822
-88.4461
-88.4099
-88.3736
-88.3372
-88.3007
-88.2642
-88.2275
-88.1907
-88.1539
-88.1169
-88.0799
-88.0427
-88.0055
-87.9681
-87.9307
-87.8931
-87.8555
-87.8177
-87.7798
-87.7419
-87.7038
-87.6656
-87.6273
-87.5889
-87.5504
-87.5117
-87.473
-87.4341
-87.3952
-87.3561
-87.3169
-87.2775
-87.2381
-87.1985
-87.1588
-87.119
-87.0791
-87.039
-86.9988
-86.9585
-86.918
-86.8774
-86.8367
-86.7958
-86.7548
-86.7137
-86.6724
-86.6309
-86.5894
-86.5476
-86.5057
-86.4637
-86.4215
-86.3791
-86.3366
-86.2939
-86.251
-86.208
-86.1648
-86.1214
-86.0779
-86.0341
-85.9902
-85.9461
-85.9018
-85.8573
-85.8125
-85.7676
-85.7225
-85.6771
-85.6316
-85.5858
-85.5397
-85.4935
-85.447
-85.4002
-85.3532
-85.306
-85.2584
-85.2107
-85.1626
-85.1142
-85.0656
-85.0166
-84.9674
-84.9178
-84.8679
-84.8176
-84.767
-84.7161
-84.6648
-84.613
-84.5609
-84.5085
-84.4556
-84.4022
-84.3484
-84.2941
-84.2394
-84.1842
-84.1285
-84.0722
-84.0154
-83.958
-83.8999
-83.8413
-83.7821
-83.7221
-83.6615
-83.6001
-83.5379
-83.475
-83.4111
-83.3464
-83.2808
-83.2142
-83.1466
-83.0779
-83.0081
-82.937
-82.8646
-82.7909
-82.7158
-82.6391
-82.5608
-82.4808
-82.3988
-82.3149
-82.2288
-82.1404
-82.0495
-81.9559
-81.8593
-81.7595
-81.6561
-81.5489
-81.4374
-81.3211
-81.1996
-81.0721
-80.938
-80.7963
-80.646
-80.4858
-80.314
-80.1287
-79.9274
-79.7069
-79.4629
-79.1898
-78.8799
-78.522
-78.1002
-77.5894
-76.949
-76.1068
-74.9207
-73.0618
-69.5523
-59.7833
1.31474
49.9778
49.451
44.8297
30.7151
9.40807
-5.16413
-16.0789
-27.0718
-36.868
-57.6839
-91.7583
-94.9414
-94.9836
-94.9661
-94.919
-94.8105
-94.589
-94.209
-93.6753
-93.0534
-92.4272
-91.8587
-91.3765
-90.9839
-90.6712
-90.4245
-90.2296
-90.0746
-89.9499
-89.8478
-89.7629
-89.6906
-89.628
-89.5725
-89.5223
-89.4761
-89.433
-89.3921
-89.3529
-89.3149
-89.2778
-89.2415
-89.2056
-89.1701
-89.1348
-89.0997
-89.0647
-89.0297
-88.9948
-88.9599
-88.9249
-88.89
-88.8549
-88.8198
-88.7846
-88.7494
-88.714
-88.6786
-88.6431
-88.6075
-88.5719
-88.5361
-88.5002
-88.4643
-88.4282
-88.3921
-88.3558
-88.3195
-88.2831
-88.2465
-88.2099
-88.1731
-88.1363
-88.0994
-88.0623
-88.0252
-87.9879
-87.9506
-87.9131
-87.8756
-87.8379
-87.8001
-87.7622
-87.7242
-87.6861
-87.6479
-87.6096
-87.5712
-87.5326
-87.4939
-87.4552
-87.4163
-87.3773
-87.3381
-87.2989
-87.2595
-87.22
-87.1803
-87.1406
-87.1007
-87.0607
-87.0205
-86.9803
-86.9399
-86.8993
-86.8586
-86.8178
-86.7768
-86.7357
-86.6945
-86.6531
-86.6116
-86.5698
-86.528
-86.486
-86.4438
-86.4015
-86.359
-86.3163
-86.2735
-86.2305
-86.1873
-86.144
-86.1004
-86.0567
-86.0128
-85.9687
-85.9244
-85.8799
-85.8352
-85.7903
-85.7452
-85.6999
-85.6543
-85.6085
-85.5625
-85.5162
-85.4697
-85.423
-85.376
-85.3287
-85.2812
-85.2334
-85.1853
-85.1369
-85.0882
-85.0393
-84.99
-84.9404
-84.8905
-84.8402
-84.7896
-84.7386
-84.6872
-84.6355
-84.5833
-84.5308
-84.4779
-84.4245
-84.3706
-84.3163
-84.2615
-84.2062
-84.1504
-84.094
-84.0371
-83.9796
-83.9215
-83.8628
-83.8034
-83.7433
-83.6825
-83.621
-83.5587
-83.4956
-83.4316
-83.3667
-83.3008
-83.234
-83.1662
-83.0972
-83.0271
-82.9557
-82.883
-82.809
-82.7334
-82.6563
-82.5776
-82.497
-82.4145
-82.33
-82.2433
-82.1542
-82.0625
-81.968
-81.8704
-81.7696
-81.665
-81.5564
-81.4434
-81.3254
-81.2019
-81.0723
-80.9356
-80.791
-80.6372
-80.473
-80.2964
-80.1054
-79.8972
-79.6682
-79.4136
-79.1269
-78.7993
-78.4178
-77.9633
-77.4053
-76.6924
-75.7298
-74.3192
-71.9578
-66.89
-47.8022
45.5572
49.6091
46.2679
34.9372
15.1171
-1.35347
-12.7099
-23.3953
-33.8075
-50.2498
-85.8981
-94.8568
-94.9859
-94.9755
-94.9417
-94.8609
-94.6871
-94.3667
-93.8803
-93.2728
-92.6271
-92.0175
-91.4863
-91.0463
-90.6922
-90.4112
-90.1891
-90.0128
-89.8716
-89.7569
-89.6622
-89.5824
-89.5139
-89.4539
-89.4002
-89.3512
-89.3059
-89.2631
-89.2224
-89.1832
-89.1452
-89.1079
-89.0712
-89.035
-88.9991
-88.9635
-88.9279
-88.8925
-88.8571
-88.8218
-88.7864
-88.751
-88.7155
-88.68
-88.6445
-88.6088
-88.5731
-88.5373
-88.5014
-88.4655
-88.4294
-88.3933
-88.3571
-88.3208
-88.2843
-88.2478
-88.2112
-88.1745
-88.1377
-88.1008
-88.0638
-88.0267
-87.9895
-87.9522
-87.9148
-87.8773
-87.8397
-87.802
-87.7642
-87.7263
-87.6882
-87.6501
-87.6119
-87.5735
-87.535
-87.4964
-87.4577
-87.4189
-87.38
-87.341
-87.3018
-87.2625
-87.2231
-87.1836
-87.144
-87.1042
-87.0643
-87.0243
-86.9841
-86.9438
-86.9034
-86.8629
-86.8222
-86.7813
-86.7404
-86.6993
-86.658
-86.6166
-86.5751
-86.5334
-86.4915
-86.4495
-86.4074
-86.3651
-86.3226
-86.2799
-86.2371
-86.1941
-86.151
-86.1076
-86.0641
-86.0204
-85.9765
-85.9325
-85.8882
-85.8437
-85.799
-85.7541
-85.7091
-85.6637
-85.6182
-85.5724
-85.5265
-85.4803
-85.4338
-85.3871
-85.3401
-85.2929
-85.2454
-85.1977
-85.1496
-85.1013
-85.0527
-85.0038
-84.9546
-84.905
-84.8551
-84.8049
-84.7544
-84.7034
-84.6522
-84.6005
-84.5484
-84.496
-84.4431
-84.3898
-84.336
-84.2818
-84.2271
-84.1719
-84.1162
-84.0599
-84.0031
-83.9458
-83.8878
-83.8292
-83.7699
-83.71
-83.6494
-83.588
-83.5259
-83.4629
-83.3991
-83.3344
-83.2688
-83.2022
-83.1346
-83.0659
-82.9961
-82.925
-82.8526
-82.7789
-82.7037
-82.627
-82.5487
-82.4686
-82.3866
-82.3027
-82.2165
-82.128
-82.0371
-81.9433
-81.8466
-81.7467
-81.6432
-81.5358
-81.4241
-81.3076
-81.1858
-81.0581
-80.9236
-80.7815
-80.6307
-80.47
-80.2975
-80.1114
-79.9092
-79.6875
-79.442
-79.1671
-78.8547
-78.4935
-78.0672
-77.5501
-76.9
-76.042
-74.8273
-72.9074
-69.2231
-58.5798
9.83521
49.9766
49.1526
43.4241
27.7765
6.70055
-6.87042
-17.5831
-28.6093
-39.5194
-64.3323
-93.6186
-94.9674
-94.9822
-94.9609
-94.9071
-94.7856
-94.5447
-94.1442
-93.5976
-92.9739
-92.3545
-91.7963
-91.3244
-90.9404
-90.6344
-90.3925
-90.2011
-90.0486
-89.9256
-89.8249
-89.7408
-89.6693
-89.6071
-89.5519
-89.502
-89.4561
-89.4131
-89.3723
-89.3332
-89.2953
-89.2583
-89.2219
-89.1861
-89.1506
-89.1154
-89.0803
-89.0453
-89.0103
-88.9754
-88.9405
-88.9056
-88.8706
-88.8355
-88.8004
-88.7653
-88.73
-88.6947
-88.6593
-88.6238
-88.5882
-88.5525
-88.5168
-88.4809
-88.445
-88.4089
-88.3728
-88.3366
-88.3002
-88.2638
-88.2273
-88.1906
-88.1539
-88.1171
-88.0802
-88.0431
-88.006
-87.9688
-87.9314
-87.894
-87.8565
-87.8188
-87.781
-87.7432
-87.7052
-87.6671
-87.6289
-87.5906
-87.5522
-87.5137
-87.475
-87.4363
-87.3974
-87.3584
-87.3193
-87.28
-87.2407
-87.2012
-87.1616
-87.1218
-87.082
-87.042
-87.0019
-86.9616
-86.9212
-86.8807
-86.8401
-86.7993
-86.7583
-86.7172
-86.676
-86.6347
-86.5931
-86.5514
-86.5096
-86.4676
-86.4255
-86.3832
-86.3407
-86.2981
-86.2553
-86.2124
-86.1692
-86.1259
-86.0824
-86.0387
-85.9948
-85.9508
-85.9065
-85.862
-85.8173
-85.7725
-85.7274
-85.6821
-85.6366
-85.5908
-85.5448
-85.4986
-85.4521
-85.4054
-85.3585
-85.3112
-85.2637
-85.216
-85.1679
-85.1196
-85.071
-85.022
-84.9728
-84.9232
-84.8733
-84.8231
-84.7725
-84.7216
-84.6703
-84.6186
-84.5665
-84.514
-84.4611
-84.4077
-84.3539
-84.2996
-84.2449
-84.1897
-84.1339
-84.0776
-84.0207
-83.9633
-83.9052
-83.8465
-83.7872
-83.7272
-83.6664
-83.6049
-83.5427
-83.4796
-83.4157
-83.3509
-83.2851
-83.2184
-83.1505
-83.0816
-83.0116
-82.9403
-82.8677
-82.7937
-82.7183
-82.6412
-82.5626
-82.4821
-82.3997
-82.3153
-82.2287
-82.1397
-82.0481
-81.9537
-81.8563
-81.7556
-81.6512
-81.5429
-81.43
-81.3123
-81.1891
-81.0597
-80.9233
-80.7791
-80.6258
-80.4621
-80.2862
-80.0959
-79.8885
-79.6606
-79.4074
-79.1226
-78.7973
-78.419
-77.969
-77.4178
-76.7153
-75.7707
-74.3948
-72.115
-67.3236
-50.1592
42.7836
49.649
46.4766
35.4423
15.7374
-0.999133
-12.4234
-23.0841
-33.5684
-49.6962
-85.1768
-94.8439
-94.9858
-94.976
-94.943
-94.8643
-94.6953
-94.3831
-93.9071
-93.3088
-92.6689
-92.0614
-91.5294
-91.0871
-90.7302
-90.4466
-90.2222
-90.0442
-89.9016
-89.786
-89.6907
-89.6105
-89.5419
-89.4818
-89.4281
-89.3792
-89.334
-89.2914
-89.2509
-89.2119
-89.174
-89.1369
-89.1005
-89.0644
-89.0287
-88.9933
-88.9579
-88.9227
-88.8875
-88.8523
-88.8171
-88.7819
-88.7466
-88.7113
-88.6759
-88.6404
-88.6049
-88.5693
-88.5336
-88.4978
-88.4619
-88.426
-88.3899
-88.3538
-88.3176
-88.2812
-88.2448
-88.2083
-88.1717
-88.135
-88.0982
-88.0612
-88.0242
-87.9871
-87.9499
-87.9126
-87.8752
-87.8377
-87.8
-87.7623
-87.7245
-87.6865
-87.6485
-87.6103
-87.572
-87.5337
-87.4952
-87.4566
-87.4178
-87.379
-87.3401
-87.301
-87.2618
-87.2225
-87.1831
-87.1435
-87.1039
-87.064
-87.0241
-86.9841
-86.9439
-86.9036
-86.8631
-86.8225
-86.7818
-86.7409
-86.7
-86.6588
-86.6175
-86.5761
-86.5345
-86.4928
-86.4509
-86.4088
-86.3666
-86.3243
-86.2817
-86.239
-86.1962
-86.1532
-86.1099
-86.0665
-86.023
-85.9792
-85.9353
-85.8911
-85.8468
-85.8022
-85.7575
-85.7126
-85.6674
-85.622
-85.5764
-85.5306
-85.4845
-85.4382
-85.3917
-85.3449
-85.2978
-85.2505
-85.203
-85.1551
-85.107
-85.0585
-85.0098
-84.9608
-84.9115
-84.8618
-84.8118
-84.7615
-84.7108
-84.6597
-84.6083
-84.5565
-84.5043
-84.4516
-84.3986
-84.3451
-84.2912
-84.2368
-84.1819
-84.1265
-84.0705
-84.0141
-83.957
-83.8994
-83.8412
-83.7823
-83.7228
-83.6626
-83.6016
-83.54
-83.4775
-83.4142
-83.35
-83.285
-83.2189
-83.1519
-83.0838
-83.0147
-82.9443
-82.8727
-82.7997
-82.7254
-82.6496
-82.5722
-82.4931
-82.4122
-82.3294
-82.2445
-82.1574
-82.0678
-81.9757
-81.8807
-81.7827
-81.6812
-81.5761
-81.4669
-81.3532
-81.2345
-81.1103
-80.9798
-80.8422
-80.6965
-80.5417
-80.3762
-80.1983
-80.0058
-79.7958
-79.5647
-79.3077
-79.0183
-78.6874
-78.302
-77.8423
-77.2773
-76.5547
-75.5771
-74.1398
-71.7194
-66.4591
-46.0028
46.741
49.5849
46.1387
34.6179
14.7175
-1.59047
-12.9057
-23.6087
-33.9694
-50.6274
-86.3586
-94.8645
-94.9859
-94.9752
-94.941
-94.8596
-94.6857
-94.3674
-93.8869
-93.2878
-92.65
-92.0454
-91.5158
-91.0747
-90.7179
-90.4336
-90.2083
-90.0292
-89.8856
-89.7691
-89.6731
-89.5924
-89.5232
-89.4628
-89.4089
-89.3598
-89.3144
-89.2718
-89.2312
-89.1921
-89.1542
-89.1171
-89.0807
-89.0447
-89.009
-88.9735
-88.9382
-88.9029
-88.8678
-88.8326
-88.7974
-88.7622
-88.7269
-88.6916
-88.6562
-88.6208
-88.5853
-88.5497
-88.514
-88.4782
-88.4424
-88.4065
-88.3704
-88.3343
-88.2981
-88.2618
-88.2254
-88.1889
-88.1523
-88.1156
-88.0788
-88.0419
-88.0049
-87.9678
-87.9306
-87.8933
-87.8559
-87.8184
-87.7808
-87.7431
-87.7053
-87.6674
-87.6294
-87.5913
-87.553
-87.5147
-87.4762
-87.4376
-87.3989
-87.3601
-87.3212
-87.2822
-87.243
-87.2037
-87.1644
-87.1248
-87.0852
-87.0454
-87.0055
-86.9655
-86.9254
-86.8851
-86.8447
-86.8041
-86.7634
-86.7226
-86.6817
-86.6406
-86.5993
-86.5579
-86.5164
-86.4747
-86.4329
-86.3909
-86.3487
-86.3064
-86.2639
-86.2212
-86.1784
-86.1355
-86.0923
-86.0489
-86.0054
-85.9617
-85.9178
-85.8737
-85.8295
-85.785
-85.7403
-85.6954
-85.6503
-85.605
-85.5595
-85.5137
-85.4677
-85.4215
-85.375
-85.3283
-85.2813
-85.2341
-85.1866
-85.1388
-85.0907
-85.0424
-84.9937
-84.9448
-84.8955
-84.846
-84.7961
-84.7458
-84.6952
-84.6443
-84.5929
-84.5412
-84.4892
-84.4366
-84.3837
-84.3303
-84.2765
-84.2223
-84.1675
-84.1122
-84.0564
-84.0001
-83.9433
-83.8858
-83.8277
-83.7691
-83.7097
-83.6497
-83.589
-83.5275
-83.4652
-83.4022
-83.3382
-83.2734
-83.2077
-83.1409
-83.0732
-83.0043
-82.9343
-82.863
-82.7905
-82.7165
-82.6411
-82.5642
-82.4857
-82.4053
-82.3231
-82.2388
-82.1523
-82.0635
-81.9722
-81.8781
-81.781
-81.6806
-81.5767
-81.4688
-81.3565
-81.2395
-81.117
-80.9886
-80.8533
-80.7104
-80.5587
-80.3969
-80.2233
-80.0359
-79.8321
-79.6086
-79.361
-79.0836
-78.7681
-78.4033
-77.9721
-77.4486
-76.7892
-75.9169
-74.6768
-72.7034
-68.8657
-57.4115
16.8242
49.9557
48.7015
41.6921
24.6343
4.31118
-8.47092
-19.0298
-30.0216
-42.1568
-70.8177
-94.3269
-94.9779
-94.9807
-94.9563
-94.8963
-94.7637
-94.5064
-94.0894
-93.5329
-92.9077
-92.292
-91.7391
-91.2717
-90.8907
-90.5862
-90.3448
-90.1532
-90.0002
-89.8766
-89.7752
-89.6905
-89.6184
-89.5557
-89.5001
-89.4498
-89.4036
-89.3603
-89.3193
-89.2799
-89.2418
-89.2046
-89.1681
-89.1322
-89.0965
-89.0611
-89.0259
-88.9908
-88.9558
-88.9208
-88.8857
-88.8507
-88.8156
-88.7805
-88.7453
-88.71
-88.6747
-88.6393
-88.6038
-88.5682
-88.5325
-88.4967
-88.4609
-88.4249
-88.3889
-88.3528
-88.3166
-88.2802
-88.2438
-88.2073
-88.1707
-88.134
-88.0972
-88.0603
-88.0233
-87.9862
-87.949
-87.9117
-87.8742
-87.8367
-87.7991
-87.7614
-87.7235
-87.6856
-87.6475
-87.6094
-87.5711
-87.5327
-87.4942
-87.4556
-87.4169
-87.378
-87.3391
-87.3
-87.2608
-87.2215
-87.182
-87.1425
-87.1028
-87.063
-87.023
-86.983
-86.9428
-86.9024
-86.862
-86.8214
-86.7806
-86.7397
-86.6987
-86.6576
-86.6162
-86.5748
-86.5332
-86.4914
-86.4495
-86.4074
-86.3652
-86.3228
-86.2802
-86.2375
-86.1946
-86.1515
-86.1083
-86.0649
-86.0212
-85.9774
-85.9335
-85.8893
-85.8449
-85.8003
-85.7555
-85.7105
-85.6653
-85.6199
-85.5742
-85.5283
-85.4822
-85.4358
-85.3892
-85.3423
-85.2952
-85.2478
-85.2002
-85.1523
-85.104
-85.0555
-85.0067
-84.9576
-84.9081
-84.8584
-84.8083
-84.7578
-84.707
-84.6558
-84.6043
-84.5523
-84.5
-84.4472
-84.394
-84.3404
-84.2863
-84.2317
-84.1766
-84.121
-84.0649
-84.0082
-83.951
-83.8931
-83.8347
-83.7756
-83.7158
-83.6553
-83.594
-83.532
-83.4692
-83.4056
-83.341
-83.2756
-83.2092
-83.1417
-83.0731
-83.0034
-82.9325
-82.8603
-82.7868
-82.7118
-82.6353
-82.5571
-82.4773
-82.3955
-82.3117
-82.2258
-82.1375
-82.0468
-81.9533
-81.8568
-81.7572
-81.6539
-81.5469
-81.4355
-81.3193
-81.1979
-81.0705
-80.9364
-80.7948
-80.6445
-80.4843
-80.3124
-80.127
-79.9256
-79.7048
-79.4604
-79.1868
-78.8761
-78.5171
-78.0937
-77.5805
-76.9364
-76.0883
-74.8912
-73.0093
-69.4354
-59.3564
4.40869
49.9792
49.3683
44.405
29.7771
8.48133
-5.73934
-16.5827
-27.5941
-37.7442
-59.8677
-92.5791
-94.9527
-94.9831
-94.9643
-94.9149
-94.8018
-94.5735
-94.1862
-93.648
-93.0256
-92.4022
-91.838
-91.36
-90.971
-90.6611
-90.4164
-90.2231
-90.0692
-89.9452
-89.8437
-89.7592
-89.6873
-89.6249
-89.5696
-89.5196
-89.4736
-89.4306
-89.3898
-89.3507
-89.3129
-89.2759
-89.2397
-89.2039
-89.1685
-89.1333
-89.0983
-89.0634
-89.0286
-88.9937
-88.9589
-88.9241
-88.8892
-88.8543
-88.8193
-88.7842
-88.7491
-88.7138
-88.6785
-88.6432
-88.6077
-88.5721
-88.5365
-88.5007
-88.4649
-88.429
-88.3929
-88.3568
-88.3206
-88.2843
-88.2479
-88.2113
-88.1747
-88.138
-88.1012
-88.0643
-88.0273
-87.9902
-87.953
-87.9157
-87.8782
-87.8407
-87.8031
-87.7653
-87.7275
-87.6895
-87.6515
-87.6133
-87.575
-87.5366
-87.498
-87.4594
-87.4207
-87.3818
-87.3428
-87.3037
-87.2645
-87.2252
-87.1857
-87.1461
-87.1064
-87.0666
-87.0266
-86.9865
-86.9462
-86.9059
-86.8654
-86.8247
-86.7839
-86.743
-86.702
-86.6608
-86.6194
-86.5779
-86.5362
-86.4944
-86.4525
-86.4104
-86.3681
-86.3256
-86.283
-86.2402
-86.1973
-86.1541
-86.1108
-86.0673
-86.0236
-85.9798
-85.9357
-85.8915
-85.847
-85.8023
-85.7575
-85.7124
-85.6671
-85.6216
-85.5758
-85.5298
-85.4836
-85.4371
-85.3904
-85.3434
-85.2962
-85.2487
-85.201
-85.1529
-85.1045
-85.0559
-85.0069
-84.9577
-84.9081
-84.8582
-84.8079
-84.7573
-84.7063
-84.655
-84.6032
-84.5511
-84.4986
-84.4456
-84.3922
-84.3383
-84.284
-84.2292
-84.1739
-84.118
-84.0616
-84.0047
-83.9471
-83.8889
-83.8301
-83.7707
-83.7106
-83.6497
-83.588
-83.5256
-83.4624
-83.3982
-83.3332
-83.2672
-83.2002
-83.1322
-83.063
-82.9927
-82.921
-82.8481
-82.7738
-82.6979
-82.6204
-82.5413
-82.4603
-82.3774
-82.2924
-82.2051
-82.1153
-82.023
-81.9277
-81.8293
-81.7275
-81.6219
-81.5122
-81.3979
-81.2785
-81.1533
-81.0218
-80.8829
-80.7358
-80.5791
-80.4114
-80.2309
-80.0351
-79.821
-79.5848
-79.3212
-79.0231
-78.6807
-78.2794
-77.7972
-77.1985
-76.4223
-75.3512
-73.7283
-70.8473
-63.8616
-28.9528
48.8653
49.4865
45.6013
33.223
12.9044
-2.73568
-13.8858
-24.6827
-34.7523
-52.4934
-88.3487
-94.8954
-94.9857
-94.9731
-94.9355
-94.846
-94.6549
-94.3078
-93.7921
-93.1623
-92.5066
-91.898
-91.3746
-90.9449
-90.6013
-90.3296
-90.115
-89.9445
-89.8076
-89.6959
-89.6034
-89.5251
-89.4576
-89.3981
-89.3448
-89.296
-89.2507
-89.208
-89.1672
-89.1279
-89.0897
-89.0522
-89.0154
-88.9791
-88.943
-88.9072
-88.8715
-88.8359
-88.8004
-88.7649
-88.7294
-88.6938
-88.6582
-88.6226
-88.5869
-88.5511
-88.5153
-88.4793
-88.4433
-88.4073
-88.3711
-88.3348
-88.2985
-88.262
-88.2255
-88.1889
-88.1521
-88.1153
-88.0784
-88.0414
-88.0043
-87.967
-87.9297
-87.8923
-87.8548
-87.8172
-87.7794
-87.7416
-87.7037
-87.6656
-87.6275
-87.5892
-87.5509
-87.5124
-87.4738
-87.4351
-87.3963
-87.3574
-87.3183
-87.2791
-87.2399
-87.2005
-87.161
-87.1213
-87.0815
-87.0416
-87.0016
-86.9615
-86.9212
-86.8808
-86.8402
-86.7995
-86.7587
-86.7177
-86.6767
-86.6354
-86.594
-86.5525
-86.5108
-86.4689
-86.4269
-86.3848
-86.3425
-86.3
-86.2573
-86.2145
-86.1716
-86.1284
-86.0851
-86.0415
-85.9978
-85.954
-85.9099
-85.8656
-85.8211
-85.7764
-85.7316
-85.6865
-85.6411
-85.5956
-85.5498
-85.5038
-85.4576
-85.4112
-85.3644
-85.3174
-85.2702
-85.2227
-85.1749
-85.1269
-85.0785
-85.0299
-84.9809
-84.9317
-84.8821
-84.8322
-84.7819
-84.7313
-84.6803
-84.629
-84.5772
-84.5251
-84.4726
-84.4196
-84.3662
-84.3124
-84.2581
-84.2033
-84.148
-84.0921
-84.0358
-83.9788
-83.9213
-83.8632
-83.8044
-83.745
-83.6849
-83.624
-83.5624
-83.5001
-83.4369
-83.3728
-83.3078
-83.2419
-83.175
-83.107
-83.0379
-82.9676
-82.8961
-82.8233
-82.7491
-82.6733
-82.596
-82.517
-82.4362
-82.3534
-82.2687
-82.1816
-82.0921
-82
-81.905
-81.807
-81.7055
-81.6004
-81.4911
-81.3773
-81.2586
-81.1341
-81.0035
-80.8656
-80.7196
-80.5643
-80.3982
-80.2196
-80.0261
-79.8149
-79.5822
-79.3231
-79.0309
-78.6963
-78.3056
-77.8384
-77.2621
-76.5215
-75.5128
-74.0141
-71.445
-65.6569
-41.1478
48.4294
49.5338
45.8753
33.9826
13.9459
-2.04577
-13.2831
-24.0189
-34.2721
-51.3399
-87.1777
-94.8779
-94.986
-94.9746
-94.9392
-94.8549
-94.6739
-94.3426
-93.8446
-93.2285
-92.5789
-91.9693
-91.4402
-91.003
-90.6517
-90.3731
-90.1529
-89.978
-89.8378
-89.7238
-89.6296
-89.5502
-89.482
-89.4221
-89.3685
-89.3197
-89.2744
-89.2318
-89.1911
-89.152
-89.1139
-89.0767
-89.0401
-89.0039
-88.9681
-88.9325
-88.897
-88.8616
-88.8263
-88.7909
-88.7556
-88.7202
-88.6848
-88.6494
-88.6139
-88.5783
-88.5426
-88.5069
-88.4711
-88.4352
-88.3992
-88.3631
-88.3269
-88.2907
-88.2543
-88.2178
-88.1813
-88.1447
-88.1079
-88.0711
-88.0342
-87.9972
-87.96
-87.9228
-87.8855
-87.8481
-87.8105
-87.7729
-87.7351
-87.6973
-87.6594
-87.6213
-87.5831
-87.5449
-87.5065
-87.468
-87.4294
-87.3907
-87.3518
-87.3129
-87.2738
-87.2346
-87.1953
-87.1559
-87.1164
-87.0767
-87.0369
-86.997
-86.9569
-86.9168
-86.8765
-86.836
-86.7954
-86.7547
-86.7139
-86.6729
-86.6317
-86.5905
-86.549
-86.5075
-86.4657
-86.4239
-86.3818
-86.3396
-86.2973
-86.2548
-86.2121
-86.1692
-86.1262
-86.083
-86.0396
-85.9961
-85.9523
-85.9084
-85.8643
-85.8199
-85.7754
-85.7307
-85.6857
-85.6406
-85.5952
-85.5496
-85.5038
-85.4578
-85.4115
-85.3649
-85.3181
-85.2711
-85.2238
-85.1762
-85.1283
-85.0802
-85.0318
-84.983
-84.934
-84.8847
-84.835
-84.785
-84.7346
-84.6839
-84.6328
-84.5814
-84.5296
-84.4773
-84.4247
-84.3716
-84.3181
-84.2641
-84.2097
-84.1547
-84.0992
-84.0433
-83.9868
-83.9297
-83.8719
-83.8136
-83.7547
-83.6951
-83.6348
-83.5737
-83.5119
-83.4493
-83.3859
-83.3216
-83.2564
-83.1902
-83.123
-83.0547
-82.9853
-82.9147
-82.8428
-82.7697
-82.695
-82.6189
-82.5412
-82.4617
-82.3804
-82.2972
-82.2118
-82.1241
-82.034
-81.9412
-81.8456
-81.7467
-81.6444
-81.5384
-81.4281
-81.3132
-81.1932
-81.0674
-80.9352
-80.7956
-80.6477
-80.4903
-80.3217
-80.1402
-79.9434
-79.7282
-79.4908
-79.2258
-78.9263
-78.5822
-78.1789
-77.6943
-77.093
-76.3132
-75.2376
-73.6074
-70.7118
-63.6704
-28.2337
48.8254
49.4864
45.594
33.1869
12.8381
-2.78682
-13.9329
-24.7354
-34.7904
-52.5856
-88.4329
-94.8966
-94.9856
-94.973
-94.9352
-94.8453
-94.6539
-94.3075
-93.7942
-93.1679
-92.5156
-91.9091
-91.3863
-90.9563
-90.6117
-90.3389
-90.1233
-89.952
-89.8145
-89.7025
-89.6097
-89.5314
-89.464
-89.4047
-89.3515
-89.3029
-89.2578
-89.2152
-89.1747
-89.1356
-89.0975
-89.0603
-89.0237
-88.9875
-88.9516
-88.9159
-88.8804
-88.845
-88.8096
-88.7742
-88.7388
-88.7034
-88.668
-88.6325
-88.5969
-88.5613
-88.5256
-88.4898
-88.4539
-88.4179
-88.3819
-88.3458
-88.3096
-88.2732
-88.2368
-88.2003
-88.1638
-88.1271
-88.0903
-88.0534
-88.0164
-87.9794
-87.9422
-87.9049
-87.8675
-87.8301
-87.7925
-87.7548
-87.717
-87.6791
-87.6411
-87.603
-87.5648
-87.5265
-87.488
-87.4495
-87.4108
-87.3721
-87.3332
-87.2942
-87.2551
-87.2158
-87.1765
-87.137
-87.0974
-87.0577
-87.0178
-86.9778
-86.9377
-86.8975
-86.8571
-86.8166
-86.776
-86.7352
-86.6943
-86.6533
-86.6121
-86.5707
-86.5293
-86.4876
-86.4458
-86.4039
-86.3618
-86.3195
-86.2771
-86.2345
-86.1918
-86.1489
-86.1058
-86.0625
-86.019
-85.9754
-85.9316
-85.8875
-85.8433
-85.7989
-85.7543
-85.7095
-85.6645
-85.6192
-85.5738
-85.5281
-85.4822
-85.436
-85.3896
-85.343
-85.2961
-85.2489
-85.2015
-85.1538
-85.1058
-85.0576
-85.009
-84.9602
-84.911
-84.8615
-84.8117
-84.7615
-84.711
-84.6602
-84.6089
-84.5573
-84.5053
-84.4529
-84.4001
-84.3468
-84.2931
-84.2389
-84.1843
-84.1291
-84.0734
-84.0172
-83.9604
-83.9031
-83.8451
-83.7865
-83.7273
-83.6674
-83.6068
-83.5454
-83.4833
-83.4203
-83.3565
-83.2918
-83.2261
-83.1595
-83.0918
-83.0231
-82.9531
-82.882
-82.8095
-82.7357
-82.6605
-82.5836
-82.5052
-82.4249
-82.3427
-82.2586
-82.1722
-82.0835
-81.9922
-81.8981
-81.8011
-81.7007
-81.5968
-81.4889
-81.3766
-81.2596
-81.137
-81.0085
-80.873
-80.7299
-80.5779
-80.4156
-80.2415
-80.0534
-79.8488
-79.6241
-79.3751
-79.0956
-78.7775
-78.4089
-77.9725
-77.4412
-76.7699
-75.8776
-74.6002
-72.5451
-68.464
-55.6821
26.2883
49.8708
47.8359
38.9736
20.4013
1.63458
-10.3918
-20.874
-31.7169
-45.5927
-78.3502
-94.681
-94.9835
-94.9787
-94.9506
-94.8832
-94.737
-94.4604
-94.0242
-93.456
-92.829
-92.2186
-91.6741
-91.2151
-90.8413
-90.5423
-90.305
-90.1164
-89.9654
-89.8432
-89.7427
-89.6587
-89.587
-89.5246
-89.4692
-89.419
-89.3728
-89.3295
-89.2885
-89.2491
-89.211
-89.1738
-89.1373
-89.1013
-89.0656
-89.0301
-88.9949
-88.9597
-88.9247
-88.8896
-88.8545
-88.8195
-88.7843
-88.7492
-88.7139
-88.6786
-88.6433
-88.6078
-88.5723
-88.5367
-88.501
-88.4652
-88.4293
-88.3934
-88.3573
-88.3211
-88.2849
-88.2486
-88.2121
-88.1756
-88.139
-88.1022
-88.0654
-88.0285
-87.9914
-87.9543
-87.9171
-87.8798
-87.8423
-87.8048
-87.7672
-87.7294
-87.6916
-87.6536
-87.6155
-87.5774
-87.5391
-87.5007
-87.4622
-87.4235
-87.3848
-87.346
-87.307
-87.2679
-87.2287
-87.1894
-87.1499
-87.1103
-87.0706
-87.0308
-86.9909
-86.9508
-86.9106
-86.8702
-86.8297
-86.7891
-86.7484
-86.7075
-86.6665
-86.6253
-86.584
-86.5425
-86.5009
-86.4591
-86.4172
-86.3751
-86.3328
-86.2904
-86.2479
-86.2051
-86.1622
-86.1191
-86.0758
-86.0324
-85.9888
-85.945
-85.901
-85.8567
-85.8123
-85.7677
-85.7229
-85.6779
-85.6327
-85.5872
-85.5415
-85.4956
-85.4494
-85.403
-85.3564
-85.3095
-85.2623
-85.2149
-85.1672
-85.1192
-85.071
-85.0224
-84.9736
-84.9244
-84.8749
-84.825
-84.7749
-84.7244
-84.6735
-84.6222
-84.5706
-84.5186
-84.4661
-84.4133
-84.36
-84.3062
-84.252
-84.1973
-84.1421
-84.0864
-84.0302
-83.9734
-83.9159
-83.8579
-83.7993
-83.74
-83.68
-83.6193
-83.5579
-83.4957
-83.4326
-83.3687
-83.3039
-83.2382
-83.1714
-83.1036
-83.0347
-82.9647
-82.8934
-82.8207
-82.7468
-82.6713
-82.5942
-82.5155
-82.435
-82.3526
-82.2681
-82.1814
-82.0923
-82.0006
-81.9061
-81.8085
-81.7076
-81.6031
-81.4945
-81.3814
-81.2634
-81.1399
-81.0102
-80.8734
-80.7287
-80.5748
-80.4104
-80.2338
-80.0427
-79.8343
-79.6051
-79.3503
-79.0636
-78.736
-78.3547
-77.9006
-77.3435
-76.6325
-75.6739
-74.2721
-71.9342
-66.9526
-48.4921
44.7962
49.6196
46.3203
35.059
15.26
-1.27502
-12.6474
-23.3278
-33.7568
-50.1322
-85.7461
-94.854
-94.9859
-94.9756
-94.9421
-94.8623
-94.6916
-94.378
-93.9025
-93.3068
-92.6705
-92.0661
-91.5359
-91.0941
-90.7368
-90.4522
-90.2268
-90.0478
-89.9043
-89.788
-89.6922
-89.6117
-89.5428
-89.4826
-89.4289
-89.38
-89.3349
-89.2924
-89.252
-89.2131
-89.1753
-89.1384
-89.1021
-89.0663
-89.0307
-88.9954
-88.9602
-88.9252
-88.8901
-88.8551
-88.8201
-88.785
-88.7499
-88.7148
-88.6795
-88.6443
-88.6089
-88.5735
-88.5379
-88.5023
-88.4666
-88.4308
-88.395
-88.359
-88.3229
-88.2868
-88.2505
-88.2142
-88.1778
-88.1413
-88.1046
-88.0679
-88.0311
-87.9942
-87.9571
-87.92
-87.8828
-87.8455
-87.8081
-87.7705
-87.7329
-87.6952
-87.6573
-87.6194
-87.5813
-87.5432
-87.5049
-87.4665
-87.428
-87.3894
-87.3507
-87.3118
-87.2729
-87.2338
-87.1946
-87.1553
-87.1159
-87.0763
-87.0366
-86.9968
-86.9569
-86.9168
-86.8767
-86.8363
-86.7959
-86.7553
-86.7145
-86.6737
-86.6327
-86.5915
-86.5502
-86.5088
-86.4672
-86.4254
-86.3835
-86.3415
-86.2992
-86.2569
-86.2143
-86.1716
-86.1287
-86.0857
-86.0424
-85.999
-85.9554
-85.9116
-85.8677
-85.8235
-85.7791
-85.7345
-85.6898
-85.6448
-85.5996
-85.5542
-85.5085
-85.4626
-85.4165
-85.3702
-85.3236
-85.2767
-85.2296
-85.1822
-85.1346
-85.0866
-85.0384
-84.9899
-84.9411
-84.892
-84.8426
-84.7928
-84.7427
-84.6922
-84.6414
-84.5902
-84.5387
-84.4867
-84.4344
-84.3816
-84.3284
-84.2747
-84.2206
-84.166
-84.1109
-84.0553
-83.9992
-83.9424
-83.8852
-83.8273
-83.7688
-83.7096
-83.6498
-83.5892
-83.5279
-83.4659
-83.403
-83.3393
-83.2747
-83.2092
-83.1426
-83.0751
-83.0064
-82.9366
-82.8656
-82.7933
-82.7197
-82.6445
-82.5679
-82.4896
-82.4095
-82.3276
-82.2436
-82.1575
-82.069
-81.9781
-81.8843
-81.7876
-81.6877
-81.5841
-81.4767
-81.365
-81.2485
-81.1266
-80.9988
-80.8643
-80.7221
-80.5712
-80.4103
-80.2379
-80.0517
-79.8493
-79.6274
-79.3819
-79.1068
-78.7944
-78.4335
-78.0076
-77.4914
-76.843
-75.9881
-74.7797
-72.874
-69.232
-58.7943
7.93073
49.9784
49.2383
43.7938
28.5016
7.31234
-6.47934
-17.2363
-28.2613
-38.8998
-62.7718
-93.3256
-94.9631
-94.9825
-94.962
-94.9095
-94.7907
-94.5534
-94.1567
-93.6127
-92.9893
-92.3682
-91.8071
-91.3317
-90.9444
-90.6353
-90.3909
-90.1974
-90.0433
-89.919
-89.8173
-89.7325
-89.6605
-89.5979
-89.5425
-89.4925
-89.4464
-89.4034
-89.3626
-89.3235
-89.2856
-89.2487
-89.2124
-89.1767
-89.1413
-89.1061
-89.0711
-89.0362
-89.0014
-88.9666
-88.9318
-88.897
-88.8621
-88.8272
-88.7922
-88.7572
-88.7221
-88.6869
-88.6516
-88.6162
-88.5808
-88.5453
-88.5096
-88.4739
-88.4381
-88.4022
-88.3662
-88.3301
-88.2939
-88.2577
-88.2213
-88.1848
-88.1482
-88.1116
-88.0748
-88.0379
-88.0009
-87.9639
-87.9267
-87.8894
-87.8521
-87.8146
-87.777
-87.7393
-87.7015
-87.6636
-87.6256
-87.5874
-87.5492
-87.5108
-87.4724
-87.4338
-87.3951
-87.3563
-87.3174
-87.2783
-87.2392
-87.1999
-87.1605
-87.121
-87.0813
-87.0415
-87.0016
-86.9616
-86.9215
-86.8812
-86.8407
-86.8001
-86.7594
-86.7186
-86.6776
-86.6365
-86.5952
-86.5538
-86.5122
-86.4705
-86.4286
-86.3866
-86.3443
-86.302
-86.2595
-86.2168
-86.1739
-86.1309
-86.0876
-86.0442
-86.0006
-85.9569
-85.9129
-85.8688
-85.8244
-85.7798
-85.7351
-85.6901
-85.6449
-85.5995
-85.5538
-85.508
-85.4619
-85.4155
-85.3689
-85.3221
-85.275
-85.2276
-85.18
-85.132
-85.0838
-85.0353
-84.9865
-84.9374
-84.8879
-84.8381
-84.788
-84.7376
-84.6868
-84.6356
-84.584
-84.532
-84.4797
-84.4269
-84.3736
-84.3199
-84.2658
-84.2112
-84.156
-84.1004
-84.0442
-83.9875
-83.9301
-83.8722
-83.8136
-83.7544
-83.6945
-83.6339
-83.5725
-83.5104
-83.4474
-83.3836
-83.3189
-83.2533
-83.1866
-83.1189
-83.0501
-82.9801
-82.9089
-82.8364
-82.7626
-82.6872
-82.6103
-82.5317
-82.4513
-82.369
-82.2846
-82.1981
-82.1091
-82.0176
-81.9232
-81.8259
-81.7251
-81.6207
-81.5124
-81.3995
-81.2818
-81.1584
-81.029
-80.8925
-80.7481
-80.5946
-80.4306
-80.2544
-80.0637
-79.8558
-79.6273
-79.3732
-79.0873
-78.7608
-78.3808
-77.9285
-77.3738
-76.6664
-75.7136
-74.3227
-72.0099
-67.1117
-49.2389
43.9822
49.6319
46.3855
35.2184
15.4578
-1.16037
-12.554
-23.2263
-33.6786
-49.9503
-85.5123
-94.8499
-94.9859
-94.9758
-94.9424
-94.8631
-94.6932
-94.3806
-93.9059
-93.3107
-92.6745
-92.0701
-91.5402
-91.0987
-90.7419
-90.4578
-90.2328
-90.0542
-89.9111
-89.7951
-89.6994
-89.6192
-89.5504
-89.4903
-89.4367
-89.388
-89.3429
-89.3005
-89.2601
-89.2213
-89.1836
-89.1467
-89.1105
-89.0747
-89.0392
-89.0039
-88.9688
-88.9337
-88.8987
-88.8638
-88.8288
-88.7937
-88.7587
-88.7236
-88.6884
-88.6531
-88.6178
-88.5824
-88.5469
-88.5114
-88.4757
-88.44
-88.4041
-88.3682
-88.3322
-88.2961
-88.2599
-88.2236
-88.1872
-88.1507
-88.1141
-88.0775
-88.0407
-88.0038
-87.9668
-87.9298
-87.8926
-87.8553
-87.8179
-87.7804
-87.7428
-87.7052
-87.6674
-87.6295
-87.5915
-87.5533
-87.5151
-87.4768
-87.4383
-87.3998
-87.3611
-87.3223
-87.2834
-87.2444
-87.2052
-87.166
-87.1266
-87.0871
-87.0474
-87.0077
-86.9678
-86.9278
-86.8877
-86.8474
-86.807
-86.7665
-86.7258
-86.685
-86.644
-86.6029
-86.5617
-86.5203
-86.4788
-86.4371
-86.3952
-86.3532
-86.3111
-86.2688
-86.2263
-86.1837
-86.1408
-86.0978
-86.0547
-86.0113
-85.9678
-85.9241
-85.8802
-85.8361
-85.7918
-85.7473
-85.7026
-85.6577
-85.6126
-85.5672
-85.5217
-85.4759
-85.4299
-85.3836
-85.3371
-85.2903
-85.2433
-85.196
-85.1485
-85.1006
-85.0525
-85.0041
-84.9554
-84.9064
-84.8571
-84.8074
-84.7575
-84.7071
-84.6564
-84.6054
-84.5539
-84.5021
-84.4499
-84.3973
-84.3442
-84.2907
-84.2367
-84.1823
-84.1274
-84.0719
-84.0159
-83.9594
-83.9023
-83.8446
-83.7863
-83.7274
-83.6677
-83.6074
-83.5464
-83.4846
-83.4219
-83.3585
-83.2941
-83.2289
-83.1627
-83.0954
-83.0271
-82.9577
-82.887
-82.8151
-82.7418
-82.6671
-82.5909
-82.5132
-82.4336
-82.3522
-82.2689
-82.1833
-82.0955
-82.0053
-81.9123
-81.8165
-81.7175
-81.6149
-81.5087
-81.3981
-81.283
-81.1626
-81.0365
-80.9038
-80.7638
-80.6154
-80.4573
-80.288
-80.1057
-79.9078
-79.6916
-79.4528
-79.1861
-78.8845
-78.5376
-78.1306
-77.641
-77.0322
-76.241
-75.1457
-73.4758
-70.4773
-63.0118
-23.5688
49.347
49.5084
45.6258
33.1482
12.663
-2.95132
-14.0923
-24.9173
-34.9231
-52.9106
-88.7226
-94.9003
-94.9854
-94.9723
-94.9336
-94.8418
-94.6473
-94.2975
-93.7828
-93.1591
-92.5123
-91.9128
-91.397
-90.973
-90.6333
-90.3643
-90.1516
-89.9826
-89.8468
-89.7363
-89.6446
-89.5673
-89.5006
-89.4419
-89.3893
-89.3413
-89.2966
-89.2544
-89.2142
-89.1754
-89.1377
-89.1008
-89.0644
-89.0285
-88.9928
-88.9574
-88.9221
-88.8869
-88.8517
-88.8166
-88.7814
-88.7462
-88.711
-88.6757
-88.6403
-88.6049
-88.5694
-88.5338
-88.4981
-88.4624
-88.4265
-88.3906
-88.3546
-88.3185
-88.2823
-88.246
-88.2096
-88.1731
-88.1366
-88.0999
-88.0631
-88.0263
-87.9893
-87.9522
-87.9151
-87.8778
-87.8405
-87.803
-87.7654
-87.7277
-87.69
-87.6521
-87.6141
-87.576
-87.5378
-87.4995
-87.4611
-87.4225
-87.3839
-87.3451
-87.3062
-87.2672
-87.2281
-87.1889
-87.1495
-87.1101
-87.0705
-87.0307
-86.9909
-86.9509
-86.9108
-86.8706
-86.8302
-86.7897
-86.7491
-86.7083
-86.6674
-86.6264
-86.5852
-86.5438
-86.5023
-86.4607
-86.4189
-86.3769
-86.3348
-86.2926
-86.2501
-86.2076
-86.1648
-86.1219
-86.0787
-86.0354
-85.992
-85.9483
-85.9045
-85.8605
-85.8162
-85.7718
-85.7272
-85.6823
-85.6373
-85.592
-85.5465
-85.5008
-85.4549
-85.4087
-85.3622
-85.3156
-85.2686
-85.2214
-85.174
-85.1262
-85.0782
-85.0299
-84.9813
-84.9324
-84.8832
-84.8336
-84.7837
-84.7335
-84.683
-84.632
-84.5807
-84.529
-84.477
-84.4245
-84.3715
-84.3181
-84.2643
-84.2101
-84.1553
-84.1
-84.0442
-83.9879
-83.9309
-83.8734
-83.8153
-83.7566
-83.6972
-83.6371
-83.5762
-83.5147
-83.4523
-83.3891
-83.3251
-83.2601
-83.1942
-83.1273
-83.0593
-82.9902
-82.9199
-82.8484
-82.7756
-82.7013
-82.6256
-82.5483
-82.4693
-82.3884
-82.3057
-82.2208
-82.1337
-82.0442
-81.9521
-81.8571
-81.759
-81.6576
-81.5524
-81.4431
-81.3293
-81.2105
-81.0861
-80.9554
-80.8175
-80.6715
-80.5163
-80.3503
-80.1719
-79.9787
-79.7678
-79.5356
-79.2772
-78.9859
-78.6526
-78.2639
-77.7997
-77.2281
-76.4952
-75.5
-74.0288
-71.5271
-65.9804
-43.3462
47.8832
49.5546
45.9814
34.2367
14.2515
-1.86535
-13.1332
-23.8561
-34.1532
-51.0585
-86.8623
-94.8728
-94.986
-94.9748
-94.94
-94.857
-94.6799
-94.3565
-93.8704
-93.2668
-92.6268
-92.0219
-91.4931
-91.053
-90.6971
-90.4135
-90.1885
-90.0094
-89.8657
-89.7489
-89.6525
-89.5715
-89.502
-89.4413
-89.3871
-89.3378
-89.2922
-89.2494
-89.2087
-89.1695
-89.1315
-89.0944
-89.0578
-89.0218
-88.986
-88.9505
-88.9152
-88.88
-88.8448
-88.8096
-88.7744
-88.7392
-88.704
-88.6687
-88.6334
-88.598
-88.5625
-88.5269
-88.4912
-88.4555
-88.4197
-88.3838
-88.3478
-88.3117
-88.2755
-88.2393
-88.2029
-88.1664
-88.1299
-88.0933
-88.0565
-88.0197
-87.9827
-87.9457
-87.9086
-87.8713
-87.834
-87.7965
-87.759
-87.7213
-87.6836
-87.6457
-87.6078
-87.5697
-87.5315
-87.4932
-87.4548
-87.4163
-87.3777
-87.339
-87.3001
-87.2612
-87.2221
-87.1829
-87.1436
-87.1041
-87.0646
-87.0249
-86.9851
-86.9451
-86.9051
-86.8649
-86.8245
-86.7841
-86.7435
-86.7028
-86.6619
-86.6209
-86.5797
-86.5384
-86.497
-86.4554
-86.4136
-86.3717
-86.3296
-86.2874
-86.245
-86.2025
-86.1598
-86.1169
-86.0738
-86.0306
-85.9872
-85.9436
-85.8998
-85.8558
-85.8116
-85.7672
-85.7227
-85.6779
-85.6329
-85.5877
-85.5423
-85.4966
-85.4507
-85.4046
-85.3582
-85.3116
-85.2648
-85.2177
-85.1703
-85.1226
-85.0747
-85.0264
-84.9779
-84.9291
-84.88
-84.8305
-84.7807
-84.7306
-84.6801
-84.6293
-84.5781
-84.5265
-84.4745
-84.4221
-84.3693
-84.3161
-84.2624
-84.2082
-84.1536
-84.0984
-84.0428
-83.9866
-83.9298
-83.8725
-83.8145
-83.756
-83.6967
-83.6368
-83.5762
-83.5148
-83.4527
-83.3897
-83.3259
-83.2612
-83.1955
-83.1289
-83.0612
-82.9924
-82.9224
-82.8512
-82.7788
-82.7049
-82.6296
-82.5527
-82.4742
-82.3938
-82.3116
-82.2273
-82.1409
-82.052
-81.9606
-81.8664
-81.7693
-81.6687
-81.5646
-81.4565
-81.344
-81.2267
-81.1038
-80.9749
-80.8391
-80.6956
-80.5431
-80.3802
-80.2055
-80.0167
-79.8111
-79.5853
-79.335
-79.0538
-78.7336
-78.3624
-77.9222
-77.3856
-76.7062
-75.8008
-74.4997
-72.3912
-68.1463
-54.3972
31.6165
49.7988
47.3285
37.5802
18.4655
0.523919
-11.2318
-21.7895
-32.5164
-47.3228
-81.5372
-94.7667
-94.9848
-94.9776
-94.9478
-94.8768
-94.7238
-94.4379
-93.9925
-93.4187
-92.7903
-92.1814
-91.6394
-91.1827
-90.8107
-90.5129
-90.2762
-90.088
-89.9371
-89.8149
-89.7144
-89.6303
-89.5585
-89.4961
-89.4406
-89.3903
-89.344
-89.3007
-89.2596
-89.2202
-89.182
-89.1448
-89.1082
-89.0721
-89.0364
-89.0009
-88.9656
-88.9305
-88.8954
-88.8603
-88.8252
-88.7901
-88.7549
-88.7197
-88.6845
-88.6492
-88.6138
-88.5783
-88.5428
-88.5071
-88.4714
-88.4356
-88.3997
-88.3638
-88.3277
-88.2915
-88.2553
-88.2189
-88.1825
-88.1459
-88.1093
-88.0725
-88.0357
-87.9988
-87.9617
-87.9246
-87.8874
-87.85
-87.8126
-87.7751
-87.7374
-87.6997
-87.6618
-87.6239
-87.5858
-87.5476
-87.5093
-87.4709
-87.4324
-87.3938
-87.3551
-87.3162
-87.2772
-87.2381
-87.1989
-87.1596
-87.1202
-87.0806
-87.0409
-87.0011
-86.9611
-86.9211
-86.8809
-86.8405
-86.8
-86.7594
-86.7187
-86.6778
-86.6368
-86.5956
-86.5543
-86.5128
-86.4712
-86.4295
-86.3875
-86.3455
-86.3032
-86.2608
-86.2183
-86.1755
-86.1326
-86.0895
-86.0463
-86.0028
-85.9592
-85.9154
-85.8714
-85.8272
-85.7828
-85.7382
-85.6934
-85.6484
-85.6031
-85.5577
-85.512
-85.4661
-85.4199
-85.3735
-85.3269
-85.28
-85.2328
-85.1854
-85.1377
-85.0897
-85.0414
-84.9929
-84.944
-84.8948
-84.8453
-84.7955
-84.7453
-84.6948
-84.6439
-84.5926
-84.541
-84.4889
-84.4365
-84.3836
-84.3302
-84.2765
-84.2223
-84.1675
-84.1123
-84.0565
-84.0002
-83.9434
-83.8859
-83.8278
-83.7692
-83.7098
-83.6497
-83.589
-83.5275
-83.4652
-83.402
-83.338
-83.2731
-83.2072
-83.1404
-83.0724
-83.0034
-82.9332
-82.8617
-82.789
-82.7148
-82.6391
-82.5618
-82.4829
-82.4021
-82.3194
-82.2346
-82.1475
-82.0581
-81.966
-81.8711
-81.7731
-81.6716
-81.5665
-81.4572
-81.3434
-81.2246
-81.1002
-80.9694
-80.8315
-80.6855
-80.5301
-80.364
-80.1853
-79.9917
-79.7804
-79.5476
-79.2884
-78.9961
-78.6613
-78.2705
-77.8032
-77.2268
-76.4863
-75.4778
-73.9799
-71.4132
-65.6341
-41.1778
48.4185
49.5337
45.8737
33.9769
13.9363
-2.05284
-13.2895
-24.026
-34.2776
-51.3528
-87.191
-94.8781
-94.9859
-94.9746
-94.9392
-94.8549
-94.6747
-94.3455
-93.8517
-93.2409
-92.5961
-91.9897
-91.4619
-91.0245
-90.6722
-90.3921
-90.1704
-89.9943
-89.853
-89.7383
-89.6435
-89.5638
-89.4954
-89.4355
-89.3819
-89.3331
-89.2879
-89.2454
-89.2049
-89.1659
-89.1281
-89.091
-89.0546
-89.0186
-88.983
-88.9475
-88.9122
-88.877
-88.8419
-88.8067
-88.7716
-88.7364
-88.7012
-88.6659
-88.6306
-88.5952
-88.5597
-88.5241
-88.4885
-88.4528
-88.417
-88.3811
-88.3451
-88.309
-88.2729
-88.2366
-88.2003
-88.1638
-88.1273
-88.0907
-88.0539
-88.0171
-87.9802
-87.9432
-87.906
-87.8688
-87.8315
-87.7941
-87.7565
-87.7189
-87.6812
-87.6434
-87.6054
-87.5674
-87.5292
-87.4909
-87.4525
-87.4141
-87.3755
-87.3367
-87.2979
-87.259
-87.2199
-87.1807
-87.1414
-87.102
-87.0625
-87.0228
-86.983
-86.9431
-86.9031
-86.8629
-86.8226
-86.7821
-86.7416
-86.7009
-86.66
-86.619
-86.5779
-86.5366
-86.4952
-86.4536
-86.4119
-86.37
-86.328
-86.2858
-86.2434
-86.2009
-86.1582
-86.1153
-86.0723
-86.0291
-85.9857
-85.9422
-85.8984
-85.8544
-85.8103
-85.7659
-85.7214
-85.6767
-85.6317
-85.5865
-85.5411
-85.4955
-85.4497
-85.4036
-85.3573
-85.3107
-85.2639
-85.2168
-85.1694
-85.1218
-85.0739
-85.0257
-84.9773
-84.9285
-84.8794
-84.8299
-84.7802
-84.7302
-84.6797
-84.6289
-84.5778
-84.5262
-84.4743
-84.422
-84.3692
-84.316
-84.2624
-84.2083
-84.1537
-84.0986
-84.043
-83.9869
-83.9302
-83.873
-83.8151
-83.7566
-83.6975
-83.6376
-83.5771
-83.5158
-83.4538
-83.3909
-83.3272
-83.2626
-83.197
-83.1305
-83.0629
-82.9942
-82.9244
-82.8534
-82.781
-82.7073
-82.6321
-82.5554
-82.4771
-82.3969
-82.3149
-82.2309
-82.1446
-82.0561
-81.9649
-81.871
-81.7742
-81.674
-81.5703
-81.4626
-81.3506
-81.2337
-81.1115
-80.9833
-80.8482
-80.7055
-80.5539
-80.3922
-80.2188
-80.0314
-79.8277
-79.6041
-79.3565
-79.0788
-78.7629
-78.3975
-77.9653
-77.4401
-76.7781
-75.9011
-74.652
-72.6584
-68.7602
-56.9766
19.4008
49.9397
48.4865
40.9612
23.4244
3.4958
-9.04127
-19.5543
-30.5151
-43.1255
-73.0769
-94.4651
-94.9801
-94.9801
-94.9546
-94.8925
-94.7559
-94.4929
-94.0702
-93.5102
-92.8844
-92.2704
-91.72
-91.2551
-90.8761
-90.5733
-90.333
-90.1423
-89.9899
-89.8667
-89.7656
-89.6812
-89.6093
-89.5468
-89.4913
-89.4412
-89.3951
-89.3519
-89.311
-89.2717
-89.2337
-89.1966
-89.1603
-89.1244
-89.0888
-89.0535
-89.0184
-88.9834
-88.9485
-88.9136
-88.8787
-88.8437
-88.8087
-88.7737
-88.7386
-88.7035
-88.6683
-88.633
-88.5976
-88.5621
-88.5266
-88.4909
-88.4552
-88.4194
-88.3835
-88.3475
-88.3114
-88.2752
-88.2389
-88.2025
-88.166
-88.1295
-88.0928
-88.056
-88.0192
-87.9822
-87.9451
-87.908
-87.8707
-87.8333
-87.7959
-87.7583
-87.7206
-87.6828
-87.6449
-87.6069
-87.5688
-87.5306
-87.4922
-87.4538
-87.4152
-87.3766
-87.3378
-87.2989
-87.2598
-87.2207
-87.1815
-87.1421
-87.1026
-87.0629
-87.0232
-86.9833
-86.9433
-86.9032
-86.8629
-86.8225
-86.782
-86.7413
-86.7005
-86.6595
-86.6184
-86.5772
-86.5358
-86.4942
-86.4526
-86.4107
-86.3687
-86.3265
-86.2842
-86.2417
-86.1991
-86.1563
-86.1132
-86.0701
-86.0267
-85.9832
-85.9395
-85.8955
-85.8514
-85.8071
-85.7626
-85.7179
-85.673
-85.6278
-85.5824
-85.5368
-85.491
-85.445
-85.3987
-85.3521
-85.3054
-85.2583
-85.211
-85.1634
-85.1155
-85.0674
-85.0189
-84.9702
-84.9211
-84.8717
-84.822
-84.772
-84.7216
-84.6709
-84.6197
-84.5682
-84.5163
-84.464
-84.4113
-84.3581
-84.3045
-84.2505
-84.1959
-84.1409
-84.0853
-84.0292
-83.9726
-83.9153
-83.8575
-83.799
-83.7399
-83.6801
-83.6196
-83.5583
-83.4963
-83.4335
-83.3698
-83.3052
-83.2397
-83.1731
-83.1056
-83.0369
-82.9671
-82.896
-82.8237
-82.75
-82.6748
-82.5981
-82.5197
-82.4395
-82.3574
-82.2733
-82.187
-82.0983
-82.0071
-81.9131
-81.816
-81.7157
-81.6117
-81.5037
-81.3914
-81.2742
-81.1514
-81.0227
-80.8869
-80.7434
-80.5909
-80.4281
-80.2532
-80.0641
-79.8582
-79.632
-79.3809
-79.0988
-78.777
-78.4036
-77.9602
-77.4185
-76.731
-75.8116
-74.4838
-72.3147
-67.8818
-53.0251
36.4553
49.7319
46.9277
36.5527
17.1272
-0.22069
-11.807
-22.4148
-33.0359
-48.4816
-83.4239
-94.8094
-94.9854
-94.9769
-94.9456
-94.8713
-94.7119
-94.4161
-93.9604
-93.3797
-92.7498
-92.1442
-91.6084
-91.159
-90.7941
-90.5028
-90.2716
-90.0879
-89.9408
-89.8216
-89.7236
-89.6414
-89.5712
-89.5099
-89.4554
-89.406
-89.3604
-89.3177
-89.277
-89.238
-89.2001
-89.1631
-89.1268
-89.091
-89.0554
-89.0202
-88.985
-88.95
-88.915
-88.8801
-88.8451
-88.8102
-88.7751
-88.7401
-88.7049
-88.6697
-88.6345
-88.5991
-88.5637
-88.5281
-88.4925
-88.4568
-88.4211
-88.3852
-88.3493
-88.3132
-88.277
-88.2408
-88.2045
-88.168
-88.1315
-88.0949
-88.0582
-88.0214
-87.9844
-87.9474
-87.9103
-87.8731
-87.8358
-87.7984
-87.7608
-87.7232
-87.6855
-87.6476
-87.6097
-87.5716
-87.5335
-87.4952
-87.4568
-87.4183
-87.3797
-87.341
-87.3022
-87.2632
-87.2241
-87.185
-87.1456
-87.1062
-87.0667
-87.027
-86.9872
-86.9472
-86.9072
-86.867
-86.8267
-86.7862
-86.7456
-86.7049
-86.664
-86.623
-86.5818
-86.5405
-86.4991
-86.4575
-86.4157
-86.3738
-86.3318
-86.2895
-86.2472
-86.2046
-86.1619
-86.119
-86.0759
-86.0327
-85.9893
-85.9457
-85.9019
-85.8579
-85.8137
-85.7693
-85.7247
-85.6799
-85.6349
-85.5897
-85.5442
-85.4986
-85.4527
-85.4065
-85.3601
-85.3135
-85.2666
-85.2195
-85.1721
-85.1244
-85.0764
-85.0281
-84.9796
-84.9307
-84.8815
-84.832
-84.7822
-84.7321
-84.6815
-84.6306
-84.5794
-84.5277
-84.4757
-84.4233
-84.3704
-84.3171
-84.2633
-84.2091
-84.1543
-84.0991
-84.0434
-83.9871
-83.9302
-83.8728
-83.8147
-83.756
-83.6967
-83.6366
-83.5759
-83.5144
-83.452
-83.3889
-83.3249
-83.26
-83.1941
-83.1273
-83.0593
-82.9903
-82.9201
-82.8486
-82.7758
-82.7016
-82.6259
-82.5487
-82.4697
-82.3889
-82.3062
-82.2214
-82.1344
-82.0449
-81.9528
-81.8579
-81.7599
-81.6584
-81.5533
-81.444
-81.3302
-81.2114
-81.0869
-80.9562
-80.8183
-80.6722
-80.5169
-80.3507
-80.1721
-79.9786
-79.7674
-79.5347
-79.2757
-78.9836
-78.6492
-78.2588
-77.7923
-77.2173
-76.4788
-75.474
-73.9837
-71.4358
-65.7246
-41.8036
48.2904
49.5393
45.9024
34.0458
14.0194
-2.00354
-13.2484
-23.9814
-34.2449
-51.2756
-87.1061
-94.8767
-94.9859
-94.9746
-94.9394
-94.8555
-94.6763
-94.3494
-93.859
-93.2517
-92.6096
-92.0045
-91.4769
-91.0388
-90.6853
-90.4041
-90.1812
-90.0041
-89.862
-89.7467
-89.6514
-89.5714
-89.5027
-89.4426
-89.3889
-89.3401
-89.2949
-89.2523
-89.2119
-89.1729
-89.1351
-89.0981
-89.0617
-89.0258
-88.9902
-88.9548
-88.9195
-88.8844
-88.8493
-88.8142
-88.7791
-88.744
-88.7088
-88.6736
-88.6384
-88.603
-88.5676
-88.5321
-88.4965
-88.4609
-88.4251
-88.3893
-88.3534
-88.3174
-88.2813
-88.2451
-88.2088
-88.1724
-88.1359
-88.0994
-88.0627
-88.0259
-87.9891
-87.9521
-87.9151
-87.8779
-87.8407
-87.8033
-87.7658
-87.7283
-87.6906
-87.6528
-87.615
-87.577
-87.5389
-87.5007
-87.4624
-87.424
-87.3854
-87.3468
-87.308
-87.2692
-87.2302
-87.1911
-87.1519
-87.1125
-87.073
-87.0335
-86.9937
-86.9539
-86.914
-86.8739
-86.8336
-86.7933
-86.7528
-86.7122
-86.6714
-86.6305
-86.5895
-86.5483
-86.5069
-86.4655
-86.4238
-86.3821
-86.3401
-86.298
-86.2558
-86.2133
-86.1708
-86.128
-86.0851
-86.042
-85.9987
-85.9552
-85.9116
-85.8678
-85.8237
-85.7795
-85.7351
-85.6905
-85.6456
-85.6006
-85.5553
-85.5098
-85.4641
-85.4182
-85.372
-85.3256
-85.2789
-85.232
-85.1848
-85.1373
-85.0896
-85.0416
-84.9933
-84.9447
-84.8958
-84.8465
-84.797
-84.7471
-84.6969
-84.6463
-84.5954
-84.544
-84.4924
-84.4403
-84.3877
-84.3348
-84.2814
-84.2276
-84.1733
-84.1185
-84.0632
-84.0073
-83.951
-83.894
-83.8365
-83.7783
-83.7196
-83.6601
-83.6
-83.5391
-83.4775
-83.4151
-83.3518
-83.2877
-83.2227
-83.1567
-83.0897
-83.0216
-82.9524
-82.8821
-82.8104
-82.7375
-82.6631
-82.5873
-82.5098
-82.4307
-82.3497
-82.2668
-82.1817
-82.0944
-82.0047
-81.9123
-81.8171
-81.7188
-81.617
-81.5115
-81.4019
-81.2877
-81.1684
-81.0435
-80.9122
-80.7738
-80.6271
-80.4711
-80.3042
-80.1247
-79.9302
-79.7179
-79.4839
-79.2234
-78.9294
-78.5927
-78.1992
-77.7287
-77.148
-76.4006
-75.381
-73.8621
-71.2446
-65.2726
-39.1862
48.7004
49.5162
45.7816
33.7482
13.651
-2.22841
-13.4382
-24.1883
-34.3956
-51.6332
-87.4922
-94.8827
-94.9859
-94.9743
-94.9385
-94.8534
-94.672
-94.3424
-93.8495
-93.2411
-92.5987
-91.9936
-91.4658
-91.0271
-90.6725
-90.3901
-90.1659
-89.9875
-89.8442
-89.7278
-89.6316
-89.5507
-89.4813
-89.4206
-89.3664
-89.3172
-89.2716
-89.2287
-89.188
-89.1488
-89.1108
-89.0736
-89.0371
-89.001
-88.9652
-88.9297
-88.8943
-88.8591
-88.8239
-88.7887
-88.7535
-88.7183
-88.683
-88.6477
-88.6124
-88.5769
-88.5414
-88.5058
-88.4702
-88.4344
-88.3986
-88.3627
-88.3267
-88.2906
-88.2544
-88.2181
-88.1817
-88.1453
-88.1087
-88.0721
-88.0353
-87.9985
-87.9615
-87.9245
-87.8873
-87.8501
-87.8127
-87.7753
-87.7378
-87.7001
-87.6624
-87.6245
-87.5865
-87.5485
-87.5103
-87.472
-87.4336
-87.3951
-87.3565
-87.3177
-87.2789
-87.2399
-87.2008
-87.1616
-87.1223
-87.0829
-87.0433
-87.0036
-86.9638
-86.9239
-86.8838
-86.8436
-86.8033
-86.7628
-86.7222
-86.6815
-86.6406
-86.5996
-86.5585
-86.5172
-86.4757
-86.4341
-86.3924
-86.3505
-86.3084
-86.2662
-86.2238
-86.1813
-86.1386
-86.0957
-86.0526
-86.0094
-85.966
-85.9224
-85.8786
-85.8346
-85.7904
-85.746
-85.7015
-85.6567
-85.6117
-85.5665
-85.5211
-85.4754
-85.4295
-85.3834
-85.337
-85.2904
-85.2435
-85.1964
-85.149
-85.1013
-85.0534
-85.0052
-84.9566
-84.9078
-84.8586
-84.8092
-84.7594
-84.7093
-84.6588
-84.6079
-84.5567
-84.5051
-84.4531
-84.4006
-84.3478
-84.2945
-84.2408
-84.1866
-84.1319
-84.0767
-84.0211
-83.9648
-83.908
-83.8506
-83.7926
-83.734
-83.6747
-83.6147
-83.554
-83.4926
-83.4303
-83.3673
-83.3034
-83.2386
-83.1728
-83.106
-83.0382
-82.9693
-82.8992
-82.8279
-82.7553
-82.6812
-82.6057
-82.5286
-82.4498
-82.3693
-82.2868
-82.2022
-82.1155
-82.0263
-81.9345
-81.84
-81.7423
-81.6413
-81.5367
-81.428
-81.3149
-81.1967
-81.0731
-80.9433
-80.8065
-80.6616
-80.5078
-80.3434
-80.1667
-79.9757
-79.7674
-79.5384
-79.284
-78.9978
-78.6711
-78.2911
-77.839
-77.2851
-76.5795
-75.6303
-74.247
-71.9517
-67.1083
-49.547
43.3738
49.6384
46.4168
35.2877
15.534
-1.12261
-12.5254
-23.1959
-33.6559
-49.8977
-85.4384
-94.8482
-94.9858
-94.9758
-94.9428
-94.8646
-94.6978
-94.3917
-93.9256
-93.338
-92.7055
-92.1
-91.5651
-91.1166
-90.752
-90.4604
-90.2286
-90.044
-89.896
-89.7759
-89.6769
-89.594
-89.5231
-89.4612
-89.4062
-89.3563
-89.3103
-89.2672
-89.2262
-89.1869
-89.1487
-89.1115
-89.075
-89.0389
-89.0032
-88.9677
-88.9324
-88.8972
-88.8621
-88.827
-88.7919
-88.7567
-88.7216
-88.6863
-88.6511
-88.6157
-88.5803
-88.5448
-88.5092
-88.4736
-88.4378
-88.402
-88.3661
-88.3301
-88.294
-88.2578
-88.2215
-88.1852
-88.1487
-88.1121
-88.0755
-88.0387
-88.0018
-87.9649
-87.9278
-87.8907
-87.8534
-87.8161
-87.7786
-87.7411
-87.7034
-87.6657
-87.6278
-87.5898
-87.5517
-87.5135
-87.4752
-87.4368
-87.3983
-87.3597
-87.3209
-87.282
-87.243
-87.204
-87.1647
-87.1254
-87.0859
-87.0464
-87.0066
-86.9668
-86.9269
-86.8868
-86.8466
-86.8062
-86.7657
-86.7251
-86.6844
-86.6435
-86.6024
-86.5612
-86.5199
-86.4784
-86.4368
-86.395
-86.3531
-86.311
-86.2687
-86.2263
-86.1838
-86.141
-86.0981
-86.055
-86.0117
-85.9683
-85.9246
-85.8808
-85.8368
-85.7925
-85.7481
-85.7035
-85.6587
-85.6136
-85.5684
-85.5229
-85.4772
-85.4313
-85.3851
-85.3387
-85.292
-85.2451
-85.1979
-85.1504
-85.1027
-85.0547
-85.0064
-84.9578
-84.9088
-84.8596
-84.8101
-84.7602
-84.71
-84.6594
-84.6084
-84.5571
-84.5054
-84.4533
-84.4008
-84.3478
-84.2944
-84.2406
-84.1863
-84.1315
-84.0762
-84.0203
-83.9639
-83.907
-83.8494
-83.7913
-83.7325
-83.673
-83.6128
-83.5519
-83.4903
-83.4278
-83.3645
-83.3004
-83.2353
-83.1693
-83.1022
-83.0341
-82.9648
-82.8944
-82.8227
-82.7497
-82.6752
-82.5992
-82.5217
-82.4424
-82.3612
-82.2782
-82.1929
-82.1054
-82.0155
-81.9229
-81.8274
-81.7287
-81.6266
-81.5207
-81.4106
-81.296
-81.1761
-81.0506
-80.9185
-80.7792
-80.6314
-80.4742
-80.3059
-80.1245
-79.928
-79.7131
-79.4759
-79.2113
-78.9121
-78.5683
-78.1654
-77.6813
-77.0806
-76.3018
-75.2276
-73.5998
-70.7093
-63.6839
-28.3581
48.8359
49.4859
45.592
33.1833
12.8358
-2.78732
-13.933
-24.7354
-34.7902
-52.5852
-88.4324
-94.8966
-94.9856
-94.973
-94.9352
-94.8453
-94.654
-94.3079
-93.7952
-93.1699
-92.5184
-91.9126
-91.3902
-90.9604
-90.6159
-90.3431
-90.1275
-89.9562
-89.8188
-89.7069
-89.6143
-89.5361
-89.4688
-89.4097
-89.3566
-89.3082
-89.2633
-89.2209
-89.1805
-89.1415
-89.1036
-89.0666
-89.0301
-88.994
-88.9583
-88.9228
-88.8874
-88.8521
-88.8169
-88.7816
-88.7464
-88.7111
-88.6758
-88.6405
-88.6051
-88.5696
-88.534
-88.4984
-88.4627
-88.4269
-88.391
-88.355
-88.3189
-88.2828
-88.2465
-88.2102
-88.1738
-88.1373
-88.1006
-88.0639
-88.0271
-87.9902
-87.9532
-87.9161
-87.8789
-87.8416
-87.8042
-87.7667
-87.7291
-87.6913
-87.6535
-87.6156
-87.5776
-87.5394
-87.5012
-87.4628
-87.4244
-87.3858
-87.3471
-87.3083
-87.2694
-87.2304
-87.1912
-87.152
-87.1126
-87.0731
-87.0334
-86.9937
-86.9538
-86.9138
-86.8736
-86.8334
-86.7929
-86.7524
-86.7117
-86.6709
-86.63
-86.5889
-86.5476
-86.5063
-86.4647
-86.4231
-86.3812
-86.3392
-86.2971
-86.2547
-86.2123
-86.1696
-86.1268
-86.0838
-86.0407
-85.9973
-85.9538
-85.9101
-85.8662
-85.8221
-85.7778
-85.7333
-85.6887
-85.6438
-85.5986
-85.5533
-85.5077
-85.462
-85.4159
-85.3697
-85.3231
-85.2764
-85.2294
-85.1821
-85.1345
-85.0867
-85.0386
-84.9902
-84.9415
-84.8924
-84.8431
-84.7934
-84.7434
-84.6931
-84.6424
-84.5913
-84.5399
-84.488
-84.4358
-84.3831
-84.33
-84.2765
-84.2225
-84.168
-84.113
-84.0575
-84.0015
-83.9449
-83.8877
-83.83
-83.7716
-83.7126
-83.6528
-83.5924
-83.5313
-83.4694
-83.4066
-83.343
-83.2786
-83.2132
-83.1468
-83.0793
-83.0109
-82.9412
-82.8703
-82.7982
-82.7247
-82.6497
-82.5732
-82.495
-82.4151
-82.3333
-82.2495
-82.1635
-82.0752
-81.9844
-81.8908
-81.7943
-81.6945
-81.5911
-81.4838
-81.3722
-81.2559
-81.1341
-81.0065
-80.872
-80.7299
-80.5791
-80.4183
-80.2458
-80.0596
-79.8571
-79.6351
-79.3893
-79.1139
-78.8009
-78.4391
-78.0119
-77.4936
-76.8419
-75.9813
-74.7622
-72.8333
-69.1241
-58.3455
11.0557
49.9747
49.0873
43.15
27.2459
6.26159
-7.15823
-17.841
-28.8664
-39.9852
-65.4995
-93.7944
-94.9699
-94.9819
-94.96
-94.9049
-94.7812
-94.5369
-94.1328
-93.5841
-92.9602
-92.3415
-91.7841
-91.3124
-90.9283
-90.6217
-90.3791
-90.187
-90.0338
-89.9102
-89.809
-89.7246
-89.6528
-89.5904
-89.5352
-89.4852
-89.4393
-89.3963
-89.3556
-89.3165
-89.2787
-89.2418
-89.2056
-89.1699
-89.1345
-89.0994
-89.0644
-89.0296
-88.9948
-88.9601
-88.9253
-88.8905
-88.8557
-88.8209
-88.7859
-88.7509
-88.7159
-88.6807
-88.6455
-88.6102
-88.5748
-88.5393
-88.5038
-88.4681
-88.4323
-88.3965
-88.3606
-88.3245
-88.2884
-88.2522
-88.2159
-88.1795
-88.143
-88.1064
-88.0697
-88.0329
-87.996
-87.959
-87.9219
-87.8847
-87.8474
-87.8099
-87.7724
-87.7348
-87.6971
-87.6593
-87.6213
-87.5833
-87.5451
-87.5068
-87.4685
-87.43
-87.3914
-87.3526
-87.3138
-87.2748
-87.2358
-87.1966
-87.1573
-87.1179
-87.0783
-87.0386
-86.9988
-86.9589
-86.9188
-86.8786
-86.8383
-86.7978
-86.7572
-86.7164
-86.6756
-86.6345
-86.5934
-86.552
-86.5106
-86.469
-86.4272
-86.3853
-86.3432
-86.3009
-86.2585
-86.216
-86.1732
-86.1303
-86.0872
-86.0439
-86.0005
-85.9568
-85.913
-85.869
-85.8247
-85.7803
-85.7357
-85.6909
-85.6458
-85.6005
-85.555
-85.5093
-85.4634

