-70
-56.505
24.1256
49.8635
47.4737
37.0155
16.1932
-1.66479
-13.253
-24.1103
-34.4608
-51.8443
-87.5889
-94.874
-94.9848
-94.9766
-94.9528
-94.9048
-94.8153
-94.6635
-94.4342
-94.1277
-93.759
-93.3499
-92.9198
-92.4831
-92.0484
-91.6205
-91.2013
-90.7915
-90.3907
-89.9983
-89.6134
-89.2351
-88.8624
-88.4942
-88.1294
-87.7669
-87.4055
-87.044
-86.6811
-86.3153
-85.9449
-85.5682
-85.183
-84.787
-84.3771
-83.9498
-83.5009
-83.0249
-82.5146
-81.9605
-81.3497
-80.6633
-79.8733
-78.9343
-77.7679
-76.2213
-73.943
-69.8705
-58.6548
11.7243
49.9782
48.9891
42.4642
25.4019
4.30845
-8.64758
-19.2509
-30.283
-42.7116
-72.1017
-94.3978
-94.9769
-94.9789
-94.9585
-94.9158
-94.8335
-94.6874
-94.4546
-94.1268
-93.7161
-93.2479
-92.7489
-92.2402
-91.7353
-91.2422
-90.7643
-90.3029
-89.8578
-89.4283
-89.013
-88.6106
-88.2197
-87.8387
-87.4664
-87.101
-86.7413
-86.3856
-86.0324
-85.68
-85.3266
-84.9702
-84.6088
-84.2397
-83.8602
-83.4669
-83.0557
-82.6214
-82.1576
-81.6557
-81.104
-80.4861
-79.7777
-78.9407
-77.911
-76.5688
-74.6565
-71.4795
-64.2505
-29.2196
48.9841
49.4488
45.2143
31.8653
10.8253
-4.22306
-15.2361
-26.1701
-35.7343
-54.8963
-90.2488
-94.9196
-94.9827
-94.9694
-94.9368
-94.8707
-94.7461
-94.5342
-94.2173
-93.8019
-93.3143
-92.7869
-92.2469
-91.7124
-91.194
-90.6963
-90.2209
-89.7676
-89.3352
-88.9221
-88.5266
-88.147
-87.7816
-87.4288
-87.0868
-86.7543
-86.4297
-86.1115
-85.7981
-85.4882
-85.1801
-84.8721
-84.5626
-84.2496
-83.9311
-83.6045
-83.2672
-82.9159
-82.5465
-82.1541
-81.7323
-81.2727
-80.7638
-80.1896
-79.5261
-78.7358
-77.7557
-76.4685
-74.623
-71.5484
-64.6094
-32.1243
49.0609
49.4521
45.2695
32.0919
11.1922
-3.95287
-14.9869
-25.8963
-35.5643
-54.4761
-89.9613
-94.9155
-94.9821
-94.9681
-94.9341
-94.8648
-94.7339
-94.5106
-94.176
-93.7369
-93.2221
-92.6669
-92.101
-91.5441
-91.0073
-90.4956
-90.0106
-89.5515
-89.1169
-88.705
-88.3137
-87.941
-87.585
-87.2438
-86.9157
-86.5991
-86.2924
-85.994
-85.7025
-85.4164
-85.1343
-84.8545
-84.5758
-84.2963
-84.0145
-83.7284
-83.4359
-83.1347
-82.8219
-82.4943
-82.1476
-81.7769
-81.3755
-80.9348
-80.4426
-79.8819
-79.2272
-78.4377
-77.4443
-76.115
-74.1589
-70.76
-62.407
-16.3666
49.8829
49.5423
45.4381
32.0875
10.7592
-4.38713
-15.4194
-26.3873
-35.8798
-55.2606
-90.4723
-94.9208
-94.9803
-94.9641
-94.9257
-94.8479
-94.7014
-94.4532
-94.0848
-93.6067
-93.0527
-92.462
-91.8662
-91.2856
-90.731
-90.2066
-89.7132
-89.2495
-88.8135
-88.4027
-88.0148
-87.6475
-87.2985
-86.9658
-86.6476
-86.342
-86.0473
-85.762
-85.4846
-85.2134
-84.9472
-84.6844
-84.4235
-84.1632
-83.9017
-83.6373
-83.3683
-83.0924
-82.8074
-82.5103
-82.1977
-81.8656
-81.5088
-81.1203
-80.6912
-80.2089
-79.6554
-79.0038
-78.2105
-77.2004
-75.8281
-73.7639
-70.0427
-60.1572
0.385243
49.9812
49.4423
44.5925
29.7739
8.02705
-6.18473
-17.0301
-28.0881
-38.628
-62.0923
-93.1663
-94.9567
-94.9766
-94.9548
-94.9069
-94.8122
-94.6386
-94.3536
-93.9436
-93.4253
-92.8365
-92.2174
-91.5992
-91.0011
-90.4329
-89.8982
-89.3973
-88.9283
-88.4889
-88.0765
-87.6883
-87.3218
-86.9747
-86.6447
-86.3297
-86.028
-85.7377
-85.457
-85.1845
-84.9184
-84.6574
-84.3999
-84.1443
-83.8891
-83.6327
-83.3732
-83.1087
-82.837
-82.5556
-82.2615
-81.9511
-81.6199
-81.2623
-80.8708
-80.4355
-79.9425
-79.3714
-78.6908
-77.8498
-76.7564
-75.2257
-72.8082
-68.0257
-52.1914
39.0976
49.6808
46.4974
35.1099
14.789
-1.83574
-13.2018
-23.9722
-34.2804
-51.3801
-87.1749
-94.8712
-94.9803
-94.9661
-94.9302
-94.8572
-94.7197
-94.4843
-94.1276
-93.6515
-93.0841
-92.4645
-91.8286
-91.2019
-90.5996
-90.0292
-89.493
-88.9908
-88.5208
-88.0804
-87.6669
-87.2778
-86.9103
-86.5621
-86.2308
-85.9144
-85.6107
-85.318
-85.0344
-84.7583
-84.4878
-84.2213
-83.9571
-83.6935
-83.4286
-83.1605
-82.8869
-82.6055
-82.3133
-82.007
-81.6822
-81.334
-80.9555
-80.5379
-80.0686
-79.5302
-78.896
-78.1235
-77.1393
-75.8019
-73.7935
-70.1946
-60.8294
-4.98443
49.9732
49.5304
45.1089
30.972
9.22887
-5.43979
-16.3756
-27.414
-37.4697
-59.1889
-92.3374
-94.9444
-94.9758
-94.9536
-94.904
-94.8049
-94.6212
-94.3161
-93.8733
-93.3107
-92.6707
-91.9991
-91.3309
-90.6878
-90.0803
-89.512
-88.9826
-88.4899
-88.0306
-87.6016
-87.1996
-86.8217
-86.4649
-86.1268
-85.8049
-85.497
-85.2011
-84.9152
-84.6374
-84.3661
-84.0993
-83.8353
-83.5724
-83.3085
-83.0417
-82.7698
-82.4901
-82.1998
-81.8954
-81.5728
-81.2265
-80.8496
-80.4331
-79.9643
-79.425
-78.7877
-78.008
-77.009
-75.6411
-73.5614
-69.7549
-59.3736
5.5605
49.982
49.2807
43.7417
27.8754
6.23525
-7.3575
-18.0826
-29.1525
-40.5532
-66.9125
-93.9661
-94.9667
-94.9719
-94.9441
-94.8849
-94.7692
-94.5602
-94.2234
-93.7479
-93.157
-92.4951
-91.807
-91.1265
-90.4736
-89.8583
-89.2835
-88.7486
-88.2512
-87.788
-87.3558
-86.951
-86.5707
-86.2118
-85.8717
-85.5479
-85.2382
-84.9402
-84.652
-84.3716
-84.097
-83.8265
-83.558
-83.2896
-83.0192
-82.7444
-82.4627
-82.1711
-81.8662
-81.5438
-81.1984
-80.8233
-80.4095
-79.9444
-79.4102
-78.7796
-78.0094
-77.0243
-75.6785
-73.6411
-69.9435
-60.0757
0.407726
49.9801
49.43
44.4923
29.4649
7.63877
-6.46131
-17.2857
-28.3556
-39.1068
-63.2981
-93.421
-94.9586
-94.9726
-94.946
-94.8884
-94.7746
-94.5669
-94.2281
-93.7449
-93.1402
-92.4603
-91.7528
-91.0533
-90.3835
-89.7534
-89.1662
-88.6211
-88.1153
-87.6453
-87.2075
-86.7982
-86.4141
-86.0522
-85.7095
-85.3835
-85.0718
-84.772
-84.4821
-84.1999
-83.9235
-83.6508
-83.3798
-83.1085
-82.8345
-82.5553
-82.2682
-81.9699
-81.6565
-81.3233
-80.9642
-80.5714
-80.1339
-79.637
-79.0582
-78.3632
-77.4944
-76.3465
-74.6989
-71.9882
-66.1813
-43.0108
48.0485
49.5137
45.5873
32.8465
12.0451
-3.44131
-14.5492
-25.4286
-35.276
-53.7736
-89.4314
-94.9057
-94.9776
-94.9588
-94.9142
-94.8228
-94.649
-94.3506
-93.9028
-93.3172
-92.6369
-91.9136
-91.1891
-90.4902
-89.8308
-89.2156
-88.6446
-88.1154
-87.6242
-87.1671
-86.7404
-86.3405
-85.9638
-85.6075
-85.2687
-84.9446
-84.633
-84.3313
-84.0374
-83.7491
-83.464
-83.1801
-82.8948
-82.6056
-82.3096
-82.0034
-81.6832
-81.3441
-80.9801
-80.5833
-80.1431
-79.6447
-79.0661
-78.3736
-77.5108
-76.3754
-74.7539
-72.1073
-66.5257
-45.0806
47.3016
49.5354
45.6901
33.0651
12.2608
-3.32969
-14.4597
-25.3354
-35.2193
-53.6375
-89.3199
-94.9036
-94.9772
-94.958
-94.9124
-94.8193
-94.6421
-94.3384
-93.8828
-93.287
-92.5945
-91.8575
-91.1187
-90.4057
-89.7326
-89.1047
-88.5221
-87.9821
-87.4812
-87.0153
-86.5804
-86.1727
-85.7889
-85.4256
-85.0799
-84.7491
-84.4305
-84.1215
-83.8199
-83.5233
-83.2291
-82.9349
-82.638
-82.3355
-82.024
-81.6994
-81.3571
-80.991
-80.5935
-80.1541
-79.6585
-79.0853
-78.402
-77.5548
-76.4464
-74.877
-72.3512
-67.1748
-48.6434
44.7378
49.5852
45.9394
33.6297
12.8678
-2.99912
-14.1887
-25.0483
-35.037
-53.1968
-88.9478
-94.8976
-94.9769
-94.9575
-94.9116
-94.8178
-94.6401
-94.3363
-93.881
-93.2848
-92.5897
-91.8473
-91.1006
-90.3779
-89.6943
-89.0559
-88.4631
-87.9137
-87.4041
-86.9304
-86.4886
-86.0747
-85.6854
-85.3171
-84.9669
-84.6318
-84.3092
-83.9965
-83.6911
-83.3906
-83.0924
-82.7938
-82.4921
-82.184
-81.866
-81.5337
-81.182
-80.8043
-80.3919
-79.9332
-79.4115
-78.802
-78.0656
-77.1359
-75.8873
-74.0455
-70.8582
-63.2319
-24.0612
49.2777
49.4564
45.1508
31.5206
10.2283
-4.67497
-15.6576
-26.6331
-36.1606
-55.9449
-90.8889
-94.9246
-94.9749
-94.9522
-94.9003
-94.7948
-94.5954
-94.2575
-93.7587
-93.1178
-92.3854
-91.6171
-90.856
-90.1283
-89.4462
-88.8134
-88.2287
-87.6886
-87.1886
-86.7244
-86.2917
-85.8864
-85.5048
-85.1437
-84.7998
-84.4704
-84.1528
-83.8442
-83.5422
-83.2443
-82.9479
-82.6503
-82.3485
-82.0393
-81.7187
-81.3823
-81.0245
-80.638
-80.2133
-79.7373
-79.1909
-78.5456
-77.7546
-76.7366
-75.3303
-73.1596
-69.0704
-57.1787
19.0562
49.9399
48.3572
40.111
21.3009
1.54264
-10.6566
-21.2306
-32.1036
-46.4711
-79.9684
-94.7143
-94.9751
-94.9621
-94.9221
-94.8404
-94.6846
-94.4135
-93.9945
-93.4269
-92.7445
-91.9986
-91.2363
-90.4913
-89.7828
-89.1196
-88.5036
-87.9334
-87.4055
-86.9159
-86.4603
-86.0348
-85.6355
-85.2589
-84.9016
-84.5606
-84.2331
-83.9162
-83.6074
-83.304
-83.0033
-82.7027
-82.3991
-82.0893
-81.7696
-81.4355
-81.0817
-80.7013
-80.2852
-79.8213
-79.2921
-78.6712
-77.9171
-76.9575
-75.6544
-73.6977
-70.201
-61.2219
-8.97499
49.9577
49.5555
45.2469
31.2043
9.34896
-5.41184
-16.3665
-27.4141
-37.4771
-59.209
-92.3434
-94.9425
-94.9716
-94.9445
-94.8847
-94.7648
-94.5427
-94.175
-93.6446
-92.9767
-92.2245
-91.4436
-90.6752
-89.9437
-89.2605
-88.6281
-88.045
-87.5073
-87.0104
-86.5499
-86.1211
-85.7201
-85.3431
-84.9866
-84.6476
-84.323
-84.0102
-83.7065
-83.4092
-83.116
-82.8242
-82.531
-82.2335
-81.9283
-81.6115
-81.2785
-80.9236
-80.5393
-80.1158
-79.6395
-79.0907
-78.4392
-77.6359
-76.5935
-75.1369
-72.8479
-68.3903
-54.3883
32.3347
49.7696
46.9618
36.0996
15.7402
-1.47361
-12.9626
-23.737
-34.1323
-51.0433
-86.7739
-94.8606
-94.9758
-94.9572
-94.9112
-94.8179
-94.6415
-94.3396
-93.884
-93.2814
-92.5718
-91.8079
-91.0357
-90.2864
-89.5773
-88.9157
-88.3027
-87.7363
-87.2126
-86.7274
-86.2765
-85.8556
-85.4608
-85.0886
-84.7355
-84.3986
-84.0748
-83.7615
-83.4559
-83.1553
-82.857
-82.5583
-82.2561
-81.9469
-81.627
-81.2917
-80.9351
-80.5502
-80.127
-79.6524
-79.107
-78.4614
-77.6681
-76.6427
-75.2181
-72.9996
-68.7534
-55.9647
25.5132
49.8709
47.6781
38.0336
18.2625
-0.145082
-11.9281
-22.6175
-33.2734
-49.0628
-84.2114
-94.8123
-94.9754
-94.9585
-94.9142
-94.8242
-94.6536
-94.3599
-93.9127
-93.3154
-92.6066
-91.8391
-91.0604
-90.3033
-89.5863
-88.9171
-88.2975
-87.7251
-87.1965
-86.7073
-86.2529
-85.8293
-85.4324
-85.0585
-84.7042
-84.3664
-84.042
-83.7284
-83.4228
-83.1224
-82.8246
-82.5266
-82.2252
-81.9171
-81.5984
-81.2646
-80.9098
-80.527
-80.1063
-79.6346
-79.0928
-78.4518
-77.6648
-76.6486
-75.2392
-73.0513
-68.8911
-56.5654
22.3732
49.9087
48.0142
39.0185
19.6453
0.596537
-11.3659
-22.0063
-32.7723
-47.9372
-82.4933
-94.7757
-94.9749
-94.9591
-94.9156
-94.827
-94.6587
-94.3678
-93.9226
-93.3255
-92.6141
-91.8421
-91.058
-90.2954
-89.5732
-88.8997
-88.2764
-87.7012
-87.1704
-86.6794
-86.2239
-85.7994
-85.402
-85.0279
-84.6737
-84.3361
-84.0122
-83.6991
-83.3942
-83.0946
-82.7978
-82.5008
-82.2006
-81.8938
-81.5766
-81.2443
-80.8913
-80.5104
-80.0919
-79.6227
-79.0839
-78.4467
-77.6645
-76.6553
-75.2571
-73.091
-68.9908
-56.9813
20.0633
49.9311
48.2513
39.7557
20.7345
1.20077
-10.9149
-21.5147
-32.3538
-47.0156
-80.9447
-94.7392
-94.9744
-94.9596
-94.9167
-94.8292
-94.6626
-94.3736
-93.9295
-93.3315
-92.6171
-91.8407
-91.0515
-90.2838
-89.5572
-88.8799
-88.2534
-87.6758
-87.143
-86.6506
-86.1939
-85.7687
-85.3708
-84.9963
-84.6419
-84.3043
-83.9804
-83.6675
-83.3627
-83.0634
-82.7668
-82.47
-82.1699
-81.8633
-81.5461
-81.2137
-80.8604
-80.4789
-80.0595
-79.5888
-79.0476
-78.4066
-77.6181
-76.5981
-75.1792
-72.9669
-68.7273
-55.9475
25.4835
49.8708
47.6746
38.0134
18.2181
-0.180438
-11.959
-22.6526
-33.3028
-49.1304
-84.3065
-94.8138
-94.9749
-94.9573
-94.9117
-94.8191
-94.6438
-94.3424
-93.8843
-93.2739
-92.551
-91.7698
-90.9787
-90.2109
-89.4849
-88.8086
-88.1833
-87.6068
-87.075
-86.5834
-86.1276
-85.703
-85.3055
-84.9315
-84.5773
-84.2397
-83.9157
-83.6025
-83.2971
-82.9969
-82.6991
-82.4007
-82.0986
-81.7893
-81.4688
-81.1321
-80.7734
-80.3847
-79.956
-79.4727
-78.9141
-78.2479
-77.4211
-76.3377
-74.8019
-72.3293
-67.2782
-49.4878
43.6695
49.5966
45.9836
33.6873
12.8699
-3.02893
-14.2241
-25.0915
-35.0702
-53.2791
-89.0139
-94.8974
-94.9748
-94.9531
-94.902
-94.798
-94.6011
-94.2654
-93.7642
-93.1117
-92.356
-91.5546
-90.7548
-89.9865
-89.2652
-88.5964
-87.9797
-87.4119
-86.8883
-86.4042
-85.9549
-85.5358
-85.1429
-84.7723
-84.4205
-84.0843
-83.7607
-83.4467
-83.1394
-82.8361
-82.5339
-82.2295
-81.9195
-81.6002
-81.2671
-80.9143
-80.5351
-80.1201
-79.6566
-79.1266
-78.5027
-77.7412
-76.7661
-75.4292
-73.3925
-69.6588
-59.5211
3.41949
49.9805
49.3285
43.8995
28.0292
6.18616
-7.44764
-18.1832
-29.2665
-40.7772
-67.4631
-94.026
-94.9646
-94.9655
-94.9304
-94.8562
-94.7113
-94.4508
-94.0342
-93.4525
-92.7386
-91.9493
-91.1397
-90.3494
-89.6011
-88.9046
-88.2618
-87.6706
-87.1267
-86.6251
-86.1609
-85.7295
-85.3264
-84.9477
-84.5898
-84.2491
-83.9227
-83.6075
-83.3008
-82.9997
-82.7013
-82.4028
-82.101
-81.7924
-81.4729
-81.1378
-80.7812
-80.3954
-79.9703
-79.4919
-78.9398
-78.2828
-77.4695
-76.408
-74.9113
-72.5249
-67.7466
-51.7346
39.841
49.6523
46.2734
34.3619
13.6176
-2.62929
-13.8995
-24.7467
-34.8448
-52.7367
-88.5279
-94.8894
-94.9746
-94.953
-94.9021
-94.7987
-94.6031
-94.2701
-93.7724
-93.1226
-92.3674
-91.564
-90.76
-89.9861
-89.2588
-88.5838
-87.9612
-87.3879
-86.8595
-86.3711
-85.918
-85.4955
-85.0995
-84.7262
-84.3719
-84.0333
-83.7074
-83.3911
-83.0815
-82.7758
-82.4708
-82.1634
-81.85
-81.5267
-81.1886
-80.8298
-80.443
-80.0183
-79.5419
-78.9941
-78.3451
-77.5456
-76.5086
-75.0599
-72.7827
-68.3467
-54.4361
31.9104
49.7739
46.9786
36.1092
15.7008
-1.52457
-13.0131
-23.7959
-34.1798
-51.1568
-86.8975
-94.8617
-94.9745
-94.9544
-94.9053
-94.8059
-94.6182
-94.2977
-93.8157
-93.1806
-92.4356
-91.6367
-90.832
-90.054
-89.3203
-88.6381
-88.0081
-87.4276
-86.8925
-86.398
-85.9394
-85.5121
-85.1118
-84.7348
-84.3773
-84.036
-83.7077
-83.3894
-83.0782
-82.7711
-82.4651
-82.1569
-81.843
-81.5194
-81.1814
-80.823
-80.4369
-80.0134
-79.5387
-78.9936
-78.3483
-77.5546
-76.527
-75.0954
-72.8549
-68.5294
-55.2556
28.5057
49.8266
47.331
37.0365
16.8754
-0.912472
-12.5332
-23.2783
-33.7947
-50.26
-85.8224
-94.8422
-94.9744
-94.955
-94.9068
-94.8089
-94.6242
-94.3083
-93.8314
-93.2004
-92.4575
-91.6584
-90.8521
-90.0715
-89.3349
-88.6498
-88.0172
-87.4344
-86.8974
-86.4013
-85.9415
-85.5133
-85.1125
-84.7351
-84.3775
-84.0363
-83.7084
-83.3907
-83.0803
-82.7742
-82.4695
-82.1629
-81.8509
-81.5297
-81.1944
-80.8395
-80.4576
-80.0394
-79.5716
-79.0356
-78.403
-77.6279
-76.63
-75.2509
-73.1228
-69.1254
-57.6401
15.9154
49.9588
48.625
40.9922
22.6445
2.29226
-10.1254
-20.6567
-31.5945
-45.3894
-77.8959
-94.6525
-94.9727
-94.9595
-94.9167
-94.829
-94.6613
-94.3686
-93.9158
-93.3026
-92.5676
-91.7676
-90.9546
-90.1649
-89.4188
-88.725
-88.0849
-87.4959
-86.9539
-86.4539
-85.9909
-85.5605
-85.158
-84.7796
-84.4216
-84.0805
-83.7532
-83.4366
-83.1277
-82.8238
-82.5219
-82.2187
-81.9109
-81.5948
-81.2659
-80.9187
-80.5467
-80.1408
-79.6892
-79.1748
-78.5723
-77.8413
-76.9129
-75.6556
-73.7786
-70.4671
-62.2452
-17.2053
49.8453
49.5078
45.196
31.3325
9.72513
-5.09548
-16.0616
-27.0793
-36.9023
-57.7786
-91.7941
-94.9349
-94.9709
-94.9432
-94.8815
-94.7572
-94.5251
-94.1382
-93.5769
-92.8677
-92.0688
-91.2409
-90.4291
-89.6599
-88.9447
-88.2861
-87.6818
-87.1271
-86.6167
-86.1454
-85.708
-85.3001
-84.9174
-84.5561
-84.2128
-83.8841
-83.567
-83.2586
-82.956
-82.6564
-82.3567
-82.0537
-81.744
-81.4232
-81.0866
-80.7282
-80.34
-79.9118
-79.4291
-78.8708
-78.2044
-77.3762
-76.289
-74.7436
-72.2434
-67.0924
-48.5902
44.715
49.5769
45.8709
33.3931
12.5008
-3.25348
-14.4168
-25.3002
-35.2072
-53.6122
-89.29
-94.9011
-94.974
-94.9512
-94.898
-94.7896
-94.5843
-94.2343
-93.7131
-93.0366
-92.2564
-91.4327
-90.6138
-89.8303
-89.097
-88.4187
-87.7946
-87.2208
-86.6924
-86.2041
-85.751
-85.3283
-84.9316
-84.5571
-84.201
-83.86
-83.5308
-83.2103
-82.8954
-82.5831
-82.2701
-81.9527
-81.6272
-81.2888
-80.9319
-80.5495
-80.1323
-79.668
-79.1384
-78.5168
-77.7602
-76.794
-75.474
-73.4728
-69.8353
-60.1524
-1.23839
49.9768
49.443
44.4997
29.3176
7.32169
-6.72254
-17.5379
-28.6243
-39.6001
-64.5369
-93.6386
-94.9588
-94.9662
-94.9321
-94.8595
-94.7164
-94.4568
-94.0377
-93.4478
-92.7201
-91.9132
-91.0849
-90.2767
-89.5122
-88.8018
-88.1473
-87.5462
-86.9938
-86.485
-86.0145
-85.5773
-85.169
-84.7853
-84.4224
-84.0767
-83.745
-83.4242
-83.1111
-82.8028
-82.4963
-82.1883
-81.8753
-81.5533
-81.2175
-80.8624
-80.4807
-80.0628
-79.5957
-79.0608
-78.4298
-77.6572
-76.6626
-75.2888
-73.1706
-69.1968
-57.8238
15.0172
49.9628
48.6936
41.223
22.9963
2.48389
-9.99527
-20.5202
-31.4726
-45.135
-77.3857
-94.6361
-94.9723
-94.9592
-94.9161
-94.8276
-94.658
-94.3617
-93.9031
-93.2822
-92.5387
-91.7304
-90.9099
-90.114
-89.3629
-88.6652
-88.0219
-87.4305
-86.8865
-86.3849
-85.9206
-85.4889
-85.0853
-84.7057
-84.3463
-84.0037
-83.6746
-83.356
-83.0447
-82.7378
-82.4322
-82.1246
-81.8116
-81.4889
-81.1517
-80.7944
-80.4091
-79.9863
-79.512
-78.9666
-78.32
-77.5229
-76.4879
-75.0396
-72.758
-68.2978
-54.2152
32.7847
49.7592
46.8817
35.845
15.3508
-1.72217
-13.1746
-23.9718
-34.3089
-51.4613
-87.237
-94.8674
-94.974
-94.953
-94.9024
-94.7996
-94.6054
-94.274
-93.7763
-93.1228
-92.3596
-91.5447
-90.7274
-89.9401
-89.2002
-88.5141
-87.8821
-87.3009
-86.7661
-86.2726
-85.8154
-85.3898
-84.9914
-84.6162
-84.2605
-83.921
-83.5942
-83.2773
-82.9671
-82.6606
-82.3548
-82.0463
-81.7314
-81.4059
-81.0648
-80.7019
-80.3094
-79.8765
-79.3885
-78.8239
-78.1492
-77.3093
-76.2032
-74.6224
-72.0408
-66.6157
-46.1631
46.6536
49.5383
45.6686
32.9118
11.9566
-3.56637
-14.68
-25.5812
-35.3837
-54.0407
-89.6297
-94.9062
-94.9737
-94.9502
-94.8959
-94.7849
-94.5744
-94.2153
-93.6812
-92.9904
-92.1972
-91.3636
-90.5385
-89.7518
-89.0178
-88.3407
-87.7187
-87.1479
-86.6227
-86.138
-85.6885
-85.2694
-84.8764
-84.5054
-84.1529
-83.8153
-83.4896
-83.1725
-82.8611
-82.5523
-82.2428
-81.9291
-81.6074
-81.2731
-80.9207
-80.5433
-80.1318
-79.674
-79.1526
-78.5414
-77.7989
-76.8535
-75.5681
-73.6357
-70.1791
-61.3211
-10.1374
49.9501
49.5563
45.2505
31.1789
9.27827
-5.47106
-16.4237
-27.4767
-37.5854
-59.4796
-92.4356
-94.9425
-94.969
-94.9389
-94.8728
-94.7406
-94.4963
-94.0935
-93.5155
-92.7921
-91.9824
-91.1468
-90.3297
-89.5566
-88.8384
-88.1775
-87.5711
-87.0146
-86.5025
-86.0296
-85.5906
-85.181
-84.7965
-84.4331
-84.0874
-83.7559
-83.4357
-83.1235
-82.8165
-82.5115
-82.2055
-81.8948
-81.5757
-81.2436
-80.8928
-80.5165
-80.1055
-79.6473
-79.1242
-78.5095
-77.7607
-76.8039
-75.4963
-73.5153
-69.9233
-60.433
-3.23409
49.9738
49.4788
44.7115
29.8105
7.80137
-6.41614
-17.2651
-28.3475
-39.1035
-63.2904
-93.4183
-94.9557
-94.9666
-94.9333
-94.8617
-94.7202
-94.4625
-94.0447
-93.4545
-92.7246
-91.9142
-91.0819
-90.27
-89.5027
-88.7902
-88.1344
-87.5326
-86.9801
-86.4717
-86.002
-85.566
-85.1591
-84.777
-84.4159
-84.0723
-83.7428
-83.4243
-83.1139
-82.8085
-82.5051
-82.2006
-81.8913
-81.5736
-81.2427
-80.8932
-80.5182
-80.1083
-79.6512
-79.1291
-78.5152
-77.767
-76.8102
-75.5015
-73.5163
-69.9093
-60.3385
-2.35165
49.9751
49.4643
44.6247
29.6081
7.60333
-6.54172
-17.3765
-28.4608
-39.3061
-63.7998
-93.5143
-94.957
-94.9663
-94.9325
-94.8602
-94.7173
-94.4576
-94.0373
-93.4449
-92.7134
-91.9024
-91.0703
-90.2593
-89.4932
-88.7821
-88.1279
-87.5278
-86.9772
-86.4705
-86.0027
-85.5685
-85.1635
-84.7833
-84.4242
-84.0825
-83.7552
-83.4389
-83.1308
-82.8279
-82.5273
-82.2257
-81.9197
-81.6057
-81.2791
-80.9346
-80.5654
-80.1628
-79.7148
-79.2046
-78.607
-77.882
-76.961
-75.7141
-73.8535
-70.5762
-62.4758
-18.5146
49.7958
49.4952
45.164
31.2921
9.71501
-5.08966
-16.0525
-27.0675
-36.8806
-57.724
-91.7717
-94.9345
-94.9707
-94.9427
-94.8805
-94.7549
-94.5203
-94.1287
-93.5604
-92.8427
-92.0347
-91.1982
-90.3789
-89.6034
-88.8833
-88.2209
-87.6135
-87.0564
-86.5442
-86.0714
-85.6328
-85.2237
-84.84
-84.4776
-84.1329
-83.8028
-83.484
-83.1735
-82.8684
-82.5657
-82.2622
-81.9545
-81.6388
-81.3107
-80.9649
-80.5945
-80.191
-79.7424
-79.2319
-78.6345
-77.9107
-76.9927
-75.7522
-73.9062
-70.6696
-62.7488
-20.5303
49.68
49.477
45.129
31.2822
9.77555
-5.02613
-15.9883
-26.995
-36.7564
-57.4151
-91.6356
-94.9329
-94.971
-94.9435
-94.8821
-94.7579
-94.5254
-94.1363
-93.5701
-92.8532
-92.0447
-91.2065
-90.3847
-89.6063
-88.883
-88.2172
-87.6064
-87.0459
-86.5302
-86.0538
-85.6115
-85.1987
-84.811
-84.4445
-84.0955
-83.7608
-83.437
-83.1211
-82.81
-82.5007
-82.1898
-81.8736
-81.5482
-81.2087
-80.8492
-80.4622
-80.0378
-79.5624
-79.0165
-78.3701
-77.5744
-76.5429
-75.1024
-72.8394
-68.4375
-54.6908
31.1417
49.7848
47.0404
36.241
15.8215
-1.48729
-12.9923
-23.7773
-34.1701
-51.1363
-86.8736
-94.8609
-94.9739
-94.953
-94.9024
-94.7994
-94.6046
-94.2713
-93.7695
-93.1093
-92.3376
-91.5136
-90.6874
-89.8919
-89.1447
-88.452
-87.814
-87.2273
-86.6872
-86.1885
-85.726
-85.295
-84.8909
-84.5097
-84.1474
-83.8006
-83.4658
-83.1399
-82.8195
-82.5015
-82.1822
-81.8581
-81.5249
-81.1775
-80.8098
-80.414
-79.98
-79.4934
-78.9335
-78.269
-77.4475
-76.3758
-74.8634
-72.4438
-67.5589
-50.8411
41.6066
49.623
46.1025
33.9121
13.0467
-2.96935
-14.1881
-25.0597
-35.056
-53.2476
-88.9811
-94.896
-94.9736
-94.9507
-94.8971
-94.7879
-94.5808
-94.2278
-93.7012
-93.0169
-92.2267
-91.392
-90.5621
-89.7682
-89.0257
-88.3396
-87.7087
-87.1293
-86.5961
-86.1037
-85.6471
-85.2212
-84.8217
-84.4445
-84.0856
-83.7418
-83.4094
-83.0855
-82.7666
-82.4496
-82.131
-81.807
-81.4732
-81.1247
-80.7551
-80.3564
-79.918
-79.4253
-78.8567
-78.1788
-77.3367
-76.2304
-74.6527
-72.0832
-66.7052
-46.5961
46.3756
49.5421
45.6783
32.9082
11.9187
-3.60373
-14.7168
-25.6232
-35.4121
-54.1109
-89.6812
-94.9067
-94.9734
-94.9497
-94.8947
-94.7825
-94.5695
-94.2065
-93.6667
-92.969
-92.1684
-91.3275
-90.4956
-89.7027
-88.9631
-88.2809
-87.6544
-87.0792
-86.5501
-86.0614
-85.608
-85.1849
-84.7878
-84.4125
-84.0552
-83.7126
-83.3811
-83.0577
-82.7391
-82.4219
-82.1028
-81.778
-81.443
-81.0926
-80.7206
-80.3186
-79.8759
-79.3773
-78.8004
-78.1107
-77.2506
-76.1145
-74.4802
-71.7789
-65.9479
-42.4336
48.1118
49.489
45.4035
32.2601
11.1991
-4.02497
-15.0749
-26.0039
-35.6418
-54.6711
-90.0897
-94.9127
-94.9732
-94.9489
-94.8929
-94.7788
-94.5621
-94.1931
-93.6456
-92.9403
-92.1338
-91.2894
-90.4561
-89.6633
-88.9247
-88.2439
-87.6189
-87.045
-86.5169
-86.029
-85.5759
-85.1529
-84.7555
-84.3795
-84.0213
-83.6773
-83.3442
-83.0186
-82.6975
-82.3773
-82.0545
-81.7253
-81.3849
-81.0282
-80.6482
-80.2364
-79.781
-79.2656
-78.6658
-77.9433
-77.0327
-75.8117
-74.0135
-70.9123
-63.5763
-27.0104
48.6895
49.4259
45.0256
31.2143
9.8723
-4.90373
-15.8604
-26.8487
-36.5048
-56.7906
-91.342
-94.9295
-94.9717
-94.945
-94.8849
-94.7632
-94.5341
-94.1483
-93.5835
-92.8647
-92.0507
-91.2045
-90.3733
-89.5848
-88.8513
-88.1757
-87.5554
-86.9857
-86.4611
-85.976
-85.5252
-85.1039
-84.7075
-84.3321
-83.974
-83.6296
-83.2955
-82.9685
-82.6452
-82.3223
-81.9961
-81.6625
-81.3168
-80.9531
-80.5646
-80.1416
-79.6718
-79.137
-78.5101
-77.7477
-76.7748
-75.4454
-73.4275
-69.7475
-59.864
0.870615
49.9787
49.3918
44.2001
28.61
6.62793
-7.18189
-17.9523
-29.0428
-40.3666
-66.4483
-93.9092
-94.9623
-94.9646
-94.9285
-94.8521
-94.7024
-94.4325
-94
-93.3956
-92.6542
-91.8354
-90.9969
-90.18
-89.4079
-88.6907
-88.03
-87.423
-86.8652
-86.3512
-85.8756
-85.4334
-85.0198
-84.6307
-84.2619
-83.91
-83.5713
-83.2427
-82.9209
-82.6026
-82.2845
-81.9629
-81.6339
-81.2927
-80.9336
-80.5496
-80.1315
-79.6667
-79.1374
-78.5167
-77.7619
-76.7987
-75.4835
-73.4908
-69.8719
-60.2608
-1.94349
49.9756
49.4535
44.5492
29.404
7.3747
-6.69796
-17.5191
-28.6074
-39.5716
-64.4663
-93.6283
-94.9585
-94.9657
-94.9311
-94.8573
-94.7118
-94.4479
-94.0218
-93.4227
-92.6845
-91.8673
-91.0297
-90.2135
-89.4428
-88.7274
-88.0692
-87.4654
-86.9111
-86.4011
-85.9298
-85.4922
-85.0837
-84.7
-84.3371
-83.9915
-83.6597
-83.3387
-83.0253
-82.7165
-82.409
-82.0995
-81.7845
-81.4597
-81.1202
-80.76
-80.3713
-79.944
-79.4638
-78.9102
-78.2515
-77.4359
-76.3699
-74.8629
-72.4485
-67.567
-50.8393
41.6348
49.623
46.1039
33.9198
13.0611
-2.95864
-14.1783
-25.0488
-35.0484
-53.229
-88.9659
-94.8958
-94.9737
-94.9507
-94.8971
-94.7879
-94.5809
-94.2278
-93.7011
-93.0167
-92.2268
-91.3927
-90.564
-89.7717
-89.0313
-88.3474
-87.7192
-87.1425
-86.6122
-86.123
-85.6695
-85.247
-84.851
-84.4774
-84.1224
-83.7826
-83.4548
-83.1356
-82.822
-82.5109
-82.1989
-81.8824
-81.5573
-81.2189
-80.8615
-80.4777
-80.0581
-79.5893
-79.0528
-78.42
-77.6451
-76.6471
-75.2671
-73.1346
-69.1174
-57.5044
17.0419
49.9523
48.5201
40.6063
21.9816
1.86223
-10.4467
-21.0092
-31.9155
-46.0728
-79.2243
-94.6928
-94.9728
-94.9578
-94.9131
-94.8213
-94.6459
-94.3404
-93.8697
-93.2355
-92.4794
-91.6602
-90.8309
-90.0281
-89.2717
-88.5698
-87.9234
-87.3295
-86.7836
-86.2805
-85.8149
-85.382
-84.9772
-84.5964
-84.2358
-83.8917
-83.5609
-83.2401
-82.9262
-82.6162
-82.3067
-81.9945
-81.6755
-81.3455
-80.9993
-80.6303
-80.2302
-79.7876
-79.2869
-78.7046
-78.0046
-77.1252
-75.9521
-74.2416
-71.3484
-64.8017
-35.3287
48.9279
49.431
45.1044
31.5466
10.4037
-4.51022
-15.4952
-26.4506
-35.8997
-55.3032
-90.5105
-94.9187
-94.9728
-94.9478
-94.8906
-94.7739
-94.5528
-94.1771
-93.6222
-92.911
-92.1016
-91.2579
-90.4281
-89.6409
-88.9092
-88.2359
-87.6186
-87.0526
-86.5323
-86.0521
-85.6067
-85.1914
-84.8018
-84.4337
-84.0837
-83.7482
-83.4241
-83.1082
-82.7975
-82.4888
-82.179
-81.8643
-81.5409
-81.2038
-80.8476
-80.4647
-80.0458
-79.5776
-79.0415
-78.4088
-77.6338
-76.6355
-75.2548
-73.1212
-69.1027
-57.4908
17.0111
49.9524
48.5226
40.6154
21.9972
1.87213
-10.4393
-21.0011
-31.9081
-46.0568
-79.1924
-94.6916
-94.9727
-94.9578
-94.9131
-94.8215
-94.6467
-94.3424
-93.8738
-93.2423
-92.4887
-91.6712
-90.8428
-90.0399
-89.2825
-88.579
-87.9306
-87.3345
-86.7862
-86.2804
-85.8122
-85.3766
-84.9691
-84.5854
-84.2219
-83.8748
-83.5408
-83.2167
-82.8993
-82.5854
-82.2718
-81.9549
-81.6307
-81.2948
-80.9415
-80.5641
-80.1538
-79.6985
-79.1811
-78.5763
-77.8437
-76.9146
-75.6576
-73.7823
-70.475
-62.2667
-17.3392
49.8394
49.5035
45.1655
31.2364
9.59515
-5.18496
-16.1431
-27.1664
-37.0488
-58.1418
-91.9469
-94.9366
-94.9702
-94.9415
-94.878
-94.7501
-94.5116
-94.1145
-93.5396
-92.815
-92.0006
-91.1581
-90.3335
-89.5532
-88.8288
-88.1624
-87.5515
-86.9912
-86.476
-86.0004
-85.5592
-85.1476
-84.7612
-84.3963
-84.049
-83.716
-83.3942
-83.0804
-82.7717
-82.4648
-82.1565
-81.8433
-81.5212
-81.1853
-80.83
-80.4479
-80.0294
-79.5614
-79.0248
-78.391
-77.6134
-76.61
-75.2191
-73.0615
-68.9699
-56.9624
20.1424
49.9292
48.2215
39.6151
20.4394
0.97148
-11.1051
-21.7293
-32.5453
-47.4402
-81.6704
-94.7558
-94.9733
-94.9564
-94.9099
-94.8151
-94.6348
-94.3228
-93.846
-93.2079
-92.4508
-91.6331
-90.8065
-90.0067
-89.253
-88.5533
-87.9085
-87.3159
-86.7707
-86.268
-85.8026
-85.3697
-84.9647
-84.5836
-84.2224
-83.8776
-83.546
-83.2242
-82.9092
-82.5979
-82.287
-81.9729
-81.6519
-81.3194
-80.9703
-80.5976
-80.193
-79.7448
-79.2365
-78.644
-77.9291
-77.027
-75.8159
-74.0311
-70.9542
-63.6975
-27.8376
48.7596
49.4251
45.0354
31.2734
9.97735
-4.82325
-15.7849
-26.7662
-36.3673
-56.4516
-91.1688
-94.9272
-94.9719
-94.9455
-94.886
-94.7652
-94.5375
-94.1535
-93.5905
-92.8734
-92.0614
-91.2175
-90.3891
-89.604
-88.8746
-88.2035
-87.5881
-87.0237
-86.5048
-86.0257
-85.5813
-85.1666
-84.7774
-84.4097
-84.0598
-83.7242
-83.3998
-83.0835
-82.7722
-82.4627
-82.1517
-81.8356
-81.5104
-81.1711
-80.812
-80.4255
-80.0018
-79.5274
-78.9827
-78.338
-77.5447
-76.517
-75.0835
-72.8357
-68.4808
-55.0175
29.62
49.8084
47.1965
36.6497
16.3353
-1.22049
-12.7828
-23.5516
-34.0041
-50.7486
-86.4201
-94.8527
-94.9738
-94.9532
-94.9029
-94.8007
-94.6078
-94.2781
-93.7818
-93.1278
-92.3612
-91.5403
-90.7149
-89.9186
-89.1692
-88.4737
-87.8325
-87.2427
-86.6996
-86.1983
-85.7336
-85.3007
-84.8952
-84.5129
-84.15
-83.8029
-83.4684
-83.143
-82.8236
-82.5071
-82.1899
-81.8685
-81.5386
-81.1954
-80.8331
-80.4443
-80.0191
-79.5442
-79.0004
-78.3584
-77.571
-76.5546
-75.1435
-72.9467
-68.7473
-56.1698
24.1949
49.8856
47.7871
38.2873
18.5111
-0.08258
-11.9027
-22.5986
-33.2671
-49.0535
-84.1901
-94.8103
-94.9736
-94.9547
-94.9062
-94.8077
-94.6212
-94.3007
-93.8147
-93.1693
-92.408
-91.5889
-90.7629
-89.9644
-89.2123
-88.5142
-87.8707
-87.2791
-86.7348
-86.2327
-85.7677
-85.335
-84.9301
-84.5489
-84.1876
-83.8426
-83.5105
-83.1883
-82.8726
-82.5604
-82.2485
-81.9332
-81.6106
-81.2764
-80.9248
-80.5494
-80.1411
-79.6881
-79.1735
-78.5723
-77.8446
-76.9225
-75.677
-73.8242
-70.5747
-62.6102
-20.0496
49.7132
49.4796
45.1241
31.2442
9.70787
-5.07784
-16.0368
-27.0479
-36.8455
-57.6363
-91.7346
-94.9341
-94.9706
-94.9427
-94.8803
-94.7544
-94.5189
-94.1255
-93.5538
-92.8312
-92.0171
-91.174
-90.3482
-89.5664
-88.8405
-88.1729
-87.561
-86.9998
-86.484
-86.008
-85.5665
-85.1548
-84.7685
-84.4037
-84.0568
-83.7244
-83.4032
-83.0904
-82.7827
-82.4772
-82.1706
-81.8595
-81.5398
-81.2069
-80.8554
-80.478
-80.0656
-79.6055
-79.0798
-78.4611
-77.7063
-76.7393
-75.4134
-73.3932
-69.6926
-59.6837
2.19384
49.9796
49.3599
44.0438
28.2987
6.38077
-7.33316
-18.0847
-29.1721
-40.6043
-67.0368
-93.9792
-94.9633
-94.9643
-94.9278
-94.8507
-94.7
-94.4292
-93.9961
-93.3922
-92.6527
-91.8369
-91.0023
-90.1898
-89.4224
-88.7101
-88.0544
-87.4526
-86.9001
-86.3915
-85.9215
-85.4851
-85.0777
-84.695
-84.3332
-83.9887
-83.6581
-83.3382
-83.0261
-82.7187
-82.4127
-82.1051
-81.7921
-81.4697
-81.1329
-80.7762
-80.3917
-79.9696
-79.4964
-78.9521
-78.3068
-77.5111
-76.4777
-75.0308
-72.7503
-68.2886
-54.1848
32.8937
49.7568
46.8632
35.7863
15.2612
-1.77934
-13.2234
-24.0258
-34.3491
-51.5567
-87.3391
-94.8689
-94.9737
-94.9523
-94.9009
-94.7964
-94.5991
-94.2624
-93.7572
-93.0945
-92.3214
-91.497
-90.6712
-89.8767
-89.1306
-88.4394
-87.8031
-87.2184
-86.6805
-86.1843
-85.7246
-85.2967
-84.8961
-84.5187
-84.1606
-83.8184
-83.4888
-83.1685
-82.8545
-82.5436
-82.2325
-81.9177
-81.5952
-81.2606
-80.9081
-80.531
-80.1202
-79.6634
-79.1434
-78.534
-77.7939
-76.8517
-75.5705
-73.6446
-70.2006
-61.3872
-10.5956
49.9468
49.5535
45.2455
31.1797
9.2914
-5.45864
-16.4114
-27.463
-37.5617
-59.4204
-92.4162
-94.9422
-94.9688
-94.9384
-94.8719
-94.7386
-94.4921
-94.0856
-93.5024
-92.7727
-91.9568
-91.1157
-90.2941
-89.5176
-88.7972
-88.1348
-87.5279
-86.9714
-86.4599
-85.988
-85.5503
-85.1422
-84.7595
-84.3981
-84.0545
-83.7253
-83.4075
-83.0978
-82.7936
-82.4915
-82.1885
-81.8812
-81.5657
-81.2375
-80.8911
-80.5198
-80.1145
-79.6631
-79.1485
-78.5446
-77.8105
-76.8753
-75.6034
-73.6923
-70.2821
-61.6054
-12.0882
49.9347
49.5448
45.2387
31.2206
9.39167
-5.377
-16.3332
-27.3779
-37.4143
-59.053
-92.2901
-94.9407
-94.9691
-94.9393
-94.8735
-94.7418
-94.4977
-94.0943
-93.5144
-92.7875
-91.9736
-91.1338
-90.3131
-89.5372
-88.8172
-88.1552
-87.5485
-86.9922
-86.4809
-86.009
-85.5714
-85.1635
-84.7807
-84.4194
-84.0759
-83.7468
-83.429
-83.1195
-82.8153
-82.5134
-82.2106
-81.9035
-81.5883
-81.2605
-80.9146
-80.5439
-80.1395
-79.6893
-79.1763
-78.5747
-77.8439
-76.914
-75.6514
-73.759
-70.3979
-61.9357
-14.469
49.9053
49.5285
45.2184
31.264
9.52909
-5.26016
-16.2203
-27.2537
-37.2004
-58.5196
-92.0943
-94.9383
-94.9697
-94.9405
-94.876
-94.7463
-94.5054
-94.1056
-93.5287
-92.8036
-91.9901
-91.1497
-90.3278
-89.5504
-88.8288
-88.1653
-87.5571
-86.9994
-86.4866
-86.0134
-85.5744
-85.1649
-84.7807
-84.4178
-84.0726
-83.7417
-83.4221
-83.1105
-82.8041
-82.4998
-82.1942
-81.884
-81.5652
-81.2331
-80.8822
-80.5055
-80.0935
-79.6335
-79.1076
-78.4882
-77.7317
-76.7613
-75.4282
-73.3907
-69.6373
-59.3533
5.01206
49.9802
49.2693
43.592
27.3508
5.57701
-7.86171
-18.5604
-29.6396
-41.4836
-69.1896
-94.1929
-94.9664
-94.9631
-94.925
-94.8451
-94.6894
-94.4113
-93.9698
-93.3586
-92.6143
-91.7968
-90.9627
-90.152
-89.3872
-88.6777
-88.0248
-87.4257
-86.8758
-86.3696
-85.9018
-85.4675
-85.062
-84.6811
-84.3209
-83.9779
-83.6486
-83.33
-83.0191
-82.7126
-82.4075
-82.1006
-81.7882
-81.4661
-81.1296
-80.7727
-80.3878
-79.9649
-79.4901
-78.9432
-78.2937
-77.4911
-76.4455
-74.975
-72.6399
-68.0061
-52.8432
37.2215
49.6894
46.4688
34.8058
14.0914
-2.39631
-13.7178
-24.5559
-34.7193
-52.438
-88.2429
-94.8842
-94.9737
-94.9515
-94.8988
-94.7917
-94.5889
-94.2427
-93.7246
-93.0483
-92.2642
-91.4328
-90.6042
-89.8103
-89.0671
-88.3802
-87.7489
-87.1694
-86.6366
-86.1453
-85.6902
-85.2664
-84.8696
-84.4955
-84.1405
-83.8009
-83.4737
-83.1555
-82.8433
-82.5339
-82.224
-81.9102
-81.5884
-81.254
-80.9015
-80.5239
-80.1119
-79.6532
-79.1301
-78.5158
-77.768
-76.8128
-75.508
-73.5319
-69.9504
-60.5004
-3.63953
49.9729
49.4854
44.7525
29.9088
7.90068
-6.35233
-17.2081
-28.2893
-38.9999
-63.0297
-93.3673
-94.9549
-94.9666
-94.9331
-94.8613
-94.7191
-94.4598
-94.0388
-93.4437
-92.7075
-91.8906
-91.0522
-90.2352
-89.4639
-88.7485
-88.0907
-87.4877
-86.9348
-86.4264
-85.9571
-85.5219
-85.116
-84.7352
-84.3755
-84.0335
-83.7057
-83.3891
-83.0805
-82.7772
-82.4759
-82.1736
-81.8667
-81.5515
-81.2233
-80.8767
-80.5048
-80.0984
-79.6453
-79.1279
-78.5197
-77.7788
-76.8322
-75.5394
-73.5841
-70.0525
-60.8188
-5.94465
49.9675
49.5176
44.9621
30.4247
8.43779
-6.00905
-16.9025
-27.9752
-38.446
-61.6361
-93.0569
-94.9507
-94.9674
-94.9351
-94.8652
-94.7264
-94.472
-94.0567
-93.4667
-92.734
-91.9189
-91.0813
-90.2645
-89.4933
-88.7782
-88.1208
-87.5184
-86.9662
-86.4588
-85.9906
-85.5566
-85.152
-84.7726
-84.4146
-84.0743
-83.7485
-83.4341
-83.128
-82.8274
-82.5294
-82.2307
-81.928
-81.6178
-81.2955
-80.956
-80.5928
-80.1974
-79.7585
-79.2598
-78.6776
-77.9744
-77.0867
-75.8951
-74.1427
-71.1371
-64.141
-30.6008
48.9107
49.4217
45.0418
31.3523
10.1366
-4.69629
-15.6645
-26.6337
-36.1553
-55.9294
-90.8841
-94.9236
-94.9723
-94.9466
-94.8882
-94.7693
-94.5449
-94.1651
-93.6065
-92.8932
-92.0838
-91.2418
-90.4148
-89.631
-88.9029
-88.2331
-87.6191
-87.0562
-86.5387
-86.0612
-85.6184
-85.2055
-84.8181
-84.4523
-84.1043
-83.7709
-83.4489
-83.1351
-82.8266
-82.5203
-82.2128
-81.9008
-81.5802
-81.2465
-80.894
-80.5156
-80.1021
-79.6406
-79.1133
-78.4925
-77.7347
-76.7633
-75.4297
-73.3934
-69.6474
-59.4115
4.50327
49.9803
49.2879
43.6833
27.5415
5.73716
-7.75455
-18.4633
-29.5447
-41.3028
-68.7509
-94.1541
-94.9658
-94.9634
-94.9256
-94.8463
-94.6918
-94.4153
-93.9757
-93.3659
-92.6223
-91.8044
-90.9691
-90.1567
-89.3898
-88.678
-88.0227
-87.4211
-86.8687
-86.3599
-85.8895
-85.4526
-85.0443
-84.6606
-84.2975
-83.9513
-83.6188
-83.2967
-82.9819
-82.6712
-82.3616
-82.0495
-81.7311
-81.4022
-81.0576
-80.691
-80.2943
-79.8565
-79.3623
-78.7895
-78.1033
-77.2455
-76.1097
-74.4712
-71.7517
-65.8407
-41.6534
48.2888
49.4811
45.3653
32.1751
11.1114
-4.07445
-15.1164
-26.0476
-35.6669
-54.7326
-90.1331
-94.9133
-94.9731
-94.9486
-94.8924
-94.7776
-94.5597
-94.1885
-93.6382
-92.9302
-92.1221
-91.2777
-90.4459
-89.6559
-88.9211
-88.2447
-87.6244
-87.0555
-86.5324
-86.0496
-85.6018
-85.1841
-84.792
-84.4217
-84.0692
-83.7312
-83.4044
-83.0857
-82.772
-82.4599
-82.1462
-81.8272
-81.4986
-81.1556
-80.792
-80.4002
-79.97
-79.4871
-78.931
-78.2703
-77.4533
-76.387
-74.8826
-72.4781
-67.6374
-51.2024
40.9545
49.633
46.1575
34.0474
13.2061
-2.87916
-14.113
-24.979
-35.0029
-53.1193
-88.8693
-94.8942
-94.9736
-94.9507
-94.8971
-94.788
-94.5813
-94.2287
-93.7025
-93.018
-92.2267
-91.3899
-90.5573
-89.7602
-89.0143
-88.3247
-87.6905
-87.1077
-86.5714
-86.076
-85.6164
-85.1876
-84.7852
-84.405
-84.0432
-83.6962
-83.3606
-83.033
-82.7102
-82.3889
-82.0653
-81.7356
-81.3952
-81.0387
-80.6593
-80.2487
-79.7949
-79.2818
-78.6853
-77.9676
-77.0644
-75.8552
-74.0797
-71.034
-63.9132
-29.3349
48.8532
49.4192
45.0096
31.2261
9.94219
-4.83894
-15.7965
-26.7773
-36.3843
-56.493
-91.191
-94.9276
-94.9719
-94.9455
-94.8859
-94.765
-94.5369
-94.1519
-93.5872
-92.8674
-92.0518
-91.2037
-90.3708
-89.5811
-88.847
-88.1712
-87.5511
-86.9821
-86.4584
-85.9745
-85.5251
-85.1054
-84.7108
-84.3374
-83.9814
-83.6393
-83.3078
-82.9837
-82.6635
-82.3441
-82.0219
-81.6927
-81.3521
-80.9945
-80.6131
-80.199
-79.7403
-79.2199
-78.6127
-77.8785
-76.9492
-75.6947
-73.8285
-70.5513
-62.4823
-18.9211
49.7762
49.488
45.1251
31.1852
9.58177
-5.17824
-16.1322
-27.1522
-37.0224
-58.0755
-91.921
-94.9364
-94.9703
-94.9418
-94.8786
-94.7511
-94.5132
-94.1166
-93.5416
-92.8157
-91.9987
-91.1527
-90.3238
-89.5386
-88.809
-88.1373
-87.5209
-86.955
-86.4341
-85.9525
-85.5052
-85.0872
-84.6942
-84.3222
-83.9674
-83.6263
-83.2956
-82.9721
-82.6526
-82.3336
-82.0115
-81.6824
-81.3417
-80.9838
-80.6018
-80.1867
-79.7264
-79.2037
-78.593
-77.8534
-76.9152
-75.6449
-73.746
-70.3817
-61.9343
-14.6914
49.9013
49.5238
45.1875
31.1707
9.4068
-5.3434
-16.2958
-27.3342
-37.3367
-58.8589
-92.2221
-94.94
-94.9695
-94.94
-94.8749
-94.7442
-94.5014
-94.0991
-93.5191
-92.7906
-91.9733
-91.1289
-90.3027
-89.5208
-88.7946
-88.1262
-87.5129
-86.95
-86.4319
-85.9532
-85.5085
-85.0932
-84.7027
-84.3332
-83.981
-83.6426
-83.3147
-82.9941
-82.6776
-82.3619
-82.0435
-81.7184
-81.3823
-81.0297
-80.654
-80.2466
-79.7958
-79.2855
-78.6914
-77.9759
-77.0744
-75.8663
-74.0902
-71.0393
-63.889
-29.0013
48.831
49.42
45.0111
31.2226
9.93019
-4.84945
-15.8068
-26.7887
-36.4034
-56.5401
-91.2155
-94.9279
-94.9719
-94.9455
-94.886
-94.7651
-94.5374
-94.1532
-93.5897
-92.8719
-92.0585
-91.2128
-90.3822
-89.5946
-88.8623
-88.188
-87.5694
-87.0015
-86.4788
-85.9957
-85.5471
-85.128
-84.734
-84.3611
-84.0056
-83.664
-83.3329
-83.0092
-82.6895
-82.3706
-82.0488
-81.7203
-81.3803
-81.0236
-80.6432
-80.2305
-79.7734
-79.2552
-78.651
-77.9213
-76.999
-75.7567
-73.9145
-70.6986
-62.8862
-21.7692
49.569
49.4626
45.0798
31.1826
9.68106
-5.08003
-16.034
-27.0422
-36.8335
-57.6056
-91.7224
-94.9341
-94.9709
-94.9431
-94.8812
-94.756
-94.5217
-94.1294
-93.5584
-92.8355
-92.0201
-91.1744
-90.3452
-89.5593
-88.8288
-88.156
-87.5385
-86.9715
-86.4494
-85.9667
-85.5181
-85.0989
-84.7046
-84.3311
-83.9748
-83.6321
-83.2997
-82.9744
-82.6528
-82.3316
-82.0071
-81.6752
-81.3312
-80.9694
-80.5828
-80.1621
-79.6947
-79.1627
-78.5392
-77.7812
-76.8144
-75.4945
-73.4947
-69.8604
-60.1846
-1.27905
49.9764
49.4404
44.4719
29.2225
7.19743
-6.81308
-17.6222
-28.7118
-39.7608
-64.9393
-93.7027
-94.9595
-94.9655
-94.9305
-94.8561
-94.7095
-94.444
-94.0159
-93.4147
-92.6746
-91.8554
-91.0157
-90.1975
-89.4244
-88.7065
-88.0456
-87.4389
-86.8816
-86.3683
-85.8937
-85.4526
-85.0403
-84.6525
-84.2853
-83.9351
-83.5983
-83.2717
-82.9521
-82.6362
-82.3209
-82.0025
-81.677
-81.3399
-80.9857
-80.6076
-80.1967
-79.741
-79.2236
-78.6192
-77.8878
-76.9607
-75.7078
-73.8409
-70.5551
-62.4321
-18.2804
49.8043
49.4942
45.1393
31.1967
9.5726
-5.19165
-16.1465
-27.1686
-37.0513
-58.1476
-91.9502
-94.9368
-94.9703
-94.9418
-94.8785
-94.7509
-94.5129
-94.1164
-93.5419
-92.8176
-92.0032
-91.1607
-90.3359
-89.5554
-88.8306
-88.1639
-87.5525
-86.9917
-86.4758
-85.9994
-85.5572
-85.1446
-84.757
-84.3907
-84.0418
-83.7071
-83.3833
-83.0672
-82.7558
-82.4459
-82.1341
-81.8168
-81.4898
-81.148
-80.7855
-80.3945
-79.9647
-79.4818
-78.9252
-78.263
-77.4428
-76.3702
-74.8527
-72.4163
-67.4682
-50.3071
42.5366
49.6094
46.0317
33.7463
12.8619
-3.06988
-14.2705
-25.1473
-35.1122
-53.3831
-89.0973
-94.8978
-94.9736
-94.9506
-94.8968
-94.7871
-94.579
-94.2237
-93.6938
-93.0056
-92.212
-91.3749
-90.5438
-89.7498
-89.0079
-88.3229
-87.6935
-87.1155
-86.5838
-86.0929
-85.6376
-85.213
-84.8147
-84.4384
-84.0805
-83.7373
-83.4056
-83.0822
-82.7637
-82.447
-82.1285
-81.8044
-81.4704
-81.1214
-80.751
-80.3512
-79.9112
-79.416
-78.8438
-78.1606
-77.31
-76.1891
-74.5832
-71.9471
-66.3381
-44.5117
47.4584
49.5139
45.5324
32.5649
11.5374
-3.82469
-14.9038
-25.822
-35.533
-54.4055
-89.9008
-94.91
-94.9733
-94.9493
-94.8938
-94.7805
-94.5653
-94.1981
-93.6525
-92.9485
-92.1424
-91.2977
-90.4638
-89.6702
-88.931
-88.2497
-87.6243
-87.0503
-86.5222
-86.0345
-85.5818
-85.1592
-84.7623
-84.387
-84.0295
-83.6863
-83.354
-83.0295
-82.7094
-82.3903
-82.0689
-81.741
-81.4023
-81.0473
-80.6694
-80.26
-79.8076
-79.2958
-78.7007
-77.9846
-77.0837
-75.878
-74.1089
-71.079
-64.0199
-29.9951
48.8854
49.4187
45.0119
31.2454
9.97924
-4.8098
-15.769
-26.747
-36.3339
-56.3683
-91.1256
-94.9268
-94.9721
-94.946
-94.8869
-94.7668
-94.5403
-94.1575
-93.5953
-92.8778
-92.0639
-91.217
-90.3846
-89.5949
-88.8605
-88.1841
-87.5632
-86.9932
-86.4684
-85.9833
-85.5326
-85.1114
-84.7154
-84.3404
-83.9827
-83.6388
-83.3053
-82.9789
-82.6564
-82.3344
-82.0091
-81.6766
-81.332
-80.9698
-80.5829
-80.162
-79.6947
-79.163
-78.5403
-77.7839
-76.82
-75.5058
-73.5188
-69.9212
-60.4232
-3.17396
49.9737
49.475
44.6778
29.7047
7.66851
-6.50992
-17.3515
-28.4374
-39.266
-63.6982
-93.4949
-94.9566
-94.9662
-94.9323
-94.8596
-94.716
-94.4546
-94.0312
-93.4336
-92.6952
-91.8759
-91.0347
-90.2143
-89.4388
-88.7185
-88.0553
-87.4465
-86.8873
-86.3722
-85.8959
-85.4532
-85.0395
-84.6503
-84.2817
-83.9301
-83.5919
-83.264
-82.943
-82.6257
-82.3089
-81.9888
-81.6616
-81.3225
-80.966
-80.5853
-80.1712
-79.7116
-79.1892
-78.578
-77.8369
-76.895
-75.6168
-73.6993
-70.2816
-61.587
-11.9068
49.936
49.5436
45.2163
31.1345
9.26487
-5.4674
-16.4166
-27.467
-37.567
-59.4336
-92.4219
-94.9424
-94.9689
-94.9388
-94.8725
-94.7398
-94.4939
-94.088
-93.5052
-92.7754
-91.9589
-91.1168
-90.2939
-89.5158
-88.7936
-88.1293
-87.5202
-86.9614
-86.4475
-85.9729
-85.5325
-85.1214
-84.7354
-84.3705
-84.0231
-83.6898
-83.3673
-83.0526
-82.7425
-82.434
-82.1236
-81.8077
-81.4821
-81.142
-80.7812
-80.3921
-79.9645
-79.4842
-78.9306
-78.2725
-77.458
-76.3942
-74.8918
-72.4879
-67.6409
-51.1322
41.1231
49.6305
46.1434
34.0113
13.1616
-2.90523
-14.135
-25.0029
-35.0188
-53.1578
-88.9035
-94.8948
-94.9737
-94.9509
-94.8974
-94.7884
-94.5818
-94.2291
-93.7026
-93.018
-92.2274
-91.3921
-90.562
-89.7682
-89.0261
-88.3407
-87.711
-87.1328
-86.6011
-86.1104
-85.6555
-85.2315
-84.8339
-84.4587
-84.102
-83.7604
-83.4305
-83.1091
-82.7931
-82.4791
-82.1639
-81.8436
-81.5142
-81.1705
-80.8068
-80.4151
-79.9855
-79.5039
-78.9499
-78.2926
-77.4808
-76.4236
-74.9359
-72.5684
-67.8432
-52.1319
38.9822
49.6624
46.3159
34.4274
13.6416
-2.64301
-13.9199
-24.7729
-34.8667
-52.7913
-88.5741
-94.8895
-94.9737
-94.9513
-94.8983
-94.7905
-94.5863
-94.2378
-93.7167
-93.0373
-92.2501
-91.4161
-90.5849
-89.7885
-89.0428
-88.3532
-87.7191
-87.1366
-86.6007
-86.1061
-85.6475
-85.22
-84.8192
-84.4409
-84.0812
-83.7367
-83.4039
-83.0796
-82.7606
-82.4435
-82.1249
-81.801
-81.4675
-81.1192
-80.75
-80.3518
-79.914
-79.4219
-78.854
-78.1769
-77.3358
-76.2304
-74.6538
-72.085
-66.7053
-46.5657
46.3953
49.5415
45.6753
32.9006
11.9093
-3.60962
-14.722
-25.6287
-35.4156
-54.1195
-89.6878
-94.9068
-94.9734
-94.9496
-94.8945
-94.7821
-94.5687
-94.2047
-93.6635
-92.9638
-92.161
-91.3179
-90.4839
-89.6893
-88.9484
-88.2651
-87.6378
-87.0621
-86.5326
-86.0439
-85.5904
-85.1675
-84.7706
-84.3956
-84.0387
-83.6964
-83.3654
-83.0424
-82.7242
-82.4075
-82.0889
-81.7645
-81.4298
-81.0798
-80.7081
-80.3064
-79.8637
-79.3649
-78.7875
-78.0967
-77.2344
-76.0939
-74.4504
-71.7252
-65.8049
-41.5694
48.3033
49.4796
45.3545
32.1438
11.0698
-4.10231
-15.1413
-26.0746
-35.6832
-54.7726
-90.1598
-94.9137
-94.9731
-94.9487
-94.8925
-94.7779
-94.5602
-94.1894
-93.6395
-92.9314
-92.1223
-91.2756
-90.4405
-89.6465
-88.9071
-88.2258
-87.6005
-87.0266
-86.4986
-86.0109
-85.5581
-85.1355
-84.7384
-84.3629
-84.0051
-83.6615
-83.3288
-83.0037
-82.6829
-82.3631
-82.0407
-81.7117
-81.3716
-81.015
-80.6351
-80.2231
-79.7673
-79.2511
-78.65
-77.9251
-77.0106
-75.782
-73.9678
-70.8239
-63.3097
-25.0475
49.0375
49.4364
45.0373
31.1884
9.79014
-4.9748
-15.9293
-26.925
-36.6336
-57.1097
-91.4968
-94.9314
-94.9714
-94.9443
-94.8835
-94.7603
-94.529
-94.1402
-93.572
-92.8502
-92.034
-91.1862
-90.3541
-89.565
-88.8314
-88.1557
-87.5356
-86.9662
-86.4421
-85.9575
-85.5072
-85.0865
-84.6907
-84.316
-83.9586
-83.6148
-83.2814
-82.9551
-82.6325
-82.3103
-81.9848
-81.6519
-81.3068
-80.9439
-80.5559
-80.1336
-79.6643
-79.1299
-78.5032
-77.7408
-76.7672
-75.4358
-73.4122
-69.7139
-59.7355
1.86792
49.9794
49.3656
44.0602
28.3033
6.35321
-7.3612
-18.1132
-29.2028
-40.6633
-67.1821
-93.9955
-94.9635
-94.9642
-94.9275
-94.85
-94.6985
-94.4259
-93.9901
-93.3824
-92.6382
-91.8175
-90.9778
-90.1602
-89.3878
-88.6704
-88.0098
-87.4031
-86.8457
-86.3321
-85.8571
-85.4154
-85.0026
-84.6141
-84.2461
-83.895
-83.5571
-83.2294
-82.9084
-82.591
-82.2739
-81.9533
-81.6253
-81.2852
-80.9273
-80.5446
-80.1279
-79.6648
-79.1374
-78.519
-77.7672
-76.8082
-75.4995
-73.5192
-69.9318
-60.4628
-3.4393
49.9732
49.4795
44.7067
29.776
7.74228
-6.46195
-17.3085
-28.3935
-39.1873
-63.5014
-93.4593
-94.9562
-94.9663
-94.9325
-94.8599
-94.7165
-94.4554
-94.0321
-93.4347
-92.6967
-91.8783
-91.0387
-90.2205
-89.4478
-88.7309
-88.0715
-87.4669
-86.9121
-86.4018
-85.9305
-85.4931
-85.085
-84.7018
-84.3396
-83.9947
-83.6639
-83.344
-83.0318
-82.7244
-82.4185
-82.1109
-81.798
-81.4756
-81.139
-80.7822
-80.3977
-79.9756
-79.5021
-78.9573
-78.3111
-77.5137
-76.477
-75.0235
-72.7266
-68.2113
-53.7698
34.4114
49.7327
46.7167
35.4135
14.8047
-2.02206
-13.418
-24.2352
-34.4978
-51.9099
-87.7132
-94.8753
-94.9738
-94.9521
-94.9003
-94.795
-94.5958
-94.2552
-93.7443
-93.0751
-92.2962
-91.4677
-90.6396
-89.8444
-89.099
-88.4094
-87.7751
-87.1927
-86.6573
-86.1635
-85.7061
-85.2804
-84.8818
-84.5063
-84.1499
-83.8093
-83.4811
-83.1621
-82.8492
-82.5393
-82.229
-81.9149
-81.593
-81.2586
-80.9063
-80.5291
-80.1178
-79.6601
-79.1385
-78.5265
-77.7821
-76.8325
-75.5378
-73.5826
-70.0579
-60.8682
-6.44362
49.9661
49.5232
44.9994
30.5164
8.53353
-5.94892
-16.8493
-27.9204
-38.3504
-61.3961
-92.9964
-94.9499
-94.9676
-94.9357
-94.8663
-94.7283
-94.475
-94.0606
-93.4708
-92.7376
-91.9211
-91.0816
-90.2626
-89.4891
-88.7717
-88.1121
-87.5077
-86.9536
-86.4442
-85.9742
-85.5383
-85.132
-84.7508
-84.391
-84.0489
-83.7212
-83.4047
-83.0965
-82.7936
-82.493
-82.1914
-81.8856
-81.5716
-81.245
-80.9004
-80.531
-80.1279
-79.6791
-79.1676
-78.5678
-77.839
-76.9116
-75.6524
-73.7655
-70.4165
-62.0016
-14.9761
49.8967
49.5246
45.2126
31.2701
9.5554
-5.2368
-16.1975
-27.2285
-37.1571
-58.4121
-92.0529
-94.9379
-94.9699
-94.9409
-94.8768
-94.7478
-94.5078
-94.1091
-93.5333
-92.809
-91.996
-91.156
-90.3344
-89.5575
-88.8367
-88.174
-87.5667
-87.0101
-86.4987
-86.0268
-85.5893
-85.1816
-84.7992
-84.4384
-84.0954
-83.7669
-83.45
-83.1414
-82.8383
-82.5376
-82.2363
-81.931
-81.6178
-81.2925
-80.9496
-80.5826
-80.1827
-79.7385
-79.2333
-78.6425
-77.9275
-77.0222
-75.8018
-73.9939
-70.8504
-63.3062
-24.6643
49.1227
49.4425
45.0697
31.2794
9.90633
-4.89612
-15.8582
-26.8489
-36.5074
-56.7979
-91.3442
-94.9294
-94.9716
-94.9448
-94.8846
-94.7627
-94.5332
-94.1473
-93.583
-92.8657
-92.0545
-91.2123
-90.3861
-89.6033
-88.8761
-88.207
-87.5935
-87.0308
-86.5133
-86.0356
-85.5923
-85.1788
-84.7905
-84.4237
-84.0746
-83.7398
-83.416
-83.1003
-82.7896
-82.4806
-82.1701
-81.8545
-81.5296
-81.1907
-80.8319
-80.4456
-80.0221
-79.5477
-79.0028
-78.3575
-77.5632
-76.5334
-75.0952
-72.8359
-68.4426
-54.7403
30.9132
49.7883
47.0633
36.3001
15.895
-1.449
-12.9622
-23.7449
-34.1464
-51.0807
-86.8099
-94.8598
-94.9738
-94.953
-94.9022
-94.7991
-94.604
-94.27
-93.7671
-93.1051
-92.3309
-91.5039
-90.6746
-89.8761
-89.126
-88.4308
-87.7906
-87.2021
-86.6604
-86.1604
-85.6969
-85.265
-84.8603
-84.4784
-84.1156
-83.7684
-83.4332
-83.1068
-82.7861
-82.4675
-82.1478
-81.823
-81.4889
-81.1404
-80.7713
-80.3737
-79.9371
-79.4469
-78.8821
-78.2099
-77.3768
-76.2852
-74.7353
-72.2289
-67.0592
-48.4196
44.8805
49.571
45.828
33.2591
12.3071
-3.38326
-14.5322
-25.4268
-35.2905
-53.8156
-89.4515
-94.9032
-94.9734
-94.9499
-94.8952
-94.7837
-94.572
-94.2108
-93.6732
-92.977
-92.1767
-91.3347
-90.5007
-89.7051
-88.9626
-88.2776
-87.6485
-87.0711
-86.54
-86.0497
-85.595
-85.1709
-84.7729
-84.397
-84.0392
-83.6962
-83.3645
-83.041
-82.7222
-82.405
-82.0859
-81.761
-81.4259
-81.0755
-80.7032
-80.3009
-79.8575
-79.3578
-78.7792
-78.0868
-77.2219
-76.077
-74.4253
-71.6804
-65.6905
-40.9015
48.4268
49.4725
45.3181
32.0572
10.9728
-4.16106
-15.192
-26.1285
-35.7148
-54.8501
-90.2129
-94.9145
-94.973
-94.9485
-94.8921
-94.7771
-94.5587
-94.1867
-93.6353
-92.9259
-92.1158
-91.2687
-90.4339
-89.6405
-88.9021
-88.2219
-87.5977
-87.025
-86.4982
-86.0116
-85.56
-85.1385
-84.7425
-84.3681
-84.0114
-83.669
-83.3375
-83.0137
-82.6942
-82.3759
-82.0552
-81.7281
-81.3902
-81.0361
-80.6592
-80.251
-79.8
-79.29
-78.6974
-77.9847
-77.089
-75.8921
-74.1402
-71.1532
-64.2637
-31.7893
48.9439
49.4184
45.0207
31.2954
10.0672
-4.74218
-15.7055
-26.6775
-36.2228
-56.0949
-90.977
-94.9248
-94.9723
-94.9464
-94.8878
-94.7685
-94.5432
-94.1619
-93.6008
-92.8837
-92.0694
-91.2212
-90.3871
-89.5956
-88.8593
-88.1811
-87.5587
-86.9872
-86.4611
-85.9748
-85.523
-85.1009
-84.704
-84.3282
-83.9697
-83.6251
-83.2909
-82.9638
-82.6406
-82.3179
-81.9919
-81.6585
-81.3131
-80.9499
-80.5619
-80.1396
-79.6705
-79.1366
-78.5109
-77.7501
-76.7795
-75.4538
-73.4429
-69.7811
-59.9826
-0.0113148
49.9779
49.4129
44.3158
28.8678
6.8641
-7.02857
-17.8149
-28.9055
-40.1144
-65.8215
-93.8285
-94.9612
-94.9649
-94.9292
-94.8536
-94.705
-94.4365
-94.0052
-93.4012
-92.6589
-91.8383
-90.9975
-90.1782
-89.404
-88.6849
-88.0226
-87.4144
-86.8555
-86.3406
-85.8644
-85.4216
-85.0077
-84.6182
-84.2492
-83.897
-83.5582
-83.2295
-82.9075
-82.5891
-82.2708
-81.949
-81.6197
-81.2782
-80.9186
-80.534
-80.115
-79.6489
-79.1178
-78.4945
-77.7356
-76.7656
-75.438
-73.4187
-69.7261
-59.7611
1.75496
49.9792
49.369
44.0795
28.3477
6.3951
-7.33288
-18.0874
-29.1771
-40.6156
-67.0657
-93.9833
-94.9634
-94.9642
-94.9275
-94.8501
-94.6986
-94.426
-93.9901
-93.3826
-92.6391
-91.8196
-90.9818
-90.1667
-89.3973
-88.6834
-88.0264
-87.4236
-86.8703
-86.361
-85.8904
-85.4534
-85.0453
-84.6619
-84.2993
-83.9538
-83.6221
-83.301
-82.9873
-82.678
-82.3699
-82.0596
-81.7434
-81.417
-81.0755
-80.7126
-80.3205
-79.8884
-79.4018
-78.8392
-78.1673
-77.3314
-76.2313
-74.6602
-72.098
-66.73
-46.6531
46.349
49.5431
45.6854
32.9288
11.9464
-3.58547
-14.7007
-25.6056
-35.4008
-54.0834
-89.661
-94.9064
-94.9734
-94.9497
-94.8946
-94.7823
-94.569
-94.2051
-93.6639
-92.9646
-92.1628
-91.3214
-90.4899
-89.6984
-88.9609
-88.2814
-87.6579
-87.0862
-86.5606
-86.0758
-85.6263
-85.2074
-84.8146
-84.4439
-84.0915
-83.7539
-83.4279
-83.1104
-82.7982
-82.4882
-82.1771
-81.8612
-81.5366
-81.1984
-80.8408
-80.4564
-80.0357
-79.5653
-79.026
-78.3891
-77.6076
-76.5986
-75.1983
-73.0216
-68.8753
-56.5712
22.3249
49.9077
47.9941
38.9083
19.3999
0.400609
-11.5333
-22.196
-32.9377
-48.3104
-83.0798
-94.7875
-94.9735
-94.9556
-94.9081
-94.8114
-94.6276
-94.3105
-93.8272
-93.183
-92.421
-91.5999
-90.7714
-89.9706
-89.2166
-88.517
-87.8725
-87.2801
-86.7353
-86.2328
-85.7676
-85.3347
-84.9296
-84.5482
-84.1866
-83.8413
-83.5089
-83.1861
-82.8699
-82.557
-82.2441
-81.9277
-81.6037
-81.2677
-80.914
-80.5358
-80.1239
-79.6662
-79.1452
-78.5347
-77.7935
-76.8499
-75.5668
-73.6371
-70.1838
-61.3273
-10.1168
49.9498
49.5554
45.241
31.1457
9.23134
-5.50411
-16.454
-27.5091
-37.6409
-59.6189
-92.482
-94.943
-94.9687
-94.9382
-94.8713
-94.7374
-94.4899
-94.0821
-93.4976
-92.7668
-91.95
-91.1084
-90.2865
-89.5098
-88.7893
-88.127
-87.52
-86.9636
-86.4522
-85.9803
-85.5427
-85.1347
-84.7521
-84.3908
-84.0472
-83.7181
-83.4003
-83.0907
-82.7863
-82.4842
-82.1811
-81.8736
-81.5578
-81.2292
-80.8822
-80.5102
-80.1038
-79.6511
-79.1344
-78.5276
-77.789
-76.8466
-75.5618
-73.624
-70.1412
-61.1353
-8.44343
49.9586
49.5439
45.1479
30.8981
8.9514
-5.68258
-16.6126
-27.6746
-37.9244
-60.3267
-92.7022
-94.946
-94.9682
-94.9372
-94.8693
-94.7339
-94.4845
-94.0748
-93.4895
-92.7593
-91.9445
-91.1056
-90.2866
-89.5128
-88.795
-88.135
-87.5303
-86.9758
-86.4663
-85.9961
-85.5601
-85.1537
-84.7725
-84.4127
-84.0707
-83.7431
-83.4269
-83.119
-82.8164
-82.5163
-82.2153
-81.9103
-81.5972
-81.2719
-80.9288
-80.5613
-80.1607
-79.7153
-79.2083
-78.6148
-77.8954
-76.9828
-75.7494
-73.9148
-70.702
-62.8698
-21.4765
49.5993
49.4681
45.1105
31.2701
9.79318
-5.00395
-15.9651
-26.9686
-36.7109
-57.3024
-91.5849
-94.9323
-94.971
-94.9436
-94.8821
-94.7579
-94.525
-94.1349
-93.5667
-92.8469
-92.035
-91.1935
-90.3689
-89.5881
-88.8632
-88.1964
-87.5852
-87.0248
-86.5096
-86.0341
-85.5931
-85.1818
-84.7959
-84.4313
-84.0846
-83.7523
-83.4312
-83.1184
-82.8106
-82.505
-82.1981
-81.8866
-81.5664
-81.233
-80.8805
-80.5021
-80.0881
-79.626
-79.0973
-78.4745
-77.7132
-76.7358
-75.3907
-73.3293
-69.5112
-58.9124
8.0655
49.979
49.1396
42.996
26.1693
4.65071
-8.48275
-19.1234
-30.182
-42.5297
-71.6789
-94.3743
-94.9689
-94.9618
-94.9221
-94.8393
-94.6789
-94.394
-93.9454
-93.3285
-92.5811
-91.7628
-90.9294
-90.1199
-89.3562
-88.6476
-87.9952
-87.3962
-86.8461
-86.3394
-85.871
-85.4358
-85.0292
-84.647
-84.2854
-83.9406
-83.6095
-83.2887
-82.9752
-82.6658
-82.3575
-82.0467
-81.7298
-81.4024
-81.0596
-80.6949
-80.3003
-79.865
-79.3741
-78.8054
-78.1247
-77.2751
-76.1524
-74.5382
-71.8756
-66.1629
-43.5181
47.8139
49.5024
45.4764
32.4406
11.4095
-3.89588
-14.9631
-25.8844
-35.5697
-54.4947
-89.9659
-94.911
-94.9732
-94.9491
-94.8934
-94.7796
-94.5634
-94.1948
-93.6475
-92.9422
-92.136
-91.2925
-90.4609
-89.6707
-88.9355
-88.2586
-87.6378
-87.0687
-86.5455
-86.0627
-85.6151
-85.1978
-84.8063
-84.4367
-84.0851
-83.7483
-83.4228
-83.1056
-82.7936
-82.4836
-82.1724
-81.8562
-81.531
-81.192
-80.8334
-80.4477
-80.0251
-79.5522
-79.0096
-78.3679
-77.5791
-76.5585
-75.1375
-72.916
-68.6384
-55.6071
27.1322
49.846
47.4674
37.3847
17.2931
-0.719082
-12.3911
-23.128
-33.6831
-50.0042
-85.4947
-94.8358
-94.9738
-94.9539
-94.9044
-94.8038
-94.6134
-94.2868
-93.793
-93.14
-92.3726
-91.5497
-90.7219
-89.9232
-89.1718
-88.4747
-87.8325
-87.2421
-86.6988
-86.1974
-85.7329
-85.3004
-84.8953
-84.5136
-84.1514
-83.805
-83.4713
-83.1468
-82.8284
-82.5129
-82.1969
-81.8767
-81.5482
-81.2065
-80.8459
-80.4591
-80.0362
-79.5642
-79.024
-78.3868
-77.6061
-76.5998
-75.2061
-73.0454
-68.949
-56.9241
20.2633
49.9281
48.2071
39.5654
20.358
0.920924
-11.1443
-21.7726
-32.5829
-47.5231
-81.809
-94.7589
-94.9733
-94.9562
-94.9095
-94.8142
-94.6329
-94.3193
-93.8401
-93.1993
-92.4395
-91.6193
-90.7907
-89.9892
-89.2344
-88.5339
-87.8888
-87.296
-86.7509
-86.2485
-85.7835
-85.3512
-84.9469
-84.5665
-84.2062
-83.8625
-83.5319
-83.2113
-82.8976
-82.5877
-82.2783
-81.966
-81.6469
-81.3166
-80.9699
-80.6003
-80.1992
-79.7553
-79.2526
-78.6674
-77.9629
-77.0763
-75.8909
-74.1558
-71.2016
-64.4231
-32.9209
48.9591
49.4222
45.052
31.4006
10.2179
-4.63513
-15.6074
-26.5714
-36.0587
-55.692
-90.7469
-94.9218
-94.9725
-94.947
-94.889
-94.7708
-94.5472
-94.1682
-93.6097
-92.8953
-92.0837
-91.2386
-90.4081
-89.6206
-88.889
-88.2159
-87.599
-87.0334
-86.5136
-86.034
-85.5892
-85.1746
-84.7856
-84.4184
-84.0691
-83.7345
-83.4112
-83.0963
-82.7867
-82.4791
-82.1705
-81.8572
-81.5352
-81.2
-80.8457
-80.4652
-80.0491
-79.5845
-79.053
-78.4267
-77.6607
-76.6766
-75.3208
-73.2394
-69.3683
-58.5195
10.3645
49.9763
49.0157
42.4665
25.1712
3.92173
-8.98266
-19.5804
-30.6132
-43.382
-73.6297
-94.4819
-94.9702
-94.9607
-94.9196
-94.8346
-94.6705
-94.3811
-93.9281
-93.3084
-92.5602
-91.7426
-90.9103
-90.1019
-89.3389
-88.6303
-87.9776
-87.378
-86.8269
-86.3191
-85.8494
-85.4128
-85.0047
-84.6209
-84.2576
-83.9111
-83.5781
-83.2553
-82.9397
-82.6281
-82.3172
-82.0036
-81.6836
-81.3526
-81.0055
-80.6358
-80.2352
-79.7924
-79.2916
-78.7098
-78.0108
-77.1335
-75.9649
-74.264
-71.3956
-64.9462
-36.328
48.8882
49.4358
45.129
31.6058
10.4703
-4.46871
-15.4589
-26.412
-35.8778
-55.2491
-90.4761
-94.9181
-94.9728
-94.9477
-94.8905
-94.7738
-94.5525
-94.1765
-93.6209
-92.9084
-92.0973
-91.2513
-90.4191
-89.6295
-88.8953
-88.2196
-87.6
-87.0317
-86.5092
-86.0268
-85.5794
-85.1619
-84.7701
-84.3998
-84.0474
-83.7094
-83.3826
-83.0638
-82.7498
-82.4375
-82.1235
-81.8042
-81.4751
-81.1315
-80.7673
-80.3746
-79.9432
-79.4589
-78.9009
-78.2376
-77.4167
-76.3442
-74.8288
-72.4002
-67.4847
-50.57
42.039
49.6165
46.0686
33.834
12.9614
-3.01467
-14.2249
-25.0986
-35.0808
-53.3069
-89.0314
-94.8967
-94.9736
-94.9505
-94.8967
-94.787
-94.5795
-94.226
-93.699
-93.0142
-92.2231
-91.3867
-90.5543
-89.7572
-89.011
-88.321
-87.6862
-87.1027
-86.5656
-86.0695
-85.6092
-85.1797
-84.7766
-84.3957
-84.0333
-83.6857
-83.3495
-83.0214
-82.698
-82.3761
-82.0521
-81.7218
-81.3808
-81.0238
-80.6439
-80.2326
-79.7781
-79.2642
-78.6667
-77.9477
-77.0427
-75.831
-74.0508
-70.9942
-63.834
-28.9089
48.8313
49.4198
45.0092
31.2163
9.92141
-4.85563
-15.8124
-26.7948
-36.4135
-56.5653
-91.2285
-94.928
-94.9718
-94.9453
-94.8856
-94.7644
-94.536
-94.1506
-93.5854
-92.8652
-92.0491
-91.2005
-90.3671
-89.5768
-88.8421
-88.1657
-87.5451
-86.9755
-86.4514
-85.9671
-85.5173
-85.0972
-84.7024
-84.3288
-83.9726
-83.6303
-83.2987
-82.9744
-82.6542
-82.3348
-82.0125
-81.6834
-81.3429
-80.9854
-80.6043
-80.1905
-79.7323
-79.2125
-78.6062
-77.8736
-76.9466
-75.6964
-73.8391
-70.5857
-62.6194
-20.0646
49.7115
49.4774
45.1042
31.1775
9.61421
-5.14349
-16.0969
-27.1124
-36.9537
-57.9048
-91.8504
-94.9356
-94.9705
-94.9423
-94.8795
-94.7528
-94.5162
-94.121
-93.5473
-92.8221
-92.0052
-91.1586
-90.3287
-89.5425
-88.8118
-88.139
-87.5216
-86.9547
-86.4329
-85.9506
-85.5025
-85.0839
-84.6903
-84.3177
-83.9624
-83.6208
-83.2897
-82.9658
-82.6459
-82.3265
-82.0042
-81.6748
-81.3337
-80.9755
-80.5932
-80.1778
-79.7173
-79.1944
-78.5835
-77.8438
-76.9056
-75.6355
-73.7376
-70.3768
-61.9479
-14.9046
49.8977
49.522
45.1838
31.17
9.41377
-5.33634
-16.2887
-27.3263
-37.3229
-58.8243
-92.2096
-94.9398
-94.9695
-94.9401
-94.8751
-94.7446
-94.5021
-94.1002
-93.5205
-92.792
-91.9746
-91.1298
-90.3031
-89.5206
-88.7936
-88.1245
-87.5106
-86.9471
-86.4284
-85.9491
-85.5039
-85.0881
-84.6972
-84.3273
-83.9746
-83.6358
-83.3075
-82.9865
-82.6696
-82.3535
-82.0347
-81.7093
-81.3727
-81.0196
-80.6433
-80.2353
-79.7838
-79.2725
-78.6773
-77.96
-77.0561
-75.844
-74.0604
-70.9912
-63.7708
-28.2452
48.7832
49.4217
45.0137
31.2125
9.90062
-4.87478
-15.8313
-26.8158
-36.449
-56.653
-91.2733
-94.9286
-94.9718
-94.9453
-94.8855
-94.7642
-94.5358
-94.1507
-93.5864
-92.8679
-92.054
-91.208
-90.3771
-89.5892
-88.8567
-88.1822
-87.5633
-86.9951
-86.4722
-85.989
-85.5401
-85.1208
-84.7266
-84.3536
-83.9979
-83.6561
-83.3248
-83.0009
-82.6811
-82.362
-82.04
-81.7112
-81.371
-81.0139
-80.6332
-80.2199
-79.7622
-79.2432
-78.6379
-77.9066
-76.9817
-75.7351
-73.8845
-70.6473
-62.746
-20.7843
49.6589
49.4713
45.0951
31.1832
9.64716
-5.11345
-16.0674
-27.0796
-36.8976
-57.7655
-91.7915
-94.9349
-94.9707
-94.9427
-94.8804
-94.7546
-94.5192
-94.1257
-93.5536
-92.8299
-92.014
-91.1684
-90.3392
-89.5536
-88.8233
-88.1509
-87.5337
-86.9669
-86.4452
-85.9628
-85.5145
-85.0956
-84.7017
-84.3286
-83.9727
-83.6305
-83.2987
-82.9739
-82.6529
-82.3324
-82.0086
-81.6776
-81.3346
-80.9741
-80.5889
-80.17
-79.7048
-79.1758
-78.5564
-77.8043
-76.8467
-75.5428
-73.5761
-70.0314
-60.7733
-5.74866
49.968
49.5122
44.9158
30.2833
8.2602
-6.13186
-17.0149
-28.0929
-38.6542
-62.1602
-93.1807
-94.9524
-94.9671
-94.9344
-94.8639
-94.7238
-94.4675
-94.0497
-93.4568
-92.7211
-91.9026
-91.0611
-90.2399
-89.4637
-88.7428
-88.0794
-87.4705
-86.9114
-86.3968
-85.921
-85.479
-85.0661
-84.6779
-84.3104
-83.96
-83.6232
-83.2969
-82.9777
-82.6626
-82.3481
-82.0309
-81.7069
-81.3717
-81.02
-80.645
-80.2382
-79.7878
-79.2777
-78.6834
-77.967
-77.0636
-75.8512
-74.0655
-70.988
-63.7267
-27.7854
48.7458
49.4234
45.0196
31.2177
9.89605
-4.88144
-15.8384
-26.8241
-36.4631
-56.688
-91.291
-94.9289
-94.9718
-94.9453
-94.8855
-94.7642
-94.5357
-94.1507
-93.5868
-92.869
-92.0564
-91.2122
-90.3834
-89.5979
-88.8678
-88.1958
-87.5794
-87.0138
-86.4934
-86.0126
-85.5663
-85.1495
-84.758
-84.3877
-84.0348
-83.6961
-83.368
-83.0476
-82.7316
-82.4168
-82.0997
-81.7764
-81.4427
-81.0932
-80.7217
-80.3198
-79.8765
-79.3764
-78.7968
-78.1025
-77.2343
-76.0835
-74.4198
-71.6458
-65.5495
-39.8865
48.5815
49.4631
45.2699
31.9439
10.8487
-4.23544
-15.256
-26.1963
-35.7542
-54.946
-90.2777
-94.9154
-94.9731
-94.9485
-94.8922
-94.7772
-94.5589
-94.1871
-93.6361
-92.9274
-92.1186
-91.2732
-90.4401
-89.6484
-88.9115
-88.2325
-87.6093
-87.0372
-86.5106
-86.024
-85.5721
-85.15
-84.7533
-84.3778
-84.0199
-83.676
-83.3427
-83.0169
-82.6951
-82.3741
-82.0503
-81.7195
-81.3773
-81.0181
-80.635
-80.2191
-79.7583
-79.2354
-78.6252
-77.8873
-76.9525
-75.6894
-73.8065
-70.487
-62.2391
-16.9321
49.8515
49.5059
45.1599
31.1937
9.51863
-5.24337
-16.1979
-27.2259
-37.15
-58.394
-92.0474
-94.938
-94.9701
-94.9413
-94.8775
-94.7491
-94.5099
-94.1117
-93.5356
-92.8094
-91.993
-91.1482
-90.3207
-89.5371
-88.8088
-88.1382
-87.5227
-86.9575
-86.4371
-85.956
-85.5089
-85.091
-84.6981
-84.3259
-83.9709
-83.6294
-83.2983
-82.9743
-82.654
-82.3342
-82.0111
-81.6807
-81.3385
-80.9786
-80.5942
-80.1761
-79.7118
-79.1838
-78.5657
-77.8153
-76.8599
-75.5596
-73.5994
-70.0714
-60.8859
-6.52727
49.9656
49.5216
44.9798
30.4435
8.42985
-6.0234
-16.9183
-27.9933
-38.4793
-61.7201
-93.0773
-94.951
-94.9674
-94.9352
-94.8653
-94.7265
-94.4719
-94.056
-93.4649
-92.7303
-91.9125
-91.0713
-90.2503
-89.4743
-88.7538
-88.0907
-87.4824
-86.9239
-86.4098
-85.9347
-85.4934
-85.0813
-84.6939
-84.3273
-83.9778
-83.6421
-83.3169
-82.9991
-82.6853
-82.3725
-82.057
-81.7352
-81.4025
-81.0538
-80.6824
-80.2802
-79.8356
-79.3331
-78.7493
-78.0478
-77.1674
-75.994
-74.2844
-71.3951
-64.8636
-35.4971
48.917
49.4304
45.0957
31.5127
10.3511
-4.54854
-15.5305
-26.4891
-35.9333
-55.3858
-90.562
-94.9193
-94.9728
-94.9477
-94.8905
-94.7738
-94.5526
-94.1767
-93.6216
-92.91
-92.1004
-91.2563
-90.426
-89.6382
-88.9057
-88.2313
-87.6128
-87.0453
-86.5233
-86.0413
-85.5939
-85.1762
-84.784
-84.4132
-84.06
-83.721
-83.393
-83.0727
-82.7571
-82.4428
-82.1264
-81.8042
-81.4718
-81.1242
-80.7551
-80.3562
-79.9171
-79.4226
-78.8508
-78.1678
-77.3172
-76.1958
-74.5885
-71.949
-66.3284
-44.4154
47.4997
49.5129
45.5278
32.5554
11.5288
-3.82889
-14.9071
-25.8253
-35.5349
-54.4097
-89.9039
-94.9101
-94.9734
-94.9494
-94.8941
-94.7811
-94.5663
-94.1998
-93.655
-92.9517
-92.1464
-91.3022
-90.4685
-89.675
-88.9355
-88.2538
-87.6278
-87.0531
-86.5241
-86.0353
-85.5814
-85.1576
-84.7593
-84.3825
-84.0233
-83.6783
-83.344
-83.0172
-82.6946
-82.3728
-82.0482
-81.7167
-81.3737
-81.0138
-80.6298
-80.213
-79.751
-79.2269
-78.6149
-77.8744
-76.9358
-75.666
-73.7699
-70.4158
-62.018
-15.2582
49.8912
49.5198
45.1833
31.1847
9.44557
-5.31114
-16.2648
-27.3002
-37.2781
-58.7127
-92.1684
-94.9394
-94.9697
-94.9406
-94.8761
-94.7464
-94.5052
-94.1047
-93.5264
-92.7989
-91.9821
-91.1375
-90.3108
-89.5281
-88.8009
-88.1314
-87.5171
-86.953
-86.4337
-85.9537
-85.5077
-85.091
-84.6991
-84.3281
-83.9743
-83.6341
-83.3043
-82.9817
-82.663
-82.3448
-82.0236
-81.6953
-81.3554
-80.9983
-80.6172
-80.2032
-79.744
-79.2226
-78.6136
-77.8762
-76.941
-75.6754
-73.7851
-70.4416
-62.0792
-15.6183
49.8837
49.5167
45.177
31.1815
9.45349
-5.30227
-16.2557
-27.2899
-37.2602
-58.668
-92.152
-94.9392
-94.9698
-94.9407
-94.8763
-94.7468
-94.506
-94.106
-93.5284
-92.8018
-91.9861
-91.1429
-90.3177
-89.5367
-88.8113
-88.1437
-87.5313
-86.9692
-86.452
-85.974
-85.5302
-85.1157
-84.7262
-84.3577
-84.0065
-83.6691
-83.3424
-83.0231
-82.708
-82.3939
-82.0774
-81.7545
-81.4209
-81.0713
-80.6993
-80.2964
-79.8515
-79.3489
-78.7653
-78.0648
-77.1864
-76.0173
-74.3174
-71.4533
-65.0195
-36.5027
48.8757
49.4362
45.1274
31.5939
10.4474
-4.48669
-15.4758
-26.4306
-35.8889
-55.2766
-90.4931
-94.9184
-94.9729
-94.948
-94.891
-94.7749
-94.5545
-94.1797
-93.6257
-92.9148
-92.1051
-91.2604
-90.429
-89.6397
-88.9055
-88.2294
-87.609
-87.0396
-86.5158
-86.0318
-85.5824
-85.1627
-84.7684
-84.3954
-84.0399
-83.6986
-83.3679
-83.0448
-82.7261
-82.4083
-82.0881
-81.7614
-81.4238
-81.0701
-80.6935
-80.2856
-79.8349
-79.3254
-78.7331
-78.0211
-77.1262
-75.9308
-74.1817
-71.201
-64.3338
-32.0418
48.946
49.4193
45.027
31.3155
10.0949
-4.72272
-15.6877
-26.6583
-36.193
-56.022
-90.9363
-94.9244
-94.9724
-94.9468
-94.8886
-94.7701
-94.546
-94.1665
-93.6075
-92.8928
-92.0807
-91.2346
-90.4025
-89.6126
-88.8778
-88.2008
-87.5793
-87.0085
-86.4829
-85.997
-85.5455
-85.1234
-84.7265
-84.3505
-83.9917
-83.6467
-83.312
-82.9845
-82.6606
-82.337
-82.0101
-81.6756
-81.3289
-80.9641
-80.5741
-80.1495
-79.6774
-79.1395
-78.5083
-77.7397
-76.7566
-75.4091
-73.353
-69.5663
-59.1589
6.15503
49.98
49.2203
43.3451
26.8196
5.11815
-8.17781
-18.8498
-29.9226
-42.0278
-70.4946
-94.2942
-94.9677
-94.9625
-94.9235
-94.8422
-94.6842
-94.4026
-93.9572
-93.3424
-92.5952
-91.775
-90.9382
-90.1243
-89.3557
-88.6417
-87.9838
-87.3792
-86.8233
-86.3108
-85.8364
-85.3951
-84.9822
-84.5934
-84.2247
-83.8726
-83.5335
-83.2042
-82.8813
-82.5616
-82.2417
-81.9177
-81.5857
-81.2406
-80.8767
-80.4866
-80.0603
-79.5847
-79.0406
-78.3989
-77.6126
-76.5986
-75.1924
-73.0071
-68.8411
-56.4385
23.019
49.8995
47.9097
38.6351
18.9755
0.148265
-11.7321
-22.4152
-33.1206
-48.7234
-83.7071
-94.8005
-94.9736
-94.9551
-94.907
-94.8091
-94.6231
-94.3025
-93.8149
-93.1665
-92.4014
-91.5787
-90.7499
-89.9497
-89.1968
-88.4986
-87.8556
-87.2648
-86.7213
-86.2202
-85.7561
-85.3242
-84.9201
-84.5394
-84.1785
-83.8336
-83.5016
-83.179
-82.8629
-82.5499
-82.2368
-81.92
-81.5955
-81.2587
-80.9039
-80.5242
-80.1102
-79.6497
-79.1249
-78.509
-77.7597
-76.8031
-75.497
-73.5198
-69.938
-60.4927
-3.70509
49.9728
49.4855
44.7507
29.8981
7.88272
-6.3661
-17.2211
-28.3031
-39.0249
-63.0928
-93.3801
-94.9551
-94.9667
-94.9333
-94.8617
-94.72
-94.4613
-94.0413
-93.4474
-92.7127
-91.8973
-91.0604
-90.2447
-89.4745
-88.7601
-88.1032
-87.5011
-86.9489
-86.4413
-85.9728
-85.5383
-85.1333
-84.7533
-84.3946
-84.0536
-83.7269
-83.4116
-83.1045
-82.8027
-82.5033
-82.203
-81.8987
-81.5863
-81.2616
-80.9192
-80.5525
-80.1528
-79.7083
-79.2023
-78.6101
-77.8924
-76.9823
-75.753
-73.9264
-70.734
-62.9883
-22.4457
49.4934
49.4597
45.0965
31.272
9.82982
-4.96859
-15.93
-26.9292
-36.6437
-57.1358
-91.5075
-94.9314
-94.9713
-94.9442
-94.8833
-94.7602
-94.5291
-94.1414
-93.5759
-92.8586
-92.0489
-91.2091
-90.3859
-89.6064
-88.8825
-88.2168
-87.6066
-87.0473
-86.5331
-86.0588
-85.6189
-85.2089
-84.8243
-84.4613
-84.1163
-83.7858
-83.4669
-83.1563
-82.8513
-82.5487
-82.2454
-81.938
-81.6227
-81.2952
-80.9499
-80.5803
-80.1775
-79.7299
-79.2207
-78.625
-77.9034
-76.9886
-75.7533
-73.9173
-70.7057
-62.8898
-21.6976
49.5782
49.4664
45.1087
31.2752
9.80837
-4.99102
-15.9526
-26.9547
-36.6875
-57.2445
-91.5578
-94.932
-94.9712
-94.9439
-94.8829
-94.7593
-94.5276
-94.1391
-93.5727
-92.8544
-92.0434
-91.2021
-90.377
-89.5953
-88.869
-88.2004
-87.5873
-87.0247
-86.5072
-86.0292
-85.5856
-85.1716
-84.7827
-84.4152
-84.0653
-83.7296
-83.4049
-83.088
-82.776
-82.4655
-82.1534
-81.8358
-81.5087
-81.1671
-80.8051
-80.415
-79.9867
-79.506
-78.9528
-78.296
-77.4845
-76.4273
-74.939
-72.5701
-67.8418
-52.1181
39.0233
49.6618
46.3133
34.4219
13.6361
-2.64544
-13.9217
-24.7748
-34.8679
-52.7938
-88.5765
-94.8896
-94.9738
-94.9513
-94.8985
-94.7909
-94.5872
-94.2396
-93.7198
-93.0419
-92.2563
-91.4234
-90.5929
-89.7967
-89.0507
-88.3605
-87.7254
-87.1417
-86.6044
-86.1081
-85.6477
-85.2183
-84.8154
-84.4348
-84.0727
-83.7256
-83.3901
-83.0628
-82.7405
-82.4197
-82.0971
-81.7686
-81.4297
-81.0752
-80.6986
-80.2913
-79.8421
-79.3352
-78.7474
-78.0423
-77.1588
-75.9835
-74.2743
-71.3925
-64.904
-35.9631
48.9023
49.4327
45.1081
31.5447
10.3893
-4.52382
-15.5086
-26.4657
-35.9091
-55.3264
-90.5245
-94.9188
-94.9728
-94.9478
-94.8906
-94.774
-94.5527
-94.1766
-93.6205
-92.9073
-92.0953
-91.2481
-90.4146
-89.6233
-88.8874
-88.2097
-87.5879
-87.0173
-86.4923
-86.0072
-85.5569
-85.1364
-84.7413
-84.3675
-84.0112
-83.669
-83.3376
-83.0137
-82.694
-82.3753
-82.054
-81.7261
-81.3871
-81.0318
-80.6532
-80.2429
-79.789
-79.2753
-78.6775
-77.9575
-77.0503
-75.8341
-74.0446
-70.9639
-63.7063
-27.8641
48.7588
49.4231
45.0183
31.217
9.89827
-4.87898
-15.8359
-26.8212
-36.4582
-56.6757
-91.2845
-94.9288
-94.9718
-94.9454
-94.8857
-94.7646
-94.5364
-94.1517
-93.5878
-92.8694
-92.0554
-91.2088
-90.3771
-89.588
-88.8541
-88.1781
-87.5576
-86.9877
-86.463
-85.978
-85.5272
-85.106
-84.7098
-84.3347
-83.9768
-83.6326
-83.2988
-82.9722
-82.6493
-82.3269
-82.0012
-81.6681
-81.3229
-80.96
-80.5721
-80.1501
-79.6814
-79.148
-78.5228
-77.7629
-76.7936
-75.4702
-73.4644
-69.8164
-60.0844
-0.709513
49.9772
49.4284
44.4032
29.0656
7.04904
-6.90904
-17.708
-28.7983
-39.9179
-65.3313
-93.7603
-94.9603
-94.9653
-94.9301
-94.8553
-94.7082
-94.4419
-94.0132
-93.4117
-92.6715
-91.8524
-91.0127
-90.1942
-89.4206
-88.702
-88.0402
-87.4324
-86.874
-86.3596
-85.8837
-85.4413
-85.0277
-84.6387
-84.2701
-83.9184
-83.5801
-83.2519
-82.9306
-82.6129
-82.2955
-81.9748
-81.6467
-81.3067
-80.949
-80.5667
-80.1507
-79.6886
-79.1628
-78.547
-77.799
-76.8465
-75.5496
-73.5946
-70.0771
-60.9341
-6.9794
49.9642
49.5268
45.0171
30.5405
8.53677
-5.95438
-16.8566
-27.9294
-38.3677
-61.4401
-93.0081
-94.9501
-94.9676
-94.9355
-94.8661
-94.7279
-94.4742
-94.0595
-93.4694
-92.7357
-91.9188
-91.0786
-90.2587
-89.4839
-88.7649
-88.1035
-87.497
-86.9406
-86.4288
-85.956
-85.5173
-85.1079
-84.7234
-84.3599
-84.0139
-83.682
-83.3608
-83.0475
-82.7389
-82.4317
-82.1229
-81.8086
-81.4848
-81.1466
-80.7881
-80.4016
-79.9771
-79.5007
-78.9524
-78.3013
-77.497
-76.4496
-74.977
-72.6389
-67.9984
-52.7973
37.345
49.6871
46.4535
34.7613
14.0293
-2.43461
-13.7506
-24.5919
-34.7445
-52.4987
-88.3002
-94.8851
-94.9738
-94.9516
-94.8991
-94.7923
-94.5899
-94.2443
-93.7269
-93.0514
-92.2678
-91.4367
-90.608
-89.8138
-89.07
-88.3824
-87.7502
-87.1697
-86.636
-86.1435
-85.6872
-85.2622
-84.864
-84.4885
-84.1319
-83.7907
-83.4617
-83.1415
-82.827
-82.5152
-82.2026
-81.8855
-81.5601
-81.2214
-80.8638
-80.4799
-80.0602
-79.5915
-79.0551
-78.4225
-77.6478
-76.6502
-75.2707
-73.1386
-69.1216
-57.5049
17.0793
49.952
48.5166
40.5937
21.9602
1.84856
-10.457
-21.0206
-31.9257
-46.0948
-79.2665
-94.6941
-94.9728
-94.9579
-94.9131
-94.8213
-94.6458
-94.3398
-93.8682
-93.2328
-92.4754
-91.6551
-90.8251
-90.0218
-89.2654
-88.5637
-87.9177
-87.3245
-86.7794
-86.2771
-85.8125
-85.3806
-84.977
-84.5974
-84.2379
-83.8951
-83.5657
-83.2464
-82.9341
-82.6257
-82.3182
-82.008
-81.6913
-81.364
-81.0209
-80.6556
-80.26
-79.823
-79.3293
-78.7567
-78.07
-77.2109
-76.0717
-74.4256
-71.6865
-65.7037
-40.9404
48.4238
49.4746
45.3351
32.1125
11.0525
-4.10529
-15.1414
-26.0734
-35.6813
-54.7676
-90.1577
-94.9138
-94.9732
-94.9488
-94.8928
-94.7783
-94.5609
-94.1906
-93.6413
-92.9346
-92.1279
-91.2847
-90.4541
-89.6653
-88.9317
-88.2566
-87.6376
-87.0702
-86.5488
-86.0678
-85.6219
-85.2064
-84.8167
-84.4489
-84.0993
-83.7645
-83.4413
-83.1266
-82.8173
-82.5103
-82.2025
-81.8903
-81.5697
-81.2362
-80.8842
-80.5066
-80.0943
-79.6347
-79.11
-78.4931
-77.7413
-76.7798
-75.4639
-73.4651
-69.8238
-60.0992
-0.750866
49.9773
49.4327
44.4404
29.1803
7.1889
-6.80837
-17.6146
-28.7019
-39.7407
-64.8884
-93.6945
-94.9594
-94.9656
-94.9309
-94.8568
-94.7111
-94.4471
-94.0212
-93.4228
-92.6856
-91.8694
-91.0325
-90.2169
-89.4464
-88.7312
-88.0729
-87.469
-86.9146
-86.4045
-85.9331
-85.4956
-85.0872
-84.7035
-84.3409
-83.9955
-83.6642
-83.3436
-83.0308
-82.7226
-82.416
-82.1075
-81.7938
-81.4704
-81.1327
-80.7747
-80.3888
-79.9651
-79.4896
-78.9423
-78.2928
-77.4909
-76.4473
-74.9819
-72.66
-68.0713
-53.1981
36.1511
49.7055
46.5581
35.0203
14.3374
-2.26868
-13.6159
-24.4472
-34.6452
-52.2604
-88.0681
-94.8812
-94.9738
-94.9518
-94.8995
-94.7932
-94.5923
-94.2493
-93.7357
-93.0643
-92.2839
-91.4546
-90.6262
-89.8309
-89.0854
-88.3955
-87.7609
-87.1779
-86.6418
-86.1471
-85.6887
-85.2619
-84.862
-84.485
-84.1271
-83.7847
-83.4546
-83.1335
-82.8183
-82.5057
-82.1925
-81.875
-81.5491
-81.2101
-80.8522
-80.4682
-80.0484
-79.5798
-79.0436
-78.4116
-77.6379
-76.642
-75.2659
-73.1417
-69.1485
-57.6626
15.9892
49.9581
48.6113
40.9236
22.4933
2.16774
-10.2253
-20.7671
-31.6977
-45.6094
-78.331
-94.6663
-94.9724
-94.9583
-94.914
-94.8232
-94.6494
-94.346
-93.8775
-93.245
-92.4894
-91.6697
-90.8394
-90.0351
-89.2773
-88.5742
-87.9268
-87.3323
-86.7859
-86.2825
-85.817
-85.3844
-84.9801
-84.6
-84.2402
-83.8972
-83.5676
-83.2483
-82.9362
-82.6282
-82.3211
-82.0115
-81.6958
-81.3696
-81.0279
-80.6644
-80.2711
-79.8371
-79.3477
-78.7807
-78.1023
-77.2559
-76.138
-74.5325
-71.8901
-66.2486
-44.1595
47.592
49.5106
45.5204
32.5497
11.537
-3.81772
-14.8954
-25.8118
-35.5257
-54.3873
-89.8885
-94.9099
-94.9733
-94.9492
-94.8937
-94.7803
-94.5649
-94.1978
-93.6525
-92.9493
-92.1445
-91.3016
-90.4699
-89.6789
-88.9427
-88.2647
-87.6429
-87.0729
-86.5491
-86.0659
-85.6181
-85.2009
-84.8097
-84.4406
-84.0899
-83.7541
-83.4299
-83.1144
-82.8044
-82.4967
-82.1882
-81.8754
-81.5542
-81.2201
-80.8674
-80.489
-80.0758
-79.6151
-79.0889
-78.4701
-77.7154
-76.7492
-75.4252
-73.4095
-69.722
-59.7775
1.53331
49.9793
49.3783
44.1411
28.5115
6.57149
-7.20852
-17.9728
-29.0609
-40.3979
-66.5259
-93.9191
-94.9625
-94.9646
-94.9285
-94.8522
-94.7026
-94.4331
-94.0012
-93.3976
-92.6574
-91.8402
-91.0036
-90.1891
-89.4199
-88.706
-88.0489
-87.446
-86.8925
-86.3832
-85.9126
-85.4757
-85.0679
-84.6849
-84.3228
-83.978
-83.6471
-83.327
-83.0147
-82.707
-82.4007
-82.0927
-81.7793
-81.4564
-81.1191
-80.7615
-80.3759
-79.9526
-79.4775
-78.9306
-78.2815
-77.48
-76.4369
-74.972
-72.6509
-68.0645
-53.2056
36.0954
49.7063
46.563
35.0332
14.3539
-2.25924
-13.6081
-24.4387
-34.6392
-52.2461
-88.0539
-94.881
-94.9737
-94.9517
-94.8993
-94.793
-94.5919
-94.249
-93.7358
-93.065
-92.2852
-91.4563
-90.6281
-89.8329
-89.0872
-88.3971
-87.7622
-87.179
-86.6426
-86.1478
-85.6895
-85.2626
-84.8629
-84.4862
-84.1286
-83.7867
-83.4572
-83.1367
-82.8223
-82.5107
-82.1986
-81.8824
-81.5582
-81.2211
-80.8656
-80.4845
-80.0684
-79.6046
-79.0748
-78.4517
-77.6913
-76.7164
-75.3776
-73.3316
-69.5597
-59.2002
5.72257
49.9802
49.2412
43.4567
27.0736
5.34987
-8.01367
-18.6981
-29.7737
-41.7394
-69.8052
-94.2423
-94.967
-94.9627
-94.9242
-94.8435
-94.6866
-94.4068
-93.9634
-93.3503
-92.6046
-91.7859
-90.9508
-90.1393
-89.3737
-88.6634
-88.0099
-87.4103
-86.86
-86.3536
-85.8857
-85.4515
-85.0462
-84.6656
-84.3059
-83.9635
-83.635
-83.3173
-83.0074
-82.7022
-82.3987
-82.0935
-81.7832
-81.4636
-81.1301
-80.7769
-80.3964
-79.9793
-79.5119
-78.975
-78.3396
-77.5579
-76.5462
-75.1376
-72.9378
-68.7152
-55.9733
25.3274
49.8712
47.6677
37.9515
18.0627
-0.309868
-12.0736
-22.7831
-33.4129
-49.3843
-84.6615
-94.8199
-94.9737
-94.9544
-94.9055
-94.8062
-94.618
-94.2947
-93.8051
-93.156
-92.3919
-91.5716
-90.7459
-89.9492
-89.1999
-88.5054
-87.866
-87.2788
-86.7391
-86.2417
-85.7816
-85.3539
-84.9541
-84.5781
-84.2221
-83.8827
-83.5565
-83.2405
-82.9315
-82.6266
-82.3227
-82.0164
-81.704
-81.3814
-81.0437
-80.6846
-80.2965
-79.8688
-79.3872
-78.8305
-78.1662
-77.3406
-76.2565
-74.7143
-72.2165
-67.0618
-48.5036
44.7936
49.5745
45.8555
33.3484
12.4397
-3.29321
-14.4517
-25.3384
-35.2322
-53.6735
-89.34
-94.9017
-94.9735
-94.9501
-94.8957
-94.7847
-94.5742
-94.2154
-93.6811
-92.989
-92.1927
-91.3544
-90.5236
-89.7308
-88.9909
-88.3084
-87.6818
-87.1071
-86.5789
-86.0918
-85.6406
-85.2203
-84.8266
-84.4554
-84.103
-83.7658
-83.4406
-83.1244
-82.814
-82.5063
-82.1981
-81.8859
-81.5657
-81.233
-80.8823
-80.5067
-80.097
-79.641
-79.1212
-78.5115
-77.7702
-76.8253
-75.5384
-73.5994
-70.1193
-61.1395
-8.76147
49.9574
49.5466
45.169
30.9551
9.0171
-5.64011
-16.5746
-27.635
-37.8561
-60.1556
-92.6505
-94.9452
-94.9682
-94.9372
-94.8694
-94.7341
-94.4847
-94.0748
-93.4887
-92.757
-91.94
-91.0985
-90.2767
-89.5001
-88.7795
-88.117
-87.5098
-86.953
-86.4412
-85.9689
-85.531
-85.1226
-84.7395
-84.3778
-84.0338
-83.7043
-83.386
-83.0759
-82.771
-82.4684
-82.1646
-81.8565
-81.5399
-81.2104
-80.8625
-80.4892
-80.0814
-79.6268
-79.1076
-78.4976
-77.7543
-76.8046
-75.5073
-73.5441
-69.9938
-60.683
-5.12743
49.9697
49.5066
44.8877
30.2371
8.23734
-6.13797
-17.0175
-28.094
-38.6544
-62.1605
-93.1806
-94.9523
-94.967
-94.9343
-94.8636
-94.7234
-94.467
-94.0495
-93.4573
-92.723
-91.9066
-91.0678
-90.2498
-89.4772
-88.7604
-88.1014
-87.4973
-86.9433
-86.434
-85.9639
-85.528
-85.1215
-84.7401
-84.3799
-84.0375
-83.7094
-83.3924
-83.0837
-82.7801
-82.4788
-82.1763
-81.8695
-81.5544
-81.2264
-80.88
-80.5086
-80.1028
-79.6506
-79.1345
-78.5283
-77.7903
-76.8485
-75.5642
-73.6268
-70.1436
-61.1327
-8.37704
49.9589
49.5435
45.1455
30.8933
8.94768
-5.68438
-16.614
-27.6759
-37.9267
-60.3325
-92.704
-94.9459
-94.9681
-94.937
-94.8689
-94.7331
-94.483
-94.0723
-93.4858
-92.7544
-91.9385
-91.0987
-90.2791
-89.5049
-88.7868
-88.1267
-87.5219
-86.9675
-86.4579
-85.9878
-85.552
-85.1457
-84.7647
-84.405
-84.063
-83.7356
-83.4194
-83.1116
-82.8091
-82.5089
-82.208
-81.9028
-81.5896
-81.264
-80.9206
-80.5527
-80.1515
-79.7051
-79.1968
-78.6013
-77.8789
-76.9614
-75.7193
-73.8667
-70.6069
-62.5732
-19.2292
49.7611
49.4883
45.1482
31.2778
9.72182
-5.07737
-16.0391
-27.0518
-36.8533
-57.6558
-91.7424
-94.9341
-94.9706
-94.9425
-94.88
-94.7539
-94.5181
-94.1243
-93.5525
-92.8301
-92.0168
-91.1749
-90.3506
-89.5707
-88.8468
-88.1811
-87.5711
-87.0119
-86.4978
-86.0235
-85.5836
-85.1734
-84.7886
-84.4252
-84.0796
-83.7484
-83.4285
-83.1168
-82.8103
-82.5059
-82.2005
-81.8904
-81.5719
-81.2402
-80.8898
-80.5138
-80.1027
-79.644
-79.1199
-78.503
-77.7501
-76.7857
-75.463
-73.4475
-69.7548
-59.7672
2.01949
49.9794
49.3658
44.0755
28.3691
6.44495
-7.2905
-18.0461
-29.1338
-40.5332
-66.8627
-93.9606
-94.9631
-94.9644
-94.9279
-94.8509
-94.7002
-94.4287
-93.9944
-93.3885
-92.6466
-91.8286
-90.9922
-90.1784
-89.4105
-88.6981
-88.0427
-87.4415
-86.8897
-86.382
-85.913
-85.4777
-85.0713
-84.6896
-84.3288
-83.9853
-83.6556
-83.3367
-83.0255
-82.7188
-82.4137
-82.1067
-81.7944
-81.4725
-81.1362
-80.7797
-80.3953
-79.9732
-79.4994
-78.9539
-78.3064
-77.5069
-76.4662
-75.0048
-72.6898
-68.1172
-53.3271
35.8435
49.7105
46.5883
35.0976
14.4326
-2.21574
-13.5725
-24.4005
-34.6126
-52.1825
-87.9918
-94.88
-94.9737
-94.9517
-94.8993
-94.7929
-94.5912
-94.2469
-93.7309
-93.0564
-92.2732
-91.4418
-90.6124
-89.8172
-89.0726
-88.3841
-87.7513
-87.1704
-86.6364
-86.144
-85.6879
-85.2632
-84.8656
-84.4908
-84.1351
-83.795
-83.4672
-83.1485
-82.8357
-82.5258
-82.2153
-81.9008
-81.5783
-81.2432
-80.8897
-80.5109
-80.0974
-79.6368
-79.111
-78.493
-77.7396
-76.7757
-75.4552
-73.4461
-69.7739
-59.8923
0.915385
49.9787
49.3943
44.2264
28.6972
6.73734
-7.10114
-17.8767
-28.9651
-40.2218
-66.0896
-93.8652
-94.9618
-94.9648
-94.9289
-94.8528
-94.7036
-94.4342
-94.0019
-93.3975
-92.6559
-91.8375
-91.0003
-90.1858
-89.4172
-88.7045
-88.0492
-87.4483
-86.8972
-86.3903
-85.9223
-85.4882
-85.0833
-84.7033
-84.3444
-84.0029
-83.6756
-83.3593
-83.051
-82.7477
-82.4463
-82.1437
-81.8364
-81.5204
-81.1911
-80.8431
-80.4692
-80.0601
-79.6033
-79.0806
-78.4649
-77.7126
-76.7474
-75.4214
-73.3963
-69.6728
-59.528
3.62651
49.9801
49.3174
43.8296
27.8473
5.99498
-7.58424
-18.3097
-29.394
-41.0189
-68.0583
-94.0891
-94.9649
-94.9637
-94.9263
-94.8478
-94.6944
-94.4193
-93.9812
-93.3728
-92.6302
-91.8133
-90.9794
-90.169
-89.4047
-88.6961
-88.0446
-87.4473
-86.8996
-86.3959
-85.931
-85.4998
-85.0979
-84.7208
-84.3648
-84.0264
-83.7022
-83.3893
-83.0846
-82.7851
-82.488
-82.1902
-81.8882
-81.5783
-81.2563
-80.9167
-80.5531
-80.1568
-79.7164
-79.2153
-78.6293
-77.9199
-77.0218
-75.8121
-74.0228
-70.9227
-63.549
-26.5208
48.6482
49.4319
45.0646
31.3253
10.0132
-4.8087
-15.7747
-26.7569
-36.3535
-56.4182
-91.1503
-94.9269
-94.9718
-94.9454
-94.8858
-94.7647
-94.5367
-94.1525
-93.5895
-92.8731
-92.0624
-91.2205
-90.3947
-89.6127
-88.8866
-88.2191
-87.6075
-87.0469
-86.532
-86.0569
-85.6167
-85.2063
-84.8216
-84.4586
-84.1136
-83.7833
-83.4646
-83.1544
-82.8498
-82.5478
-82.2451
-81.9385
-81.6241
-81.2977
-80.9537
-80.5856
-80.1848
-79.7397
-79.2337
-78.6424
-77.9271
-77.022
-75.803
-73.9994
-70.8697
-63.3909
-25.4176
48.9488
49.4376
45.0649
31.2918
9.94319
-4.8648
-15.828
-26.8155
-36.4513
-56.6595
-91.2747
-94.9285
-94.9716
-94.945
-94.8849
-94.7632
-94.5341
-94.1485
-93.5842
-92.8663
-92.0539
-91.21
-90.3818
-89.5968
-88.8674
-88.196
-87.5803
-87.0154
-86.4957
-86.0158
-85.5703
-85.1545
-84.7639
-84.3947
-84.0431
-83.7056
-83.3791
-83.0603
-82.7462
-82.4335
-82.1188
-81.7984
-81.4679
-81.1225
-80.7559
-80.36
-79.9244
-79.4345
-78.8688
-78.1941
-77.356
-76.2549
-74.6859
-72.1343
-66.8144
-47.1198
46.0206
49.55
45.7199
33.0076
12.0309
-3.5383
-14.6614
-25.564
-35.3755
-54.0215
-89.6128
-94.9057
-94.9734
-94.9496
-94.8946
-94.7823
-94.5691
-94.2055
-93.6644
-92.9646
-92.1612
-91.3171
-90.4818
-89.6855
-88.9427
-88.2573
-87.6278
-87.0496
-86.5175
-86.0259
-85.5695
-85.1433
-84.7429
-84.3642
-84.0032
-83.6566
-83.3207
-82.9925
-82.6684
-82.3451
-82.0189
-81.6857
-81.3408
-80.9786
-80.5921
-80.172
-79.706
-79.1765
-78.5572
-77.8058
-76.8501
-75.5506
-73.594
-70.0789
-60.9621
-7.30678
49.9631
49.53
45.0395
30.5963
8.59529
-5.91749
-16.8239
-27.8957
-38.3087
-61.2907
-92.9689
-94.9494
-94.9675
-94.9355
-94.8659
-94.7275
-94.4733
-94.0576
-93.4657
-92.7294
-91.909
-91.0649
-90.2408
-89.4619
-88.7386
-88.0731
-87.4624
-86.9019
-86.3859
-85.9089
-85.4659
-85.0521
-84.6631
-84.2948
-83.9437
-83.6062
-83.2791
-82.9592
-82.6433
-82.328
-82.0098
-81.6848
-81.3484
-80.9953
-80.6186
-80.2096
-79.7566
-79.2429
-78.6437
-77.92
-77.0053
-75.774
-73.9505
-70.7769
-63.1271
-23.5377
49.3336
49.4473
45.0517
31.1734
9.72642
-5.03192
-15.9852
-26.9871
-36.7391
-57.3712
-91.6183
-94.9328
-94.971
-94.9435
-94.882
-94.7575
-94.5242
-94.133
-93.5629
-92.8405
-92.0252
-91.1799
-90.3512
-89.5662
-88.837
-88.166
-87.5506
-86.9859
-86.4664
-85.9866
-85.5411
-85.1251
-84.7344
-84.3648
-84.0126
-83.6745
-83.3471
-83.0272
-82.7118
-82.3974
-82.0807
-81.7578
-81.4243
-81.0751
-80.7037
-80.3018
-79.8582
-79.3576
-78.777
-78.0809
-77.2097
-76.0533
-74.3783
-71.5758
-65.3731
-38.831
48.704
49.4535
45.2194
31.8213
10.7095
-4.32164
-15.331
-26.2763
-35.8005
-55.0593
-90.3527
-94.9164
-94.9729
-94.9482
-94.8914
-94.7756
-94.5559
-94.1821
-93.6287
-92.9178
-92.1072
-91.2607
-90.4269
-89.6351
-88.8983
-88.2196
-87.5969
-87.0253
-86.4993
-86.0134
-85.5621
-85.1407
-84.7447
-84.3699
-84.0128
-83.6696
-83.3371
-83.0121
-82.6912
-82.3712
-82.0484
-81.7187
-81.3778
-81.02
-80.6385
-80.2246
-79.7662
-79.2464
-78.6403
-77.908
-76.9819
-75.7334
-73.8795
-70.6341
-62.6993
-20.4179
49.6869
49.4747
45.1017
31.1859
9.63753
-5.12393
-16.0781
-27.0917
-36.9184
-57.8175
-91.8138
-94.9352
-94.9706
-94.9425
-94.88
-94.7538
-94.5177
-94.1233
-93.5501
-92.8253
-92.0085
-91.1621
-90.3323
-89.5462
-88.8154
-88.1426
-87.525
-86.958
-86.4359
-85.9531
-85.5046
-85.0853
-84.6909
-84.3175
-83.9611
-83.6184
-83.2859
-82.9604
-82.6386
-82.3172
-81.9923
-81.6599
-81.3154
-80.9529
-80.5652
-80.1432
-79.674
-79.1395
-78.5125
-77.7492
-76.7737
-75.4385
-73.4061
-69.6818
-59.5737
3.19404
49.9799
49.3268
43.8603
27.8755
5.98175
-7.60464
-18.332
-29.4187
-41.0676
-68.1764
-94.0997
-94.965
-94.9636
-94.9261
-94.8473
-94.6935
-94.4176
-93.9783
-93.3678
-92.6224
-91.8019
-90.9635
-90.1477
-89.3774
-88.6623
-88.0037
-87.3989
-86.8433
-86.3314
-85.8579
-85.4177
-85.0062
-84.6191
-84.2524
-83.9025
-83.5658
-83.2393
-82.9196
-82.6035
-82.2876
-81.9685
-81.642
-81.3035
-80.9475
-80.567
-80.1529
-79.693
-79.1697
-78.5569
-77.8128
-76.8656
-75.5772
-73.638
-70.1605
-61.1939
-8.89975
49.9563
49.546
45.1583
30.9087
8.94456
-5.69309
-16.6239
-27.6876
-37.9483
-60.3876
-92.7212
-94.9462
-94.9682
-94.937
-94.8689
-94.733
-94.4825
-94.0713
-93.4838
-92.7514
-91.9344
-91.0934
-90.2725
-89.497
-88.7775
-88.1159
-87.5095
-86.9535
-86.4422
-85.9701
-85.5323
-85.1238
-84.7405
-84.3783
-84.0337
-83.7033
-83.3839
-83.0725
-82.766
-82.4614
-82.1553
-81.8443
-81.5244
-81.1907
-80.8376
-80.4578
-80.0417
-79.5761
-79.0423
-78.4114
-77.6373
-76.6381
-75.2528
-73.104
-69.0318
-57.105
19.5623
49.9342
48.2811
39.8072
20.7311
1.1364
-10.9818
-21.5946
-32.4298
-47.1863
-81.2406
-94.7459
-94.9732
-94.9567
-94.9105
-94.8161
-94.636
-94.3236
-93.8448
-93.2036
-92.443
-91.6222
-90.7938
-89.9935
-89.2406
-88.5427
-87.9004
-87.3107
-86.7689
-86.2698
-85.8081
-85.3789
-84.9777
-84.6005
-84.2433
-83.9026
-83.5752
-83.2579
-82.9476
-82.6412
-82.3357
-82.0277
-81.7133
-81.3885
-81.0481
-80.6859
-80.2939
-79.8613
-79.3733
-78.808
-78.1315
-77.2875
-76.173
-74.5732
-71.9426
-66.3374
-44.5091
47.4657
49.5155
45.5475
32.6178
11.6181
-3.76796
-14.8524
-25.7656
-35.4975
-54.3186
-89.8385
-94.9092
-94.9734
-94.9494
-94.8941
-94.7812
-94.5664
-94.2
-93.6554
-92.9528
-92.1487
-91.3068
-90.4762
-89.6867
-88.952
-88.2755
-87.6553
-87.0868
-86.5643
-86.0825
-85.6359
-85.2198
-84.8298
-84.4617
-84.1119
-83.777
-83.4539
-83.1393
-82.8302
-82.5236
-82.2162
-81.9046
-81.5847
-81.2521
-80.9011
-80.5249
-80.1143
-79.6568
-79.1349
-78.522
-77.7758
-76.823
-75.522
-73.5541
-69.9955
-60.656
-4.84411
49.9704
49.5033
44.8672
30.1896
8.19106
-6.16625
-17.0423
-28.1191
-38.6986
-62.2712
-93.2055
-94.9527
-94.9671
-94.9344
-94.8639
-94.724
-94.4681
-94.0511
-93.4596
-92.7258
-91.9098
-91.071
-90.2528
-89.4797
-88.7622
-88.1021
-87.4968
-86.9415
-86.4307
-85.9589
-85.5212
-85.1128
-84.7293
-84.367
-84.0221
-83.6914
-83.3716
-83.0597
-82.7527
-82.4474
-82.1406
-81.8288
-81.5079
-81.173
-80.8185
-80.4371
-80.0189
-79.5508
-79.0134
-78.3778
-77.5968
-76.5868
-75.1823
-72.993
-68.8035
-56.2467
24.106
49.8869
47.8009
38.3323
18.5815
-0.0394537
-11.8679
-22.5603
-33.2355
-48.9818
-84.0901
-94.8086
-94.9736
-94.9549
-94.9065
-94.8081
-94.6213
-94.2995
-93.8109
-93.1617
-92.3966
-91.5744
-90.7467
-89.9481
-89.197
-88.5007
-87.8598
-87.271
-86.7297
-86.2306
-85.7688
-85.3391
-84.9372
-84.5589
-84.2004
-83.8582
-83.5288
-83.2093
-82.8964
-82.587
-82.2779
-81.9657
-81.6464
-81.3156
-80.968
-80.597
-80.1939
-79.7473
-79.2406
-78.6498
-77.9367
-77.0364
-75.8274
-74.0454
-70.9726
-63.7257
-27.9311
48.7653
49.4252
45.0381
31.2846
9.99494
-4.81022
-15.7728
-26.753
-36.3455
-56.3977
-91.1404
-94.9269
-94.9719
-94.9456
-94.8862
-94.7656
-94.5381
-94.1541
-93.591
-92.8736
-92.0612
-91.2169
-90.3883
-89.6032
-88.874
-88.2032
-87.5884
-87.0247
-86.5065
-86.0282
-85.5847
-85.171
-84.7828
-84.4162
-84.0674
-83.7331
-83.4101
-83.0952
-82.7855
-82.4777
-82.1686
-81.8547
-81.5319
-81.1954
-80.8396
-80.4571
-80.0383
-79.5701
-79.0335
-78.3999
-77.623
-76.6212
-75.2333
-73.0831
-69.0142
-57.1301
19.1904
49.9373
48.3174
39.9263
20.9153
1.24212
-10.9031
-21.5084
-32.355
-47.0226
-80.9531
-94.7384
-94.9731
-94.9568
-94.9108
-94.817
-94.6382
-94.3283
-93.8534
-93.2165
-92.4595
-91.6407
-90.8123
-90.0103
-89.2544
-88.5525
-87.9057
-87.3111
-86.7641
-86.2597
-85.7927
-85.3583
-84.9519
-84.5692
-84.2066
-83.8604
-83.5272
-83.2038
-82.8871
-82.5739
-82.2609
-81.9445
-81.6208
-81.2853
-80.9323
-80.5552
-80.1449
-79.6894
-79.1716
-78.566
-77.8319
-76.8999
-75.6374
-73.7501
-70.41
-62.0566
-15.7162
49.8822
49.5174
45.1912
31.2374
9.5372
-5.24196
-16.2
-27.23
-37.1586
-58.4161
-92.0552
-94.9379
-94.9698
-94.9408
-94.8766
-94.7474
-94.5069
-94.1072
-93.5299
-92.8035
-91.988
-91.1453
-90.3209
-89.5412
-88.8175
-88.1521
-87.5422
-86.983
-86.469
-85.9946
-85.5546
-85.1443
-84.7593
-84.3957
-84.0499
-83.7185
-83.3983
-83.0862
-82.7793
-82.4745
-82.1685
-81.8578
-81.5385
-81.2058
-80.8543
-80.4768
-80.0638
-79.6028
-79.0754
-78.4541
-77.6947
-76.72
-75.3793
-73.3268
-69.5333
-59.0597
6.84447
49.9798
49.1949
43.2428
26.6475
5.01393
-8.23822
-18.9014
-29.9698
-42.1168
-70.7059
-94.3095
-94.9679
-94.9623
-94.9232
-94.8415
-94.6831
-94.4014
-93.9564
-93.3428
-92.598
-91.7811
-90.9484
-90.1392
-89.3757
-88.6672
-88.015
-87.4165
-86.8668
-86.3608
-85.8932
-85.459
-85.0536
-84.6728
-84.3126
-83.9697
-83.6405
-83.3221
-83.0112
-82.7049
-82.4001
-82.0935
-81.7814
-81.4599
-81.1239
-80.7678
-80.3838
-79.9621
-79.489
-78.9444
-78.2982
-77.5006
-76.4633
-75.0082
-72.7077
-68.182
-53.6861
34.6459
49.7293
46.6986
35.3747
14.7679
-2.03592
-13.4273
-24.2443
-34.5034
-51.9227
-87.7274
-94.8756
-94.9738
-94.952
-94.9001
-94.7947
-94.5953
-94.2549
-93.7447
-93.0766
-92.2991
-91.4719
-90.645
-89.8507
-89.1059
-88.4166
-87.7826
-87.2004
-86.665
-86.1714
-85.7142
-85.2887
-84.8904
-84.5152
-84.1594
-83.8194
-83.4919
-83.1738
-82.8621
-82.5535
-82.2448
-81.9326
-81.613
-81.2815
-80.9326
-80.5597
-80.1538
-79.7032
-79.191
-78.5922
-77.867
-76.9477
-75.7055
-73.857
-70.6151
-62.6737
-20.2989
49.6964
49.4782
45.127
31.2656
9.74585
-5.04886
-16.0096
-27.0183
-36.7956
-57.5123
-91.6795
-94.9334
-94.9708
-94.943
-94.8809
-94.7555
-94.5208
-94.1281
-93.5571
-92.8348
-92.0208
-91.1776
-90.3518
-89.5701
-88.8445
-88.1772
-87.5656
-87.005
-86.4896
-86.0141
-85.5731
-85.162
-84.7763
-84.412
-84.0657
-83.7338
-83.4133
-83.101
-82.794
-82.4891
-82.1832
-81.8727
-81.5538
-81.2218
-80.8711
-80.4948
-80.0836
-79.625
-79.1009
-78.4846
-77.7327
-76.7704
-75.4519
-73.4462
-69.7833
-59.9495
0.404249
49.9783
49.4067
44.2944
28.8494
6.87779
-7.00984
-17.7949
-28.8832
-40.0714
-65.7153
-93.8147
-94.9611
-94.965
-94.9295
-94.8542
-94.7062
-94.439
-94.0096
-93.4083
-92.6695
-91.853
-91.0168
-90.2025
-89.4335
-88.7198
-88.0632
-87.4608
-86.9079
-86.3991
-85.9291
-85.4929
-85.0857
-84.7034
-84.342
-83.998
-83.6679
-83.3487
-83.0373
-82.7307
-82.4256
-82.119
-81.8072
-81.486
-81.1508
-80.7958

