-70
-68.4539
-66.4807
-63.3623
-56.7326
-30.1865
42.0358
49.2565
44.1862
28.9597
7.19836
-6.79041
-17.6139
-28.6973
-39.7169
-64.5796
-92.8155
-94.7934
-94.921
-94.9106
-94.8688
-94.8114
-94.7472
-94.6836
-94.6253
-94.5744
-94.5311
-94.4948
-94.4645
-94.4393
-94.4181
-94.4004
-94.3854
-94.3728
-94.362
-94.3527
-94.3447
-94.3378
-94.3318
-94.3265
-94.3218
-94.3175
-94.3137
-94.3102
-94.307
-94.304
-94.3012
-94.2985
-94.2959
-94.2934
-94.291
-94.2886
-94.2863
-94.2839
-94.2816
-94.2792
-94.2768
-94.2744
-94.272
-94.2695
-94.267
-94.2645
-94.2619
-94.2593
-94.2566
-94.2538
-94.251
-94.2482
-94.2453
-94.2423
-94.2393
-94.2363
-94.2331
-94.2299
-94.2267
-94.2234
-94.22
-94.2166
-94.2131
-94.2096
-94.206
-94.2023
-94.1986
-94.1948
-94.191
-94.1871
-94.1831
-94.1791
-94.175
-94.1709
-94.1667
-94.1624
-94.1581
-94.1537
-94.1493
-94.1448
-94.1403
-94.1357
-94.131
-94.1263
-94.1215
-94.1167
-94.1118
-94.1068
-94.1018
-94.0968
-94.0916
-94.0865
-94.0812
-94.0759
-94.0706
-94.0652
-94.0597
-94.0542
-94.0486
-94.043
-94.0373
-94.0316
-94.0258
-94.0199
-94.014
-94.008
-94.002
-93.9959
-93.9898
-93.9836
-93.9774
-93.971
-93.9647
-93.9583
-93.9518
-93.9453
-93.9387
-93.9321
-93.9254
-93.9186
-93.9118
-93.9049
-93.898
-93.8911
-93.884
-93.8769
-93.8698
-93.8626
-93.8553
-93.848
-93.8407
-93.8332
-93.8258
-93.8182
-93.8106
-93.803
-93.7953
-93.7875
-93.7797
-93.7718
-93.7639
-93.7559
-93.7479
-93.7398
-93.7316
-93.7234
-93.7152
-93.7068
-93.6984
-93.69
-93.6815
-93.673
-93.6643
-93.6557
-93.6469
-93.6382
-93.6293
-93.6204
-93.6115
-93.6025
-93.5934
-93.5843
-93.5751
-93.5658
-93.5565
-93.5471
-93.5377
-93.5282
-93.5187
-93.5091
-93.4995
-93.4897
-93.48
-93.4701
-93.4603
-93.4503
-93.4403
-93.4302
-93.4201
-93.4099
-93.3997
-93.3894
-93.379
-93.3686
-93.3581
-93.3476
-93.337
-93.3263
-93.3156
-93.3048
-93.294
-93.2831
-93.2721
-93.2611
-93.25
-93.2388
-93.2276
-93.2164
-93.2051
-93.1937
-93.1822
-93.1707
-93.1592
-93.1475
-93.1358
-93.1241
-93.1123
-93.1004
-93.0885
-93.0765
-93.0644
-93.0523
-93.0401
-93.0279
-93.0156
-93.0032
-92.9908
-92.9783
-92.9658
-92.9532
-92.9405
-92.9278
-92.915
-92.9022
-92.8892
-92.8763
-92.8632
-92.8501
-92.837
-92.8237
-92.8105
-92.7971
-92.7837
-92.7702
-92.7567
-92.7431
-92.7295
-92.7157
-92.702
-92.6881
-92.6742
-92.6603
-92.6462
-92.6321
-92.618
-92.6038
-92.5895
-92.5752
-92.5608
-92.5463
-92.5318
-92.5172
-92.5026
-92.4879
-92.4731
-92.4583
-92.4434
-92.4284
-92.4134
-92.3983
-92.3832
-92.368
-92.3528
-92.3374
-92.3221
-92.3066
-92.2911
-92.2755
-92.2599
-92.2442
-92.2285
-92.2127
-92.1968
-92.1809
-92.1649
-92.1488
-92.1327
-92.1165
-92.1003
-92.084
-92.0677
-92.0513
-92.0348
-92.0182
-92.0017
-91.985
-91.9683
-91.9515
-91.9347
-91.9178
-91.9008
-91.8838
-91.8668
-91.8496
-91.8324
-91.8152
-91.7979
-91.7805
-91.7631
-91.7456
-91.7281
-91.7105
-91.6928
-91.6751
-91.6573
-91.6395
-91.6216
-91.6036
-91.5856
-91.5676
-91.5495
-91.5313
-91.5131
-91.4948
-91.4764
-91.458
-91.4395
-91.421
-91.4025
-91.3838
-91.3651
-91.3464
-91.3276
-91.3087
-91.2898
-91.2709
-91.2519
-91.2328
-91.2137
-91.1945
-91.1752
-91.1559
-91.1366
-91.1172
-91.0977
-91.0782
-91.0587
-91.039
-91.0194
-90.9996
-90.9799
-90.96
-90.9402
-90.9202
-90.9002
-90.8802
-90.8601
-90.84
-90.8198
-90.7995
-90.7792
-90.7589
-90.7385
-90.718
-90.6975
-90.6769
-90.6563
-90.6357
-90.615
-90.5942
-90.5734
-90.5526
-90.5317
-90.5107
-90.4897
-90.4686
-90.4475
-90.4264
-90.4052
-90.3839
-90.3626
-90.3413
-90.3199
-90.2985
-90.277
-90.2554
-90.2339
-90.2122
-90.1905
-90.1688
-90.147
-90.1252
-90.1034
-90.0815
-90.0595
-90.0375
-90.0154
-89.9934
-89.9712
-89.949
-89.9268
-89.9045
-89.8822
-89.8598
-89.8374
-89.815
-89.7925
-89.7699
-89.7474
-89.7247
-89.7021
-89.6793
-89.6566
-89.6338
-89.6109
-89.588
-89.5651
-89.5421
-89.5191
-89.4961
-89.473
-89.4498
-89.4266
-89.4034
-89.3801
-89.3568
-89.3335
-89.3101
-89.2866
-89.2632
-89.2397
-89.2161
-89.1925
-89.1689
-89.1452
-89.1215
-89.0977
-89.0739
-89.0501
-89.0262
-89.0023
-88.9783
-88.9543
-88.9303
-88.9062
-88.8821
-88.8579
-88.8337
-88.8095
-88.7852
-88.7609
-88.7365
-88.7122
-88.6877
-88.6633
-88.6387
-88.6142
-88.5896
-88.565
-88.5403
-88.5156
-88.4909
-88.4661
-88.4413
-88.4165
-88.3916
-88.3666
-88.3417
-88.3167
-88.2916
-88.2665
-88.2414
-88.2163
-88.1911
-88.1658
-88.1406
-88.1152
-88.0899
-88.0645
-88.0391
-88.0136
-87.9881
-87.9626
-87.937
-87.9114
-87.8857
-87.86
-87.8343
-87.8085
-87.7827
-87.7569
-87.731
-87.7051
-87.6791
-87.6531
-87.6271
-87.601
-87.5749
-87.5487
-87.5225
-87.4963
-87.47
-87.4437
-87.4174
-87.391
-87.3645
-87.3381
-87.3116
-87.285
-87.2584
-87.2318
-87.2051
-87.1784
-87.1516
-87.1248
-87.098
-87.0711
-87.0442
-87.0172
-86.9902
-86.9631
-86.936
-86.9089
-86.8817
-86.8545
-86.8272
-86.7999
-86.7725
-86.7451
-86.7177
-86.6902
-86.6626
-86.635
-86.6074
-86.5797
-86.552
-86.5242
-86.4964
-86.4685
-86.4406
-86.4126
-86.3846
-86.3565
-86.3284
-86.3002
-86.272
-86.2437
-86.2154
-86.187
-86.1586
-86.1301
-86.1016
-86.073
-86.0443
-86.0156
-85.9869
-85.958
-85.9292
-85.9002
-85.8712
-85.8422
-85.8131
-85.7839
-85.7547
-85.7254
-85.696
-85.6666
-85.6371
-85.6076
-85.578
-85.5483
-85.5185
-85.4887
-85.4588
-85.4289
-85.3989
-85.3688
-85.3386
-85.3084
-85.278
-85.2477
-85.2172
-85.1866
-85.156
-85.1253
-85.0945
-85.0637
-85.0327
-85.0017
-84.9706
-84.9394
-84.9081
-84.8768
-84.8453
-84.8138
-84.7821
-84.7504
-84.7185
-84.6866
-84.6546
-84.6225
-84.5903
-84.5579
-84.5255
-84.493
-84.4603
-84.4276
-84.3947
-84.3617
-84.3287
-84.2955
-84.2621
-84.2287
-84.1952
-84.1615
-84.1277
-84.0937
-84.0597
-84.0255
-83.9911
-83.9567
-83.9221
-83.8873
-83.8524
-83.8174
-83.7822
-83.7469
-83.7114
-83.6757
-83.6399
-83.604
-83.5678
-83.5315
-83.495
-83.4584
-83.4216
-83.3845
-83.3473
-83.31
-83.2724
-83.2346
-83.1966
-83.1584
-83.12
-83.0814
-83.0426
-83.0036
-82.9643
-82.9248
-82.8851
-82.8451
-82.8049
-82.7644
-82.7236
-82.6826
-82.6414
-82.5998
-82.558
-82.5159
-82.4735
-82.4308
-82.3877
-82.3444
-82.3008
-82.2568
-82.2124
-82.1678
-82.1227
-82.0773
-82.0316
-81.9854
-81.9389
-81.8919
-81.8446
-81.7968
-81.7485
-81.6999
-81.6507
-81.6011
-81.551
-81.5004
-81.4493
-81.3977
-81.3455
-81.2927
-81.2394
-81.1855
-81.1309
-81.0757
-81.0199
-80.9634
-80.9062
-80.8483
-80.7896
-80.7301
-80.6699
-80.6088
-80.5469
-80.4841
-80.4204
-80.3557
-80.29
-80.2234
-80.1556
-80.0867
-80.0167
-79.9455
-79.873
-79.7993
-79.7241
-79.6476
-79.5695
-79.4899
-79.4087
-79.3257
-79.241
-79.1544
-79.0658
-78.9751
-78.8822
-78.787
-78.6894
-78.5891
-78.4861
-78.3802
-78.2712
-78.1588
-78.043
-77.9233
-77.7996
-77.6715
-77.5388
-77.401
-77.2577
-77.1084
-76.9526
-76.7898
-76.6191
-76.4398
-76.251
-76.0516
-75.8403
-75.6155
-75.3756
-75.1182
-74.8407
-74.5397
-74.2111
-73.8492
-73.4469
-72.9944
-72.4781
-71.8781
-71.1643
-70.2876
-69.1609
-67.6109
-65.2234
-60.6606
-46.4345
24.3677
49.7567
47.2937
37.0412
17.01
-0.834114
-12.5154
-23.2799
-33.8016
-50.1688
-84.6786
-94.3192
-94.8644
-94.8937
-94.8479
-94.7684
-94.6684
-94.5605
-94.4552
-94.3595
-94.2765
-94.2067
-94.1494
-94.1029
-94.0658
-94.0366
-94.0139
-93.9966
-93.9838
-93.9746
-93.9684
-93.9646
-93.9628
-93.9626
-93.9638
-93.9659
-93.9689
-93.9726
-93.9768
-93.9814
-93.9862
-93.9913
-93.9965
-94.0017
-94.007
-94.0123
-94.0175
-94.0227
-94.0278
-94.0327
-94.0375
-94.0422
-94.0467
-94.0511
-94.0553
-94.0594
-94.0632
-94.0669
-94.0705
-94.0738
-94.077
-94.08
-94.0828
-94.0855
-94.0879
-94.0903
-94.0924
-94.0944
-94.0962
-94.0978
-94.0993
-94.1006
-94.1018
-94.1028
-94.1037
-94.1044
-94.1049
-94.1054
-94.1056
-94.1058
-94.1058
-94.1056
-94.1054
-94.105
-94.1044
-94.1038
-94.103
-94.1021
-94.101
-94.0999
-94.0986
-94.0972
-94.0957
-94.0941
-94.0923
-94.0905
-94.0886
-94.0865
-94.0843
-94.0821
-94.0797
-94.0772
-94.0747
-94.072
-94.0692
-94.0664
-94.0634
-94.0604
-94.0572
-94.054
-94.0507
-94.0473
-94.0438
-94.0402
-94.0366
-94.0328
-94.029
-94.0251
-94.0211
-94.017
-94.0129
-94.0087
-94.0043
-94
-93.9955
-93.991
-93.9864
-93.9817
-93.9769
-93.9721
-93.9672
-93.9622
-93.9572
-93.9521
-93.9469
-93.9417
-93.9364
-93.931
-93.9256
-93.9201
-93.9145
-93.9088
-93.9031
-93.8974
-93.8916
-93.8857
-93.8797
-93.8737
-93.8676
-93.8615
-93.8553
-93.849
-93.8427
-93.8364
-93.8299
-93.8234
-93.8169
-93.8103
-93.8036
-93.7969
-93.7901
-93.7833
-93.7764
-93.7694
-93.7624
-93.7554
-93.7483
-93.7411
-93.7339
-93.7266
-93.7193
-93.7119
-93.7045
-93.697
-93.6895
-93.6819
-93.6742
-93.6665
-93.6588
-93.651
-93.6431
-93.6352
-93.6273
-93.6193
-93.6112
-93.6031
-93.595
-93.5868
-93.5785
-93.5702
-93.5619
-93.5535
-93.545
-93.5366
-93.528
-93.5194
-93.5108
-93.5021
-93.4933
-93.4846
-93.4757
-93.4668
-93.4579
-93.4489
-93.4399
-93.4309
-93.4217
-93.4126
-93.4034
-93.3941
-93.3848
-93.3755
-93.3661
-93.3567
-93.3472
-93.3376
-93.3281
-93.3185
-93.3088
-93.2991
-93.2893
-93.2796
-93.2697
-93.2598
-93.2499
-93.2399
-93.2299
-93.2199
-93.2098
-93.1996
-93.1894
-93.1792
-93.1689
-93.1586
-93.1483
-93.1379
-93.1274
-93.1169
-93.1064
-93.0959
-93.0852
-93.0746
-93.0639
-93.0532
-93.0424
-93.0316
-93.0207
-93.0098
-92.9989
-92.9879
-92.9769
-92.9659
-92.9548
-92.9437
-92.9325
-92.9213
-92.91
-92.8987
-92.8874
-92.8761
-92.8647
-92.8532
-92.8417
-92.8302
-92.8187
-92.8071
-92.7955
-92.7838
-92.7721
-92.7604
-92.7486
-92.7368
-92.725
-92.7131
-92.7012
-92.6892
-92.6772
-92.6652
-92.6532
-92.6411
-92.6289
-92.6168
-92.6046
-92.5924
-92.5801
-92.5678
-92.5555
-92.5432
-92.5308
-92.5183
-92.5059
-92.4934
-92.4809
-92.4683
-92.4558
-92.4432
-92.4305
-92.4178
-92.4051
-92.3924
-92.3796
-92.3669
-92.354
-92.3412
-92.3283
-92.3154
-92.3025
-92.2895
-92.2765
-92.2635
-92.2504
-92.2374
-92.2243
-92.2111
-92.198
-92.1848
-92.1716
-92.1584
-92.1451
-92.1318
-92.1185
-92.1052
-92.0918
-92.0784
-92.065
-92.0516
-92.0382
-92.0247
-92.0112
-91.9977
-91.9841
-91.9705
-91.957
-91.9433
-91.9297
-91.9161
-91.9024
-91.8887
-91.875
-91.8612
-91.8475
-91.8337
-91.8199
-91.8061
-91.7923
-91.7784
-91.7646
-91.7507
-91.7368
-91.7228
-91.7089
-91.6949
-91.681
-91.667
-91.653
-91.639
-91.6249
-91.6109
-91.5968
-91.5827
-91.5686
-91.5545
-91.5404
-91.5263
-91.5121
-91.4979
-91.4838
-91.4696
-91.4554
-91.4412
-91.4269
-91.4127
-91.3984
-91.3842
-91.3699
-91.3556
-91.3413
-91.327
-91.3127
-91.2984
-91.2841
-91.2698
-91.2554
-91.2411
-91.2267
-91.2123
-91.1979
-91.1836
-91.1692
-91.1548
-91.1404
-91.126
-91.1116
-91.0971
-91.0827
-91.0683
-91.0538
-91.0394
-91.025
-91.0105
-90.9961
-90.9816
-90.9672
-90.9527
-90.9382
-90.9238
-90.9093
-90.8948
-90.8804
-90.8659
-90.8514
-90.8369
-90.8225
-90.808
-90.7935
-90.779
-90.7646
-90.7501
-90.7356
-90.7212
-90.7067
-90.6922
-90.6778
-90.6633
-90.6488
-90.6344
-90.6199
-90.6055
-90.591
-90.5766
-90.5622
-90.5477
-90.5333
-90.5189
-90.5045
-90.49
-90.4756
-90.4612
-90.4468
-90.4324
-90.4181
-90.4037
-90.3893
-90.3749
-90.3606
-90.3462
-90.3319
-90.3176
-90.3032
-90.2889
-90.2746
-90.2603
-90.246
-90.2318
-90.2175
-90.2032
-90.189
-90.1747
-90.1605
-90.1463
-90.1321
-90.1179
-90.1037
-90.0895
-90.0754
-90.0612
-90.0471
-90.0329
-90.0188
-90.0047
-89.9906
-89.9766
-89.9625
-89.9485
-89.9344
-89.9204
-89.9064
-89.8924
-89.8784
-89.8645
-89.8505
-89.8366
-89.8227
-89.8088
-89.7949
-89.781
-89.7672
-89.7533
-89.7395
-89.7257
-89.7119
-89.6981
-89.6844
-89.6706
-89.6569
-89.6432
-89.6295
-89.6159
-89.6022
-89.5886
-89.575
-89.5614
-89.5478
-89.5343
-89.5207
-89.5072
-89.4937
-89.4802
-89.4668
-89.4533
-89.4399
-89.4265
-89.4131
-89.3998
-89.3864
-89.3731
-89.3598
-89.3465
-89.3333
-89.32
-89.3068
-89.2936
-89.2805
-89.2673
-89.2542
-89.2411
-89.228
-89.2149
-89.2019
-89.1889
-89.1759
-89.1629
-89.15
-89.1371
-89.1242
-89.1113
-89.0984
-89.0856
-89.0728
-89.06
-89.0472
-89.0345
-89.0218
-89.0091
-88.9964
-88.9838
-88.9712
-88.9586
-88.946
-88.9335
-88.9209
-88.9085
-88.896
-88.8835
-88.8711
-88.8587
-88.8464
-88.834
-88.8217
-88.8094
-88.7972
-88.7849
-88.7727
-88.7605
-88.7484
-88.7362
-88.7241
-88.712
-88.7
-88.6879
-88.6759
-88.664
-88.652
-88.6401
-88.6282
-88.6163
-88.6045
-88.5927
-88.5809
-88.5691
-88.5574
-88.5457
-88.534
-88.5223
-88.5107
-88.4991
-88.4875
-88.476
-88.4645
-88.453
-88.4415
-88.4301
-88.4187
-88.4073
-88.396
-88.3847
-88.3734
-88.3621
-88.3509
-88.3397
-88.3285
-88.3173
-88.3062
-88.2951
-88.284
-88.273
-88.262
-88.251
-88.2401
-88.2291
-88.2182
-88.2074
-88.1965
-88.1857
-88.175
-88.1642
-88.1535
-88.1428
-88.1321
-88.1215
-88.1109
-88.1003
-88.0898
-88.0792
-88.0687
-88.0583
-88.0479
-88.0375
-88.0271
-88.0167
-88.0064
-87.9961
-87.9859
-87.9756
-87.9654
-87.9553
-87.9451
-87.935
-87.9249
-87.9149
-87.9049
-87.8949
-87.8849
-87.875
-87.8651
-87.8552
-87.8454
-87.8355
-87.8257
-87.816
-87.8063
-87.7966
-87.7869
-87.7772
-87.7676
-87.7581
-87.7485
-87.739
-87.7295
-87.72
-87.7106
-87.7012
-87.6918
-87.6825
-87.6731
-87.6639
-87.6546
-87.6454
-87.6362
-87.627
-87.6179
-87.6087
-87.5997
-87.5906
-87.5816
-87.5726
-87.5636
-87.5547
-87.5458
-87.5369
-87.528
-87.5192
-87.5104
-87.5017
-87.4929
-87.4842
-87.4756
-87.4669
-87.4583
-87.4497
-87.4412
-87.4327
-87.4242
-87.4157
-87.4072
-87.3988
-87.3905
-87.3821
-87.3738
-87.3655
-87.3572
-87.349
-87.3408
-87.3326
-87.3244
-87.3163
-87.3082
-87.3001
-87.2921
-87.2841
-87.2761
-87.2682
-87.2603
-87.2524
-87.2445
-87.2367
-87.2289
-87.2211
-87.2133
-87.2056
-87.1979
-87.1902
-87.1826
-87.175
-87.1674
-87.1599
-87.1523
-87.1448
-87.1374
-87.1299
-87.1225
-87.1151
-87.1078
-87.1005
-87.0932
-87.0859
-87.0786
-87.0714
-87.0642
-87.0571
-87.0499
-87.0428
-87.0358
-87.0287
-87.0217
-87.0147
-87.0077
-87.0008
-86.9939
-86.987
-86.9801
-86.9733
-86.9665
-86.9597
-86.953
-86.9462
-86.9395
-86.9329
-86.9262
-86.9196
-86.913
-86.9065
-86.8999
-86.8934
-86.887
-86.8805
-86.8741
-86.8677
-86.8613
-86.855
-86.8486
-86.8423
-86.8361
-86.8298
-86.8236
-86.8174
-86.8113
-86.8051
-86.799
-86.7929
-86.7869
-86.7808
-86.7748
-86.7689
-86.7629
-86.757
-86.7511
-86.7452
-86.7394
-86.7335
-86.7277
-86.722
-86.7162
-86.7105
-86.7048
-86.6991
-86.6935
-86.6879
-86.6823
-86.6767
-86.6711
-86.6656
-86.6601
-86.6547
-86.6492
-86.6438
-86.6384
-86.633
-86.6277
-86.6223
-86.617
-86.6118
-86.6065
-86.6013
-86.5961
-86.5909
-86.5858
-86.5806
-86.5755
-86.5705
-86.5654
-86.5604
-86.5554
-86.5504
-86.5454
-86.5405
-86.5356
-86.5307
-86.5259
-86.521
-86.5162
-86.5114
-86.5066
-86.5019
-86.4972
-86.4925
-86.4878
-86.4832
-86.4785
-86.4739
-86.4693
-86.4648
-86.4603
-86.4557
-86.4513
-86.4468
-86.4423
-86.4379
-86.4335
-86.4292
-86.4248
-86.4205
-86.4162
-86.4119
-86.4076
-86.4034
-86.3992
-86.395
-86.3908
-86.3866
-86.3825
-86.3784
-86.3743
-86.3702
-86.3662
-86.3622
-86.3582
-86.3542
-86.3503
-86.3463
-86.3424
-86.3385
-86.3346
-86.3308
-86.327
-86.3232
-86.3194
-86.3156
-86.3119
-86.3082
-86.3045
-86.3008
-86.2971
-86.2935
-86.2899
-86.2863
-86.2827
-86.2792
-86.2756
-86.2721
-86.2686
-86.2651
-86.2617
-86.2583
-86.2549
-86.2515
-86.2481
-86.2448
-86.2414
-86.2381
-86.2348
-86.2316
-86.2283
-86.2251
-86.2219
-86.2187
-86.2155
-86.2124
-86.2092
-86.2061
-86.203
-86.1999
-86.1969
-86.1939
-86.1908
-86.1878
-86.1849
-86.1819
-86.179
-86.176
-86.1731
-86.1703
-86.1674
-86.1645
-86.1617
-86.1589
-86.1561
-86.1533
-86.1506
-86.1479
-86.1451
-86.1424
-86.1398
-86.1371
-86.1345
-86.1318
-86.1292
-86.1266
-86.1241
-86.1215
-86.119
-86.1164
-86.1139
-86.1115
-86.109
-86.1065
-86.1041
-86.1017
-86.0993
-86.0969
-86.0946
-86.0922
-86.0899
-86.0876
-86.0853
-86.083
-86.0808
-86.0785
-86.0763
-86.0741
-86.0719
-86.0697
-86.0676
-86.0654
-86.0633
-86.0612
-86.0591
-86.057
-86.055
-86.0529
-86.0509
-86.0489
-86.0469
-86.0449
-86.0429
-86.041
-86.0391
-86.0371
-86.0352
-86.0334
-86.0315
-86.0296
-86.0278
-86.026
-86.0242
-86.0224
-86.0206
-86.0189
-86.0171
-86.0154
-86.0137
-86.012
-86.0103
-86.0086
-86.007
-86.0053
-86.0037
-86.0021
-86.0005
-85.9989
-85.9974
-85.9958
-85.9943
-85.9928
-85.9912
-85.9898
-85.9883
-85.9868
-85.9854
-85.9839
-85.9825
-85.9811
-85.9797
-85.9783
-85.977
-85.9756
-85.9743
-85.9729
-85.9716
-85.9703
-85.9691
-85.9678
-85.9665
-85.9653
-85.9641
-85.9628
-85.9616
-85.9604
-85.9593
-85.9581
-85.957
-85.9558
-85.9547
-85.9536
-85.9525
-85.9514
-85.9503
-85.9493
-85.9482
-85.9472
-85.9462
-85.9452
-85.9442
-85.9432
-85.9422
-85.9412
-85.9403
-85.9394
-85.9384
-85.9375
-85.9366
-85.9357
-85.9349
-85.934
-85.9332
-85.9323
-85.9315
-85.9307
-85.9299
-85.9291
-85.9283
-85.9275
-85.9268
-85.926
-85.9253
-85.9246
-85.9239
-85.9232
-85.9225
-85.9218
-85.9211
-85.9205
-85.9198
-85.9192
-85.9186
-85.918
-85.9174
-85.9168
-85.9162
-85.9156
-85.9151
-85.9145
-85.914
-85.9135
-85.913
-85.9124
-85.912
-85.9115
-85.911
-85.9105
-85.9101
-85.9096
-85.9092
-85.9088
-85.9084
-85.908
-85.9076
-85.9072
-85.9068
-85.9065
-85.9061
-85.9058
-85.9054
-85.9051
-85.9048
-85.9045
-85.9042
-85.9039
-85.9036
-85.9034
-85.9031
-85.9029
-85.9026
-85.9024
-85.9022
-85.902
-85.9018
-85.9016
-85.9014
-85.9012
-85.9011
-85.9009
-85.9008
-85.9006
-85.9005
-85.9004
-85.9003
-85.9002
-85.9001
-85.9
-85.8999
-85.8998
-85.8998
-85.8997
-85.8997
-85.8996
-85.8996
-85.8996
-85.8996
-85.8996
-85.8996
-85.8996
-85.8996
-85.8996
-85.8997
-85.8997
-85.8998
-85.8998
-85.8999
-85.9
-85.9001
-85.9001
-85.9002
-85.9004
-85.9005
-85.9006
-85.9007
-85.9009
-85.901
-85.9011
-85.9013
-85.9015
-85.9016
-85.9018
-85.902
-85.9022
-85.9024
-85.9026
-85.9028
-85.903
-85.9033
-85.9035
-85.9038
-85.904
-85.9043
-85.9045
-85.9048
-85.9051
-85.9054
-85.9056
-85.9059
-85.9062
-85.9065
-85.9069
-85.9072
-85.9075
-85.9078
-85.9082
-85.9085
-85.9089
-85.9092
-85.9096
-85.91
-85.9104
-85.9107
-85.9111
-85.9115
-85.9119
-85.9123
-85.9128
-85.9132
-85.9136
-85.914
-85.9145
-85.9149
-85.9153
-85.9158
-85.9163
-85.9167
-85.9172
-85.9177
-85.9181
-85.9186
-85.9191
-85.9196
-85.9201
-85.9206
-85.9211
-85.9217
-85.9222
-85.9227
-85.9232
-85.9238
-85.9243
-85.9249
-85.9254
-85.926
-85.9265
-85.9271
-85.9277
-85.9283
-85.9288
-85.9294
-85.93
-85.9306
-85.9312
-85.9318
-85.9324
-85.9331
-85.9337
-85.9343
-85.9349
-85.9356
-85.9362
-85.9368
-85.9375
-85.9381
-85.9388
-85.9394
-85.9401
-85.9408
-85.9414
-85.9421
-85.9428
-85.9435
-85.9442
-85.9449
-85.9456
-85.9463
-85.947
-85.9477
-85.9484
-85.9491
-85.9498
-85.9505
-85.9513
-85.952
-85.9527
-85.9535
-85.9542
-85.9549
-85.9557
-85.9564
-85.9572
-85.958
-85.9587
-85.9595
-85.9603
-85.961
-85.9618
-85.9626
-85.9634
-85.9642
-85.9649
-85.9657
-85.9665
-85.9673
-85.9681
-85.9689
-85.9697
-85.9706
-85.9714
-85.9722
-85.973
-85.9738
-85.9747
-85.9755
-85.9763
-85.9772
-85.978
-85.9788
-85.9797
-85.9805
-85.9814
-85.9822
-85.9831
-85.9839
-85.9848
-85.9857
-85.9865
-85.9874
-85.9883
-85.9891
-85.99
-85.9909
-85.9918
-85.9926
-85.9935
-85.9944
-85.9953
-85.9962
-85.9971
-85.998
-85.9989
-85.9998
-86.0007
-86.0016
-86.0025
-86.0034
-86.0043
-86.0052
-86.0062
-86.0071
-86.008
-86.0089
-86.0098
-86.0108
-86.0117
-86.0126
-86.0136
-86.0145
-86.0154
-86.0164
-86.0173
-86.0182
-86.0192
-86.0201
-86.0211
-86.022
-86.023
-86.0239
-86.0249
-86.0258
-86.0268
-86.0278
-86.0287
-86.0297
-86.0306
-86.0316
-86.0326
-86.0335
-86.0345
-86.0355
-86.0364
-86.0374
-86.0384
-86.0394
-86.0403
-86.0413
-86.0423
-86.0433
-86.0443
-86.0453
-86.0462
-86.0472
-86.0482
-86.0492
-86.0502
-86.0512
-86.0522
-86.0532
-86.0542
-86.0552
-86.0562
-86.0572
-86.0581
-86.0591
-86.0602
-86.0612
-86.0622
-86.0632
-86.0642
-86.0652
-86.0662
-86.0672
-86.0682
-86.0692
-86.0702
-86.0712
-86.0722
-86.0732
-86.0743
-86.0753
-86.0763
-86.0773
-86.0783
-86.0793
-86.0804
-86.0814
-86.0824
-86.0834
-86.0844
-86.0855
-86.0865
-86.0875
-86.0885
-86.0895
-86.0906
-86.0916
-86.0926
-86.0936
-86.0947
-86.0957
-86.0967
-86.0977
-86.0988
-86.0998
-86.1008
-86.1019
-86.1029
-86.1039
-86.105
-86.106
-86.107
-86.108
-86.1091
-86.1101
-86.1111
-86.1122
-86.1132
-86.1142
-86.1153
-86.1163
-86.1173
-86.1184
-86.1194
-86.1204
-86.1215
-86.1225
-86.1235
-86.1246
-86.1256
-86.1266
-86.1277
-86.1287
-86.1298
-86.1308
-86.1318
-86.1329
-86.1339
-86.1349
-86.136
-86.137
-86.138
-86.1391
-86.1401
-86.1411
-86.1422
-86.1432
-86.1442
-86.1453
-86.1463
-86.1474
-86.1484
-86.1494
-86.1505
-86.1515
-86.1525
-86.1536
-86.1546
-86.1556
-86.1567
-86.1577
-86.1587
-86.1598
-86.1608
-86.1618
-86.1629
-86.1639
-86.1649
-86.166
-86.167
-86.168
-86.169
-86.1701
-86.1711
-86.1721
-86.1732
-86.1742
-86.1752
-86.1762
-86.1773
-86.1783
-86.1793
-86.1804
-86.1814
-86.1824
-86.1834
-86.1845
-86.1855
-86.1865
-86.1875
-86.1886
-86.1896
-86.1906
-86.1916
-86.1926
-86.1937
-86.1947
-86.1957
-86.1967
-86.1977
-86.1988
-86.1998
-86.2008
-86.2018
-86.2028
-86.2038
-86.2049
-86.2059
-86.2069
-86.2079
-86.2089
-86.2099
-86.2109
-86.2119
-86.2129
-86.214
-86.215
-86.216
-86.217
-86.218
-86.219
-86.22
-86.221
-86.222
-86.223
-86.224
-86.225
-86.226
-86.227
-86.228
-86.229
-86.23
-86.231
-86.232
-86.233
-86.234
-86.235
-86.236
-86.237
-86.238
-86.239
-86.2399
-86.2409
-86.2419
-86.2429
-86.2439
-86.2449
-86.2459
-86.2469
-86.2478
-86.2488
-86.2498
-86.2508
-86.2518
-86.2527
-86.2537
-86.2547
-86.2557
-86.2566
-86.2576
-86.2586
-86.2596
-86.2605
-86.2615
-86.2625
-86.2635
-86.2644
-86.2654
-86.2664
-86.2673
-86.2683
-86.2692
-86.2702
-86.2712
-86.2721
-86.2731
-86.274
-86.275
-86.276
-86.2769
-86.2779
-86.2788
-86.2798
-86.2807
-86.2817
-86.2826
-86.2836
-86.2845
-86.2855
-86.2864
-86.2874
-86.2883
-86.2892
-86.2902
-86.2911
-86.2921
-86.293
-86.2939
-86.2949
-86.2958
-86.2967
-86.2977
-86.2986
-86.2995
-86.3005
-86.3014
-86.3023
-86.3032
-86.3042
-86.3051
-86.306
-86.3069
-86.3079
-86.3088
-86.3097
-86.3106
-86.3115
-86.3124
-86.3134
-86.3143
-86.3152
-86.3161
-86.317
-86.3179
-86.3188
-86.3197
-86.3206
-86.3215
-86.3224
-86.3233
-86.3242
-86.3251
-86.326
-86.3269
-86.3278
-86.3287
-86.3296
-86.3305
-86.3314
-86.3323
-86.3332
-86.3341
-86.3349
-86.3358
-86.3367
-86.3376
-86.3385
-86.3394
-86.3402
-86.3411
-86.342
-86.3429
-86.3437
-86.3446
-86.3455
-86.3464
-86.3472
-86.3481
-86.349
-86.3498
-86.3507
-86.3516
-86.3524
-86.3533
-86.3541
-86.355
-86.3559
-86.3567
-86.3576
-86.3584
-86.3593
-86.3601
-86.361
-86.3618
-86.3627
-86.3635
-86.3644
-86.3652
-86.3661
-86.3669
-86.3678
-86.3686
-86.3694
-86.3703
-86.3711
-86.3719
-86.3728
-86.3736
-86.3744
-86.3753
-86.3761
-86.3769
-86.3778
-86.3786
-86.3794
-86.3802
-86.381
-86.3819
-86.3827
-86.3835
-86.3843
-86.3851
-86.386
-86.3868
-86.3876
-86.3884
-86.3892
-86.39
-86.3908
-86.3916
-86.3924
-86.3932
-86.394
-86.3948
-86.3956
-86.3964
-86.3972
-86.398
-86.3988
-86.3996
-86.4004
-86.4012
-86.402
-86.4028
-86.4035
-86.4043
-86.4051
-86.4059
-86.4067
-86.4075
-86.4082
-86.409
-86.4098
-86.4106
-86.4114
-86.4121
-86.4129
-86.4137
-86.4144
-86.4152
-86.416
-86.4167
-86.4175
-86.4183
-86.419
-86.4198
-86.4205
-86.4213
-86.4221
-86.4228
-86.4236
-86.4243
-86.4251
-86.4258
-86.4266
-86.4273
-86.4281
-86.4288
-86.4296
-86.4303
-86.4311
-86.4318
-86.4325
-86.4333
-86.434
-86.4347
-86.4355
-86.4362
-86.4369
-86.4377
-86.4384
-86.4391
-86.4399
-86.4406
-86.4413
-86.442
-86.4428
-86.4435
-86.4442
-86.4449
-86.4456
-86.4463
-86.4471
-86.4478
-86.4485
-86.4492
-86.4499
-86.4506
-86.4513
-86.452
-86.4527
-86.4534
-86.4541
-86.4548
-86.4555
-86.4562
-86.4569
-86.4576
-86.4583
-86.459
-86.4597
-86.4604
-86.4611
-86.4618
-86.4625
-86.4632
-86.4638
-86.4645
-86.4652
-86.4659
-86.4666
-86.4673
-86.4679
-86.4686
-86.4693
-86.47
-86.4706
-86.4713
-86.472
-86.4726
-86.4733
-86.474
-86.4746
-86.4753
-86.476
-86.4766
-86.4773
-86.478
-86.4786
-86.4793
-86.4799
-86.4806
-86.4812
-86.4819
-86.4825
-86.4832
-86.4838
-86.4845
-86.4851
-86.4858
-86.4864
-86.4871
-86.4877
-86.4883
-86.489
-86.4896
-86.4903
-86.4909
-86.4915
-86.4922
-86.4928
-86.4934
-86.494
-86.4947
-86.4953
-86.4959
-86.4966
-86.4972
-86.4978
-86.4984
-86.499
-86.4997
-86.5003
-86.5009
-86.5015
-86.5021
-86.5027
-86.5033
-86.5039
-86.5046
-86.5052
-86.5058
-86.5064
-86.507
-86.5076
-86.5082
-86.5088
-86.5094
-86.51
-86.5106
-86.5112
-86.5118
-86.5124
-86.513
-86.5135
-86.5141
-86.5147
-86.5153
-86.5159
-86.5165
-86.5171
-86.5176
-86.5182
-86.5188
-86.5194
-86.52
-86.5205
-86.5211
-86.5217
-86.5223
-86.5228
-86.5234
-86.524
-86.5245
-86.5251
-86.5257
-86.5262
-86.5268
-86.5274
-86.5279
-86.5285
-86.5291
-86.5296
-86.5302
-86.5307
-86.5313
-86.5318
-86.5324
-86.5329
-86.5335
-86.534
-86.5346
-86.5351
-86.5357
-86.5362
-86.5368
-86.5373
-86.5378
-86.5384
-86.5389
-86.5395
-86.54
-86.5405
-86.5411
-86.5416
-86.5421
-86.5427
-86.5432
-86.5437
-86.5443
-86.5448
-86.5453
-86.5458
-86.5464
-86.5469
-86.5474
-86.5479
-86.5484
-86.549
-86.5495
-86.55
-86.5505
-86.551
-86.5515
-86.552
-86.5525
-86.5531
-86.5536
-86.5541
-86.5546
-86.5551
-86.5556
-86.5561
-86.5566
-86.5571
-86.5576
-86.5581
-86.5586
-86.5591
-86.5596
-86.5601
-86.5606
-86.5611
-86.5615
-86.562
-86.5625
-86.563
-86.5635
-86.564
-86.5645
-86.5649
-86.5654
-86.5659
-86.5664
-86.5669
-86.5673
-86.5678
-86.5683
-86.5688
-86.5692
-86.5697
-86.5702
-86.5707
-86.5711
-86.5716
-86.5721
-86.5725
-86.573
-86.5735
-86.5739
-86.5744
-86.5749
-86.5753
-86.5758
-86.5762
-86.5767
-86.5771
-86.5776
-86.578
-86.5785
-86.579
-86.5794
-86.5799
-86.5803
-86.5807
-86.5812
-86.5816
-86.5821
-86.5825
-86.583
-86.5834
-86.5839
-86.5843
-86.5847
-86.5852
-86.5856
-86.586
-86.5865
-86.5869
-86.5873
-86.5878
-86.5882
-86.5886
-86.5891
-86.5895
-86.5899
-86.5903
-86.5908
-86.5912
-86.5916
-86.592
-86.5925
-86.5929
-86.5933
-86.5937
-86.5941
-86.5945
-86.595
-86.5954
-86.5958
-86.5962
-86.5966
-86.597
-86.5974
-86.5978
-86.5982
-86.5986
-86.599
-86.5995
-86.5999
-86.6003
-86.6007
-86.6011
-86.6015
-86.6019
-86.6022
-86.6026
-86.603
-86.6034
-86.6038
-86.6042
-86.6046
-86.605
-86.6054
-86.6058
-86.6062
-86.6066
-86.6069
-86.6073
-86.6077
-86.6081
-86.6085
-86.6089
-86.6092
-86.6096
-86.61
-86.6104
-86.6107
-86.6111
-86.6115
-86.6119
-86.6122
-86.6126
-86.613
-86.6133
-86.6137
-86.6141
-86.6145
-86.6148
-86.6152
-86.6155
-86.6159
-86.6163
-86.6166
-86.617
-86.6174
-86.6177
-86.6181
-86.6184
-86.6188
-86.6191
-86.6195
-86.6198
-86.6202
-86.6205
-86.6209
-86.6212
-86.6216
-86.6219
-86.6223
-86.6226
-86.623
-86.6233
-86.6237
-86.624
-86.6244
-86.6247
-86.625
-86.6254
-86.6257
-86.626
-86.6264
-86.6267
-86.627
-86.6274
-86.6277
-86.628
-86.6284
-86.6287
-86.629
-86.6294
-86.6297
-86.63
-86.6303
-86.6307
-86.631
-86.6313
-86.6316
-86.632
-86.6323
-86.6326
-86.6329
-86.6332
-86.6335
-86.6339
-86.6342
-86.6345
-86.6348
-86.6351
-86.6354
-86.6357
-86.636
-86.6364
-86.6367
-86.637
-86.6373
-86.6376
-86.6379
-86.6382
-86.6385
-86.6388
-86.6391
-86.6394
-86.6397
-86.64
-86.6403
-86.6406
-86.6409
-86.6412
-86.6415
-86.6418
-86.6421
-86.6424
-86.6426
-86.6429
-86.6432
-86.6435
-86.6438
-86.6441
-86.6444
-86.6447
-86.6449
-86.6452
-86.6455
-86.6458
-86.6461
-86.6464
-86.6466
-86.6469
-86.6472
-86.6475
-86.6477
-86.648
-86.6483
-86.6486
-86.6488
-86.6491
-86.6494
-86.6497
-86.6499
-86.6502
-86.6505
-86.6507
-86.651
-86.6513
-86.6515
-86.6518
-86.6521
-86.6523
-86.6526
-86.6528
-86.6531
-86.6534
-86.6536
-86.6539
-86.6541
-86.6544
-86.6546
-86.6549
-86.6552
-86.6554
-86.6557
-86.6559
-86.6562
-86.6564
-86.6567
-86.6569
-86.6572
-86.6574
-86.6577
-86.6579
-86.6581
-86.6584
-86.6586
-86.6589
-86.6591
-86.6594
-86.6596
-86.6598
-86.6601
-86.6603
-86.6605
-86.6608
-86.661
-86.6612
-86.6615
-86.6617
-86.6619
-86.6622
-86.6624
-86.6626
-86.6629
-86.6631
-86.6633
-86.6635
-86.6638
-86.664
-86.6642
-86.6644
-86.6647
-86.6649
-86.6651
-86.6653
-86.6656
-86.6658
-86.666
-86.6662
-86.6664
-86.6666
-86.6669
-86.6671
-86.6673
-86.6675
-86.6677
-86.6679
-86.6681
-86.6683
-86.6686
-86.6688
-86.669
-86.6692
-86.6694
-86.6696
-86.6698
-86.67
-86.6702
-86.6704
-86.6706
-86.6708
-86.671
-86.6712
-86.6714
-86.6716
-86.6718
-86.672
-86.6722
-86.6724
-86.6726
-86.6728
-86.673
-86.6732
-86.6734
-86.6736
-86.6738
-86.6739
-86.6741
-86.6743
-86.6745
-86.6747
-86.6749
-86.6751
-86.6753
-86.6754
-86.6756
-86.6758
-86.676
-86.6762
-86.6764
-86.6765
-86.6767
-86.6769
-86.6771
-86.6772
-86.6774
-86.6776
-86.6778
-86.6779
-86.6781
-86.6783
-86.6785
-86.6786
-86.6788
-86.679
-86.6792
-86.6793
-86.6795
-86.6797
-86.6798
-86.68
-86.6802
-86.6803
-86.6805
-86.6806
-86.6808
-86.681
-86.6811
-86.6813
-86.6815
-86.6816
-86.6818
-86.6819
-86.6821
-86.6822
-86.6824
-86.6826
-86.6827
-86.6829
-86.683
-86.6832
-86.6833
-86.6835
-86.6836
-86.6838
-86.6839
-86.6841
-86.6842
-86.6844
-86.6845
-86.6847
-86.6848
-86.685
-86.6851
-86.6852
-86.6854
-86.6855
-86.6857
-86.6858
-86.686
-86.6861
-86.6862
-86.6864
-86.6865
-86.6866
-86.6868
-86.6869
-86.6871
-86.6872
-86.6873
-86.6875
-86.6876
-86.6877
-86.6878
-86.688
-86.6881
-86.6882
-86.6884
-86.6885
-86.6886
-86.6888
-86.6889
-86.689
-86.6891
-86.6893
-86.6894
-86.6895
-86.6896
-86.6897
-86.6899
-86.69
-86.6901
-86.6902
-86.6903
-86.6905
-86.6906
-86.6907
-86.6908
-86.6909
-86.691
-86.6912
-86.6913
-86.6914
-86.6915
-86.6916
-86.6917
-86.6918
-86.6919
-86.692
-86.6922
-86.6923
-86.6924
-86.6925
-86.6926
-86.6927
-86.6928
-86.6929
-86.693
-86.6931
-86.6932
-86.6933
-86.6934
-86.6935
-86.6936
-86.6937
-86.6938
-86.6939
-86.694
-86.6941
-86.6942
-86.6943
-86.6944
-86.6945
-86.6946
-86.6947
-86.6948
-86.6948
-86.6949
-86.695
-86.6951
-86.6952
-86.6953
-86.6954
-86.6955
-86.6956
-86.6957
-86.6957
-86.6958
-86.6959
-86.696
-86.6961
-86.6962
-86.6962
-86.6963
-86.6964
-86.6965
-86.6966
-86.6966
-86.6967
-86.6968
-86.6969
-86.697
-86.697
-86.6971
-86.6972
-86.6973
-86.6973
-86.6974
-86.6975
-86.6976
-86.6976
-86.6977
-86.6978
-86.6978
-86.6979
-86.698
-86.698
-86.6981
-86.6982
-86.6983
-86.6983
-86.6984
-86.6984
-86.6985
-86.6986
-86.6986
-86.6987
-86.6988
-86.6988
-86.6989
-86.6989
-86.699
-86.6991
-86.6991
-86.6992
-86.6992
-86.6993
-86.6994
-86.6994
-86.6995
-86.6995
-86.6996
-86.6996
-86.6997
-86.6997
-86.6998
-86.6998
-86.6999
-86.6999
-86.7
-86.7
-86.7001
-86.7001
-86.7002
-86.7002
-86.7003
-86.7003
-86.7004
-86.7004
-86.7005
-86.7005
-86.7006
-86.7006
-86.7006
-86.7007
-86.7007
-86.7008
-86.7008
-86.7008
-86.7009
-86.7009
-86.701
-86.701
-86.701
-86.7011
-86.7011
-86.7011
-86.7012
-86.7012
-86.7012
-86.7013
-86.7013
-86.7013
-86.7014
-86.7014
-86.7014
-86.7015
-86.7015
-86.7015
-86.7015
-86.7016
-86.7016
-86.7016
-86.7017
-86.7017
-86.7017
-86.7017
-86.7018
-86.7018
-86.7018
-86.7018
-86.7018
-86.7019
-86.7019
-86.7019
-86.7019
-86.7019
-86.702
-86.702
-86.702
-86.702
-86.702
-86.702
-86.7021
-86.7021
-86.7021
-86.7021
-86.7021
-86.7021
-86.7021
-86.7022
-86.7022
-86.7022
-86.7022
-86.7022
-86.7022
-86.7022
-86.7022
-86.7022
-86.7022
-86.7023
-86.7023
-86.7023
-86.7023
-86.7023
-86.7023
-86.7023
-86.7023
-86.7023
-86.7023
-86.7023
-86.7023
-86.7023
-86.7023
-86.7023
-86.7023
-86.7023
-86.7023
-86.7023
-86.7023
-86.7023
-86.7023
-86.7023
-86.7023
-86.7023
-86.7023
-86.7023
-86.7022
-86.7022
-86.7022
-86.7022
-86.7022
-86.7022
-86.7022
-86.7022
-86.7022
-86.7022
-86.7022
-86.7021
-86.7021
-86.7021
-86.7021
-86.7021
-86.7021
-86.7021
-86.702
-86.702
-86.702
-86.702
-86.702
-86.702
-86.7019
-86.7019
-86.7019
-86.7019
-86.7019
-86.7018
-86.7018
-86.7018
-86.7018
-86.7018
-86.7017
-86.7017
-86.7017
-86.7017
-86.7016
-86.7016
-86.7016
-86.7016
-86.7015
-86.7015
-86.7015
-86.7014
-86.7014
-86.7014
-86.7014
-86.7013
-86.7013
-86.7013
-86.7012
-86.7012
-86.7012
-86.7011
-86.7011
-86.7011
-86.701
-86.701
-86.701
-86.7009
-86.7009
-86.7008
-86.7008
-86.7008
-86.7007
-86.7007
-86.7007
-86.7006
-86.7006
-86.7005
-86.7005
-86.7005
-86.7004
-86.7004
-86.7003
-86.7003
-86.7002
-86.7002
-86.7001
-86.7001
-86.7001
-86.7
-86.7
-86.6999
-86.6999
-86.6998
-86.6998
-86.6997
-86.6997
-86.6996
-86.6996
-86.6995
-86.6995
-86.6994
-86.6994
-86.6993
-86.6993
-86.6992
-86.6992
-86.6991
-86.699
-86.699
-86.6989
-86.6989
-86.6988
-86.6988
-86.6987
-86.6987
-86.6986
-86.6985
-86.6985
-86.6984
-86.6984
-86.6983
-86.6982
-86.6982
-86.6981
-86.698
-86.698
-86.6979
-86.6979
-86.6978
-86.6977
-86.6977
-86.6976
-86.6975
-86.6975
-86.6974
-86.6973
-86.6973
-86.6972
-86.6971
-86.6971
-86.697
-86.6969
-86.6968
-86.6968
-86.6967
-86.6966
-86.6966
-86.6965
-86.6964
-86.6963
-86.6963
-86.6962
-86.6961
-86.696
-86.696
-86.6959
-86.6958
-86.6957
-86.6957
-86.6956
-86.6955
-86.6954
-86.6953
-86.6953
-86.6952
-86.6951
-86.695
-86.6949
-86.6949
-86.6948
-86.6947
-86.6946
-86.6945
-86.6945
-86.6944
-86.6943
-86.6942
-86.6941
-86.694
-86.6939
-86.6939
-86.6938
-86.6937
-86.6936
-86.6935
-86.6934
-86.6933
-86.6932
-86.6931
-86.6931
-86.693
-86.6929
-86.6928
-86.6927
-86.6926
-86.6925
-86.6924
-86.6923
-86.6922
-86.6921
-86.692
-86.6919
-86.6918
-86.6917
-86.6916
-86.6916
-86.6915
-86.6914
-86.6913
-86.6912
-86.6911
-86.691
-86.6909
-86.6908
-86.6907
-86.6906
-86.6905
-86.6904
-86.6903
-86.6902
-86.69
-86.6899
-86.6898
-86.6897
-86.6896
-86.6895
-86.6894
-86.6893
-86.6892
-86.6891
-86.689
-86.6889
-86.6888
-86.6887
-86.6886
-86.6885
-86.6883
-86.6882
-86.6881
-86.688
-86.6879
-86.6878
-86.6877
-86.6876
-86.6875
-86.6873
-86.6872
-86.6871
-86.687
-86.6869
-86.6868
-86.6867
-86.6865
-86.6864
-86.6863
-86.6862
-86.6861
-86.6859
-86.6858
-86.6857
-86.6856
-86.6855
-86.6854
-86.6852
-86.6851
-86.685
-86.6849
-86.6847
-86.6846
-86.6845
-86.6844
-86.6843
-86.6841
-86.684
-86.6839
-86.6838
-86.6836
-86.6835
-86.6834
-86.6833
-86.6831
-86.683
-86.6829
-86.6827
-86.6826
-86.6825
-86.6824
-86.6822
-86.6821
-86.682
-86.6818
-86.6817
-86.6816
-86.6814
-86.6813
-86.6812
-86.681
-86.6809
-86.6808
-86.6806
-86.6805
-86.6804
-86.6802
-86.6801
-86.68
-86.6798
-86.6797
-86.6796
-86.6794
-86.6793
-86.6791
-86.679
-86.6789
-86.6787
-86.6786
-86.6784
-86.6783
-86.6782
-86.678
-86.6779
-86.6777
-86.6776
-86.6775
-86.6773
-86.6772
-86.677
-86.6769
-86.6767
-86.6766
-86.6764
-86.6763
-86.6761
-86.676
-86.6759
-86.6757
-86.6756
-86.6754
-86.6753
-86.6751
-86.675
-86.6748
-86.6747
-86.6745
-86.6744
-86.6742
-86.6741
-86.6739
-86.6738
-86.6736
-86.6735
-86.6733
-86.6731
-86.673
-86.6728
-86.6727
-86.6725
-86.6724
-86.6722
-86.6721
-86.6719
-86.6717
-86.6716
-86.6714
-86.6713
-86.6711
-86.671
-86.6708
-86.6706
-86.6705
-86.6703
-86.6702
-86.67
-86.6698
-86.6697
-86.6695
-86.6694
-86.6692
-86.669
-86.6689
-86.6687
-86.6685
-86.6684
-86.6682
-86.668
-86.6679
-86.6677
-86.6675
-86.6674
-86.6672
-86.667
-86.6669
-86.6667
-86.6665
-86.6664
-86.6662
-86.666
-86.6659
-86.6657
-86.6655
-86.6654
-86.6652
-86.665
-86.6648
-86.6647
-86.6645
-86.6643
-86.6641
-86.664
-86.6638
-86.6636
-86.6635
-86.6633
-86.6631
-86.6629
-86.6627
-86.6626
-86.6624
-86.6622
-86.662
-86.6619
-86.6617
-86.6615
-86.6613
-86.6612
-86.661
-86.6608
-86.6606
-86.6604
-86.6602
-86.6601
-86.6599
-86.6597
-86.6595
-86.6593
-86.6592
-86.659
-86.6588
-86.6586
-86.6584
-86.6582
-86.6581
-86.6579
-86.6577
-86.6575
-86.6573
-86.6571
-86.6569
-86.6567
-86.6566
-86.6564
-86.6562
-86.656
-86.6558
-86.6556
-86.6554
-86.6552
-86.655
-86.6549
-86.6547
-86.6545
-86.6543
-86.6541
-86.6539
-86.6537
-86.6535
-86.6533
-86.6531
-86.6529
-86.6527
-86.6525
-86.6523
-86.6522
-86.652
-86.6518
-86.6516
-86.6514
-86.6512
-86.651
-86.6508
-86.6506
-86.6504
-86.6502
-86.65
-86.6498
-86.6496
-86.6494
-86.6492
-86.649
-86.6488
-86.6486
-86.6484
-86.6482
-86.648
-86.6478
-86.6476
-86.6474
-86.6472
-86.647
-86.6468
-86.6466
-86.6463
-86.6461
-86.6459
-86.6457
-86.6455
-86.6453
-86.6451
-86.6449
-86.6447
-86.6445
-86.6443
-86.6441
-86.6439
-86.6437
-86.6434
-86.6432
-86.643
-86.6428
-86.6426
-86.6424
-86.6422
-86.642
-86.6418
-86.6415
-86.6413
-86.6411
-86.6409
-86.6407
-86.6405
-86.6403
-86.64
-86.6398
-86.6396
-86.6394
-86.6392
-86.639
-86.6388
-86.6385
-86.6383
-86.6381
-86.6379
-86.6377
-86.6374
-86.6372
-86.637
-86.6368
-86.6366
-86.6364
-86.6361
-86.6359
-86.6357
-86.6355
-86.6352
-86.635
-86.6348
-86.6346
-86.6344
-86.6341
-86.6339
-86.6337
-86.6335
-86.6332
-86.633
-86.6328
-86.6326
-86.6323
-86.6321
-86.6319
-86.6317
-86.6314
-86.6312
-86.631
-86.6308
-86.6305
-86.6303
-86.6301
-86.6298
-86.6296
-86.6294
-86.6292
-86.6289
-86.6287
-86.6285
-86.6282
-86.628
-86.6278
-86.6275
-86.6273
-86.6271
-86.6268
-86.6266
-86.6264
-86.6261
-86.6259
-86.6257
-86.6254
-86.6252
-86.625
-86.6247
-86.6245
-86.6243
-86.624
-86.6238
-86.6235
-86.6233
-86.6231
-86.6228
-86.6226
-86.6223
-86.6221
-86.6219
-86.6216
-86.6214
-86.6212
-86.6209
-86.6207
-86.6204
-86.6202
-86.6199
-86.6197
-86.6195
-86.6192
-86.619
-86.6187
-86.6185
-86.6182
-86.618
-86.6178
-86.6175
-86.6173
-86.617
-86.6168
-86.6165
-86.6163
-86.616
-86.6158
-86.6155
-86.6153
-86.615
-86.6148
-86.6146
-86.6143
-86.6141
-86.6138
-86.6136
-86.6133
-86.6131
-86.6128
-86.6126
-86.6123
-86.6121
-86.6118
-86.6115
-86.6113
-86.611
-86.6108
-86.6105
-86.6103
-86.61
-86.6098
-86.6095
-86.6093
-86.609
-86.6088
-86.6085
-86.6082
-86.608
-86.6077
-86.6075
-86.6072
-86.607
-86.6067
-86.6064
-86.6062
-86.6059
-86.6057
-86.6054
-86.6052
-86.6049
-86.6046
-86.6044
-86.6041
-86.6039
-86.6036
-86.6033
-86.6031
-86.6028
-86.6025
-86.6023
-86.602
-86.6018
-86.6015
-86.6012
-86.601
-86.6007
-86.6004
-86.6002
-86.5999
-86.5996
-86.5994
-86.5991
-86.5988
-86.5986
-86.5983
-86.598
-86.5978
-86.5975
-86.5972
-86.597
-86.5967
-86.5964
-86.5962
-86.5959
-86.5956
-86.5954
-86.5951
-86.5948
-86.5946
-86.5943
-86.594
-86.5937
-86.5935
-86.5932
-86.5929
-86.5927
-86.5924
-86.5921
-86.5918
-86.5916
-86.5913
-86.591
-86.5907
-86.5905
-86.5902
-86.5899
-86.5896
-86.5894
-86.5891
-86.5888
-86.5885
-86.5883
-86.588
-86.5877
-86.5874
-86.5871
-86.5869
-86.5866
-86.5863
-86.586
-86.5857
-86.5855
-86.5852
-86.5849
-86.5846
-86.5843
-86.5841
-86.5838
-86.5835
-86.5832
-86.5829
-86.5827
-86.5824
-86.5821
-86.5818
-86.5815
-86.5812
-86.581
-86.5807
-86.5804
-86.5801
-86.5798
-86.5795
-86.5792
-86.579
-86.5787
-86.5784
-86.5781
-86.5778
-86.5775
-86.5772
-86.5769
-86.5767
-86.5764
-86.5761
-86.5758
-86.5755
-86.5752
-86.5749
-86.5746
-86.5743
-86.5741
-86.5738
-86.5735
-86.5732
-86.5729
-86.5726
-86.5723
-86.572
-86.5717
-86.5714
-86.5711
-86.5708
-86.5705
-86.5703
-86.57
-86.5697
-86.5694
-86.5691
-86.5688
-86.5685
-86.5682
-86.5679
-86.5676
-86.5673
-86.567
-86.5667
-86.5664
-86.5661
-86.5658
-86.5655
-86.5652
-86.5649
-86.5646
-86.5643
-86.564
-86.5637
-86.5634
-86.5631
-86.5628
-86.5625
-86.5622
-86.5619
-86.5616
-86.5613
-86.561
-86.5607
-86.5604
-86.5601
-86.5598
-86.5595
-86.5592
-86.5589
-86.5586
-86.5583
-86.558
-86.5577
-86.5574
-86.557
-86.5567
-86.5564
-86.5561
-86.5558
-86.5555
-86.5552
-86.5549
-86.5546
-86.5543
-86.554
-86.5537
-86.5534
-86.553
-86.5527
-86.5524
-86.5521
-86.5518
-86.5515
-86.5512
-86.5509
-86.5506
-86.5503
-86.5499
-86.5496
-86.5493
-86.549
-86.5487
-86.5484
-86.5481
-86.5478
-86.5474
-86.5471
-86.5468
-86.5465
-86.5462
-86.5459
-86.5456
-86.5452
-86.5449
-86.5446
-86.5443
-86.544
-86.5437
-86.5433
-86.543
-86.5427
-86.5424
-86.5421
-86.5418
-86.5414
-86.5411
-86.5408
-86.5405
-86.5402
-86.5398
-86.5395
-86.5392
-86.5389
-86.5386
-86.5382
-86.5379
-86.5376
-86.5373
-86.5369
-86.5366
-86.5363
-86.536
-86.5357
-86.5353
-86.535
-86.5347
-86.5344
-86.534
-86.5337
-86.5334
-86.5331
-86.5327
-86.5324
-86.5321
-86.5318
-86.5314
-86.5311
-86.5308
-86.5305
-86.5301
-86.5298
-86.5295
-86.5291
-86.5288
-86.5285
-86.5282
-86.5278
-86.5275
-86.5272
-86.5268
-86.5265
-86.5262
-86.5258
-86.5255
-86.5252
-86.5249
-86.5245
-86.5242
-86.5239
-86.5235
-86.5232
-86.5229
-86.5225
-86.5222
-86.5219
-86.5215
-86.5212
-86.5209
-86.5205
-86.5202
-86.5199
-86.5195
-86.5192
-86.5188
-86.5185
-86.5182
-86.5178
-86.5175
-86.5172
-86.5168
-86.5165
-86.5162
-86.5158
-86.5155
-86.5151
-86.5148
-86.5145
-86.5141
-86.5138
-86.5134
-86.5131
-86.5128
-86.5124
-86.5121
-86.5117
-86.5114
-86.5111
-86.5107
-86.5104
-86.51
-86.5097
-86.5094
-86.509
-86.5087
-86.5083
-86.508
-86.5076
-86.5073
-86.5069
-86.5066
-86.5063
-86.5059
-86.5056
-86.5052
-86.5049
-86.5045
-86.5042
-86.5038
-86.5035
-86.5031
-86.5028
-86.5025
-86.5021
-86.5018
-86.5014
-86.5011
-86.5007
-86.5004
-86.5
-86.4997
-86.4993
-86.499
-86.4986
-86.4983
-86.4979
-86.4976
-86.4972
-86.4969
-86.4965
-86.4962
-86.4958
-86.4955
-86.4951
-86.4948
-86.4944
-86.494
-86.4937
-86.4933
-86.493
-86.4926
-86.4923
-86.4919
-86.4916
-86.4912
-86.4909
-86.4905
-86.4901
-86.4898
-86.4894
-86.4891
-86.4887
-86.4884
-86.488
-86.4877
-86.4873
-86.4869
-86.4866
-86.4862
-86.4859
-86.4855
-86.4851
-86.4848
-86.4844
-86.4841
-86.4837
-86.4833
-86.483
-86.4826
-86.4823
-86.4819
-86.4815
-86.4812
-86.4808
-86.4805
-86.4801
-86.4797
-86.4794
-86.479
-86.4786
-86.4783
-86.4779
-86.4776
-86.4772
-86.4768
-86.4765
-86.4761
-86.4757
-86.4754
-86.475
-86.4746
-86.4743
-86.4739
-86.4735
-86.4732
-86.4728
-86.4724
-86.4721
-86.4717
-86.4713
-86.471
-86.4706
-86.4702
-86.4699
-86.4695
-86.4691
-86.4688
-86.4684
-86.468
-86.4676
-86.4673
-86.4669
-86.4665
-86.4662
-86.4658
-86.4654
-86.465
-86.4647
-86.4643
-86.4639
-86.4636
-86.4632
-86.4628
-86.4624
-86.4621
-86.4617
-86.4613
-86.4609
-86.4606
-86.4602
-86.4598
-86.4594
-86.4591
-86.4587
-86.4583
-86.4579
-86.4576
-86.4572
-86.4568
-86.4564
-86.456
-86.4557
-86.4553
-86.4549
-86.4545
-86.4542
-86.4538
-86.4534
-86.453
-86.4526
-86.4523
-86.4519
-86.4515
-86.4511
-86.4507
-86.4504
-86.45
-86.4496
-86.4492
-86.4488
-86.4484
-86.4481
-86.4477
-86.4473
-86.4469
-86.4465
-86.4461
-86.4458
-86.4454
-86.445
-86.4446
-86.4442
-86.4438
-86.4435
-86.4431
-86.4427
-86.4423
-86.4419
-86.4415
-86.4411
-86.4408
-86.4404
-86.44
-86.4396
-86.4392
-86.4388
-86.4384
-86.438
-86.4376
-86.4373
-86.4369
-86.4365
-86.4361
-86.4357
-86.4353
-86.4349
-86.4345
-86.4341
-86.4338
-86.4334
-86.433
-86.4326
-86.4322
-86.4318
-86.4314
-86.431
-86.4306
-86.4302
-86.4298
-86.4294
-86.429
-86.4286
-86.4283
-86.4279
-86.4275
-86.4271
-86.4267
-86.4263
-86.4259
-86.4255
-86.4251
-86.4247
-86.4243
-86.4239
-86.4235
-86.4231
-86.4227
-86.4223
-86.4219
-86.4215
-86.4211
-86.4207
-86.4203
-86.4199
-86.4195
-86.4191
-86.4187
-86.4183
-86.4179
-86.4175
-86.4171
-86.4167
-86.4163
-86.4159
-86.4155
-86.4151
-86.4147
-86.4143
-86.4139
-86.4135
-86.4131
-86.4127
-86.4123
-86.4119
-86.4115
-86.4111
-86.4107
-86.4103
-86.4099
-86.4095
-86.4091
-86.4087
-86.4083
-86.4079
-86.4075
-86.4071
-86.4066
-86.4062
-86.4058
-86.4054
-86.405
-86.4046
-86.4042
-86.4038
-86.4034
-86.403
-86.4026
-86.4022
-86.4018
-86.4013
-86.4009
-86.4005
-86.4001
-86.3997
-86.3993
-86.3989
-86.3985
-86.3981
-86.3977
-86.3972
-86.3968
-86.3964
-86.396
-86.3956
-86.3952
-86.3948
-86.3944
-86.3939
-86.3935
-86.3931
-86.3927
-86.3923
-86.3919
-86.3915
-86.3911
-86.3906
-86.3902
-86.3898
-86.3894
-86.389
-86.3886
-86.3881
-86.3877
-86.3873
-86.3869
-86.3865
-86.3861
-86.3856
-86.3852
-86.3848
-86.3844
-86.384
-86.3836
-86.3831
-86.3827
-86.3823
-86.3819
-86.3815
-86.381
-86.3806
-86.3802
-86.3798
-86.3794
-86.3789
-86.3785
-86.3781
-86.3777
-86.3773
-86.3768
-86.3764
-86.376
-86.3756
-86.3751
-86.3747
-86.3743
-86.3739
-86.3735
-86.373
-86.3726
-86.3722
-86.3718
-86.3713
-86.3709
-86.3705
-86.3701
-86.3696
-86.3692
-86.3688
-86.3684
-86.3679
-86.3675
-86.3671
-86.3667
-86.3662
-86.3658
-86.3654
-86.3649
-86.3645
-86.3641
-86.3637
-86.3632
-86.3628
-86.3624
-86.3619
-86.3615
-86.3611
-86.3607
-86.3602
-86.3598
-86.3594
-86.3589
-86.3585
-86.3581
-86.3576
-86.3572
-86.3568
-86.3563
-86.3559
-86.3555
-86.3551
-86.3546
-86.3542
-86.3538
-86.3533
-86.3529
-86.3525
-86.352
-86.3516
-86.3512
-86.3507
-86.3503
-86.3498
-86.3494
-86.349
-86.3485
-86.3481
-86.3477
-86.3472
-86.3468
-86.3464
-86.3459
-86.3455
-86.3451
-86.3446
-86.3442
-86.3437
-86.3433
-86.3429
-86.3424
-86.342
-86.3415
-86.3411
-86.3407
-86.3402
-86.3398
-86.3393
-86.3389
-86.3385
-86.338
-86.3376
-86.3371
-86.3367
-86.3363
-86.3358
-86.3354
-86.3349
-86.3345
-86.3341
-86.3336
-86.3332
-86.3327
-86.3323
-86.3318
-86.3314
-86.331
-86.3305
-86.3301
-86.3296
-86.3292
-86.3287
-86.3283
-86.3278
-86.3274
-86.327
-86.3265
-86.3261
-86.3256
-86.3252
-86.3247
-86.3243
-86.3238
-86.3234
-86.3229
-86.3225
-86.322
-86.3216
-86.3211
-86.3207
-86.3202
-86.3198
-86.3193
-86.3189
-86.3184
-86.318
-86.3175
-86.3171
-86.3166
-86.3162
-86.3157
-86.3153
-86.3148
-86.3144
-86.3139
-86.3135
-86.313
-86.3126
-86.3121
-86.3117
-86.3112
-86.3108
-86.3103
-86.3099
-86.3094
-86.309
-86.3085
-86.3081
-86.3076
-86.3071
-86.3067
-86.3062
-86.3058
-86.3053
-86.3049
-86.3044
-86.304
-86.3035
-86.303
-86.3026
-86.3021
-86.3017
-86.3012
-86.3008
-86.3003
-86.2999
-86.2994
-86.2989
-86.2985
-86.298
-86.2976
-86.2971
-86.2966
-86.2962
-86.2957
-86.2953
-86.2948
-86.2943
-86.2939
-86.2934
-86.293
-86.2925
-86.292
-86.2916
-86.2911
-86.2907
-86.2902
-86.2897
-86.2893
-86.2888
-86.2883
-86.2879
-86.2874
-86.287
-86.2865
-86.286
-86.2856
-86.2851
-86.2846
-86.2842
-86.2837
-86.2832
-86.2828
-86.2823
-86.2818
-86.2814
-86.2809
-86.2805
-86.28
-86.2795
-86.2791
-86.2786
-86.2781
-86.2777
-86.2772
-86.2767
-86.2762
-86.2758
-86.2753
-86.2748
-86.2744
-86.2739
-86.2734
-86.273
-86.2725
-86.272
-86.2716
-86.2711
-86.2706
-86.2702
-86.2697
-86.2692
-86.2687
-86.2683
-86.2678
-86.2673
-86.2669
-86.2664
-86.2659
-86.2654
-86.265
-86.2645
-86.264
-86.2635
-86.2631
-86.2626
-86.2621
-86.2617
-86.2612
-86.2607
-86.2602
-86.2598
-86.2593
-86.2588
-86.2583
-86.2579
-86.2574
-86.2569
-86.2564
-86.256
-86.2555
-86.255
-86.2545
-86.254
-86.2536
-86.2531
-86.2526
-86.2521
-86.2517
-86.2512
-86.2507
-86.2502
-86.2497
-86.2493
-86.2488
-86.2483
-86.2478
-86.2474
-86.2469
-86.2464
-86.2459
-86.2454
-86.2449
-86.2445
-86.244
-86.2435
-86.243
-86.2425
-86.2421
-86.2416
-86.2411
-86.2406
-86.2401
-86.2397
-86.2392
-86.2387
-86.2382
-86.2377
-86.2372
-86.2367
-86.2363
-86.2358
-86.2353
-86.2348
-86.2343
-86.2338
-86.2334
-86.2329
-86.2324
-86.2319
-86.2314
-86.2309
-86.2304
-86.23
-86.2295
-86.229
-86.2285
-86.228
-86.2275
-86.227
-86.2265
-86.2261
-86.2256
-86.2251
-86.2246
-86.2241
-86.2236
-86.2231
-86.2226
-86.2221
-86.2216
-86.2212
-86.2207
-86.2202
-86.2197
-86.2192
-86.2187
-86.2182
-86.2177
-86.2172
-86.2167
-86.2162
-86.2157
-86.2153
-86.2148
-86.2143
-86.2138
-86.2133
-86.2128
-86.2123
-86.2118
-86.2113
-86.2108
-86.2103
-86.2098
-86.2093
-86.2088
-86.2083
-86.2078
-86.2073
-86.2068
-86.2063
-86.2058
-86.2053
-86.2048
-86.2044
-86.2039
-86.2034
-86.2029
-86.2024
-86.2019
-86.2014
-86.2009
-86.2004
-86.1999
-86.1994
-86.1989
-86.1984
-86.1979
-86.1974
-86.1969
-86.1964
-86.1959
-86.1954
-86.1949
-86.1944
-86.1939
-86.1934
-86.1929
-86.1923
-86.1918
-86.1913
-86.1908
-86.1903
-86.1898
-86.1893
-86.1888
-86.1883
-86.1878
-86.1873
-86.1868
-86.1863
-86.1858
-86.1853
-86.1848
-86.1843
-86.1838
-86.1833
-86.1828
-86.1823
-86.1818
-86.1812
-86.1807
-86.1802
-86.1797
-86.1792
-86.1787
-86.1782
-86.1777
-86.1772
-86.1767
-86.1762
-86.1757
-86.1751
-86.1746
-86.1741
-86.1736
-86.1731
-86.1726
-86.1721
-86.1716
-86.1711
-86.1706
-86.17
-86.1695
-86.169
-86.1685
-86.168
-86.1675
-86.167
-86.1665
-86.1659
-86.1654
-86.1649
-86.1644
-86.1639
-86.1634
-86.1629
-86.1624
-86.1618
-86.1613
-86.1608
-86.1603
-86.1598
-86.1593
-86.1587
-86.1582
-86.1577
-86.1572
-86.1567
-86.1562
-86.1557
-86.1551
-86.1546
-86.1541
-86.1536
-86.1531
-86.1525
-86.152
-86.1515
-86.151
-86.1505
-86.15
-86.1494
-86.1489
-86.1484
-86.1479
-86.1474
-86.1468
-86.1463
-86.1458
-86.1453
-86.1448
-86.1442
-86.1437
-86.1432
-86.1427
-86.1421
-86.1416
-86.1411
-86.1406
-86.1401
-86.1395
-86.139
-86.1385
-86.138
-86.1374
-86.1369
-86.1364
-86.1359
-86.1353
-86.1348
-86.1343
-86.1338
-86.1332
-86.1327
-86.1322
-86.1317
-86.1311
-86.1306
-86.1301
-86.1296
-86.129
-86.1285
-86.128
-86.1275
-86.1269
-86.1264
-86.1259
-86.1253
-86.1248
-86.1243
-86.1238
-86.1232
-86.1227
-86.1222
-86.1216
-86.1211
-86.1206
-86.12
-86.1195
-86.119
-86.1185
-86.1179
-86.1174
-86.1169
-86.1163
-86.1158
-86.1153
-86.1147
-86.1142
-86.1137
-86.1131
-86.1126
-86.1121
-86.1115
-86.111
-86.1105
-86.1099
-86.1094
-86.1089
-86.1083
-86.1078
-86.1073
-86.1067
-86.1062
-86.1057
-86.1051
-86.1046
-86.1041
-86.1035
-86.103
-86.1024
-86.1019
-86.1014
-86.1008
-86.1003
-86.0998
-86.0992
-86.0987
-86.0981
-86.0976
-86.0971
-86.0965
-86.096
-86.0955
-86.0949
-86.0944
-86.0938
-86.0933
-86.0928
-86.0922
-86.0917
-86.0911
-86.0906
-86.0901
-86.0895
-86.089
-86.0884
-86.0879
-86.0873
-86.0868
-86.0863
-86.0857
-86.0852
-86.0846
-86.0841
-86.0835
-86.083
-86.0825
-86.0819
-86.0814
-86.0808
-86.0803
-86.0797
-86.0792
-86.0787
-86.0781
-86.0776
-86.077
-86.0765
-86.0759
-86.0754
-86.0748
-86.0743
-86.0737
-86.0732
-86.0726
-86.0721
-86.0716
-86.071
-86.0705
-86.0699
-86.0694
-86.0688
-86.0683
-86.0677
-86.0672
-86.0666
-86.0661
-86.0655
-86.065
-86.0644
-86.0639
-86.0633
-86.0628
-86.0622
-86.0617
-86.0611
-86.0606
-86.06
-86.0595
-86.0589
-86.0584
-86.0578
-86.0573
-86.0567
-86.0562
-86.0556
-86.055
-86.0545
-86.0539
-86.0534
-86.0528
-86.0523
-86.0517
-86.0512
-86.0506
-86.0501
-86.0495
-86.049
-86.0484
-86.0478
-86.0473
-86.0467
-86.0462
-86.0456
-86.0451
-86.0445
-86.0439
-86.0434
-86.0428
-86.0423
-86.0417
-86.0412
-86.0406
-86.04
-86.0395
-86.0389
-86.0384
-86.0378
-86.0373
-86.0367
-86.0361
-86.0356
-86.035
-86.0345
-86.0339
-86.0333
-86.0328
-86.0322
-86.0317
-86.0311
-86.0305
-86.03
-86.0294
-86.0288
-86.0283
-86.0277
-86.0272
-86.0266
-86.026
-86.0255
-86.0249
-86.0243
-86.0238
-86.0232
-86.0227
-86.0221
-86.0215
-86.021
-86.0204
-86.0198
-86.0193
-86.0187
-86.0181
-86.0176
-86.017
-86.0164
-86.0159
-86.0153
-86.0147
-86.0142
-86.0136
-86.013
-86.0125
-86.0119
-86.0113
-86.0108
-86.0102
-86.0096
-86.0091
-86.0085
-86.0079
-86.0074
-86.0068
-86.0062
-86.0057
-86.0051
-86.0045
-86.0039
-86.0034
-86.0028
-86.0022
-86.0017
-86.0011
-86.0005
-85.9999
-85.9994
-85.9988
-85.9982
-85.9977
-85.9971
-85.9965
-85.9959
-85.9954
-85.9948
-85.9942
-85.9936
-85.9931
-85.9925
-85.9919
-85.9914
-85.9908
-85.9902
-85.9896
-85.9891
-85.9885
-85.9879
-85.9873
-85.9868
-85.9862
-85.9856
-85.985
-85.9844
-85.9839
-85.9833
-85.9827
-85.9821
-85.9816
-85.981
-85.9804
-85.9798
-85.9792
-85.9787
-85.9781
-85.9775
-85.9769
-85.9763
-85.9758
-85.9752
-85.9746
-85.974
-85.9734
-85.9729
-85.9723
-85.9717
-85.9711
-85.9705
-85.97
-85.9694
-85.9688
-85.9682
-85.9676
-85.967
-85.9665
-85.9659
-85.9653
-85.9647
-85.9641
-85.9635
-85.963
-85.9624
-85.9618
-85.9612
-85.9606
-85.96
-85.9594
-85.9589
-85.9583
-85.9577
-85.9571
-85.9565
-85.9559
-85.9553
-85.9548
-85.9542
-85.9536
-85.953
-85.9524
-85.9518
-85.9512
-85.9506
-85.95
-85.9495
-85.9489
-85.9483
-85.9477
-85.9471
-85.9465
-85.9459
-85.9453
-85.9447
-85.9441
-85.9436
-85.943
-85.9424
-85.9418
-85.9412
-85.9406
-85.94
-85.9394
-85.9388
-85.9382
-85.9376
-85.937
-85.9364
-85.9359
-85.9353
-85.9347
-85.9341
-85.9335
-85.9329
-85.9323
-85.9317
-85.9311
-85.9305
-85.9299
-85.9293
-85.9287
-85.9281
-85.9275
-85.9269
-85.9263
-85.9257
-85.9251
-85.9245
-85.9239
-85.9233
-85.9227
-85.9221
-85.9215
-85.9209
-85.9203
-85.9197
-85.9191
-85.9185
-85.9179
-85.9173
-85.9167
-85.9161
-85.9155
-85.9149
-85.9143
-85.9137
-85.9131
-85.9125
-85.9119
-85.9113
-85.9107
-85.9101
-85.9095
-85.9089
-85.9083
-85.9077
-85.9071
-85.9065
-85.9059
-85.9053
-85.9047
-85.9041
-85.9035
-85.9029
-85.9023
-85.9017
-85.9011
-85.9005
-85.8999
-85.8992
-85.8986
-85.898
-85.8974
-85.8968
-85.8962
-85.8956
-85.895
-85.8944
-85.8938
-85.8932
-85.8926
-85.892
-85.8913
-85.8907
-85.8901
-85.8895
-85.8889
-85.8883
-85.8877
-85.8871
-85.8865
-85.8859
-85.8852
-85.8846
-85.884
-85.8834
-85.8828
-85.8822
-85.8816
-85.881
-85.8804
-85.8797
-85.8791
-85.8785
-85.8779
-85.8773
-85.8767
-85.8761
-85.8754
-85.8748
-85.8742
-85.8736
-85.873
-85.8724
-85.8718
-85.8711
-85.8705
-85.8699
-85.8693
-85.8687
-85.8681
-85.8674
-85.8668
-85.8662
-85.8656
-85.865
-85.8644
-85.8637
-85.8631
-85.8625
-85.8619
-85.8613
-85.8607
-85.86
-85.8594
-85.8588
-85.8582
-85.8576
-85.8569
-85.8563
-85.8557
-85.8551
-85.8545
-85.8538
-85.8532
-85.8526
-85.852
-85.8513
-85.8507
-85.8501
-85.8495
-85.8489
-85.8482
-85.8476
-85.847
-85.8464
-85.8457
-85.8451
-85.8445
-85.8439
-85.8432
-85.8426
-85.842
-85.8414
-85.8407
-85.8401
-85.8395
-85.8389
-85.8382
-85.8376
-85.837
-85.8364
-85.8357
-85.8351
-85.8345
-85.8339
-85.8332
-85.8326
-85.832
-85.8313
-85.8307
-85.8301
-85.8295
-85.8288
-85.8282
-85.8276
-85.8269
-85.8263
-85.8257
-85.8251
-85.8244
-85.8238
-85.8232
-85.8225
-85.8219
-85.8213
-85.8206
-85.82
-85.8194
-85.8187
-85.8181
-85.8175
-85.8168
-85.8162
-85.8156
-85.8149
-85.8143
-85.8137
-85.813
-85.8124
-85.8118
-85.8111
-85.8105
-85.8099
-85.8092
-85.8086
-85.808
-85.8073
-85.8067
-85.8061
-85.8054
-85.8048
-85.8042
-85.8035
-85.8029
-85.8022
-85.8016
-85.801
-85.8003
-85.7997
-85.7991
-85.7984
-85.7978
-85.7971
-85.7965
-85.7959
-85.7952
-85.7946
-85.7939
-85.7933
-85.7927
-85.792
-85.7914
-85.7907
-85.7901
-85.7895
-85.7888
-85.7882
-85.7875
-85.7869
-85.7863
-85.7856
-85.785
-85.7843
-85.7837
-85.783
-85.7824
-85.7818
-85.7811
-85.7805
-85.7798
-85.7792
-85.7785
-85.7779
-85.7772
-85.7766
-85.776
-85.7753
-85.7747
-85.774
-85.7734
-85.7727
-85.7721
-85.7714
-85.7708
-85.7701
-85.7695
-85.7688
-85.7682
-85.7675
-85.7669
-85.7663
-85.7656
-85.765
-85.7643
-85.7637
-85.763
-85.7624
-85.7617
-85.7611
-85.7604
-85.7598
-85.7591
-85.7585
-85.7578
-85.7572
-85.7565
-85.7559
-85.7552
-85.7545
-85.7539
-85.7532
-85.7526
-85.7519
-85.7513
-85.7506
-85.75
-85.7493
-85.7487
-85.748
-85.7474
-85.7467
-85.7461
-85.7454
-85.7447
-85.7441
-85.7434
-85.7428
-85.7421
-85.7415
-85.7408
-85.7402
-85.7395
-85.7388
-85.7382
-85.7375
-85.7369
-85.7362
-85.7356
-85.7349
-85.7342
-85.7336
-85.7329
-85.7323
-85.7316
-85.7309
-85.7303
-85.7296
-85.729
-85.7283
-85.7276
-85.727
-85.7263
-85.7257
-85.725
-85.7243
-85.7237
-85.723
-85.7223
-85.7217
-85.721
-85.7204
-85.7197
-85.719
-85.7184
-85.7177
-85.717
-85.7164
-85.7157
-85.715
-85.7144
-85.7137
-85.713
-85.7124
-85.7117
-85.711
-85.7104
-85.7097
-85.709
-85.7084
-85.7077
-85.707
-85.7064
-85.7057
-85.705
-85.7044
-85.7037
-85.703
-85.7024
-85.7017
-85.701
-85.7003
-85.6997
-85.699
-85.6983
-85.6977
-85.697
-85.6963
-85.6956
-85.695
-85.6943
-85.6936
-85.693
-85.6923
-85.6916
-85.6909
-85.6903
-85.6896
-85.6889
-85.6882
-85.6876
-85.6869
-85.6862
-85.6855
-85.6849
-85.6842
-85.6835
-85.6828
-85.6822
-85.6815
-85.6808
-85.6801
-85.6795
-85.6788
-85.6781
-85.6774
-85.6768
-85.6761
-85.6754
-85.6747
-85.674
-85.6734
-85.6727
-85.672
-85.6713
-85.6706
-85.67
-85.6693
-85.6686
-85.6679
-85.6672
-85.6666
-85.6659
-85.6652
-85.6645
-85.6638
-85.6632
-85.6625
-85.6618
-85.6611
-85.6604
-85.6597
-85.6591
-85.6584
-85.6577
-85.657
-85.6563
-85.6556
-85.6549
-85.6543
-85.6536
-85.6529
-85.6522
-85.6515
-85.6508
-85.6501
-85.6495
-85.6488
-85.6481
-85.6474
-85.6467
-85.646
-85.6453
-85.6446
-85.644
-85.6433
-85.6426
-85.6419
-85.6412
-85.6405
-85.6398
-85.6391
-85.6384
-85.6377
-85.6371
-85.6364
-85.6357
-85.635
-85.6343
-85.6336
-85.6329
-85.6322
-85.6315
-85.6308
-85.6301
-85.6294
-85.6287
-85.6281
-85.6274
-85.6267
-85.626
-85.6253
-85.6246
-85.6239
-85.6232
-85.6225
-85.6218
-85.6211
-85.6204
-85.6197
-85.619
-85.6183
-85.6176
-85.6169
-85.6162
-85.6155
-85.6148
-85.6141
-85.6134
-85.6127
-85.612
-85.6113
-85.6106
-85.6099
-85.6092
-85.6085
-85.6078
-85.6071
-85.6064
-85.6057
-85.605
-85.6043
-85.6036
-85.6029
-85.6022
-85.6015
-85.6008
-85.6001
-85.5994
-85.5987
-85.598
-85.5973
-85.5966
-85.5959
-85.5952
-85.5945
-85.5938
-85.5931
-85.5924
-85.5917
-85.591
-85.5903
-85.5896
-85.5889
-85.5882
-85.5874
-85.5867
-85.586
-85.5853
-85.5846
-85.5839
-85.5832
-85.5825
-85.5818
-85.5811
-85.5804
-85.5797
-85.579
-85.5782
-85.5775
-85.5768
-85.5761
-85.5754
-85.5747
-85.574
-85.5733
-85.5726
-85.5718
-85.5711
-85.5704
-85.5697
-85.569
-85.5683
-85.5676
-85.5669
-85.5661
-85.5654
-85.5647
-85.564
-85.5633
-85.5626
-85.5619
-85.5612
-85.5604
-85.5597
-85.559
-85.5583
-85.5576
-85.5569
-85.5561
-85.5554
-85.5547
-85.554
-85.5533
-85.5526
-85.5518
-85.5511
-85.5504
-85.5497
-85.549
-85.5483
-85.5475
-85.5468
-85.5461
-85.5454
-85.5447
-85.5439
-85.5432
-85.5425
-85.5418
-85.5411
-85.5403
-85.5396
-85.5389
-85.5382
-85.5374
-85.5367
-85.536
-85.5353
-85.5346
-85.5338
-85.5331
-85.5324
-85.5317
-85.5309
-85.5302
-85.5295
-85.5288
-85.528
-85.5273
-85.5266
-85.5259
-85.5251
-85.5244
-85.5237
-85.523
-85.5222
-85.5215
-85.5208
-85.5201
-85.5193
-85.5186
-85.5179
-85.5171
-85.5164
-85.5157
-85.515
-85.5142
-85.5135
-85.5128
-85.512
-85.5113
-85.5106
-85.5098
-85.5091
-85.5084
-85.5077
-85.5069
-85.5062
-85.5055
-85.5047
-85.504
-85.5033
-85.5025
-85.5018
-85.5011
-85.5003
-85.4996
-85.4989
-85.4981
-85.4974
-85.4967
-85.4959
-85.4952
-85.4944
-85.4937
-85.493
-85.4922
-85.4915
-85.4908
-85.49
-85.4893
-85.4886
-85.4878
-85.4871
-85.4863
-85.4856
-85.4849
-85.4841
-85.4834
-85.4826
-85.4819
-85.4812
-85.4804
-85.4797
-85.4789
-85.4782
-85.4775
-85.4767
-85.476
-85.4752
-85.4745
-85.4737
-85.473
-85.4723
-85.4715
-85.4708
-85.47
-85.4693
-85.4685
-85.4678
-85.467
-85.4663
-85.4655
-85.4648
-85.4641
-85.4633
-85.4626
-85.4618
-85.4611
-85.4603
-85.4596
-85.4588
-85.4581
-85.4573
-85.4566
-85.4558
-85.4551
-85.4543
-85.4536
-85.4528
-85.4521
-85.4513
-85.4506
-85.4498
-85.4491
-85.4483
-85.4476
-85.4468
-85.4461
-85.4453
-85.4446
-85.4438
-85.4431
-85.4423
-85.4415
-85.4408
-85.44
-85.4393
-85.4385
-85.4378
-85.437
-85.4363
-85.4355
-85.4347
-85.434
-85.4332
-85.4325
-85.4317
-85.431
-85.4302
-85.4294
-85.4287
-85.4279
-85.4272
-85.4264
-85.4257
-85.4249
-85.4241
-85.4234
-85.4226
-85.4218
-85.4211
-85.4203
-85.4196
-85.4188
-85.418
-85.4173
-85.4165
-85.4158
-85.415
-85.4142
-85.4135
-85.4127
-85.4119
-85.4112
-85.4104
-85.4096
-85.4089
-85.4081
-85.4073
-85.4066
-85.4058
-85.405
-85.4043
-85.4035
-85.4027
-85.402
-85.4012
-85.4004
-85.3997
-85.3989
-85.3981
-85.3974
-85.3966
-85.3958
-85.3951
-85.3943
-85.3935
-85.3927
-85.392
-85.3912
-85.3904
-85.3897
-85.3889
-85.3881
-85.3873
-85.3866
-85.3858
-85.385
-85.3842
-85.3835
-85.3827
-85.3819
-85.3812
-85.3804
-85.3796
-85.3788
-85.3781
-85.3773
-85.3765
-85.3757
-85.3749
-85.3742
-85.3734
-85.3726
-85.3718
-85.3711
-85.3703
-85.3695
-85.3687
-85.3679
-85.3672
-85.3664
-85.3656
-85.3648
-85.364
-85.3633
-85.3625
-85.3617
-85.3609
-85.3601
-85.3594
-85.3586
-85.3578
-85.357
-85.3562
-85.3554
-85.3547
-85.3539
-85.3531
-85.3523
-85.3515
-85.3507
-85.35
-85.3492
-85.3484
-85.3476
-85.3468
-85.346
-85.3452
-85.3445
-85.3437
-85.3429
-85.3421
-85.3413
-85.3405
-85.3397
-85.3389
-85.3382
-85.3374
-85.3366
-85.3358
-85.335
-85.3342
-85.3334
-85.3326
-85.3318
-85.331
-85.3302
-85.3295
-85.3287
-85.3279
-85.3271
-85.3263
-85.3255
-85.3247
-85.3239
-85.3231
-85.3223
-85.3215
-85.3207
-85.3199
-85.3191
-85.3183
-85.3175
-85.3168
-85.316
-85.3152
-85.3144
-85.3136
-85.3128
-85.312
-85.3112
-85.3104
-85.3096
-85.3088
-85.308
-85.3072
-85.3064
-85.3056
-85.3048
-85.304
-85.3032
-85.3024
-85.3016
-85.3008
-85.3
-85.2992
-85.2984
-85.2976
-85.2968
-85.296
-85.2952
-85.2944
-85.2936
-85.2928
-85.292
-85.2911
-85.2903
-85.2895
-85.2887
-85.2879
-85.2871
-85.2863
-85.2855
-85.2847
-85.2839
-85.2831
-85.2823
-85.2815
-85.2807
-85.2799
-85.2791
-85.2782
-85.2774
-85.2766
-85.2758
-85.275
-85.2742
-85.2734
-85.2726
-85.2718
-85.271
-85.2701
-85.2693
-85.2685
-85.2677
-85.2669
-85.2661
-85.2653
-85.2645
-85.2636
-85.2628
-85.262
-85.2612
-85.2604
-85.2596
-85.2588
-85.2579
-85.2571
-85.2563
-85.2555
-85.2547
-85.2539
-85.253
-85.2522
-85.2514
-85.2506
-85.2498
-85.249
-85.2481
-85.2473
-85.2465
-85.2457
-85.2449
-85.244
-85.2432
-85.2424
-85.2416
-85.2407
-85.2399
-85.2391
-85.2383
-85.2375
-85.2366
-85.2358
-85.235
-85.2342
-85.2333
-85.2325
-85.2317
-85.2309
-85.23
-85.2292
-85.2284
-85.2275
-85.2267
-85.2259
-85.2251
-85.2242
-85.2234
-85.2226
-85.2218
-85.2209
-85.2201
-85.2193
-85.2184
-85.2176
-85.2168
-85.2159
-85.2151
-85.2143
-85.2134
-85.2126
-85.2118
-85.2109
-85.2101
-85.2093
-85.2084
-85.2076
-85.2068
-85.2059
-85.2051
-85.2043
-85.2034
-85.2026
-85.2018
-85.2009
-85.2001
-85.1992
-85.1984
-85.1976
-85.1967
-85.1959
-85.1951
-85.1942
-85.1934
-85.1925
-85.1917
-85.1909
-85.19
-85.1892
-85.1883
-85.1875
-85.1866
-85.1858
-85.185
-85.1841
-85.1833
-85.1824
-85.1816
-85.1807
-85.1799
-85.1791
-85.1782
-85.1774
-85.1765
-85.1757
-85.1748
-85.174
-85.1731
-85.1723
-85.1714
-85.1706
-85.1697
-85.1689
-85.168
-85.1672
-85.1663
-85.1655
-85.1646
-85.1638
-85.1629
-85.1621
-85.1612
-85.1604
-85.1595
-85.1587
-85.1578
-85.157
-85.1561
-85.1553
-85.1544
-85.1536
-85.1527
-85.1518
-85.151
-85.1501
-85.1493
-85.1484
-85.1476
-85.1467
-85.1459
-85.145
-85.1441
-85.1433
-85.1424
-85.1416
-85.1407
-85.1398
-85.139
-85.1381
-85.1373
-85.1364
-85.1355
-85.1347
-85.1338
-85.133
-85.1321
-85.1312
-85.1304
-85.1295
-85.1286
-85.1278
-85.1269
-85.1261
-85.1252
-85.1243
-85.1235
-85.1226
-85.1217
-85.1209
-85.12
-85.1191
-85.1183
-85.1174
-85.1165
-85.1157
-85.1148
-85.1139
-85.113
-85.1122
-85.1113
-85.1104
-85.1096
-85.1087
-85.1078
-85.107
-85.1061
-85.1052
-85.1043
-85.1035
-85.1026
-85.1017
-85.1008
-85.1
-85.0991
-85.0982
-85.0973
-85.0965
-85.0956
-85.0947
-85.0938
-85.093
-85.0921
-85.0912
-85.0903
-85.0895
-85.0886
-85.0877
-85.0868
-85.0859
-85.0851
-85.0842
-85.0833
-85.0824
-85.0815
-85.0807
-85.0798
-85.0789
-85.078
-85.0771
-85.0762
-85.0754
-85.0745
-85.0736
-85.0727
-85.0718
-85.0709
-85.0701
-85.0692
-85.0683
-85.0674
-85.0665
-85.0656
-85.0647
-85.0639
-85.063
-85.0621
-85.0612
-85.0603
-85.0594
-85.0585
-85.0576
-85.0568
-85.0559
-85.055
-85.0541
-85.0532
-85.0523
-85.0514
-85.0505
-85.0496
-85.0487
-85.0478
-85.0469
-85.046
-85.0452
-85.0443
-85.0434
-85.0425
-85.0416
-85.0407
-85.0398
-85.0389
-85.038
-85.0371
-85.0362
-85.0353
-85.0344
-85.0335
-85.0326
-85.0317
-85.0308
-85.0299
-85.029
-85.0281
-85.0272
-85.0263
-85.0254
-85.0245
-85.0236
-85.0227
-85.0218
-85.0209
-85.02
-85.0191
-85.0182
-85.0173
-85.0164
-85.0155
-85.0146
-85.0137
-85.0128
-85.0118
-85.0109
-85.01
-85.0091
-85.0082
-85.0073
-85.0064
-85.0055
-85.0046
-85.0037
-85.0028
-85.0018
-85.0009
-85
-84.9991
-84.9982
-84.9973
-84.9964
-84.9955
-84.9945
-84.9936
-84.9927
-84.9918
-84.9909
-84.99
-84.9891
-84.9881
-84.9872
-84.9863
-84.9854
-84.9845
-84.9835
-84.9826
-84.9817
-84.9808
-84.9799
-84.9789
-84.978
-84.9771
-84.9762
-84.9753
-84.9743
-84.9734
-84.9725
-84.9716
-84.9706
-84.9697
-84.9688
-84.9679
-84.9669
-84.966
-84.9651
-84.9642
-84.9632
-84.9623
-84.9614
-84.9605
-84.9595
-84.9586
-84.9577
-84.9567
-84.9558
-84.9549
-84.954
-84.953
-84.9521
-84.9512
-84.9502
-84.9493
-84.9484
-84.9474
-84.9465
-84.9456
-84.9446
-84.9437
-84.9428
-84.9418
-84.9409
-84.9399
-84.939
-84.9381
-84.9371
-84.9362
-84.9353
-84.9343
-84.9334
-84.9324
-84.9315
-84.9306
-84.9296
-84.9287
-84.9277
-84.9268
-84.9258
-84.9249
-84.924
-84.923
-84.9221
-84.9211
-84.9202
-84.9192
-84.9183
-84.9173
-84.9164
-84.9155
-84.9145
-84.9136
-84.9126
-84.9117
-84.9107
-84.9098
-84.9088
-84.9079
-84.9069
-84.906
-84.905
-84.9041
-84.9031
-84.9022
-84.9012
-84.9002
-84.8993
-84.8983
-84.8974
-84.8964
-84.8955
-84.8945
-84.8936
-84.8926
-84.8917
-84.8907
-84.8897
-84.8888
-84.8878
-84.8869
-84.8859
-84.8849
-84.884
-84.883
-84.8821
-84.8811
-84.8801
-84.8792
-84.8782
-84.8773
-84.8763
-84.8753
-84.8744
-84.8734
-84.8724
-84.8715
-84.8705
-84.8695
-84.8686
-84.8676
-84.8666
-84.8657
-84.8647
-84.8637
-84.8628
-84.8618
-84.8608
-84.8599
-84.8589
-84.8579
-84.8569
-84.856
-84.855
-84.854
-84.8531
-84.8521
-84.8511
-84.8501
-84.8492
-84.8482
-84.8472
-84.8462
-84.8453
-84.8443
-84.8433
-84.8423
-84.8414
-84.8404
-84.8394
-84.8384
-84.8374
-84.8365
-84.8355
-84.8345
-84.8335
-84.8325
-84.8316
-84.8306
-84.8296
-84.8286
-84.8276
-84.8266
-84.8257
-84.8247
-84.8237
-84.8227
-84.8217
-84.8207
-84.8197
-84.8188
-84.8178
-84.8168
-84.8158
-84.8148
-84.8138
-84.8128
-84.8118
-84.8108
-84.8099
-84.8089
-84.8079
-84.8069
-84.8059
-84.8049
-84.8039
-84.8029
-84.8019
-84.8009
-84.7999
-84.7989
-84.7979
-84.7969
-84.7959
-84.7949
-84.7939
-84.7929
-84.7919
-84.791
-84.79
-84.789
-84.788
-84.787
-84.786
-84.785
-84.7839
-84.7829
-84.7819
-84.7809
-84.7799
-84.7789
-84.7779
-84.7769
-84.7759
-84.7749
-84.7739
-84.7729
-84.7719
-84.7709
-84.7699
-84.7689
-84.7679
-84.7669
-84.7658
-84.7648
-84.7638
-84.7628
-84.7618
-84.7608
-84.7598
-84.7588
-84.7577
-84.7567
-84.7557
-84.7547
-84.7537
-84.7527
-84.7517
-84.7506
-84.7496
-84.7486
-84.7476
-84.7466
-84.7455
-84.7445
-84.7435
-84.7425
-84.7415
-84.7404
-84.7394
-84.7384
-84.7374
-84.7363
-84.7353
-84.7343
-84.7333
-84.7322
-84.7312
-84.7302
-84.7292
-84.7281
-84.7271
-84.7261
-84.725
-84.724
-84.723
-84.722
-84.7209
-84.7199
-84.7189
-84.7178
-84.7168
-84.7158
-84.7147
-84.7137
-84.7127
-84.7116
-84.7106
-84.7096
-84.7085
-84.7075
-84.7064
-84.7054
-84.7044
-84.7033
-84.7023
-84.7012
-84.7002
-84.6992
-84.6981
-84.6971
-84.696
-84.695
-84.6939
-84.6929
-84.6918
-84.6908
-84.6898
-84.6887
-84.6877
-84.6866
-84.6856
-84.6845
-84.6835
-84.6824
-84.6814
-84.6803
-84.6793
-84.6782
-84.6772
-84.6761
-84.6751
-84.674
-84.6729
-84.6719
-84.6708
-84.6698
-84.6687
-84.6677
-84.6666
-84.6656
-84.6645
-84.6634
-84.6624
-84.6613
-84.6603
-84.6592
-84.6581
-84.6571
-84.656
-84.6549
-84.6539
-84.6528
-84.6518
-84.6507
-84.6496
-84.6486
-84.6475
-84.6464
-84.6454
-84.6443
-84.6432
-84.6421
-84.6411
-84.64
-84.6389
-84.6379
-84.6368
-84.6357
-84.6347
-84.6336
-84.6325
-84.6314
-84.6304
-84.6293
-84.6282
-84.6271
-84.626
-84.625
-84.6239
-84.6228
-84.6217
-84.6207
-84.6196
-84.6185
-84.6174
-84.6163
-84.6153
-84.6142
-84.6131
-84.612
-84.6109
-84.6098
-84.6087
-84.6077
-84.6066
-84.6055
-84.6044
-84.6033
-84.6022
-84.6011
-84.6
-84.599
-84.5979
-84.5968
-84.5957
-84.5946
-84.5935
-84.5924
-84.5913
-84.5902
-84.5891
-84.588
-84.5869
-84.5858
-84.5847
-84.5836
-84.5825
-84.5814
-84.5803
-84.5792
-84.5781
-84.577
-84.5759
-84.5748
-84.5737
-84.5726
-84.5715
-84.5704
-84.5693
-84.5682
-84.5671
-84.566
-84.5649
-84.5638
-84.5627
-84.5616
-84.5605
-84.5594
-84.5583
-84.5571
-84.556
-84.5549
-84.5538
-84.5527
-84.5516
-84.5505
-84.5494
-84.5482
-84.5471
-84.546
-84.5449
-84.5438
-84.5427
-84.5415
-84.5404
-84.5393
-84.5382
-84.5371
-84.5359
-84.5348
-84.5337
-84.5326
-84.5315
-84.5303
-84.5292
-84.5281
-84.527
-84.5258
-84.5247
-84.5236
-84.5224
-84.5213
-84.5202
-84.5191
-84.5179
-84.5168
-84.5157
-84.5145
-84.5134
-84.5123
-84.5111
-84.51
-84.5089
-84.5077
-84.5066
-84.5054
-84.5043
-84.5032
-84.502
-84.5009
-84.4997
-84.4986
-84.4975
-84.4963
-84.4952
-84.494
-84.4929
-84.4917
-84.4906
-84.4894
-84.4883
-84.4871
-84.486
-84.4849
-84.4837
-84.4826
-84.4814
-84.4802
-84.4791
-84.4779
-84.4768
-84.4756
-84.4745
-84.4733
-84.4722
-84.471
-84.4699
-84.4687
-84.4675
-84.4664
-84.4652
-84.4641
-84.4629
-84.4617
-84.4606
-84.4594
-84.4582
-84.4571
-84.4559
-84.4547
-84.4536
-84.4524
-84.4512
-84.4501
-84.4489
-84.4477
-84.4466
-84.4454
-84.4442
-84.443
-84.4419
-84.4407
-84.4395
-84.4383
-84.4372
-84.436
-84.4348
-84.4336
-84.4325
-84.4313
-84.4301
-84.4289
-84.4277
-84.4266
-84.4254
-84.4242
-84.423
-84.4218
-84.4206
-84.4195
-84.4183
-84.4171
-84.4159
-84.4147
-84.4135
-84.4123
-84.4111
-84.4099
-84.4087
-84.4076
-84.4064
-84.4052
-84.404
-84.4028
-84.4016
-84.4004
-84.3992
-84.398
-84.3968
-84.3956
-84.3944
-84.3932
-84.392
-84.3908
-84.3896
-84.3884
-84.3872
-84.386
-84.3848
-84.3835
-84.3823
-84.3811
-84.3799
-84.3787
-84.3775
-84.3763
-84.3751
-84.3739
-84.3727
-84.3714
-84.3702
-84.369
-84.3678
-84.3666
-84.3654
-84.3641
-84.3629
-84.3617
-84.3605
-84.3593
-84.3581
-84.3568
-84.3556
-84.3544
-84.3532
-84.3519
-84.3507
-84.3495
-84.3483
-84.347
-84.3458
-84.3446
-84.3433
-84.3421
-84.3409
-84.3396
-84.3384
-84.3372
-84.3359
-84.3347
-84.3335
-84.3322
-84.331
-84.3298
-84.3285
-84.3273
-84.3261
-84.3248
-84.3236
-84.3223
-84.3211
-84.3198
-84.3186
-84.3174
-84.3161
-84.3149
-84.3136
-84.3124
-84.3111
-84.3099
-84.3086
-84.3074
-84.3061
-84.3049
-84.3036
-84.3024
-84.3011
-84.2998
-84.2986
-84.2973
-84.2961
-84.2948
-84.2936
-84.2923
-84.291
-84.2898
-84.2885
-84.2873
-84.286
-84.2847
-84.2835
-84.2822
-84.2809
-84.2797
-84.2784
-84.2771
-84.2758
-84.2746
-84.2733
-84.272
-84.2708
-84.2695
-84.2682
-84.2669
-84.2657
-84.2644
-84.2631
-84.2618
-84.2605
-84.2593
-84.258
-84.2567
-84.2554
-84.2541
-84.2528
-84.2516
-84.2503
-84.249
-84.2477
-84.2464
-84.2451
-84.2438
-84.2425
-84.2412
-84.2399
-84.2386
-84.2373
-84.236
-84.2347
-84.2334
-84.2322
-84.2309
-84.2295
-84.2282
-84.2269
-84.2256
-84.2243
-84.223
-84.2217
-84.2204
-84.2191
-84.2178
-84.2165
-84.2152
-84.2139
-84.2126
-84.2112
-84.2099
-84.2086
-84.2073
-84.206
-84.2047
-84.2033
-84.202
-84.2007
-84.1994
-84.1981
-84.1967
-84.1954
-84.1941
-84.1928
-84.1914
-84.1901
-84.1888
-84.1874
-84.1861
-84.1848
-84.1835
-84.1821
-84.1808
-84.1795
-84.1781
-84.1768
-84.1754
-84.1741
-84.1728
-84.1714
-84.1701
-84.1687
-84.1674
-84.1661
-84.1647
-84.1634
-84.162
-84.1607
-84.1593
-84.158
-84.1566
-84.1553
-84.1539
-84.1526
-84.1512
-84.1499
-84.1485
-84.1471
-84.1458
-84.1444
-84.1431
-84.1417
-84.1403
-84.139
-84.1376
-84.1362
-84.1349
-84.1335
-84.1321
-84.1308
-84.1294
-84.128
-84.1267
-84.1253
-84.1239
-84.1226
-84.1212
-84.1198
-84.1184
-84.117
-84.1157
-84.1143
-84.1129
-84.1115
-84.1101
-84.1088
-84.1074
-84.106
-84.1046
-84.1032
-84.1018
-84.1004
-84.099
-84.0977
-84.0963
-84.0949
-84.0935
-84.0921
-84.0907
-84.0893
-84.0879
-84.0865
-84.0851
-84.0837
-84.0823
-84.0809
-84.0795
-84.0781
-84.0767
-84.0753
-84.0739
-84.0724
-84.071
-84.0696
-84.0682
-84.0668
-84.0654
-84.064
-84.0626
-84.0611
-84.0597
-84.0583
-84.0569
-84.0555
-84.054
-84.0526
-84.0512
-84.0498
-84.0483
-84.0469
-84.0455
-84.044
-84.0426
-84.0412
-84.0398
-84.0383
-84.0369
-84.0354
-84.034
-84.0326
-84.0311
-84.0297
-84.0282
-84.0268
-84.0254
-84.0239
-84.0225
-84.021
-84.0196
-84.0181
-84.0167
-84.0152
-84.0138
-84.0123
-84.0108
-84.0094
-84.0079
-84.0065
-84.005
-84.0035
-84.0021
-84.0006
-83.9992
-83.9977
-83.9962
-83.9948
-83.9933
-83.9918
-83.9903
-83.9889
-83.9874
-83.9859
-83.9844
-83.983
-83.9815
-83.98
-83.9785
-83.977
-83.9755
-83.9741
-83.9726
-83.9711
-83.9696
-83.9681
-83.9666
-83.9651
-83.9636
-83.9621
-83.9606
-83.9591
-83.9576
-83.9561
-83.9546
-83.9531
-83.9516
-83.9501
-83.9486
-83.9471
-83.9456
-83.9441
-83.9426
-83.9411
-83.9396
-83.938
-83.9365
-83.935
-83.9335
-83.932
-83.9304
-83.9289
-83.9274
-83.9259
-83.9243
-83.9228
-83.9213
-83.9198
-83.9182
-83.9167
-83.9152
-83.9136
-83.9121
-83.9106
-83.909
-83.9075
-83.9059
-83.9044
-83.9028
-83.9013
-83.8997
-83.8982
-83.8967
-83.8951
-83.8935
-83.892
-83.8904
-83.8889
-83.8873
-83.8858
-83.8842
-83.8826
-83.8811
-83.8795
-83.878
-83.8764
-83.8748
-83.8733
-83.8717
-83.8701
-83.8685
-83.867
-83.8654
-83.8638
-83.8622
-83.8606
-83.8591
-83.8575
-83.8559
-83.8543
-83.8527
-83.8511
-83.8496
-83.848
-83.8464
-83.8448
-83.8432
-83.8416
-83.84
-83.8384
-83.8368
-83.8352
-83.8336
-83.832
-83.8304
-83.8288
-83.8272
-83.8255
-83.8239
-83.8223
-83.8207
-83.8191
-83.8175
-83.8159
-83.8142
-83.8126
-83.811
-83.8094
-83.8077
-83.8061
-83.8045
-83.8029
-83.8012
-83.7996
-83.798
-83.7963
-83.7947
-83.793
-83.7914
-83.7898
-83.7881
-83.7865
-83.7848
-83.7832
-83.7815
-83.7799
-83.7782
-83.7765
-83.7749
-83.7732
-83.7716
-83.7699
-83.7682
-83.7666
-83.7649
-83.7632
-83.7616
-83.7599
-83.7582
-83.7566
-83.7549
-83.7532
-83.7515
-83.7498
-83.7482
-83.7465
-83.7448
-83.7431
-83.7414
-83.7397
-83.738
-83.7363
-83.7346
-83.7329
-83.7312
-83.7295
-83.7278
-83.7261
-83.7244
-83.7227
-83.721
-83.7193
-83.7176
-83.7159
-83.7141
-83.7124
-83.7107
-83.709
-83.7073
-83.7055
-83.7038
-83.7021
-83.7003
-83.6986
-83.6969
-83.6951
-83.6934
-83.6917
-83.6899
-83.6882
-83.6864
-83.6847
-83.6829
-83.6812
-83.6794
-83.6777
-83.6759
-83.6742
-83.6724
-83.6706
-83.6689
-83.6671
-83.6654
-83.6636
-83.6618
-83.66
-83.6583
-83.6565
-83.6547
-83.6529
-83.6512
-83.6494
-83.6476
-83.6458
-83.644
-83.6422
-83.6404
-83.6386
-83.6368
-83.635
-83.6332
-83.6314
-83.6296
-83.6278
-83.626
-83.6242
-83.6224
-83.6206
-83.6188
-83.617
-83.6152
-83.6133
-83.6115
-83.6097
-83.6079
-83.606
-83.6042
-83.6024
-83.6005
-83.5987
-83.5969
-83.595
-83.5932
-83.5913
-83.5895
-83.5876
-83.5858
-83.5839
-83.5821
-83.5802
-83.5784
-83.5765
-83.5747
-83.5728
-83.5709
-83.5691
-83.5672
-83.5653
-83.5634
-83.5616
-83.5597
-83.5578
-83.5559
-83.554
-83.5522
-83.5503
-83.5484
-83.5465
-83.5446
-83.5427
-83.5408
-83.5389
-83.537
-83.5351
-83.5332
-83.5313
-83.5293
-83.5274
-83.5255
-83.5236
-83.5217
-83.5197
-83.5178
-83.5159
-83.514
-83.512
-83.5101
-83.5081
-83.5062
-83.5043
-83.5023
-83.5004
-83.4984
-83.4965
-83.4945
-83.4925
-83.4906
-83.4886
-83.4867
-83.4847
-83.4827
-83.4808
-83.4788
-83.4768
-83.4748
-83.4728
-83.4709
-83.4689
-83.4669
-83.4649
-83.4629
-83.4609
-83.4589
-83.4569
-83.4549
-83.4529
-83.4509
-83.4489
-83.4469
-83.4448
-83.4428
-83.4408
-83.4388
-83.4367
-83.4347
-83.4327
-83.4307
-83.4286
-83.4266
-83.4245
-83.4225
-83.4204
-83.4184
-83.4163
-83.4143
-83.4122
-83.4102
-83.4081
-83.406
-83.404
-83.4019
-83.3998
-83.3978
-83.3957
-83.3936
-83.3915
-83.3894
-83.3873
-83.3853
-83.3832
-83.3811
-83.379
-83.3769
-83.3748
-83.3726
-83.3705
-83.3684
-83.3663
-83.3642
-83.3621
-83.3599
-83.3578
-83.3557
-83.3535
-83.3514
-83.3493
-83.3471
-83.345
-83.3428
-83.3407
-83.3385
-83.3364
-83.3342
-83.3321
-83.3299
-83.3277
-83.3256
-83.3234
-83.3212
-83.319
-83.3169
-83.3147
-83.3125
-83.3103
-83.3081
-83.3059
-83.3037
-83.3015
-83.2993
-83.2971
-83.2949
-83.2926
-83.2904
-83.2882
-83.286
-83.2837
-83.2815
-83.2793
-83.277
-83.2748
-83.2725
-83.2703
-83.268
-83.2658
-83.2635
-83.2613
-83.259
-83.2567
-83.2545
-83.2522
-83.2499
-83.2476
-83.2453
-83.243
-83.2407
-83.2385
-83.2362
-83.2338
-83.2315
-83.2292
-83.2269
-83.2246
-83.2223
-83.22
-83.2176
-83.2153
-83.213
-83.2106
-83.2083
-83.2059
-83.2036
-83.2012
-83.1989
-83.1965
-83.1941
-83.1918
-83.1894
-83.187
-83.1847
-83.1823
-83.1799
-83.1775
-83.1751
-83.1727
-83.1703
-83.1679
-83.1655
-83.1631
-83.1607
-83.1582
-83.1558
-83.1534
-83.151
-83.1485
-83.1461
-83.1436
-83.1412
-83.1387
-83.1363
-83.1338
-83.1314
-83.1289
-83.1264
-83.124
-83.1215
-83.119
-83.1165
-83.114
-83.1115
-83.109
-83.1065
-83.104
-83.1015
-83.099
-83.0965
-83.094
-83.0914
-83.0889
-83.0864
-83.0838
-83.0813
-83.0787
-83.0762
-83.0736
-83.0711
-83.0685
-83.0659
-83.0633
-83.0608
-83.0582
-83.0556
-83.053
-83.0504
-83.0478
-83.0452
-83.0426
-83.04
-83.0373
-83.0347
-83.0321
-83.0294
-83.0268
-83.0242
-83.0215
-83.0189
-83.0162
-83.0135
-83.0109
-83.0082
-83.0055
-83.0028
-83.0001
-82.9974
-82.9947
-82.992
-82.9893
-82.9866
-82.9839
-82.9812
-82.9784
-82.9757
-82.973
-82.9702
-82.9675
-82.9647
-82.962
-82.9592
-82.9564
-82.9536
-82.9509
-82.9481
-82.9453
-82.9425
-82.9397
-82.9369
-82.9341
-82.9312
-82.9284
-82.9256
-82.9228
-82.9199
-82.9171
-82.9142
-82.9114
-82.9085
-82.9056
-82.9028
-82.8999
-82.897
-82.8941
-82.8912
-82.8883
-82.8854
-82.8825
-82.8796
-82.8767
-82.8737
-82.8708
-82.8678
-82.8649
-82.8619
-82.859
-82.856
-82.853
-82.8501
-82.8471
-82.8441
-82.8411
-82.8381
-82.8351
-82.8321
-82.829
-82.826
-82.823
-82.8199
-82.8169
-82.8138
-82.8108
-82.8077
-82.8046
-82.8016
-82.7985
-82.7954
-82.7923
-82.7892
-82.786
-82.7829
-82.7798
-82.7767
-82.7735
-82.7704
-82.7672
-82.764
-82.7609
-82.7577
-82.7545
-82.7513
-82.7481
-82.7449
-82.7417
-82.7385
-82.7352
-82.732
-82.7288
-82.7255
-82.7223
-82.719
-82.7157
-82.7124
-82.7091
-82.7058
-82.7025
-82.6992
-82.6959
-82.6926
-82.6892
-82.6859
-82.6826
-82.6792
-82.6758
-82.6725
-82.6691
-82.6657
-82.6623
-82.6589
-82.6555
-82.652
-82.6486
-82.6452
-82.6417
-82.6383
-82.6348
-82.6313
-82.6278
-82.6243
-82.6208
-82.6173
-82.6138
-82.6103
-82.6068
-82.6032
-82.5997
-82.5961
-82.5925
-82.589
-82.5854
-82.5818
-82.5782
-82.5746
-82.5709
-82.5673
-82.5636
-82.56
-82.5563
-82.5526
-82.549
-82.5453
-82.5416
-82.5378
-82.5341
-82.5304
-82.5266
-82.5229
-82.5191
-82.5154
-82.5116
-82.5078
-82.504
-82.5001
-82.4963
-82.4925
-82.4886
-82.4848
-82.4809
-82.477
-82.4731
-82.4692
-82.4653
-82.4614
-82.4575
-82.4535
-82.4495
-82.4456
-82.4416
-82.4376
-82.4336
-82.4296
-82.4256
-82.4215
-82.4175
-82.4134
-82.4093
-82.4052
-82.4011
-82.397
-82.3929
-82.3888
-82.3846
-82.3805
-82.3763
-82.3721
-82.3679
-82.3637
-82.3595
-82.3552
-82.351
-82.3467
-82.3425
-82.3382
-82.3339
-82.3296
-82.3252
-82.3209
-82.3165
-82.3122
-82.3078
-82.3034
-82.299
-82.2945
-82.2901
-82.2856
-82.2812
-82.2767
-82.2722
-82.2677
-82.2631
-82.2586
-82.254
-82.2494
-82.2448
-82.2402
-82.2356
-82.231
-82.2263
-82.2217
-82.217
-82.2123
-82.2075
-82.2028
-82.1981
-82.1933
-82.1885
-82.1837
-82.1789
-82.1741
-82.1692
-82.1643
-82.1595
-82.1545
-82.1496
-82.1447
-82.1397
-82.1348
-82.1298
-82.1248
-82.1197
-82.1147
-82.1096
-82.1045
-82.0994
-82.0943
-82.0892
-82.084
-82.0788
-82.0736
-82.0684
-82.0632
-82.0579
-82.0526
-82.0473
-82.042
-82.0367
-82.0313
-82.0259
-82.0205
-82.0151
-82.0096
-82.0042
-81.9987
-81.9931
-81.9876
-81.982
-81.9765
-81.9708
-81.9652
-81.9596
-81.9539
-81.9482
-81.9425
-81.9367
-81.931
-81.9252
-81.9193
-81.9135
-81.9076
-81.9017
-81.8958
-81.8899
-81.8839
-81.8779
-81.8719
-81.8658
-81.8598
-81.8537
-81.8475
-81.8414
-81.8352
-81.829
-81.8227
-81.8165
-81.8102
-81.8038
-81.7975
-81.7911
-81.7847
-81.7782
-81.7717
-81.7652
-81.7587
-81.7521
-81.7455
-81.7389
-81.7322
-81.7255
-81.7188
-81.712
-81.7052
-81.6984
-81.6915
-81.6846
-81.6777
-81.6707
-81.6637
-81.6567
-81.6496
-81.6425
-81.6354
-81.6282
-81.621
-81.6137
-81.6064
-81.5991
-81.5917
-81.5843
-81.5769
-81.5694
-81.5618
-81.5543
-81.5466
-81.539
-81.5313
-81.5235
-81.5158
-81.5079
-81.5001
-81.4921
-81.4842
-81.4762
-81.4681
-81.46
-81.4519
-81.4437
-81.4354
-81.4272
-81.4188
-81.4104
-81.402
-81.3935
-81.385
-81.3764
-81.3678
-81.3591
-81.3503
-81.3415
-81.3327
-81.3237
-81.3148
-81.3057
-81.2967
-81.2875
-81.2783
-81.2691
-81.2597
-81.2504
-81.2409
-81.2314
-81.2218
-81.2122
-81.2025
-81.1927
-81.1829
-81.173
-81.1631
-81.153
-81.1429
-81.1327
-81.1225
-81.1122
-81.1018
-81.0913
-81.0808
-81.0702
-81.0595
-81.0487
-81.0378
-81.0269
-81.0159
-81.0048
-80.9936
-80.9823
-80.9709
-80.9595
-80.948
-80.9363
-80.9246
-80.9128
-80.9009
-80.8889
-80.8768
-80.8646
-80.8523
-80.8399
-80.8274
-80.8148
-80.8021
-80.7893
-80.7763
-80.7633
-80.7501
-80.7369
-80.7235
-80.71
-80.6963
-80.6826
-80.6687
-80.6547
-80.6406
-80.6263
-80.6119
-80.5974
-80.5827
-80.5679
-80.553
-80.5379
-80.5226
-80.5073
-80.4917
-80.476
-80.4601
-80.4441
-80.4279
-80.4116
-80.3951
-80.3784
-80.3615
-80.3445
-80.3272
-80.3098
-80.2922
-80.2744
-80.2564
-80.2381
-80.2197
-80.2011
-80.1823
-80.1632
-80.1439
-80.1244
-80.1047
-80.0847
-80.0644
-80.0439
-80.0232
-80.0022
-79.9809
-79.9594
-79.9376
-79.9155
-79.8931
-79.8704
-79.8474
-79.8241
-79.8004
-79.7764
-79.7521
-79.7275
-79.7025
-79.6771
-79.6514
-79.6252
-79.5987
-79.5718
-79.5445
-79.5167
-79.4885
-79.4598
-79.4307
-79.4011
-79.371
-79.3404
-79.3093
-79.2777
-79.2454
-79.2127
-79.1793
-79.1453
-79.1107
-79.0755
-79.0396
-79.003
-78.9656
-78.9276
-78.8887
-78.8491
-78.8086
-78.7673
-78.7251
-78.682
-78.6379
-78.5928
-78.5467
-78.4995
-78.4512
-78.4017
-78.351
-78.299
-78.2457
-78.1909
-78.1347
-78.077
-78.0177
-77.9566
-77.8938
-77.8291
-77.7625
-77.6937
-77.6228
-77.5495
-77.4737
-77.3954
-77.3142
-77.2301
-77.1428
-77.0521
-76.9579
-76.8597
-76.7573
-76.6504
-76.5387
-76.4216
-76.2988
-76.1697
-76.0337
-75.8901
-75.7381
-75.5769
-75.4053
-75.222
-75.0256
-74.8142
-74.5857
-74.3373
-74.0658
-73.7667
-73.4346
-73.0622
-72.6396
-72.153
-71.5821
-70.8958
-70.0434
-68.9341
-67.3845
-64.9454
-60.0999
-43.7029
31.3737
49.6141
46.3166
34.488
13.7639
-2.62635
-13.9588
-24.8355
-34.9375
-52.8616
-87.6079
-94.4667
-94.8535
-94.8454
-94.7575
-94.6202
-94.4497
-94.2653
-94.0851
-93.9211
-93.7792
-93.6607
-93.5644
-93.4878
-93.4283
-93.383
-93.3498
-93.3264
-93.3112
-93.3026
-93.2994
-93.3007
-93.3056
-93.3133
-93.3234
-93.3352
-93.3486
-93.363
-93.3784
-93.3943
-93.4107
-93.4274
-93.4442
-93.4611
-93.478
-93.4947
-93.5114
-93.5278
-93.544
-93.5599
-93.5755
-93.5908
-93.6057
-93.6204
-93.6346
-93.6485
-93.6621
-93.6752
-93.6881
-93.7005
-93.7126
-93.7243
-93.7357
-93.7467
-93.7573
-93.7676
-93.7776
-93.7872
-93.7965
-93.8055
-93.8141
-93.8224
-93.8304
-93.8381
-93.8455
-93.8526
-93.8594
-93.866
-93.8722
-93.8782
-93.8839
-93.8893
-93.8945
-93.8994
-93.9041
-93.9085
-93.9127
-93.9167
-93.9204
-93.9239
-93.9272
-93.9302
-93.9331
-93.9357
-93.9381
-93.9404
-93.9424
-93.9442
-93.9459
-93.9473
-93.9486
-93.9497
-93.9506
-93.9513
-93.9519
-93.9523
-93.9526
-93.9527
-93.9526
-93.9524
-93.952
-93.9515
-93.9508
-93.95
-93.949
-93.9479
-93.9467
-93.9453
-93.9438
-93.9422
-93.9404
-93.9386
-93.9366
-93.9344
-93.9322
-93.9299
-93.9274
-93.9248
-93.9221
-93.9193
-93.9164
-93.9134
-93.9103
-93.9071
-93.9038
-93.9004
-93.8968
-93.8932
-93.8895
-93.8858
-93.8819
-93.8779
-93.8738
-93.8697
-93.8655
-93.8611
-93.8567
-93.8523
-93.8477
-93.8431
-93.8383
-93.8335
-93.8287
-93.8237
-93.8187
-93.8136
-93.8084
-93.8032
-93.7979
-93.7925
-93.787
-93.7815
-93.7759
-93.7703
-93.7645
-93.7588
-93.7529
-93.747
-93.741
-93.735
-93.7289
-93.7227
-93.7165
-93.7103
-93.7039
-93.6975
-93.6911
-93.6846
-93.678
-93.6714
-93.6647
-93.658
-93.6513
-93.6444
-93.6375
-93.6306
-93.6236
-93.6166
-93.6095
-93.6024
-93.5952
-93.588
-93.5807
-93.5734
-93.566
-93.5586
-93.5511
-93.5436
-93.536
-93.5284
-93.5207
-93.513
-93.5053
-93.4975
-93.4897
-93.4818
-93.4739
-93.466
-93.458
-93.4499
-93.4418
-93.4337
-93.4256
-93.4174
-93.4091
-93.4008
-93.3925
-93.3842
-93.3758
-93.3673
-93.3589
-93.3503
-93.3418
-93.3332
-93.3246
-93.3159
-93.3072
-93.2985
-93.2897
-93.2809
-93.2721
-93.2632
-93.2543
-93.2454
-93.2364
-93.2274
-93.2184
-93.2093
-93.2002
-93.1911
-93.1819
-93.1727
-93.1635
-93.1542
-93.1449
-93.1356
-93.1263
-93.1169
-93.1075
-93.098
-93.0886
-93.0791
-93.0695
-93.06
-93.0504
-93.0408
-93.0311
-93.0215
-93.0118
-93.0021
-92.9923
-92.9825
-92.9727
-92.9629
-92.9531
-92.9432
-92.9333
-92.9234
-92.9134
-92.9034
-92.8934
-92.8834
-92.8734
-92.8633
-92.8532
-92.8431
-92.8329
-92.8228
-92.8126
-92.8024
-92.7922
-92.7819
-92.7717
-92.7614
-92.7511
-92.7407
-92.7304
-92.72
-92.7096
-92.6992
-92.6888
-92.6783
-92.6679
-92.6574
-92.6469
-92.6364
-92.6259
-92.6153
-92.6047
-92.5942
-92.5836
-92.5729
-92.5623
-92.5517
-92.541
-92.5303
-92.5196
-92.5089
-92.4982
-92.4875
-92.4767
-92.466
-92.4552
-92.4444
-92.4336
-92.4228
-92.412
-92.4011
-92.3903
-92.3794
-92.3686
-92.3577
-92.3468
-92.3359
-92.325
-92.314
-92.3031
-92.2922
-92.2812
-92.2703
-92.2593
-92.2483
-92.2374
-92.2264
-92.2154
-92.2044
-92.1934
-92.1823
-92.1713
-92.1603
-92.1492
-92.1382
-92.1272
-92.1161
-92.105
-92.094
-92.0829
-92.0719
-92.0608
-92.0497
-92.0386
-92.0275
-92.0164
-92.0054
-91.9943
-91.9832
-91.9721
-91.961
-91.9499
-91.9388
-91.9277
-91.9166
-91.9055
-91.8944
-91.8833
-91.8722
-91.8611
-91.85
-91.8389
-91.8278
-91.8167
-91.8056
-91.7945
-91.7834
-91.7723
-91.7612
-91.7502
-91.7391
-91.728
-91.7169
-91.7059
-91.6948
-91.6838
-91.6727
-91.6617
-91.6506
-91.6396
-91.6285
-91.6175
-91.6065
-91.5955
-91.5845
-91.5735
-91.5625
-91.5515
-91.5405
-91.5295
-91.5186
-91.5076
-91.4967
-91.4857
-91.4748
-91.4639
-91.453
-91.4421
-91.4312
-91.4203
-91.4094
-91.3985
-91.3877
-91.3768
-91.366
-91.3552
-91.3444
-91.3336
-91.3228
-91.312
-91.3012
-91.2905
-91.2797
-91.269
-91.2583
-91.2476
-91.2369
-91.2262
-91.2156
-91.2049
-91.1943
-91.1836
-91.173
-91.1624
-91.1519
-91.1413
-91.1307
-91.1202
-91.1097
-91.0992
-91.0887
-91.0782
-91.0677
-91.0573
-91.0469
-91.0365
-91.0261
-91.0157
-91.0053
-90.995
-90.9847
-90.9743
-90.964
-90.9538
-90.9435
-90.9333
-90.923
-90.9128
-90.9027
-90.8925
-90.8823
-90.8722
-90.8621
-90.852
-90.8419
-90.8319
-90.8218
-90.8118
-90.8018
-90.7918
-90.7819
-90.7719
-90.762
-90.7521
-90.7423
-90.7324
-90.7226
-90.7127
-90.703
-90.6932
-90.6834
-90.6737
-90.664
-90.6543
-90.6446
-90.635
-90.6254
-90.6158
-90.6062
-90.5966
-90.5871
-90.5776
-90.5681
-90.5586
-90.5492
-90.5397
-90.5303
-90.5209
-90.5116
-90.5023
-90.4929
-90.4837
-90.4744
-90.4651
-90.4559
-90.4467
-90.4376
-90.4284
-90.4193
-90.4102
-90.4011
-90.3921
-90.383
-90.374
-90.365
-90.3561
-90.3472
-90.3383
-90.3294
-90.3205
-90.3117
-90.3029
-90.2941
-90.2853
-90.2766
-90.2679
-90.2592
-90.2505
-90.2419
-90.2333
-90.2247
-90.2161
-90.2076
-90.1991
-90.1906
-90.1821
-90.1737
-90.1653
-90.1569
-90.1485
-90.1402
-90.1319
-90.1236
-90.1153
-90.1071
-90.0989
-90.0907
-90.0826
-90.0744
-90.0663
-90.0583
-90.0502
-90.0422
-90.0342
-90.0262
-90.0183
-90.0103
-90.0024
-89.9946
-89.9867
-89.9789
-89.9711
-89.9633
-89.9556
-89.9479
-89.9402
-89.9325
-89.9249
-89.9173
-89.9097
-89.9021
-89.8946
-89.8871
-89.8796
-89.8722
-89.8647
-89.8573
-89.85
-89.8426
-89.8353
-89.828
-89.8207
-89.8135
-89.8063
-89.7991
-89.7919
-89.7848
-89.7777
-89.7706
-89.7635
-89.7565
-89.7495
-89.7425
-89.7355
-89.7286
-89.7217
-89.7148
-89.7079
-89.7011
-89.6943
-89.6875
-89.6808
-89.6741
-89.6674
-89.6607
-89.6541
-89.6474
-89.6408
-89.6343
-89.6277
-89.6212
-89.6147
-89.6083
-89.6018
-89.5954
-89.589
-89.5826
-89.5763
-89.57
-89.5637
-89.5574
-89.5512
-89.545
-89.5388
-89.5327
-89.5265
-89.5204
-89.5143
-89.5083
-89.5022
-89.4962
-89.4902
-89.4843
-89.4784
-89.4724
-89.4666
-89.4607
-89.4549
-89.4491
-89.4433
-89.4375
-89.4318
-89.4261
-89.4204
-89.4147
-89.4091
-89.4035
-89.3979
-89.3923
-89.3868
-89.3813
-89.3758
-89.3703
-89.3649
-89.3595
-89.3541
-89.3487
-89.3434
-89.338
-89.3327
-89.3275
-89.3222
-89.317
-89.3118
-89.3066
-89.3015
-89.2963
-89.2912
-89.2861
-89.2811
-89.276
-89.271
-89.266
-89.2611
-89.2561
-89.2512
-89.2463
-89.2414
-89.2366
-89.2317
-89.2269
-89.2222
-89.2174
-89.2127
-89.2079
-89.2032
-89.1986
-89.1939
-89.1893
-89.1847
-89.1801
-89.1756
-89.171
-89.1665
-89.162
-89.1575
-89.1531
-89.1487
-89.1442
-89.1399
-89.1355
-89.1312
-89.1268
-89.1225
-89.1183
-89.114
-89.1098
-89.1056
-89.1014
-89.0972
-89.093
-89.0889
-89.0848
-89.0807
-89.0766
-89.0726
-89.0686
-89.0646
-89.0606
-89.0566
-89.0527
-89.0487
-89.0448
-89.041
-89.0371
-89.0333
-89.0294
-89.0256
-89.0218
-89.0181
-89.0143
-89.0106
-89.0069
-89.0032
-88.9996
-88.9959
-88.9923
-88.9887
-88.9851
-88.9815
-88.978
-88.9744
-88.9709
-88.9674
-88.964
-88.9605
-88.9571
-88.9536
-88.9502
-88.9469
-88.9435
-88.9402
-88.9368
-88.9335
-88.9302
-88.927
-88.9237
-88.9205
-88.9173
-88.9141
-88.9109
-88.9077
-88.9046
-88.9014
-88.8983
-88.8952
-88.8922
-88.8891
-88.8861
-88.883
-88.88
-88.877
-88.8741
-88.8711
-88.8682
-88.8652
-88.8623
-88.8594
-88.8566
-88.8537
-88.8509
-88.848
-88.8452
-88.8424
-88.8397
-88.8369
-88.8342
-88.8314
-88.8287
-88.826
-88.8234
-88.8207
-88.818
-88.8154
-88.8128
-88.8102
-88.8076
-88.805
-88.8025
-88.7999
-88.7974
-88.7949
-88.7924
-88.7899
-88.7875
-88.785
-88.7826
-88.7802
-88.7778
-88.7754
-88.773
-88.7706
-88.7683
-88.766
-88.7636
-88.7613
-88.759
-88.7568
-88.7545
-88.7523
-88.75
-88.7478
-88.7456
-88.7434
-88.7412
-88.7391
-88.7369
-88.7348
-88.7326
-88.7305
-88.7284
-88.7264
-88.7243
-88.7222
-88.7202
-88.7181
-88.7161
-88.7141
-88.7121
-88.7101
-88.7082
-88.7062
-88.7043
-88.7024
-88.7004
-88.6985
-88.6966
-88.6948
-88.6929
-88.691
-88.6892
-88.6874
-88.6855
-88.6837
-88.6819
-88.6802
-88.6784
-88.6766
-88.6749
-88.6731
-88.6714
-88.6697
-88.668
-88.6663
-88.6646
-88.663
-88.6613
-88.6597
-88.658
-88.6564
-88.6548
-88.6532
-88.6516
-88.65
-88.6484
-88.6469
-88.6453
-88.6438
-88.6423
-88.6408
-88.6393
-88.6378
-88.6363
-88.6348
-88.6333
-88.6319
-88.6304
-88.629
-88.6276
-88.6262
-88.6248
-88.6234
-88.622
-88.6206
-88.6193
-88.6179
-88.6166
-88.6152
-88.6139
-88.6126
-88.6113
-88.61
-88.6087
-88.6074
-88.6062
-88.6049
-88.6036
-88.6024
-88.6012
-88.5999
-88.5987
-88.5975
-88.5963
-88.5951
-88.594
-88.5928
-88.5916
-88.5905
-88.5893
-88.5882
-88.5871
-88.586
-88.5848
-88.5837
-88.5827
-88.5816
-88.5805
-88.5794
-88.5784
-88.5773
-88.5763
-88.5752
-88.5742
-88.5732
-88.5722
-88.5712
-88.5702
-88.5692
-88.5682
-88.5672
-88.5663
-88.5653
-88.5643
-88.5634
-88.5625
-88.5615
-88.5606
-88.5597
-88.5588
-88.5579
-88.557
-88.5561
-88.5552
-88.5544
-88.5535
-88.5526
-88.5518
-88.551
-88.5501
-88.5493
-88.5485
-88.5477
-88.5468
-88.546
-88.5452
-88.5445
-88.5437
-88.5429
-88.5421
-88.5414
-88.5406
-88.5399
-88.5391
-88.5384
-88.5376
-88.5369
-88.5362
-88.5355
-88.5348
-88.5341
-88.5334
-88.5327
-88.532
-88.5313
-88.5307
-88.53
-88.5293
-88.5287
-88.528
-88.5274
-88.5268
-88.5261
-88.5255
-88.5249
-88.5243
-88.5237
-88.5231
-88.5225
-88.5219
-88.5213
-88.5207
-88.5201
-88.5196
-88.519
-88.5184
-88.5179
-88.5173
-88.5168
-88.5162
-88.5157
-88.5152
-88.5147
-88.5141
-88.5136
-88.5131
-88.5126
-88.5121
-88.5116
-88.5111
-88.5106
-88.5102
-88.5097
-88.5092
-88.5087
-88.5083
-88.5078
-88.5074
-88.5069
-88.5065
-88.506
-88.5056
-88.5052
-88.5047
-88.5043
-88.5039
-88.5035
-88.5031
-88.5027
-88.5023
-88.5019
-88.5015
-88.5011
-88.5007
-88.5003
-88.4999
-88.4996
-88.4992
-88.4988
-88.4985
-88.4981
-88.4978
-88.4974
-88.4971
-88.4967
-88.4964
-88.4961
-88.4957
-88.4954
-88.4951
-88.4948
-88.4944
-88.4941
-88.4938
-88.4935
-88.4932
-88.4929
-88.4926
-88.4923
-88.492
-88.4918
-88.4915
-88.4912
-88.4909
-88.4907
-88.4904
-88.4901
-88.4899
-88.4896
-88.4893
-88.4891
-88.4888
-88.4886
-88.4884
-88.4881
-88.4879
-88.4876
-88.4874
-88.4872
-88.487
-88.4867
-88.4865
-88.4863
-88.4861
-88.4859
-88.4857
-88.4855
-88.4853
-88.4851
-88.4849
-88.4847
-88.4845
-88.4843
-88.4841
-88.4839
-88.4838
-88.4836
-88.4834
-88.4832
-88.4831
-88.4829
-88.4827
-88.4826
-88.4824
-88.4823
-88.4821
-88.482
-88.4818
-88.4817
-88.4815
-88.4814
-88.4812
-88.4811
-88.481
-88.4808
-88.4807
-88.4806
-88.4804
-88.4803
-88.4802
-88.4801
-88.48
-88.4798
-88.4797
-88.4796
-88.4795
-88.4794

