-70
-52.3083
39.0029
49.9559
49.5672
48.0324
44.2258
37.0705
26.3453
13.7748
2.31132
-7.41203
-16.1963
-24.5764
-30.8271
-38.414
-54.611
-86.8614
-94.4724
-94.8415
-94.8379
-94.7405
-94.5695
-94.3364
-94.0665
-93.7906
-93.5321
-93.3034
-93.1077
-92.943
-92.8052
-92.6899
-92.5928
-92.5104
-92.4398
-92.3787
-92.3251
-92.2776
-92.2349
-92.1962
-92.1607
-92.1276
-92.0966
-92.0673
-92.0393
-92.0122
-91.986
-91.9605
-91.9354
-91.9106
-91.8862
-91.862
-91.8379
-91.8139
-91.7899
-91.7658
-91.7418
-91.7176
-91.6934
-91.6691
-91.6446
-91.62
-91.5953
-91.5704
-91.5453
-91.5201
-91.4947
-91.4691
-91.4433
-91.4173
-91.3911
-91.3647
-91.3381
-91.3114
-91.2844
-91.2572
-91.2297
-91.2021
-91.1742
-91.1461
-91.1178
-91.0893
-91.0606
-91.0316
-91.0024
-90.9729
-90.9432
-90.9133
-90.8831
-90.8528
-90.8221
-90.7913
-90.7601
-90.7287
-90.6971
-90.6652
-90.633
-90.6006
-90.568
-90.535
-90.5018
-90.4683
-90.4345
-90.4005
-90.3662
-90.3317
-90.2968
-90.2616
-90.2261
-90.1904
-90.1543
-90.118
-90.0814
-90.0444
-90.0071
-89.9695
-89.9316
-89.8933
-89.8548
-89.8159
-89.7766
-89.737
-89.6971
-89.6567
-89.6161
-89.5751
-89.5337
-89.4919
-89.4497
-89.4072
-89.3642
-89.3209
-89.2771
-89.2329
-89.1883
-89.1432
-89.0978
-89.0518
-89.0054
-88.9585
-88.9111
-88.8633
-88.815
-88.7661
-88.7167
-88.6667
-88.6163
-88.5652
-88.5136
-88.4613
-88.4085
-88.3551
-88.3009
-88.2462
-88.1907
-88.1346
-88.0777
-88.0201
-87.9617
-87.9026
-87.8426
-87.7818
-87.7201
-87.6575
-87.594
-87.5295
-87.464
-87.3975
-87.3299
-87.2611
-87.1912
-87.1201
-87.0477
-86.974
-86.8989
-86.8223
-86.7441
-86.6645
-86.5831
-86.4999
-86.4149
-86.3279
-86.2388
-86.1475
-86.0539
-85.9578
-85.8591
-85.7575
-85.653
-85.5452
-85.434
-85.3191
-85.2001
-85.0768
-84.9489
-84.8157
-84.677
-84.5322
-84.3806
-84.2215
-84.0541
-83.8776
-83.6905
-83.4917
-83.2795
-83.0521
-82.8069
-82.541
-82.2506
-81.9309
-81.5757
-81.1766
-80.722
-80.1956
-79.5731
-78.8166
-77.8627
-76.5954
-74.7713
-71.7637
-65.2639
-38.2364
48.8213
49.9479
49.5723
48.1998
44.8959
38.7128
29.2438
17.4835
5.91382
-4.11589
-13.0997
-21.7268
-29.2119
-35.962
-49.1222
-79.7778
-94.1833
-94.8334
-94.8604
-94.788
-94.6495
-94.457
-94.234
-94.0093
-93.8053
-93.6327
-93.4935
-93.3842
-93.2997
-93.2348
-93.1849
-93.1461
-93.1157
-93.0915
-93.0716
-93.0551
-93.0408
-93.0282
-93.0168
-93.0061
-92.996
-92.9863
-92.9768
-92.9673
-92.958
-92.9486
-92.9391
-92.9296
-92.92
-92.9103
-92.9005
-92.8905
-92.8805
-92.8703
-92.86
-92.8496
-92.8391
-92.8285
-92.8178
-92.8069
-92.796
-92.7849
-92.7737
-92.7625
-92.7511
-92.7396
-92.728
-92.7164
-92.7046
-92.6927
-92.6808
-92.6687
-92.6566
-92.6444
-92.6321
-92.6197
-92.6072
-92.5947
-92.5821
-92.5694
-92.5566
-92.5437
-92.5308
-92.5177
-92.5046
-92.4914
-92.4782
-92.4648
-92.4514
-92.4379
-92.4244
-92.4108
-92.3971
-92.3833
-92.3695
-92.3556
-92.3417
-92.3277
-92.3136
-92.2995
-92.2853
-92.271
-92.2567
-92.2423
-92.2279
-92.2134
-92.1988
-92.1842
-92.1695
-92.1548
-92.14
-92.1252
-92.1103
-92.0954
-92.0804
-92.0654
-92.0504
-92.0353
-92.0201
-92.0049
-91.9896
-91.9743
-91.9589
-91.9435
-91.9281
-91.9126
-91.8971
-91.8816
-91.866
-91.8504
-91.8347
-91.819
-91.8033
-91.7876
-91.7718
-91.7559
-91.74
-91.7241
-91.7082
-91.6922
-91.6762
-91.6602
-91.6442
-91.6281
-91.612
-91.5959
-91.5798
-91.5637
-91.5475
-91.5313
-91.515
-91.4988
-91.4825
-91.4662
-91.4499
-91.4336
-91.4172
-91.4009
-91.3845
-91.3681
-91.3517
-91.3354
-91.319
-91.3025
-91.2861
-91.2696
-91.2532
-91.2367
-91.2202
-91.2037
-91.1872
-91.1707
-91.1542
-91.1377
-91.1212
-91.1048
-91.0883
-91.0718
-91.0553
-91.0388
-91.0223
-91.0058
-90.9893
-90.9727
-90.9563
-90.9398
-90.9233
-90.9068
-90.8904
-90.8739
-90.8575
-90.8411
-90.8247
-90.8082
-90.7918
-90.7754
-90.7591
-90.7427
-90.7263
-90.71
-90.6937
-90.6773
-90.6611
-90.6448
-90.6286
-90.6124
-90.5962
-90.58
-90.5638
-90.5477
-90.5315
-90.5154
-90.4993
-90.4833
-90.4672
-90.4512
-90.4353
-90.4193
-90.4034
-90.3875
-90.3717
-90.3559
-90.3401
-90.3243
-90.3086
-90.2928
-90.2772
-90.2615
-90.2459
-90.2303
-90.2147
-90.1992
-90.1838
-90.1683
-90.1529
-90.1376
-90.1223
-90.107
-90.0918
-90.0766
-90.0614
-90.0463
-90.0312
-90.0161
-90.0011
-89.9862
-89.9713
-89.9564
-89.9416
-89.9268
-89.9121
-89.8974
-89.8828
-89.8682
-89.8537
-89.8392
-89.8248
-89.8104
-89.796
-89.7817
-89.7674
-89.7532
-89.7391
-89.725
-89.7109
-89.697
-89.683
-89.6692
-89.6553
-89.6416
-89.6279
-89.6143
-89.6007
-89.5871
-89.5736
-89.5602
-89.5468
-89.5335
-89.5202
-89.507
-89.4938
-89.4807
-89.4677
-89.4547
-89.4418
-89.429
-89.4162
-89.4035
-89.3909
-89.3783
-89.3658
-89.3534
-89.3409
-89.3286
-89.3163
-89.3041
-89.2919
-89.2798
-89.2678
-89.2558
-89.2439
-89.2321
-89.2203
-89.2086
-89.197
-89.1855
-89.174
-89.1626
-89.1513
-89.14
-89.1288
-89.1177
-89.1066
-89.0956
-89.0846
-89.0737
-89.0629
-89.0522
-89.0415
-89.0309
-89.0203
-89.0099
-88.9995
-88.9892
-88.9789
-88.9687
-88.9586
-88.9486
-88.9387
-88.9288
-88.919
-88.9093
-88.8996
-88.89
-88.8805
-88.871
-88.8616
-88.8523
-88.843
-88.8338
-88.8247
-88.8156
-88.8066
-88.7977
-88.7889
-88.7801
-88.7714
-88.7627
-88.7542
-88.7457
-88.7373
-88.7289
-88.7207
-88.7125
-88.7043
-88.6963
-88.6883
-88.6804
-88.6726
-88.6648
-88.6571
-88.6495
-88.642
-88.6345
-88.627
-88.6197
-88.6124
-88.6051
-88.598
-88.5909
-88.5839
-88.5769
-88.57
-88.5632
-88.5565
-88.5498
-88.5432
-88.5367
-88.5302
-88.5238
-88.5175
-88.5112
-88.505
-88.4989
-88.4929
-88.4869
-88.481
-88.4752
-88.4694
-88.4637
-88.4581
-88.4525
-88.447
-88.4416
-88.4363
-88.431
-88.4258
-88.4206
-88.4156
-88.4105
-88.4056
-88.4007
-88.3959
-88.3911
-88.3864
-88.3817
-88.3772
-88.3727
-88.3682
-88.3638
-88.3595
-88.3552
-88.351
-88.3469
-88.3428
-88.3388
-88.3348
-88.331
-88.3271
-88.3234
-88.3197
-88.3161
-88.3125
-88.309
-88.3055
-88.3021
-88.2988
-88.2955
-88.2923
-88.2892
-88.2861
-88.2831
-88.2801
-88.2772
-88.2744
-88.2716
-88.2688
-88.2662
-88.2635
-88.261
-88.2585
-88.256
-88.2537
-88.2513
-88.2491
-88.2468
-88.2447
-88.2426
-88.2405
-88.2385
-88.2366
-88.2347
-88.2328
-88.2311
-88.2293
-88.2276
-88.226
-88.2244
-88.2229
-88.2215
-88.22
-88.2187
-88.2173
-88.2161
-88.2148
-88.2137
-88.2125
-88.2115
-88.2104
-88.2095
-88.2085
-88.2076
-88.2068
-88.206
-88.2053
-88.2046
-88.2039
-88.2033
-88.2027
-88.2022
-88.2017
-88.2013
-88.2009
-88.2006
-88.2003
-88.2
-88.1998
-88.1996
-88.1995
-88.1994
-88.1993
-88.1993
-88.1993
-88.1994
-88.1995
-88.1996
-88.1998
-88.2
-88.2003
-88.2006
-88.2009
-88.2013
-88.2017
-88.2021
-88.2026
-88.2031
-88.2036
-88.2042
-88.2048
-88.2055
-88.2062
-88.2069
-88.2076
-88.2084
-88.2092
-88.2101
-88.211
-88.2119
-88.2128
-88.2138
-88.2148
-88.2158
-88.2169
-88.218
-88.2191
-88.2203
-88.2214
-88.2227
-88.2239
-88.2252
-88.2265
-88.2278
-88.2291
-88.2305
-88.2319
-88.2333
-88.2348
-88.2363
-88.2378
-88.2393
-88.2409
-88.2425
-88.2441
-88.2457
-88.2474
-88.249
-88.2507
-88.2525
-88.2542
-88.256
-88.2578
-88.2596
-88.2614
-88.2633
-88.2652
-88.2671
-88.269
-88.2709
-88.2729
-88.2749
-88.2769
-88.2789
-88.2809
-88.283
-88.2851
-88.2872
-88.2893
-88.2914
-88.2936
-88.2957
-88.2979
-88.3001
-88.3023
-88.3046
-88.3068
-88.3091
-88.3114
-88.3137
-88.316
-88.3183
-88.3207
-88.323
-88.3254
-88.3278
-88.3302
-88.3326
-88.335
-88.3375
-88.34
-88.3424
-88.3449
-88.3474
-88.3499
-88.3525
-88.355
-88.3575
-88.3601
-88.3627
-88.3653
-88.3679
-88.3705
-88.3731
-88.3757
-88.3784
-88.381
-88.3837
-88.3863
-88.389
-88.3917
-88.3944
-88.3971
-88.3999
-88.4026
-88.4053
-88.4081
-88.4108
-88.4136
-88.4164
-88.4192
-88.422
-88.4248
-88.4276
-88.4304
-88.4332
-88.436
-88.4388
-88.4416
-88.4445
-88.4473
-88.4501
-88.453
-88.4558
-88.4587
-88.4615
-88.4644
-88.4673
-88.4701
-88.473
-88.4759
-88.4788
-88.4816
-88.4845
-88.4874
-88.4903
-88.4932
-88.4961
-88.4991
-88.502
-88.5049
-88.5078
-88.5107
-88.5137
-88.5166
-88.5195
-88.5225
-88.5254
-88.5284
-88.5313
-88.5343
-88.5372
-88.5402
-88.5432
-88.5461
-88.5491
-88.5521
-88.555
-88.558
-88.561
-88.564
-88.5669
-88.5699
-88.5729
-88.5759
-88.5789
-88.5819
-88.5849
-88.5878
-88.5908
-88.5938
-88.5968
-88.5998
-88.6028
-88.6058
-88.6088
-88.6118
-88.6148
-88.6178
-88.6209
-88.6239
-88.6269
-88.6299
-88.6329
-88.6359
-88.6389
-88.6419
-88.6449
-88.6479
-88.6509
-88.6539
-88.6569
-88.66
-88.663
-88.666
-88.669
-88.672
-88.675
-88.678
-88.681
-88.6839
-88.6869
-88.6899
-88.6929
-88.6959
-88.6988
-88.7018
-88.7048
-88.7077
-88.7107
-88.7136
-88.7166
-88.7196
-88.7225
-88.7255
-88.7284
-88.7314
-88.7343
-88.7372
-88.7402
-88.7431
-88.7461
-88.749
-88.7519
-88.7548
-88.7578
-88.7607
-88.7636
-88.7665
-88.7695
-88.7724
-88.7753
-88.7782
-88.7811
-88.784
-88.7869
-88.7898
-88.7927
-88.7956
-88.7985
-88.8014
-88.8043
-88.8072
-88.8101
-88.8129
-88.8158
-88.8187
-88.8216
-88.8244
-88.8273
-88.8302
-88.833
-88.8359
-88.8388
-88.8416
-88.8445
-88.8473
-88.8502
-88.853
-88.8558
-88.8587
-88.8615
-88.8643
-88.8672
-88.87
-88.8728
-88.8756
-88.8785
-88.8813
-88.8841
-88.8869
-88.8897
-88.8925
-88.8953
-88.8981
-88.9009
-88.9037
-88.9065
-88.9092
-88.912
-88.9148
-88.9175
-88.9203
-88.923
-88.9258
-88.9285
-88.9312
-88.934
-88.9367
-88.9394
-88.9421
-88.9448
-88.9475
-88.9502
-88.9529
-88.9556
-88.9583
-88.961
-88.9637
-88.9663
-88.969
-88.9717
-88.9743
-88.977
-88.9796
-88.9823
-88.9849
-88.9875
-88.9902
-88.9928
-88.9954
-88.9981
-89.0007
-89.0033
-89.0059
-89.0085
-89.0111
-89.0137
-89.0163
-89.0189
-89.0215
-89.0241
-89.0266
-89.0292
-89.0318
-89.0343
-89.0369
-89.0395
-89.042
-89.0446
-89.0471
-89.0497
-89.0522
-89.0547
-89.0573
-89.0598
-89.0623
-89.0648
-89.0674
-89.0699
-89.0724
-89.0749
-89.0774
-89.0799
-89.0824
-89.0848
-89.0873
-89.0898
-89.0923
-89.0948
-89.0972
-89.0997
-89.1021
-89.1046
-89.1071
-89.1095
-89.1119
-89.1144
-89.1168
-89.1193
-89.1217
-89.1241
-89.1265
-89.1289
-89.1314
-89.1338
-89.1362
-89.1386
-89.141
-89.1434
-89.1457
-89.1481
-89.1505
-89.1529
-89.1553
-89.1576
-89.16
-89.1623
-89.1647
-89.167
-89.1693
-89.1716
-89.174
-89.1763
-89.1786
-89.1809
-89.1832
-89.1855
-89.1878
-89.1901
-89.1923
-89.1946
-89.1969
-89.1992
-89.2014
-89.2037
-89.2059
-89.2082
-89.2104
-89.2127
-89.2149
-89.2171
-89.2194
-89.2216
-89.2238
-89.226
-89.2282
-89.2305
-89.2327
-89.2349
-89.237
-89.2392
-89.2414
-89.2436
-89.2458
-89.248
-89.2501
-89.2523
-89.2545
-89.2566
-89.2588
-89.2609
-89.2631
-89.2652
-89.2674
-89.2695
-89.2716
-89.2737
-89.2759
-89.278
-89.2801
-89.2822
-89.2843
-89.2864
-89.2885
-89.2906
-89.2927
-89.2948
-89.2969
-89.299
-89.301
-89.3031
-89.3052
-89.3072
-89.3093
-89.3114
-89.3134
-89.3155
-89.3175
-89.3195
-89.3216
-89.3236
-89.3257
-89.3277
-89.3297
-89.3317
-89.3337
-89.3357
-89.3378
-89.3398
-89.3418
-89.3438
-89.3457
-89.3477
-89.3497
-89.3517
-89.3537
-89.3557
-89.3576
-89.3596
-89.3616
-89.3635
-89.3655
-89.3674
-89.3694
-89.3713
-89.3732
-89.3752
-89.3771
-89.379
-89.381
-89.3829
-89.3848
-89.3867
-89.3886
-89.3906
-89.3925
-89.3944
-89.3962
-89.3981
-89.4
-89.4019
-89.4038
-89.4056
-89.4075
-89.4094
-89.4112
-89.4131
-89.4149
-89.4167
-89.4186
-89.4204
-89.4222
-89.4241
-89.4259
-89.4277
-89.4295
-89.4313
-89.4331
-89.4349
-89.4367
-89.4385
-89.4403
-89.4421
-89.4439
-89.4457
-89.4474
-89.4492
-89.451
-89.4527
-89.4545
-89.4562
-89.458
-89.4598
-89.4615
-89.4632
-89.465
-89.4667
-89.4685
-89.4702
-89.4719
-89.4736
-89.4754
-89.4771
-89.4788
-89.4805
-89.4822
-89.4839
-89.4856
-89.4873
-89.489
-89.4907
-89.4924
-89.4941
-89.4957
-89.4974
-89.4991
-89.5008
-89.5024
-89.5041
-89.5057
-89.5074
-89.5091
-89.5107
-89.5124
-89.514
-89.5156
-89.5173
-89.5189
-89.5205
-89.5222
-89.5238
-89.5254
-89.527
-89.5287
-89.5303
-89.5319
-89.5335
-89.5351
-89.5367
-89.5383
-89.5399
-89.5415
-89.5431
-89.5446
-89.5462
-89.5478
-89.5494
-89.5509
-89.5525
-89.5541
-89.5556
-89.5572
-89.5588
-89.5603
-89.5619
-89.5634
-89.565
-89.5665
-89.568
-89.5696
-89.5711
-89.5726
-89.5742
-89.5757
-89.5772
-89.5787
-89.5802
-89.5818
-89.5833
-89.5848
-89.5863
-89.5878
-89.5893
-89.5908
-89.5923
-89.5937
-89.5952
-89.5967
-89.5982
-89.5997
-89.6012
-89.6026
-89.6041
-89.6056
-89.607
-89.6085
-89.6099
-89.6114
-89.6128
-89.6143
-89.6157
-89.6172
-89.6186
-89.6201
-89.6215
-89.6229
-89.6244
-89.6258
-89.6272
-89.6286
-89.6301
-89.6315
-89.6329
-89.6343
-89.6357
-89.6371
-89.6385
-89.6399
-89.6413
-89.6427
-89.6441
-89.6454
-89.6468
-89.6482
-89.6496
-89.6509
-89.6523
-89.6536
-89.655
-89.6564
-89.6577
-89.6591
-89.6604
-89.6617
-89.6631
-89.6644
-89.6658
-89.6671
-89.6684
-89.6697
-89.6711
-89.6724
-89.6737
-89.675
-89.6763
-89.6776
-89.6789
-89.6802
-89.6816
-89.6829
-89.6841
-89.6854
-89.6867
-89.688
-89.6893
-89.6906
-89.6919
-89.6932
-89.6944
-89.6957
-89.697
-89.6982
-89.6995
-89.7008
-89.702
-89.7033
-89.7046
-89.7058
-89.7071
-89.7083
-89.7096
-89.7108
-89.7121
-89.7133
-89.7145
-89.7158
-89.717
-89.7182
-89.7195
-89.7207
-89.7219
-89.7231
-89.7243
-89.7256
-89.7268
-89.728
-89.7292
-89.7304
-89.7316
-89.7328
-89.734
-89.7352
-89.7364
-89.7376
-89.7388
-89.74
-89.7412
-89.7423
-89.7435
-89.7447
-89.7459
-89.7471
-89.7482
-89.7494
-89.7506
-89.7517
-89.7529
-89.7541
-89.7552
-89.7564
-89.7575
-89.7587
-89.7598
-89.761
-89.7621
-89.7633
-89.7644
-89.7655
-89.7667
-89.7678
-89.7689
-89.7701
-89.7712
-89.7723
-89.7735
-89.7746
-89.7757
-89.7768
-89.7779
-89.779
-89.7802
-89.7813
-89.7824
-89.7835
-89.7846
-89.7857
-89.7868
-89.7879
-89.789
-89.7901
-89.7911
-89.7922
-89.7933
-89.7944
-89.7955
-89.7966
-89.7976
-89.7987
-89.7998
-89.8009
-89.8019
-89.803
-89.8041
-89.8051
-89.8062
-89.8072
-89.8083
-89.8094
-89.8104
-89.8115
-89.8125
-89.8136
-89.8146
-89.8156
-89.8167
-89.8177
-89.8188
-89.8198
-89.8208
-89.8219
-89.8229
-89.8239
-89.8249
-89.826
-89.827
-89.828
-89.829
-89.83
-89.8311
-89.8321
-89.8331
-89.8341
-89.8351
-89.8361
-89.8371
-89.8381
-89.8391
-89.8401
-89.8411
-89.8421
-89.8431
-89.8441
-89.8451
-89.846
-89.847
-89.848
-89.849
-89.85
-89.8509
-89.8519
-89.8529
-89.8539
-89.8548
-89.8558
-89.8568
-89.8577
-89.8587
-89.8596
-89.8606
-89.8616
-89.8625
-89.8635
-89.8644
-89.8654
-89.8663
-89.8673
-89.8682
-89.8691
-89.8701
-89.871
-89.872
-89.8729
-89.8738
-89.8748
-89.8757
-89.8766
-89.8775
-89.8785
-89.8794
-89.8803
-89.8812
-89.8821
-89.883
-89.884
-89.8849
-89.8858
-89.8867
-89.8876
-89.8885
-89.8894
-89.8903
-89.8912
-89.892
-89.8929
-89.8938
-89.8947
-89.8956
-89.8965
-89.8974
-89.8982
-89.8991
-89.9
-89.9009
-89.9017
-89.9026
-89.9035
-89.9043
-89.9052
-89.9061
-89.9069
-89.9078
-89.9086
-89.9095
-89.9103
-89.9112
-89.912
-89.9129
-89.9137
-89.9146
-89.9154
-89.9163
-89.9171
-89.918
-89.9188
-89.9196
-89.9205
-89.9213
-89.9221
-89.923
-89.9238
-89.9246
-89.9255
-89.9263
-89.9271
-89.9279
-89.9287
-89.9296
-89.9304
-89.9312
-89.932
-89.9328
-89.9336
-89.9344
-89.9352
-89.9361
-89.9369
-89.9377
-89.9385
-89.9393
-89.9401
-89.9409
-89.9417
-89.9425
-89.9432
-89.944
-89.9448
-89.9456
-89.9464
-89.9472
-89.948
-89.9488
-89.9495
-89.9503
-89.9511
-89.9519
-89.9526
-89.9534
-89.9542
-89.955
-89.9557
-89.9565
-89.9573
-89.958
-89.9588
-89.9596
-89.9603
-89.9611
-89.9618
-89.9626
-89.9633
-89.9641
-89.9649
-89.9656
-89.9664
-89.9671
-89.9679
-89.9686
-89.9693
-89.9701
-89.9708
-89.9716
-89.9723
-89.973
-89.9738
-89.9745
-89.9752
-89.976
-89.9767
-89.9774
-89.9782
-89.9789
-89.9796
-89.9803
-89.9811
-89.9818
-89.9825
-89.9832
-89.9839
-89.9847
-89.9854
-89.9861
-89.9868
-89.9875
-89.9882
-89.9889
-89.9896
-89.9903
-89.991
-89.9917
-89.9924
-89.9931
-89.9938
-89.9945
-89.9952
-89.9959
-89.9966
-89.9973
-89.998
-89.9987
-89.9994
-90.0001
-90.0008
-90.0014
-90.0021
-90.0028
-90.0035
-90.0042
-90.0048
-90.0055
-90.0062
-90.0069
-90.0075
-90.0082
-90.0089
-90.0096
-90.0102
-90.0109
-90.0116
-90.0122
-90.0129
-90.0135
-90.0142
-90.0149
-90.0155
-90.0162
-90.0168
-90.0175
-90.0181
-90.0188
-90.0194
-90.0201
-90.0207
-90.0214
-90.022
-90.0227
-90.0233
-90.024
-90.0246
-90.0253
-90.0259
-90.0265
-90.0272
-90.0278
-90.0284
-90.0291
-90.0297
-90.0303
-90.031
-90.0316
-90.0322
-90.0328
-90.0335
-90.0341
-90.0347
-90.0353
-90.036
-90.0366
-90.0372
-90.0378
-90.0384
-90.039
-90.0397
-90.0403
-90.0409
-90.0415
-90.0421
-90.0427
-90.0433
-90.0439
-90.0445
-90.0451
-90.0457
-90.0463
-90.0469
-90.0475
-90.0481
-90.0487
-90.0493
-90.0499
-90.0505
-90.0511
-90.0517
-90.0523
-90.0529
-90.0535
-90.0541
-90.0546
-90.0552
-90.0558
-90.0564
-90.057
-90.0576
-90.0581
-90.0587
-90.0593
-90.0599
-90.0604
-90.061
-90.0616
-90.0622
-90.0627
-90.0633
-90.0639
-90.0644
-90.065
-90.0656
-90.0661
-90.0667
-90.0673
-90.0678
-90.0684
-90.0689
-90.0695
-90.0701
-90.0706
-90.0712
-90.0717
-90.0723
-90.0728
-90.0734
-90.0739
-90.0745
-90.075
-90.0756
-90.0761
-90.0767
-90.0772
-90.0777
-90.0783
-90.0788
-90.0794
-90.0799
-90.0804
-90.081
-90.0815
-90.0821
-90.0826
-90.0831
-90.0836
-90.0842
-90.0847
-90.0852
-90.0858
-90.0863
-90.0868
-90.0873
-90.0879
-90.0884
-90.0889
-90.0894
-90.09
-90.0905
-90.091
-90.0915
-90.092
-90.0925
-90.0931
-90.0936
-90.0941
-90.0946
-90.0951
-90.0956
-90.0961
-90.0966
-90.0971
-90.0976
-90.0981
-90.0986
-90.0991
-90.0996
-90.1002
-90.1006
-90.1011
-90.1016
-90.1021
-90.1026
-90.1031
-90.1036
-90.1041
-90.1046
-90.1051
-90.1056
-90.1061
-90.1066
-90.1071
-90.1076
-90.108
-90.1085
-90.109
-90.1095
-90.11
-90.1105
-90.1109
-90.1114
-90.1119
-90.1124
-90.1128
-90.1133
-90.1138
-90.1143
-90.1147
-90.1152
-90.1157
-90.1162
-90.1166
-90.1171
-90.1176
-90.118
-90.1185
-90.119
-90.1194
-90.1199
-90.1204
-90.1208
-90.1213
-90.1217
-90.1222
-90.1227
-90.1231
-90.1236
-90.124
-90.1245
-90.1249
-90.1254
-90.1258
-90.1263
-90.1267
-90.1272
-90.1276
-90.1281
-90.1285
-90.1289
-90.1294
-90.1298
-90.1303
-90.1307
-90.1311
-90.1316
-90.132
-90.1324
-90.1329
-90.1333
-90.1337
-90.1342
-90.1346
-90.135
-90.1355
-90.1359
-90.1363
-90.1368
-90.1372
-90.1376
-90.138
-90.1385
-90.1389
-90.1393
-90.1397
-90.1401
-90.1406
-90.141
-90.1414
-90.1418
-90.1422
-90.1426
-90.1431
-90.1435
-90.1439
-90.1443
-90.1447
-90.1451
-90.1455
-90.1459
-90.1463
-90.1468
-90.1472
-90.1476
-90.148
-90.1484
-90.1488
-90.1492
-90.1496
-90.15
-90.1504
-90.1508
-90.1512
-90.1516
-90.152
-90.1524
-90.1528
-90.1532
-90.1536
-90.154
-90.1543
-90.1547
-90.1551
-90.1555
-90.1559
-90.1563
-90.1567
-90.1571
-90.1575
-90.1578
-90.1582
-90.1586
-90.159
-90.1594
-90.1598
-90.1601
-90.1605
-90.1609
-90.1613
-90.1617
-90.162
-90.1624
-90.1628
-90.1632
-90.1635
-90.1639
-90.1643
-90.1647
-90.165
-90.1654
-90.1658
-90.1661
-90.1665
-90.1669
-90.1673
-90.1676
-90.168
-90.1684
-90.1687
-90.1691
-90.1694
-90.1698
-90.1702
-90.1705
-90.1709
-90.1712
-90.1716
-90.172
-90.1723
-90.1727
-90.173
-90.1734
-90.1737
-90.1741
-90.1744
-90.1748
-90.1752
-90.1755
-90.1759
-90.1762
-90.1766
-90.1769
-90.1772
-90.1776
-90.1779
-90.1783
-90.1786
-90.179
-90.1793
-90.1797
-90.18
-90.1803
-90.1807
-90.181
-90.1814
-90.1817
-90.182
-90.1824
-90.1827
-90.183
-90.1834
-90.1837
-90.1841
-90.1844
-90.1847
-90.185
-90.1854
-90.1857
-90.186
-90.1864
-90.1867
-90.187
-90.1874
-90.1877
-90.188
-90.1883
-90.1887
-90.189
-90.1893
-90.1896
-90.1899
-90.1903
-90.1906
-90.1909
-90.1912
-90.1915
-90.1919
-90.1922
-90.1925
-90.1928
-90.1931
-90.1934
-90.1938
-90.1941
-90.1944
-90.1947
-90.195
-90.1953
-90.1956
-90.1959
-90.1962
-90.1965
-90.1969
-90.1972
-90.1975
-90.1978
-90.1981
-90.1984
-90.1987
-90.199
-90.1993
-90.1996
-90.1999
-90.2002
-90.2005
-90.2008
-90.2011
-90.2014
-90.2017
-90.202
-90.2023
-90.2026
-90.2029
-90.2032
-90.2035
-90.2037
-90.204
-90.2043
-90.2046
-90.2049
-90.2052
-90.2055
-90.2058
-90.2061
-90.2064
-90.2066
-90.2069
-90.2072
-90.2075
-90.2078
-90.2081
-90.2083
-90.2086
-90.2089
-90.2092
-90.2095
-90.2097
-90.21
-90.2103
-90.2106
-90.2109
-90.2111
-90.2114
-90.2117
-90.212
-90.2122
-90.2125
-90.2128
-90.2131
-90.2133
-90.2136
-90.2139
-90.2141
-90.2144
-90.2147
-90.215
-90.2152
-90.2155
-90.2158
-90.216
-90.2163
-90.2166
-90.2168
-90.2171
-90.2173
-90.2176
-90.2179
-90.2181
-90.2184
-90.2187
-90.2189
-90.2192
-90.2194
-90.2197
-90.2199
-90.2202
-90.2205
-90.2207
-90.221
-90.2212
-90.2215
-90.2217
-90.222
-90.2222
-90.2225
-90.2227
-90.223
-90.2232
-90.2235
-90.2237
-90.224
-90.2242
-90.2245
-90.2247
-90.225
-90.2252
-90.2255
-90.2257
-90.226
-90.2262
-90.2264
-90.2267
-90.2269
-90.2272
-90.2274
-90.2277
-90.2279
-90.2281
-90.2284
-90.2286
-90.2288
-90.2291
-90.2293
-90.2296
-90.2298
-90.23
-90.2303
-90.2305
-90.2307
-90.231
-90.2312
-90.2314
-90.2317
-90.2319
-90.2321
-90.2323
-90.2326
-90.2328
-90.233
-90.2333
-90.2335
-90.2337
-90.2339
-90.2342
-90.2344
-90.2346
-90.2348
-90.235
-90.2353
-90.2355
-90.2357
-90.2359
-90.2362
-90.2364
-90.2366
-90.2368
-90.237
-90.2373
-90.2375
-90.2377
-90.2379
-90.2381
-90.2383
-90.2385
-90.2388
-90.239
-90.2392
-90.2394
-90.2396
-90.2398
-90.24
-90.2402
-90.2405
-90.2407
-90.2409
-90.2411
-90.2413
-90.2415
-90.2417
-90.2419
-90.2421
-90.2423
-90.2425
-90.2427
-90.2429
-90.2431
-90.2433
-90.2435
-90.2437
-90.2439
-90.2441
-90.2443
-90.2445
-90.2447
-90.2449
-90.2451
-90.2453
-90.2455
-90.2457
-90.2459
-90.2461
-90.2463
-90.2465
-90.2467
-90.2469
-90.2471
-90.2473
-90.2475
-90.2477
-90.2479
-90.2481
-90.2482
-90.2484
-90.2486
-90.2488
-90.249
-90.2492
-90.2494
-90.2496
-90.2498
-90.2499
-90.2501
-90.2503
-90.2505
-90.2507
-90.2509
-90.251
-90.2512
-90.2514
-90.2516
-90.2518
-90.252
-90.2521
-90.2523
-90.2525
-90.2527
-90.2529
-90.253
-90.2532
-90.2534
-90.2536
-90.2537
-90.2539
-90.2541
-90.2543
-90.2544
-90.2546
-90.2548
-90.255
-90.2551
-90.2553
-90.2555
-90.2556
-90.2558
-90.256
-90.2562
-90.2563
-90.2565
-90.2567
-90.2568
-90.257
-90.2572
-90.2573
-90.2575
-90.2577
-90.2578
-90.258
-90.2582
-90.2583
-90.2585
-90.2586
-90.2588
-90.259
-90.2591
-90.2593
-90.2594
-90.2596
-90.2598
-90.2599
-90.2601
-90.2602
-90.2604
-90.2606
-90.2607
-90.2609
-90.261
-90.2612
-90.2613
-90.2615
-90.2616
-90.2618
-90.262
-90.2621
-90.2623
-90.2624
-90.2626
-90.2627
-90.2629
-90.263
-90.2632
-90.2633
-90.2635
-90.2636
-90.2638
-90.2639
-90.2641
-90.2642
-90.2643
-90.2645
-90.2646
-90.2648
-90.2649
-90.2651
-90.2652
-90.2654
-90.2655
-90.2656
-90.2658
-90.2659
-90.2661
-90.2662
-90.2663
-90.2665
-90.2666
-90.2668
-90.2669
-90.267
-90.2672
-90.2673
-90.2675
-90.2676
-90.2677
-90.2679
-90.268
-90.2681
-90.2683
-90.2684
-90.2685
-90.2687
-90.2688
-90.2689
-90.2691
-90.2692
-90.2693
-90.2695
-90.2696
-90.2697
-90.2698
-90.27
-90.2701
-90.2702
-90.2704
-90.2705
-90.2706
-90.2707
-90.2709
-90.271
-90.2711
-90.2712
-90.2714
-90.2715
-90.2716
-90.2717
-90.2719
-90.272
-90.2721
-90.2722
-90.2723
-90.2725
-90.2726
-90.2727
-90.2728
-90.2729
-90.2731
-90.2732
-90.2733
-90.2734
-90.2735
-90.2736
-90.2738
-90.2739
-90.274
-90.2741
-90.2742
-90.2743
-90.2744
-90.2746
-90.2747
-90.2748
-90.2749
-90.275
-90.2751
-90.2752
-90.2753
-90.2755
-90.2756
-90.2757
-90.2758
-90.2759
-90.276
-90.2761
-90.2762
-90.2763
-90.2764
-90.2765
-90.2766
-90.2767
-90.2768
-90.277
-90.2771
-90.2772
-90.2773
-90.2774
-90.2775
-90.2776
-90.2777
-90.2778
-90.2779
-90.278
-90.2781
-90.2782
-90.2783
-90.2784
-90.2785
-90.2786
-90.2787
-90.2788
-90.2789
-90.279
-90.2791
-90.2792
-90.2792
-90.2793
-90.2794
-90.2795
-90.2796
-90.2797
-90.2798
-90.2799
-90.28
-90.2801
-90.2802
-90.2803
-90.2804
-90.2805
-90.2805
-90.2806
-90.2807
-90.2808
-90.2809
-90.281
-90.2811
-90.2812
-90.2813
-90.2813
-90.2814
-90.2815
-90.2816
-90.2817
-90.2818
-90.2819
-90.2819
-90.282
-90.2821
-90.2822
-90.2823
-90.2824
-90.2824
-90.2825
-90.2826
-90.2827
-90.2828
-90.2828
-90.2829
-90.283
-90.2831
-90.2832
-90.2832
-90.2833
-90.2834
-90.2835
-90.2836
-90.2836
-90.2837
-90.2838
-90.2839
-90.2839
-90.284
-90.2841
-90.2842
-90.2842
-90.2843
-90.2844
-90.2845
-90.2845
-90.2846
-90.2847
-90.2847
-90.2848
-90.2849
-90.285
-90.285
-90.2851
-90.2852
-90.2852
-90.2853
-90.2854
-90.2854
-90.2855
-90.2856
-90.2856
-90.2857
-90.2858
-90.2858
-90.2859
-90.286
-90.286
-90.2861
-90.2862
-90.2862
-90.2863
-90.2863
-90.2864
-90.2865
-90.2865
-90.2866
-90.2867
-90.2867
-90.2868
-90.2868
-90.2869
-90.287
-90.287
-90.2871
-90.2871
-90.2872
-90.2873
-90.2873
-90.2874
-90.2874
-90.2875
-90.2875
-90.2876
-90.2876
-90.2877
-90.2878
-90.2878
-90.2879
-90.2879
-90.288
-90.288
-90.2881
-90.2881
-90.2882
-90.2882
-90.2883
-90.2883
-90.2884
-90.2884
-90.2885
-90.2885
-90.2886
-90.2886
-90.2887
-90.2887
-90.2888
-90.2888
-90.2889
-90.2889
-90.289
-90.289
-90.2891
-90.2891
-90.2892
-90.2892
-90.2892
-90.2893
-90.2893
-90.2894
-90.2894
-90.2895
-90.2895
-90.2895
-90.2896
-90.2896
-90.2897
-90.2897
-90.2898
-90.2898
-90.2898
-90.2899
-90.2899
-90.29
-90.29
-90.29
-90.2901
-90.2901
-90.2901
-90.2902
-90.2902
-90.2903
-90.2903
-90.2903
-90.2904
-90.2904
-90.2904
-90.2905
-90.2905
-90.2905
-90.2906
-90.2906
-90.2906
-90.2907
-90.2907
-90.2907
-90.2908
-90.2908
-90.2908
-90.2909
-90.2909
-90.2909
-90.2909
-90.291
-90.291
-90.291
-90.2911
-90.2911
-90.2911
-90.2911
-90.2912
-90.2912
-90.2912
-90.2913
-90.2913
-90.2913
-90.2913
-90.2914
-90.2914
-90.2914
-90.2914
-90.2915
-90.2915
-90.2915
-90.2915
-90.2915
-90.2916
-90.2916
-90.2916
-90.2916
-90.2917
-90.2917
-90.2917
-90.2917
-90.2917
-90.2918
-90.2918
-90.2918
-90.2918
-90.2918
-90.2918
-90.2919
-90.2919
-90.2919
-90.2919
-90.2919
-90.2919
-90.292
-90.292
-90.292
-90.292
-90.292
-90.292
-90.2921
-90.2921
-90.2921
-90.2921
-90.2921
-90.2921
-90.2921
-90.2921
-90.2922
-90.2922
-90.2922
-90.2922
-90.2922
-90.2922
-90.2922
-90.2922
-90.2922
-90.2922
-90.2923
-90.2923
-90.2923
-90.2923
-90.2923
-90.2923
-90.2923
-90.2923
-90.2923
-90.2923
-90.2923
-90.2923
-90.2923
-90.2923
-90.2923
-90.2923
-90.2924
-90.2924
-90.2924
-90.2924
-90.2924
-90.2924
-90.2924
-90.2924
-90.2924
-90.2924
-90.2924
-90.2924
-90.2924
-90.2924
-90.2924
-90.2924
-90.2924
-90.2924
-90.2924
-90.2924
-90.2924
-90.2924
-90.2924
-90.2924
-90.2924
-90.2924
-90.2924
-90.2923
-90.2923
-90.2923
-90.2923
-90.2923
-90.2923
-90.2923
-90.2923
-90.2923
-90.2923
-90.2923
-90.2923
-90.2923
-90.2923
-90.2923
-90.2923
-90.2922
-90.2922
-90.2922
-90.2922
-90.2922
-90.2922
-90.2922
-90.2922
-90.2922
-90.2922
-90.2921
-90.2921
-90.2921
-90.2921
-90.2921
-90.2921
-90.2921
-90.2921
-90.292
-90.292
-90.292
-90.292
-90.292
-90.292
-90.292
-90.2919
-90.2919
-90.2919
-90.2919
-90.2919
-90.2919
-90.2918
-90.2918
-90.2918
-90.2918
-90.2918
-90.2918
-90.2917
-90.2917
-90.2917
-90.2917
-90.2917
-90.2916
-90.2916
-90.2916
-90.2916
-90.2916
-90.2915
-90.2915
-90.2915
-90.2915
-90.2915
-90.2914
-90.2914
-90.2914
-90.2914
-90.2913
-90.2913
-90.2913
-90.2913
-90.2912
-90.2912
-90.2912
-90.2912
-90.2911
-90.2911
-90.2911
-90.2911
-90.291
-90.291
-90.291
-90.2909
-90.2909
-90.2909
-90.2909
-90.2908
-90.2908
-90.2908
-90.2907
-90.2907
-90.2907
-90.2907
-90.2906
-90.2906
-90.2906
-90.2905
-90.2905
-90.2905
-90.2904
-90.2904
-90.2904
-90.2903
-90.2903
-90.2903
-90.2902
-90.2902
-90.2902
-90.2901
-90.2901
-90.2901
-90.29
-90.29
-90.29
-90.2899
-90.2899
-90.2898
-90.2898
-90.2898
-90.2897
-90.2897
-90.2897
-90.2896
-90.2896
-90.2895
-90.2895
-90.2895
-90.2894
-90.2894
-90.2893
-90.2893
-90.2893
-90.2892
-90.2892
-90.2891
-90.2891
-90.2891
-90.289
-90.289
-90.2889
-90.2889
-90.2888
-90.2888
-90.2888
-90.2887
-90.2887
-90.2886
-90.2886
-90.2885
-90.2885
-90.2884
-90.2884
-90.2884
-90.2883
-90.2883
-90.2882
-90.2882
-90.2881
-90.2881
-90.288
-90.288
-90.2879
-90.2879
-90.2878
-90.2878
-90.2877
-90.2877
-90.2876
-90.2876
-90.2875
-90.2875
-90.2874
-90.2874
-90.2873
-90.2873
-90.2872
-90.2872
-90.2871
-90.2871
-90.287
-90.287
-90.2869
-90.2869
-90.2868
-90.2868
-90.2867
-90.2866
-90.2866
-90.2865
-90.2865
-90.2864
-90.2864
-90.2863
-90.2863
-90.2862
-90.2861
-90.2861
-90.286
-90.286
-90.2859
-90.2859
-90.2858
-90.2857
-90.2857
-90.2856
-90.2856
-90.2855
-90.2855
-90.2854
-90.2853
-90.2853
-90.2852
-90.2852
-90.2851
-90.285
-90.285
-90.2849
-90.2848
-90.2848
-90.2847
-90.2847
-90.2846
-90.2845
-90.2845
-90.2844
-90.2843
-90.2843
-90.2842
-90.2842
-90.2841
-90.284
-90.284
-90.2839
-90.2838
-90.2838
-90.2837
-90.2836
-90.2836
-90.2835
-90.2834
-90.2834
-90.2833
-90.2832
-90.2832
-90.2831
-90.283
-90.283
-90.2829
-90.2828
-90.2827
-90.2827
-90.2826
-90.2825
-90.2825
-90.2824
-90.2823
-90.2823
-90.2822
-90.2821
-90.282
-90.282
-90.2819
-90.2818
-90.2818
-90.2817
-90.2816
-90.2815
-90.2815
-90.2814
-90.2813
-90.2812
-90.2812
-90.2811
-90.281
-90.2809
-90.2809
-90.2808
-90.2807
-90.2806
-90.2806
-90.2805
-90.2804
-90.2803
-90.2803
-90.2802
-90.2801
-90.28
-90.2799
-90.2799
-90.2798
-90.2797
-90.2796
-90.2796
-90.2795
-90.2794
-90.2793
-90.2792
-90.2792
-90.2791
-90.279
-90.2789
-90.2788
-90.2787
-90.2787
-90.2786
-90.2785
-90.2784
-90.2783
-90.2783
-90.2782
-90.2781
-90.278
-90.2779
-90.2778
-90.2778
-90.2777
-90.2776
-90.2775
-90.2774
-90.2773
-90.2772
-90.2772
-90.2771
-90.277
-90.2769
-90.2768
-90.2767
-90.2766
-90.2766
-90.2765
-90.2764
-90.2763
-90.2762
-90.2761
-90.276
-90.2759
-90.2759
-90.2758
-90.2757
-90.2756
-90.2755
-90.2754
-90.2753
-90.2752
-90.2751
-90.275
-90.275
-90.2749
-90.2748
-90.2747
-90.2746
-90.2745
-90.2744
-90.2743
-90.2742
-90.2741
-90.274
-90.2739
-90.2738
-90.2738
-90.2737
-90.2736
-90.2735
-90.2734
-90.2733
-90.2732
-90.2731
-90.273
-90.2729
-90.2728
-90.2727
-90.2726
-90.2725
-90.2724
-90.2723
-90.2722
-90.2721
-90.272
-90.2719
-90.2718
-90.2717
-90.2716
-90.2715
-90.2714
-90.2713
-90.2712
-90.2711
-90.271
-90.2709
-90.2708
-90.2707
-90.2706
-90.2705
-90.2704
-90.2703
-90.2702
-90.2701
-90.27
-90.2699
-90.2698
-90.2697
-90.2696
-90.2695
-90.2694
-90.2693
-90.2692
-90.2691
-90.269
-90.2689
-90.2688
-90.2687
-90.2686
-90.2685
-90.2684
-90.2683
-90.2682
-90.2681
-90.268
-90.2679
-90.2677
-90.2676
-90.2675
-90.2674
-90.2673
-90.2672
-90.2671
-90.267
-90.2669
-90.2668
-90.2667
-90.2666
-90.2665
-90.2663
-90.2662
-90.2661
-90.266
-90.2659
-90.2658
-90.2657
-90.2656
-90.2655
-90.2654
-90.2652
-90.2651
-90.265
-90.2649
-90.2648
-90.2647
-90.2646
-90.2645
-90.2643
-90.2642
-90.2641
-90.264
-90.2639
-90.2638
-90.2637
-90.2636
-90.2634
-90.2633
-90.2632
-90.2631
-90.263
-90.2629
-90.2628
-90.2626
-90.2625
-90.2624
-90.2623
-90.2622
-90.2621
-90.2619
-90.2618
-90.2617
-90.2616
-90.2615
-90.2614
-90.2612
-90.2611
-90.261
-90.2609
-90.2608
-90.2606
-90.2605
-90.2604
-90.2603
-90.2602
-90.26
-90.2599
-90.2598
-90.2597
-90.2596
-90.2594
-90.2593
-90.2592
-90.2591
-90.259
-90.2588
-90.2587
-90.2586
-90.2585
-90.2583
-90.2582
-90.2581
-90.258
-90.2579
-90.2577
-90.2576
-90.2575
-90.2574
-90.2572
-90.2571
-90.257
-90.2569
-90.2567
-90.2566
-90.2565
-90.2564
-90.2562
-90.2561
-90.256
-90.2558
-90.2557
-90.2556
-90.2555
-90.2553
-90.2552
-90.2551
-90.255
-90.2548
-90.2547
-90.2546
-90.2544
-90.2543
-90.2542
-90.2541
-90.2539
-90.2538
-90.2537
-90.2535
-90.2534
-90.2533
-90.2531
-90.253
-90.2529
-90.2528
-90.2526
-90.2525
-90.2524
-90.2522
-90.2521
-90.252
-90.2518
-90.2517
-90.2516
-90.2514
-90.2513
-90.2512
-90.251
-90.2509
-90.2508
-90.2506
-90.2505
-90.2504
-90.2502
-90.2501
-90.25
-90.2498
-90.2497
-90.2496
-90.2494
-90.2493
-90.2491
-90.249
-90.2489
-90.2487
-90.2486
-90.2485
-90.2483
-90.2482
-90.248
-90.2479
-90.2478
-90.2476
-90.2475
-90.2474
-90.2472
-90.2471
-90.2469
-90.2468
-90.2467
-90.2465
-90.2464
-90.2462
-90.2461
-90.246
-90.2458
-90.2457
-90.2455
-90.2454
-90.2453
-90.2451
-90.245
-90.2448
-90.2447
-90.2445
-90.2444
-90.2443
-90.2441
-90.244
-90.2438
-90.2437
-90.2435
-90.2434
-90.2433
-90.2431
-90.243
-90.2428
-90.2427
-90.2425
-90.2424
-90.2422
-90.2421
-90.242
-90.2418
-90.2417
-90.2415
-90.2414
-90.2412
-90.2411
-90.2409
-90.2408
-90.2406
-90.2405
-90.2403
-90.2402
-90.24
-90.2399
-90.2398
-90.2396
-90.2395
-90.2393
-90.2392
-90.239
-90.2389
-90.2387
-90.2386
-90.2384
-90.2383
-90.2381
-90.238
-90.2378
-90.2377
-90.2375
-90.2374
-90.2372
-90.2371
-90.2369
-90.2368
-90.2366
-90.2364
-90.2363
-90.2361
-90.236
-90.2358
-90.2357
-90.2355
-90.2354
-90.2352
-90.2351
-90.2349
-90.2348
-90.2346
-90.2345
-90.2343
-90.2341
-90.234
-90.2338
-90.2337
-90.2335
-90.2334
-90.2332
-90.2331
-90.2329
-90.2327
-90.2326
-90.2324
-90.2323
-90.2321
-90.232
-90.2318
-90.2316
-90.2315
-90.2313
-90.2312
-90.231
-90.2309
-90.2307
-90.2305
-90.2304
-90.2302
-90.2301
-90.2299
-90.2297
-90.2296
-90.2294
-90.2293
-90.2291
-90.2289
-90.2288
-90.2286
-90.2285
-90.2283
-90.2281
-90.228
-90.2278
-90.2277
-90.2275
-90.2273
-90.2272
-90.227
-90.2268
-90.2267
-90.2265
-90.2264
-90.2262
-90.226
-90.2259
-90.2257
-90.2255
-90.2254
-90.2252
-90.225
-90.2249
-90.2247
-90.2245
-90.2244
-90.2242
-90.2241
-90.2239
-90.2237
-90.2236
-90.2234
-90.2232
-90.2231
-90.2229
-90.2227
-90.2226
-90.2224
-90.2222
-90.2221
-90.2219
-90.2217
-90.2215
-90.2214
-90.2212
-90.221
-90.2209
-90.2207
-90.2205
-90.2204
-90.2202
-90.22
-90.2199
-90.2197
-90.2195
-90.2193
-90.2192
-90.219
-90.2188
-90.2187
-90.2185
-90.2183
-90.2182
-90.218
-90.2178
-90.2176
-90.2175
-90.2173
-90.2171
-90.2169
-90.2168
-90.2166
-90.2164
-90.2163
-90.2161
-90.2159
-90.2157
-90.2156
-90.2154
-90.2152
-90.215
-90.2149
-90.2147
-90.2145
-90.2143
-90.2142
-90.214
-90.2138
-90.2136
-90.2135
-90.2133
-90.2131
-90.2129
-90.2128
-90.2126
-90.2124
-90.2122
-90.2121
-90.2119
-90.2117
-90.2115
-90.2113
-90.2112
-90.211
-90.2108
-90.2106
-90.2104
-90.2103
-90.2101
-90.2099
-90.2097
-90.2096
-90.2094
-90.2092
-90.209
-90.2088
-90.2087
-90.2085
-90.2083
-90.2081
-90.2079
-90.2078
-90.2076
-90.2074
-90.2072
-90.207
-90.2068
-90.2067
-90.2065
-90.2063
-90.2061
-90.2059
-90.2057
-90.2056
-90.2054
-90.2052
-90.205
-90.2048
-90.2046
-90.2045
-90.2043
-90.2041
-90.2039
-90.2037
-90.2035
-90.2034
-90.2032
-90.203
-90.2028
-90.2026
-90.2024
-90.2022
-90.2021
-90.2019
-90.2017
-90.2015
-90.2013
-90.2011
-90.2009
-90.2008
-90.2006
-90.2004
-90.2002
-90.2
-90.1998
-90.1996
-90.1994
-90.1992
-90.1991
-90.1989
-90.1987
-90.1985
-90.1983
-90.1981
-90.1979
-90.1977
-90.1975
-90.1974
-90.1972
-90.197
-90.1968
-90.1966
-90.1964
-90.1962
-90.196
-90.1958
-90.1956
-90.1954
-90.1953
-90.1951
-90.1949
-90.1947
-90.1945
-90.1943
-90.1941
-90.1939
-90.1937
-90.1935
-90.1933
-90.1931
-90.1929
-90.1927
-90.1926
-90.1924
-90.1922
-90.192
-90.1918
-90.1916
-90.1914
-90.1912
-90.191
-90.1908
-90.1906
-90.1904
-90.1902
-90.19
-90.1898
-90.1896
-90.1894
-90.1892
-90.189
-90.1888
-90.1886
-90.1884
-90.1883
-90.1881
-90.1879
-90.1877
-90.1875
-90.1873
-90.1871
-90.1869
-90.1867
-90.1865
-90.1863
-90.1861
-90.1859
-90.1857
-90.1855
-90.1853
-90.1851
-90.1849
-90.1847
-90.1845
-90.1843
-90.1841
-90.1839
-90.1837
-90.1835
-90.1833
-90.1831
-90.1829
-90.1827
-90.1825
-90.1823
-90.1821
-90.1819
-90.1817
-90.1815
-90.1813
-90.181
-90.1808
-90.1806
-90.1804
-90.1802
-90.18
-90.1798
-90.1796
-90.1794
-90.1792
-90.179
-90.1788
-90.1786
-90.1784
-90.1782
-90.178
-90.1778
-90.1776
-90.1774
-90.1772
-90.177
-90.1768
-90.1766
-90.1763
-90.1761
-90.1759
-90.1757
-90.1755
-90.1753
-90.1751
-90.1749
-90.1747
-90.1745
-90.1743
-90.1741
-90.1739
-90.1737
-90.1734
-90.1732
-90.173
-90.1728
-90.1726
-90.1724
-90.1722
-90.172
-90.1718
-90.1716
-90.1714
-90.1711
-90.1709
-90.1707
-90.1705
-90.1703
-90.1701
-90.1699
-90.1697
-90.1695
-90.1692
-90.169
-90.1688
-90.1686
-90.1684
-90.1682
-90.168
-90.1678
-90.1676
-90.1673
-90.1671
-90.1669
-90.1667
-90.1665
-90.1663
-90.1661
-90.1658
-90.1656
-90.1654
-90.1652
-90.165
-90.1648
-90.1646
-90.1644
-90.1641
-90.1639
-90.1637
-90.1635
-90.1633
-90.1631
-90.1628
-90.1626
-90.1624
-90.1622
-90.162
-90.1618
-90.1615
-90.1613
-90.1611
-90.1609
-90.1607
-90.1605
-90.1602
-90.16
-90.1598
-90.1596
-90.1594
-90.1592
-90.1589
-90.1587
-90.1585
-90.1583
-90.1581
-90.1578
-90.1576
-90.1574
-90.1572
-90.157
-90.1568
-90.1565
-90.1563
-90.1561
-90.1559
-90.1557
-90.1554
-90.1552
-90.155
-90.1548
-90.1545
-90.1543
-90.1541
-90.1539
-90.1537
-90.1534
-90.1532
-90.153
-90.1528
-90.1526
-90.1523
-90.1521
-90.1519
-90.1517
-90.1514
-90.1512
-90.151
-90.1508
-90.1506
-90.1503
-90.1501
-90.1499
-90.1497
-90.1494
-90.1492
-90.149
-90.1488
-90.1485
-90.1483
-90.1481
-90.1479
-90.1476
-90.1474
-90.1472
-90.147
-90.1467
-90.1465
-90.1463
-90.1461
-90.1458
-90.1456
-90.1454
-90.1451
-90.1449
-90.1447
-90.1445
-90.1442
-90.144
-90.1438
-90.1436
-90.1433
-90.1431
-90.1429
-90.1426
-90.1424
-90.1422
-90.142
-90.1417
-90.1415
-90.1413
-90.141
-90.1408
-90.1406
-90.1404
-90.1401
-90.1399
-90.1397
-90.1394
-90.1392
-90.139
-90.1387
-90.1385
-90.1383
-90.1381
-90.1378
-90.1376
-90.1374
-90.1371
-90.1369
-90.1367
-90.1364
-90.1362
-90.136
-90.1357
-90.1355
-90.1353
-90.135
-90.1348
-90.1346
-90.1343
-90.1341
-90.1339
-90.1336
-90.1334
-90.1332
-90.1329
-90.1327
-90.1325
-90.1322
-90.132
-90.1318
-90.1315
-90.1313
-90.1311
-90.1308
-90.1306
-90.1304
-90.1301
-90.1299
-90.1296
-90.1294
-90.1292
-90.1289
-90.1287
-90.1285
-90.1282
-90.128
-90.1278
-90.1275
-90.1273
-90.127
-90.1268
-90.1266
-90.1263
-90.1261
-90.1259
-90.1256
-90.1254
-90.1251
-90.1249
-90.1247
-90.1244
-90.1242
-90.124
-90.1237
-90.1235
-90.1232
-90.123
-90.1228
-90.1225
-90.1223
-90.122
-90.1218
-90.1216
-90.1213
-90.1211
-90.1208
-90.1206
-90.1203
-90.1201
-90.1199
-90.1196
-90.1194
-90.1191
-90.1189
-90.1186
-90.1184
-90.1182
-90.1179
-90.1177
-90.1174
-90.1172
-90.1169
-90.1167
-90.1164
-90.1162
-90.116
-90.1157
-90.1155
-90.1152
-90.115
-90.1147
-90.1145
-90.1142
-90.114
-90.1137
-90.1135
-90.1132
-90.113
-90.1128
-90.1125
-90.1123
-90.112
-90.1118
-90.1115
-90.1113
-90.111
-90.1108
-90.1105
-90.1103
-90.11
-90.1098
-90.1095
-90.1093
-90.109
-90.1088
-90.1085
-90.1083
-90.108
-90.1078
-90.1075
-90.1073
-90.107
-90.1068
-90.1065
-90.1063
-90.106
-90.1058
-90.1055
-90.1053
-90.105
-90.1048
-90.1045
-90.1043
-90.104
-90.1038
-90.1035
-90.1033
-90.103
-90.1028
-90.1025
-90.1023
-90.102
-90.1017
-90.1015
-90.1012
-90.101
-90.1007
-90.1005
-90.1002
-90.1
-90.0997
-90.0995
-90.0992
-90.099
-90.0987
-90.0984
-90.0982
-90.0979
-90.0977
-90.0974
-90.0972
-90.0969
-90.0967
-90.0964
-90.0962
-90.0959
-90.0956
-90.0954
-90.0951
-90.0949
-90.0946
-90.0944
-90.0941
-90.0938
-90.0936
-90.0933
-90.0931
-90.0928
-90.0926
-90.0923
-90.092
-90.0918
-90.0915
-90.0913
-90.091
-90.0908
-90.0905
-90.0902
-90.09
-90.0897
-90.0895
-90.0892
-90.0889
-90.0887
-90.0884
-90.0882
-90.0879
-90.0876
-90.0874
-90.0871
-90.0869
-90.0866
-90.0863
-90.0861
-90.0858
-90.0856
-90.0853
-90.085
-90.0848
-90.0845
-90.0843
-90.084
-90.0837
-90.0835
-90.0832
-90.0829
-90.0827
-90.0824
-90.0822
-90.0819
-90.0816
-90.0814
-90.0811
-90.0808
-90.0806
-90.0803
-90.08
-90.0798
-90.0795
-90.0793
-90.079
-90.0787
-90.0785
-90.0782
-90.0779
-90.0777
-90.0774
-90.0771
-90.0769
-90.0766
-90.0763
-90.0761
-90.0758
-90.0755
-90.0753
-90.075
-90.0748
-90.0745
-90.0742
-90.074
-90.0737
-90.0734
-90.0732
-90.0729
-90.0726
-90.0724
-90.0721
-90.0718
-90.0715
-90.0713
-90.071
-90.0707
-90.0705
-90.0702
-90.0699
-90.0697
-90.0694
-90.0691
-90.0689
-90.0686
-90.0683
-90.0681
-90.0678
-90.0675
-90.0673
-90.067
-90.0667
-90.0664
-90.0662
-90.0659
-90.0656
-90.0654
-90.0651
-90.0648
-90.0645
-90.0643
-90.064
-90.0637
-90.0635
-90.0632
-90.0629
-90.0627
-90.0624
-90.0621
-90.0618
-90.0616
-90.0613
-90.061
-90.0607
-90.0605
-90.0602
-90.0599
-90.0597
-90.0594
-90.0591
-90.0588
-90.0586
-90.0583
-90.058
-90.0577
-90.0575
-90.0572
-90.0569
-90.0566
-90.0564
-90.0561
-90.0558
-90.0555
-90.0553
-90.055
-90.0547
-90.0544
-90.0542
-90.0539
-90.0536
-90.0533
-90.0531
-90.0528
-90.0525
-90.0522
-90.052
-90.0517
-90.0514
-90.0511
-90.0509
-90.0506
-90.0503
-90.05
-90.0497
-90.0495
-90.0492
-90.0489
-90.0486
-90.0484
-90.0481
-90.0478
-90.0475
-90.0472
-90.047
-90.0467
-90.0464
-90.0461
-90.0458
-90.0456
-90.0453
-90.045
-90.0447
-90.0445
-90.0442
-90.0439
-90.0436
-90.0433
-90.0431
-90.0428
-90.0425
-90.0422
-90.0419
-90.0416
-90.0414
-90.0411
-90.0408
-90.0405
-90.0402
-90.04
-90.0397
-90.0394
-90.0391
-90.0388
-90.0386
-90.0383
-90.038
-90.0377
-90.0374
-90.0371
-90.0369
-90.0366
-90.0363
-90.036
-90.0357
-90.0354
-90.0352
-90.0349
-90.0346
-90.0343
-90.034
-90.0337
-90.0335
-90.0332
-90.0329
-90.0326
-90.0323
-90.032
-90.0317
-90.0315
-90.0312
-90.0309
-90.0306
-90.0303
-90.03
-90.0297
-90.0295
-90.0292
-90.0289
-90.0286
-90.0283
-90.028
-90.0277
-90.0274
-90.0272
-90.0269
-90.0266
-90.0263
-90.026
-90.0257
-90.0254
-90.0251
-90.0249
-90.0246
-90.0243
-90.024
-90.0237
-90.0234
-90.0231
-90.0228
-90.0226
-90.0223
-90.022
-90.0217
-90.0214
-90.0211
-90.0208
-90.0205
-90.0202
-90.0199
-90.0197
-90.0194
-90.0191
-90.0188
-90.0185
-90.0182
-90.0179
-90.0176
-90.0173
-90.017
-90.0167
-90.0165
-90.0162
-90.0159
-90.0156
-90.0153
-90.015
-90.0147
-90.0144
-90.0141
-90.0138
-90.0135
-90.0132
-90.0129
-90.0127
-90.0124
-90.0121
-90.0118
-90.0115
-90.0112
-90.0109
-90.0106
-90.0103
-90.01
-90.0097
-90.0094
-90.0091
-90.0088
-90.0085
-90.0082
-90.008
-90.0077
-90.0074
-90.0071
-90.0068
-90.0065
-90.0062
-90.0059
-90.0056
-90.0053
-90.005
-90.0047
-90.0044
-90.0041
-90.0038
-90.0035
-90.0032
-90.0029
-90.0026
-90.0023
-90.002
-90.0017
-90.0014
-90.0011
-90.0008
-90.0005
-90.0002
-89.9999
-89.9996
-89.9994
-89.9991
-89.9988
-89.9985
-89.9982
-89.9979
-89.9976
-89.9973
-89.997
-89.9967
-89.9964
-89.9961
-89.9958
-89.9955
-89.9952
-89.9949
-89.9946
-89.9943
-89.994
-89.9937
-89.9934
-89.9931
-89.9928
-89.9925
-89.9922
-89.9919
-89.9916
-89.9913
-89.991
-89.9907
-89.9903
-89.99
-89.9897
-89.9894
-89.9891
-89.9888
-89.9885
-89.9882
-89.9879
-89.9876
-89.9873
-89.987
-89.9867
-89.9864
-89.9861
-89.9858
-89.9855
-89.9852
-89.9849
-89.9846
-89.9843
-89.984
-89.9837
-89.9834
-89.9831
-89.9828
-89.9825
-89.9822
-89.9819
-89.9816
-89.9812
-89.9809
-89.9806
-89.9803
-89.98
-89.9797
-89.9794
-89.9791
-89.9788
-89.9785
-89.9782
-89.9779
-89.9776
-89.9773
-89.977
-89.9767
-89.9763
-89.976
-89.9757
-89.9754
-89.9751
-89.9748
-89.9745
-89.9742
-89.9739
-89.9736
-89.9733
-89.973
-89.9727
-89.9723
-89.972
-89.9717
-89.9714
-89.9711
-89.9708
-89.9705
-89.9702
-89.9699
-89.9696
-89.9693
-89.9689
-89.9686
-89.9683
-89.968
-89.9677
-89.9674
-89.9671
-89.9668
-89.9665
-89.9662
-89.9658
-89.9655
-89.9652
-89.9649
-89.9646
-89.9643
-89.964
-89.9637
-89.9634
-89.963
-89.9627
-89.9624
-89.9621
-89.9618
-89.9615
-89.9612
-89.9609
-89.9605
-89.9602
-89.9599
-89.9596
-89.9593
-89.959
-89.9587
-89.9584
-89.958
-89.9577
-89.9574
-89.9571
-89.9568
-89.9565
-89.9562
-89.9558
-89.9555
-89.9552
-89.9549
-89.9546
-89.9543
-89.954
-89.9536
-89.9533
-89.953
-89.9527
-89.9524
-89.9521
-89.9517
-89.9514
-89.9511
-89.9508
-89.9505
-89.9502
-89.9499
-89.9495
-89.9492
-89.9489
-89.9486
-89.9483
-89.948
-89.9476
-89.9473
-89.947
-89.9467
-89.9464
-89.946
-89.9457
-89.9454
-89.9451
-89.9448
-89.9445
-89.9441
-89.9438
-89.9435
-89.9432
-89.9429
-89.9425
-89.9422
-89.9419
-89.9416
-89.9413
-89.9409
-89.9406
-89.9403
-89.94
-89.9397
-89.9394
-89.939
-89.9387
-89.9384
-89.9381
-89.9377
-89.9374
-89.9371
-89.9368
-89.9365
-89.9361
-89.9358
-89.9355
-89.9352
-89.9349
-89.9345
-89.9342
-89.9339
-89.9336
-89.9332
-89.9329
-89.9326
-89.9323
-89.932
-89.9316
-89.9313
-89.931
-89.9307
-89.9303
-89.93
-89.9297
-89.9294
-89.9291
-89.9287
-89.9284
-89.9281
-89.9278
-89.9274
-89.9271
-89.9268
-89.9265
-89.9261
-89.9258
-89.9255
-89.9252
-89.9248
-89.9245
-89.9242
-89.9239
-89.9235
-89.9232
-89.9229
-89.9226
-89.9222
-89.9219
-89.9216
-89.9213
-89.9209
-89.9206
-89.9203
-89.92
-89.9196
-89.9193
-89.919
-89.9186
-89.9183
-89.918
-89.9177
-89.9173
-89.917
-89.9167
-89.9164
-89.916
-89.9157
-89.9154
-89.915
-89.9147
-89.9144
-89.9141
-89.9137
-89.9134
-89.9131
-89.9127
-89.9124
-89.9121
-89.9118
-89.9114
-89.9111
-89.9108
-89.9104
-89.9101
-89.9098
-89.9095
-89.9091
-89.9088
-89.9085
-89.9081
-89.9078
-89.9075
-89.9071
-89.9068
-89.9065
-89.9062
-89.9058
-89.9055
-89.9052
-89.9048
-89.9045
-89.9042
-89.9038
-89.9035
-89.9032
-89.9028
-89.9025
-89.9022
-89.9018
-89.9015
-89.9012
-89.9008
-89.9005
-89.9002
-89.8998
-89.8995
-89.8992
-89.8988
-89.8985
-89.8982
-89.8978
-89.8975
-89.8972
-89.8968
-89.8965
-89.8962
-89.8958
-89.8955
-89.8952
-89.8948
-89.8945
-89.8942
-89.8938
-89.8935
-89.8932
-89.8928
-89.8925
-89.8922
-89.8918
-89.8915
-89.8912
-89.8908
-89.8905
-89.8901
-89.8898
-89.8895
-89.8891
-89.8888
-89.8885
-89.8881
-89.8878
-89.8875
-89.8871
-89.8868
-89.8864
-89.8861
-89.8858
-89.8854
-89.8851
-89.8848
-89.8844
-89.8841
-89.8837
-89.8834
-89.8831
-89.8827
-89.8824
-89.8821
-89.8817
-89.8814
-89.881
-89.8807
-89.8804
-89.88
-89.8797
-89.8793
-89.879
-89.8787
-89.8783
-89.878
-89.8776
-89.8773
-89.877
-89.8766
-89.8763
-89.8759
-89.8756
-89.8752
-89.8749
-89.8746
-89.8742
-89.8739
-89.8735
-89.8732
-89.8728
-89.8725
-89.8722
-89.8718
-89.8715
-89.8711
-89.8708
-89.8704
-89.8701
-89.8697
-89.8694
-89.8691
-89.8687
-89.8684
-89.868
-89.8677
-89.8673
-89.867
-89.8666
-89.8663
-89.8659
-89.8656
-89.8652
-89.8649
-89.8645
-89.8642
-89.8639
-89.8635
-89.8632
-89.8628
-89.8625
-89.8621
-89.8618
-89.8614
-89.8611
-89.8607
-89.8604
-89.86
-89.8597
-89.8593
-89.859
-89.8586
-89.8583
-89.8579
-89.8576
-89.8572
-89.8569
-89.8565
-89.8562
-89.8558
-89.8555
-89.8551
-89.8548
-89.8544
-89.8541
-89.8537
-89.8534
-89.853
-89.8527
-89.8523
-89.852
-89.8516
-89.8513
-89.8509
-89.8506
-89.8502
-89.8499
-89.8495
-89.8492
-89.8488
-89.8485
-89.8481
-89.8478
-89.8474
-89.8471
-89.8467
-89.8463
-89.846
-89.8456
-89.8453
-89.8449
-89.8446
-89.8442
-89.8439
-89.8435
-89.8432
-89.8428
-89.8425
-89.8421
-89.8418
-89.8414
-89.841
-89.8407
-89.8403
-89.84
-89.8396
-89.8393
-89.8389
-89.8386
-89.8382
-89.8379
-89.8375
-89.8371
-89.8368
-89.8364
-89.8361
-89.8357
-89.8354
-89.835
-89.8347
-89.8343
-89.8339
-89.8336
-89.8332
-89.8329
-89.8325
-89.8322
-89.8318
-89.8314
-89.8311
-89.8307
-89.8304
-89.83
-89.8297
-89.8293
-89.8289
-89.8286
-89.8282
-89.8279
-89.8275
-89.8271
-89.8268
-89.8264
-89.8261
-89.8257
-89.8254
-89.825
-89.8246
-89.8243
-89.8239
-89.8236
-89.8232
-89.8228
-89.8225
-89.8221
-89.8218
-89.8214
-89.821
-89.8207
-89.8203
-89.82
-89.8196
-89.8192
-89.8189
-89.8185
-89.8182
-89.8178
-89.8174
-89.8171
-89.8167
-89.8163
-89.816
-89.8156
-89.8153
-89.8149
-89.8145
-89.8142
-89.8138
-89.8134
-89.8131
-89.8127
-89.8124
-89.812
-89.8116
-89.8113
-89.8109
-89.8105
-89.8102
-89.8098
-89.8095
-89.8091
-89.8087
-89.8084
-89.808
-89.8076
-89.8073
-89.8069
-89.8065
-89.8062
-89.8058
-89.8054
-89.8051
-89.8047
-89.8044
-89.804
-89.8036
-89.8033
-89.8029
-89.8025
-89.8022
-89.8018
-89.8014
-89.8011
-89.8007
-89.8003
-89.8
-89.7996
-89.7992
-89.7989
-89.7985
-89.7981
-89.7978
-89.7974
-89.797
-89.7967
-89.7963
-89.7959
-89.7956
-89.7952
-89.7948
-89.7945
-89.7941
-89.7937
-89.7934
-89.793
-89.7926
-89.7922
-89.7919
-89.7915
-89.7911
-89.7908
-89.7904
-89.79
-89.7897
-89.7893
-89.7889
-89.7886
-89.7882
-89.7878
-89.7874
-89.7871
-89.7867
-89.7863
-89.786
-89.7856
-89.7852
-89.7849
-89.7845
-89.7841
-89.7837
-89.7834
-89.783
-89.7826
-89.7823
-89.7819
-89.7815
-89.7811
-89.7808
-89.7804
-89.78
-89.7797
-89.7793
-89.7789
-89.7785
-89.7782
-89.7778
-89.7774
-89.7771
-89.7767
-89.7763
-89.7759
-89.7756
-89.7752
-89.7748
-89.7744
-89.7741
-89.7737
-89.7733
-89.7729
-89.7726
-89.7722
-89.7718
-89.7714
-89.7711
-89.7707
-89.7703
-89.77
-89.7696
-89.7692
-89.7688
-89.7685
-89.7681
-89.7677
-89.7673
-89.767
-89.7666
-89.7662
-89.7658
-89.7654
-89.7651
-89.7647
-89.7643
-89.7639
-89.7636
-89.7632
-89.7628
-89.7624
-89.7621
-89.7617
-89.7613
-89.7609
-89.7606
-89.7602
-89.7598
-89.7594
-89.759
-89.7587
-89.7583
-89.7579
-89.7575
-89.7572
-89.7568
-89.7564
-89.756
-89.7556
-89.7553
-89.7549
-89.7545
-89.7541
-89.7537
-89.7534
-89.753
-89.7526
-89.7522
-89.7518
-89.7515
-89.7511
-89.7507
-89.7503
-89.7499
-89.7496
-89.7492
-89.7488
-89.7484
-89.748
-89.7477
-89.7473
-89.7469
-89.7465
-89.7461
-89.7458
-89.7454
-89.745
-89.7446
-89.7442
-89.7439
-89.7435
-89.7431
-89.7427
-89.7423
-89.7419
-89.7416
-89.7412
-89.7408
-89.7404
-89.74
-89.7396
-89.7393
-89.7389
-89.7385
-89.7381
-89.7377
-89.7374
-89.737
-89.7366
-89.7362
-89.7358
-89.7354
-89.735
-89.7347
-89.7343
-89.7339
-89.7335
-89.7331
-89.7327
-89.7324
-89.732
-89.7316
-89.7312
-89.7308
-89.7304
-89.73
-89.7297
-89.7293
-89.7289
-89.7285
-89.7281
-89.7277
-89.7273
-89.727
-89.7266
-89.7262
-89.7258
-89.7254
-89.725
-89.7246
-89.7243
-89.7239
-89.7235
-89.7231
-89.7227
-89.7223
-89.7219
-89.7215
-89.7212
-89.7208
-89.7204
-89.72
-89.7196
-89.7192
-89.7188
-89.7184
-89.7181
-89.7177
-89.7173
-89.7169
-89.7165
-89.7161
-89.7157
-89.7153
-89.7149
-89.7146
-89.7142
-89.7138
-89.7134
-89.713
-89.7126
-89.7122
-89.7118
-89.7114
-89.7111
-89.7107
-89.7103
-89.7099
-89.7095
-89.7091
-89.7087
-89.7083
-89.7079
-89.7075
-89.7071
-89.7068
-89.7064
-89.706
-89.7056
-89.7052
-89.7048
-89.7044
-89.704
-89.7036
-89.7032
-89.7028
-89.7024
-89.7021
-89.7017
-89.7013
-89.7009
-89.7005
-89.7001
-89.6997
-89.6993
-89.6989
-89.6985
-89.6981
-89.6977
-89.6973
-89.6969
-89.6965
-89.6962
-89.6958
-89.6954
-89.695
-89.6946
-89.6942
-89.6938
-89.6934
-89.693
-89.6926
-89.6922
-89.6918
-89.6914
-89.691
-89.6906
-89.6902
-89.6898
-89.6894
-89.689
-89.6886
-89.6883
-89.6879
-89.6875
-89.6871
-89.6867
-89.6863
-89.6859
-89.6855
-89.6851
-89.6847
-89.6843
-89.6839
-89.6835
-89.6831
-89.6827
-89.6823
-89.6819
-89.6815
-89.6811
-89.6807
-89.6803
-89.6799
-89.6795
-89.6791
-89.6787
-89.6783
-89.6779
-89.6775
-89.6771
-89.6767
-89.6763
-89.6759
-89.6755
-89.6751
-89.6747
-89.6743
-89.6739
-89.6735
-89.6731
-89.6727
-89.6723
-89.6719
-89.6715
-89.6711
-89.6707
-89.6703
-89.6699
-89.6695
-89.6691
-89.6687
-89.6683
-89.6679
-89.6675
-89.6671
-89.6667
-89.6663
-89.6659
-89.6655
-89.6651
-89.6647
-89.6643
-89.6639
-89.6635
-89.6631
-89.6627
-89.6623
-89.6619
-89.6615
-89.6611
-89.6607
-89.6603
-89.6599
-89.6595
-89.6591
-89.6587
-89.6583
-89.6579
-89.6575
-89.6571
-89.6567
-89.6563
-89.6559
-89.6554
-89.655
-89.6546
-89.6542
-89.6538
-89.6534
-89.653
-89.6526
-89.6522
-89.6518
-89.6514
-89.651
-89.6506
-89.6502
-89.6498
-89.6494
-89.649
-89.6486
-89.6482
-89.6478
-89.6473
-89.6469
-89.6465
-89.6461
-89.6457
-89.6453
-89.6449
-89.6445
-89.6441
-89.6437
-89.6433
-89.6429
-89.6425
-89.6421
-89.6417
-89.6412
-89.6408
-89.6404
-89.64
-89.6396
-89.6392
-89.6388
-89.6384
-89.638
-89.6376
-89.6372
-89.6368
-89.6363
-89.6359
-89.6355
-89.6351
-89.6347
-89.6343
-89.6339
-89.6335
-89.6331
-89.6327
-89.6322
-89.6318
-89.6314
-89.631
-89.6306
-89.6302
-89.6298
-89.6293
-89.6289
-89.6285
-89.6281
-89.6277
-89.6273
-89.6269
-89.6264
-89.626
-89.6256
-89.6252
-89.6248
-89.6244
-89.6239
-89.6235
-89.6231
-89.6227
-89.6223
-89.6219
-89.6214
-89.621
-89.6206
-89.6202
-89.6198
-89.6194
-89.6189
-89.6185
-89.6181
-89.6177
-89.6173
-89.6169
-89.6164
-89.616
-89.6156
-89.6152
-89.6148
-89.6143
-89.6139
-89.6135
-89.6131
-89.6127
-89.6123
-89.6118
-89.6114
-89.611
-89.6106
-89.6102
-89.6097
-89.6093
-89.6089
-89.6085
-89.6081
-89.6076
-89.6072
-89.6068
-89.6064
-89.606
-89.6055
-89.6051
-89.6047
-89.6043
-89.6038
-89.6034
-89.603
-89.6026
-89.6022
-89.6017
-89.6013
-89.6009
-89.6005
-89.6001
-89.5996
-89.5992
-89.5988
-89.5984
-89.5979
-89.5975
-89.5971
-89.5967
-89.5962
-89.5958
-89.5954
-89.595
-89.5946
-89.5941
-89.5937
-89.5933
-89.5929
-89.5924
-89.592
-89.5916
-89.5912
-89.5907
-89.5903
-89.5899
-89.5895
-89.589
-89.5886
-89.5882
-89.5878
-89.5873
-89.5869
-89.5865
-89.5861
-89.5856
-89.5852
-89.5848
-89.5844
-89.5839
-89.5835
-89.5831
-89.5827
-89.5822
-89.5818
-89.5814
-89.581
-89.5805
-89.5801
-89.5797
-89.5792
-89.5788
-89.5784
-89.578
-89.5775
-89.5771
-89.5767
-89.5763
-89.5758
-89.5754
-89.575
-89.5745
-89.5741
-89.5737
-89.5733
-89.5728
-89.5724
-89.572
-89.5715
-89.5711
-89.5707
-89.5703
-89.5698
-89.5694
-89.569
-89.5685
-89.5681
-89.5677
-89.5672
-89.5668
-89.5664
-89.566
-89.5655
-89.5651
-89.5647
-89.5642
-89.5638
-89.5634
-89.5629
-89.5625
-89.5621
-89.5616
-89.5612
-89.5608
-89.5604
-89.5599
-89.5595
-89.5591
-89.5586
-89.5582
-89.5578
-89.5573
-89.5569
-89.5565
-89.556
-89.5556
-89.5552
-89.5547
-89.5543
-89.5539
-89.5534
-89.553
-89.5526
-89.5521
-89.5517
-89.5513
-89.5508
-89.5504
-89.55
-89.5495
-89.5491
-89.5487
-89.5482
-89.5478
-89.5474
-89.5469
-89.5465
-89.5461
-89.5456
-89.5452
-89.5447
-89.5443
-89.5439
-89.5434
-89.543
-89.5426
-89.5421
-89.5417
-89.5413
-89.5408
-89.5404
-89.54
-89.5395
-89.5391
-89.5386
-89.5382
-89.5378
-89.5373
-89.5369
-89.5365
-89.536
-89.5356
-89.5351
-89.5347
-89.5343
-89.5338
-89.5334
-89.533
-89.5325
-89.5321
-89.5316
-89.5312
-89.5308
-89.5303
-89.5299
-89.5294
-89.529
-89.5286
-89.5281
-89.5277
-89.5273
-89.5268
-89.5264
-89.5259
-89.5255
-89.5251
-89.5246
-89.5242
-89.5237
-89.5233
-89.5229
-89.5224
-89.522
-89.5215
-89.5211
-89.5207
-89.5202
-89.5198
-89.5193
-89.5189
-89.5184
-89.518
-89.5176
-89.5171
-89.5167
-89.5162
-89.5158
-89.5154
-89.5149
-89.5145
-89.514
-89.5136
-89.5131
-89.5127
-89.5123
-89.5118
-89.5114
-89.5109
-89.5105
-89.51
-89.5096
-89.5092
-89.5087
-89.5083
-89.5078
-89.5074
-89.5069
-89.5065
-89.5061
-89.5056
-89.5052
-89.5047
-89.5043
-89.5038
-89.5034
-89.5029
-89.5025
-89.5021
-89.5016
-89.5012
-89.5007
-89.5003
-89.4998
-89.4994
-89.4989
-89.4985
-89.498
-89.4976
-89.4972
-89.4967
-89.4963
-89.4958
-89.4954
-89.4949
-89.4945
-89.494
-89.4936
-89.4931
-89.4927
-89.4922
-89.4918
-89.4913
-89.4909
-89.4904
-89.49
-89.4896
-89.4891
-89.4887
-89.4882
-89.4878
-89.4873
-89.4869
-89.4864
-89.486
-89.4855
-89.4851
-89.4846
-89.4842
-89.4837
-89.4833
-89.4828
-89.4824
-89.4819
-89.4815
-89.481
-89.4806
-89.4801
-89.4797
-89.4792
-89.4788
-89.4783
-89.4779
-89.4774
-89.477
-89.4765
-89.4761
-89.4756
-89.4752
-89.4747
-89.4743
-89.4738
-89.4734
-89.4729
-89.4725
-89.472
-89.4716
-89.4711
-89.4707
-89.4702
-89.4698
-89.4693
-89.4689
-89.4684
-89.4679
-89.4675
-89.467
-89.4666
-89.4661
-89.4657
-89.4652
-89.4648
-89.4643
-89.4639
-89.4634
-89.463
-89.4625
-89.4621
-89.4616
-89.4611
-89.4607
-89.4602
-89.4598
-89.4593
-89.4589
-89.4584
-89.458
-89.4575
-89.4571
-89.4566
-89.4561
-89.4557
-89.4552
-89.4548
-89.4543
-89.4539
-89.4534
-89.453
-89.4525
-89.452
-89.4516
-89.4511
-89.4507
-89.4502
-89.4498
-89.4493
-89.4489
-89.4484
-89.4479
-89.4475
-89.447
-89.4466
-89.4461
-89.4457
-89.4452
-89.4447
-89.4443
-89.4438
-89.4434
-89.4429
-89.4424
-89.442
-89.4415
-89.4411
-89.4406
-89.4402
-89.4397
-89.4392
-89.4388
-89.4383
-89.4379
-89.4374
-89.4369
-89.4365
-89.436
-89.4356
-89.4351
-89.4346
-89.4342
-89.4337
-89.4333
-89.4328
-89.4323
-89.4319
-89.4314
-89.431
-89.4305
-89.43
-89.4296
-89.4291
-89.4287
-89.4282
-89.4277
-89.4273
-89.4268
-89.4263
-89.4259
-89.4254
-89.425
-89.4245
-89.424
-89.4236
-89.4231
-89.4226
-89.4222
-89.4217
-89.4213
-89.4208
-89.4203
-89.4199
-89.4194
-89.4189
-89.4185
-89.418
-89.4176
-89.4171
-89.4166
-89.4162
-89.4157
-89.4152
-89.4148
-89.4143
-89.4138
-89.4134
-89.4129
-89.4124
-89.412
-89.4115
-89.411
-89.4106
-89.4101
-89.4097
-89.4092
-89.4087
-89.4083
-89.4078
-89.4073
-89.4069
-89.4064
-89.4059
-89.4055
-89.405
-89.4045
-89.4041
-89.4036
-89.4031
-89.4027
-89.4022
-89.4017
-89.4013
-89.4008
-89.4003
-89.3999
-89.3994
-89.3989
-89.3984
-89.398
-89.3975
-89.397
-89.3966
-89.3961
-89.3956
-89.3952
-89.3947
-89.3942
-89.3938
-89.3933
-89.3928
-89.3923
-89.3919
-89.3914
-89.3909
-89.3905
-89.39
-89.3895
-89.389
-89.3886
-89.3881
-89.3876
-89.3871
-89.3867
-89.3862
-89.3857
-89.3852
-89.3848
-89.3843
-89.3838
-89.3833
-89.3829
-89.3824
-89.3819
-89.3814
-89.381
-89.3805
-89.38
-89.3795
-89.3791
-89.3786
-89.3781
-89.3776
-89.3771
-89.3767
-89.3762
-89.3757
-89.3752
-89.3747
-89.3743
-89.3738
-89.3733
-89.3728
-89.3724
-89.3719
-89.3714
-89.3709
-89.3704
-89.37
-89.3695
-89.369
-89.3685
-89.368
-89.3676
-89.3671
-89.3666
-89.3661
-89.3656
-89.3651
-89.3647
-89.3642
-89.3637
-89.3632
-89.3627
-89.3623
-89.3618
-89.3613
-89.3608
-89.3603
-89.3598
-89.3594
-89.3589
-89.3584
-89.3579
-89.3574
-89.357
-89.3565
-89.356
-89.3555
-89.355
-89.3545
-89.3541
-89.3536
-89.3531
-89.3526
-89.3521
-89.3516
-89.3512
-89.3507
-89.3502
-89.3497
-89.3492
-89.3487
-89.3482
-89.3478
-89.3473
-89.3468
-89.3463
-89.3458
-89.3453
-89.3448
-89.3444
-89.3439
-89.3434
-89.3429
-89.3424
-89.3419
-89.3414
-89.341
-89.3405
-89.34
-89.3395
-89.339
-89.3385
-89.338
-89.3376
-89.3371
-89.3366
-89.3361
-89.3356
-89.3351
-89.3346
-89.3341
-89.3337
-89.3332
-89.3327
-89.3322
-89.3317
-89.3312
-89.3307
-89.3302
-89.3297
-89.3293
-89.3288
-89.3283
-89.3278
-89.3273
-89.3268
-89.3263
-89.3258
-89.3253
-89.3249
-89.3244
-89.3239
-89.3234
-89.3229
-89.3224
-89.3219
-89.3214
-89.3209
-89.3204
-89.32
-89.3195
-89.319
-89.3185
-89.318
-89.3175
-89.317
-89.3165
-89.316
-89.3155
-89.315
-89.3145
-89.3141
-89.3136
-89.3131
-89.3126
-89.3121
-89.3116
-89.3111
-89.3106
-89.3101
-89.3096
-89.3091
-89.3086
-89.3081
-89.3076
-89.3072
-89.3067
-89.3062
-89.3057
-89.3052
-89.3047
-89.3042
-89.3037
-89.3032
-89.3027
-89.3022
-89.3017
-89.3012
-89.3007
-89.3002
-89.2997
-89.2992
-89.2987
-89.2982
-89.2978
-89.2973
-89.2968
-89.2963
-89.2958
-89.2953
-89.2948
-89.2943
-89.2938
-89.2933
-89.2928
-89.2923
-89.2918
-89.2913
-89.2908
-89.2903
-89.2898
-89.2893
-89.2888
-89.2883
-89.2878
-89.2873
-89.2868
-89.2863
-89.2858
-89.2853
-89.2848
-89.2843
-89.2838
-89.2833
-89.2828
-89.2823
-89.2818
-89.2813
-89.2808
-89.2803
-89.2798
-89.2793
-89.2788
-89.2783
-89.2778
-89.2773
-89.2768
-89.2763
-89.2758
-89.2753
-89.2748
-89.2743
-89.2738
-89.2733
-89.2728
-89.2723
-89.2718
-89.2713
-89.2708
-89.2703
-89.2698
-89.2693
-89.2688
-89.2683
-89.2678
-89.2673
-89.2668
-89.2663
-89.2658
-89.2653
-89.2648
-89.2643
-89.2638
-89.2633
-89.2628
-89.2623
-89.2618
-89.2613
-89.2608
-89.2603
-89.2598
-89.2593
-89.2588
-89.2583
-89.2578
-89.2573
-89.2568
-89.2563
-89.2557
-89.2552
-89.2547
-89.2542
-89.2537
-89.2532
-89.2527
-89.2522
-89.2517
-89.2512
-89.2507
-89.2502
-89.2497
-89.2492
-89.2487
-89.2482
-89.2477
-89.2472
-89.2467
-89.2461
-89.2456
-89.2451
-89.2446
-89.2441
-89.2436
-89.2431
-89.2426
-89.2421
-89.2416
-89.2411
-89.2406
-89.2401
-89.2396
-89.239
-89.2385
-89.238
-89.2375
-89.237
-89.2365
-89.236
-89.2355
-89.235
-89.2345
-89.234
-89.2335
-89.2329
-89.2324
-89.2319
-89.2314
-89.2309
-89.2304
-89.2299
-89.2294
-89.2289
-89.2284
-89.2278
-89.2273
-89.2268
-89.2263
-89.2258
-89.2253
-89.2248
-89.2243
-89.2238
-89.2232
-89.2227
-89.2222
-89.2217
-89.2212
-89.2207
-89.2202
-89.2197
-89.2192
-89.2186
-89.2181
-89.2176
-89.2171
-89.2166
-89.2161
-89.2156
-89.2151
-89.2145
-89.214
-89.2135
-89.213
-89.2125
-89.212
-89.2115
-89.2109
-89.2104
-89.2099
-89.2094
-89.2089
-89.2084
-89.2079
-89.2073
-89.2068
-89.2063
-89.2058
-89.2053
-89.2048
-89.2043
-89.2037
-89.2032
-89.2027
-89.2022
-89.2017
-89.2012
-89.2006
-89.2001
-89.1996
-89.1991
-89.1986
-89.1981
-89.1975
-89.197
-89.1965
-89.196
-89.1955
-89.195
-89.1944
-89.1939
-89.1934
-89.1929
-89.1924
-89.1919
-89.1913
-89.1908
-89.1903
-89.1898
-89.1893
-89.1887
-89.1882
-89.1877
-89.1872
-89.1867
-89.1861
-89.1856
-89.1851
-89.1846
-89.1841
-89.1835
-89.183
-89.1825
-89.182
-89.1815
-89.1809
-89.1804
-89.1799
-89.1794
-89.1789
-89.1783
-89.1778
-89.1773
-89.1768
-89.1763
-89.1757
-89.1752
-89.1747
-89.1742
-89.1736
-89.1731
-89.1726
-89.1721
-89.1716
-89.171
-89.1705
-89.17
-89.1695
-89.1689
-89.1684
-89.1679
-89.1674
-89.1668
-89.1663
-89.1658
-89.1653
-89.1648
-89.1642
-89.1637
-89.1632
-89.1627
-89.1621
-89.1616
-89.1611
-89.1606
-89.16
-89.1595
-89.159
-89.1585
-89.1579
-89.1574
-89.1569
-89.1563
-89.1558
-89.1553
-89.1548
-89.1542
-89.1537
-89.1532
-89.1527
-89.1521
-89.1516
-89.1511
-89.1506
-89.15
-89.1495
-89.149
-89.1484
-89.1479
-89.1474
-89.1469
-89.1463
-89.1458
-89.1453
-89.1447
-89.1442
-89.1437
-89.1431
-89.1426
-89.1421
-89.1415
-89.141
-89.1405
-89.1399
-89.1394
-89.1388
-89.1383
-89.1378
-89.1372
-89.1367
-89.1362
-89.1356
-89.1351
-89.1346
-89.134
-89.1335
-89.1329
-89.1324
-89.1319
-89.1313
-89.1308
-89.1303
-89.1297
-89.1292
-89.1286
-89.1281
-89.1276
-89.127
-89.1265
-89.1259
-89.1254
-89.1249
-89.1243
-89.1238
-89.1233
-89.1227
-89.1222
-89.1216
-89.1211
-89.1206
-89.12
-89.1195
-89.1189
-89.1184
-89.1178
-89.1173
-89.1168
-89.1162
-89.1157
-89.1151
-89.1146
-89.1141
-89.1135
-89.113
-89.1124
-89.1119
-89.1114
-89.1108
-89.1103
-89.1097
-89.1092
-89.1086
-89.1081
-89.1076
-89.107
-89.1065
-89.1059
-89.1054
-89.1048
-89.1043
-89.1037
-89.1032
-89.1027
-89.1021
-89.1016
-89.101
-89.1005
-89.0999
-89.0994
-89.0989
-89.0983
-89.0978
-89.0972
-89.0967
-89.0961
-89.0956
-89.095
-89.0945
-89.0939
-89.0934
-89.0929
-89.0923
-89.0918
-89.0912
-89.0907
-89.0901
-89.0896
-89.089
-89.0885
-89.0879
-89.0874
-89.0868
-89.0863
-89.0857
-89.0852
-89.0846
-89.0841
-89.0836
-89.083
-89.0825
-89.0819
-89.0814
-89.0808
-89.0803
-89.0797
-89.0792
-89.0786
-89.0781
-89.0775
-89.077
-89.0764
-89.0759
-89.0753
-89.0748
-89.0742
-89.0737
-89.0731
-89.0726
-89.072
-89.0715
-89.0709
-89.0704
-89.0698
-89.0693
-89.0687
-89.0682
-89.0676
-89.0671
-89.0665
-89.0659
-89.0654
-89.0648
-89.0643
-89.0637
-89.0632
-89.0626
-89.0621
-89.0615
-89.061
-89.0604
-89.0599
-89.0593
-89.0588
-89.0582
-89.0577
-89.0571
-89.0565
-89.056
-89.0554
-89.0549
-89.0543
-89.0538
-89.0532
-89.0527
-89.0521
-89.0516
-89.051
-89.0505
-89.0499
-89.0493
-89.0488
-89.0482
-89.0477
-89.0471
-89.0466
-89.046
-89.0454
-89.0449
-89.0443
-89.0438
-89.0432
-89.0427
-89.0421
-89.0416
-89.041
-89.0404
-89.0399
-89.0393
-89.0388
-89.0382
-89.0377
-89.0371
-89.0365
-89.036
-89.0354
-89.0349
-89.0343
-89.0337
-89.0332
-89.0326
-89.0321
-89.0315
-89.031
-89.0304
-89.0298
-89.0293
-89.0287
-89.0282
-89.0276
-89.027
-89.0265
-89.0259
-89.0254
-89.0248
-89.0242
-89.0237
-89.0231
-89.0226
-89.022
-89.0214
-89.0209
-89.0203
-89.0197
-89.0192
-89.0186
-89.0181
-89.0175
-89.0169
-89.0164
-89.0158
-89.0153
-89.0147
-89.0141
-89.0136
-89.013
-89.0124
-89.0119
-89.0113
-89.0107
-89.0102
-89.0096
-89.0091
-89.0085
-89.0079
-89.0074
-89.0068
-89.0062
-89.0057
-89.0051
-89.0045
-89.004
-89.0034
-89.0029
-89.0023
-89.0017
-89.0012
-89.0006
-89
-88.9995
-88.9989
-88.9983
-88.9978
-88.9972
-88.9966
-88.9961
-88.9955
-88.9949
-88.9944
-88.9938
-88.9932
-88.9927
-88.9921
-88.9915
-88.991
-88.9904
-88.9898
-88.9893
-88.9887
-88.9881
-88.9876
-88.987
-88.9864
-88.9858
-88.9853
-88.9847
-88.9841
-88.9836
-88.983
-88.9824
-88.9819
-88.9813
-88.9807
-88.9802
-88.9796
-88.979
-88.9784
-88.9779
-88.9773
-88.9767
-88.9762
-88.9756
-88.975
-88.9745
-88.9739
-88.9733
-88.9727
-88.9722
-88.9716
-88.971
-88.9705
-88.9699
-88.9693
-88.9687
-88.9682
-88.9676
-88.967
-88.9664
-88.9659
-88.9653
-88.9647
-88.9642
-88.9636
-88.963
-88.9624
-88.9619
-88.9613
-88.9607
-88.9601
-88.9596
-88.959
-88.9584
-88.9578
-88.9573
-88.9567
-88.9561
-88.9555
-88.955
-88.9544
-88.9538
-88.9532
-88.9527
-88.9521
-88.9515
-88.9509
-88.9504
-88.9498
-88.9492
-88.9486
-88.9481
-88.9475
-88.9469
-88.9463
-88.9457
-88.9452
-88.9446
-88.944
-88.9434
-88.9429
-88.9423
-88.9417
-88.9411
-88.9405
-88.94
-88.9394
-88.9388
-88.9382
-88.9377
-88.9371
-88.9365
-88.9359
-88.9353
-88.9348
-88.9342
-88.9336
-88.933
-88.9324
-88.9318
-88.9313
-88.9307
-88.9301
-88.9295
-88.9289
-88.9284
-88.9278
-88.9272
-88.9266
-88.926
-88.9255
-88.9249
-88.9243
-88.9237
-88.9231
-88.9225
-88.922
-88.9214
-88.9208
-88.9202
-88.9196
-88.919
-88.9185
-88.9179
-88.9173
-88.9167
-88.9161
-88.9155
-88.915
-88.9144
-88.9138
-88.9132
-88.9126
-88.912
-88.9114
-88.9109
-88.9103
-88.9097
-88.9091
-88.9085
-88.9079
-88.9073
-88.9068
-88.9062
-88.9056
-88.905
-88.9044
-88.9038
-88.9032
-88.9026
-88.902
-88.9014
-88.9009
-88.9003
-88.8997
-88.8991
-88.8985
-88.8979
-88.8973
-88.8967
-88.8961
-88.8955
-88.8949
-88.8943
-88.8937
-88.8931
-88.8925
-88.8919
-88.8913
-88.8907
-88.8901
-88.8895
-88.8889
-88.8884
-88.8878
-88.8872
-88.8866
-88.886
-88.8854
-88.8848
-88.8842
-88.8836
-88.883
-88.8824
-88.8818
-88.8812
-88.8806
-88.88
-88.8794
-88.8788
-88.8782
-88.8776
-88.877
-88.8764
-88.8758
-88.8752
-88.8746
-88.874
-88.8734
-88.8728
-88.8722
-88.8716
-88.871
-88.8704
-88.8698
-88.8691
-88.8685
-88.8679
-88.8673
-88.8667
-88.8661
-88.8655
-88.8649
-88.8643
-88.8637
-88.8631
-88.8625
-88.8619
-88.8613
-88.8607
-88.8601
-88.8595
-88.8589
-88.8583
-88.8577
-88.8571
-88.8565
-88.8559
-88.8553
-88.8547
-88.8541
-88.8534
-88.8528
-88.8522
-88.8516
-88.851
-88.8504
-88.8498
-88.8492
-88.8486
-88.848
-88.8474
-88.8468
-88.8462
-88.8456
-88.845
-88.8443
-88.8437
-88.8431
-88.8425
-88.8419
-88.8413
-88.8407
-88.8401
-88.8395
-88.8389
-88.8383
-88.8376
-88.837
-88.8364
-88.8358
-88.8352
-88.8346
-88.834
-88.8334
-88.8328
-88.8322
-88.8316
-88.8309
-88.8303
-88.8297
-88.8291
-88.8285
-88.8279
-88.8273
-88.8267
-88.8261
-88.8254
-88.8248
-88.8242
-88.8236
-88.823
-88.8224
-88.8218
-88.8212
-88.8205
-88.8199
-88.8193
-88.8187
-88.8181
-88.8175
-88.8169
-88.8162
-88.8156
-88.815
-88.8144
-88.8138
-88.8132
-88.8126
-88.8119
-88.8113
-88.8107
-88.8101
-88.8095
-88.8089
-88.8083
-88.8076
-88.807
-88.8064
-88.8058
-88.8052
-88.8046
-88.8039
-88.8033
-88.8027
-88.8021
-88.8015
-88.8009
-88.8002
-88.7996
-88.799
-88.7984
-88.7978
-88.7972
-88.7965
-88.7959
-88.7953
-88.7947
-88.7941
-88.7934
-88.7928
-88.7922
-88.7916
-88.791
-88.7904
-88.7897
-88.7891
-88.7885
-88.7879
-88.7873
-88.7866
-88.786
-88.7854
-88.7848
-88.7842
-88.7835
-88.7829
-88.7823
-88.7817
-88.7811
-88.7804
-88.7798
-88.7792
-88.7786
-88.7779
-88.7773
-88.7767
-88.7761
-88.7755
-88.7748
-88.7742
-88.7736
-88.773
-88.7723
-88.7717
-88.7711
-88.7705
-88.7698
-88.7692
-88.7686
-88.768
-88.7674
-88.7667
-88.7661
-88.7655
-88.7649
-88.7642
-88.7636
-88.763
-88.7624
-88.7617
-88.7611
-88.7605
-88.7599
-88.7592
-88.7586
-88.758
-88.7574
-88.7567
-88.7561
-88.7555
-88.7548
-88.7542
-88.7536
-88.753
-88.7523
-88.7517
-88.7511
-88.7505
-88.7498
-88.7492
-88.7486
-88.7479
-88.7473
-88.7467
-88.7461
-88.7454
-88.7448
-88.7442
-88.7435
-88.7429
-88.7423
-88.7416
-88.741
-88.7404
-88.7398
-88.7391
-88.7385
-88.7379
-88.7372
-88.7366
-88.736
-88.7353
-88.7347
-88.7341
-88.7335
-88.7328
-88.7322
-88.7316
-88.7309
-88.7303
-88.7297
-88.729
-88.7284
-88.7278
-88.7271
-88.7265
-88.7259
-88.7252
-88.7246
-88.724
-88.7233
-88.7227
-88.7221
-88.7214
-88.7208
-88.7202
-88.7195
-88.7189
-88.7183
-88.7176
-88.717
-88.7163
-88.7157
-88.7151
-88.7144
-88.7138
-88.7132
-88.7125
-88.7119
-88.7113
-88.7106
-88.71
-88.7093
-88.7087
-88.7081
-88.7074
-88.7068
-88.7062
-88.7055
-88.7049
-88.7042
-88.7036
-88.703
-88.7023
-88.7017
-88.701
-88.7004
-88.6998
-88.6991
-88.6985
-88.6978
-88.6972
-88.6966
-88.6959
-88.6953
-88.6946
-88.694
-88.6934
-88.6927
-88.6921
-88.6914
-88.6908
-88.6901
-88.6895
-88.6889
-88.6882
-88.6876
-88.6869
-88.6863
-88.6857
-88.685
-88.6844
-88.6837
-88.6831
-88.6824
-88.6818
-88.6811
-88.6805
-88.6799
-88.6792
-88.6786
-88.6779
-88.6773
-88.6766
-88.676
-88.6753
-88.6747
-88.6741
-88.6734
-88.6728
-88.6721
-88.6715
-88.6708
-88.6702
-88.6695
-88.6689
-88.6682
-88.6676
-88.6669
-88.6663
-88.6656
-88.665
-88.6643
-88.6637
-88.6631
-88.6624
-88.6618
-88.6611
-88.6604
-88.6598
-88.6591
-88.6585
-88.6578
-88.6572
-88.6565
-88.6559
-88.6552
-88.6546
-88.6539
-88.6532
-88.6526
-88.6519
-88.6513
-88.6506
-88.6499
-88.6493
-88.6486
-88.648
-88.6473
-88.6466
-88.646
-88.6453
-88.6447
-88.644
-88.6433
-88.6427
-88.642
-88.6414
-88.6407
-88.64
-88.6394
-88.6387
-88.638
-88.6374
-88.6367
-88.6361
-88.6354
-88.6347
-88.6341
-88.6334
-88.6327
-88.6321
-88.6314
-88.6307
-88.6301
-88.6294
-88.6287
-88.6281
-88.6274
-88.6267
-88.6261
-88.6254
-88.6247
-88.6241
-88.6234
-88.6227
-88.6221
-88.6214
-88.6207
-88.6201
-88.6194
-88.6187
-88.6181
-88.6174
-88.6167
-88.6161
-88.6154
-88.6147
-88.6141
-88.6134
-88.6127
-88.6121
-88.6114
-88.6107
-88.61
-88.6094
-88.6087
-88.608
-88.6074
-88.6067
-88.606
-88.6054
-88.6047
-88.604
-88.6033
-88.6027
-88.602
-88.6013
-88.6006
-88.6
-88.5993
-88.5986
-88.598
-88.5973
-88.5966
-88.5959
-88.5953
-88.5946
-88.5939
-88.5932
-88.5926
-88.5919
-88.5912
-88.5905
-88.5899
-88.5892
-88.5885
-88.5879
-88.5872
-88.5865
-88.5858
-88.5852
-88.5845
-88.5838
-88.5831
-88.5824
-88.5818
-88.5811
-88.5804
-88.5797
-88.5791
-88.5784
-88.5777
-88.577
-88.5764
-88.5757
-88.575
-88.5743
-88.5736
-88.573
-88.5723
-88.5716
-88.5709
-88.5703
-88.5696
-88.5689
-88.5682
-88.5675
-88.5669
-88.5662
-88.5655
-88.5648
-88.5641
-88.5635
-88.5628
-88.5621
-88.5614
-88.5607
-88.5601
-88.5594
-88.5587
-88.558
-88.5573
-88.5566
-88.556
-88.5553
-88.5546
-88.5539
-88.5532
-88.5525
-88.5519
-88.5512
-88.5505
-88.5498
-88.5491
-88.5484
-88.5478
-88.5471
-88.5464
-88.5457
-88.545
-88.5443
-88.5437
-88.543
-88.5423
-88.5416
-88.5409
-88.5402
-88.5395
-88.5389
-88.5382
-88.5375
-88.5368
-88.5361
-88.5354
-88.5347
-88.5341
-88.5334
-88.5327
-88.532
-88.5313
-88.5306
-88.5299
-88.5292
-88.5286
-88.5279
-88.5272
-88.5265
-88.5258
-88.5251
-88.5244
-88.5237
-88.523
-88.5224
-88.5217
-88.521
-88.5203
-88.5196
-88.5189
-88.5182
-88.5175
-88.5168
-88.5161
-88.5154
-88.5148
-88.5141
-88.5134
-88.5127
-88.512
-88.5113
-88.5106
-88.5099
-88.5092
-88.5085
-88.5078
-88.5071
-88.5064
-88.5058
-88.5051
-88.5044
-88.5037
-88.503
-88.5023
-88.5016
-88.5009
-88.5002
-88.4995
-88.4988
-88.4981
-88.4974
-88.4967
-88.496
-88.4953
-88.4946
-88.4939
-88.4932
-88.4925
-88.4918
-88.4911
-88.4904
-88.4898
-88.4891
-88.4884
-88.4877
-88.487
-88.4863
-88.4856
-88.4849
-88.4842
-88.4835
-88.4828
-88.4821
-88.4814
-88.4807
-88.48
-88.4793
-88.4786
-88.4779
-88.4772
-88.4765
-88.4758
-88.4751
-88.4744
-88.4737
-88.473
-88.4723
-88.4716
-88.4709
-88.4702
-88.4694
-88.4687
-88.468
-88.4673
-88.4666
-88.4659
-88.4652
-88.4645
-88.4638
-88.4631
-88.4624
-88.4617
-88.461
-88.4603
-88.4596
-88.4589
-88.4582
-88.4575
-88.4568
-88.4561
-88.4554
-88.4546
-88.4539
-88.4532
-88.4525
-88.4518
-88.4511
-88.4504
-88.4497
-88.449
-88.4483
-88.4476
-88.4469
-88.4462
-88.4454
-88.4447
-88.444
-88.4433
-88.4426
-88.4419
-88.4412
-88.4405
-88.4398
-88.4391
-88.4383
-88.4376
-88.4369
-88.4362
-88.4355
-88.4348
-88.4341
-88.4334
-88.4327
-88.4319
-88.4312
-88.4305
-88.4298
-88.4291
-88.4284
-88.4277
-88.427
-88.4262
-88.4255
-88.4248
-88.4241
-88.4234
-88.4227
-88.422
-88.4212
-88.4205
-88.4198
-88.4191
-88.4184
-88.4177
-88.4169
-88.4162
-88.4155
-88.4148
-88.414
-88.4133
-88.4126
-88.4119
-88.4112
-88.4104
-88.4097
-88.409
-88.4082
-88.4075
-88.4068
-88.4061
-88.4053
-88.4046
-88.4039
-88.4032
-88.4024
-88.4017
-88.401
-88.4002
-88.3995
-88.3988
-88.398
-88.3973
-88.3966
-88.3958
-88.3951
-88.3944
-88.3937
-88.3929
-88.3922
-88.3915
-88.3907
-88.39
-88.3893
-88.3885
-88.3878
-88.3871
-88.3863
-88.3856
-88.3848
-88.3841
-88.3834
-88.3826
-88.3819
-88.3812
-88.3804
-88.3797
-88.379
-88.3782
-88.3775
-88.3768
-88.376
-88.3753
-88.3745
-88.3738
-88.3731
-88.3723
-88.3716
-88.3708
-88.3701
-88.3694
-88.3686
-88.3679
-88.3671
-88.3664
-88.3657
-88.3649
-88.3642
-88.3634
-88.3627
-88.362
-88.3612
-88.3605
-88.3597
-88.359
-88.3583
-88.3575
-88.3568
-88.356
-88.3553
-88.3545
-88.3538
-88.3531
-88.3523
-88.3516
-88.3508
-88.3501
-88.3493
-88.3486
-88.3479
-88.3471
-88.3464
-88.3456
-88.3449
-88.3441
-88.3434
-88.3426
-88.3419
-88.3411
-88.3404
-88.3396
-88.3389
-88.3382
-88.3374
-88.3367
-88.3359
-88.3352
-88.3344
-88.3337
-88.3329
-88.3322
-88.3314
-88.3307
-88.3299
-88.3292
-88.3284
-88.3277
-88.3269
-88.3262
-88.3254
-88.3247
-88.3239
-88.3232
-88.3224
-88.3217
-88.3209
-88.3202
-88.3194
-88.3187
-88.3179
-88.3172
-88.3164
-88.3157
-88.3149
-88.3142
-88.3134
-88.3127
-88.3119
-88.3112
-88.3104
-88.3096
-88.3089
-88.3081
-88.3074
-88.3066
-88.3059
-88.3051
-88.3044
-88.3036
-88.3029
-88.3021
-88.3013
-88.3006
-88.2998
-88.2991
-88.2983
-88.2976
-88.2968
-88.296
-88.2953
-88.2945
-88.2938
-88.293
-88.2923
-88.2915
-88.2907
-88.29
-88.2892
-88.2885
-88.2877
-88.2869
-88.2862
-88.2854
-88.2847
-88.2839
-88.2831
-88.2824
-88.2816
-88.2809
-88.2801
-88.2793
-88.2786
-88.2778
-88.2771
-88.2763
-88.2755
-88.2748
-88.274
-88.2732
-88.2725
-88.2717
-88.271
-88.2702
-88.2694
-88.2687
-88.2679
-88.2671
-88.2664
-88.2656
-88.2648
-88.2641
-88.2633
-88.2625
-88.2618
-88.261
-88.2602
-88.2595
-88.2587
-88.2579
-88.2572
-88.2564
-88.2556
-88.2549
-88.2541
-88.2533
-88.2526
-88.2518
-88.251
-88.2503
-88.2495
-88.2487
-88.248
-88.2472
-88.2464
-88.2457
-88.2449
-88.2441
-88.2433
-88.2426
-88.2418
-88.241
-88.2403
-88.2395
-88.2387
-88.2379
-88.2372
-88.2364
-88.2356
-88.2349
-88.2341
-88.2333
-88.2325
-88.2318
-88.231
-88.2302
-88.2294
-88.2287
-88.2279
-88.2271
-88.2263
-88.2256
-88.2248
-88.224
-88.2232
-88.2225
-88.2217
-88.2209
-88.2201
-88.2193
-88.2186
-88.2178
-88.217
-88.2162
-88.2155
-88.2147
-88.2139
-88.2131
-88.2123
-88.2116
-88.2108
-88.21
-88.2092
-88.2084
-88.2077
-88.2069
-88.2061
-88.2053
-88.2045
-88.2037
-88.203
-88.2022
-88.2014
-88.2006
-88.1998
-88.199
-88.1983
-88.1975
-88.1967
-88.1959
-88.1951
-88.1943
-88.1936
-88.1928
-88.192
-88.1912
-88.1904
-88.1896
-88.1888
-88.1881
-88.1873
-88.1865
-88.1857
-88.1849
-88.1841
-88.1833
-88.1826
-88.1818
-88.181
-88.1802
-88.1794
-88.1786
-88.1778
-88.177
-88.1762
-88.1755
-88.1747
-88.1739
-88.1731
-88.1723
-88.1715
-88.1707
-88.1699
-88.1691
-88.1683
-88.1675
-88.1667
-88.1659
-88.1651
-88.1643
-88.1635
-88.1627
-88.1619
-88.1611
-88.1603
-88.1595
-88.1586
-88.1578
-88.157
-88.1562
-88.1554
-88.1546
-88.1538
-88.153
-88.1522
-88.1514
-88.1506
-88.1498
-88.149
-88.1481
-88.1473
-88.1465
-88.1457
-88.1449
-88.1441
-88.1433
-88.1425
-88.1417
-88.1408
-88.14
-88.1392
-88.1384
-88.1376
-88.1368
-88.136
-88.1352
-88.1343
-88.1335
-88.1327
-88.1319
-88.1311
-88.1303
-88.1295
-88.1286
-88.1278
-88.127
-88.1262
-88.1254
-88.1246
-88.1237
-88.1229
-88.1221
-88.1213
-88.1205
-88.1196
-88.1188
-88.118
-88.1172
-88.1164
-88.1155
-88.1147
-88.1139
-88.1131
-88.1123
-88.1114
-88.1106
-88.1098
-88.109
-88.1082
-88.1073
-88.1065
-88.1057
-88.1049
-88.1041
-88.1032
-88.1024
-88.1016
-88.1008
-88.0999
-88.0991
-88.0983
-88.0975
-88.0966
-88.0958
-88.095
-88.0942
-88.0933
-88.0925
-88.0917
-88.0909
-88.09
-88.0892
-88.0884
-88.0875
-88.0867
-88.0859
-88.0851
-88.0842
-88.0834
-88.0826
-88.0818
-88.0809
-88.0801
-88.0793
-88.0784
-88.0776
-88.0768
-88.0759
-88.0751
-88.0743
-88.0735
-88.0726
-88.0718
-88.071
-88.0701
-88.0693
-88.0685
-88.0676
-88.0668
-88.066
-88.0651
-88.0643
-88.0635
-88.0626
-88.0618
-88.061
-88.0601
-88.0593
-88.0585
-88.0576
-88.0568
-88.0559
-88.0551
-88.0543
-88.0534
-88.0526
-88.0518
-88.0509
-88.0501
-88.0492
-88.0484
-88.0476
-88.0467
-88.0459
-88.0451
-88.0442
-88.0434
-88.0425
-88.0417
-88.0409
-88.04
-88.0392
-88.0383
-88.0375
-88.0367
-88.0358
-88.035
-88.0341
-88.0333
-88.0324
-88.0316
-88.0308
-88.0299
-88.0291
-88.0282
-88.0274
-88.0265
-88.0257
-88.0249
-88.024
-88.0232
-88.0223
-88.0215
-88.0206
-88.0198
-88.0189
-88.0181
-88.0172
-88.0164
-88.0155
-88.0147
-88.0139
-88.013
-88.0122
-88.0113
-88.0105
-88.0096
-88.0088
-88.0079
-88.0071
-88.0062
-88.0054
-88.0045
-88.0037
-88.0028
-88.002
-88.0011
-88.0003
-87.9994
-87.9985
-87.9977
-87.9968
-87.996
-87.9951
-87.9943
-87.9934
-87.9926
-87.9917
-87.9909
-87.99
-87.9892
-87.9883
-87.9874
-87.9866
-87.9857
-87.9849
-87.984
-87.9832
-87.9823
-87.9814
-87.9806
-87.9797
-87.9789
-87.978
-87.9771
-87.9763
-87.9754
-87.9746
-87.9737
-87.9728
-87.972
-87.9711
-87.9703
-87.9694
-87.9685
-87.9677
-87.9668
-87.966
-87.9651
-87.9642
-87.9634
-87.9625
-87.9616
-87.9608
-87.9599
-87.959
-87.9582
-87.9573
-87.9564
-87.9556
-87.9547
-87.9538
-87.953
-87.9521
-87.9512
-87.9504
-87.9495
-87.9486
-87.9478
-87.9469
-87.946
-87.9452
-87.9443
-87.9434
-87.9426
-87.9417
-87.9408
-87.9399
-87.9391
-87.9382
-87.9373
-87.9365
-87.9356
-87.9347
-87.9338
-87.933
-87.9321
-87.9312
-87.9303
-87.9295
-87.9286
-87.9277
-87.9268
-87.9259
-87.925
-87.9242
-87.9233
-87.9224
-87.9215
-87.9206
-87.9197
-87.9188
-87.9179
-87.9171
-87.9162
-87.9153
-87.9144
-87.9135
-87.9126
-87.9117
-87.9108
-87.9099
-87.909
-87.9081
-87.9072
-87.9063
-87.9054
-87.9045
-87.9037
-87.9028
-87.9019
-87.901
-87.9001
-87.8992
-87.8983
-87.8974
-87.8965
-87.8956
-87.8947
-87.8938
-87.8929
-87.892
-87.8911
-87.8902
-87.8893
-87.8884
-87.8875
-87.8865
-87.8856
-87.8847
-87.8838
-87.8829
-87.882
-87.8811
-87.8802
-87.8793
-87.8784
-87.8775
-87.8766
-87.8757
-87.8748
-87.8739
-87.873
-87.8721
-87.8712
-87.8702
-87.8693
-87.8684
-87.8675
-87.8666
-87.8657
-87.8648
-87.8639
-87.863
-87.8621
-87.8611
-87.8602
-87.8593
-87.8584
-87.8575
-87.8566
-87.8557
-87.8548
-87.8538
-87.8529
-87.852
-87.8511
-87.8502
-87.8493
-87.8484
-87.8474
-87.8465
-87.8456
-87.8447
-87.8438
-87.8429
-87.8419
-87.841
-87.8401
-87.8392
-87.8383
-87.8374
-87.8364
-87.8355
-87.8346
-87.8337
-87.8328
-87.8318
-87.8309
-87.83
-87.8291
-87.8282
-87.8272
-87.8263
-87.8254
-87.8245
-87.8235
-87.8226
-87.8217
-87.8208
-87.8198
-87.8189
-87.818
-87.8171
-87.8161
-87.8152
-87.8143
-87.8134
-87.8124
-87.8115
-87.8106
-87.8097
-87.8087
-87.8078
-87.8069
-87.8059
-87.805
-87.8041
-87.8032
-87.8022
-87.8013
-87.8004
-87.7994
-87.7985
-87.7976
-87.7966
-87.7957
-87.7948
-87.7939
-87.7929
-87.792
-87.7911
-87.7901
-87.7892
-87.7883
-87.7873
-87.7864
-87.7854
-87.7845
-87.7836
-87.7826
-87.7817
-87.7808
-87.7798
-87.7789
-87.778
-87.777
-87.7761
-87.7751
-87.7742
-87.7733
-87.7723
-87.7714
-87.7704
-87.7695
-87.7686
-87.7676
-87.7667
-87.7657
-87.7648
-87.7639
-87.7629
-87.762
-87.761
-87.7601
-87.7591
-87.7582
-87.7573
-87.7563
-87.7554
-87.7544
-87.7535
-87.7525
-87.7516
-87.7506
-87.7497
-87.7487
-87.7478
-87.7468
-87.7459
-87.7449
-87.744
-87.743
-87.7421
-87.7411
-87.7402
-87.7392
-87.7383
-87.7373
-87.7364
-87.7354
-87.7345
-87.7335
-87.7326
-87.7316
-87.7307
-87.7297
-87.7288
-87.7278
-87.7269
-87.7259
-87.7249
-87.724
-87.723
-87.7221
-87.7211
-87.7202
-87.7192
-87.7182
-87.7173
-87.7163
-87.7154
-87.7144
-87.7134
-87.7125
-87.7115
-87.7106
-87.7096
-87.7086
-87.7077
-87.7067
-87.7057
-87.7048
-87.7038
-87.7029
-87.7019
-87.7009
-87.7
-87.699
-87.698
-87.6971
-87.6961
-87.6951
-87.6942
-87.6932
-87.6922
-87.6913
-87.6903
-87.6893
-87.6884
-87.6874
-87.6864
-87.6854
-87.6844
-87.6835
-87.6825
-87.6815
-87.6805
-87.6795
-87.6786
-87.6776
-87.6766
-87.6756
-87.6746
-87.6736
-87.6726
-87.6716
-87.6707
-87.6697
-87.6687
-87.6677
-87.6667
-87.6657
-87.6647
-87.6637
-87.6627
-87.6617
-87.6607
-87.6597
-87.6587
-87.6577
-87.6567
-87.6557
-87.6547
-87.6537
-87.6527
-87.6517
-87.6507
-87.6497
-87.6487
-87.6477
-87.6467
-87.6457
-87.6447
-87.6437
-87.6427
-87.6417
-87.6407
-87.6397
-87.6387
-87.6377
-87.6367
-87.6357
-87.6347
-87.6337
-87.6327
-87.6316
-87.6306
-87.6296
-87.6286
-87.6276
-87.6266
-87.6256
-87.6246
-87.6236
-87.6226
-87.6215
-87.6205
-87.6195
-87.6185
-87.6175
-87.6165
-87.6155
-87.6144
-87.6134
-87.6124
-87.6114
-87.6104
-87.6094
-87.6084
-87.6073
-87.6063
-87.6053
-87.6043
-87.6033
-87.6022
-87.6012
-87.6002
-87.5992
-87.5982
-87.5971
-87.5961
-87.5951
-87.5941
-87.5931
-87.592
-87.591
-87.59
-87.589
-87.5879
-87.5869
-87.5859
-87.5849
-87.5838
-87.5828
-87.5818
-87.5808
-87.5797
-87.5787
-87.5777
-87.5766
-87.5756
-87.5746
-87.5736
-87.5725
-87.5715
-87.5705
-87.5694
-87.5684
-87.5674
-87.5663
-87.5653
-87.5643
-87.5632
-87.5622
-87.5612
-87.5601
-87.5591
-87.5581
-87.557
-87.556
-87.555
-87.5539
-87.5529
-87.5519
-87.5508
-87.5498
-87.5487
-87.5477
-87.5467
-87.5456
-87.5446
-87.5435
-87.5425
-87.5415
-87.5404
-87.5394
-87.5383
-87.5373
-87.5362
-87.5352
-87.5342
-87.5331
-87.5321
-87.531
-87.53
-87.5289
-87.5279
-87.5268
-87.5258
-87.5247
-87.5237
-87.5227
-87.5216
-87.5206
-87.5195
-87.5185
-87.5174
-87.5164
-87.5153
-87.5143
-87.5132
-87.5121
-87.5111
-87.51
-87.509
-87.5079
-87.5069
-87.5058
-87.5048
-87.5037
-87.5027
-87.5016
-87.5005
-87.4995
-87.4984
-87.4974
-87.4963
-87.4952
-87.4942
-87.4931
-87.4921
-87.491
-87.4899
-87.4889
-87.4878
-87.4868
-87.4857
-87.4846
-87.4836
-87.4825
-87.4814
-87.4804
-87.4793
-87.4782
-87.4772
-87.4761
-87.475
-87.474
-87.4729
-87.4718
-87.4707
-87.4697
-87.4686
-87.4675
-87.4665
-87.4654
-87.4643
-87.4632
-87.4622
-87.4611
-87.46
-87.459
-87.4579
-87.4568
-87.4557
-87.4546
-87.4536
-87.4525
-87.4514
-87.4503
-87.4493
-87.4482
-87.4471
-87.446
-87.4449
-87.4438
-87.4428
-87.4417
-87.4406
-87.4395
-87.4384
-87.4373
-87.4362
-87.4351
-87.434
-87.4329
-87.4318
-87.4307
-87.4296
-87.4285
-87.4274
-87.4263
-87.4252
-87.4241
-87.423
-87.4219
-87.4207
-87.4196
-87.4185
-87.4174
-87.4163
-87.4152
-87.4141
-87.413
-87.4118
-87.4107
-87.4096
-87.4085
-87.4074
-87.4063
-87.4051
-87.404
-87.4029
-87.4018
-87.4007
-87.3995
-87.3984
-87.3973
-87.3962
-87.395
-87.3939
-87.3928
-87.3917
-87.3905
-87.3894
-87.3883
-87.3872
-87.386
-87.3849
-87.3838
-87.3826
-87.3815
-87.3804
-87.3792
-87.3781
-87.377
-87.3758
-87.3747
-87.3736
-87.3724
-87.3713
-87.3702
-87.369
-87.3679
-87.3668
-87.3656
-87.3645
-87.3633
-87.3622
-87.3611
-87.3599
-87.3588
-87.3576
-87.3565
-87.3554
-87.3542
-87.3531
-87.3519
-87.3508
-87.3496
-87.3485
-87.3474
-87.3462
-87.3451
-87.3439
-87.3428
-87.3416
-87.3405
-87.3393
-87.3382
-87.337
-87.3359
-87.3347
-87.3336
-87.3324
-87.3313
-87.3301
-87.329
-87.3278
-87.3267
-87.3255
-87.3243
-87.3232
-87.322
-87.3209
-87.3197
-87.3186
-87.3174
-87.3163
-87.3151
-87.3139
-87.3128
-87.3116
-87.3105
-87.3093
-87.3081
-87.307
-87.3058
-87.3046
-87.3035
-87.3023
-87.3012
-87.3
-87.2988
-87.2977
-87.2965
-87.2953
-87.2942
-87.293
-87.2918
-87.2906
-87.2895
-87.2883
-87.2871
-87.286
-87.2848
-87.2836
-87.2824
-87.2813
-87.2801
-87.2789
-87.2778
-87.2766
-87.2754
-87.2742
-87.273
-87.2719
-87.2707
-87.2695
-87.2683
-87.2672
-87.266
-87.2648
-87.2636
-87.2624
-87.2612
-87.2601
-87.2589
-87.2577
-87.2565
-87.2553
-87.2541
-87.253
-87.2518
-87.2506
-87.2494
-87.2482
-87.247
-87.2458
-87.2446
-87.2434
-87.2422
-87.241
-87.2399
-87.2387
-87.2375
-87.2363
-87.2351
-87.2339
-87.2327
-87.2315
-87.2303
-87.2291
-87.2279
-87.2267
-87.2255
-87.2243
-87.2231
-87.2219
-87.2207
-87.2195
-87.2183
-87.2171
-87.2159
-87.2147
-87.2134
-87.2122
-87.211
-87.2098
-87.2086
-87.2074
-87.2062
-87.205
-87.2038
-87.2026
-87.2013
-87.2001
-87.1989
-87.1977
-87.1964
-87.1952
-87.194
-87.1928
-87.1915
-87.1903
-87.1891
-87.1878
-87.1866
-87.1853
-87.1841
-87.1829
-87.1816
-87.1804
-87.1791
-87.1779
-87.1766
-87.1754
-87.1741
-87.1729
-87.1716
-87.1704
-87.1691
-87.1679
-87.1666
-87.1654
-87.1641
-87.1628
-87.1616
-87.1603
-87.1591
-87.1578
-87.1565
-87.1553
-87.154
-87.1528
-87.1515
-87.1502
-87.149
-87.1477
-87.1464
-87.1451
-87.1439
-87.1426
-87.1413
-87.1401
-87.1388
-87.1375
-87.1362
-87.135
-87.1337
-87.1324
-87.1311
-87.1299
-87.1286
-87.1273
-87.126
-87.1247
-87.1235
-87.1222
-87.1209
-87.1196
-87.1183
-87.117
-87.1158
-87.1145
-87.1132
-87.1119
-87.1106
-87.1093
-87.108
-87.1067
-87.1054
-87.1042
-87.1029
-87.1016
-87.1003
-87.099
-87.0977
-87.0964
-87.0951
-87.0938
-87.0925
-87.0912
-87.0899
-87.0886
-87.0873
-87.086
-87.0847
-87.0834
-87.0821
-87.0808
-87.0795
-87.0782
-87.0769
-87.0756
-87.0743
-87.073
-87.0717
-87.0703
-87.069
-87.0677
-87.0664
-87.0651
-87.0638
-87.0625
-87.0612
-87.0599
-87.0585
-87.0572
-87.0559
-87.0546
-87.0533
-87.052
-87.0506
-87.0493
-87.048
-87.0467
-87.0454
-87.044
-87.0427
-87.0414
-87.0401
-87.0387
-87.0374
-87.0361
-87.0348
-87.0334
-87.0321
-87.0308
-87.0294
-87.0281
-87.0268
-87.0255
-87.0241
-87.0228
-87.0215
-87.0201
-87.0188
-87.0175
-87.0161
-87.0148
-87.0134
-87.0121
-87.0108
-87.0094
-87.0081
-87.0067
-87.0054
-87.004
-87.0027
-87.0014
-87
-86.9987
-86.9973
-86.996
-86.9946
-86.9933
-86.9919
-86.9906
-86.9892
-86.9878
-86.9865
-86.9851
-86.9838
-86.9824
-86.9811
-86.9797
-86.9783
-86.977
-86.9756
-86.9743
-86.9729
-86.9715
-86.9702
-86.9688
-86.9674
-86.9661
-86.9647
-86.9633
-86.962
-86.9606
-86.9592
-86.9578
-86.9565
-86.9551
-86.9537
-86.9523
-86.9509
-86.9495
-86.9481
-86.9467
-86.9453
-86.9439
-86.9425
-86.9411
-86.9397
-86.9383
-86.9369
-86.9355
-86.9341
-86.9327
-86.9313
-86.9298
-86.9284
-86.927
-86.9256
-86.9242
-86.9227
-86.9213
-86.9199
-86.9185
-86.917
-86.9156
-86.9142
-86.9127
-86.9113
-86.9099
-86.9084
-86.907
-86.9056
-86.9041
-86.9027
-86.9012
-86.8998
-86.8983
-86.8969
-86.8955
-86.894
-86.8926
-86.8911
-86.8897
-86.8882
-86.8868
-86.8853
-86.8838
-86.8824
-86.8809
-86.8795
-86.878
-86.8766
-86.8751
-86.8736
-86.8722
-86.8707
-86.8692
-86.8678
-86.8663
-86.8648
-86.8634
-86.8619
-86.8604
-86.859
-86.8575
-86.856
-86.8545
-86.8531
-86.8516
-86.8501
-86.8486
-86.8472
-86.8457
-86.8442
-86.8427
-86.8412
-86.8398
-86.8383
-86.8368
-86.8353
-86.8338
-86.8323
-86.8308
-86.8293
-86.8279
-86.8264
-86.8249
-86.8234
-86.8219
-86.8204
-86.8189
-86.8174
-86.8159
-86.8144
-86.8129
-86.8114
-86.8099
-86.8084
-86.8069
-86.8054
-86.8039
-86.8024
-86.8009
-86.7994
-86.7978
-86.7963
-86.7948
-86.7933
-86.7918
-86.7903
-86.7888
-86.7872
-86.7857
-86.7842
-86.7827
-86.7812
-86.7797
-86.7781
-86.7766
-86.7751
-86.7736
-86.772
-86.7705
-86.769
-86.7674
-86.7659
-86.7644
-86.7628
-86.7613
-86.7598
-86.7582
-86.7567
-86.7552
-86.7536
-86.7521
-86.7505
-86.749
-86.7475
-86.7459
-86.7444
-86.7428
-86.7413
-86.7397
-86.7382
-86.7366
-86.7351
-86.7335
-86.7319
-86.7304
-86.7288
-86.7273
-86.7257
-86.7242
-86.7226
-86.721
-86.7195
-86.7179
-86.7163
-86.7147
-86.7132
-86.7116
-86.71
-86.7084
-86.7068
-86.7052
-86.7036
-86.702
-86.7004
-86.6988
-86.6972
-86.6956
-86.694
-86.6924
-86.6908
-86.6891
-86.6875
-86.6859
-86.6843
-86.6827
-86.681
-86.6794
-86.6778
-86.6761
-86.6745
-86.6728
-86.6712
-86.6696
-86.6679
-86.6663
-86.6646
-86.663
-86.6613
-86.6597
-86.658
-86.6564
-86.6547
-86.653
-86.6514
-86.6497
-86.6481
-86.6464
-86.6447
-86.6431
-86.6414
-86.6397
-86.638
-86.6364
-86.6347
-86.633
-86.6313
-86.6296
-86.628
-86.6263
-86.6246
-86.6229
-86.6212
-86.6195
-86.6178
-86.6161
-86.6144
-86.6128
-86.6111
-86.6094
-86.6077
-86.606
-86.6042
-86.6025
-86.6008
-86.5991
-86.5974
-86.5957
-86.594
-86.5923
-86.5906
-86.5889
-86.5871
-86.5854
-86.5837
-86.582
-86.5803
-86.5785
-86.5768
-86.5751
-86.5733
-86.5716
-86.5699
-86.5681
-86.5664
-86.5647
-86.5629
-86.5612
-86.5595
-86.5577
-86.556
-86.5542
-86.5525
-86.5507
-86.549
-86.5472
-86.5455
-86.5437
-86.542
-86.5402
-86.5385
-86.5367
-86.535
-86.5332
-86.5314
-86.5297
-86.5279
-86.5261
-86.5244
-86.5226
-86.5208
-86.519
-86.5173
-86.5155
-86.5137
-86.5119
-86.5102
-86.5084
-86.5066
-86.5048
-86.503
-86.5012
-86.4994
-86.4976
-86.4958
-86.494
-86.4922
-86.4904
-86.4886
-86.4868
-86.485
-86.4832
-86.4814
-86.4796
-86.4778
-86.476
-86.4742
-86.4723
-86.4705
-86.4687
-86.4668
-86.465
-86.4632
-86.4613
-86.4595
-86.4576
-86.4557
-86.4539
-86.452
-86.4501
-86.4483
-86.4464
-86.4445
-86.4426
-86.4407
-86.4389
-86.437
-86.4351
-86.4332
-86.4313
-86.4294
-86.4275
-86.4256
-86.4236
-86.4217
-86.4198
-86.4179
-86.416
-86.414
-86.4121
-86.4102
-86.4082
-86.4063
-86.4044
-86.4024
-86.4005
-86.3985
-86.3966
-86.3946
-86.3927
-86.3907
-86.3888
-86.3868
-86.3849
-86.3829
-86.3809
-86.3789
-86.377
-86.375
-86.373
-86.371
-86.3691
-86.3671
-86.3651
-86.3631
-86.3611
-86.3591
-86.3571
-86.3551
-86.3531
-86.3511
-86.3491
-86.3471
-86.3451
-86.3431
-86.3411
-86.3391
-86.3371
-86.335
-86.333
-86.331
-86.329
-86.3269
-86.3249
-86.3229
-86.3208
-86.3188
-86.3168
-86.3147
-86.3127
-86.3106
-86.3086
-86.3065
-86.3045
-86.3024
-86.3004
-86.2983
-86.2963
-86.2942
-86.2921
-86.2901
-86.288
-86.2859
-86.2838
-86.2818
-86.2797
-86.2776
-86.2755
-86.2734
-86.2713
-86.2693
-86.2672
-86.2651
-86.263
-86.2609
-86.2588
-86.2566
-86.2545
-86.2524
-86.2503
-86.2482
-86.2461
-86.244
-86.2418
-86.2397
-86.2376
-86.2354
-86.2333
-86.2312
-86.229
-86.2269
-86.2247
-86.2225
-86.2204
-86.2182
-86.216
-86.2138
-86.2116
-86.2094
-86.2072
-86.205
-86.2028
-86.2006
-86.1983
-86.1961
-86.1939
-86.1916
-86.1894
-86.1872
-86.1849
-86.1826
-86.1804
-86.1781
-86.1759
-86.1736
-86.1713
-86.169
-86.1667
-86.1645
-86.1622
-86.1599
-86.1576
-86.1553
-86.1529
-86.1506
-86.1483
-86.146
-86.1437
-86.1413
-86.139
-86.1367
-86.1343
-86.132
-86.1296
-86.1273
-86.1249
-86.1226
-86.1202
-86.1178
-86.1155
-86.1131
-86.1107
-86.1083
-86.1059
-86.1035
-86.1011
-86.0988
-86.0964
-86.0939
-86.0915
-86.0891
-86.0867
-86.0843
-86.0819
-86.0794
-86.077
-86.0746
-86.0721
-86.0697
-86.0673
-86.0648
-86.0624
-86.0599
-86.0574
-86.055
-86.0525
-86.05
-86.0476
-86.0451
-86.0426
-86.0401
-86.0376
-86.0351
-86.0326
-86.0301
-86.0276
-86.0251
-86.0226
-86.0201
-86.0176
-86.015
-86.0125
-86.01
-86.0074
-86.0049
-86.0024
-85.9998
-85.9973
-85.9947
-85.9921
-85.9896
-85.987
-85.9844
-85.9818
-85.9792
-85.9766
-85.974
-85.9713
-85.9687
-85.9661
-85.9634
-85.9607
-85.9581
-85.9554
-85.9527
-85.95
-85.9473
-85.9446
-85.9419
-85.9392
-85.9365
-85.9337
-85.931
-85.9283
-85.9255
-85.9227
-85.92
-85.9172
-85.9144
-85.9116
-85.9088
-85.906
-85.9032
-85.9004
-85.8976
-85.8948
-85.8919
-85.8891
-85.8862
-85.8834
-85.8805
-85.8776
-85.8748
-85.8719
-85.869
-85.8661
-85.8632
-85.8603
-85.8574
-85.8545
-85.8515
-85.8486
-85.8457
-85.8427
-85.8398
-85.8368
-85.8338
-85.8309
-85.8279
-85.8249
-85.8219
-85.8189
-85.8159
-85.8129
-85.8099
-85.8069
-85.8038
-85.8008
-85.7978
-85.7947
-85.7916
-85.7886
-85.7855
-85.7824
-85.7793
-85.7763
-85.7732
-85.7701
-85.7669
-85.7638
-85.7607
-85.7576
-85.7544
-85.7513
-85.7481
-85.7449
-85.7418
-85.7386
-85.7354
-85.7321
-85.7289
-85.7257
-85.7224
-85.7191
-85.7158
-85.7125
-85.7092
-85.7059
-85.7026
-85.6992
-85.6959
-85.6925
-85.6891
-85.6858
-85.6824
-85.6789
-85.6755
-85.6721
-85.6686
-85.6652
-85.6617
-85.6582
-85.6547
-85.6512
-85.6477
-85.6441
-85.6406
-85.637
-85.6335
-85.6299
-85.6263
-85.6227
-85.6191
-85.6154
-85.6118
-85.6082
-85.6045
-85.6008
-85.5971
-85.5934
-85.5897
-85.586
-85.5823
-85.5785
-85.5748
-85.571
-85.5672
-85.5634
-85.5596
-85.5558
-85.552
-85.5481
-85.5443
-85.5404
-85.5365
-85.5326
-85.5287
-85.5248

