-70
-67.8686
-65.0812
-60.217
-46.6584
21.8421
49.758
47.2188
36.2101
14.9647
-2.47302
-13.9849
-24.9204
-35.0467
-53.0904
-87.5995
-94.389
-94.794
-94.7558
-94.6018
-94.3654
-94.0713
-93.7525
-93.4387
-93.1497
-92.8949
-92.6763
-92.492
-92.3384
-92.2113
-92.1066
-92.0208
-91.9507
-91.8939
-91.848
-91.8112
-91.7819
-91.759
-91.7413
-91.7279
-91.7181
-91.7113
-91.7069
-91.7044
-91.7036
-91.7042
-91.7057
-91.7081
-91.7112
-91.7147
-91.7186
-91.7228
-91.7271
-91.7314
-91.7358
-91.7401
-91.7443
-91.7484
-91.7523
-91.756
-91.7595
-91.7627
-91.7656
-91.7683
-91.7707
-91.7728
-91.7746
-91.776
-91.7772
-91.778
-91.7785
-91.7786
-91.7785
-91.778
-91.7771
-91.7759
-91.7744
-91.7726
-91.7704
-91.7679
-91.7651
-91.7619
-91.7584
-91.7546
-91.7505
-91.7461
-91.7413
-91.7362
-91.7308
-91.7251
-91.7191
-91.7127
-91.7061
-91.6992
-91.6919
-91.6844
-91.6765
-91.6684
-91.66
-91.6513
-91.6423
-91.633
-91.6234
-91.6136
-91.6035
-91.5931
-91.5824
-91.5715
-91.5602
-91.5488
-91.537
-91.525
-91.5127
-91.5002
-91.4874
-91.4743
-91.461
-91.4475
-91.4337
-91.4196
-91.4054
-91.3908
-91.376
-91.361
-91.3458
-91.3303
-91.3146
-91.2986
-91.2824
-91.266
-91.2493
-91.2325
-91.2154
-91.198
-91.1805
-91.1627
-91.1447
-91.1265
-91.1081
-91.0895
-91.0706
-91.0516
-91.0323
-91.0128
-90.9932
-90.9733
-90.9532
-90.9329
-90.9124
-90.8917
-90.8708
-90.8497
-90.8284
-90.8069
-90.7852
-90.7633
-90.7412
-90.7189
-90.6965
-90.6738
-90.651
-90.628
-90.6047
-90.5813
-90.5578
-90.534
-90.51
-90.4859
-90.4616
-90.4371
-90.4124
-90.3875
-90.3625
-90.3373
-90.3119
-90.2863
-90.2605
-90.2346
-90.2085
-90.1822
-90.1558
-90.1292
-90.1024
-90.0754
-90.0483
-90.021
-89.9936
-89.9659
-89.9381
-89.9101
-89.882
-89.8537
-89.8252
-89.7966
-89.7678
-89.7388
-89.7097
-89.6804
-89.6509
-89.6213
-89.5915
-89.5616
-89.5315
-89.5012
-89.4708
-89.4402
-89.4095
-89.3786
-89.3475
-89.3163
-89.2849
-89.2533
-89.2216
-89.1897
-89.1577
-89.1255
-89.0932
-89.0607
-89.0281
-88.9952
-88.9623
-88.9291
-88.8959
-88.8624
-88.8288
-88.7951
-88.7611
-88.7271
-88.6928
-88.6585
-88.6239
-88.5892
-88.5544
-88.5194
-88.4842
-88.4489
-88.4134
-88.3777
-88.3419
-88.306
-88.2699
-88.2336
-88.1971
-88.1606
-88.1238
-88.0869
-88.0498
-88.0126
-87.9752
-87.9377
-87.9
-87.8621
-87.8241
-87.7859
-87.7475
-87.709
-87.6703
-87.6315
-87.5925
-87.5533
-87.5139
-87.4744
-87.4348
-87.3949
-87.3549
-87.3147
-87.2744
-87.2339
-87.1932
-87.1523
-87.1113
-87.0701
-87.0287
-86.9872
-86.9455
-86.9036
-86.8615
-86.8192
-86.7768
-86.7342
-86.6914
-86.6484
-86.6052
-86.5618
-86.5183
-86.4746
-86.4306
-86.3865
-86.3422
-86.2977
-86.253
-86.2081
-86.163
-86.1177
-86.0722
-86.0265
-85.9806
-85.9345
-85.8882
-85.8417
-85.7949
-85.7479
-85.7008
-85.6533
-85.6057
-85.5579
-85.5098
-85.4615
-85.4129
-85.3641
-85.3151
-85.2658
-85.2163
-85.1666
-85.1165
-85.0663
-85.0157
-84.965
-84.9139
-84.8626
-84.811
-84.7591
-84.707
-84.6545
-84.6018
-84.5488
-84.4954
-84.4418
-84.3879
-84.3336
-84.2791
-84.2242
-84.169
-84.1134
-84.0575
-84.0012
-83.9446
-83.8877
-83.8303
-83.7726
-83.7145
-83.656
-83.5971
-83.5378
-83.4781
-83.418
-83.3574
-83.2964
-83.2349
-83.173
-83.1106
-83.0477
-82.9843
-82.9203
-82.8559
-82.7909
-82.7254
-82.6593
-82.5926
-82.5254
-82.4575
-82.389
-82.3198
-82.25
-82.1795
-82.1083
-82.0364
-81.9637
-81.8902
-81.8159
-81.7409
-81.6649
-81.5881
-81.5104
-81.4317
-81.3521
-81.2715
-81.1898
-81.107
-81.0231
-80.938
-80.8517
-80.7642
-80.6753
-80.585
-80.4933
-80.4001
-80.3054
-80.2089
-80.1108
-80.0109
-79.9091
-79.8053
-79.6994
-79.5913
-79.4809
-79.368
-79.2525
-79.1343
-79.0132
-78.8889
-78.7614
-78.6303
-78.4954
-78.3566
-78.2133
-78.0654
-77.9125
-77.754
-77.5897
-77.4188
-77.2409
-77.0553
-76.8611
-76.6574
-76.4431
-76.217
-75.9777
-75.7232
-75.4515
-75.1599
-74.8452
-74.5032
-74.1286
-73.7145
-73.2515
-72.7269
-72.1221
-71.4095
-70.545
-69.4528
-67.9887
-65.832
-62.0727
-52.7405
-6.02442
49.7052
49.3621
44.4057
29.5075
7.86447
-6.31276
-17.1703
-28.2303
-38.8673
-62.4395
-92.2744
-94.6476
-94.7151
-94.5282
-94.1931
-93.7329
-93.1969
-92.6457
-92.1277
-91.6702
-91.283
-90.9647
-90.7089
-90.507
-90.3506
-90.2319
-90.1443
-90.0821
-90.0406
-90.0161
-90.0052
-90.0055
-90.0147
-90.0311
-90.0532
-90.08
-90.1103
-90.1434
-90.1787
-90.2156
-90.2537
-90.2925
-90.3319
-90.3715
-90.4111
-90.4507
-90.4899
-90.5288
-90.5673
-90.6052
-90.6425
-90.6792
-90.7151
-90.7504
-90.7849
-90.8187
-90.8517
-90.884
-90.9154
-90.9461
-90.976
-91.005
-91.0333
-91.0608
-91.0876
-91.1135
-91.1387
-91.1631
-91.1868
-91.2097
-91.2318
-91.2533
-91.274
-91.294
-91.3132
-91.3318
-91.3497
-91.3669
-91.3834
-91.3993
-91.4145
-91.429
-91.4429
-91.4562
-91.4688
-91.4809
-91.4923
-91.5031
-91.5133
-91.523
-91.532
-91.5406
-91.5485
-91.5559
-91.5627
-91.5691
-91.5748
-91.5801
-91.5848
-91.5891
-91.5928
-91.5961
-91.5988
-91.6011
-91.6029
-91.6042
-91.6051
-91.6055
-91.6055
-91.6051
-91.6042
-91.6028
-91.6011
-91.5989
-91.5964
-91.5934
-91.59
-91.5862
-91.5821
-91.5775
-91.5726
-91.5673
-91.5617
-91.5557
-91.5493
-91.5425
-91.5355
-91.528
-91.5203
-91.5122
-91.5037
-91.495
-91.4859
-91.4765
-91.4668
-91.4568
-91.4465
-91.4359
-91.425
-91.4138
-91.4023
-91.3905
-91.3784
-91.3661
-91.3535
-91.3406
-91.3275
-91.314
-91.3004
-91.2864
-91.2722
-91.2578
-91.2431
-91.2281
-91.213
-91.1975
-91.1819
-91.166
-91.1498
-91.1335
-91.1169
-91.1
-91.083
-91.0657
-91.0483
-91.0306
-91.0127
-90.9945
-90.9762
-90.9577
-90.9389
-90.92
-90.9009
-90.8815
-90.862
-90.8423
-90.8223
-90.8022
-90.7819
-90.7614
-90.7408
-90.7199
-90.6989
-90.6776
-90.6562
-90.6347
-90.6129
-90.591
-90.5689
-90.5466
-90.5242
-90.5016
-90.4788
-90.4558
-90.4327
-90.4095
-90.386
-90.3624
-90.3387
-90.3148
-90.2907
-90.2665
-90.2421
-90.2176
-90.1929
-90.1681
-90.1431
-90.118
-90.0927
-90.0673
-90.0417
-90.016
-89.9902
-89.9641
-89.938
-89.9117
-89.8853
-89.8587
-89.832
-89.8052
-89.7782
-89.7511
-89.7238
-89.6964
-89.6689
-89.6413
-89.6135
-89.5856
-89.5575
-89.5293
-89.501
-89.4726
-89.444
-89.4153
-89.3865
-89.3576
-89.3285
-89.2993
-89.27
-89.2405
-89.2109
-89.1812
-89.1514
-89.1215
-89.0914
-89.0612
-89.0309
-89.0005
-88.9699
-88.9392
-88.9084
-88.8775
-88.8465
-88.8154
-88.7841
-88.7527
-88.7212
-88.6896
-88.6578
-88.626
-88.594
-88.5619
-88.5297
-88.4974
-88.465
-88.4324
-88.3998
-88.367
-88.3341
-88.3011
-88.268
-88.2347
-88.2014
-88.1679
-88.1343
-88.1006
-88.0668
-88.0329
-87.9989
-87.9647
-87.9305
-87.8961
-87.8616
-87.827
-87.7923
-87.7575
-87.7225
-87.6875
-87.6523
-87.617
-87.5816
-87.5461
-87.5105
-87.4747
-87.4389
-87.4029
-87.3668
-87.3306
-87.2943
-87.2579
-87.2213
-87.1847
-87.1479
-87.111
-87.074
-87.0368
-86.9996
-86.9622
-86.9247
-86.8871
-86.8494
-86.8115
-86.7736
-86.7355
-86.6973
-86.6589
-86.6205
-86.5819
-86.5432
-86.5044
-86.4654
-86.4263
-86.3871
-86.3478
-86.3083
-86.2687
-86.229
-86.1891
-86.1491
-86.109
-86.0687
-86.0284
-85.9878
-85.9472
-85.9064
-85.8654
-85.8243
-85.7831
-85.7417
-85.7002
-85.6586
-85.6168
-85.5748
-85.5327
-85.4904
-85.448
-85.4055
-85.3628
-85.3199
-85.2768
-85.2337
-85.1903
-85.1468
-85.1031
-85.0592
-85.0152
-84.971
-84.9266
-84.882
-84.8373
-84.7924
-84.7473
-84.702
-84.6565
-84.6108
-84.5649
-84.5189
-84.4726
-84.4261
-84.3795
-84.3326
-84.2855
-84.2381
-84.1906
-84.1428
-84.0948
-84.0466
-83.9981
-83.9494
-83.9005
-83.8513
-83.8018
-83.7521
-83.7022
-83.6519
-83.6014
-83.5506
-83.4996
-83.4482
-83.3966
-83.3446
-83.2924
-83.2398
-83.1869
-83.1337
-83.0801
-83.0262
-82.972
-82.9174
-82.8624
-82.8071
-82.7514
-82.6952
-82.6387
-82.5818
-82.5245
-82.4667
-82.4085
-82.3498
-82.2906
-82.231
-82.1709
-82.1103
-82.0492
-81.9875
-81.9253
-81.8625
-81.7991
-81.7352
-81.6706
-81.6053
-81.5395
-81.4729
-81.4057
-81.3377
-81.269
-81.1995
-81.1292
-81.0581
-80.9861
-80.9132
-80.8395
-80.7647
-80.689
-80.6123
-80.5344
-80.4555
-80.3754
-80.2941
-80.2116
-80.1277
-80.0425
-79.9558
-79.8676
-79.7779
-79.6865
-79.5934
-79.4985
-79.4017
-79.3029
-79.2019
-79.0987
-78.9932
-78.8851
-78.7744
-78.6609
-78.5444
-78.4246
-78.3015
-78.1748
-78.0441
-77.9092
-77.7698
-77.6255
-77.4759
-77.3205
-77.1589
-76.9904
-76.8144
-76.6301
-76.4366
-76.2329
-76.0178
-75.7897
-75.5471
-75.2877
-75.0092
-74.7082
-74.3809
-74.0223
-73.6256
-73.1822
-72.6797
-72.101
-71.42
-70.5962
-69.5601
-68.1824
-66.1818
-62.7927
-54.9106
-18.7792
48.0946
49.3592
44.7209
30.5649
9.24333
-5.32596
-16.2623
-27.2754
-37.2249
-58.429
-91.1425
-94.5673
-94.6524
-94.4096
-93.9697
-93.3519
-92.616
-91.8453
-91.1109
-90.4561
-89.8983
-89.4383
-89.0681
-88.7764
-88.5513
-88.3818
-88.2583
-88.1725
-88.1176
-88.0879
-88.0787
-88.0861
-88.107
-88.1389
-88.1794
-88.2269
-88.2799
-88.3373
-88.398
-88.4612
-88.5263
-88.5927
-88.6599
-88.7277
-88.7956
-88.8634
-88.931
-88.9981
-89.0647
-89.1305
-89.1955
-89.2596
-89.3229
-89.3851
-89.4463
-89.5064
-89.5655
-89.6235
-89.6804
-89.7361
-89.7908
-89.8443
-89.8967
-89.948
-89.9981
-90.0472
-90.0952
-90.142
-90.1878
-90.2326
-90.2762
-90.3188
-90.3604
-90.4009
-90.4404
-90.4789
-90.5163
-90.5528
-90.5884
-90.6229
-90.6565
-90.6892
-90.721
-90.7518
-90.7817
-90.8107
-90.8389
-90.8662
-90.8926
-90.9182
-90.9429
-90.9668
-90.9899
-91.0123
-91.0338
-91.0545
-91.0745
-91.0937
-91.1122
-91.13
-91.147
-91.1633
-91.1789
-91.1938
-91.2081
-91.2216
-91.2345
-91.2468
-91.2584
-91.2694
-91.2798
-91.2895
-91.2987
-91.3072
-91.3152
-91.3226
-91.3294
-91.3357
-91.3414
-91.3466
-91.3512
-91.3553
-91.3589
-91.362
-91.3646
-91.3667
-91.3683
-91.3695
-91.3701
-91.3703
-91.3701
-91.3694
-91.3682
-91.3667
-91.3647
-91.3622
-91.3594
-91.3561
-91.3525
-91.3484
-91.344
-91.3392
-91.334
-91.3284
-91.3225
-91.3162
-91.3095
-91.3025
-91.2952
-91.2875
-91.2795
-91.2711
-91.2624
-91.2534
-91.2441
-91.2345
-91.2246
-91.2144
-91.2039
-91.1931
-91.182
-91.1706
-91.1589
-91.147
-91.1348
-91.1223
-91.1096
-91.0966
-91.0834
-91.0699
-91.0561
-91.0421
-91.0279
-91.0134
-90.9987
-90.9838
-90.9686
-90.9533
-90.9376
-90.9218
-90.9058
-90.8895
-90.8731
-90.8564
-90.8395
-90.8224
-90.8052
-90.7877
-90.77
-90.7522
-90.7341
-90.7159
-90.6975
-90.6789
-90.6601
-90.6411
-90.622
-90.6027
-90.5832
-90.5636
-90.5438
-90.5238
-90.5037
-90.4834
-90.4629
-90.4423
-90.4215
-90.4006
-90.3796
-90.3583
-90.337
-90.3155
-90.2938
-90.272
-90.25
-90.228
-90.2057
-90.1834
-90.1609
-90.1383
-90.1155
-90.0926
-90.0696
-90.0465
-90.0232
-89.9998
-89.9763
-89.9526
-89.9288
-89.905
-89.8809
-89.8568
-89.8326
-89.8082
-89.7837
-89.7592
-89.7345
-89.7096
-89.6847
-89.6597
-89.6345
-89.6093
-89.584
-89.5585
-89.5329
-89.5073
-89.4815
-89.4556
-89.4296
-89.4036
-89.3774
-89.3511
-89.3248
-89.2983
-89.2717
-89.2451
-89.2183
-89.1915
-89.1646
-89.1375
-89.1104
-89.0832
-89.0559
-89.0285
-89.001
-88.9735
-88.9458
-88.9181
-88.8902
-88.8623
-88.8343
-88.8063
-88.7781
-88.7498
-88.7215
-88.6931
-88.6646
-88.636
-88.6074
-88.5786
-88.5498
-88.5209
-88.4919
-88.4629
-88.4338
-88.4046
-88.3753
-88.3459
-88.3165
-88.287
-88.2574
-88.2277
-88.198
-88.1682
-88.1383
-88.1083
-88.0783
-88.0482
-88.018
-87.9877
-87.9574
-87.927
-87.8966
-87.866
-87.8354
-87.8047
-87.774
-87.7432
-87.7123
-87.6813
-87.6503
-87.6192
-87.588
-87.5568
-87.5255
-87.4941
-87.4627
-87.4312
-87.3996
-87.368
-87.3362
-87.3044
-87.2726
-87.2407
-87.2087
-87.1766
-87.1445
-87.1123
-87.0801
-87.0477
-87.0153
-86.9829
-86.9503
-86.9177
-86.8851
-86.8523
-86.8195
-86.7867
-86.7537
-86.7207
-86.6876
-86.6545
-86.6213
-86.588
-86.5546
-86.5212
-86.4877
-86.4542
-86.4205
-86.3868
-86.353
-86.3192
-86.2853
-86.2513
-86.2172
-86.1831
-86.1489
-86.1146
-86.0803
-86.0458
-86.0113
-85.9767
-85.9421
-85.9074
-85.8726
-85.8377
-85.8027
-85.7677
-85.7326
-85.6974
-85.6621
-85.6268
-85.5913
-85.5558
-85.5202
-85.4845
-85.4488
-85.4129
-85.377
-85.341
-85.3049
-85.2687
-85.2324
-85.196
-85.1595
-85.123
-85.0863
-85.0496
-85.0128
-84.9758
-84.9388
-84.9017
-84.8645
-84.8271
-84.7897
-84.7522
-84.7146
-84.6768
-84.639
-84.601
-84.563
-84.5248
-84.4865
-84.4481
-84.4096
-84.371
-84.3322
-84.2933
-84.2544
-84.2152
-84.176
-84.1366
-84.0971
-84.0575
-84.0177
-83.9778
-83.9378
-83.8976
-83.8572
-83.8168
-83.7761
-83.7354
-83.6944
-83.6533
-83.6121
-83.5707
-83.5291
-83.4874
-83.4455
-83.4034
-83.3611
-83.3187
-83.2761
-83.2333
-83.1903
-83.1471
-83.1036
-83.0601
-83.0162
-82.9722
-82.928
-82.8835
-82.8388
-82.7939
-82.7488
-82.7034
-82.6577
-82.6119
-82.5657
-82.5193
-82.4726
-82.4257
-82.3784
-82.3309
-82.2831
-82.235
-82.1866
-82.1378
-82.0887
-82.0393
-81.9896
-81.9395
-81.889
-81.8382
-81.787
-81.7354
-81.6834
-81.631
-81.5782
-81.5249
-81.4712
-81.417
-81.3624
-81.3072
-81.2516
-81.1954
-81.1387
-81.0815
-81.0237
-80.9653
-80.9063
-80.8467
-80.7864
-80.7255
-80.6638
-80.6015
-80.5384
-80.4745
-80.4099
-80.3444
-80.2781
-80.2108
-80.1427
-80.0736
-80.0035
-79.9323
-79.8601
-79.7867
-79.7122
-79.6364
-79.5594
-79.4809
-79.4011
-79.3198
-79.237
-79.1525
-79.0664
-78.9784
-78.8886
-78.7967
-78.7028
-78.6066
-78.508
-78.407
-78.3033
-78.1968
-78.0873
-77.9745
-77.8584
-77.7385
-77.6147
-77.4866
-77.354
-77.2163
-77.0733
-76.9244
-76.769
-76.6066
-76.4365
-76.2578
-76.0696
-75.8707
-75.6599
-75.4356
-75.1959
-74.9386
-74.6609
-74.3592
-74.0293
-73.6653
-73.2598
-72.8024
-72.279
-71.6685
-70.9392
-70.039
-68.8752
-67.2625
-64.7559
-59.9116
-44.6557
28.9773
49.6612
46.648
35.3591
14.872
-1.98731
-13.4237
-24.2469
-34.5066
-51.7768
-86.3772
-94.2466
-94.6043
-94.3947
-93.9435
-93.2699
-92.4233
-91.4939
-90.5735
-89.7278
-88.9906
-88.3718
-87.8667
-87.464
-87.1496
-86.9101
-86.7329
-86.6073
-86.5242
-86.4758
-86.4559
-86.4591
-86.4812
-86.5185
-86.5682
-86.6277
-86.6952
-86.769
-86.8476
-86.93
-87.0153
-87.1026
-87.1914
-87.2812
-87.3714
-87.4618
-87.5521
-87.642
-87.7313
-87.8198
-87.9075
-87.9942
-88.0798
-88.1643
-88.2475
-88.3296
-88.4103
-88.4898
-88.5679
-88.6447
-88.7201
-88.7942
-88.8669
-88.9383
-89.0083
-89.0769
-89.1442
-89.2102
-89.2749
-89.3382
-89.4002
-89.461
-89.5204
-89.5786
-89.6355
-89.6911
-89.7456
-89.7988
-89.8508
-89.9016
-89.9512
-89.9996
-90.0469
-90.0931
-90.1381
-90.1821
-90.2249
-90.2666
-90.3073
-90.3469
-90.3855
-90.423
-90.4595
-90.4951
-90.5296
-90.5632
-90.5958
-90.6274
-90.6581
-90.6879
-90.7168
-90.7448
-90.7719
-90.7981
-90.8235
-90.848
-90.8717
-90.8946
-90.9167
-90.938
-90.9584
-90.9782
-90.9971
-91.0153
-91.0328
-91.0495
-91.0656
-91.0809
-91.0955
-91.1095
-91.1227
-91.1354
-91.1473
-91.1587
-91.1694
-91.1794
-91.1889
-91.1978
-91.2061
-91.2138
-91.2209
-91.2275
-91.2335
-91.239
-91.2439
-91.2483
-91.2522
-91.2556
-91.2585
-91.2609
-91.2628
-91.2643
-91.2652
-91.2657
-91.2658
-91.2654
-91.2646
-91.2634
-91.2617
-91.2596
-91.2571
-91.2542
-91.2509
-91.2473
-91.2432
-91.2388
-91.234
-91.2288
-91.2233
-91.2174
-91.2112
-91.2046
-91.1978
-91.1905
-91.183
-91.1752
-91.167
-91.1585
-91.1497
-91.1407
-91.1313
-91.1217
-91.1117
-91.1015
-91.0911
-91.0803
-91.0693
-91.058
-91.0465
-91.0347
-91.0227
-91.0105
-90.998
-90.9852
-90.9722
-90.959
-90.9456
-90.932
-90.9181
-90.904
-90.8898
-90.8753
-90.8606
-90.8457
-90.8306
-90.8153
-90.7999
-90.7842
-90.7684
-90.7523
-90.7361
-90.7198
-90.7032
-90.6865
-90.6696
-90.6525
-90.6353
-90.6179
-90.6004
-90.5827
-90.5648
-90.5468
-90.5287
-90.5104
-90.492
-90.4734
-90.4547
-90.4358
-90.4168
-90.3977
-90.3784
-90.359
-90.3395
-90.3199
-90.3001
-90.2802
-90.2602
-90.24
-90.2198
-90.1994
-90.1789
-90.1583
-90.1376
-90.1168
-90.0959
-90.0749
-90.0538
-90.0325
-90.0112
-89.9897
-89.9682
-89.9466
-89.9248
-89.903
-89.8811
-89.8591
-89.837
-89.8148
-89.7925
-89.7701
-89.7477
-89.7251
-89.7025
-89.6798
-89.657
-89.6341
-89.6112
-89.5882
-89.5651
-89.5419
-89.5186
-89.4953
-89.4719
-89.4484
-89.4249
-89.4012
-89.3775
-89.3538
-89.33
-89.3061
-89.2821
-89.2581
-89.234
-89.2098
-89.1856
-89.1613
-89.137
-89.1126
-89.0881
-89.0636
-89.039
-89.0144
-88.9897
-88.965
-88.9402
-88.9153
-88.8904
-88.8654
-88.8404
-88.8153
-88.7902
-88.765
-88.7398
-88.7146
-88.6892
-88.6639
-88.6385
-88.613
-88.5875
-88.5619
-88.5363
-88.5107
-88.485
-88.4592
-88.4335
-88.4076
-88.3818
-88.3559
-88.3299
-88.3039
-88.2779
-88.2518
-88.2257
-88.1996
-88.1734
-88.1472
-88.1209
-88.0946
-88.0683
-88.0419
-88.0155
-87.989
-87.9625
-87.936
-87.9095
-87.8829
-87.8563
-87.8296
-87.8029
-87.7762
-87.7495
-87.7227
-87.6959
-87.669
-87.6421
-87.6152
-87.5883
-87.5613
-87.5343
-87.5072
-87.4802
-87.4531
-87.426
-87.3988
-87.3716
-87.3444
-87.3172
-87.2899
-87.2626
-87.2353
-87.2079
-87.1806
-87.1532
-87.1257
-87.0983
-87.0708
-87.0433
-87.0157
-86.9882
-86.9606
-86.933
-86.9053
-86.8776
-86.8499
-86.8222
-86.7945
-86.7667
-86.7389
-86.7111
-86.6832
-86.6554
-86.6275
-86.5995
-86.5716
-86.5436
-86.5156
-86.4876
-86.4595
-86.4315
-86.4034
-86.3752
-86.3471
-86.3189
-86.2907
-86.2625
-86.2342
-86.206
-86.1777
-86.1493
-86.121
-86.0926
-86.0642
-86.0358
-86.0073
-85.9788
-85.9503
-85.9218
-85.8932
-85.8647
-85.836
-85.8074
-85.7787
-85.75
-85.7213
-85.6926
-85.6638
-85.635
-85.6062
-85.5773
-85.5484
-85.5195
-85.4906
-85.4616
-85.4326
-85.4036
-85.3745
-85.3454
-85.3163
-85.2871
-85.2579
-85.2287
-85.1995
-85.1702
-85.1409
-85.1115
-85.0821
-85.0527
-85.0233
-84.9938
-84.9643
-84.9347
-84.9051
-84.8755
-84.8458
-84.8161
-84.7864
-84.7566
-84.7268
-84.6969
-84.667
-84.637
-84.6071
-84.577
-84.547
-84.5169
-84.4867
-84.4565
-84.4262
-84.396
-84.3656
-84.3352
-84.3048
-84.2743
-84.2438
-84.2132
-84.1825
-84.1518
-84.1211
-84.0903
-84.0595
-84.0285
-83.9976
-83.9666
-83.9355
-83.9043
-83.8731
-83.8419
-83.8105
-83.7791
-83.7477
-83.7162
-83.6846
-83.6529
-83.6212
-83.5894
-83.5575
-83.5255
-83.4935
-83.4614
-83.4292
-83.397
-83.3646
-83.3322
-83.2997
-83.2671
-83.2344
-83.2016
-83.1688
-83.1358
-83.1028
-83.0696
-83.0364
-83.003
-82.9696
-82.936
-82.9024
-82.8686
-82.8347
-82.8007
-82.7666
-82.7324
-82.6981
-82.6636
-82.629
-82.5943
-82.5595
-82.5245
-82.4894
-82.4541
-82.4187
-82.3832
-82.3475
-82.3117
-82.2757
-82.2395
-82.2032
-82.1667
-82.1301
-82.0933
-82.0563
-82.0191
-81.9817
-81.9442
-81.9064
-81.8685
-81.8304
-81.792
-81.7535
-81.7147
-81.6757
-81.6365
-81.597
-81.5573
-81.5174
-81.4772
-81.4367
-81.396
-81.3551
-81.3138
-81.2722
-81.2304
-81.1882
-81.1458
-81.103
-81.0599
-81.0165
-80.9727
-80.9286
-80.8841
-80.8393
-80.794
-80.7484
-80.7023
-80.6558
-80.6089
-80.5615
-80.5137
-80.4654
-80.4166
-80.3674
-80.3175
-80.2672
-80.2163
-80.1648
-80.1127
-80.06
-80.0066
-79.9526
-79.8979
-79.8426
-79.7864
-79.7295
-79.6718
-79.6133
-79.5539
-79.4937
-79.4325
-79.3703
-79.3072
-79.2429
-79.1776
-79.1112
-79.0435
-78.9746
-78.9044
-78.8328
-78.7598
-78.6853
-78.6092
-78.5314
-78.4518
-78.3704
-78.287
-78.2016
-78.114
-78.024
-77.9316
-77.8366
-77.7388
-77.638
-77.534
-77.4266
-77.3156
-77.2006
-77.0814
-76.9576
-76.8288
-76.6946
-76.5545
-76.408
-76.2544
-76.0931
-75.923
-75.7433
-75.5529
-75.3504
-75.134
-74.902
-74.652
-74.3809
-74.0852
-73.7601
-73.3996
-72.9956
-72.537
-72.008
-71.3857
-70.6339
-69.6926
-68.4518
-66.6806
-63.7828
-57.5485
-32.822
41.8926
49.3607
44.9662
31.3672
10.3354
-4.55978
-15.5635
-26.5245
-36.0243
-55.5109
-89.6753
-94.4376
-94.558
-94.2488
-93.6776
-92.8572
-91.8563
-90.7844
-89.7434
-88.8011
-87.9892
-87.3139
-86.7672
-86.3344
-85.9994
-85.7466
-85.562
-85.4338
-85.3519
-85.3078
-85.2946
-85.3067
-85.3392
-85.3884
-85.451
-85.5243
-85.6062
-85.695
-85.789
-85.8872
-85.9884
-86.0919
-86.197
-86.3031
-86.4096
-86.5163
-86.6228
-86.7289
-86.8343
-86.9388
-87.0423
-87.1447
-87.2459
-87.3458
-87.4444
-87.5415
-87.6372
-87.7315
-87.8242
-87.9155
-88.0052
-88.0935
-88.1802
-88.2653
-88.349
-88.4311
-88.5118
-88.5909
-88.6685
-88.7447
-88.8194
-88.8927
-88.9645
-89.0348
-89.1038
-89.1713
-89.2375
-89.3023
-89.3657
-89.4278
-89.4886
-89.548
-89.6062
-89.663
-89.7186
-89.773
-89.8261
-89.8779
-89.9286
-89.9781
-90.0263
-90.0735
-90.1194
-90.1643
-90.208
-90.2506
-90.2921
-90.3325
-90.3719
-90.4102
-90.4475
-90.4838
-90.5191
-90.5534
-90.5867
-90.619
-90.6504
-90.6809
-90.7104
-90.739
-90.7668
-90.7936
-90.8196
-90.8447
-90.869
-90.8925
-90.9151
-90.937
-90.958
-90.9783
-90.9978
-91.0166
-91.0346
-91.0519
-91.0684
-91.0843
-91.0995
-91.114
-91.1278
-91.1409
-91.1534
-91.1653
-91.1765
-91.1871
-91.1971
-91.2065
-91.2153
-91.2236
-91.2313
-91.2384
-91.245
-91.251
-91.2565
-91.2615
-91.2659
-91.2699
-91.2734
-91.2764
-91.2789
-91.2809
-91.2825
-91.2836
-91.2843
-91.2846
-91.2844
-91.2838
-91.2828
-91.2814
-91.2796
-91.2773
-91.2748
-91.2718
-91.2684
-91.2647
-91.2607
-91.2563
-91.2515
-91.2464
-91.241
-91.2352
-91.2291
-91.2227
-91.216
-91.209
-91.2017
-91.1941
-91.1862
-91.1781
-91.1696
-91.1609
-91.1519
-91.1427
-91.1332
-91.1234
-91.1134
-91.1031
-91.0926
-91.0819
-91.071
-91.0598
-91.0483
-91.0367
-91.0249
-91.0128
-91.0005
-90.9881
-90.9754
-90.9625
-90.9494
-90.9362
-90.9227
-90.9091
-90.8953
-90.8813
-90.8672
-90.8529
-90.8384
-90.8237
-90.8089
-90.7939
-90.7788
-90.7635
-90.748
-90.7325
-90.7167
-90.7008
-90.6848
-90.6687
-90.6524
-90.636
-90.6194
-90.6027
-90.5859
-90.569
-90.5519
-90.5348
-90.5175
-90.5001
-90.4825
-90.4649
-90.4472
-90.4293
-90.4114
-90.3933
-90.3752
-90.3569
-90.3385
-90.3201
-90.3015
-90.2829
-90.2641
-90.2453
-90.2264
-90.2074
-90.1883
-90.1691
-90.1499
-90.1305
-90.1111
-90.0916
-90.0721
-90.0524
-90.0327
-90.0129
-89.993
-89.9731
-89.9531
-89.933
-89.9129
-89.8927
-89.8724
-89.8521
-89.8317
-89.8113
-89.7907
-89.7702
-89.7495
-89.7288
-89.7081
-89.6873
-89.6665
-89.6456
-89.6246
-89.6036
-89.5826
-89.5615
-89.5403
-89.5191
-89.4979
-89.4766
-89.4552
-89.4339
-89.4125
-89.391
-89.3695
-89.348
-89.3264
-89.3048
-89.2831
-89.2614
-89.2397
-89.2179
-89.1961
-89.1743
-89.1524
-89.1305
-89.1086
-89.0867
-89.0647
-89.0427
-89.0206
-88.9985
-88.9764
-88.9543
-88.9321
-88.9099
-88.8877
-88.8655
-88.8432
-88.821
-88.7987
-88.7763
-88.754
-88.7316
-88.7092
-88.6868
-88.6644
-88.6419
-88.6194
-88.597
-88.5744
-88.5519
-88.5294
-88.5068
-88.4842
-88.4617
-88.4391
-88.4164
-88.3938
-88.3712
-88.3485
-88.3258
-88.3031
-88.2805
-88.2577
-88.235
-88.2123
-88.1896
-88.1668
-88.1441
-88.1213
-88.0985
-88.0757
-88.0529
-88.0301
-88.0073
-87.9845
-87.9617
-87.9389
-87.916
-87.8932
-87.8703
-87.8475
-87.8246
-87.8018
-87.7789
-87.756
-87.7332
-87.7103
-87.6874
-87.6646
-87.6417
-87.6188
-87.5959
-87.573
-87.5501
-87.5272
-87.5043
-87.4815
-87.4586
-87.4357
-87.4128
-87.3899
-87.367
-87.3441
-87.3212
-87.2984
-87.2755
-87.2526
-87.2297
-87.2068
-87.184
-87.1611
-87.1382
-87.1153
-87.0925
-87.0696
-87.0468
-87.0239
-87.001
-86.9782
-86.9554
-86.9325
-86.9097
-86.8869
-86.864
-86.8412
-86.8184
-86.7956
-86.7728
-86.75
-86.7272
-86.7044
-86.6816
-86.6588
-86.6361
-86.6133
-86.5905
-86.5678
-86.545
-86.5223
-86.4995
-86.4768
-86.4541
-86.4314
-86.4087
-86.386
-86.3633
-86.3406
-86.3179
-86.2952
-86.2726
-86.2499
-86.2273
-86.2046
-86.182
-86.1594
-86.1367
-86.1141
-86.0915
-86.0689
-86.0463
-86.0237
-86.0011
-85.9786
-85.956
-85.9335
-85.9109
-85.8884
-85.8658
-85.8433
-85.8208
-85.7983
-85.7758
-85.7533
-85.7308
-85.7083
-85.6858
-85.6634
-85.6409
-85.6185
-85.596
-85.5736
-85.5511
-85.5287
-85.5063
-85.4839
-85.4615
-85.4391
-85.4167
-85.3943
-85.372
-85.3496
-85.3272
-85.3049
-85.2825
-85.2602
-85.2378
-85.2155
-85.1932
-85.1709
-85.1486
-85.1262
-85.1039
-85.0816
-85.0593
-85.0371
-85.0148
-84.9925
-84.9702
-84.948
-84.9257
-84.9034
-84.8812
-84.8589
-84.8367
-84.8144
-84.7922
-84.77
-84.7477
-84.7255
-84.7033
-84.6811
-84.6588
-84.6366
-84.6144
-84.5922
-84.5699
-84.5477
-84.5255
-84.5033
-84.4811
-84.4589
-84.4367
-84.4145
-84.3923
-84.37
-84.3478
-84.3256
-84.3034
-84.2812
-84.259
-84.2368
-84.2145
-84.1923
-84.1701
-84.1479
-84.1256
-84.1034
-84.0811
-84.0589
-84.0367
-84.0144
-83.9922
-83.9699
-83.9476
-83.9253
-83.903
-83.8808
-83.8585
-83.8361
-83.8138
-83.7915
-83.7692
-83.7469
-83.7245
-83.7021
-83.6798
-83.6574
-83.635
-83.6126
-83.5902
-83.5678
-83.5453
-83.5229
-83.5004
-83.4779
-83.4554
-83.4329
-83.4104
-83.3878
-83.3653
-83.3427
-83.3201
-83.2975
-83.2749
-83.2522
-83.2296
-83.2069
-83.1842
-83.1614
-83.1387
-83.1159
-83.0931
-83.0703
-83.0474
-83.0246
-83.0016
-82.9787
-82.9558
-82.9328
-82.9098
-82.8867
-82.8636
-82.8406
-82.8174
-82.7943
-82.7711
-82.7478
-82.7246
-82.7013
-82.6779
-82.6545
-82.6311
-82.6077
-82.5842
-82.5607
-82.5371
-82.5135
-82.4898
-82.4661
-82.4423
-82.4185
-82.3947
-82.3708
-82.3469
-82.3229
-82.2988
-82.2747
-82.2506
-82.2264
-82.2021
-82.1778
-82.1534
-82.129
-82.1045
-82.0799
-82.0553
-82.0306
-82.0058
-81.981
-81.9561
-81.9311
-81.9061
-81.8809
-81.8558
-81.8305
-81.8051
-81.7797
-81.7542
-81.7286
-81.7029
-81.6771
-81.6512
-81.6253
-81.5992
-81.5731
-81.5469
-81.5205
-81.494
-81.4675
-81.4408
-81.414
-81.3872
-81.3602
-81.3331
-81.3058
-81.2785
-81.251
-81.2234
-81.1956
-81.1677
-81.1397
-81.1116
-81.0833
-81.0548
-81.0262
-80.9975
-80.9686
-80.9395
-80.9103
-80.8809
-80.8513
-80.8216
-80.7916
-80.7615
-80.7312
-80.7007
-80.67
-80.6391
-80.608
-80.5767
-80.5452
-80.5134
-80.4814
-80.4491
-80.4166
-80.3839
-80.3509
-80.3177
-80.2841
-80.2503
-80.2162
-80.1819
-80.1472
-80.1122
-80.0769
-80.0412
-80.0052
-79.9689
-79.9322
-79.8952
-79.8578
-79.8199
-79.7817
-79.743
-79.704
-79.6645
-79.6245
-79.5841
-79.5431
-79.5017
-79.4597
-79.4173
-79.3742
-79.3306
-79.2864
-79.2416
-79.1961
-79.15
-79.1032
-79.0556
-79.0073
-78.9583
-78.9085
-78.8578
-78.8063
-78.7538
-78.7004
-78.6461
-78.5907
-78.5342
-78.4767
-78.4179
-78.358
-78.2967
-78.2341
-78.1701
-78.1046
-78.0376
-77.9689
-77.8985
-77.8262
-77.752
-77.6758
-77.5974
-77.5167
-77.4336
-77.3478
-77.2593
-77.1678
-77.0732
-76.9751
-76.8734
-76.7678
-76.6579
-76.5434
-76.4239
-76.2989
-76.168
-76.0306
-75.886
-75.7335
-75.5722
-75.401
-75.2188
-75.0241
-74.8153
-74.5903
-74.3466
-74.0809
-73.7894
-73.467
-73.1069
-72.7004
-72.2349
-71.6927
-71.0471
-70.2553
-69.2441
-67.8733
-65.8273
-62.1939
-52.7774
-5.80363
49.6952
49.339
44.246
29.0488
7.31978
-6.70475
-17.5368
-28.6113
-39.5603
-64.1442
-92.5194
-94.5176
-94.4285
-93.9862
-93.2576
-92.2779
-91.1478
-89.9909
-88.9056
-87.9483
-87.1397
-86.478
-85.9501
-85.5384
-85.2252
-84.9939
-84.8303
-84.7223
-84.6596
-84.6339
-84.6382
-84.667
-84.7156
-84.78
-84.8573
-84.9447
-85.0403
-85.1421
-85.2489
-85.3593
-85.4724
-85.5875
-85.7038
-85.8208
-85.938
-86.0552
-86.1719
-86.2879
-86.4031
-86.5172
-86.6301
-86.7418
-86.8521
-86.9609
-87.0683
-87.1741
-87.2784
-87.3811
-87.4821
-87.5816
-87.6794
-87.7756
-87.8701
-87.9631
-88.0544
-88.1441
-88.2322
-88.3188
-88.4037
-88.4871
-88.5689
-88.6492
-88.728
-88.8052
-88.881
-88.9552
-89.028
-89.0994
-89.1693
-89.2378
-89.3048
-89.3705
-89.4348
-89.4978
-89.5594
-89.6197
-89.6786
-89.7363
-89.7927
-89.8478
-89.9017
-89.9543
-90.0057
-90.0559
-90.1049
-90.1527
-90.1994
-90.2449
-90.2893
-90.3326
-90.3748
-90.4159
-90.456
-90.495
-90.5329
-90.5698
-90.6057
-90.6407
-90.6746
-90.7076
-90.7396
-90.7706
-90.8008
-90.83
-90.8584
-90.8858
-90.9124
-90.9382
-90.9631
-90.9871
-91.0104
-91.0328
-91.0544
-91.0753
-91.0954
-91.1148
-91.1334
-91.1513
-91.1685
-91.1849
-91.2007
-91.2158
-91.2302
-91.244
-91.2571
-91.2695
-91.2814
-91.2926
-91.3033
-91.3133
-91.3228
-91.3317
-91.34
-91.3478
-91.355
-91.3617
-91.3679
-91.3735
-91.3787
-91.3833
-91.3875
-91.3912
-91.3944
-91.3972
-91.3995
-91.4014
-91.4028
-91.4038
-91.4044
-91.4045
-91.4043
-91.4037
-91.4026
-91.4012
-91.3995
-91.3973
-91.3948
-91.3919
-91.3887
-91.3852
-91.3813
-91.377
-91.3725
-91.3676
-91.3625
-91.357
-91.3512
-91.3452
-91.3388
-91.3322
-91.3253
-91.3181
-91.3106
-91.3029
-91.2949
-91.2867
-91.2782
-91.2695
-91.2606
-91.2514
-91.242
-91.2323
-91.2225
-91.2124
-91.2021
-91.1916
-91.1809
-91.1701
-91.159
-91.1477
-91.1362
-91.1246
-91.1127
-91.1007
-91.0885
-91.0762
-91.0637
-91.051
-91.0381
-91.0251
-91.012
-90.9986
-90.9852
-90.9716
-90.9578
-90.9439
-90.9299
-90.9157
-90.9014
-90.887
-90.8724
-90.8578
-90.843
-90.828
-90.813
-90.7978
-90.7826
-90.7672
-90.7517
-90.7361
-90.7204
-90.7046
-90.6887
-90.6727
-90.6566
-90.6404
-90.6241
-90.6078
-90.5913
-90.5747
-90.5581
-90.5414
-90.5246
-90.5077
-90.4907
-90.4737
-90.4566
-90.4394
-90.4221
-90.4048
-90.3874
-90.37
-90.3524
-90.3348
-90.3172
-90.2994
-90.2817
-90.2638
-90.2459
-90.2279
-90.2099
-90.1919
-90.1737
-90.1556
-90.1373
-90.1191
-90.1007
-90.0824
-90.0639
-90.0455
-90.027
-90.0084
-89.9898
-89.9712
-89.9525
-89.9338
-89.915
-89.8962
-89.8774
-89.8586
-89.8397
-89.8207
-89.8018
-89.7828
-89.7637
-89.7447
-89.7256
-89.7065
-89.6873
-89.6682
-89.649
-89.6298
-89.6105
-89.5912
-89.572
-89.5526
-89.5333
-89.5139
-89.4946
-89.4752
-89.4557
-89.4363
-89.4169
-89.3974
-89.3779
-89.3584
-89.3389
-89.3194
-89.2998
-89.2803
-89.2607
-89.2411
-89.2215
-89.2019
-89.1823
-89.1627
-89.1431
-89.1234
-89.1038
-89.0841
-89.0645
-89.0448
-89.0251
-89.0055
-88.9858
-88.9661
-88.9464
-88.9267
-88.907
-88.8873
-88.8676
-88.8479
-88.8282
-88.8085
-88.7888
-88.7691
-88.7494
-88.7297
-88.7099
-88.6902
-88.6705
-88.6509
-88.6312
-88.6115
-88.5918
-88.5721
-88.5524
-88.5327
-88.5131
-88.4934
-88.4738
-88.4541
-88.4345
-88.4148
-88.3952
-88.3756
-88.356
-88.3364
-88.3168
-88.2972
-88.2776
-88.258
-88.2385
-88.2189
-88.1994
-88.1799
-88.1604
-88.1409
-88.1214
-88.1019
-88.0824
-88.063
-88.0435
-88.0241
-88.0047
-87.9853
-87.9659
-87.9465
-87.9271
-87.9078
-87.8885
-87.8691
-87.8498
-87.8305
-87.8113
-87.792
-87.7728
-87.7535
-87.7343
-87.7152
-87.696
-87.6768
-87.6577
-87.6386
-87.6195
-87.6004
-87.5813
-87.5623
-87.5432
-87.5242
-87.5052
-87.4862
-87.4673
-87.4484
-87.4294
-87.4105
-87.3917
-87.3728
-87.354
-87.3351
-87.3164
-87.2976
-87.2788
-87.2601
-87.2414
-87.2227
-87.204
-87.1854
-87.1667
-87.1481
-87.1295
-87.111
-87.0924
-87.0739
-87.0554
-87.0369
-87.0185
-87.0001
-86.9817
-86.9633
-86.9449
-86.9266
-86.9083
-86.89
-86.8717
-86.8535
-86.8352
-86.817
-86.7989
-86.7807
-86.7626
-86.7445
-86.7264
-86.7084
-86.6903
-86.6723
-86.6544
-86.6364
-86.6185
-86.6006
-86.5827
-86.5648
-86.547
-86.5292
-86.5114
-86.4936
-86.4759
-86.4582
-86.4405
-86.4229
-86.4052
-86.3876
-86.37
-86.3525
-86.3349
-86.3174
-86.2999
-86.2825
-86.2651
-86.2477
-86.2303
-86.2129
-86.1956
-86.1783
-86.161
-86.1438
-86.1265
-86.1093
-86.0922
-86.075
-86.0579
-86.0408
-86.0237
-86.0067
-85.9897
-85.9727
-85.9557
-85.9388
-85.9219
-85.905
-85.8881
-85.8713
-85.8545
-85.8377
-85.8209
-85.8042
-85.7875
-85.7708
-85.7542
-85.7375
-85.7209
-85.7044
-85.6878
-85.6713
-85.6548
-85.6383
-85.6219
-85.6054
-85.589
-85.5727
-85.5563
-85.54
-85.5237
-85.5075
-85.4912
-85.475
-85.4588
-85.4427
-85.4265
-85.4104
-85.3943
-85.3783
-85.3622
-85.3462
-85.3302
-85.3143
-85.2983
-85.2824
-85.2666
-85.2507
-85.2349
-85.2191
-85.2033
-85.1875
-85.1718
-85.1561
-85.1404
-85.1248
-85.1091
-85.0935
-85.078
-85.0624
-85.0469
-85.0314
-85.0159
-85.0005
-84.985
-84.9696
-84.9542
-84.9389
-84.9236
-84.9082
-84.893
-84.8777
-84.8625
-84.8473
-84.8321
-84.8169
-84.8018
-84.7867
-84.7716
-84.7565
-84.7415
-84.7265
-84.7115
-84.6965
-84.6815
-84.6666
-84.6517
-84.6368
-84.622
-84.6071
-84.5923
-84.5776
-84.5628
-84.5481
-84.5334
-84.5187
-84.504
-84.4894
-84.4747
-84.4601
-84.4456
-84.431
-84.4165
-84.4019
-84.3875
-84.373
-84.3585
-84.3441
-84.3297
-84.3153
-84.301
-84.2867
-84.2724
-84.2581
-84.2438
-84.2295
-84.2153
-84.2011
-84.1869
-84.1727
-84.1586
-84.1445
-84.1304
-84.1163
-84.1022
-84.0882
-84.0742
-84.0602
-84.0462
-84.0323
-84.0183
-84.0044
-83.9905
-83.9766
-83.9628
-83.9489
-83.9351
-83.9213
-83.9075
-83.8938
-83.88
-83.8663
-83.8526
-83.8389
-83.8253
-83.8116
-83.798
-83.7844
-83.7708
-83.7572
-83.7437
-83.7301
-83.7166
-83.7031
-83.6896
-83.6762
-83.6627
-83.6493
-83.6359
-83.6225
-83.6091
-83.5958
-83.5824
-83.5691
-83.5558
-83.5425
-83.5293
-83.516
-83.5028
-83.4895
-83.4763
-83.4631
-83.45
-83.4368
-83.4237
-83.4105
-83.3974
-83.3843
-83.3713
-83.3582
-83.3451
-83.3321
-83.3191
-83.3061
-83.2931
-83.2802
-83.2672
-83.2542
-83.2413
-83.2284
-83.2155
-83.2026
-83.1897
-83.1769
-83.164
-83.1512
-83.1384
-83.1256
-83.1128
-83.1
-83.0872
-83.0745
-83.0617
-83.049
-83.0363
-83.0236
-83.0109
-82.9982
-82.9855
-82.9729
-82.9602
-82.9476
-82.935
-82.9224
-82.9098
-82.8972
-82.8846
-82.872
-82.8595
-82.847
-82.8344
-82.8219
-82.8094
-82.7969
-82.7844
-82.7719
-82.7594
-82.747
-82.7345
-82.7221
-82.7096
-82.6972
-82.6848
-82.6724
-82.66
-82.6476
-82.6352
-82.6228
-82.6104
-82.5981
-82.5857
-82.5734
-82.5611
-82.5487
-82.5364
-82.5241
-82.5118
-82.4995
-82.4871
-82.4748
-82.4626
-82.4503
-82.438
-82.4257
-82.4135
-82.4012
-82.3889
-82.3767
-82.3645
-82.3522
-82.34
-82.3278
-82.3155
-82.3033
-82.2911
-82.2789
-82.2667
-82.2544
-82.2422
-82.23
-82.2178
-82.2056
-82.1934
-82.1812
-82.169
-82.1568
-82.1446
-82.1324
-82.1203
-82.1081
-82.0959
-82.0837
-82.0715
-82.0593
-82.0472
-82.035
-82.0228
-82.0106
-81.9984
-81.9862
-81.974
-81.9618
-81.9496
-81.9374
-81.9252
-81.913
-81.9008
-81.8886
-81.8764
-81.8642
-81.8519
-81.8397
-81.8275
-81.8153
-81.803
-81.7908
-81.7785
-81.7663
-81.754
-81.7417
-81.7295
-81.7172
-81.7049
-81.6926
-81.6803
-81.668
-81.6557
-81.6434
-81.631
-81.6187
-81.6064
-81.594
-81.5816
-81.5693
-81.5569
-81.5445
-81.532
-81.5196
-81.5072
-81.4947
-81.4823
-81.4698
-81.4573
-81.4448
-81.4323
-81.4198
-81.4072
-81.3947
-81.3821
-81.3695
-81.357
-81.3443
-81.3317
-81.3191
-81.3064
-81.2937
-81.281
-81.2683
-81.2555
-81.2428
-81.23
-81.2172
-81.2043
-81.1915
-81.1786
-81.1658
-81.1529
-81.1399
-81.127
-81.114
-81.101
-81.088
-81.0749
-81.0619
-81.0488
-81.0356
-81.0225
-81.0093
-80.996
-80.9828
-80.9695
-80.9562
-80.9429
-80.9295
-80.9161
-80.9027
-80.8892
-80.8757
-80.8622
-80.8486
-80.835
-80.8214
-80.8077
-80.794
-80.7802
-80.7664
-80.7526
-80.7387
-80.7248
-80.7108
-80.6968
-80.6828
-80.6687
-80.6546
-80.6404
-80.6262
-80.6119
-80.5976
-80.5832
-80.5687
-80.5542
-80.5397
-80.5251
-80.5105
-80.4958
-80.481
-80.4662
-80.4513
-80.4364
-80.4214
-80.4063
-80.3912
-80.376
-80.3608
-80.3454
-80.3301
-80.3146
-80.299
-80.2834
-80.2677
-80.252
-80.2361
-80.2202
-80.2042
-80.1882
-80.172
-80.1558
-80.1395
-80.1231
-80.1066
-80.0899
-80.0733
-80.0565
-80.0396
-80.0226
-80.0055
-79.9883
-79.971
-79.9536
-79.9361
-79.9185
-79.9007
-79.8829
-79.8649
-79.8468
-79.8286
-79.8102
-79.7917
-79.7731
-79.7543
-79.7354
-79.7164
-79.6972
-79.6779
-79.6584
-79.6388
-79.619
-79.599
-79.5789
-79.5586
-79.5381
-79.5175
-79.4967
-79.4756
-79.4544
-79.433
-79.4114
-79.3896
-79.3676
-79.3454
-79.3229
-79.3002
-79.2773
-79.2541
-79.2307
-79.2071
-79.1832
-79.159
-79.1345
-79.1098
-79.0848
-79.0595
-79.0338
-79.0079
-78.9816
-78.955
-78.9281
-78.9008
-78.8732
-78.8452
-78.8168
-78.788
-78.7587
-78.7291
-78.699
-78.6685
-78.6376
-78.6061
-78.5741
-78.5417
-78.5087
-78.4751
-78.441
-78.4063
-78.371
-78.335
-78.2984
-78.2611
-78.2231
-78.1844
-78.1449
-78.1045
-78.0634
-78.0214
-77.9785
-77.9346
-77.8898
-77.8439
-77.797
-77.7489
-77.6997
-77.6492
-77.5975
-77.5443
-77.4897
-77.4337
-77.376
-77.3167
-77.2556
-77.1926
-77.1276
-77.0606
-76.9913
-76.9196
-76.8454
-76.7685
-76.6887
-76.6059
-76.5197
-76.43
-76.3363
-76.2386
-76.1363
-76.0292
-75.9167
-75.7984
-75.6737
-75.542
-75.4024
-75.2542
-75.0963
-74.9275
-74.7464
-74.5513
-74.3402
-74.1105
-73.8591
-73.5821
-73.2742
-72.9289
-72.5372
-72.0865
-71.559
-70.9274
-70.1485
-69.1472
-67.7785
-65.7123
-61.9654
-51.7555
-0.275424
49.7953
49.2113
43.5456
27.465
5.8271
-7.71446
-18.4536
-29.5251
-41.2391
-68.1333
-93.0327
-94.5077
-94.3573
-93.8577
-93.0572
-91.9997
-90.7961
-89.5754
-88.4374
-87.4378
-86.5961
-85.9091
-85.3622
-84.9371
-84.6147
-84.378
-84.2118
-84.1036
-84.0426
-84.0202
-84.0291
-84.0634
-84.1184
-84.1898
-84.2746
-84.37
-84.4738
-84.5842
-84.6996
-84.8188
-84.9408
-85.0648
-85.1901
-85.316
-85.4422
-85.5681
-85.6936
-85.8184
-85.9422
-86.0649
-86.1863
-86.3064
-86.425
-86.5421
-86.6575
-86.7714
-86.8836
-86.9941
-87.1028
-87.2099
-87.3153
-87.4189
-87.5209
-87.6211
-87.7196
-87.8164
-87.9115
-88.005
-88.0967
-88.1869
-88.2754
-88.3622
-88.4475
-88.5312
-88.6133
-88.6938
-88.7728
-88.8502
-88.9262
-89.0006
-89.0736
-89.1451
-89.2151
-89.2837
-89.3509
-89.4167
-89.4811
-89.5441
-89.6058
-89.6662
-89.7252
-89.7829
-89.8393
-89.8945
-89.9484
-90.0011
-90.0525
-90.1027
-90.1518
-90.1996
-90.2463
-90.2919
-90.3363
-90.3796
-90.4218
-90.4629
-90.5029
-90.5419
-90.5799
-90.6168
-90.6527
-90.6876
-90.7216
-90.7546
-90.7866
-90.8177
-90.8478
-90.8771
-90.9055
-90.9329
-90.9596
-90.9853
-91.0103
-91.0344
-91.0576
-91.0801
-91.1018
-91.1228
-91.1429
-91.1624
-91.1811
-91.199
-91.2163
-91.2328
-91.2487
-91.2639
-91.2784
-91.2923
-91.3056
-91.3182
-91.3302
-91.3416
-91.3524
-91.3626
-91.3723
-91.3813
-91.3899
-91.3978
-91.4053
-91.4122
-91.4186
-91.4245
-91.4299
-91.4348
-91.4393
-91.4433
-91.4468
-91.4498
-91.4525
-91.4547
-91.4564
-91.4578
-91.4587
-91.4593
-91.4594
-91.4592
-91.4585
-91.4575
-91.4562
-91.4545
-91.4524
-91.45
-91.4472
-91.4442
-91.4408
-91.4371
-91.433
-91.4287
-91.4241
-91.4191
-91.4139
-91.4084
-91.4027
-91.3966
-91.3903
-91.3838
-91.3769
-91.3699
-91.3626
-91.355
-91.3472
-91.3392
-91.331
-91.3225
-91.3138
-91.3049
-91.2958
-91.2865
-91.277
-91.2673
-91.2574
-91.2473
-91.2371
-91.2266
-91.216
-91.2052
-91.1943
-91.1831
-91.1718
-91.1604
-91.1488
-91.137
-91.1251
-91.1131
-91.1009
-91.0886
-91.0761
-91.0635
-91.0508
-91.0379
-91.0249
-91.0118
-90.9986
-90.9852
-90.9717
-90.9582
-90.9445
-90.9307
-90.9168
-90.9027
-90.8886
-90.8744
-90.8601
-90.8457
-90.8312
-90.8166
-90.802
-90.7872
-90.7724
-90.7574
-90.7424
-90.7273
-90.7122
-90.6969
-90.6816
-90.6662
-90.6507
-90.6352
-90.6196
-90.604
-90.5882
-90.5725
-90.5566
-90.5407
-90.5247
-90.5087
-90.4926
-90.4765
-90.4603
-90.444
-90.4278
-90.4114
-90.395
-90.3786
-90.3621
-90.3456
-90.3291
-90.3124
-90.2958
-90.2791
-90.2624
-90.2456
-90.2288
-90.212
-90.1951
-90.1782
-90.1613
-90.1444
-90.1274
-90.1103
-90.0933
-90.0762
-90.0591
-90.042
-90.0249
-90.0077
-89.9905
-89.9733
-89.956
-89.9388
-89.9215
-89.9042
-89.8869
-89.8695
-89.8522
-89.8348
-89.8174
-89.8001
-89.7826
-89.7652
-89.7478
-89.7303
-89.7129
-89.6954
-89.678
-89.6605
-89.643
-89.6255
-89.608
-89.5905
-89.573
-89.5554
-89.5379
-89.5204
-89.5028
-89.4853
-89.4678
-89.4502
-89.4327
-89.4151
-89.3976
-89.3801
-89.3625
-89.345
-89.3274
-89.3099
-89.2924
-89.2748
-89.2573
-89.2398
-89.2223
-89.2048
-89.1872
-89.1697
-89.1523
-89.1348
-89.1173
-89.0998
-89.0824
-89.0649
-89.0474
-89.03
-89.0126
-88.9952
-88.9777
-88.9603
-88.943
-88.9256
-88.9082
-88.8909
-88.8735
-88.8562
-88.8389
-88.8216
-88.8043
-88.787
-88.7698
-88.7525
-88.7353
-88.7181
-88.7009
-88.6837
-88.6666
-88.6494
-88.6323
-88.6152
-88.5981
-88.581
-88.5639
-88.5469
-88.5299
-88.5128
-88.4959
-88.4789
-88.4619
-88.445
-88.4281
-88.4112
-88.3944
-88.3775
-88.3607
-88.3439
-88.3271
-88.3103
-88.2936
-88.2769
-88.2602
-88.2435
-88.2268
-88.2102
-88.1936
-88.177
-88.1605
-88.1439
-88.1274
-88.1109
-88.0944
-88.078
-88.0616
-88.0452
-88.0288
-88.0125
-87.9962
-87.9799
-87.9636
-87.9474
-87.9311
-87.915
-87.8988
-87.8827
-87.8665
-87.8505
-87.8344
-87.8184
-87.8024
-87.7864
-87.7704
-87.7545
-87.7386
-87.7227
-87.7069
-87.6911
-87.6753
-87.6595
-87.6438
-87.6281
-87.6124
-87.5968
-87.5812
-87.5656
-87.55
-87.5345
-87.519
-87.5035
-87.488
-87.4726
-87.4572
-87.4419
-87.4266
-87.4113
-87.396
-87.3808
-87.3655
-87.3504
-87.3352
-87.3201
-87.305
-87.2899
-87.2749
-87.2599
-87.2449
-87.23
-87.2151
-87.2002
-87.1854
-87.1705
-87.1558
-87.141
-87.1263
-87.1116
-87.0969
-87.0823
-87.0677
-87.0531
-87.0385
-87.024
-87.0096
-86.9951
-86.9807
-86.9663
-86.952
-86.9376
-86.9233
-86.9091
-86.8949
-86.8807
-86.8665
-86.8524
-86.8382
-86.8242
-86.8101
-86.7961
-86.7821
-86.7682
-86.7543
-86.7404
-86.7266
-86.7127
-86.699
-86.6852
-86.6715
-86.6578
-86.6441
-86.6305
-86.6169
-86.6033
-86.5898
-86.5763
-86.5628
-86.5494
-86.536
-86.5226
-86.5092
-86.4959
-86.4827
-86.4694
-86.4562
-86.443
-86.4299
-86.4167
-86.4036
-86.3906
-86.3776
-86.3646
-86.3516
-86.3387
-86.3258
-86.3129
-86.3001
-86.2873
-86.2745
-86.2617
-86.249
-86.2364
-86.2237
-86.2111
-86.1985
-86.186
-86.1735
-86.161
-86.1485
-86.1361
-86.1237
-86.1113
-86.099
-86.0867
-86.0744
-86.0622
-86.05
-86.0378
-86.0256
-86.0135
-86.0014
-85.9894
-85.9774
-85.9654
-85.9534
-85.9415
-85.9296
-85.9178
-85.9059
-85.8941
-85.8823
-85.8706
-85.8589
-85.8472
-85.8355
-85.8239
-85.8123
-85.8008
-85.7893
-85.7778
-85.7663
-85.7549
-85.7435
-85.7321
-85.7208
-85.7094
-85.6982
-85.6869
-85.6757
-85.6645
-85.6533
-85.6422
-85.6311
-85.62
-85.609
-85.5979
-85.587
-85.576
-85.5651
-85.5542
-85.5433
-85.5325
-85.5217
-85.5109
-85.5002
-85.4894
-85.4788
-85.4681
-85.4575
-85.4469
-85.4363
-85.4258
-85.4152
-85.4048
-85.3943
-85.3839
-85.3735
-85.3631
-85.3528
-85.3425
-85.3322
-85.3219
-85.3117
-85.3015
-85.2913
-85.2812
-85.2711
-85.261
-85.251
-85.2409
-85.2309
-85.221
-85.211
-85.2011
-85.1912
-85.1814
-85.1715
-85.1617
-85.152
-85.1422
-85.1325
-85.1228
-85.1131
-85.1035
-85.0939
-85.0843
-85.0747
-85.0652
-85.0557
-85.0463
-85.0368
-85.0274
-85.018
-85.0086
-84.9993
-84.99
-84.9807
-84.9715
-84.9622
-84.953
-84.9438
-84.9347
-84.9256
-84.9165
-84.9074
-84.8983
-84.8893
-84.8803
-84.8714
-84.8624
-84.8535
-84.8446
-84.8357
-84.8269
-84.8181
-84.8093
-84.8006
-84.7918
-84.7831
-84.7744
-84.7658
-84.7572
-84.7486
-84.74
-84.7314
-84.7229
-84.7144
-84.7059
-84.6974
-84.689
-84.6806
-84.6722
-84.6638
-84.6555
-84.6472
-84.6389
-84.6307
-84.6224
-84.6142
-84.606
-84.5979
-84.5897
-84.5816
-84.5735
-84.5655
-84.5574
-84.5494
-84.5414
-84.5334
-84.5255
-84.5176
-84.5097
-84.5018
-84.494
-84.4861
-84.4783
-84.4705
-84.4628
-84.4551
-84.4473
-84.4397
-84.432
-84.4243
-84.4167
-84.4091
-84.4015
-84.394
-84.3865
-84.379
-84.3715
-84.364
-84.3566
-84.3492
-84.3418
-84.3344
-84.3271
-84.3197
-84.3124
-84.3052
-84.2979
-84.2907
-84.2835
-84.2763
-84.2691
-84.262
-84.2548
-84.2477
-84.2406
-84.2336
-84.2265
-84.2195
-84.2125
-84.2055
-84.1986
-84.1916
-84.1847
-84.1778
-84.171
-84.1641
-84.1573
-84.1505
-84.1437
-84.1369
-84.1302
-84.1234
-84.1167
-84.11
-84.1034
-84.0967
-84.0901
-84.0835
-84.0769
-84.0704
-84.0638
-84.0573
-84.0508
-84.0444
-84.0379
-84.0315
-84.025
-84.0186
-84.0123
-84.0059
-83.9996
-83.9932
-83.9869
-83.9806
-83.9744
-83.9681
-83.9619
-83.9557
-83.9495
-83.9433
-83.9372
-83.9311
-83.925
-83.9189
-83.9128
-83.9067
-83.9007
-83.8947
-83.8887
-83.8827
-83.8767
-83.8708
-83.8649
-83.859
-83.8531
-83.8472
-83.8414
-83.8356
-83.8298
-83.824
-83.8182
-83.8124
-83.8067
-83.801
-83.7953
-83.7896
-83.7839
-83.7783
-83.7727
-83.767
-83.7614
-83.7559
-83.7503
-83.7448
-83.7392
-83.7337
-83.7282
-83.7228
-83.7173
-83.7119
-83.7064
-83.701
-83.6956
-83.6903
-83.6849
-83.6796
-83.6742
-83.6689
-83.6637
-83.6584
-83.6531
-83.6479
-83.6427
-83.6375
-83.6323
-83.6271
-83.622
-83.6168
-83.6117
-83.6066
-83.6015
-83.5964
-83.5914
-83.5863
-83.5813
-83.5763
-83.5713
-83.5663
-83.5614
-83.5565
-83.5515
-83.5466
-83.5417
-83.5368
-83.532
-83.5271
-83.5223
-83.5175
-83.5127
-83.5079
-83.5031
-83.4983
-83.4936
-83.4889
-83.4841
-83.4794
-83.4748
-83.4701
-83.4654
-83.4608
-83.4562
-83.4516
-83.447
-83.4424
-83.4378
-83.4333
-83.4287
-83.4242
-83.4197
-83.4152
-83.4107
-83.4063
-83.4018
-83.3974
-83.393
-83.3886
-83.3842
-83.3798
-83.3754
-83.3711
-83.3667
-83.3624
-83.3581
-83.3538
-83.3496
-83.3453
-83.341
-83.3368
-83.3326
-83.3284
-83.3242
-83.32
-83.3158
-83.3117
-83.3075
-83.3034
-83.2993
-83.2952
-83.2911
-83.287
-83.283
-83.2789
-83.2749
-83.2709
-83.2669
-83.2629
-83.2589
-83.2549
-83.2509
-83.247
-83.2431
-83.2391
-83.2352
-83.2313
-83.2274
-83.2236
-83.2197
-83.2159
-83.212
-83.2082
-83.2044
-83.2006
-83.1968
-83.1931
-83.1893
-83.1855
-83.1818
-83.1781
-83.1744
-83.1707
-83.167
-83.1633
-83.1597
-83.156
-83.1524
-83.1487
-83.1451
-83.1415
-83.1379
-83.1344
-83.1308
-83.1272
-83.1237
-83.1202
-83.1167
-83.1131
-83.1097
-83.1062
-83.1027
-83.0992
-83.0958
-83.0924
-83.0889
-83.0855
-83.0821
-83.0787
-83.0753
-83.072
-83.0686
-83.0653
-83.0619
-83.0586
-83.0553
-83.052
-83.0487
-83.0454
-83.0421
-83.0389
-83.0356
-83.0324
-83.0291
-83.0259
-83.0227
-83.0195
-83.0163
-83.0131
-83.01
-83.0068
-83.0036
-83.0005
-82.9974
-82.9943
-82.9911
-82.988
-82.985
-82.9819
-82.9788
-82.9758
-82.9727
-82.9697
-82.9666
-82.9636
-82.9606
-82.9576
-82.9546
-82.9517
-82.9487
-82.9457
-82.9428
-82.9398
-82.9369
-82.934
-82.9311
-82.9282
-82.9253
-82.9224
-82.9195
-82.9167
-82.9138
-82.911
-82.9081
-82.9053
-82.9025
-82.8997
-82.8969
-82.8941
-82.8913
-82.8886
-82.8858
-82.8831
-82.8803
-82.8776
-82.8749
-82.8721
-82.8694
-82.8667
-82.8641
-82.8614
-82.8587
-82.856
-82.8534
-82.8508
-82.8481
-82.8455
-82.8429
-82.8403
-82.8377
-82.8351
-82.8325
-82.8299
-82.8274
-82.8248
-82.8223
-82.8197
-82.8172
-82.8147
-82.8122
-82.8097
-82.8072
-82.8047
-82.8022
-82.7997
-82.7972
-82.7948
-82.7923
-82.7899
-82.7874
-82.785
-82.7826
-82.7802
-82.7778
-82.7754
-82.773
-82.7706
-82.7682
-82.7659
-82.7635
-82.7612
-82.7588
-82.7565
-82.7542
-82.7518
-82.7495
-82.7472
-82.7449
-82.7426
-82.7404
-82.7381
-82.7358
-82.7335
-82.7313
-82.729
-82.7268
-82.7246
-82.7224
-82.7201
-82.7179
-82.7157
-82.7135
-82.7113
-82.7092
-82.707
-82.7048
-82.7027
-82.7005
-82.6984
-82.6962
-82.6941
-82.692
-82.6898
-82.6877
-82.6856
-82.6835
-82.6814
-82.6794
-82.6773
-82.6752
-82.6731
-82.6711
-82.669
-82.667
-82.665
-82.6629
-82.6609
-82.6589
-82.6569
-82.6549
-82.6529
-82.6509
-82.6489
-82.6469
-82.6449
-82.643
-82.641
-82.6391
-82.6371
-82.6352
-82.6333
-82.6313
-82.6294
-82.6275
-82.6256
-82.6237
-82.6218
-82.6199
-82.618
-82.6161
-82.6143
-82.6124
-82.6105
-82.6087
-82.6068
-82.605
-82.6032
-82.6013
-82.5995
-82.5977
-82.5959
-82.5941
-82.5923
-82.5905
-82.5887
-82.5869
-82.5852
-82.5834
-82.5816
-82.5799
-82.5781
-82.5764
-82.5746
-82.5729
-82.5711
-82.5694
-82.5677
-82.566
-82.5643
-82.5625
-82.5608
-82.5591
-82.5575
-82.5558
-82.5541
-82.5524
-82.5507
-82.5491
-82.5474
-82.5457
-82.5441
-82.5425
-82.5408
-82.5392
-82.5375
-82.5359
-82.5343
-82.5327
-82.5311
-82.5295
-82.5279
-82.5263
-82.5247
-82.5231
-82.5215
-82.5199
-82.5184
-82.5168
-82.5152
-82.5137
-82.5121
-82.5106
-82.509
-82.5075
-82.5059
-82.5044
-82.5029
-82.5014
-82.4998
-82.4983
-82.4968
-82.4953
-82.4938
-82.4923
-82.4908
-82.4894
-82.4879
-82.4864
-82.4849
-82.4835
-82.482
-82.4805
-82.4791
-82.4776
-82.4762
-82.4747
-82.4733
-82.4719
-82.4704
-82.469
-82.4676
-82.4662
-82.4648
-82.4634
-82.462
-82.4606
-82.4592
-82.4578
-82.4564
-82.455
-82.4536
-82.4522
-82.4509
-82.4495
-82.4481
-82.4468
-82.4454
-82.4441
-82.4427
-82.4414
-82.44
-82.4387
-82.4374
-82.436
-82.4347
-82.4334
-82.4321
-82.4308
-82.4295
-82.4282
-82.4269
-82.4256
-82.4243
-82.423
-82.4217
-82.4204
-82.4191
-82.4179
-82.4166
-82.4153
-82.414
-82.4128
-82.4115
-82.4103
-82.409
-82.4078
-82.4065
-82.4053
-82.4041
-82.4028
-82.4016
-82.4004
-82.3991
-82.3979
-82.3967
-82.3955
-82.3943
-82.3931
-82.3919
-82.3907
-82.3895
-82.3883
-82.3871
-82.3859
-82.3847
-82.3836
-82.3824
-82.3812
-82.38
-82.3789
-82.3777
-82.3765
-82.3754
-82.3742
-82.3731
-82.3719
-82.3708
-82.3696
-82.3685
-82.3674
-82.3662
-82.3651
-82.364
-82.3629
-82.3617
-82.3606
-82.3595
-82.3584
-82.3573
-82.3562
-82.3551
-82.354
-82.3529
-82.3518
-82.3507
-82.3496
-82.3485
-82.3474
-82.3464
-82.3453
-82.3442
-82.3431
-82.3421
-82.341
-82.3399
-82.3389
-82.3378
-82.3368
-82.3357
-82.3346
-82.3336
-82.3325
-82.3315
-82.3305
-82.3294
-82.3284
-82.3273
-82.3263
-82.3253
-82.3242
-82.3232
-82.3222
-82.3212
-82.3202
-82.3191
-82.3181
-82.3171
-82.3161
-82.3151
-82.3141
-82.3131
-82.3121
-82.3111
-82.3101
-82.3091
-82.3081
-82.3071
-82.3061
-82.3051
-82.3041
-82.3032
-82.3022
-82.3012
-82.3002
-82.2993
-82.2983
-82.2973
-82.2964
-82.2954
-82.2944
-82.2935
-82.2925
-82.2915
-82.2906
-82.2896
-82.2887
-82.2877
-82.2868
-82.2859
-82.2849
-82.284
-82.283
-82.2821
-82.2812
-82.2802
-82.2793
-82.2784
-82.2774
-82.2765
-82.2756
-82.2747
-82.2737
-82.2728
-82.2719
-82.271
-82.2701
-82.2692
-82.2683
-82.2674
-82.2664
-82.2655
-82.2646
-82.2637
-82.2628
-82.2619
-82.261
-82.2602
-82.2593
-82.2584
-82.2575
-82.2566
-82.2557
-82.2548
-82.2539
-82.2531
-82.2522
-82.2513
-82.2504
-82.2496
-82.2487
-82.2478
-82.2469
-82.2461
-82.2452
-82.2443
-82.2435
-82.2426
-82.2418
-82.2409
-82.24
-82.2392
-82.2383
-82.2375
-82.2366
-82.2358
-82.2349
-82.2341
-82.2332
-82.2324
-82.2315
-82.2307
-82.2299
-82.229
-82.2282
-82.2273
-82.2265
-82.2257
-82.2248
-82.224
-82.2232
-82.2224
-82.2215
-82.2207
-82.2199
-82.2191
-82.2182
-82.2174
-82.2166
-82.2158
-82.215
-82.2141
-82.2133
-82.2125
-82.2117
-82.2109
-82.2101
-82.2093
-82.2085
-82.2077
-82.2069
-82.2061
-82.2052
-82.2044
-82.2036
-82.2028
-82.2021
-82.2013
-82.2005
-82.1997
-82.1989
-82.1981
-82.1973
-82.1965
-82.1957
-82.1949
-82.1941
-82.1933
-82.1926
-82.1918
-82.191
-82.1902
-82.1894
-82.1887
-82.1879
-82.1871
-82.1863
-82.1855
-82.1848
-82.184
-82.1832
-82.1825
-82.1817
-82.1809
-82.1801
-82.1794
-82.1786
-82.1778
-82.1771
-82.1763
-82.1756
-82.1748
-82.174
-82.1733
-82.1725
-82.1718
-82.171
-82.1702
-82.1695
-82.1687
-82.168
-82.1672
-82.1665
-82.1657
-82.165
-82.1642
-82.1635
-82.1627
-82.162
-82.1612
-82.1605
-82.1597
-82.159
-82.1582
-82.1575
-82.1567
-82.156
-82.1553
-82.1545
-82.1538
-82.153
-82.1523
-82.1516
-82.1508
-82.1501
-82.1494
-82.1486
-82.1479
-82.1471
-82.1464
-82.1457
-82.1449
-82.1442
-82.1435
-82.1428
-82.142
-82.1413
-82.1406
-82.1398
-82.1391
-82.1384
-82.1377
-82.1369
-82.1362
-82.1355
-82.1348
-82.134
-82.1333
-82.1326
-82.1319
-82.1312
-82.1304
-82.1297
-82.129
-82.1283
-82.1276
-82.1268
-82.1261
-82.1254
-82.1247
-82.124
-82.1233
-82.1225
-82.1218
-82.1211
-82.1204
-82.1197
-82.119
-82.1183
-82.1176
-82.1168
-82.1161
-82.1154
-82.1147
-82.114
-82.1133
-82.1126
-82.1119
-82.1112
-82.1105
-82.1098
-82.1091
-82.1083
-82.1076
-82.1069
-82.1062
-82.1055
-82.1048
-82.1041
-82.1034
-82.1027
-82.102
-82.1013
-82.1006
-82.0999
-82.0992
-82.0985
-82.0978
-82.0971
-82.0964
-82.0957
-82.095
-82.0943
-82.0936
-82.0929
-82.0922
-82.0915
-82.0908
-82.0901
-82.0894
-82.0887
-82.088
-82.0873
-82.0866
-82.0859
-82.0852
-82.0845
-82.0838
-82.0831
-82.0824
-82.0817
-82.081
-82.0803
-82.0796
-82.0789
-82.0782
-82.0775
-82.0768
-82.0761
-82.0754
-82.0747
-82.074
-82.0733
-82.0726
-82.0719
-82.0712
-82.0705
-82.0698
-82.0691
-82.0684
-82.0677
-82.067
-82.0663
-82.0656
-82.0649
-82.0642
-82.0635
-82.0628
-82.0621
-82.0614
-82.0607
-82.06
-82.0593
-82.0586
-82.0579
-82.0572
-82.0565
-82.0558
-82.0551
-82.0544
-82.0537
-82.053
-82.0523
-82.0516
-82.0509
-82.0502
-82.0495
-82.0488
-82.0481
-82.0474
-82.0467
-82.046
-82.0453
-82.0446
-82.0439
-82.0432
-82.0425
-82.0418
-82.0411
-82.0404
-82.0397
-82.039
-82.0383
-82.0376
-82.0369
-82.0362
-82.0355
-82.0347
-82.034
-82.0333
-82.0326
-82.0319
-82.0312
-82.0305
-82.0298
-82.0291
-82.0284
-82.0277
-82.027
-82.0263
-82.0256
-82.0249
-82.0242
-82.0235
-82.0228
-82.0221
-82.0214
-82.0207
-82.02
-82.0193
-82.0185
-82.0178
-82.0171
-82.0164
-82.0157
-82.015
-82.0143
-82.0136
-82.0129
-82.0122
-82.0115
-82.0108
-82.0101
-82.0093
-82.0086
-82.0079
-82.0072
-82.0065
-82.0058
-82.0051
-82.0044
-82.0037
-82.003
-82.0022
-82.0015
-82.0008
-82.0001
-81.9994
-81.9987
-81.998
-81.9973
-81.9965
-81.9958
-81.9951
-81.9944
-81.9937
-81.993
-81.9923
-81.9915
-81.9908
-81.9901
-81.9894
-81.9887
-81.988
-81.9872
-81.9865
-81.9858
-81.9851
-81.9844
-81.9837
-81.9829
-81.9822
-81.9815
-81.9808
-81.9801
-81.9793
-81.9786
-81.9779
-81.9772
-81.9764
-81.9757
-81.975
-81.9743
-81.9736
-81.9728
-81.9721
-81.9714
-81.9707
-81.9699
-81.9692
-81.9685
-81.9678
-81.967
-81.9663
-81.9656
-81.9648
-81.9641
-81.9634
-81.9627
-81.9619
-81.9612
-81.9605
-81.9597
-81.959
-81.9583
-81.9575
-81.9568
-81.9561
-81.9554
-81.9546
-81.9539
-81.9532
-81.9524
-81.9517
-81.9509
-81.9502
-81.9495
-81.9487
-81.948
-81.9473
-81.9465
-81.9458
-81.9451
-81.9443
-81.9436
-81.9428
-81.9421
-81.9414
-81.9406
-81.9399
-81.9391
-81.9384
-81.9376
-81.9369
-81.9362
-81.9354
-81.9347
-81.9339
-81.9332
-81.9324
-81.9317
-81.9309
-81.9302
-81.9294
-81.9287
-81.9279
-81.9272
-81.9264
-81.9257
-81.9249
-81.9242
-81.9234
-81.9227
-81.9219
-81.9212
-81.9204
-81.9197
-81.9189
-81.9182
-81.9174
-81.9167
-81.9159
-81.9151
-81.9144
-81.9136
-81.9129
-81.9121
-81.9113
-81.9106
-81.9098
-81.9091
-81.9083
-81.9075
-81.9068
-81.906
-81.9053
-81.9045
-81.9037
-81.903
-81.9022
-81.9014
-81.9007
-81.8999
-81.8991
-81.8984
-81.8976
-81.8968
-81.8961
-81.8953
-81.8945
-81.8937
-81.893
-81.8922
-81.8914
-81.8906
-81.8899
-81.8891
-81.8883
-81.8875
-81.8868
-81.886
-81.8852
-81.8844
-81.8837
-81.8829
-81.8821
-81.8813
-81.8805
-81.8798
-81.879
-81.8782
-81.8774
-81.8766
-81.8758
-81.8751
-81.8743
-81.8735
-81.8727
-81.8719
-81.8711
-81.8703
-81.8696
-81.8688
-81.868
-81.8672
-81.8664
-81.8656
-81.8648
-81.864
-81.8632
-81.8624
-81.8616
-81.8608
-81.86
-81.8592
-81.8584
-81.8576
-81.8568
-81.856
-81.8552
-81.8544
-81.8536
-81.8528
-81.852
-81.8512
-81.8504
-81.8496
-81.8488
-81.848
-81.8472
-81.8464
-81.8456
-81.8448
-81.8439
-81.8431
-81.8423
-81.8415
-81.8407
-81.8399
-81.839
-81.8382
-81.8374
-81.8366
-81.8358
-81.8349
-81.8341
-81.8333
-81.8325
-81.8317
-81.8308
-81.83
-81.8292
-81.8283
-81.8275
-81.8267
-81.8259
-81.825
-81.8242
-81.8234
-81.8225
-81.8217
-81.8209
-81.82
-81.8192
-81.8183
-81.8175
-81.8167
-81.8158
-81.815
-81.8141
-81.8133
-81.8125
-81.8116
-81.8108
-81.8099
-81.8091
-81.8082
-81.8074
-81.8065
-81.8057
-81.8048
-81.804
-81.8031
-81.8023
-81.8014
-81.8006
-81.7997
-81.7988
-81.798
-81.7971
-81.7963
-81.7954
-81.7945
-81.7937
-81.7928
-81.7919
-81.7911
-81.7902
-81.7893
-81.7885
-81.7876
-81.7867
-81.7859
-81.785
-81.7841
-81.7833
-81.7824
-81.7815
-81.7806
-81.7798
-81.7789
-81.778
-81.7771
-81.7762
-81.7754
-81.7745
-81.7736
-81.7727
-81.7718
-81.7709
-81.7701
-81.7692
-81.7683
-81.7674
-81.7665
-81.7656
-81.7647
-81.7638
-81.7629
-81.762
-81.7612
-81.7603
-81.7594
-81.7585
-81.7576
-81.7567
-81.7558
-81.7549
-81.754
-81.7531
-81.7522
-81.7513
-81.7503
-81.7494
-81.7485
-81.7476
-81.7467
-81.7458
-81.7449
-81.744
-81.7431
-81.7422
-81.7412
-81.7403
-81.7394
-81.7385
-81.7376
-81.7367
-81.7357
-81.7348
-81.7339
-81.733
-81.7321
-81.7311
-81.7302
-81.7293
-81.7284
-81.7274
-81.7265
-81.7256
-81.7246
-81.7237
-81.7228
-81.7218
-81.7209
-81.72
-81.719
-81.7181
-81.7172
-81.7162
-81.7153
-81.7143
-81.7134
-81.7125
-81.7115
-81.7106
-81.7096
-81.7087
-81.7077
-81.7068
-81.7058
-81.7049
-81.7039
-81.703
-81.702
-81.7011
-81.7001
-81.6992
-81.6982
-81.6973
-81.6963
-81.6953
-81.6944
-81.6934
-81.6925
-81.6915
-81.6905
-81.6896
-81.6886
-81.6876
-81.6867
-81.6857
-81.6847
-81.6838
-81.6828
-81.6818
-81.6808
-81.6799
-81.6789
-81.6779
-81.6769
-81.676
-81.675
-81.674
-81.673
-81.672
-81.6711
-81.6701
-81.6691
-81.6681
-81.6671
-81.6661
-81.6651
-81.6641
-81.6632
-81.6622
-81.6612
-81.6602
-81.6592
-81.6582
-81.6572
-81.6562
-81.6552
-81.6542
-81.6532
-81.6522
-81.6512
-81.6502
-81.6492
-81.6482
-81.6472
-81.6462
-81.6452
-81.6441
-81.6431
-81.6421
-81.6411
-81.6401
-81.6391
-81.6381
-81.6371
-81.636
-81.635
-81.634
-81.633
-81.632
-81.6309
-81.6299
-81.6289
-81.6279
-81.6268
-81.6258
-81.6248
-81.6238
-81.6227
-81.6217
-81.6207
-81.6196
-81.6186
-81.6176
-81.6165
-81.6155
-81.6144
-81.6134
-81.6124
-81.6113
-81.6103
-81.6092
-81.6082
-81.6071
-81.6061
-81.605
-81.604
-81.6029
-81.6019
-81.6008
-81.5998
-81.5987
-81.5976
-81.5966
-81.5955
-81.5944
-81.5934
-81.5923
-81.5912
-81.5902
-81.5891
-81.588
-81.587
-81.5859
-81.5848
-81.5837
-81.5827
-81.5816
-81.5805
-81.5794
-81.5783
-81.5772
-81.5762
-81.5751
-81.574
-81.5729
-81.5718
-81.5707
-81.5696
-81.5685
-81.5674
-81.5663
-81.5652
-81.5641
-81.563
-81.5619
-81.5608
-81.5597
-81.5586
-81.5575
-81.5564
-81.5553
-81.5541
-81.553
-81.5519
-81.5508
-81.5497
-81.5486
-81.5474
-81.5463
-81.5452
-81.5441
-81.5429
-81.5418
-81.5407
-81.5396
-81.5384
-81.5373
-81.5362
-81.535
-81.5339
-81.5327
-81.5316
-81.5305
-81.5293
-81.5282
-81.527
-81.5259
-81.5247
-81.5236
-81.5224
-81.5213
-81.5201
-81.519
-81.5178
-81.5167
-81.5155
-81.5143
-81.5132
-81.512
-81.5109
-81.5097
-81.5085
-81.5074
-81.5062
-81.505
-81.5039
-81.5027
-81.5015
-81.5003
-81.4992
-81.498
-81.4968
-81.4956
-81.4944
-81.4932
-81.4921
-81.4909
-81.4897
-81.4885
-81.4873
-81.4861
-81.4849
-81.4837
-81.4825
-81.4813
-81.4801
-81.4789
-81.4777
-81.4765
-81.4753
-81.4741
-81.4729
-81.4717
-81.4705
-81.4693
-81.4681
-81.4669
-81.4656
-81.4644
-81.4632
-81.462
-81.4608
-81.4595
-81.4583
-81.4571
-81.4559
-81.4546
-81.4534
-81.4522
-81.4509
-81.4497
-81.4485
-81.4472
-81.446
-81.4448
-81.4435
-81.4423
-81.441
-81.4398
-81.4385
-81.4373
-81.436
-81.4348
-81.4335
-81.4323
-81.431
-81.4298
-81.4285
-81.4273
-81.426
-81.4247
-81.4235
-81.4222
-81.4209
-81.4197
-81.4184
-81.4171
-81.4158
-81.4146
-81.4133
-81.412
-81.4107
-81.4095
-81.4082
-81.4069
-81.4056
-81.4043
-81.403
-81.4018
-81.4005
-81.3992
-81.3979
-81.3966
-81.3953
-81.394
-81.3927
-81.3914
-81.3901
-81.3888
-81.3875
-81.3862
-81.3849
-81.3836
-81.3823
-81.3809
-81.3796
-81.3783
-81.377
-81.3757
-81.3744
-81.373
-81.3717
-81.3704
-81.3691
-81.3677
-81.3664
-81.3651
-81.3637
-81.3624
-81.361
-81.3597
-81.3584
-81.357
-81.3557
-81.3543
-81.353
-81.3516
-81.3503
-81.3489
-81.3476
-81.3462
-81.3448
-81.3435
-81.3421
-81.3407
-81.3394
-81.338
-81.3366
-81.3352
-81.3339
-81.3325
-81.3311
-81.3297
-81.3283
-81.3269
-81.3256
-81.3242
-81.3228
-81.3214
-81.32
-81.3186
-81.3172
-81.3158
-81.3144
-81.313
-81.3116
-81.3101
-81.3087
-81.3073
-81.3059
-81.3045
-81.3031
-81.3016
-81.3002
-81.2988
-81.2974
-81.2959
-81.2945
-81.2931
-81.2916
-81.2902
-81.2888
-81.2873
-81.2859
-81.2844
-81.283
-81.2815
-81.2801
-81.2786
-81.2772
-81.2757
-81.2742
-81.2728
-81.2713
-81.2698
-81.2684
-81.2669
-81.2654
-81.264
-81.2625
-81.261
-81.2595
-81.258
-81.2566
-81.2551
-81.2536
-81.2521
-81.2506
-81.2491
-81.2476
-81.2461
-81.2446
-81.2431
-81.2416
-81.2401
-81.2386
-81.2371
-81.2356
-81.2341
-81.2325
-81.231
-81.2295
-81.228
-81.2264
-81.2249
-81.2234
-81.2219
-81.2203
-81.2188
-81.2173
-81.2157
-81.2142
-81.2126
-81.2111
-81.2095
-81.208
-81.2064
-81.2049
-81.2033
-81.2018
-81.2002
-81.1986
-81.1971
-81.1955
-81.1939
-81.1924
-81.1908
-81.1892
-81.1876
-81.186
-81.1845
-81.1829
-81.1813
-81.1797
-81.1781
-81.1765
-81.1749
-81.1733
-81.1717
-81.1701
-81.1685
-81.1669
-81.1653
-81.1637
-81.1621
-81.1605
-81.1588
-81.1572
-81.1556
-81.154
-81.1523
-81.1507
-81.1491
-81.1474
-81.1458
-81.1442
-81.1425
-81.1409
-81.1392
-81.1376
-81.136
-81.1343
-81.1326
-81.131
-81.1293
-81.1277
-81.126
-81.1243
-81.1227
-81.121
-81.1193
-81.1176
-81.1159
-81.1143
-81.1126
-81.1109
-81.1092
-81.1075
-81.1058
-81.1041
-81.1024
-81.1007
-81.099
-81.0973
-81.0955
-81.0938
-81.0921
-81.0904
-81.0886
-81.0869
-81.0852
-81.0834
-81.0817
-81.08
-81.0782
-81.0765
-81.0747
-81.073
-81.0712
-81.0694
-81.0677
-81.0659
-81.0641
-81.0624
-81.0606
-81.0588
-81.057
-81.0552
-81.0535
-81.0517
-81.0499
-81.0481
-81.0463
-81.0445
-81.0427
-81.0409
-81.039
-81.0372
-81.0354
-81.0336
-81.0318
-81.0299
-81.0281
-81.0263
-81.0244
-81.0226
-81.0208
-81.0189
-81.0171
-81.0152
-81.0134
-81.0115
-81.0096
-81.0078
-81.0059
-81.004
-81.0022
-81.0003
-80.9984
-80.9965
-80.9946
-80.9927
-80.9908
-80.9889
-80.987
-80.9851
-80.9832
-80.9813
-80.9794
-80.9775
-80.9756
-80.9737
-80.9717
-80.9698
-80.9679
-80.9659
-80.964
-80.9621
-80.9601
-80.9582
-80.9562
-80.9543
-80.9523
-80.9503
-80.9484
-80.9464
-80.9444
-80.9424
-80.9405
-80.9385
-80.9365
-80.9345
-80.9325
-80.9305
-80.9285
-80.9265
-80.9245
-80.9225
-80.9205
-80.9185
-80.9165
-80.9144
-80.9124
-80.9104
-80.9083
-80.9063
-80.9043
-80.9022
-80.9002
-80.8981
-80.8961
-80.894
-80.8919
-80.8899
-80.8878
-80.8857
-80.8836
-80.8816
-80.8795
-80.8774
-80.8753
-80.8732
-80.8711
-80.869
-80.8669
-80.8647
-80.8626
-80.8605
-80.8584
-80.8562
-80.8541
-80.8519
-80.8498
-80.8476
-80.8455
-80.8433
-80.8411
-80.839
-80.8368
-80.8346
-80.8324
-80.8302
-80.828
-80.8258
-80.8236
-80.8214
-80.8192
-80.817
-80.8148
-80.8125
-80.8103
-80.8081
-80.8058
-80.8036
-80.8013
-80.7991
-80.7968
-80.7945
-80.7923
-80.79
-80.7877
-80.7854
-80.7831
-80.7808
-80.7785
-80.7762
-80.7739
-80.7716
-80.7693
-80.767
-80.7646
-80.7623
-80.76
-80.7576
-80.7553
-80.7529
-80.7505
-80.7482
-80.7458
-80.7434
-80.7411
-80.7387
-80.7363
-80.7339
-80.7315
-80.7291
-80.7267
-80.7242
-80.7218
-80.7194
-80.717
-80.7145
-80.7121
-80.7096
-80.7072
-80.7047
-80.7022
-80.6998
-80.6973
-80.6948
-80.6923
-80.6898
-80.6873
-80.6848
-80.6823
-80.6798
-80.6773
-80.6748
-80.6722
-80.6697
-80.6671
-80.6646
-80.662
-80.6595
-80.6569
-80.6543
-80.6518
-80.6492
-80.6466
-80.644
-80.6414
-80.6388
-80.6362
-80.6335
-80.6309
-80.6283
-80.6256
-80.623
-80.6203
-80.6177
-80.615
-80.6123
-80.6096
-80.6069
-80.6042
-80.6015
-80.5988
-80.5961
-80.5934
-80.5906
-80.5879
-80.5851
-80.5824
-80.5796
-80.5768
-80.574
-80.5713
-80.5685
-80.5657
-80.5628
-80.56
-80.5572
-80.5544
-80.5515
-80.5487
-80.5458
-80.543
-80.5401
-80.5372
-80.5343
-80.5314
-80.5285
-80.5256
-80.5227
-80.5197
-80.5168
-80.5139
-80.5109
-80.508
-80.505
-80.502
-80.499
-80.496
-80.493
-80.49
-80.487
-80.484
-80.4809
-80.4779
-80.4748
-80.4718
-80.4687
-80.4656
-80.4625
-80.4594
-80.4563
-80.4532
-80.4501
-80.4469
-80.4438
-80.4406
-80.4375
-80.4343
-80.4311
-80.4279
-80.4247
-80.4215
-80.4183
-80.4151
-80.4119
-80.4086
-80.4054
-80.4021
-80.3988
-80.3955
-80.3922
-80.3889
-80.3856
-80.3823
-80.3789
-80.3756
-80.3722
-80.3689
-80.3655
-80.3621
-80.3587
-80.3552
-80.3518
-80.3484
-80.3449
-80.3414
-80.338
-80.3345
-80.331
-80.3274
-80.3239
-80.3204
-80.3168
-80.3133
-80.3097
-80.3061
-80.3025
-80.2989
-80.2952
-80.2916
-80.2879
-80.2843
-80.2806
-80.2769
-80.2732
-80.2695
-80.2657
-80.262
-80.2582
-80.2545
-80.2507
-80.2469
-80.2431
-80.2392
-80.2354
-80.2315
-80.2277
-80.2238
-80.2199
-80.216
-80.212
-80.2081
-80.2041
-80.2002
-80.1962
-80.1922
-80.1881
-80.1841
-80.1801
-80.176
-80.1719
-80.1678
-80.1637
-80.1596
-80.1554
-80.1513
-80.1471
-80.1429
-80.1387
-80.1345
-80.1302
-80.1259
-80.1217
-80.1174
-80.113
-80.1087
-80.1043
-80.0999
-80.0955
-80.0911
-80.0867
-80.0822
-80.0777
-80.0733
-80.0687
-80.0642
-80.0596
-80.0551
-80.0505
-80.0458
-80.0412
-80.0365
-80.0318
-80.0271
-80.0224
-80.0177
-80.0129
-80.0081
-80.0033
-79.9984
-79.9936
-79.9887
-79.9838
-79.9789
-79.9739
-79.9689
-79.9639
-79.9589
-79.9539
-79.9488
-79.9437
-79.9386
-79.9334
-79.9283
-79.9231
-79.9178
-79.9126
-79.9073
-79.902
-79.8967
-79.8913
-79.8859
-79.8805
-79.875
-79.8695
-79.864
-79.8585
-79.8529
-79.8473
-79.8417
-79.836
-79.8303
-79.8246
-79.8188
-79.813
-79.8072
-79.8013
-79.7954
-79.7895
-79.7836
-79.7776
-79.7715
-79.7654
-79.7593
-79.7532
-79.747
-79.7408
-79.7346
-79.7283
-79.7219
-79.7156
-79.7092
-79.7027
-79.6963
-79.6897
-79.6832
-79.6766
-79.6699
-79.6632
-79.6565
-79.6497
-79.6429
-79.636
-79.6291
-79.6221
-79.6151
-79.6081
-79.601
-79.5938
-79.5866
-79.5793
-79.572
-79.5647
-79.5572
-79.5498
-79.5422
-79.5347
-79.527
-79.5193
-79.5116
-79.5038
-79.4959
-79.488
-79.48
-79.472
-79.4639
-79.4558
-79.4475
-79.4393
-79.4309
-79.4225
-79.414
-79.4055
-79.3968
-79.3881
-79.3794
-79.3705
-79.3616
-79.3526
-79.3435
-79.3344
-79.3252
-79.3158
-79.3065
-79.297
-79.2874
-79.2778
-79.2681
-79.2582
-79.2483
-79.2383
-79.2282
-79.2181
-79.2078
-79.1974
-79.187
-79.1764
-79.1657
-79.1549
-79.144
-79.133
-79.1219
-79.1107
-79.0994
-79.0879
-79.0763
-79.0646
-79.0528
-79.0408
-79.0287
-79.0165
-79.0042
-78.9917
-78.9791
-78.9663
-78.9534
-78.9404
-78.9272
-78.9138
-78.9003
-78.8866
-78.8728
-78.8587
-78.8445
-78.8302
-78.8156
-78.8009
-78.786
-78.7709
-78.7556
-78.7401
-78.7243
-78.7084
-78.6923
-78.6759
-78.6594
-78.6425
-78.6255
-78.6082
-78.5906
-78.5728
-78.5547
-78.5363
-78.5177
-78.4988
-78.4796
-78.4601
-78.4403
-78.4202
-78.3997
-78.3789
-78.3578
-78.3362
-78.3144
-78.2921
-78.2695
-78.2464
-78.223
-78.1991
-78.1748
-78.15
-78.1247
-78.099
-78.0727
-78.046
-78.0186
-77.9908
-77.9623
-77.9333
-77.9036
-77.8733
-77.8423
-77.8107
-77.7783
-77.7451
-77.7112
-77.6765
-77.6409
-77.6044
-77.567
-77.5286
-77.4893
-77.4489
-77.4074
-77.3647
-77.3208
-77.2757
-77.2292
-77.1813
-77.132
-77.0811
-77.0285
-76.9743
-76.9182
-76.8601
-76.8
-76.7378
-76.6732
-76.6061
-76.5364
-76.4639
-76.3884
-76.3096
-76.2273
-76.1413
-76.0512
-75.9567
-75.8574
-75.7529
-75.6428
-75.5263
-75.403
-75.2721
-75.1327
-74.9839
-74.8244
-74.653
-74.468
-74.2673
-74.0485
-73.8087
-73.544
-73.2495
-72.9187
-72.5433
-72.1112
-71.6055
-71.0009
-70.257
-69.3051
-68.0148
-66.0975
-62.733
-54.2584
-13.8119
49.1246
49.3698
44.5757
29.9374
8.30797
-6.02254
-16.9115
-27.9654
-38.4155
-61.365
-91.9577
-94.491
-94.4305
-93.9875
-93.2423
-92.2252
-91.038
-89.8124
-88.6562
-87.6331
-86.7675
-86.0587
-85.4933
-85.0526
-84.7174
-84.4702
-84.2954
-84.18
-84.113
-84.0856
-84.0904
-84.1211
-84.173
-84.2419
-84.3244
-84.4178
-84.5198
-84.6286
-84.7426
-84.8606
-84.9815
-85.1045
-85.2288
-85.3539
-85.4793
-85.6045
-85.7293
-85.8535
-85.9767
-86.0988
-86.2197
-86.3393
-86.4574
-86.574
-86.689
-86.8024
-86.9142
-87.0243
-87.1327
-87.2394
-87.3444
-87.4477
-87.5492
-87.6491
-87.7473
-87.8438
-87.9386
-88.0318
-88.1233
-88.2131
-88.3013
-88.3879
-88.4729
-88.5564
-88.6382
-88.7185
-88.7973
-88.8745
-88.9502
-89.0244
-89.0972
-89.1685
-89.2383
-89.3068
-89.3738
-89.4394
-89.5036
-89.5665
-89.628
-89.6882
-89.7471
-89.8047
-89.861
-89.916
-89.9698
-90.0223
-90.0736
-90.1237
-90.1727
-90.2204
-90.267
-90.3124
-90.3568
-90.4
-90.4421
-90.4831
-90.5231
-90.562
-90.5999
-90.6368
-90.6727
-90.7075
-90.7414
-90.7744
-90.8064
-90.8374
-90.8676
-90.8968
-90.9251
-90.9526
-90.9792
-91.005
-91.0299
-91.054
-91.0773
-91.0998
-91.1215
-91.1425
-91.1627
-91.1821
-91.2008
-91.2188
-91.2361
-91.2527
-91.2687
-91.2839
-91.2985
-91.3124
-91.3258
-91.3384
-91.3505
-91.362
-91.3729
-91.3832
-91.3929
-91.4021
-91.4107
-91.4188
-91.4263
-91.4333
-91.4398
-91.4459
-91.4514
-91.4564
-91.461
-91.4651
-91.4688
-91.472
-91.4747
-91.4771
-91.479
-91.4805
-91.4816
-91.4823
-91.4826
-91.4825
-91.4821
-91.4813
-91.4801
-91.4786
-91.4767
-91.4745
-91.4719
-91.4691
-91.4659
-91.4624
-91.4586
-91.4544
-91.45
-91.4453
-91.4404
-91.4351
-91.4296
-91.4238
-91.4177
-91.4114
-91.4048
-91.398
-91.391
-91.3837
-91.3762
-91.3684
-91.3604
-91.3523
-91.3439
-91.3353
-91.3265
-91.3174
-91.3082
-91.2988
-91.2893
-91.2795
-91.2695
-91.2594
-91.2491
-91.2386
-91.228
-91.2172
-91.2063
-91.1952
-91.1839
-91.1725
-91.1609
-91.1492
-91.1374
-91.1254
-91.1133
-91.1011
-91.0887
-91.0762
-91.0636
-91.0509
-91.038
-91.0251
-91.012
-90.9988
-90.9855
-90.9721
-90.9586
-90.945
-90.9313
-90.9175
-90.9036
-90.8896
-90.8756
-90.8614
-90.8472
-90.8328
-90.8184
-90.8039
-90.7894
-90.7747
-90.76
-90.7452
-90.7303
-90.7154
-90.7004
-90.6853
-90.6702
-90.655
-90.6398
-90.6245
-90.6091
-90.5937
-90.5782
-90.5626
-90.547
-90.5314
-90.5157
-90.5
-90.4842
-90.4683
-90.4525
-90.4365
-90.4206
-90.4046
-90.3885
-90.3724
-90.3563
-90.3402
-90.324
-90.3077
-90.2915
-90.2752
-90.2589
-90.2425
-90.2261
-90.2097
-90.1933
-90.1768
-90.1603
-90.1438
-90.1272
-90.1107
-90.0941
-90.0775
-90.0608
-90.0442
-90.0275
-90.0108
-89.9941
-89.9774
-89.9607
-89.9439
-89.9271
-89.9104
-89.8936
-89.8768
-89.86
-89.8431
-89.8263
-89.8095
-89.7926
-89.7757
-89.7589
-89.742
-89.7251
-89.7082
-89.6913
-89.6744
-89.6575
-89.6406
-89.6237
-89.6068
-89.5899
-89.573
-89.5561
-89.5392
-89.5222
-89.5053
-89.4884
-89.4715
-89.4546
-89.4377
-89.4208
-89.4039
-89.387
-89.3701
-89.3533
-89.3364
-89.3195
-89.3026
-89.2858
-89.2689
-89.2521
-89.2353
-89.2184
-89.2016
-89.1848
-89.168
-89.1512
-89.1345
-89.1177
-89.101
-89.0842
-89.0675
-89.0508
-89.0341
-89.0174
-89.0007
-88.984
-88.9674
-88.9507
-88.9341
-88.9175
-88.9009
-88.8843
-88.8678
-88.8512
-88.8347
-88.8182
-88.8017
-88.7852
-88.7687
-88.7523
-88.7359
-88.7195
-88.7031
-88.6867
-88.6704
-88.654
-88.6377
-88.6214
-88.6052
-88.5889
-88.5727
-88.5565
-88.5403
-88.5241
-88.5079
-88.4918
-88.4757
-88.4596
-88.4436
-88.4275
-88.4115
-88.3955
-88.3795
-88.3636
-88.3477
-88.3318
-88.3159
-88.3
-88.2842
-88.2684
-88.2526
-88.2369
-88.2211
-88.2054
-88.1897
-88.1741
-88.1585
-88.1428
-88.1273
-88.1117
-88.0962
-88.0807
-88.0652
-88.0497
-88.0343
-88.0189
-88.0035
-87.9882
-87.9729
-87.9576
-87.9423
-87.9271
-87.9119
-87.8967
-87.8815
-87.8664
-87.8513
-87.8362
-87.8212
-87.8062
-87.7912
-87.7762
-87.7613
-87.7464
-87.7315
-87.7167
-87.7019
-87.6871
-87.6723
-87.6576
-87.6429
-87.6282
-87.6136
-87.599
-87.5844
-87.5698
-87.5553
-87.5408
-87.5263
-87.5119
-87.4975
-87.4831
-87.4688
-87.4545
-87.4402
-87.4259
-87.4117
-87.3975
-87.3834
-87.3692
-87.3551
-87.341
-87.327
-87.313
-87.299
-87.285
-87.2711
-87.2572
-87.2434
-87.2295
-87.2157
-87.202
-87.1882
-87.1745
-87.1609
-87.1472
-87.1336
-87.12
-87.1065
-87.0929
-87.0794
-87.066
-87.0526
-87.0392
-87.0258
-87.0125
-86.9992
-86.9859
-86.9726
-86.9594
-86.9463
-86.9331
-86.92
-86.9069
-86.8939
-86.8808
-86.8678
-86.8549
-86.8419
-86.829
-86.8162
-86.8033
-86.7905
-86.7778
-86.765
-86.7523
-86.7396
-86.727
-86.7144
-86.7018
-86.6892
-86.6767
-86.6642
-86.6518
-86.6393
-86.6269
-86.6146
-86.6022
-86.5899
-86.5776
-86.5654
-86.5532
-86.541
-86.5288
-86.5167
-86.5046
-86.4926
-86.4806
-86.4686
-86.4566
-86.4447
-86.4328
-86.4209
-86.409
-86.3972
-86.3855
-86.3737
-86.362
-86.3503
-86.3386
-86.327
-86.3154
-86.3038
-86.2923
-86.2808
-86.2693
-86.2579
-86.2465
-86.2351
-86.2237
-86.2124
-86.2011
-86.1899
-86.1786
-86.1674
-86.1563
-86.1451
-86.134
-86.1229
-86.1119
-86.1008
-86.0898
-86.0789
-86.0679
-86.057
-86.0462
-86.0353
-86.0245
-86.0137
-86.003
-85.9923
-85.9816
-85.9709
-85.9603
-85.9497
-85.9391
-85.9285
-85.918
-85.9075
-85.8971
-85.8866
-85.8762
-85.8658
-85.8555
-85.8452
-85.8349
-85.8246
-85.8144
-85.8042
-85.794
-85.7839
-85.7738
-85.7637
-85.7536
-85.7436
-85.7336
-85.7236
-85.7137
-85.7038
-85.6939
-85.684
-85.6742
-85.6644
-85.6546
-85.6448
-85.6351
-85.6254
-85.6158
-85.6061
-85.5965
-85.5869
-85.5774
-85.5678
-85.5583
-85.5489
-85.5394
-85.53
-85.5206
-85.5112
-85.5019
-85.4926
-85.4833
-85.4741
-85.4648
-85.4556
-85.4465
-85.4373
-85.4282
-85.4191
-85.41
-85.401
-85.3919
-85.3829
-85.374
-85.365
-85.3561
-85.3472
-85.3384
-85.3295
-85.3207
-85.3119
-85.3032
-85.2945
-85.2858
-85.2771
-85.2684
-85.2598
-85.2512
-85.2426
-85.2341
-85.2256
-85.2171
-85.2086
-85.2001
-85.1917
-85.1833
-85.1749
-85.1666
-85.1582
-85.1499
-85.1416
-85.1334
-85.1252
-85.117
-85.1088
-85.1006
-85.0925
-85.0844
-85.0763
-85.0682
-85.0602
-85.0522
-85.0442
-85.0363
-85.0283
-85.0204
-85.0125
-85.0047
-84.9968
-84.989
-84.9812
-84.9734
-84.9657
-84.958
-84.9503
-84.9426
-84.9349
-84.9273
-84.9197
-84.9121
-84.9045
-84.897
-84.8895
-84.882
-84.8745
-84.867
-84.8596
-84.8522
-84.8448
-84.8375
-84.8301
-84.8228
-84.8155
-84.8083
-84.801
-84.7938
-84.7866
-84.7794
-84.7723
-84.7651
-84.758
-84.7509
-84.7438
-84.7368
-84.7298
-84.7227
-84.7158
-84.7088
-84.7018
-84.6949
-84.688
-84.6811
-84.6743
-84.6674
-84.6606
-84.6538
-84.647
-84.6403
-84.6335
-84.6268
-84.6201
-84.6135
-84.6068
-84.6002
-84.5936
-84.587
-84.5804
-84.5738
-84.5673
-84.5608
-84.5543
-84.5479
-84.5414
-84.535
-84.5286
-84.5222
-84.5158
-84.5095
-84.5031
-84.4968
-84.4905
-84.4843
-84.478
-84.4718
-84.4656
-84.4594
-84.4532
-84.447
-84.4409
-84.4348
-84.4286
-84.4226
-84.4165
-84.4105
-84.4044
-84.3984
-84.3924
-84.3865
-84.3805
-84.3746
-84.3687
-84.3628
-84.3569
-84.351
-84.3452
-84.3394
-84.3336
-84.3278
-84.322
-84.3162
-84.3105
-84.3048
-84.2991
-84.2934
-84.2878
-84.2821
-84.2765
-84.2709
-84.2653
-84.2597
-84.2542
-84.2486
-84.2431
-84.2376
-84.2321
-84.2267
-84.2212
-84.2158
-84.2103
-84.2049
-84.1995
-84.1942
-84.1888
-84.1835
-84.1781
-84.1728
-84.1676
-84.1623
-84.157
-84.1518
-84.1466
-84.1414
-84.1362
-84.131
-84.1258
-84.1207
-84.1156
-84.1105
-84.1054
-84.1003
-84.0952
-84.0902
-84.0852
-84.0801
-84.0751
-84.0702
-84.0652
-84.0603
-84.0553
-84.0504
-84.0455
-84.0406
-84.0357
-84.0309
-84.0261
-84.0212
-84.0164
-84.0116
-84.0068
-84.0021
-83.9973
-83.9926
-83.9878
-83.9831
-83.9784
-83.9737
-83.9691
-83.9644
-83.9598
-83.9552
-83.9505
-83.946
-83.9414
-83.9368
-83.9322
-83.9277
-83.9232
-83.9187
-83.9142
-83.9097
-83.9052
-83.9008
-83.8963
-83.8919
-83.8875
-83.8831
-83.8787
-83.8743
-83.87
-83.8656
-83.8613
-83.857
-83.8527
-83.8484
-83.8441
-83.8399
-83.8356
-83.8314
-83.8272
-83.8229
-83.8188
-83.8146
-83.8104
-83.8063
-83.8021
-83.798
-83.7939
-83.7898
-83.7857
-83.7816
-83.7775
-83.7735
-83.7694
-83.7654
-83.7614
-83.7574
-83.7534
-83.7494
-83.7454
-83.7415
-83.7375
-83.7336
-83.7297
-83.7258
-83.7219
-83.718
-83.7141
-83.7102
-83.7064
-83.7025
-83.6987
-83.6949
-83.6911
-83.6873
-83.6835
-83.6798
-83.676
-83.6723
-83.6685
-83.6648
-83.6611
-83.6574
-83.6537
-83.65
-83.6464
-83.6427
-83.6391
-83.6354
-83.6318
-83.6282
-83.6246
-83.621
-83.6175
-83.6139
-83.6104
-83.6068
-83.6033
-83.5998
-83.5963
-83.5928
-83.5893
-83.5858
-83.5823
-83.5789
-83.5754
-83.572
-83.5686
-83.5652
-83.5618
-83.5584
-83.555
-83.5516
-83.5483
-83.5449
-83.5416
-83.5383
-83.535
-83.5316
-83.5283
-83.525
-83.5218
-83.5185
-83.5152
-83.512
-83.5087
-83.5055
-83.5023
-83.4991
-83.4959
-83.4927
-83.4895
-83.4863
-83.4831
-83.48
-83.4768
-83.4737
-83.4706
-83.4675
-83.4643
-83.4612
-83.4582
-83.4551
-83.452
-83.4489
-83.4459
-83.4428
-83.4398
-83.4368
-83.4338
-83.4307
-83.4277
-83.4248
-83.4218
-83.4188
-83.4158
-83.4129
-83.4099
-83.407
-83.4041
-83.4012
-83.3982
-83.3953
-83.3924
-83.3896
-83.3867
-83.3838
-83.381
-83.3781
-83.3753
-83.3724
-83.3696
-83.3668
-83.364
-83.3612
-83.3584
-83.3556
-83.3528
-83.3501
-83.3473
-83.3446
-83.3418
-83.3391
-83.3364
-83.3336
-83.3309
-83.3282
-83.3255
-83.3229
-83.3202
-83.3175
-83.3149
-83.3122
-83.3096
-83.3069
-83.3043
-83.3017
-83.299
-83.2964
-83.2938
-83.2912
-83.2887
-83.2861
-83.2835
-83.2809
-83.2784
-83.2758
-83.2733
-83.2707
-83.2682
-83.2657
-83.2632
-83.2607
-83.2582
-83.2557
-83.2532
-83.2507
-83.2482
-83.2457
-83.2433
-83.2408
-83.2384
-83.2359
-83.2335
-83.2311
-83.2287
-83.2263
-83.2238
-83.2214
-83.2191
-83.2167
-83.2143
-83.2119
-83.2095
-83.2072
-83.2048
-83.2025
-83.2001
-83.1978
-83.1955
-83.1932
-83.1908
-83.1885
-83.1862
-83.1839
-83.1817
-83.1794
-83.1771
-83.1748
-83.1726
-83.1703
-83.1681
-83.1658
-83.1636
-83.1613
-83.1591
-83.1569
-83.1547
-83.1525
-83.1503
-83.1481
-83.1459
-83.1437
-83.1415
-83.1394
-83.1372
-83.135
-83.1329
-83.1307
-83.1286
-83.1264
-83.1243
-83.1222
-83.1201
-83.118
-83.1159
-83.1138
-83.1117
-83.1096
-83.1075
-83.1054
-83.1033
-83.1013
-83.0992
-83.0971
-83.0951
-83.093
-83.091
-83.089
-83.0869
-83.0849
-83.0829
-83.0809
-83.0789
-83.0769
-83.0749
-83.0729
-83.0709
-83.0689
-83.0669
-83.065
-83.063
-83.061
-83.0591
-83.0571
-83.0552
-83.0532
-83.0513
-83.0494
-83.0474
-83.0455
-83.0436
-83.0417
-83.0398
-83.0379
-83.036
-83.0341
-83.0322
-83.0303
-83.0284
-83.0265
-83.0246
-83.0228
-83.0209
-83.0191
-83.0172
-83.0153
-83.0135
-83.0117
-83.0098
-83.008
-83.0061
-83.0043
-83.0025
-83.0007
-82.9989
-82.9971
-82.9953
-82.9935
-82.9917
-82.9899
-82.9881
-82.9863
-82.9845
-82.9828
-82.981
-82.9792
-82.9775
-82.9757
-82.9739
-82.9722
-82.9705
-82.9687
-82.967
-82.9652
-82.9635
-82.9618
-82.9601
-82.9584
-82.9566
-82.9549
-82.9532
-82.9515
-82.9498
-82.9481
-82.9464
-82.9448
-82.9431
-82.9414
-82.9397
-82.9381
-82.9364
-82.9347
-82.9331
-82.9314
-82.9298
-82.9281
-82.9265
-82.9248
-82.9232
-82.9216
-82.9199
-82.9183
-82.9167
-82.9151
-82.9135
-82.9119
-82.9103
-82.9086
-82.907
-82.9055
-82.9039
-82.9023
-82.9007
-82.8991
-82.8975
-82.8959
-82.8944
-82.8928
-82.8912
-82.8897
-82.8881
-82.8866
-82.885
-82.8835
-82.8819
-82.8804
-82.8788
-82.8773
-82.8758
-82.8742
-82.8727
-82.8712
-82.8697
-82.8682
-82.8667
-82.8651
-82.8636
-82.8621
-82.8606
-82.8591
-82.8576
-82.8562
-82.8547
-82.8532
-82.8517
-82.8502
-82.8488
-82.8473
-82.8458
-82.8443
-82.8429
-82.8414
-82.84
-82.8385
-82.8371
-82.8356
-82.8342
-82.8327
-82.8313
-82.8298
-82.8284
-82.827
-82.8255
-82.8241
-82.8227
-82.8213
-82.8199
-82.8184
-82.817
-82.8156
-82.8142
-82.8128
-82.8114
-82.81
-82.8086
-82.8072
-82.8058
-82.8044
-82.803
-82.8016
-82.8002
-82.7988
-82.7975
-82.7961
-82.7947
-82.7933
-82.792
-82.7906
-82.7892
-82.7879
-82.7865
-82.7851
-82.7838
-82.7824
-82.7811
-82.7797
-82.7784
-82.777
-82.7757
-82.7743
-82.773
-82.7716
-82.7703
-82.769
-82.7676
-82.7663
-82.765
-82.7637
-82.7623
-82.761
-82.7597
-82.7584
-82.7571
-82.7557
-82.7544
-82.7531
-82.7518
-82.7505
-82.7492
-82.7479
-82.7466
-82.7453
-82.744
-82.7427
-82.7414
-82.7401
-82.7389
-82.7376
-82.7363
-82.735
-82.7337
-82.7324
-82.7312
-82.7299
-82.7286
-82.7274
-82.7261
-82.7248
-82.7236
-82.7223
-82.721
-82.7198
-82.7185
-82.7173
-82.716
-82.7148
-82.7135
-82.7123
-82.711
-82.7098
-82.7085
-82.7073
-82.7061
-82.7048
-82.7036
-82.7023
-82.7011
-82.6999
-82.6987
-82.6974
-82.6962
-82.695
-82.6938
-82.6925
-82.6913
-82.6901
-82.6889
-82.6877
-82.6865
-82.6853
-82.684
-82.6828
-82.6816
-82.6804
-82.6792
-82.678
-82.6768
-82.6756
-82.6744
-82.6732
-82.672
-82.6708
-82.6697
-82.6685
-82.6673
-82.6661
-82.6649
-82.6637
-82.6625
-82.6614
-82.6602
-82.659
-82.6578
-82.6567
-82.6555
-82.6543
-82.6531
-82.652
-82.6508
-82.6496
-82.6485
-82.6473
-82.6462
-82.645
-82.6438
-82.6427
-82.6415
-82.6404
-82.6392
-82.6381
-82.6369
-82.6358
-82.6346
-82.6335
-82.6323
-82.6312
-82.63
-82.6289
-82.6277
-82.6266
-82.6255
-82.6243
-82.6232
-82.6221
-82.6209
-82.6198
-82.6187
-82.6175
-82.6164
-82.6153
-82.6141
-82.613
-82.6119
-82.6108
-82.6096
-82.6085
-82.6074
-82.6063
-82.6052
-82.6041
-82.6029
-82.6018
-82.6007
-82.5996
-82.5985
-82.5974
-82.5963
-82.5952
-82.5941
-82.593
-82.5918
-82.5907
-82.5896
-82.5885
-82.5874
-82.5863
-82.5852
-82.5841
-82.583
-82.5819
-82.5808
-82.5797
-82.5786
-82.5776
-82.5765
-82.5754
-82.5743
-82.5732
-82.5721
-82.571
-82.5699
-82.5688
-82.5677
-82.5666
-82.5655
-82.5645
-82.5634
-82.5623
-82.5612
-82.5601
-82.559
-82.558
-82.5569
-82.5558
-82.5547
-82.5536
-82.5525
-82.5515
-82.5504
-82.5493
-82.5482
-82.5472
-82.5461
-82.545
-82.5439
-82.5429
-82.5418
-82.5407
-82.5396
-82.5386
-82.5375
-82.5364
-82.5353
-82.5343
-82.5332
-82.5321
-82.5311
-82.53
-82.5289
-82.5279
-82.5268
-82.5257
-82.5247
-82.5236
-82.5225
-82.5215
-82.5204
-82.5194
-82.5183
-82.5172
-82.5162
-82.5151
-82.5141
-82.513
-82.5119
-82.5109
-82.5098
-82.5088
-82.5077
-82.5066
-82.5056
-82.5045
-82.5035
-82.5024
-82.5014
-82.5003
-82.4993
-82.4982
-82.4972
-82.4961
-82.4951
-82.494
-82.493
-82.4919
-82.4909
-82.4898
-82.4888
-82.4877
-82.4867
-82.4856
-82.4846
-82.4835
-82.4825
-82.4814
-82.4804
-82.4793
-82.4783
-82.4772
-82.4762
-82.4752
-82.4741
-82.4731
-82.472
-82.471
-82.4699
-82.4689
-82.4679
-82.4668
-82.4658
-82.4647
-82.4637
-82.4627
-82.4616
-82.4606
-82.4595
-82.4585
-82.4575
-82.4564
-82.4554
-82.4544
-82.4533
-82.4523
-82.4513
-82.4502
-82.4492
-82.4481
-82.4471
-82.4461
-82.445
-82.444
-82.443
-82.4419
-82.4409
-82.4399
-82.4388
-82.4378
-82.4368
-82.4357
-82.4347
-82.4337
-82.4326
-82.4316
-82.4306
-82.4296
-82.4285
-82.4275
-82.4265
-82.4254
-82.4244
-82.4234
-82.4223
-82.4213
-82.4203
-82.4193
-82.4182
-82.4172
-82.4162
-82.4151
-82.4141
-82.4131
-82.4121
-82.411
-82.41
-82.409
-82.4079
-82.4069
-82.4059
-82.4049
-82.4038
-82.4028
-82.4018
-82.4008
-82.3997
-82.3987
-82.3977
-82.3967
-82.3956
-82.3946
-82.3936
-82.3926
-82.3915
-82.3905
-82.3895
-82.3885
-82.3874
-82.3864
-82.3854
-82.3844
-82.3833
-82.3823
-82.3813
-82.3803
-82.3792
-82.3782
-82.3772
-82.3762
-82.3751
-82.3741
-82.3731
-82.3721
-82.371
-82.37
-82.369
-82.368
-82.367
-82.3659
-82.3649
-82.3639
-82.3629
-82.3618
-82.3608
-82.3598
-82.3588
-82.3577
-82.3567
-82.3557
-82.3547
-82.3537
-82.3526
-82.3516
-82.3506
-82.3496
-82.3485
-82.3475
-82.3465
-82.3455
-82.3444
-82.3434
-82.3424
-82.3414
-82.3403
-82.3393
-82.3383
-82.3373
-82.3362
-82.3352
-82.3342
-82.3332
-82.3321
-82.3311
-82.3301
-82.329
-82.328
-82.327
-82.326
-82.3249
-82.3239
-82.3229
-82.3218
-82.3208
-82.3198
-82.3187
-82.3177
-82.3167
-82.3156
-82.3146
-82.3136
-82.3125
-82.3115
-82.3105
-82.3094
-82.3084
-82.3074
-82.3063
-82.3053
-82.3043
-82.3032
-82.3022
-82.3012
-82.3001
-82.2991
-82.298
-82.297
-82.296
-82.2949
-82.2939
-82.2928
-82.2918
-82.2908
-82.2897
-82.2887
-82.2876
-82.2866
-82.2856
-82.2845
-82.2835
-82.2824
-82.2814
-82.2804
-82.2793
-82.2783
-82.2772
-82.2762
-82.2751
-82.2741
-82.273
-82.272
-82.2709
-82.2699
-82.2689
-82.2678
-82.2668
-82.2657
-82.2647
-82.2636
-82.2626
-82.2615
-82.2605
-82.2594
-82.2584
-82.2573
-82.2563
-82.2552
-82.2542
-82.2531
-82.2521
-82.251
-82.25
-82.2489
-82.2479
-82.2468
-82.2458
-82.2447
-82.2436
-82.2426
-82.2415
-82.2405
-82.2394
-82.2384
-82.2373
-82.2362
-82.2352
-82.2341
-82.2331
-82.232
-82.231
-82.2299
-82.2288
-82.2278
-82.2267
-82.2257
-82.2246
-82.2235
-82.2225
-82.2214
-82.2203
-82.2193
-82.2182
-82.2172
-82.2161
-82.215
-82.214
-82.2129
-82.2118
-82.2108
-82.2097
-82.2086
-82.2076
-82.2065
-82.2054
-82.2044
-82.2033
-82.2022
-82.2012
-82.2001
-82.199
-82.1979
-82.1969
-82.1958
-82.1947
-82.1937
-82.1926
-82.1915
-82.1904
-82.1894
-82.1883
-82.1872
-82.1861
-82.1851
-82.184
-82.1829
-82.1818
-82.1808
-82.1797
-82.1786
-82.1775
-82.1764
-82.1754
-82.1743
-82.1732
-82.1721
-82.171
-82.17
-82.1689
-82.1678
-82.1667
-82.1656
-82.1645
-82.1634
-82.1624
-82.1613
-82.1602
-82.1591
-82.158
-82.1569
-82.1558
-82.1548
-82.1537
-82.1526
-82.1515
-82.1504
-82.1493
-82.1482
-82.1471
-82.146
-82.1449
-82.1438
-82.1428
-82.1417
-82.1406
-82.1395
-82.1384
-82.1373
-82.1362
-82.1351
-82.134
-82.1329
-82.1318
-82.1307
-82.1296
-82.1285
-82.1274
-82.1263
-82.1252
-82.1241
-82.123
-82.1219
-82.1208
-82.1197
-82.1186
-82.1175
-82.1164
-82.1153
-82.1142
-82.113
-82.1119
-82.1108
-82.1097
-82.1086
-82.1075
-82.1064
-82.1053
-82.1042
-82.1031
-82.102
-82.1008
-82.0997
-82.0986
-82.0975
-82.0964
-82.0953
-82.0941
-82.093
-82.0919
-82.0908
-82.0897
-82.0885
-82.0874
-82.0863
-82.0852
-82.084
-82.0829
-82.0818
-82.0807
-82.0795
-82.0784
-82.0773
-82.0761
-82.075
-82.0739
-82.0727
-82.0716
-82.0705
-82.0693
-82.0682
-82.0671
-82.0659
-82.0648
-82.0636
-82.0625
-82.0614
-82.0602
-82.0591
-82.0579
-82.0568
-82.0556
-82.0545
-82.0533
-82.0522
-82.051
-82.0499
-82.0487
-82.0476
-82.0464
-82.0453
-82.0441
-82.043
-82.0418
-82.0407
-82.0395
-82.0383
-82.0372
-82.036
-82.0349
-82.0337
-82.0325
-82.0314
-82.0302
-82.0291
-82.0279
-82.0267
-82.0256
-82.0244
-82.0232
-82.0221
-82.0209
-82.0197
-82.0186
-82.0174
-82.0162
-82.015
-82.0139
-82.0127
-82.0115
-82.0103
-82.0092
-82.008
-82.0068
-82.0056
-82.0044
-82.0033
-82.0021
-82.0009
-81.9997
-81.9985
-81.9973
-81.9962
-81.995
-81.9938
-81.9926
-81.9914
-81.9902
-81.989
-81.9878
-81.9866
-81.9854
-81.9843
-81.9831
-81.9819
-81.9807
-81.9795
-81.9783
-81.9771
-81.9759
-81.9747
-81.9735
-81.9723
-81.9711
-81.9699
-81.9687
-81.9675
-81.9663
-81.965
-81.9638
-81.9626
-81.9614
-81.9602
-81.959
-81.9578
-81.9566
-81.9554
-81.9542
-81.9529
-81.9517
-81.9505
-81.9493
-81.9481
-81.9469
-81.9456
-81.9444
-81.9432
-81.942
-81.9407
-81.9395
-81.9383
-81.9371
-81.9358
-81.9346
-81.9334
-81.9322
-81.9309
-81.9297
-81.9285
-81.9272
-81.926
-81.9248
-81.9235
-81.9223
-81.9211
-81.9198
-81.9186
-81.9174
-81.9161
-81.9149
-81.9136
-81.9124
-81.9111
-81.9099
-81.9087
-81.9074
-81.9062
-81.9049
-81.9037
-81.9024
-81.9012
-81.8999
-81.8987
-81.8974
-81.8962
-81.8949
-81.8937
-81.8924
-81.8911
-81.8899
-81.8886
-81.8874
-81.8861
-81.8849
-81.8836
-81.8823
-81.8811
-81.8798
-81.8785
-81.8773
-81.876
-81.8747
-81.8735
-81.8722
-81.8709
-81.8697
-81.8684
-81.8671
-81.8658
-81.8646
-81.8633
-81.862
-81.8607
-81.8595
-81.8582
-81.8569
-81.8556
-81.8543
-81.8531
-81.8518
-81.8505
-81.8492
-81.8479
-81.8466
-81.8453
-81.844
-81.8427
-81.8414
-81.8401
-81.8388
-81.8375
-81.8362
-81.8349
-81.8336
-81.8323
-81.831
-81.8297
-81.8284
-81.8271
-81.8258
-81.8245
-81.8232
-81.8218
-81.8205
-81.8192
-81.8179
-81.8166
-81.8153
-81.8139
-81.8126
-81.8113
-81.81
-81.8086
-81.8073
-81.806
-81.8046
-81.8033
-81.802
-81.8006
-81.7993
-81.798
-81.7966
-81.7953
-81.794
-81.7926
-81.7913
-81.7899
-81.7886
-81.7872
-81.7859
-81.7846
-81.7832
-81.7819
-81.7805
-81.7791
-81.7778
-81.7764
-81.7751
-81.7737
-81.7724
-81.771
-81.7696
-81.7683
-81.7669
-81.7656
-81.7642
-81.7628
-81.7615
-81.7601
-81.7587
-81.7573
-81.756
-81.7546
-81.7532
-81.7518
-81.7505
-81.7491
-81.7477
-81.7463
-81.7449
-81.7436
-81.7422
-81.7408
-81.7394
-81.738
-81.7366
-81.7352
-81.7338
-81.7324
-81.731
-81.7296
-81.7282
-81.7268
-81.7254
-81.724
-81.7226
-81.7212
-81.7198
-81.7184
-81.717
-81.7156
-81.7142
-81.7128
-81.7114
-81.71
-81.7086
-81.7071
-81.7057
-81.7043
-81.7029
-81.7015
-81.7
-81.6986
-81.6972
-81.6958
-81.6943
-81.6929
-81.6915
-81.69
-81.6886
-81.6872
-81.6857
-81.6843
-81.6829
-81.6814
-81.68
-81.6786
-81.6771
-81.6757
-81.6742
-81.6728
-81.6713
-81.6699
-81.6684
-81.667
-81.6655
-81.6641
-81.6626
-81.6612
-81.6597
-81.6583
-81.6568
-81.6553
-81.6539
-81.6524
-81.6509
-81.6495
-81.648
-81.6465
-81.6451
-81.6436
-81.6421
-81.6407
-81.6392
-81.6377
-81.6362
-81.6347
-81.6333
-81.6318
-81.6303
-81.6288
-81.6273
-81.6258
-81.6244
-81.6229
-81.6214
-81.6199
-81.6184
-81.6169
-81.6154
-81.6139
-81.6124
-81.6109
-81.6094
-81.6079
-81.6064
-81.6049
-81.6034
-81.6019
-81.6003
-81.5988
-81.5973
-81.5958
-81.5943
-81.5927
-81.5912
-81.5897
-81.5882
-81.5866
-81.5851
-81.5836
-81.582
-81.5805
-81.579
-81.5774
-81.5759
-81.5743
-81.5728
-81.5712
-81.5697
-81.5681
-81.5666
-81.565
-81.5635
-81.5619
-81.5604
-81.5588
-81.5572
-81.5557
-81.5541
-81.5525
-81.551
-81.5494
-81.5478
-81.5462
-81.5447
-81.5431
-81.5415
-81.5399
-81.5383
-81.5367
-81.5352
-81.5336
-81.532
-81.5304
-81.5288
-81.5272
-81.5256
-81.524
-81.5224
-81.5208
-81.5192
-81.5176
-81.516
-81.5144
-81.5128
-81.5111
-81.5095
-81.5079
-81.5063
-81.5047
-81.503
-81.5014
-81.4998
-81.4982
-81.4965
-81.4949
-81.4933
-81.4916
-81.49
-81.4884
-81.4867
-81.4851
-81.4834
-81.4818
-81.4801
-81.4785
-81.4768
-81.4752
-81.4735
-81.4719
-81.4702
-81.4686
-81.4669
-81.4652
-81.4636
-81.4619
-81.4602
-81.4586
-81.4569
-81.4552
-81.4535
-81.4518
-81.4502
-81.4485
-81.4468
-81.4451
-81.4434
-81.4417
-81.44
-81.4383
-81.4367
-81.435
-81.4333
-81.4316
-81.4299
-81.4281
-81.4264
-81.4247
-81.423
-81.4213
-81.4196
-81.4179
-81.4162
-81.4144
-81.4127
-81.411
-81.4093
-81.4075
-81.4058
-81.4041
-81.4024
-81.4006
-81.3989
-81.3971
-81.3954
-81.3937
-81.3919
-81.3902
-81.3884
-81.3867
-81.3849
-81.3832
-81.3814
-81.3797
-81.3779
-81.3761
-81.3744
-81.3726
-81.3708
-81.3691
-81.3673
-81.3655
-81.3637
-81.362
-81.3602
-81.3584
-81.3566
-81.3548
-81.353
-81.3512
-81.3494
-81.3476
-81.3458
-81.344
-81.3422
-81.3404
-81.3386
-81.3367
-81.3349
-81.3331
-81.3313
-81.3295
-81.3276
-81.3258
-81.324
-81.3221
-81.3203
-81.3184
-81.3166
-81.3147
-81.3129
-81.311
-81.3092
-81.3073
-81.3055
-81.3036
-81.3017
-81.2999
-81.298
-81.2961
-81.2943
-81.2924
-81.2905
-81.2886
-81.2867
-81.2848
-81.283
-81.2811
-81.2792
-81.2773
-81.2754
-81.2735
-81.2716
-81.2696
-81.2677
-81.2658
-81.2639
-81.262
-81.2601
-81.2581
-81.2562
-81.2543
-81.2523
-81.2504
-81.2485
-81.2465
-81.2446
-81.2426
-81.2407
-81.2387
-81.2368
-81.2348
-81.2329
-81.2309
-81.2289
-81.227
-81.225
-81.223
-81.2211
-81.2191
-81.2171
-81.2151
-81.2131
-81.2111
-81.2091
-81.2071
-81.2051
-81.2031
-81.2011
-81.1991
-81.1971
-81.1951
-81.1931
-81.1911
-81.1891
-81.187
-81.185
-81.183
-81.181
-81.1789
-81.1769
-81.1748
-81.1728
-81.1708
-81.1687
-81.1667
-81.1646
-81.1625
-81.1605
-81.1584
-81.1564
-81.1543
-81.1522
-81.1501
-81.1481
-81.146
-81.1439
-81.1418
-81.1397
-81.1376
-81.1355
-81.1334
-81.1313
-81.1292
-81.1271
-81.125
-81.1229
-81.1208
-81.1187
-81.1165
-81.1144
-81.1123
-81.1101
-81.108
-81.1058
-81.1037
-81.1015
-81.0994
-81.0972
-81.0951
-81.0929
-81.0907
-81.0885
-81.0864
-81.0842
-81.082
-81.0798
-81.0776
-81.0754
-81.0732
-81.071
-81.0688
-81.0666
-81.0644
-81.0621
-81.0599
-81.0577
-81.0555
-81.0532
-81.051
-81.0487
-81.0465
-81.0442
-81.042
-81.0397
-81.0375
-81.0352
-81.0329
-81.0306
-81.0284
-81.0261
-81.0238
-81.0215
-81.0192
-81.0169
-81.0146
-81.0123
-81.01
-81.0077
-81.0053
-81.003
-81.0007
-80.9984
-80.996
-80.9937
-80.9913
-80.989
-80.9866
-80.9843
-80.9819
-80.9796
-80.9772
-80.9748
-80.9724
-80.9701
-80.9677
-80.9653
-80.9629
-80.9605
-80.9581
-80.9557
-80.9533
-80.9509
-80.9484
-80.946
-80.9436
-80.9411
-80.9387
-80.9363
-80.9338
-80.9314
-80.9289
-80.9265
-80.924
-80.9215
-80.9191
-80.9166
-80.9141
-80.9116
-80.9091
-80.9066
-80.9041
-80.9016
-80.8991
-80.8966
-80.8941
-80.8916
-80.889
-80.8865
-80.884
-80.8814
-80.8789
-80.8763
-80.8738
-80.8712
-80.8686
-80.866
-80.8635
-80.8609
-80.8583
-80.8557
-80.8531
-80.8505
-80.8478
-80.8452
-80.8426
-80.84
-80.8373
-80.8347
-80.832
-80.8294
-80.8267
-80.824
-80.8214
-80.8187
-80.816
-80.8133
-80.8106
-80.8079
-80.8052
-80.8025
-80.7997
-80.797
-80.7943
-80.7915
-80.7888
-80.786
-80.7833
-80.7805
-80.7777
-80.775
-80.7722
-80.7694
-80.7666
-80.7638
-80.761
-80.7582
-80.7553
-80.7525
-80.7497
-80.7468
-80.744
-80.7411
-80.7383
-80.7354
-80.7325
-80.7297
-80.7268
-80.7239
-80.721
-80.7181
-80.7152
-80.7123
-80.7093
-80.7064
-80.7035
-80.7005
-80.6976
-80.6946
-80.6916
-80.6887
-80.6857
-80.6827
-80.6797
-80.6767
-80.6737
-80.6707
-80.6676
-80.6646
-80.6616
-80.6585
-80.6555
-80.6524
-80.6494
-80.6463
-80.6432
-80.6401
-80.637
-80.6339
-80.6308
-80.6277
-80.6245
-80.6214
-80.6182
-80.6151
-80.6119
-80.6087
-80.6056
-80.6024
-80.5992
-80.5959
-80.5927
-80.5895
-80.5863
-80.583
-80.5797
-80.5765
-80.5732
-80.5699
-80.5666
-80.5633
-80.56

