-70
-62.8691
-49.7769
7.91784
49.8625
48.8099
41.3643
22.6458
1.76007
-10.6619
-21.2219
-32.0333
-46.0333
-77.3271
-93.2277
-94.4947
-94.6314
-94.5037
-94.2088
-93.7652
-93.1932
-92.5205
-91.774
-90.9728
-90.1277
-89.2424
-88.3155
-87.3419
-86.3135
-85.2195
-84.0454
-82.7724
-81.3749
-79.8179
-78.0504
-75.9945
-73.5222
-70.397
-66.1022
-59.1069
-41.3526
32.3541
49.5034
45.2693
30.7648
8.23052
-6.36313
-17.2352
-28.2449
-38.7903
-61.5727
-90.7598
-94.1535
-94.5799
-94.5599
-94.3464
-93.9842
-93.4957
-92.9082
-92.2498
-91.5428
-90.8015
-90.0334
-89.2405
-88.4218
-87.5736
-86.6905
-85.7654
-84.7894
-83.7511
-82.6358
-81.4245
-80.0916
-78.6007
-76.8991
-74.9043
-72.4774
-69.3534
-64.9219
-57.2185
-34.4038
39.8751
49.3041
44.273
28.756
6.62153
-7.24452
-17.9739
-28.969
-40.0639
-64.6904
-91.6755
-94.2853
-94.6109
-94.5624
-94.3359
-93.9683
-93.4833
-92.9103
-92.2782
-91.6094
-90.9179
-90.2107
-89.4904
-88.7563
-88.006
-87.2357
-86.4407
-85.615
-84.7517
-83.8421
-82.8755
-81.8384
-80.7128
-79.4749
-78.0913
-76.513
-74.6647
-72.4192
-69.5383
-65.4859
-58.6281
-40.1142
34.7165
49.4619
45.2047
30.9996
8.90003
-5.80166
-16.6975
-27.6718
-37.8002
-59.2624
-90.1389
-94.1328
-94.5955
-94.5894
-94.394
-94.0577
-93.6048
-93.0644
-92.4668
-91.8357
-91.1869
-90.5287
-89.8648
-89.1953
-88.5189
-87.8329
-87.1338
-86.4177
-85.68
-84.9151
-84.1166
-83.2767
-82.3858
-81.4318
-80.399
-79.2666
-78.0054
-76.574
-74.9089
-72.9066
-70.3803
-66.9373
-61.5192
-49.621
4.01434
49.8067
48.9778
42.0386
23.6512
2.20237
-10.3987
-20.9512
-31.8068
-45.5557
-76.3854
-93.1196
-94.4734
-94.6271
-94.5123
-94.2415
-93.8447
-93.3501
-92.7899
-92.1921
-91.5765
-90.9545
-90.3316
-89.7094
-89.0871
-88.4629
-87.8342
-87.1981
-86.5513
-85.8899
-85.2096
-84.5058
-83.7727
-83.0035
-82.1899
-81.3218
-80.3859
-79.3649
-78.2353
-76.9642
-75.5025
-73.7736
-71.6466
-68.8703
-64.8637
-57.7804
-36.9837
38.5356
49.3777
44.8631
30.488
8.69863
-5.80008
-16.657
-27.6117
-37.6858
-59.0367
-90.1881
-94.171
-94.6141
-94.6046
-94.4128
-94.0858
-93.6489
-93.1324
-92.5673
-91.9777
-91.3793
-90.7805
-90.1848
-89.5928
-89.0034
-88.4147
-87.8244
-87.2296
-86.6276
-86.0149
-85.3882
-84.7433
-84.0757
-83.3802
-82.6503
-81.8782
-81.0544
-80.1665
-79.1985
-78.1285
-76.926
-75.5465
-73.9205
-71.9314
-69.3609
-65.7235
-59.5879
-43.7895
27.42
49.6519
46.5245
34.474
12.9938
-3.39037
-14.631
-25.4961
-35.2979
-53.3145
-86.7262
-93.8914
-94.5782
-94.6246
-94.4668
-94.1699
-93.7597
-93.2654
-92.7185
-92.1449
-91.562
-90.9796
-90.4023
-89.831
-89.2651
-88.703
-88.1425
-87.5812
-87.0165
-86.4457
-85.8658
-85.2736
-84.6655
-84.0373
-83.3845
-82.7012
-81.981
-81.2154
-80.3942
-79.5038
-78.5265
-77.4377
-76.2027
-74.7692
-73.0536
-70.9099
-68.0479
-63.7594
-55.5754
-27.0366
40.8357
49.3185
44.5862
29.8964
8.154
-6.11384
-16.9251
-27.8861
-38.1504
-60.1951
-90.6962
-94.2409
-94.6327
-94.6069
-94.4048
-94.0699
-93.629
-93.1146
-92.5586
-91.9849
-91.4084
-90.8367
-90.2728
-89.7167
-89.1673
-88.6227
-88.0807
-87.5389
-86.9949
-86.446
-85.8894
-85.3223
-84.7412
-84.1426
-83.5222
-82.8751
-82.1954
-81.476
-80.7079
-79.88
-78.9776
-77.9808
-76.8623
-75.5819
-74.0787
-72.2518
-69.9173
-66.6856
-61.4996
-49.8657
3.26635
49.7993
49.0519
42.5709
25.0185
3.44905
-9.4248
-19.9619
-30.8844
-43.6782
-72.7396
-92.8295
-94.4467
-94.6399
-94.5466
-94.298
-93.9268
-93.4621
-92.9368
-92.3804
-91.8134
-91.2481
-90.6901
-90.1412
-89.6012
-89.0686
-88.5414
-88.0175
-87.4946
-86.9702
-86.4421
-85.9075
-85.3638
-84.8079
-84.2365
-83.6459
-83.0315
-82.3884
-81.7102
-80.9893
-80.2161
-79.3784
-78.4598
-77.4385
-76.2829
-74.947
-73.3579
-71.3917
-68.8105
-65.0696
-58.4781
-39.7795
35.6967
49.4663
45.4452
32.041
10.5375
-4.61871
-15.6123
-26.5132
-35.9338
-54.8907
-88.1293
-94.0343
-94.6073
-94.6297
-94.4618
-94.1596
-93.7485
-93.2588
-92.7223
-92.1646
-91.6024
-91.045
-90.4962
-89.957
-89.4267
-88.9035
-88.3856
-87.8707
-87.3566
-86.8411
-86.3216
-85.7957
-85.2608
-84.7139
-84.1517
-83.5704
-82.966
-82.3331
-81.6659
-80.9569
-80.1967
-79.3735
-78.4714
-77.4691
-76.3366
-75.0294
-73.4783
-71.5657
-69.0699
-65.4923
-59.3405
-42.985
29.7388
49.6071
46.288
34.0538
12.7428
-3.40597
-14.6054
-25.4536
-35.2562
-53.2306
-86.7363
-93.9153
-94.589
-94.6337
-94.4788
-94.1882
-93.7874
-93.306
-92.7757
-92.2225
-91.6639
-91.1098
-90.5644
-90.029
-89.5029
-88.9847
-88.4723
-87.9636
-87.4566
-86.9489
-86.4383
-85.9223
-85.3983
-84.8636
-84.3151
-83.7495
-83.1626
-82.5499
-81.9059
-81.2239
-80.4956
-79.7104
-78.8548
-77.9104
-76.8518
-75.6427
-74.2277
-72.517
-70.3505
-67.4002
-62.8291
-53.4723
-16.0254
48.6087
49.3373
44.3653
29.2167
7.34865
-6.6742
-17.4367
-28.4156
-39.0754
-62.4119
-91.3198
-94.2966
-94.6393
-94.5985
-94.3864
-94.0444
-93.6009
-93.0896
-92.5425
-91.9829
-91.4248
-90.875
-90.3362
-89.8081
-89.2894
-88.7782
-88.2725
-87.77
-87.2686
-86.766
-86.2599
-85.7479
-85.2273
-84.6955
-84.1493
-83.5852
-82.9992
-82.3866
-81.7418
-81.0578
-80.3261
-79.5358
-78.6727
-77.7177
-76.6442
-75.4134
-73.9663
-72.2056
-69.955
-66.8435
-61.8803
-50.9922
-2.49811
49.7294
49.2454
43.5767
27.1709
5.23128
-8.16324
-18.8001
-29.7798
-41.55
-68.1343
-92.3183
-94.3892
-94.6409
-94.5698
-94.3372
-93.9797
-93.5266
-93.0114
-92.4647
-91.9082
-91.3547
-90.8104
-90.2772
-89.7548
-89.2419
-88.7366
-88.2369
-87.7404
-87.2452
-86.7489
-86.2494
-85.7442
-85.2309
-84.7067
-84.1687
-83.6134
-83.037
-82.4349
-81.8018
-81.131
-80.4145
-79.6418
-78.7995
-77.8696
-76.8274
-75.6371
-74.2448
-72.5628
-70.4361
-67.5489
-63.1059
-54.1729
-19.7347
47.2477
49.3136
44.394
29.4259
7.67924
-6.42021
-17.1982
-28.1663
-38.6334
-61.3548
-91.0573
-94.2779
-94.6404
-94.6062
-94.3998
-94.0633
-93.6247
-93.1175
-92.5737
-92.017
-91.4619
-90.9153
-90.3799
-89.8557
-89.3414
-88.8352
-88.3349
-87.8384
-87.3435
-86.8481
-86.35
-85.8467
-85.3358
-84.8147
-84.2805
-83.7298
-83.1589
-82.5634
-81.9382
-81.2769
-80.5718
-79.813
-78.9881
-78.0801
-77.066
-75.9132
-74.5725
-72.966
-70.9581
-68.2835
-64.3101
-56.9422
-33.3319
40.7509
49.3402
44.7969
30.6173
9.13896
-5.41124
-16.2814
-27.2068
-37.009
-57.465
-89.6605
-94.1678
-94.63
-94.6253
-94.4414
-94.1258
-93.7047
-93.2098
-92.6729
-92.1189
-91.5637
-91.0156
-90.4778
-89.9509
-89.4341
-88.9255
-88.4232
-87.925
-87.4289
-86.9325
-86.4338
-85.9303
-85.4197
-84.8993
-84.3662
-83.8171
-83.2486
-82.6561
-82.0346
-81.3781
-80.679
-79.9279
-79.1125
-78.2168
-77.2189
-76.0875
-74.7766
-73.2135
-71.2736
-68.718
-64.9965
-58.391
-39.4239
36.2646
49.457
45.4232
32.0605
10.6436
-4.52128
-15.5185
-26.4102
-35.8381
-54.6695
-88.008
-94.0348
-94.6107
-94.6337
-94.4674
-94.1676
-93.7595
-93.2738
-92.7423
-92.1906
-91.6357
-91.0868
-90.5479
-90.0198
-89.5018
-88.9923
-88.4893
-87.9909
-87.4948
-86.9989
-86.501
-85.9987
-85.4897
-84.9713
-84.4407
-83.8947
-83.3297
-82.7417
-82.1255
-81.4753
-80.7838
-80.042
-79.238
-78.3567
-77.377
-76.2697
-74.9917
-73.4754
-71.6073
-69.1741
-65.7009
-59.7935
-44.5841
25.4544
49.6952
46.9212
35.6918
14.7174
-2.35498
-13.7528
-24.5455
-34.6492
-51.7899
-85.3243
-93.8077
-94.5743
-94.6373
-94.4923
-94.2102
-93.8173
-93.3426
-92.818
-92.2701
-91.7168
-91.1683
-90.6294
-90.1012
-89.5834
-89.0743
-88.5721
-88.0749
-87.5804
-87.0866
-86.5912
-86.0921
-85.5867
-85.0726
-84.5471
-84.007
-83.4489
-82.8688
-82.2619
-81.6226
-80.9441
-80.2178
-79.4327
-78.5746
-77.6243
-76.5549
-75.3277
-73.883
-72.1223
-69.8665
-66.737
-61.715
-50.5494
-0.0946501
49.7662
49.1838
43.269
26.5432
4.731
-8.50052
-19.106
-30.0736
-42.1037
-69.3744
-92.48
-94.4087
-94.6426
-94.5655
-94.3293
-93.9695
-93.5152
-93.0002
-92.4546
-91.8999
-91.3487
-90.8071
-90.277
-89.7581
-89.249
-88.7479
-88.2526
-87.7611
-87.2713
-86.7808
-86.2876
-85.7894
-85.2837
-84.7679
-84.2391
-83.6941
-83.1292
-82.54
-81.9216
-81.2677
-80.5708
-79.8212
-79.0067
-78.111
-77.1115
-75.9767
-74.6594
-73.0847
-71.1241
-68.5282
-64.7156
-57.8269
-37.1644
38.6621
49.3976
45.1053
31.3403
9.90327
-4.94524
-15.8774
-26.7851
-36.3358
-55.8581
-88.797
-94.0979
-94.62
-94.6306
-94.4568
-94.1507
-93.7379
-93.2492
-92.7166
-92.1653
-91.6119
-91.0651
-90.5287
-90.0034
-89.4884
-88.982
-88.4824
-87.9874
-87.495
-87.0029
-86.5091
-86.0111
-85.5068
-84.9934
-84.4682
-83.9282
-83.3697
-82.7888
-82.1807
-81.5397
-80.8587
-80.1291
-79.3396
-78.4755
-77.5174
-76.4373
-75.195
-73.7282
-71.9335
-69.6207
-66.38
-61.0762
-48.6975
9.30479
49.8246
48.7381
41.3329
22.8881
2.11811
-10.3488
-20.8671
-31.7042
-45.325
-75.9836
-93.1247
-94.4872
-94.6444
-94.5393
-94.2853
-93.913
-93.4516
-92.9337
-92.3881
-91.8351
-91.2862
-90.7469
-90.219
-89.7021
-89.1947
-88.6951
-88.2012
-87.7108
-87.2219
-86.7323
-86.2398
-85.7421
-85.2367
-84.7211
-84.1924
-83.6472
-83.0819
-82.4922
-81.8728
-81.2177
-80.5191
-79.7672
-78.9497
-78.0501
-77.0453
-75.9032
-74.5754
-72.9853
-70.9999
-68.3597
-64.452
-57.2712
-34.8027
40.1869
49.3578
44.8959
30.8642
9.41548
-5.23471
-16.1261
-27.0444
-36.7475
-56.8428
-89.3557
-94.1441
-94.6269
-94.6277
-94.4475
-94.1357
-93.718
-93.2258
-92.691
-92.1388
-91.5852
-91.0386
-90.5026
-89.9779
-89.4634
-88.9576
-88.4585
-87.964
-87.472
-86.9802
-86.4867
-85.989
-85.4847
-84.9714
-84.4463
-83.9061
-83.3475
-82.7664
-82.158
-81.5164
-80.8347
-80.1042
-79.3135
-78.4479
-77.4876
-76.4048
-75.1585
-73.6859
-71.8823
-69.5544
-66.2838
-60.9028
-48.1768
11.7371
49.8253
48.5534
40.6392
21.7177
1.3989
-10.8759
-21.4406
-32.2148
-46.3874
-77.8875
-93.272
-94.5055
-94.6439
-94.5314
-94.2726
-93.897
-93.4336
-92.9148
-92.3692
-91.8165
-91.268
-90.7292
-90.2016
-89.685
-89.178
-88.6785
-88.1848
-87.6945
-87.2057
-86.7161
-86.2236
-85.7258
-85.2203
-84.7045
-84.1755
-83.63
-83.0644
-82.4742
-81.8543
-81.1985
-80.499
-79.7461
-78.9272
-78.0257
-77.0186
-75.8734
-74.5412
-72.9445
-70.9488
-68.2906
-64.3436
-57.0399
-33.7905
40.6025
49.346
44.8329
30.7164
9.25941
-5.33111
-16.2103
-27.1326
-36.8892
-57.1827
-89.5306
-94.1588
-94.6291
-94.6265
-94.4441
-94.13
-93.7104
-93.2167
-92.681
-92.1282
-91.5743
-91.0277
-90.4917
-89.967
-89.4526
-88.9469
-88.4478
-87.9533
-87.4613
-86.9696
-86.476
-85.9783
-85.474
-84.9606
-84.4353
-83.895
-83.3363
-82.7549
-82.1462
-81.5043
-80.8222
-80.0911
-79.2997
-78.4332
-77.4718
-76.3873
-75.1389
-73.6632
-71.855
-69.519
-66.2327
-60.8103
-47.8971
12.9962
49.8234
48.4441
40.2483
21.083
1.02562
-11.1528
-21.7414
-32.4757
-46.9396
-78.817
-93.3402
-94.5138
-94.6434
-94.5273
-94.2661
-93.8888
-93.4243
-92.905
-92.3593
-91.8065
-91.2582
-90.7195
-90.192
-89.6755
-89.1685
-88.6691
-88.1753
-87.685
-87.1961
-86.7065
-86.2139
-85.716
-85.2104
-84.6945
-84.1653
-83.6196
-83.0537
-82.4632
-81.843
-81.1867
-80.4867
-79.7331
-78.9134
-78.0109
-77.0024
-75.8554
-74.5207
-72.9202
-70.9186
-68.2497
-64.2797
-56.9029
-33.1833
40.7936
49.3403
44.8017
30.6411
9.17754
-5.38265
-16.2557
-27.1802
-36.9662
-57.3674
-89.6221
-94.1664
-94.6302
-94.6258
-94.4421
-94.1268
-93.706
-93.2115
-92.6752
-92.1221
-91.5679
-91.0212
-90.4852
-89.9605
-89.4461
-88.9404
-88.4413
-87.9469
-87.4549
-86.9632
-86.4696
-85.9719
-85.4676
-84.9542
-84.4289
-83.8887
-83.3298
-82.7485
-82.1397
-81.4978
-80.8156
-80.0843
-79.2928
-78.4261
-77.4643
-76.3794
-75.1304
-73.6538
-71.8441
-69.5055
-66.214
-60.7777
-47.7999
13.4235
49.8223
48.4047
40.1106
20.8634
0.898735
-11.2474
-21.8443
-32.5639
-47.1281
-79.1253
-93.3623
-94.5165
-94.6431
-94.5259
-94.2639
-93.8859
-93.421
-92.9015
-92.3557
-91.8029
-91.2545
-90.7158
-90.1884
-89.6719
-89.1649
-88.6655
-88.1718
-87.6816
-87.1927
-86.7032
-86.2106
-85.7128
-85.2073
-84.6915
-84.1625
-83.617
-83.0513
-82.461
-81.841
-81.185
-80.4853
-79.732
-78.9128
-78.0107
-77.0029
-75.8566
-74.5228
-72.9238
-70.9241
-68.2586
-64.2956
-56.9397
-33.3515
40.743
49.3419
44.8104
30.6626
9.20163
-5.3674
-16.2424
-27.1663
-36.9437
-57.3139
-89.5959
-94.1642
-94.6298
-94.6259
-94.4426
-94.1276
-93.7072
-93.2128
-92.6766
-92.1235
-91.5694
-91.0226
-90.4865
-89.9618
-89.4474
-88.9418
-88.4428
-87.9485
-87.4566
-86.9651
-86.4717
-85.9743
-85.4703
-84.9573
-84.4324
-83.8926
-83.3343
-82.7536
-82.1455
-81.5044
-80.8232
-80.0932
-79.303
-78.4381
-77.4785
-76.3964
-75.1511
-73.6796
-71.8775
-69.5515
-66.2838
-60.9086
-48.2042
11.5957
49.8254
48.5647
40.6804
21.7855
1.43905
-10.8467
-21.4093
-32.1877
-46.3305
-77.7878
-93.264
-94.5043
-94.6438
-94.5317
-94.2731
-93.8975
-93.434
-92.9151
-92.3692
-91.8162
-91.2676
-90.7286
-90.201
-89.6844
-89.1774
-88.6782
-88.1847
-87.6948
-87.2064
-86.7173
-86.2254
-85.7284
-85.2238
-84.709
-84.1811
-83.6369
-83.0727
-82.4843
-81.8663
-81.2128
-80.516
-79.7663
-78.9512
-78.0545
-77.0533
-75.9157
-74.5938
-73.0118
-71.0386
-68.4188
-64.5526
-57.495
-35.7811
39.6525
49.3726
44.9749
31.0499
9.6125
-5.11437
-16.022
-26.936
-36.5748
-56.4305
-89.1329
-94.1258
-94.6241
-94.6288
-94.4513
-94.1418
-93.7259
-93.2351
-92.7011
-92.1491
-91.5954
-91.0488
-90.5127
-89.9879
-89.4736
-88.968
-88.4693
-87.9754
-87.4841
-86.9933
-86.5009
-86.0045
-85.5019
-84.9904
-84.4674
-83.9297
-83.3739
-82.796
-82.1913
-81.554
-80.8775
-80.153
-79.3696
-78.5129
-77.5637
-76.4949
-75.2675
-73.8211
-72.0563
-69.7913
-66.6403
-61.5574
-50.1187
2.16904
49.7898
49.1081
42.9054
25.8089
4.15564
-8.89865
-19.471
-30.4205
-42.7675
-70.8223
-92.6446
-94.4281
-94.6435
-94.5599
-94.3196
-93.9569
-93.501
-92.9853
-92.4397
-91.8856
-91.3353
-90.7949
-90.2661
-89.7487
-89.2413
-88.7421
-88.2489
-87.7598
-87.2725
-86.7849
-86.2948
-85.8
-85.2981
-84.7865
-84.2624
-83.7226
-83.1635
-82.5809
-81.97
-81.3246
-80.6376
-79.8998
-79.0992
-78.2204
-77.2421
-76.1345
-74.8533
-73.3294
-71.4455
-68.9793
-65.43
-59.2931
-42.8524
30.1123
49.5993
46.2605
34.034
12.7826
-3.35448
-14.5548
-25.3974
-35.2173
-53.1443
-86.6825
-93.9172
-94.591
-94.6359
-94.4821
-94.1933
-93.7953
-93.3175
-92.7917
-92.2442
-91.6925
-91.1464
-90.6104
-90.0857
-89.5716
-89.0667
-88.569
-88.0767
-87.5874
-87.0993
-86.61
-86.1175
-85.6193
-85.1131
-84.5962
-84.0656
-83.518
-82.9496
-82.3559
-81.7317
-81.0704
-80.3641
-79.6027
-78.773
-77.8576
-76.8323
-75.6625
-74.2959
-72.6486
-70.5723
-67.7688
-63.5017
-55.1478
-24.7828
43.0267
49.3137
44.5859
30.0162
8.4036
-5.91285
-16.7361
-27.6864
-37.8074
-59.3813
-90.4556
-94.2336
-94.6383
-94.6164
-94.419
-94.0904
-93.6579
-93.1547
-92.6131
-92.0574
-91.5026
-90.9565
-90.4217
-89.8986
-89.3859
-88.8819
-88.3845
-87.8915
-87.4008
-86.9104
-86.4179
-85.9211
-85.4176
-84.9049
-84.3802
-83.8403
-83.2818
-82.7006
-82.0916
-81.4493
-80.7664
-80.0341
-79.2409
-78.372
-77.4071
-76.3176
-75.0621
-73.5759
-71.7507
-69.3851
-66.0393
-60.4587
-46.8054
17.6187
49.7999
47.9617
38.6549
18.6593
-0.315827
-12.1649
-22.8393
-33.3851
-48.9155
-81.8162
-93.5526
-94.54
-94.6409
-94.5129
-94.2435
-93.8603
-93.3923
-92.8716
-92.3256
-91.7735
-91.226
-90.6882
-90.1617
-89.6461
-89.1399
-88.6413
-88.1483
-87.6587
-87.1705
-86.6816
-86.1897
-85.6925
-85.1876
-84.6724
-84.144
-83.5992
-83.0341
-82.4445
-81.8252
-81.1699
-80.4709
-79.7184
-78.8999
-77.9987
-76.9917
-75.8464
-74.5136
-72.9155
-70.9169
-68.2522
-64.2894
-56.9305
-33.3116
40.7551
49.3418
44.8114
30.6681
9.21084
-5.36054
-16.2362
-27.1598
-36.9333
-57.2901
-89.586
-94.1638
-94.6298
-94.626
-94.4427
-94.1277
-93.7072
-93.2128
-92.6766
-92.1235
-91.5694
-91.0228
-90.487
-89.9625
-89.4485
-88.9434
-88.445
-87.9513
-87.4602
-86.9696
-86.4772
-85.9809
-85.4782
-84.9666
-84.4433
-83.9052
-83.349
-82.7706
-82.1651
-81.527
-80.8493
-80.1234
-79.3383
-78.4793
-77.5272
-76.4546
-75.2218
-73.7677
-71.9911
-69.7066
-66.518
-61.3403
-49.4965
5.35568
49.8115
48.9705
42.2846
24.606
3.26851
-9.52265
-20.0457
-30.9557
-43.8143
-73.0245
-92.8669
-94.455
-94.6442
-94.551
-94.3046
-93.9376
-93.4791
-92.9622
-92.4166
-91.8629
-91.3132
-90.7734
-90.2452
-89.7284
-89.2215
-88.7227
-88.23
-87.7411
-87.2541
-86.7668
-86.277
-85.7824
-85.2807
-84.7692
-84.2452
-83.7055
-83.1464
-82.5638
-81.9528
-81.3073
-80.62
-79.8818
-79.0807
-78.2011
-77.2218
-76.1127
-74.8293
-73.3022
-71.4131
-68.9375
-65.3682
-59.1746
-42.426
31.0799
49.5778
46.1266
33.7127
12.4264
-3.54205
-14.7072
-25.5584
-35.3205
-53.3949
-86.9159
-93.9371
-94.5942
-94.6356
-94.4799
-94.1896
-93.7903
-93.3115
-92.7851
-92.2372
-91.6854
-91.1393
-90.6034
-90.0789
-89.565
-89.0603
-88.5629
-88.0707
-87.5818
-87.094
-86.6051
-86.1129
-85.6152
-85.1095
-84.593
-84.063
-83.516
-82.9483
-82.3554
-81.732
-81.0717
-80.3666
-79.6065
-78.7785
-77.865
-76.8421
-75.6753
-74.3129
-72.6715
-70.604
-67.816
-63.5824
-55.3404
-25.7563
41.8121
49.322
44.6576
30.1933
8.59337
-5.78946
-16.6265
-27.5731
-37.6172
-58.9293
-90.2922
-94.2211
-94.6371
-94.6182
-94.4229
-94.0961
-93.6649
-93.1625
-92.6213
-92.0657
-91.5109
-90.9646
-90.4297
-89.9065
-89.3939
-88.8899
-88.3926
-87.8999
-87.4096
-86.9195
-86.4275
-85.9314
-85.4287
-84.9169
-84.3932
-83.8545
-83.2973
-82.7177
-82.1105
-81.4704
-80.7901
-80.0608
-79.2713
-78.4069
-77.4476
-76.3654
-75.1196
-73.6468
-71.8418
-69.5097
-66.2285
-60.8142
-47.9243
12.8577
49.8233
48.4553
40.288
21.1458
1.06077
-11.1273
-21.7144
-32.4529
-46.8913
-78.7361
-93.3333
-94.5127
-94.6432
-94.5275
-94.2665
-93.8894
-93.425
-92.9059
-92.3603
-91.8078
-91.2598
-90.7216
-90.1948
-89.6791
-89.1731
-88.675
-88.1826
-87.694
-87.207
-86.7194
-86.2292
-85.734
-85.2314
-84.7188
-84.1934
-83.652
-83.0908
-82.5058
-81.8918
-81.2428
-80.5512
-79.8076
-78.9999
-78.112
-77.122
-75.9987
-74.6961
-73.1411
-71.2091
-68.6596
-64.9382
-58.3076
-39.1299
36.6337
49.4485
45.3836
31.9852
10.5837
-4.54762
-15.5391
-26.4317
-35.8504
-54.7047
-88.0458
-94.0402
-94.612
-94.6339
-94.4671
-94.167
-93.759
-93.2737
-92.743
-92.1927
-91.6397
-91.0933
-90.5573
-90.0328
-89.519
-89.0142
-88.5165
-88.024
-87.5345
-87.0459
-86.5561
-86.0627
-85.5635
-85.056
-84.5376
-84.0052
-83.4554
-82.8844
-82.2877
-81.6598
-80.9942
-80.2826
-79.5147
-78.6771
-77.7516
-76.7134
-75.5262
-74.1356
-72.4527
-70.3193
-67.412
-62.9082
-53.7223
-17.3406
48.2399
49.3304
44.4015
29.3866
7.59441
-6.49091
-17.2674
-28.2408
-38.766
-61.673
-91.1408
-94.2843
-94.6403
-94.6037
-94.3952
-94.0567
-93.6165
-93.1084
-92.5646
-92.0086
-91.4548
-90.9103
-90.3775
-89.8566
-89.3462
-88.8444
-88.3491
-87.8584
-87.3699
-86.8817
-86.3914
-85.8969
-85.3957
-84.8854
-84.3632
-83.8259
-83.2701
-82.6917
-82.0859
-81.447
-80.7679
-80.0398
-79.2515
-78.3882
-77.43
-76.3488
-75.1038
-73.6317
-71.8268
-69.4938
-66.209
-60.7822
-47.8283
13.2908
49.822
48.4156
40.1497
20.9256
0.934086
-11.2215
-21.8167
-32.5406
-47.079
-79.0452
-93.3559
-94.5155
-94.643
-94.5262
-94.2646
-93.8871
-93.4226
-92.9038
-92.3587
-91.8068
-91.2595
-90.7221
-90.1962
-89.6814
-89.1764
-88.6793
-88.1881
-87.7007
-87.215
-86.7288
-86.2401
-85.7465
-85.2457
-84.7351
-84.2118
-83.6728
-83.1143
-82.5322
-81.9216
-81.2764
-80.5892
-79.8509
-79.0495
-78.1693
-77.1888
-76.0779
-74.7917
-73.26
-71.363
-68.8728
-65.2721
-58.9861
-41.7297
32.5361
49.5451
45.9316
33.256
11.9345
-3.80078
-14.9177
-25.7796
-35.4592
-53.7362
-87.2287
-93.9655
-94.5991
-94.6354
-94.4771
-94.1846
-93.7833
-93.3031
-92.776
-92.2279
-91.6761
-91.1304
-90.595
-90.0711
-89.5579
-89.0539
-88.5573
-88.066
-87.578
-87.0911
-86.6033
-86.1122
-85.6156
-85.1112
-84.5961
-84.0676
-83.5223
-82.9564
-82.3655
-81.7444
-81.0867
-80.3846
-79.6281
-78.8043
-77.8959
-76.8794
-75.7209
-74.3696
-72.7439
-70.7008
-67.9558
-63.8154
-55.8802
-28.4146
41.13
49.3252
44.7077
30.3633
8.82428
-5.62466
-16.4753
-27.4132
-37.3488
-58.2875
-90.0421
-94.2024
-94.6354
-94.6216
-94.4304
-94.1076
-93.6801
-93.1803
-92.6408
-92.0861
-91.5316
-90.9854
-90.4505
-89.9273
-89.4147
-88.9109
-88.4139
-87.9217
-87.432
-86.9427
-86.4517
-85.9567
-85.4553
-84.9451
-84.4232
-83.8866
-83.3319
-82.7551
-82.1513
-81.515
-80.8392
-80.1154
-79.3325
-78.4762
-77.5271
-76.4581
-75.2298
-73.7816
-72.0131
-69.7407
-66.5738
-61.4475
-49.8154
3.72656
49.8015
49.0452
42.6159
25.2389
3.72542
-9.20006
-19.7483
-30.6807
-43.2732
-71.8995
-92.7565
-94.4414
-94.6438
-94.5555
-94.3123
-93.9476
-93.4906
-92.9745
-92.4292
-91.8756
-91.3261
-90.7866
-90.2588
-89.7425
-89.2363
-88.7384
-88.2467
-87.7591
-87.2735
-86.7878
-86.2998
-85.8072
-85.3078
-84.799
-84.2779
-83.7415
-83.1862
-82.6079
-82.0019
-81.3621
-80.6816
-79.9513
-79.1598
-78.2919
-77.3272
-76.237
-74.9789
-73.4873
-71.6516
-69.2654
-65.8734
-60.1602
-45.8476
21.2652
49.761
47.5049
37.2986
16.785
-1.28806
-12.9126
-23.6455
-34.0055
-50.3099
-83.6419
-93.6836
-94.5573
-94.6393
-94.5032
-94.2282
-93.841
-93.3709
-92.8497
-92.3045
-91.7538
-91.2083
-90.6728
-90.1487
-89.6356
-89.1322
-88.6364
-88.1464
-87.66
-87.1752
-86.6899
-86.2019
-85.7089
-85.2086
-84.6983
-84.1753
-83.6364
-83.0779
-82.4957
-81.8846
-81.2388
-80.5507
-79.8111
-79.0079
-78.1252
-77.1414
-76.0257
-74.7329
-73.1911
-71.2781
-68.7597
-65.1001
-58.643
-40.4316
34.8206
49.4925
45.6297
32.5581
11.1946
-4.20104
-15.2475
-26.1256
-35.6696
-54.2564
-87.6826
-94.0074
-94.6065
-94.635
-94.4723
-94.1759
-93.7713
-93.2887
-92.76
-92.2112
-91.6592
-91.1137
-90.5787
-90.0552
-89.5425
-89.039
-88.5429
-88.0522
-87.5647
-87.0783
-86.5909
-86.1003
-85.6042
-85.1002
-84.5856
-84.0575
-83.5127
-82.9473
-82.3569
-81.7363
-81.0791
-80.3776
-79.6217
-78.7985
-77.8908
-76.8751
-75.7175
-74.3672
-72.7428
-70.7014
-67.959
-63.8233
-55.9019
-28.5235
41.1419
49.3252
44.7083
30.3679
8.83253
-5.61836
-16.4694
-27.4069
-37.3381
-58.2614
-90.0308
-94.2015
-94.6353
-94.6218
-94.4308
-94.1083
-93.681
-93.1815
-92.6421
-92.0876
-91.5333
-90.9873
-90.4526
-89.9296
-89.4172
-88.9138
-88.4172
-87.9254
-87.4362
-86.9475
-86.4571
-85.9629
-85.4623
-84.953
-84.4321
-83.8967
-83.3432
-82.7678
-82.1657
-81.5313
-80.8577
-80.1366
-79.3569
-78.5044
-77.56
-76.4971
-75.2768
-73.8397
-72.0876
-69.8417
-66.7244
-61.7194
-50.5917
-0.335976
49.7625
49.1904
43.3095
26.6369
4.81495
-8.4418
-19.0531
-30.0231
-42.007
-69.1557
-92.4508
-94.4052
-94.6425
-94.5666
-94.3312
-93.972
-93.5183
-93.0037
-92.4586
-91.9045
-91.3544
-90.8142
-90.2859
-89.7692
-89.2629
-88.765
-88.2735
-87.7863
-87.3013
-86.8163
-86.3292
-85.8377
-85.3396
-84.8323
-84.313
-83.7786
-83.2258
-82.6503
-82.0475
-81.4116
-80.7357
-80.0108
-79.226
-78.3664
-77.4121
-76.3354
-75.0955
-73.6294
-71.8323
-69.5098
-66.2423
-60.8535
-48.0557
12.2725
49.8238
48.5072
40.4771
21.458
1.24864
-10.9865
-21.5614
-32.3204
-46.6115
-78.2726
-93.3007
-94.5089
-94.6437
-94.5298
-94.2703
-93.8944
-93.4313
-92.9134
-92.3691
-91.8181
-91.2718
-90.7356
-90.211
-89.6979
-89.1946
-88.6995
-88.2106
-87.7256
-87.2426
-86.7594
-86.274
-85.784
-85.2872
-84.781
-84.2627
-83.7291
-83.1768
-82.6017
-81.999
-81.3629
-80.6864
-79.9607
-79.1743
-78.3124
-77.3548
-76.2733
-75.0264
-73.5497
-71.7356
-69.3837
-66.0566
-60.5099
-46.9767
16.9558
49.8046
48.0428
38.9231
19.0713
-0.0805863
-11.9812
-22.6393
-33.2234
-48.5602
-81.3251
-93.5217
-94.537
-94.642
-94.5161
-94.2484
-93.8669
-93.4004
-92.8813
-92.3373
-91.7873
-91.2423
-90.7074
-90.1842
-89.6723
-89.1702
-88.6761
-88.1881
-87.704
-87.2217
-86.7393
-86.2545
-85.7651
-85.2688
-84.7631
-84.2452
-83.712
-83.16
-82.5851
-81.9826
-81.3466
-80.67
-79.9441
-79.1574
-78.295
-77.3365
-76.2537
-75.0048
-73.5251
-71.7059
-69.3452
-65.9999
-60.4037
-46.634
18.3392
49.7937
47.8828
38.4276
18.3602
-0.455783
-12.2664
-22.9475
-33.469
-49.1035
-82.0881
-93.5761
-94.544
-94.6415
-94.5124
-94.2425
-93.8594
-93.392
-92.8726
-92.3286
-91.7788
-91.2343
-90.6998
-90.1771
-89.6655
-89.1639
-88.6702
-88.1825
-87.6988
-87.2169
-86.7348
-86.2504
-85.7613
-85.2654
-84.7601
-84.2425
-83.7097
-83.158
-82.5835
-81.9814
-81.3459
-80.6699
-79.9445
-79.1584
-78.2967
-77.339
-76.2572
-75.0096
-73.5315
-71.7147
-69.3577
-66.0195
-60.4412
-46.7546
17.864
49.7979
47.94
38.6051
18.6161
-0.31891
-12.1613
-22.8337
-33.3789
-48.9035
-81.8121
-93.5569
-94.5417
-94.6419
-94.5139
-94.2448
-93.8623
-93.3954
-92.8762
-92.3323
-91.7827
-91.2382
-90.7038
-90.1812
-89.6698
-89.1683
-88.6749
-88.1875
-87.7041
-87.2225
-86.7408
-86.2568
-85.7682
-85.2728
-84.7681
-84.2512
-83.7191
-83.1683
-82.5947
-81.9938
-81.3595
-80.6849
-79.9613
-79.1773
-78.3181
-77.3637
-76.286
-75.0439
-73.5735
-71.7683
-69.4303
-66.1291
-60.647
-47.4073
15.1685
49.8155
48.2383
39.5618
20.0357
0.451771
-11.5768
-22.2003
-32.8627
-47.772
-80.1532
-93.4401
-94.5271
-94.6433
-94.5221
-94.2577
-93.8786
-93.4137
-92.8956
-92.352
-91.8023
-91.2576
-90.7231
-90.2004
-89.689
-89.1877
-88.6945
-88.2075
-87.7245
-87.2436
-86.7626
-86.2794
-85.7918
-85.2976
-84.7941
-84.2787
-83.7483
-83.1995
-82.6282
-82.0299
-81.3986
-80.7277
-80.0084
-79.2295
-78.3768
-77.4304
-76.3631
-75.1349
-73.684
-71.908
-69.6184
-66.4103
-61.1659
-48.9924
7.90221
49.8211
48.8319
41.7188
23.5916
2.59336
-10
-20.4922
-31.3615
-44.6266
-74.6592
-93.0183
-94.4746
-94.6451
-94.5452
-94.2948
-93.9256
-93.4667
-92.951
-92.4077
-91.8573
-91.3116
-90.7762
-90.2527
-89.741
-89.2396
-88.7467
-88.2602
-87.7781
-87.2983
-86.8187
-86.3372
-85.8517
-85.3598
-84.8591
-84.3469
-83.8202
-83.2757
-82.7095
-82.1169
-81.4925
-80.8296
-80.1199
-79.3528
-78.5144
-77.5861
-76.5421
-75.3451
-73.9377
-72.2263
-70.042
-67.0327
-62.276
-52.1094
-8.50916
49.5368
49.3557
44.2589
28.7787
6.75962
-7.11475
-17.8491
-28.8416
-39.8367
-64.2031
-91.6932
-94.3267
-94.6389
-94.5878
-94.3685
-94.0213
-93.5757
-93.0658
-92.5232
-91.9707
-91.4219
-90.8832
-90.357
-89.843
-89.3398
-88.8456
-88.3583
-87.8759
-87.3963
-86.9173
-86.4369
-85.9529
-85.463
-84.9648
-84.4558
-83.9329
-83.3929
-82.8321
-82.2461
-81.6295
-80.976
-80.2777
-79.5245
-78.7034
-77.7971
-76.7816
-75.6224
-74.2678
-72.6343
-70.5749
-67.7945
-63.5657
-55.3144
-25.6043
42.0016
49.3195
44.6478
30.1753
8.57909
-5.79732
-16.6332
-27.5799
-37.6284
-58.9552
-90.3026
-94.2226
-94.6378
-94.6188
-94.4236
-94.0973
-93.6669
-93.1659
-92.6265
-92.0733
-91.5214
-90.9785
-90.4474
-89.9285
-89.4204
-88.9215
-88.4298
-87.943
-87.4591
-86.9761
-86.4917
-86.0037
-85.51
-85.0081
-84.4952
-83.9685
-83.4247
-82.8599
-82.2698
-81.6489
-80.991
-80.2878
-79.5294
-78.7025
-77.7897
-76.7666
-75.5983
-74.2321
-72.583
-70.5007
-67.682
-63.3719
-54.8527
-23.262
44.675
49.3069
44.5069
29.8131
8.18042
-6.06151
-16.8697
-27.825
-38.0418
-59.9392
-90.6433
-94.2481
-94.6398
-94.6143
-94.4145
-94.0841
-93.6504
-93.1469
-92.6058
-92.0514
-91.4986
-90.9548
-90.4227
-89.9027
-89.3934
-88.893
-88.3996
-87.911
-87.425
-86.9397
-86.4528
-85.9621
-85.4653
-84.9599
-84.4432
-83.9122
-83.3636
-82.7935
-82.1972
-81.5693
-80.9031
-80.1904
-79.4206
-78.5799
-77.6497
-76.6046
-75.4074
-74.0015
-72.2947
-70.1208
-67.1355
-62.4434
-52.5435
-10.9044
49.375
49.3681
44.3775
29.0937
7.09725
-6.88121
-17.6366
-28.627
-39.456
-63.3143
-91.514
-94.3109
-94.6384
-94.5922
-94.3761
-94.0312
-93.5867
-93.0767
-92.533
-91.9786
-91.4274
-90.886
-90.3568
-89.8397
-89.3332
-88.8356
-88.3447
-87.8585
-87.3749
-86.8917
-86.4068
-85.918
-85.4231
-84.9194
-84.4043
-83.8749
-83.3278
-82.7591
-82.1641
-81.5374
-80.8723
-80.1605
-79.3915
-78.5513
-77.6215
-76.5763
-75.3785
-73.9712
-72.2613
-70.0812
-67.0827
-62.3565
-52.3183
-9.66523
49.4668
49.3679
44.3423
28.9741
6.94735
-6.99024
-17.7374
-28.7302
-39.6403
-63.7476
-91.6021
-94.318
-94.6382
-94.5896
-94.3719
-94.0258
-93.5806
-93.0707
-92.5275
-91.974
-91.4239
-90.8837
-90.3558
-89.8401
-89.335
-88.8389
-88.3496
-87.865
-87.3831
-86.9018
-86.4188
-85.9321
-85.4393
-84.938
-84.4256
-83.899
-83.355
-82.7897
-82.1986
-81.5763
-80.9162
-80.2103
-79.4482
-78.6164
-77.6968
-76.6646
-75.4837
-74.0995
-72.4232
-70.2965
-67.3951
-62.8939
-53.6926
-17.143
48.2968
49.33
44.4003
29.3812
7.58569
-6.49785
-17.2741
-28.248
-38.7791
-61.7049
-91.149
-94.2851
-94.6405
-94.6039
-94.3956
-94.0576
-93.6184
-93.1118
-92.5698
-92.0162
-91.4651
-90.9237
-90.3944
-89.8772
-89.3708
-88.8735
-88.3831
-87.8975
-87.4147
-86.9325
-86.4488
-85.9615
-85.4682
-84.9664
-84.4537
-83.9269
-83.3827
-82.8174
-82.2265
-81.6046
-80.9452
-80.2401
-79.4791
-78.6489
-77.7316
-76.7026
-75.526
-74.1482
-72.4815
-70.3706
-67.4989
-63.067
-54.1161
-19.3974
47.4145
49.3164
44.4161
29.4969
7.77024
-6.35618
-17.141
-28.1083
-38.5326
-61.1146
-90.9939
-94.2741
-94.6408
-94.6078
-94.4024
-94.067
-93.6296
-93.124
-92.5823
-92.0283
-91.4765
-90.9342
-90.4038
-89.8855
-89.378
-88.8795
-88.3879
-87.9012
-87.4171
-86.9337
-86.4487
-85.96
-85.4653
-84.9621
-84.4477
-83.9193
-83.3733
-82.8061
-82.213
-81.5886
-80.9264
-80.2183
-79.4537
-78.6192
-77.6966
-76.6609
-75.4759
-74.0865
-72.4034
-70.2666
-67.3483
-62.8101
-53.4782
-15.9801
48.6149
49.3378
44.3979
29.3335
7.50196
-6.564
-17.3368
-28.3139
-38.896
-61.9846
-91.2177
-94.2898
-94.6402
-94.6018
-94.3921
-94.0528
-93.6124
-93.105
-92.5624
-92.0083
-91.4568
-90.9149
-90.3852
-89.8675
-89.3606
-88.8626
-88.3715
-87.8852
-87.4015
-86.9184
-86.4337
-85.9453
-85.4508
-84.9477
-84.4334
-83.905
-83.359
-82.7917
-82.1984
-81.5737
-80.9111
-80.2024
-79.4371
-78.6017
-77.6777
-76.6402
-75.4527
-74.0596
-72.3709
-70.2251
-67.2897
-62.7116
-53.2309
-14.6387
48.8984
49.3463
44.3935
29.2731
7.39791
-6.64562
-17.4139
-28.3947
-39.0401
-62.3282
-91.2992
-94.2956
-94.6398
-94.5994
-94.388
-94.0473
-93.606
-93.098
-92.5553
-92.0015
-91.4504
-90.909
-90.3799
-89.8628
-89.3565
-88.8592
-88.3688
-87.8831
-87.4002
-86.9178
-86.4339
-85.9462
-85.4525
-84.9503
-84.437
-83.9096
-83.3647
-82.7985
-82.2066
-81.5834
-80.9225
-80.2157
-79.4526
-78.6198
-77.6991
-76.6657
-75.4835
-74.0976
-72.4193
-70.2897
-67.3835
-62.8721
-53.6353
-16.8252
48.391
49.332
44.3996
29.3685
7.56346
-6.51543
-17.2907
-28.2655
-38.8101
-61.7794
-91.1675
-94.2864
-94.6404
-94.6033
-94.3946
-94.0563
-93.6168
-93.1099
-92.5678
-92.014
-91.4627
-90.9211
-90.3915
-89.8741
-89.3675
-88.8699
-88.3792
-87.8933
-87.4101
-86.9276
-86.4436
-85.9558
-85.4621
-84.9599
-84.4466
-83.9193
-83.3745
-82.8086
-82.2169
-81.5941
-80.9337
-80.2276
-79.4652
-78.6335
-77.7141
-76.6825
-75.5027
-74.1202
-72.4469
-70.3254
-67.4343
-62.9578
-53.8477
-17.9635
48.0205
49.3247
44.4049
29.4221
7.65273
-6.4458
-17.225
-28.1964
-38.6881
-61.4873
-91.0932
-94.2811
-94.6406
-94.6053
-94.3981
-94.061
-93.6224
-93.1161
-92.5741
-92.0202
-91.4686
-90.9266
-90.3967
-89.8788
-89.3718
-88.8737
-88.3826
-87.8963
-87.4127
-86.9297
-86.4452
-85.957
-85.4629
-84.9602
-84.4464
-83.9186
-83.3733
-82.8068
-82.2145
-81.5911
-80.9299
-80.2229
-79.4596
-78.6267
-77.706
-76.6727
-75.4907
-74.1054
-72.4281
-70.3002
-67.3978
-62.8956
-53.6934
-17.1382
48.2977
49.33
44.4012
29.3841
7.5891
-6.4954
-17.2718
-28.2456
-38.775
-61.6951
-91.1464
-94.2848
-94.6404
-94.6039
-94.3956
-94.0576
-93.6183
-93.1115
-92.5692
-92.0153
-91.4638
-90.9218
-90.392
-89.8742
-89.3673
-88.8693
-88.3782
-87.8919
-87.4084
-86.9255
-86.441
-85.9529
-85.4587
-84.956
-84.4422
-83.9143
-83.369
-82.8024
-82.21
-81.5864
-80.9251
-80.2178
-79.4543
-78.621
-77.6999
-76.666
-75.4831
-74.0966
-72.4174
-70.2867
-67.3788
-62.8639
-53.6148
-16.7151
48.4223
49.3327
44.3995
29.3645
7.55624
-6.52118
-17.2962
-28.2712
-38.8203
-61.8038
-91.1734
-94.2867
-94.6403
-94.6031
-94.3943
-94.0559
-93.6162
-93.1092
-92.567
-92.013
-91.4616
-90.9198
-90.3902
-89.8726
-89.3658
-88.868
-88.3771
-87.8911
-87.4078
-86.9251
-86.4408
-85.9529
-85.459
-84.9566
-84.4431
-83.9156
-83.3706
-82.8044
-82.2125
-81.5893
-80.9286
-80.222
-79.4592
-78.6268
-77.7068
-76.6742
-75.4932
-74.1091
-72.4334
-70.3081
-67.4101
-62.9177
-53.7498
-17.442
48.2007
49.328
44.4022
29.3971
7.61151
-6.47779
-17.2552
-28.2281
-38.744
-61.6209
-91.1274
-94.2835
-94.6405
-94.6044
-94.3965
-94.0589
-93.6199
-93.1133
-92.5712
-92.0173
-91.4658
-90.9239
-90.3941
-89.8764
-89.3695
-88.8716
-88.3806
-87.8945
-87.4112
-86.9284
-86.4442
-85.9562
-85.4623
-84.96
-84.4466
-83.9191
-83.3742
-82.8082
-82.2164
-81.5935
-80.933
-80.2267
-79.4644
-78.6325
-77.7132
-76.6816
-75.5017
-74.1193
-72.4461
-70.3248
-67.434
-62.9584
-53.8508
-17.9837
48.0127
49.3245
44.4049
29.4228
7.65407
-6.44473
-17.224
-28.1954
-38.6862
-61.4827
-91.0918
-94.281
-94.6406
-94.6053
-94.3981
-94.0611
-93.6226
-93.1162
-92.5742
-92.0203
-91.4687
-90.9266
-90.3967
-89.8788
-89.3717
-88.8736
-88.3825
-87.8962
-87.4127
-86.9298
-86.4454
-85.9573
-85.4633
-84.9608
-84.4473
-83.9196
-83.3746
-82.8084
-82.2165
-81.5935
-80.9329
-80.2264
-79.4639
-78.6319
-77.7123
-76.6805
-75.5003
-74.1175
-72.4439
-70.3218
-67.4299
-62.9515
-53.8342
-17.8966
48.0442
49.3251
44.4045
29.4188
7.64738
-6.44993
-17.2289
-28.2005
-38.6952
-61.5044
-91.0974
-94.2813
-94.6405
-94.6051
-94.3978
-94.0607
-93.6221
-93.1157
-92.5737
-92.0197
-91.4681
-90.926
-90.396
-89.8781
-89.371
-88.8729
-88.3817
-87.8954
-87.4119
-86.9289
-86.4445
-85.9565
-85.4624
-84.9599
-84.4463
-83.9187
-83.3737
-82.8074
-82.2155
-81.5925
-80.9318
-80.2254
-79.4628
-78.6307
-77.7111
-76.6792
-75.499
-74.1161
-72.4422
-70.3199
-67.4274
-62.9478
-53.8259
-17.8537
48.0595
49.3254
44.4042
29.4165
7.64375
-6.45272
-17.2315
-28.2033
-38.7001
-61.5159
-91.1003
-94.2815
-94.6405
-94.6051
-94.3977
-94.0606
-93.6219
-93.1155
-92.5734
-92.0195
-91.4679
-90.9258
-90.3958
-89.8779
-89.3708
-88.8728
-88.3816
-87.8954
-87.4119
-86.929
-86.4446
-85.9566
-85.4626
-84.9602
-84.4467
-83.9192
-83.3743
-82.8083
-82.2165
-81.5936
-80.9332
-80.227
-79.4647
-78.633
-77.7139
-76.6826
-75.5031
-74.1212
-72.4489
-70.3289
-67.4407
-62.9707
-53.8832
-18.1624
47.9457
49.3234
44.4059
29.4312
7.6679
-6.43403
-17.2139
-28.1848
-38.6675
-61.438
-91.08
-94.2801
-94.6405
-94.6056
-94.3986
-94.0618
-93.6235
-93.1172
-92.5752
-92.0213
-91.4696
-90.9275
-90.3974
-89.8795
-89.3724
-88.8742
-88.3831
-87.8967
-87.4132
-86.9303
-86.446
-85.958
-85.464
-84.9616
-84.4482
-83.9207
-83.3759
-82.8099
-82.2183
-81.5955
-80.9352
-80.2293
-79.4673
-78.6359
-77.7172
-76.6863
-75.5076
-74.1267
-72.4558
-70.3382
-67.4542
-62.9939
-53.941
-18.4734
47.8237
49.3215
44.4078
29.4465
7.69267
-6.41497
-17.196
-28.1659
-38.6342
-61.3587
-91.059
-94.2785
-94.6406
-94.6061
-94.3995
-94.0631
-93.625
-93.119
-92.577
-92.023
-91.4714
-90.9291
-90.399
-89.8809
-89.3737
-88.8755
-88.3842
-87.8978
-87.4142
-86.9313
-86.4469
-85.9588
-85.4648
-84.9624
-84.4489
-83.9214
-83.3766
-82.8106
-82.219
-81.5962
-80.936
-80.2301
-79.4681
-78.6368
-77.7182
-76.6876
-75.5091
-74.1286
-72.4582
-70.3414
-67.459
-63.0024
-53.9625
-18.59
47.7757
49.3209
44.4087
29.4525
7.70216
-6.40772
-17.1892
-28.1588
-38.6216
-61.3286
-91.0509
-94.2779
-94.6406
-94.6063
-94.3999
-94.0636
-93.6256
-93.1196
-92.5777
-92.0237
-91.472
-90.9297
-90.3995
-89.8813
-89.3741
-88.8758
-88.3845
-87.8981
-87.4144
-86.9314
-86.447
-85.9589
-85.4649
-84.9625
-84.449
-83.9215
-83.3767
-82.8107
-82.2191
-81.5964
-80.9362
-80.2303
-79.4685
-78.6373
-77.7188
-76.6883
-75.51
-74.1298
-72.4599
-70.3438
-67.4627
-63.0091
-53.9799
-18.6842
47.7363
49.3203
44.4093
29.4572
7.70958
-6.40202
-17.1839
-28.1532
-38.6117
-61.3046
-91.0445
-94.2775
-94.6405
-94.6064
-94.4001
-94.064
-93.6261
-93.1201
-92.5782
-92.0242
-91.4725
-90.9302
-90.3999
-89.8817
-89.3744
-88.8761
-88.3848
-87.8984
-87.4147
-86.9318
-86.4473
-85.9593
-85.4653
-84.9629
-84.4494
-83.922
-83.3772
-82.8113
-82.2198
-81.5972
-80.9371
-80.2314
-79.4697
-78.6387
-77.7205
-76.6904
-75.5126
-74.1331
-72.4641
-70.3495
-67.4712
-63.0238
-54.0169
-18.8825
47.6504
49.3192
44.4108
29.4675
7.72574
-6.38972
-17.1723
-28.1411
-38.5903
-61.2531
-91.0307
-94.2765
-94.6405
-94.6068
-94.4007
-94.0648
-93.6271
-93.1213
-92.5794
-92.0254
-91.4736
-90.9312
-90.4009
-89.8827
-89.3754
-88.877
-88.3857
-87.8992
-87.4155
-86.9325
-86.4481
-85.96
-85.466
-84.9637
-84.4502
-83.9228
-83.3781
-82.8123
-82.2208
-81.5983
-80.9384
-80.2328
-79.4713
-78.6406
-77.7227
-76.6929
-75.5156
-74.1368
-72.4689
-70.356
-67.4807
-63.0404
-54.0583
-19.1044
47.5504
49.3179
44.4127
29.4793
7.7441
-6.37579
-17.1593
-28.1274
-38.5662
-61.1951
-91.015
-94.2753
-94.6405
-94.6071
-94.4014
-94.0658
-93.6282
-93.1225
-92.5807
-92.0267
-91.4749
-90.9324
-90.402
-89.8838
-89.3763
-88.8779
-88.3865
-87.9
-87.4163
-86.9333
-86.4488
-85.9607
-85.4667
-84.9643
-84.4509
-83.9235
-83.3788
-82.813
-82.2216
-81.5992
-80.9393
-80.2338
-79.4725
-78.6419
-77.7242
-76.6948
-75.5178
-74.1396
-72.4724
-70.3608
-67.4878
-63.0528
-54.0893
-19.2713
47.4728
49.317
44.4143
29.4884
7.758
-6.36529
-17.1495
-28.1171
-38.5481
-61.1517
-91.0032
-94.2744
-94.6405
-94.6074
-94.4019
-94.0664
-93.6291
-93.1235
-92.5817
-92.0277
-91.4758
-90.9333
-90.4029
-89.8845
-89.377
-88.8786
-88.3871
-87.9005
-87.4168
-86.9337
-86.4493
-85.9612
-85.4671
-84.9648
-84.4514
-83.924
-83.3793
-82.8135
-82.2222
-81.5998
-80.94
-80.2346
-79.4733
-78.6429
-77.7254
-76.6962
-75.5196
-74.1418
-72.4753
-70.3648
-67.4938
-63.0633
-54.1161
-19.4155
47.4038
49.3162
44.4156
29.4962
7.76998
-6.35625
-17.141
-28.1083
-38.5326
-61.1144
-90.993
-94.2737
-94.6405
-94.6076
-94.4023
-94.067
-93.6298
-93.1243
-92.5826
-92.0285
-91.4766
-90.9341
-90.4036
-89.8852
-89.3776
-88.8791
-88.3876
-87.901
-87.4173
-86.9342
-86.4497
-85.9616
-85.4676
-84.9652
-84.4518
-83.9245
-83.3798
-82.8141
-82.2228
-81.6005
-80.9408
-80.2355
-79.4744
-78.6442
-77.7269
-76.698
-75.5218
-74.1446
-72.4789
-70.3697
-67.5011
-63.0761
-54.148
-19.5875
47.3184
49.3153
44.4174
29.5061
7.78469
-6.34512
-17.1306
-28.0973
-38.5134
-61.0685
-90.9804
-94.2728
-94.6405
-94.6079
-94.4028
-94.0678
-93.6307
-93.1253
-92.5836
-92.0295
-91.4776
-90.935
-90.4045
-89.886
-89.3784
-88.8799
-88.3883
-87.9017
-87.4179
-86.9348
-86.4503
-85.9622
-85.4682
-84.9658
-84.4525
-83.9251
-83.3805
-82.8149
-82.2236
-81.6014
-80.9418
-80.2367
-79.4757
-78.6456
-77.7286
-76.7001
-75.5243
-74.1477
-72.4829
-70.3751
-67.5091
-63.09
-54.1829
-19.7745
47.2222
49.3144
44.4196
29.517
7.80088
-6.33289
-17.1192
-28.0854
-38.4924
-61.0182
-90.9665
-94.2717
-94.6405
-94.6082
-94.4034
-94.0686
-93.6317
-93.1264
-92.5847
-92.0306
-91.4787
-90.936
-90.4054
-89.8869
-89.3792
-88.8807
-88.3891
-87.9024
-87.4186
-86.9354
-86.4509
-85.9628
-85.4688
-84.9664
-84.4531
-83.9258
-83.3812
-82.8156
-82.2244
-81.6023
-80.9428
-80.2377
-79.4769
-78.647
-77.7303
-76.702
-75.5267
-74.1506
-72.4867
-70.3802
-67.5166
-63.1031
-54.2157
-19.949
47.1292
49.3135
44.4217
29.5274
7.81611
-6.32143
-17.1085
-28.0741
-38.4728
-60.9712
-90.9534
-94.2708
-94.6405
-94.6085
-94.4039
-94.0693
-93.6326
-93.1274
-92.5858
-92.0317
-91.4797
-90.937
-90.4063
-89.8877
-89.38
-88.8814
-88.3897
-87.903
-87.4192
-86.936
-86.4515
-85.9634
-85.4693
-84.967
-84.4537
-83.9264
-83.3819
-82.8163
-82.2251
-81.6031
-80.9437
-80.2387
-79.478
-78.6483
-77.7318
-76.7038
-75.5289
-74.1534
-72.4902
-70.385
-67.5238
-63.1157
-54.2471
-20.1161
47.0373
49.3127
44.4239
29.5378
7.83105
-6.31025
-17.0981
-28.0632
-38.4537
-60.9255
-90.9405
-94.2698
-94.6404
-94.6087
-94.4044
-94.07
-93.6335
-93.1284
-92.5868
-92.0327
-91.4807
-90.9379
-90.4072
-89.8885
-89.3808
-88.8821
-88.3904
-87.9037
-87.4198
-86.9366
-86.4521
-85.9639
-85.4699
-84.9676
-84.4542
-83.927
-83.3825
-82.8169
-82.2259
-81.6039
-80.9446
-80.2397
-79.4792
-78.6497
-77.7334
-76.7057
-75.5311
-74.1562
-72.4939
-70.39
-67.5312
-63.1285
-54.2792
-20.2873
46.9398
49.312
44.4263
29.5487
7.84659
-6.29868
-17.0873
-28.0519
-38.434
-60.8784
-90.9271
-94.2688
-94.6404
-94.609
-94.4049
-94.0708
-93.6344
-93.1294
-92.5878
-92.0338
-91.4817
-90.9389
-90.4081
-89.8894
-89.3816
-88.8828
-88.3911
-87.9043
-87.4204
-86.9372
-86.4527
-85.9645
-85.4705
-84.9682
-84.4549
-83.9276
-83.3832
-82.8177
-82.2267
-81.6047
-80.9455
-80.2408
-79.4804
-78.6511
-77.735
-76.7077
-75.5335
-74.1592
-72.4977
-70.3952
-67.5388
-63.1417
-54.3121
-20.4623
46.8369
49.3112
44.4289
29.5601
7.86267
-6.28676
-17.0762
-28.0403
-38.4137
-60.8299
-90.9133
-94.2678
-94.6404
-94.6093
-94.4054
-94.0715
-93.6353
-93.1304
-92.5889
-92.0348
-91.4827
-90.9399
-90.409
-89.8903
-89.3824
-88.8836
-88.3919
-87.905
-87.4211
-86.9379
-86.4533
-85.9651
-85.4711
-84.9688
-84.4555
-83.9283
-83.3839
-82.8184
-82.2275
-81.6056
-80.9465
-80.2419
-79.4817
-78.6525
-77.7367
-76.7096
-75.5359
-74.1622
-72.5016
-70.4004
-67.5466
-63.155
-54.3453
-20.6393
46.7301
49.3105
44.4317
29.572
7.87916
-6.27458
-17.0649
-28.0285
-38.393
-60.7807
-90.8992
-94.2667
-94.6403
-94.6096
-94.406
-94.0723
-93.6363
-93.1315
-92.59
-92.0359
-91.4838
-90.9409
-90.41
-89.8912
-89.3833
-88.8844
-88.3926
-87.9057
-87.4218
-86.9385
-86.4539
-85.9658
-85.4717
-84.9694
-84.4562
-83.929
-83.3846
-82.8192
-82.2283
-81.6065
-80.9475
-80.243
-79.4829
-78.654
-77.7384
-76.7116
-75.5383
-74.1652
-72.5054
-70.4056
-67.5542
-63.1682
-54.3781
-20.8139
46.6205
49.3098
44.4348
29.5842
7.89589
-6.26231
-17.0536
-28.0166
-38.3724
-60.7313
-90.885
-94.2657
-94.6403
-94.6098
-94.4065
-94.073
-93.6372
-93.1325
-92.5911
-92.037
-91.4849
-90.9419
-90.4109
-89.8921
-89.3841
-88.8852
-88.3933
-87.9065
-87.4224
-86.9392
-86.4546
-85.9664
-85.4724
-84.9701
-84.4568
-83.9296
-83.3853
-82.8199
-82.2291
-81.6074
-80.9485
-80.2441
-79.4842
-78.6554
-77.74
-76.7136
-75.5407
-74.1681
-72.5092
-70.4108
-67.5619
-63.1815
-54.4107
-20.9877
46.5078
49.3092
44.4381
29.5968
7.91287
-6.24993
-17.0421
-28.0046
-38.3516
-60.6812
-90.8704
-94.2646
-94.6402
-94.6101
-94.407
-94.0738
-93.6382
-93.1336
-92.5922
-92.0382
-91.4859
-90.9429
-90.4119
-89.893
-89.3849
-88.886
-88.3941
-87.9072
-87.4231
-86.9398
-86.4552
-85.967
-85.473
-84.9707
-84.4575
-83.9303
-83.386
-82.8207
-82.23
-81.6083
-80.9495
-80.2453
-79.4855
-78.6569
-77.7417
-76.7156
-75.5432
-74.1712
-72.5131
-70.4161
-67.5697
-63.1949
-54.4437
-21.162
46.3911
49.3086
44.4415
29.6096
7.93011
-6.23741
-17.0305
-27.9925
-38.3306
-60.6308
-90.8555
-94.2634
-94.6402
-94.6104
-94.4076
-94.0746
-93.6391
-93.1347
-92.5934
-92.0393
-91.487
-90.944
-90.4129
-89.8939
-89.3858
-88.8868
-88.3949
-87.9079
-87.4238
-86.9405
-86.4559
-85.9677
-85.4737
-84.9714
-84.4582
-83.9311
-83.3868
-82.8215
-82.2308
-81.6093
-80.9505
-80.2464
-79.4868
-78.6584
-77.7435
-76.7177
-75.5457
-74.1743
-72.5171
-70.4215
-67.5777
-63.2087
-54.4777
-21.3411
46.2666
49.3081
44.4453
29.6236
7.94844
-6.2242
-17.0184
-27.9798
-38.3086
-60.5778
-90.8398
-94.2623
-94.6401
-94.6107
-94.4081
-94.0754
-93.6401
-93.1358
-92.5945
-92.0404
-91.4882
-90.9451
-90.4139
-89.8949
-89.3867
-88.8877
-88.3957
-87.9087
-87.4246
-86.9412
-86.4566
-85.9684
-85.4744
-84.9721
-84.4589
-83.9318
-83.3876
-82.8224
-82.2317
-81.6103
-80.9516
-80.2477
-79.4882
-78.66
-77.7453
-76.7199
-75.5483
-74.1775
-72.5213
-70.4271
-67.5859
-63.2227
-54.5123
-21.5235
46.1352
49.3076
44.4495
29.6384
7.96756
-6.21051
-17.0058
-27.9667
-38.2858
-60.5233
-90.8236
-94.261
-94.6401
-94.611
-94.4087
-94.0762
-93.6411
-93.1369
-92.5957
-92.0416
-91.4893
-90.9462
-90.415
-89.8958
-89.3876
-88.8885
-88.3965
-87.9095
-87.4253
-86.942
-86.4573
-85.9691
-85.4751
-84.9728
-84.4596
-83.9326
-83.3884
-82.8232
-82.2327
-81.6113
-80.9528
-80.2489
-79.4896
-78.6616
-77.7472
-76.7221
-75.551
-74.1808
-72.5254
-70.4327
-67.5942
-63.2369
-54.5471
-21.7072
45.9981
49.3072
44.4541
29.6538
7.98744
-6.19637
-16.9928
-27.9531
-38.2625
-60.4673
-90.8068
-94.2597
-94.64
-94.6113
-94.4093
-94.077
-93.6422
-93.1381
-92.597
-92.0429
-91.4905
-90.9473
-90.416
-89.8969
-89.3886
-88.8894
-88.3974
-87.9103
-87.4261
-86.9428
-86.4581
-85.9699
-85.4759
-84.9736
-84.4604
-83.9334
-83.3892
-82.8241
-82.2336
-81.6123
-80.9539
-80.2502
-79.491
-78.6632
-77.7491
-76.7243
-75.5536
-74.1841
-72.5297
-70.4384
-67.6026
-63.2514
-54.5825
-21.8935
45.8546
49.3068
44.459
29.67
8.00801
-6.18182
-16.9795
-27.9392
-38.2385
-60.4099
-90.7893
-94.2584
-94.6399
-94.6116
-94.4098
-94.0779
-93.6432
-93.1393
-92.5982
-92.0441
-91.4917
-90.9485
-90.4171
-89.8979
-89.3896
-88.8904
-88.3983
-87.9111
-87.4269
-86.9436
-86.4588
-85.9706
-85.4766
-84.9744
-84.4612
-83.9342
-83.3901
-82.825
-82.2346
-81.6134
-80.9551
-80.2515
-79.4925
-78.6649
-77.7511
-76.7266
-75.5564
-74.1875
-72.534
-70.4442
-67.6111
-63.2659
-54.6181
-22.0811
45.7069
49.3065
44.4642
29.6868
8.02917
-6.16682
-16.9657
-27.9249
-38.2137
-60.3506
-90.7712
-94.257
-94.6398
-94.6119
-94.4104
-94.0787
-93.6443
-93.1405
-92.5995
-92.0454
-91.493
-90.9496
-90.4183
-89.899
-89.3906
-88.8913
-88.3992
-87.912
-87.4278
-86.9444
-86.4596
-85.9714
-85.4774
-84.9752
-84.462
-83.9351
-83.391
-82.826
-82.2356
-81.6145
-80.9563
-80.2528
-79.494
-78.6666
-77.753
-76.7289
-75.5591
-74.1909
-72.5383
-70.45
-67.6196
-63.2805
-54.6538
-22.2692
45.5536
49.3063
44.4698
29.7045
8.05109
-6.15131
-16.9515
-27.9101
-38.1881
-60.2896
-90.7524
-94.2556
-94.6397
-94.6122
-94.411
-94.0796
-93.6454
-93.1417
-92.6008
-92.0467
-91.4942
-90.9509
-90.4194
-89.9
-89.3916
-88.8923
-88.4001
-87.9129
-87.4286
-86.9452
-86.4605
-85.9722
-85.4782
-84.976
-84.4629
-83.936
-83.3919
-82.827
-82.2367
-81.6156
-80.9575
-80.2542
-79.4955
-78.6683
-77.755
-76.7313
-75.562
-74.1944
-72.5427
-70.456
-67.6283
-63.2955
-54.6904
-22.4596
45.3939
49.3061
44.4758
29.723
8.07375
-6.13535
-16.9369
-27.8949
-38.1619
-60.227
-90.733
-94.2541
-94.6396
-94.6125
-94.4117
-94.0805
-93.6465
-93.143
-92.6021
-92.048
-91.4955
-90.9521
-90.4206
-89.9011
-89.3926
-88.8933
-88.401
-87.9138
-87.4295
-86.9461
-86.4613
-85.9731
-85.4791
-84.9769
-84.4638
-83.9369
-83.3929
-82.828
-82.2378
-81.6168
-80.9588
-80.2556
-79.4971
-78.6702
-77.7571
-76.7337
-75.5649
-74.198
-72.5474
-70.4622
-67.6374
-63.3109
-54.7281
-22.6558
45.2242
49.3061
44.4824
29.7429
8.09777
-6.11856
-16.9216
-27.8789
-38.1344
-60.1615
-90.7123
-94.2525
-94.6395
-94.6128
-94.4123
-94.0814
-93.6477
-93.1443
-92.6034
-92.0494
-91.4969
-90.9534
-90.4218
-89.9023
-89.3937
-88.8943
-88.402
-87.9148
-87.4305
-86.947
-86.4622
-85.974
-85.48
-84.9778
-84.4647
-83.9379
-83.3939
-82.8291
-82.2389
-81.6181
-80.9602
-80.2571
-79.4988
-78.6721
-77.7594
-76.7363
-75.568
-74.2018
-72.5522
-70.4686
-67.6468
-63.327
-54.7671
-22.859
45.0432
49.3061
44.4896
29.7642
8.12334
-6.10079
-16.9054
-27.8621
-38.1055
-60.0919
-90.6902
-94.2508
-94.6394
-94.6131
-94.413
-94.0824
-93.6489
-93.1456
-92.6049
-92.0508
-91.4983
-90.9547
-90.4231
-89.9035
-89.3949
-88.8954
-88.4031
-87.9158
-87.4315
-86.948
-86.4632
-85.9749
-85.4809
-84.9787
-84.4657
-83.9389
-83.395
-82.8302
-82.2402
-81.6194
-80.9616
-80.2587
-79.5006
-78.6741
-77.7617
-76.739
-75.5712
-74.2057
-72.5572
-70.4753
-67.6565
-63.3435
-54.8073
-23.0681
44.85
49.3062
44.4976
29.7873
8.15058
-6.08201
-16.8884
-27.8444
-38.0751
-60.0189
-90.6669
-94.249
-94.6392
-94.6135
-94.4137
-94.0834
-93.6502
-93.1471
-92.6064
-92.0523
-91.4997
-90.9562
-90.4245
-89.9048
-89.3961
-88.8966
-88.4042
-87.9169
-87.4325
-86.949
-86.4642
-85.9759
-85.4819
-84.9798
-84.4668
-83.94
-83.3961
-82.8314
-82.2414
-81.6208
-80.9631
-80.2604
-79.5024
-78.6762
-77.764
-76.7418
-75.5745
-74.2097
-72.5623
-70.4822
-67.6664
-63.3604
-54.8483
-23.2814
44.6459
49.3065
44.5064
29.8121
8.17941
-6.06229
-16.8705
-27.8258
-38.0433
-59.9428
-90.6422
-94.2471
-94.6391
-94.6138
-94.4144
-94.0845
-93.6515
-93.1486
-92.608
-92.0539
-91.5013
-90.9576
-90.4259
-89.9062
-89.3974
-88.8978
-88.4054
-87.918
-87.4336
-86.95
-86.4652
-85.977
-85.483
-84.9808
-84.4679
-83.9411
-83.3973
-82.8326
-82.2428
-81.6222
-80.9647
-80.2621
-79.5043
-78.6783
-77.7665
-76.7446
-75.578
-74.2139
-72.5675
-70.4892
-67.6766
-63.3778
-54.8904
-23.5003
44.4291
49.307
44.516
29.8388
8.21004
-6.04149
-16.8517
-27.8063
-38.0101
-59.8633
-90.6161
-94.245
-94.6389
-94.6142
-94.4152
-94.0856
-93.6528
-93.1501
-92.6096
-92.0555
-91.5029
-90.9592
-90.4273
-89.9076
-89.3987
-88.8991
-88.4066
-87.9192
-87.4347
-86.9512
-86.4663
-85.9781
-85.4841
-84.982
-84.469
-83.9423
-83.3985
-82.834
-82.2442
-81.6237
-80.9663
-80.2639
-79.5063
-78.6806
-77.7691
-76.7476
-75.5815
-74.2182
-72.573
-70.4965
-67.6872
-63.3958
-54.9339
-23.7244
44.1988
49.3076
44.5267
29.8676
8.24268
-6.01952
-16.832
-27.7858
-37.9751
-59.7799
-90.5886
-94.2429
-94.6387
-94.6146
-94.4159
-94.0867
-93.6542
-93.1517
-92.6113
-92.0572
-91.5045
-90.9608
-90.4289
-89.909
-89.4001
-88.9004
-88.4079
-87.9204
-87.4359
-86.9524
-86.4675
-85.9793
-85.4853
-84.9832
-84.4702
-83.9436
-83.3999
-82.8354
-82.2456
-81.6253
-80.9681
-80.2658
-79.5084
-78.6829
-77.7718
-76.7508
-75.5853
-74.2228
-72.5788
-70.5042
-67.6983
-63.4147
-54.9793
-23.9576
43.9498
49.3084
44.5386
29.8992
8.27832
-5.99557
-16.8104
-27.7634
-37.9372
-59.6896
-90.5583
-94.2406
-94.6385
-94.615
-94.4168
-94.0879
-93.6558
-93.1534
-92.613
-92.059
-91.5063
-90.9625
-90.4305
-89.9106
-89.4016
-88.9019
-88.4093
-87.9218
-87.4373
-86.9536
-86.4688
-85.9805
-85.4866
-84.9845
-84.4716
-83.945
-83.4013
-82.8369
-82.2473
-81.6271
-80.97
-80.2679
-79.5107
-78.6855
-77.7748
-76.7542
-75.5893
-74.2277
-72.585
-70.5125
-67.7103
-63.4349
-55.0276
-24.2055
43.6743
49.3095
44.5523
29.935
8.3181
-5.96891
-16.7864
-27.7386
-37.8951
-59.5898
-90.5244
-94.2379
-94.6383
-94.6154
-94.4177
-94.0892
-93.6574
-93.1552
-92.615
-92.061
-91.5082
-90.9643
-90.4323
-89.9123
-89.4032
-88.9034
-88.4108
-87.9232
-87.4387
-86.9551
-86.4702
-85.9819
-85.488
-84.9859
-84.4731
-83.9465
-83.4029
-82.8386
-82.249
-81.629
-80.972
-80.2701
-79.5132
-78.6883
-77.7779
-76.7579
-75.5937
-74.233
-72.5917
-70.5214
-67.723
-63.4565
-55.0792
-24.4698
43.3681
49.311
44.5681
29.9755
8.36262
-5.93936
-16.76
-27.7111
-37.849
-59.4794
-90.4865
-94.235
-94.638
-94.6158
-94.4186
-94.0907
-93.6592
-93.1572
-92.6171
-92.0631
-91.5103
-90.9663
-90.4342
-89.9141
-89.405
-88.9051
-88.4124
-87.9248
-87.4403
-86.9566
-86.4718
-85.9835
-85.4896
-84.9875
-84.4747
-83.9482
-83.4047
-82.8404
-82.251
-81.6311
-80.9743
-80.2726
-79.516
-78.6914
-77.7814
-76.7619
-75.5985
-74.2388
-72.5989
-70.5309
-67.7368
-63.4798
-55.1346
-24.7536
43.0384
49.3127
44.5857
30.0202
8.4114
-5.90719
-16.7312
-27.6814
-37.7989
-59.3598
-90.4447
-94.2317
-94.6377
-94.6163
-94.4197
-94.0922
-93.6611
-93.1594
-92.6194
-92.0654
-91.5125
-90.9685
-90.4363
-89.9161
-89.407
-88.907
-88.4142
-87.9266
-87.442
-86.9583
-86.4735
-85.9852
-85.4913
-84.9893
-84.4765
-83.95
-83.4066
-82.8424
-82.2531
-81.6333
-80.9768
-80.2753
-79.519
-78.6947
-77.7852
-76.7663
-75.6036
-74.2449
-72.6066
-70.5412
-67.7515
-63.5046
-55.1933
-25.0513
42.6836
49.3148
44.6055
30.0697
8.46489
-5.87225
-16.7001
-27.6492
-37.7446
-59.2307
-90.3989
-94.2282
-94.6373
-94.6169
-94.4208
-94.0939
-93.6632
-93.1617
-92.6218
-92.0679
-91.515
-90.9709
-90.4386
-89.9183
-89.409
-88.909
-88.4162
-87.9285
-87.4439
-86.9602
-86.4753
-85.9871
-85.4932
-84.9912
-84.4784
-83.952
-83.4087
-82.8446
-82.2555
-81.6358
-80.9794
-80.2782
-79.5222
-78.6983
-77.7893
-76.771
-75.6091
-74.2516
-72.615
-70.5522
-67.7674
-63.5312
-55.2563
-25.3703
42.2872
49.3175
44.6286
30.1267
8.52562
-5.83281
-16.665
-27.6129
-37.6838
-59.0864
-90.3466
-94.2242
-94.6369
-94.6174
-94.4221
-94.0957
-93.6654
-93.1643
-92.6245
-92.0706
-91.5177
-90.9735
-90.4411
-89.9207
-89.4114
-88.9113
-88.4184
-87.9307
-87.446
-86.9623
-86.4774
-85.9892
-85.4953
-84.9933
-84.4807
-83.9543
-83.4111
-82.8471
-82.2581
-81.6387
-80.9825
-80.2815
-79.5259
-78.7024
-77.7939
-76.7763
-75.6153
-74.2591
-72.6243
-70.5646
-67.7851
-63.5608
-55.3262
-25.7236
41.8292
49.3211
44.6565
30.1946
8.59769
-5.78618
-16.6236
-27.5701
-37.6123
-58.9161
-90.2835
-94.2193
-94.6364
-94.6181
-94.4235
-94.0978
-93.668
-93.1672
-92.6276
-92.0737
-91.5207
-90.9765
-90.444
-89.9235
-89.4141
-88.9139
-88.4209
-87.9332
-87.4485
-86.9647
-86.4798
-85.9916
-85.4978
-84.9959
-84.4833
-83.957
-83.4139
-82.8501
-82.2613
-81.642
-80.9861
-80.2855
-79.5302
-78.7072
-77.7993
-76.7825
-75.6225
-74.2678
-72.6352
-70.5789
-67.8056
-63.5949
-55.4064
-26.1268
41.2887
49.3258
44.6913
30.2779
8.68515
-5.73034
-16.5743
-27.5191
-37.5275
-58.7142
-90.2067
-94.2134
-94.6358
-94.6188
-94.4252
-94.1002
-93.6711
-93.1707
-92.6313
-92.0774
-91.5244
-90.98
-90.4474
-89.9268
-89.4173
-88.917
-88.424
-87.9361
-87.4514
-86.9676
-86.4828
-85.9946
-85.5008
-84.9989
-84.4864
-83.9603
-83.4173
-82.8537
-82.265
-81.646
-80.9904
-80.2902
-79.5353
-78.7129
-77.8058
-76.7898
-75.6312
-74.2781
-72.6481
-70.5958
-67.8296
-63.6349
-55.5002
-26.5942
40.8075
49.3302
44.7239
30.3579
8.77117
-5.67489
-16.5252
-27.4681
-37.4429
-58.5135
-90.1283
-94.2074
-94.6351
-94.6196
-94.4269
-94.1029
-93.6744
-93.1745
-92.6353
-92.0815
-91.5284
-90.9839
-90.4512
-89.9305
-89.4208
-88.9205
-88.4274
-87.9395
-87.4547
-86.9709
-86.4861
-85.9979
-85.5041
-85.0023
-84.4899
-83.9639
-83.4211
-82.8576
-82.2692
-81.6505
-80.9952
-80.2953
-79.541
-78.7192
-77.8128
-76.7979
-75.6406
-74.2895
-72.6622
-70.6142
-67.8559
-63.6784
-55.6012
-27.0961
40.8952
49.3284
44.718
30.3572
8.78475
-5.66143
-16.5117
-27.4533
-37.4175
-58.4525
-90.1041
-94.2056
-94.635
-94.6201
-94.428
-94.1046
-93.6768
-93.1773
-92.6383
-92.0847
-91.5316
-90.9871
-90.4543
-89.9335
-89.4238
-88.9233
-88.4301
-87.9421
-87.4573
-86.9735
-86.4886
-86.0004
-85.5066
-85.0049
-84.4925
-83.9665
-83.4238
-82.8604
-82.2721
-81.6536
-80.9985
-80.2989
-79.5448
-78.7235
-77.8176
-76.8034
-75.6469
-74.297
-72.6716
-70.6265
-67.8735
-63.7075
-55.6688
-27.43
40.9587
49.3272
44.7144
30.3576
8.79459
-5.65197
-16.5023
-27.4429
-37.3997
-58.4096
-90.0868
-94.2043
-94.6349
-94.6204
-94.4287
-94.1058
-93.6784
-93.1792
-92.6405
-92.0869
-91.5338
-90.9893
-90.4564
-89.9356
-89.4257
-88.9251
-88.4319
-87.9439
-87.459
-86.9751
-86.4902
-86.002
-85.5082
-85.0065
-84.4941
-83.9682
-83.4255
-82.8622
-82.274
-81.6556
-81.0006
-80.3012
-79.5474
-78.7263
-77.8208
-76.8071
-75.6513
-74.3023
-72.6782
-70.6352
-67.886
-63.7284
-55.7175
-27.6696
40.9996
49.3266
44.7124
30.3589
8.80257
-5.64469
-16.4952
-27.4351
-37.3863
-58.3771
-90.0736
-94.2032
-94.6347
-94.6206
-94.4292
-94.1066
-93.6795
-93.1806
-92.642
-92.0885
-91.5355
-90.9909
-90.458
-89.9371
-89.4271
-88.9265
-88.4332
-87.9452
-87.4603
-86.9764
-86.4914
-86.0032
-85.5095
-85.0078
-84.4954
-83.9696
-83.4269
-82.8637
-82.2756
-81.6573
-81.0025
-80.3033
-79.5497
-78.729
-77.8238
-76.8106
-75.6554
-74.3073
-72.6846
-70.6436
-67.8982
-63.7488
-55.7648
-27.9026
41.0357
49.326
44.7108
30.361
8.81096
-5.63729
-16.488
-27.4272
-37.3728
-58.3444
-90.0602
-94.2022
-94.6346
-94.6208
-94.4298
-94.1075
-93.6807
-93.182
-92.6436
-92.0901
-91.5371
-90.9925
-90.4595
-89.9386
-89.4286
-88.928
-88.4346
-87.9466
-87.4616
-86.9777
-86.4928
-86.0046
-85.5109
-85.0092
-84.497
-83.9712
-83.4286
-82.8655
-82.2776
-81.6594
-81.0048
-80.3058
-79.5526
-78.7322
-77.8275
-76.8148
-75.6604
-74.3134
-72.6923
-70.6538
-67.9127
-63.7731
-55.8211
-28.1785
41.0743
49.3254
44.7096
30.3647
8.82181
-5.62803
-16.479
-27.4174
-37.3562
-58.3042
-90.0436
-94.2008
-94.6344
-94.6211
-94.4304
-94.1085
-93.6821
-93.1837
-92.6454
-92.0921
-91.5391
-90.9945
-90.4615
-89.9405
-89.4305
-88.9298
-88.4364
-87.9483
-87.4633
-86.9795
-86.4945
-86.0064
-85.5127
-85.0111
-84.4989
-83.9732
-83.4308
-82.8679
-82.2801
-81.6621
-81.0078
-80.3091
-79.5562
-78.7362
-77.832
-76.8201
-75.6667
-74.3209
-72.7017
-70.6662
-67.9305
-63.8026
-55.8891
-28.5102
41.1131
49.325
44.7091
30.3711
8.83671
-5.61586
-16.4674
-27.4049
-37.3348
-58.2524
-90.0219
-94.1991
-94.6342
-94.6214
-94.4312
-94.1098
-93.6838
-93.1857
-92.6477
-92.0945
-91.5415
-90.9969
-90.4638
-89.9428
-89.4327
-88.932
-88.4386
-87.9505
-87.4655
-86.9816
-86.4967
-86.0086
-85.515
-85.0134
-84.5014
-83.9758
-83.4335
-82.8707
-82.2831
-81.6654
-81.0113
-80.313
-79.5605
-78.741
-77.8375
-76.8264
-75.6741
-74.3299
-72.7129
-70.6809
-67.9515
-63.8373
-55.9687
-28.894
41.1499
49.3246
44.7096
30.3806
8.85567
-5.60084
-16.4532
-27.3895
-37.309
-58.19
-89.9954
-94.1969
-94.634
-94.6217
-94.4321
-94.1113
-93.6858
-93.1882
-92.6504
-92.0973
-91.5444
-90.9998
-90.4667
-89.9455
-89.4354
-88.9346
-88.4412
-87.953
-87.4681
-86.9842
-86.4993
-86.0112
-85.5177
-85.0162
-84.5042
-83.9788
-83.4367
-82.8741
-82.2867
-81.6693
-81.0155
-80.3175
-79.5655
-78.7466
-77.8439
-76.8337
-75.6826
-74.3402
-72.7257
-70.6976
-67.9752
-63.8764
-56.0583
-29.3258
41.178
49.3246
44.7119
30.3947
8.87998
-5.58232
-16.4359
-27.3709
-37.2779
-58.1152
-89.9634
-94.1943
-94.6336
-94.6221
-94.4331
-94.113
-93.6882
-93.191
-92.6535
-92.1006
-91.5477
-91.003
-90.4699
-89.9487
-89.4385
-88.9377
-88.4442
-87.956
-87.4711
-86.9872
-86.5024
-86.0143
-85.5208
-85.0194
-84.5076
-83.9823
-83.4403
-82.8779
-82.2908
-81.6737
-81.0203
-80.3227
-79.5713
-78.7531
-77.8511
-76.842
-75.6923
-74.3518
-72.7402
-70.7165
-68.0019
-63.9204
-56.1581
-29.8022
41.1937
49.325
44.7163
30.4142
8.91018
-5.56006
-16.4152
-27.3488
-37.2413
-58.0276
-89.9255
-94.1911
-94.6332
-94.6226
-94.4343
-94.1149
-93.6908
-93.1942
-92.6571
-92.1043
-91.5514
-91.0068
-90.4736
-89.9523
-89.4421
-88.9412
-88.4476
-87.9594
-87.4745
-86.9906
-86.5058
-86.0178
-85.5244
-85.0231
-84.5114
-83.9863
-83.4445
-82.8824
-82.2955
-81.6788
-81.0258
-80.3287
-79.5779
-78.7604
-77.8594
-76.8515
-75.7034
-74.3651
-72.7566
-70.7379
-68.0322
-63.97
-56.2697
-30.3309
41.1913
49.326
44.7238
30.4409
8.94808
-5.53302
-16.3904
-27.3223
-37.1978
-57.9235
-89.8794
-94.1873
-94.6327
-94.6231
-94.4357
-94.1172
-93.6938
-93.1978
-92.661
-92.1084
-91.5557
-91.011
-90.4777
-89.9564
-89.4461
-88.9451
-88.4516
-87.9634
-87.4784
-86.9946
-86.5098
-86.0219
-85.5286
-85.0274
-84.5159
-83.991
-83.4494
-82.8876
-82.301
-81.6846
-81.0321
-80.3357
-79.5855
-78.7689
-77.8689
-76.8624
-75.7162
-74.3804
-72.7755
-70.7626
-68.0669
-64.0266
-56.3968
-30.9282
41.1614
49.3278
44.7358
30.4781
8.99692
-5.49917
-16.3596
-27.2896
-37.1442
-57.7953
-89.8217
-94.1824
-94.632
-94.6237
-94.4373
-94.1198
-93.6973
-93.2019
-92.6657
-92.1133
-91.5606
-91.0159
-90.4826
-89.9612
-89.4508
-88.9498
-88.4562
-87.968
-87.483
-86.9992
-86.5145
-86.0267
-85.5335
-85.0325
-84.5211
-83.9965
-83.4552
-82.8937
-82.3075
-81.6916
-81.0396
-80.3439
-79.5945
-78.7789
-77.8803
-76.8754
-75.7312
-74.3984
-72.7978
-70.7916
-68.1077
-64.0929
-56.5451
-31.617
41.0904
49.3308
44.7542
30.5301
9.06124
-5.45541
-16.3201
-27.2478
-37.0761
-57.6315
-89.746
-94.176
-94.631
-94.6244
-94.4392
-94.1229
-93.7015
-93.207
-92.6712
-92.1191
-91.5665
-91.0218
-90.4884
-89.9669
-89.4565
-88.9554
-88.4618
-87.9735
-87.4886
-87.0049
-86.5202
-86.0326
-85.5395
-85.0387
-84.5276
-84.0032
-83.4623
-82.9012
-82.3155
-81.7002
-81.0489
-80.3539
-79.6056
-78.7913
-77.8941
-76.8912
-75.7497
-74.4205
-72.825
-70.8269
-68.1574
-64.1734
-56.7233
-32.434
40.9502
49.3359
44.783
30.606
9.14998
-5.39693
-16.2678
-27.1927
-36.9868
-57.4176
-89.6441
-94.1674
-94.6298
-94.6252
-94.4416
-94.1268
-93.7068
-93.2132
-92.678
-92.1262
-91.5737
-91.029
-90.4956
-89.974
-89.4635
-88.9624
-88.4687
-87.9805
-87.4956
-87.012
-86.5275
-86.0399
-85.5471
-85.0466
-84.5358
-84.0118
-83.4713
-82.9107
-82.3257
-81.7111
-81.0606
-80.3667
-79.6197
-78.8069
-77.9116
-76.9112
-75.773
-74.4483
-72.8593
-70.8714
-68.2197
-64.2741
-56.9441
-33.4307
40.6909
49.3442
44.8288
30.7205
9.27865
-5.31449
-16.1949
-27.1162
-36.8629
-57.1208
-89.4974
-94.1551
-94.6279
-94.6263
-94.4448
-94.1319
-93.7136
-93.2213
-92.6869
-92.1355
-91.5831
-91.0384
-90.5049
-89.9832
-89.4726
-88.9715
-88.4778
-87.9896
-87.5048
-87.0213
-86.5369
-86.0496
-85.5571
-85.0569
-84.5465
-84.023
-83.4832
-82.9232
-82.339
-81.7254
-81.0761
-80.3835
-79.6381
-78.8274
-77.9347
-76.9375
-75.8035
-74.4847
-72.9041
-70.9293
-68.3007
-64.4041
-57.2265
-34.6791
40.2113
49.3583
44.9047
30.9021
9.47472
-5.19242
-16.0881
-27.0043
-36.6834
-56.6919
-89.2735
-94.1364
-94.6252
-94.6278
-94.4492
-94.139
-93.7229
-93.2322
-92.6988
-92.1479
-91.5957
-91.0509
-90.5173
-89.9955
-89.4849
-88.9836
-88.49
-88.0018
-87.5171
-87.0338
-86.5498
-86.0628
-85.5707
-85.071
-84.5611
-84.0383
-83.4993
-82.9403
-82.3572
-81.7449
-81.0971
-80.4064
-79.6633
-78.8553
-77.966
-76.9732
-75.845
-74.5339
-72.9646
-71.0071
-68.4088
-64.5764
-57.5951
-36.265
39.3096
49.3829
45.0351
31.205
9.79311
-4.9995
-15.9212
-26.8297
-36.4058
-56.0286
-88.9005
-94.1062
-94.6208
-94.6299
-94.4555
-94.1491
-93.7362
-93.2477
-92.7156
-92.1653
-91.6133
-91.0684
-90.5347
-90.0128
-89.502
-89.0007
-88.5071
-88.0191
-87.5346
-87.0516
-86.5679
-86.0815
-85.5899
-85.091
-84.582
-84.0601
-83.5223
-82.9647
-82.3831
-81.7726
-81.1271
-80.4391
-79.699
-78.8949
-78.0104
-77.0237
-75.9036
-74.6034
-73.0498
-71.1167
-68.5605
-64.8164
-58.0989
-38.3479
37.5032
49.4286
45.2792
31.7624
10.3712
-4.66161
-15.6331
-26.5287
-35.9512
-54.9474
-88.2148
-94.0526
-94.6133
-94.6332
-94.4655
-94.1648
-93.7565
-93.2713
-92.7411
-92.1916
-91.6398
-91.0948
-90.5609
-90.0388
-89.5279
-89.0266
-88.5331
-88.0453
-87.5612
-87.0787
-86.5957
-86.11
-85.6195
-85.1216
-84.614
-84.0937
-83.5576
-83.0021
-82.423
-81.8154
-81.1733
-80.4892
-79.754
-78.9557
-78.0786
-77.1012
-75.9932
-74.7096
-73.1796
-71.2829
-68.7891
-65.1737
-58.8291
-41.1985
33.488
49.5242
45.811
32.9862
11.6608
-3.94188
-15.0317
-25.8982
-35.5318
-53.9131
-87.3751
-93.9763
-94.6003
-94.6351
-94.4762
-94.1833
-93.7818
-93.3017
-92.7748
-92.2271
-91.6761
-91.1316
-90.5977
-90.0758
-89.565
-89.064
-88.571
-88.0838
-87.6005
-87.119
-86.6372
-86.153
-85.6641
-85.1682
-84.6628
-84.1451
-83.6119
-83.0599
-82.4848
-81.8818
-81.2451
-80.5674
-79.8399
-79.0509
-78.1854
-77.2226
-76.1337
-74.8758
-73.3823
-71.5412
-69.1414
-65.7151
-59.8939
-45.0034
24.1074
49.7197
47.1248
36.2619
15.469
-1.94618
-13.4228
-24.1911
-34.4
-51.2117
-84.6924
-93.7598
-94.5675
-94.6386
-94.4978
-94.2195
-93.8298
-93.3582
-92.8364
-92.2914
-91.7416
-91.1974
-90.6638
-90.1421
-89.6319
-89.1318
-88.6398
-88.1542
-87.6727
-87.1934
-86.7142
-86.2331
-85.7477
-85.2558
-84.7549
-84.2424
-83.7152
-83.17
-82.6027
-82.0088
-81.3827
-80.7176
-80.005
-79.2341
-78.3908
-77.456
-76.4031
-75.1936
-73.768
-72.0285
-69.7968
-66.6957
-61.71
-50.6099
-0.446078
49.7615
49.1963
43.3517
26.7509
4.93261
-8.3541
-18.9714
-29.9433
-41.8555
-68.8188
-92.4103
-94.401
-94.6428
-94.5687
-94.3349
-93.9773
-93.5253
-93.0126
-92.4697
-91.9184
-91.3716
-90.8353
-90.3116
-89.8003
-89.3
-88.8088
-88.3249
-87.846
-87.3702
-86.8954
-86.4196
-85.9405
-85.456
-84.9638
-84.4613
-83.9457
-83.4137
-82.8619
-82.286
-81.6809
-81.0406
-80.3575
-79.6224
-78.8229
-77.9428
-76.9601
-75.8434
-74.5459
-72.9934
-71.0584
-68.4939
-64.7246
-57.9159
-37.5913
38.2738
49.4092
45.1805
31.5436
10.1509
-4.7857
-15.7373
-26.6374
-36.1104
-55.327
-88.4761
-94.0751
-94.6173
-94.6328
-94.4627
-94.1602
-93.751
-93.2658
-92.7367
-92.1892
-91.6401
-91.0983
-90.5679
-90.0496
-89.5427
-89.0457
-88.5567
-88.0737
-87.5946
-87.1174
-86.6401
-86.1604
-85.6763
-85.1855
-84.6854
-84.1734
-83.6463
-83.1009
-82.5331
-81.9382
-81.3106
-80.6432
-79.9277
-79.1529
-78.3042
-77.3621
-76.2992
-75.0758
-73.63
-71.8592
-69.5747
-66.3705
-61.1241
-48.9063
8.29223
49.8225
48.8097
41.6377
23.4634
2.52261
-10.0475
-20.5419
-31.406
-44.7146
-74.8225
-93.0291
-94.4757
-94.6453
-94.5452
-94.2951
-93.9262
-93.4676
-92.9525
-92.41
-91.8606
-91.3162
-90.7825
-90.2612
-89.7521
-89.2538
-88.7644
-88.282
-87.8045
-87.3299
-86.8561
-86.3812
-85.9029
-85.419
-84.9273
-84.4252
-83.9097
-83.3778
-82.8259
-82.2496
-81.6439
-81.0027
-80.3184
-79.5815
-78.7797
-77.8965
-76.9095
-75.7869
-74.481
-72.9158
-70.9608
-68.3604
-64.5138
-57.4693
-35.7058
39.696
49.3731
44.9912
31.1159
9.7133
-5.04154
-15.9556
-26.8651
-36.4609
-56.1639
-88.9936
-94.1174
-94.6237
-94.6306
-94.4549
-94.1477
-93.7345
-93.2467
-92.7161
-92.1681
-91.6192
-91.078
-90.5483
-90.0308
-89.5247
-89.0285
-88.5402
-88.0579
-87.5794
-87.1027
-86.6258
-86.1466
-85.6629
-85.1724
-84.6726
-84.1608
-83.634
-83.0887
-82.521
-81.9261
-81.2984
-80.6309
-79.9151
-79.1398
-78.2905
-77.3475
-76.2834
-75.0581
-73.6096
-71.8344
-69.5422
-66.3229
-61.0374
-48.6448
9.55601
49.8247
48.7255
41.308
22.8872
2.15125
-10.3162
-20.8303
-31.669
-45.2512
-75.8444
-93.1139
-94.4863
-94.6453
-94.5413
-94.2887
-93.9181
-93.4586
-92.9433
-92.4009
-91.8519
-91.308
-90.7748
-90.254
-89.7453
-89.2474
-88.7583
-88.2762
-87.7991
-87.3247
-86.8512
-86.3765
-85.8985
-85.4149
-84.9234
-84.4214
-83.9062
-83.3745
-82.8227
-82.2466
-81.6411
-81.0001
-80.316
-79.5792
-78.7775
-77.8945
-76.9077
-75.7851
-74.4793
-72.9142
-70.9591
-68.3584
-64.5106
-57.462
-35.6711
39.7188
49.3726
44.9892
31.1127
9.71134
-5.0421
-15.9558
-26.8653
-36.4612
-56.165
-88.9956
-94.1179
-94.6239
-94.6306
-94.455
-94.1476
-93.7344
-93.2465
-92.716
-92.1681
-91.6192
-91.0781
-90.5486
-90.0313
-89.5254
-89.0293
-88.5412
-88.059
-87.5808
-87.1043
-86.6277
-86.1487
-85.6653
-85.1751
-84.6756
-84.1642
-83.6378
-83.0929
-82.5257
-81.9313
-81.3042
-80.6375
-79.9225
-79.1483
-78.3001
-77.3587
-76.2965
-75.0737
-73.6286
-71.8586
-69.5749
-66.3717
-61.1265
-48.911
8.27992
49.8223
48.8106
41.6422
23.4728
2.52989
-10.042
-20.5359
-31.4005
-44.7033
-74.8011
-93.0274
-94.4755
-94.6453
-94.5454
-94.2954
-93.9266
-93.4683
-92.9534
-92.4112
-91.8621
-91.318
-90.7846
-90.2638
-89.7551
-89.2572
-88.7682
-88.2863
-87.8094
-87.3353
-86.8622
-86.3878
-85.9103
-85.4272
-84.9363
-84.435
-83.9206
-83.3898
-82.8391
-82.2643
-81.6602
-81.0208
-80.3386
-79.6043
-78.8054
-77.9259
-76.9437
-75.8271
-74.5292
-72.9757
-71.0383
-68.4684
-64.6856
-57.8329
-37.2348
38.6009
49.4016
45.143
31.4652
10.0781
-4.8244
-15.7691
-26.6701
-36.1583
-55.4433
-88.5582
-94.0834
-94.619
-94.6329
-94.4617
-94.1584
-93.7486
-93.2631
-92.734
-92.1868
-91.6381
-91.0971
-90.5675
-90.0501
-89.5442
-89.0482
-88.5603
-88.0783
-87.6004
-87.1244
-86.6483
-86.1701
-85.6875
-85.1982
-84.6998
-84.1896
-83.6646
-83.1214
-82.5561
-81.964
-81.3395
-80.6759
-79.9646
-79.1948
-78.3522
-77.4177
-76.3645
-75.1537
-73.7252
-71.9802
-69.7375
-66.6127
-61.5629
-50.1835
1.8558
49.7866
49.1227
42.9951
26.0256
4.35652
-8.75016
-19.3328
-30.288
-42.5105
-70.2633
-92.583
-94.4214
-94.6441
-94.5635
-94.3258
-93.9658
-93.5126
-93
-92.4581
-91.9083
-91.3632
-90.8288
-90.307
-89.7977
-89.2994
-88.8103
-88.3285
-87.8518
-87.3783
-86.9058
-86.4325
-85.956
-85.4744
-84.9852
-84.4859
-83.9737
-83.4456
-82.898
-82.3268
-81.727
-81.0927
-80.4166
-79.6896
-78.8998
-78.0315
-77.0635
-75.9656
-74.6931
-73.1759
-71.2947
-68.8213
-65.238
-58.9661
-41.6922
32.6136
49.5439
45.9349
33.2871
11.9988
-3.75167
-14.8727
-25.7302
-35.4269
-53.6587
-87.1653
-93.9612
-94.5988
-94.6364
-94.4794
-94.1886
-93.7896
-93.3121
-92.7881
-92.2437
-91.6963
-91.1556
-90.626
-90.1086
-89.6028
-89.1071
-88.6196
-88.1385
-87.6616
-87.187
-86.7126
-86.2364
-85.7561
-85.2697
-84.7745
-84.268
-83.7473
-83.2091
-82.6494
-82.064
-81.4473
-80.7928
-80.0925
-79.3359
-78.5096
-77.5956
-76.5688
-75.3931
-74.0136
-72.3408
-70.215
-67.3081
-62.7798
-53.4442
-15.8218
48.6568
49.3423
44.4246
29.4147
7.60347
-6.49108
-17.2698
-28.2447
-38.7742
-61.6931
-91.1443
-94.2844
-94.6403
-94.6036
-94.3952
-94.0574
-93.6187
-93.1131
-92.5727
-92.0211
-91.4727
-90.9344
-90.4088
-89.8959
-89.3944
-88.9026
-88.4183
-87.9396
-87.4643
-86.9904
-86.5159
-86.0386
-85.5564
-85.067
-84.5678
-84.0562
-83.5291
-82.9829
-82.4136
-81.8163
-81.1854
-80.5136
-79.7921
-79.0092
-78.1501
-77.194
-76.1122
-74.8621
-73.3775
-71.5468
-69.1601
-65.7531
-59.9713
-45.248
23.3659
49.7306
47.229
36.5509
15.8428
-1.75049
-13.2675
-24.0243
-34.2807
-50.9385
-84.3888
-93.7389
-94.5652
-94.6395
-94.5006
-94.224
-93.8364
-93.3669
-92.8475
-92.3051
-91.7581
-91.217
-90.6866
-90.1684
-89.6619
-89.1657
-88.678
-88.1969
-87.7203
-87.2462
-86.7725
-86.2973
-85.8183
-85.3334
-84.8402
-84.3361
-83.8182
-83.2833
-82.7276
-82.1467
-81.5355
-80.8876
-80.1952
-79.4482
-78.6338
-77.7346
-76.7271
-75.5769
-74.2327
-72.6118
-70.5687
-67.8116
-63.6238
-55.4845
-26.4769
40.8244
49.3326
44.7459
30.4298
8.868
-5.60557
-16.4617
-27.4013
-37.3314
-58.2508
-90.0317
-94.2031
-94.6361
-94.6218
-94.43
-94.1069
-93.6796
-93.1811
-92.6438
-92.0926
-91.5427
-91.002
-90.4735
-89.9575
-89.453
-88.9583
-88.4712
-87.9899
-87.5121
-87.0359
-86.5592
-86.0798
-85.5957
-85.1044
-84.6034
-84.0901
-83.5614
-83.0137
-82.4429
-81.8443
-81.212
-80.539
-79.8162
-79.0323
-78.1722
-77.2154
-76.1332
-74.883
-73.3989
-71.5698
-69.1873
-65.7906
-60.0401
-45.4785
22.5807
49.743
47.3373
36.8485
16.2264
-1.55412
-13.1138
-23.8593
-34.161
-50.6631
-84.0651
-93.7148
-94.5618
-94.6397
-94.5024
-94.2269
-93.8399
-93.3706
-92.851
-92.3081
-91.7605
-91.2185
-90.6872
-90.1681
-89.6606
-89.1633
-88.6746
-88.1923
-87.7145
-87.2391
-86.7642
-86.2875
-85.8071
-85.3206
-84.8257
-84.3197
-83.7998
-83.2627
-82.7046
-82.121
-81.5067
-80.8552
-80.1586
-79.4068
-78.5866
-77.6803
-76.6637
-75.5018
-74.1417
-72.4979
-70.4189
-67.598
-63.2682
-54.6461
-22.2243
45.6036
49.3091
44.4902
29.771
8.13908
-6.08739
-16.8927
-27.8487
-38.0826
-60.0393
-90.678
-94.2512
-94.6401
-94.6139
-94.4138
-94.0835
-93.6506
-93.1484
-92.6093
-92.0575
-91.5078
-90.9677
-90.4399
-89.9247
-89.4208
-88.9266
-88.4399
-87.9588
-87.4812
-87.0049
-86.528
-86.0484
-85.5637
-85.0718
-84.57
-84.0557
-83.5258
-82.9765
-82.404
-81.8032
-81.1684
-80.4923
-79.7657
-78.9772
-78.1113
-77.1469
-76.0548
-74.7912
-73.2881
-71.4299
-68.9981
-65.5029
-59.4837
-43.5675
28.345
49.6382
46.5254
34.714
13.5991
-2.90779
-14.1877
-25.0062
-34.9578
-52.5209
-86.0836
-93.8692
-94.584
-94.6376
-94.4887
-94.2045
-93.8106
-93.3367
-92.8144
-92.2703
-91.7223
-91.1804
-90.6493
-90.1303
-89.6229
-89.1255
-88.6364
-88.1536
-87.6751
-87.1989
-86.7229
-86.245
-85.7631
-85.2749
-84.778
-84.2697
-83.7471
-83.2069
-82.6451
-82.0573
-81.4381
-80.7809
-80.0774
-79.3173
-78.4868
-77.5679
-76.5349
-75.3514
-73.9613
-72.2735
-70.1242
-67.1748
-62.5494
-52.8575
-12.634
49.2005
49.3616
44.412
29.2635
7.34606
-6.69278
-17.4604
-28.4445
-39.1299
-62.5423
-91.3466
-94.2985
-94.6392
-94.5975
-94.385
-94.0436
-93.6021
-93.0948
-92.5536
-92.0019
-91.4536
-90.9156
-90.3904
-89.8779
-89.3768
-88.8852
-88.4011
-87.9225
-87.4473
-86.9735
-86.4989
-86.0215
-85.5391
-85.0495
-84.55
-84.0379
-83.5103
-82.9634
-82.3933
-81.7952
-81.1631
-80.4899
-79.7666
-78.9817
-78.1199
-77.1604
-76.074
-74.8177
-73.3244
-71.48
-69.0703
-65.6171
-59.7102
-44.3592
26.1485
49.6817
46.8367
35.506
14.5396
-2.42061
-13.7977
-24.5913
-34.678
-51.8595
-85.4058
-93.816
-94.5761
-94.6384
-94.4938
-94.213
-93.8221
-93.3504
-92.8298
-92.2869
-91.7399
-91.1989
-90.6687
-90.1507
-89.6443
-89.1482
-88.6605
-88.1793
-87.7025
-87.2281
-86.7542
-86.2785
-85.7991
-85.3136
-84.8197
-84.3148
-83.796
-83.26
-82.703
-82.1207
-81.5078
-80.8578
-80.1628
-79.4129
-78.5949
-77.6911
-76.6776
-75.5195
-74.1645
-72.5278
-70.4594
-67.6572
-63.368
-54.8836
-23.4396
44.5063
49.3097
44.5374
29.9105
8.30664
-5.97131
-16.7871
-27.7386
-37.8947
-59.5913
-90.5313
-94.2405
-94.6395
-94.6162
-94.4183
-94.0899
-93.6585
-93.1574
-92.6189
-92.0674
-91.5179
-90.9778
-90.4501
-89.935
-89.4312
-88.9372
-88.4508
-87.97
-87.4927
-87.017
-86.5406
-86.0615
-85.5776
-85.0864
-84.5856
-84.0723
-83.5435
-82.9956
-82.4245
-81.8255
-81.1928
-80.5191
-79.7954
-79.0103
-78.1487
-77.1898
-76.1046
-74.8505
-73.3606
-71.5226
-69.1245
-65.6962
-59.8595
-44.8686
24.592
49.7104
47.0581
36.0887
15.2581
-2.05048
-13.5038
-24.2773
-34.4607
-51.3536
-84.8569
-93.7737
-94.57
-94.6389
-94.4975
-94.2189
-93.8297
-93.3589
-92.8386
-92.2955
-91.7479
-91.2063
-90.6753
-90.1564
-89.6492
-89.1522
-88.6637
-88.1816
-87.7039
-87.2286
-86.7537
-86.2771
-85.7966
-85.3101
-84.8151
-84.309
-83.789
-83.2516
-82.6931
-82.1091
-81.4944
-80.8423
-80.1451
-79.3924
-78.571
-77.6632
-76.6447
-75.4802
-74.1164
-72.4673
-70.3794
-67.5423
-63.1758
-54.4237
-21.0599
46.4707
49.312
44.4626
29.6769
8.01802
-6.17406
-16.9724
-27.9319
-38.2264
-60.3834
-90.7848
-94.2591
-94.6404
-94.612
-94.4103
-94.0785
-93.6443
-93.1414
-92.6021
-92.0503
-91.5008
-90.961
-90.4337
-89.9189
-89.4155
-88.9217
-88.4356
-87.955
-87.4778
-87.0021
-86.5257
-86.0466
-85.5625
-85.0712
-84.57
-84.0564
-83.5271
-82.9787
-82.407
-81.8071
-81.1734
-80.4984
-79.7733
-78.9863
-78.1223
-77.1603
-76.0711
-74.8115
-73.3138
-71.4636
-69.0451
-65.5758
-59.6275
-44.0712
26.9753
49.666
46.7199
35.2056
14.179
-2.60616
-13.9455
-24.7486
-34.7851
-52.1108
-85.6676
-93.8362
-94.579
-94.6381
-94.4919
-94.2098
-93.8177
-93.345
-92.8236
-92.28
-91.7323
-91.1907
-90.6598
-90.141
-89.6339
-89.1369
-88.6482
-88.1659
-87.688
-87.2125
-86.7372
-86.2602
-85.7792
-85.2921
-84.7963
-84.2894
-83.7684
-83.2299
-82.6701
-82.0846
-81.4681
-80.8139
-80.1141
-79.3583
-78.5332
-77.6207
-76.5962
-75.4237
-74.0488
-72.3834
-70.2699
-67.3857
-62.911
-53.7743
-17.609
48.1505
49.3303
44.4275
29.4838
7.72686
-6.39365
-17.1775
-28.1475
-38.6028
-61.2847
-91.0395
-94.2771
-94.6405
-94.6063
-94.4
-94.0641
-93.6268
-93.1219
-92.5817
-92.0298
-91.4809
-90.9419
-90.4155
-89.9018
-89.3994
-88.9067
-88.4215
-87.9419
-87.4657
-86.9909
-86.5155
-86.0373
-85.5541
-85.0637
-84.5635
-84.0507
-83.5225
-82.975
-82.4043
-81.8056
-81.173
-80.4994
-79.7757
-78.9904
-78.1283
-77.1685
-76.0821
-74.8259
-73.333
-71.4896
-69.082
-65.6337
-59.7412
-44.4661
25.8298
49.6879
46.8825
35.6255
14.6857
-2.34473
-13.7371
-24.5265
-34.6338
-51.7559
-85.2956
-93.8072
-94.5748
-94.6385
-94.4946
-94.2142
-93.8236
-93.352
-92.8314
-92.2883
-91.741
-91.1998
-90.6693
-90.1509
-89.6441
-89.1477
-88.6596
-88.178
-87.7008
-87.226
-86.7516
-86.2756
-85.7957
-85.3097
-84.8153
-84.3099
-83.7905
-83.2539
-82.6963
-82.1132
-81.4994
-80.8485
-80.1525
-79.4013
-78.5817
-77.676
-76.6602
-75.4991
-74.14
-72.4973
-70.4197
-67.6008
-63.2743
-54.6609
-22.2942
45.5461
49.3092
44.4945
29.7848
8.15673
-6.07482
-16.8811
-27.8366
-38.0618
-59.9894
-90.6622
-94.2501
-94.6401
-94.6142
-94.4144
-94.0843
-93.6516
-93.1496
-92.6107
-92.0591
-91.5096
-90.9697
-90.4422
-89.9273
-89.4238
-88.9299
-88.4437
-87.9631
-87.486
-87.0103
-86.5341
-86.0551
-85.5713
-85.0802
-84.5794
-84.0662
-83.5374
-82.9896
-82.4186
-81.8196
-81.1868
-80.513
-79.7892
-79.004
-78.1421
-77.1829
-76.0973
-74.8425
-73.3516
-71.5119
-69.1108
-65.6764
-59.8225
-44.7445
24.979
49.7036
47.0034
35.9433
15.0768
-2.14371
-13.5776
-24.3562
-34.5158
-51.4816
-84.998
-93.7843
-94.5715
-94.6388
-94.4965
-94.2174
-93.8277
-93.3567
-92.8363
-92.2932
-91.7457
-91.2041
-90.6732
-90.1545
-89.6474
-89.1505
-88.6621
-88.1801
-87.7026
-87.2274
-86.7527
-86.2762
-85.796
-85.3097
-84.8149
-84.3091
-83.7893
-83.2522
-82.6941
-82.1105
-81.4962
-80.8446
-80.1479
-79.3959
-78.5753
-77.6685
-76.6513
-75.4883
-74.1268
-72.4807
-70.3977
-67.5693
-63.2219
-54.536
-21.6469
46.0552
49.3103
44.4759
29.7243
8.0804
-6.12895
-16.9307
-27.8884
-38.1509
-60.2034
-90.7296
-94.255
-94.6403
-94.613
-94.4122
-94.0812
-93.6477
-93.1452
-92.6061
-92.0544
-91.5049
-90.965
-90.4376
-89.9227
-89.4193
-88.9255
-88.4393
-87.9587
-87.4816
-87.0059
-86.5296
-86.0506
-85.5667
-85.0756
-84.5747
-84.0613
-83.5324
-82.9844
-82.4132
-81.8139
-81.1808
-80.5066
-79.7824
-78.9966
-78.1341
-77.174
-76.0872
-74.8307
-73.3376
-71.4944
-69.0874
-65.641
-59.755
-44.5152
25.6788
49.6909
46.9042
35.6822
14.7551
-2.30903
-13.7087
-24.4962
-34.6128
-51.7068
-85.2418
-93.8029
-94.5741
-94.6385
-94.4949
-94.2147
-93.8242
-93.3526
-92.8319
-92.2886
-91.7411
-91.1995
-90.6686
-90.1499
-89.6428
-89.1459
-88.6575
-88.1754
-87.6978
-87.2226
-86.7478
-86.2713
-85.7909
-85.3044
-84.8094
-84.3034
-83.7833
-83.246
-82.6875
-82.1035
-81.4888
-80.8367
-80.1393
-79.3865
-78.565
-77.657
-76.6382
-75.4733
-74.1089
-72.4587
-70.3692
-67.5287
-63.1542
-54.3734
-20.7968
46.6419
49.313
44.4582
29.6596
7.99439
-6.19121
-16.9882
-27.9485
-38.255
-60.4518
-90.8052
-94.2605
-94.6405
-94.6116
-94.4095
-94.0774
-93.6431
-93.1401
-92.6007
-92.049
-91.4996
-90.9599
-90.4327
-89.9181
-89.4149
-88.9213
-88.4354
-87.955
-87.4782
-87.0027
-86.5267
-86.0479
-85.5642
-85.0733
-84.5727
-84.0596
-83.5309
-82.9831
-82.4122
-81.8132
-81.1804
-80.5066
-79.7828
-78.9975
-78.1354
-77.1759
-76.0899
-74.8344
-73.3425
-71.5012
-69.0972
-65.6567
-59.7859
-44.6217
25.3554
49.6968
46.95
35.8023
14.9027
-2.23304
-13.6484
-24.4318
-34.5683
-51.6033
-85.13
-93.7943
-94.5729
-94.6386
-94.4957
-94.216
-93.8259
-93.3546
-92.8341
-92.291
-91.7435
-91.202
-90.6712
-90.1526
-89.6456
-89.1489
-88.6606
-88.1788
-87.7014
-87.2264
-86.7518
-86.2755
-85.7955
-85.3093
-84.8148
-84.3092
-83.7896
-83.2528
-82.695
-82.1118
-81.4979
-80.8467
-80.1505
-79.3991
-78.5793
-77.6734
-76.6572
-75.4957
-74.1361
-72.4928
-70.4141
-67.5934
-63.2629
-54.6356
-22.1682
45.6493
49.3093
44.4902
29.7713
8.13993
-6.08666
-16.8919
-27.8479
-38.0812
-60.0359
-90.6768
-94.2511
-94.64
-94.6139
-94.4139
-94.0836
-93.6508
-93.1487
-92.6098
-92.0581
-91.5086
-90.9686
-90.4411
-89.9262
-89.4227
-88.9288
-88.4426
-87.962
-87.4849
-87.0093
-86.5331
-86.0542
-85.5704
-85.0794
-84.5787
-84.0656
-83.5369
-82.9892
-82.4183
-81.8195
-81.1869
-80.5134
-79.79
-79.0051
-78.1436
-77.185
-76.1001
-74.8462
-73.3566
-71.5189
-69.1211
-65.6929
-59.8559
-44.8606
24.612
49.7101
47.0551
36.0806
15.2479
-2.05575
-13.508
-24.2818
-34.4638
-51.3608
-84.864
-93.7739
-94.5699
-94.6389
-94.4974
-94.2189
-93.8296
-93.3589
-92.8387
-92.2957
-91.7482
-91.2066
-90.6758
-90.157
-89.65
-89.1532
-88.6649
-88.183
-87.7056
-87.2307
-86.7562
-86.28
-85.8
-85.314
-84.8196
-84.3142
-83.7949
-83.2585
-82.701
-82.1181
-81.5047
-80.8541
-80.1586
-79.4081
-78.5893
-77.6847
-76.6702
-75.511
-74.1545
-72.5156
-70.4441
-67.6365
-63.3352
-54.8094
-23.0688
44.8636
49.309
44.5205
29.8623
8.24976
-6.01052
-16.8227
-27.7757
-37.9577
-59.7408
-90.5809
-94.2439
-94.6396
-94.6154
-94.4168
-94.0879
-93.656
-93.1546
-92.6159
-92.0643
-91.5147
-90.9746
-90.4468
-89.9316
-89.4279
-88.9338
-88.4473
-87.9665
-87.4893
-87.0135
-86.5372
-86.0581
-85.5742
-85.0832
-84.5824
-84.0692
-83.5406
-82.9929
-82.422
-81.8233
-81.1908
-80.5174
-79.7942
-79.0096
-78.1485
-77.1903
-76.1061
-74.8531
-73.3649
-71.5293
-69.1351
-65.7144
-59.8976
-45.0035
24.1542
49.718
47.1194
36.2529
15.4639
-1.94489
-13.4206
-24.1883
-34.3977
-51.2075
-84.6926
-93.7609
-94.5681
-94.639
-94.4985
-94.2207
-93.832
-93.3616
-92.8415
-92.2985
-91.751
-91.2094
-90.6785
-90.1597
-89.6526
-89.1557
-88.6673
-88.1855
-87.7081
-87.2332
-86.7587
-86.2825
-85.8026
-85.3167
-84.8224
-84.3171
-83.798
-83.2617
-82.7044
-82.1218
-81.5087
-80.8585
-80.1634
-79.4134
-78.5953
-77.6915
-76.678
-75.5202
-74.1656
-72.5296
-70.4625
-67.6629
-63.3796
-54.9163
-23.6219
44.3208
49.31
44.5442
29.9281
8.32604
-5.9584
-16.7755
-27.7266
-37.8746
-59.5429
-90.5143
-94.2389
-94.6392
-94.6163
-94.4187
-94.0906
-93.6594
-93.1584
-92.6199
-92.0684
-91.5187
-90.9784
-90.4505
-89.9351
-89.4312
-88.937
-88.4505
-87.9696
-87.4922
-87.0164
-86.54
-86.0609
-85.577
-85.0859
-84.5852
-84.072
-83.5434
-82.9958
-82.4251
-81.8264
-81.1941
-80.521
-79.798
-79.0137
-78.1531
-77.1955
-76.1121
-74.8602
-73.3735
-71.5402
-69.1501
-65.7373
-59.9422
-45.1556
23.6575
49.7263
47.1888
36.4405
15.7014
-1.82311
-13.3246
-24.0855
-34.3246
-51.0386
-84.5011
-93.7465
-94.566
-94.6392
-94.4997
-94.2226
-93.8345
-93.3645
-92.8446
-92.3017
-91.7542
-91.2126
-90.6816
-90.1627
-89.6556
-89.1587
-88.6704
-88.1885
-87.7112
-87.2363
-86.7619
-86.2859
-85.8061
-85.3204
-84.8263
-84.3212
-83.8023
-83.2663
-82.7094
-82.1272
-81.5145
-80.8649
-80.1705
-79.4212
-78.6041
-77.7015
-76.6897
-75.5339
-74.1822
-72.5503
-70.4899
-67.7019
-63.4451
-55.072
-24.4178
43.446
49.3132
44.5868
30.0401
8.45137
-5.8748
-16.7005
-27.6487
-37.7432
-59.2295
-90.4049
-94.2306
-94.6385
-94.6177
-94.4215
-94.0947
-93.6646
-93.1642
-92.6261
-92.0745
-91.5248
-90.9843
-90.4562
-89.9407
-89.4366
-88.9422
-88.4555
-87.9745
-87.497
-87.0211
-86.5447
-86.0656
-85.5817
-85.0907
-84.59
-84.077
-83.5485
-83.001
-82.4305
-81.8322
-81.2002
-80.5275
-79.805
-79.0214
-78.1616
-77.2051
-76.1231
-74.8731
-73.3892
-71.5601
-69.1771
-65.7788
-60.0222
-45.426
22.7513
49.7405
47.314
36.7841
16.1433
-1.59641
-13.1468
-23.8947
-34.1868
-50.7219
-84.1335
-93.7193
-94.5623
-94.6396
-94.502
-94.2263
-93.8392
-93.3699
-92.8504
-92.3076
-91.7601
-91.2184
-90.6874
-90.1685
-89.6613
-89.1644
-88.6761
-88.1943
-87.7171
-87.2423
-86.7681
-86.2922
-85.8127
-85.3273
-84.8335
-84.3288
-83.8103
-83.2749
-82.7185
-82.137
-81.5252
-80.8765
-80.1833
-79.4354
-78.62
-77.7195
-76.7104
-75.5583
-74.2115
-72.5868
-70.5377
-67.7701
-63.5589
-55.3396
-25.7711
41.7866
49.3239
44.6814
30.2747
8.70418
-5.71027
-16.5542
-27.4971
-37.49
-58.6272
-90.1806
-94.2137
-94.6369
-94.6201
-94.4268
-94.1024
-93.6741
-93.1749
-92.6373
-92.086
-91.536
-90.9953
-90.4669
-89.9511
-89.4467
-88.952
-88.4651
-87.9839
-87.5064
-87.0304
-86.5539
-86.0749
-85.5911
-85.1002
-84.5997
-84.0869
-83.5587
-83.0117
-82.4416
-81.8439
-81.2127
-80.5408
-79.8194
-79.0372
-78.179
-77.2247
-76.1456
-74.8995
-73.4212
-71.6005
-69.2319
-65.8622
-60.1819
-45.9565
20.8819
49.7664
47.5652
37.4941
17.0826
-1.11272
-12.7699
-23.4895
-33.8862
-50.0371
-83.3006
-93.6588
-94.5542
-94.6404
-94.5068
-94.234
-93.8492
-93.3813
-92.8625
-92.32
-91.7725
-91.2306
-90.6994
-90.1804
-89.6732
-89.1763
-88.6881
-88.2064
-87.7294
-87.2549
-86.781
-86.3056
-85.8265
-85.3416
-84.8485
-84.3446
-83.827
-83.2925
-82.7374
-82.1573
-81.547
-80.9003
-80.2093
-79.4642
-78.652
-77.7558
-76.752
-75.607
-74.2698
-72.6592
-70.6323
-67.9042
-63.7801
-55.8514
-28.299
41.1089
49.3271
44.7288
30.4333
8.91911
-5.55729
-16.414
-27.3486
-37.2418
-58.0348
-89.9406
-94.1958
-94.6351
-94.6232
-94.4337
-94.1131
-93.6881
-93.1914
-92.6553
-92.1045
-91.5547
-91.0139
-90.4851
-89.9689
-89.4641
-88.9691
-88.4819
-88.0005
-87.5228
-87.0468
-86.5703
-86.0914
-85.6077
-85.1171
-84.617
-84.1046
-83.5771
-83.0308
-82.4616
-81.865
-81.2351
-80.5648
-79.8454
-79.0656
-78.2105
-77.2601
-76.1862
-74.9471
-73.4786
-71.673
-69.3298
-66.0097
-60.461
-46.8631
17.4026
49.8016
47.9965
38.7909
18.9014
-0.15627
-12.0345
-22.6956
-33.2672
-48.6545
-81.4503
-93.5279
-94.5374
-94.6423
-94.5166
-94.2495
-93.8689
-93.4037
-92.8861
-92.3439
-91.7962
-91.2541
-90.7225
-90.2033
-89.6959
-89.199
-88.7108
-88.2294
-87.7527
-87.2787
-86.8053
-86.3306
-85.8525
-85.3686
-84.8767
-84.3741
-83.8581
-83.3255
-82.7726
-82.1949
-81.5876
-80.9443
-80.2573
-79.5171
-78.7109
-77.8223
-76.8281
-75.6956
-74.3757
-72.7902
-70.8025
-68.1438
-64.1708
-56.7297
-32.4342
40.9734
49.3369
44.7984
30.6609
9.22792
-5.34063
-16.2162
-27.1381
-36.8975
-57.2097
-89.5578
-94.1644
-94.6309
-94.6272
-94.4443
-94.1304
-93.7115
-93.2194
-92.6863
-92.1373
-91.5881
-91.0474
-90.5184
-90.0018
-89.4967
-89.0015
-88.5141
-88.0327
-87.5552
-87.0794
-86.6034
-86.1251
-85.6423
-85.1527
-84.6538
-84.1429
-83.617
-83.0728
-82.5062
-81.9124
-81.2858
-80.6197
-79.9053
-79.1316
-78.284
-77.3431
-76.2815
-75.0592
-73.6145
-71.8446
-69.5604
-66.3549
-61.1016
-48.844
8.59781
49.823
48.7901
41.5609
23.3294
2.43608
-10.1098
-20.6081
-31.4667
-44.8376
-75.0587
-93.0484
-94.478
-94.6453
-94.5444
-94.2939
-93.9249
-93.4666
-92.9519
-92.4101
-91.8614
-91.3179
-90.7851
-90.2648
-89.7567
-89.2596
-88.7715
-88.2905
-87.8146
-87.3417
-86.8698
-86.3968
-85.9208
-85.4395
-84.9505
-84.4514
-83.9393
-83.4112
-82.8635
-82.2921
-81.692
-81.0572
-80.3803
-79.6523
-78.8611
-77.9909
-77.0203
-75.9189
-74.6412
-73.1163
-71.2227
-68.7272
-65.0973
-58.6895
-40.6541
34.4593
49.5015
45.6906
32.7205
11.3944
-4.07855
-15.1418
-26.013
-35.6007
-54.0876
-87.5432
-93.9953
-94.6046
-94.6359
-94.4754
-94.1816
-93.78
-93.3007
-92.7756
-92.2307
-91.6832
-91.1428
-90.6136
-90.0967
-89.5914
-89.0963
-88.6095
-88.129
-87.6529
-87.1791
-86.7056
-86.2302
-85.751
-85.2656
-84.7716
-84.2665
-83.7472
-83.2105
-82.6526
-82.0692
-81.4547
-80.8029
-80.1055
-79.3525
-78.5304
-77.6216
-76.6012
-75.4339
-74.0657
-72.4094
-70.3092
-67.4479
-63.0231
-54.0577
-19.1271
47.5492
49.3216
44.4408
29.5703
7.86268
-6.28986
-17.0801
-28.0451
-38.4226
-60.8516
-90.9199
-94.2686
-94.6406
-94.6092
-94.4052
-94.0714
-93.6358
-93.1321
-92.5926
-92.0413
-91.4926
-90.9538
-90.4277
-89.9142
-89.4123
-88.9201
-88.4356
-87.9568
-87.4816
-87.0079
-86.5337
-86.0569
-85.5754
-85.0868
-84.5886
-84.0783
-83.5526
-83.0083
-82.4411
-81.8464
-81.2185
-80.5503
-79.833
-79.0555
-78.2029
-77.2552
-76.1843
-74.9488
-73.4846
-71.6847
-69.3496
-66.0436
-60.5281
-47.0768
16.5403
49.8074
48.0937
39.1005
19.3576
0.0908405
-11.8464
-22.4918
-33.102
-48.2915
-80.9265
-93.4913
-94.5329
-94.6428
-94.5194
-94.254
-93.8747
-93.4105
-92.8938
-92.3524
-91.8054
-91.2639
-90.7332
-90.2148
-89.7084
-89.2127
-88.7257
-88.2456
-87.7704
-87.2979
-86.8264
-86.3535
-85.8774
-85.3958
-84.9063
-84.4065
-83.8935
-83.3642
-82.815
-82.2417
-81.6392
-81.0015
-80.3211
-79.5886
-78.7918
-77.9145
-76.9347
-75.821
-74.5266
-72.9773
-71.0454
-68.4837
-64.7154
-57.9001
-37.507
38.3693
49.4081
45.1811
31.5598
10.1854
-4.75787
-15.7111
-26.6089
-36.0675
-55.2288
-88.4246
-94.0742
-94.6181
-94.6338
-94.4639
-94.1617
-93.7528
-93.268
-92.7396
-92.1929
-91.6449
-91.1045
-90.5756
-90.0592
-89.5543
-89.0595
-88.5729
-88.0924
-87.6162
-87.1421
-86.6681
-86.1921
-85.712
-85.2256
-84.7304
-84.2237
-83.7026
-83.1638
-82.6035
-82.0171
-81.3992
-80.7432
-80.0408
-79.2817
-78.452
-77.5337
-76.5011
-75.3175
-73.9265
-72.2364
-70.082
-67.121
-62.4644
-52.6453
-11.4683
49.3254
49.3681
44.4097
29.2183
7.26667
-6.75583
-17.5202
-28.5069
-39.2408
-62.802
-91.4021
-94.3022
-94.6388
-94.5957
-94.3822
-94.0399
-93.5981
-93.0908
-92.55
-91.999
-91.4516
-90.9148
-90.3908
-89.8797
-89.3801
-88.8902
-88.408
-87.9313
-87.4583
-86.9867
-86.5147
-86.04
-85.5606
-85.0741
-84.5782
-84.0701
-83.5468
-83.0049
-82.4403
-81.8484
-81.2235
-80.5587
-79.8451
-79.0719
-78.2242
-77.2825
-76.2188
-74.9926
-73.5411
-71.7595
-69.4536
-66.2031
-60.8279
-48.0142
12.4944
49.8232
48.4937
40.4506
21.452
1.27346
-10.9602
-21.5306
-32.2913
-46.5485
-78.1634
-93.2928
-94.5084
-94.6447
-94.532
-94.274
-93.9002
-93.4395
-92.9246
-92.3839
-91.8372
-91.2959
-90.7655
-90.2476
-89.7419
-89.247
-88.7612
-88.2824
-87.8087
-87.3381
-86.8685
-86.398
-85.9244
-85.4457
-84.9594
-84.4632
-83.9542
-83.4294
-82.8853
-82.3178
-81.7221
-81.0922
-80.421
-79.6995
-78.916
-78.0551
-77.0958
-76.0087
-74.7504
-73.2522
-71.3986
-68.9705
-65.4754
-59.4426
-43.4198
28.7554
49.6299
46.4763
34.6064
13.4944
-2.95091
-14.2185
-25.0375
-34.9775
-52.5714
-86.1476
-93.8776
-94.586
-94.6383
-94.489
-94.2047
-93.8112
-93.338
-92.817
-92.2746
-91.7287
-91.1893
-90.6609
-90.1449
-89.6407
-89.147
-88.6617
-88.1831
-87.7091
-87.2377
-86.7669
-86.2946
-85.8188
-85.3372
-84.8475
-84.3472
-83.8335
-83.3031
-82.7525
-82.1772
-81.5722
-80.9314
-80.2471
-79.5096
-78.7065
-77.8213
-76.8309
-75.7028
-74.3884
-72.8099
-70.832
-68.1888
-64.246
-56.8931
-33.1523
40.8106
49.3432
44.8369
30.7647
9.3524
-5.25759
-16.1418
-27.0593
-36.7702
-56.9058
-89.4098
-94.154
-94.63
-94.6288
-94.4478
-94.1356
-93.7182
-93.2274
-92.6954
-92.1472
-91.5989
-91.0591
-90.5311
-90.0156
-89.5116
-89.0177
-88.5317
-88.0519
-87.576
-87.1021
-86.6281
-86.1519
-85.6715
-85.1845
-84.6885
-84.1808
-83.6584
-83.1181
-82.5559
-81.9672
-81.3465
-80.6871
-79.9806
-79.2163
-78.3802
-77.4536
-76.4103
-75.2121
-73.8007
-72.0803
-69.8764
-66.8228
-61.944
-51.2557
-3.86154
49.7011
49.2808
43.8109
27.7571
5.81126
-7.75178
-18.4237
-29.4104
-40.8622
-66.5644
-92.0947
-94.3666
-94.6413
-94.5785
-94.352
-94.0001
-93.5521
-93.0421
-92.501
-91.9511
-91.4056
-90.8708
-90.349
-89.8399
-89.3421
-88.8538
-88.3731
-87.8979
-87.4262
-86.9559
-86.485
-86.0114
-85.533
-85.0474
-84.5524
-84.045
-83.5224
-82.9811
-82.417
-81.8256
-81.201
-80.5364
-79.8229
-79.0495
-78.2015
-77.259
-76.1942
-74.9661
-73.5114
-71.7245
-69.4092
-66.1389
-60.7112
-47.6538
14.1014
49.8191
48.3468
39.9402
20.6415
0.806368
-11.307
-21.9066
-32.6145
-47.2359
-79.3035
-93.3769
-94.5189
-94.6442
-94.5272
-94.2663
-93.8904
-93.4287
-92.9136
-92.3731
-91.827
-91.2864
-90.7567
-90.2396
-89.7346
-89.2404
-88.7552
-88.2771
-87.8041
-87.3341
-86.8652
-86.3953
-85.9224
-85.4444
-84.9589
-84.4634
-83.9552
-83.4313
-82.8881
-82.3217
-81.7271
-81.0984
-80.4287
-79.7088
-78.9271
-78.0685
-77.112
-76.0284
-74.7746
-73.2828
-71.4386
-69.026
-65.5614
-59.6119
-44.0146
27.166
49.6627
46.7023
35.1765
14.1668
-2.59981
-13.9362
-24.7372
-34.7758
-52.0918
-85.6624
-93.8394
-94.5804
-94.639
-94.4928
-94.211
-93.8195
-93.3478
-92.8278
-92.286
-91.7404
-91.2012
-90.6731
-90.1574
-89.6535
-89.1601
-88.6754
-88.1973
-87.7239
-87.2532
-86.7831
-86.3117
-85.8369
-85.3565
-84.8681
-84.3692
-83.8571
-83.3285
-82.7799
-82.207
-81.6047
-80.9671
-80.2865
-79.5535
-78.7557
-77.8771
-76.895
-75.778
-74.4786
-72.9214
-70.9767
-68.3912
-64.5707
-57.5944
-36.2165
39.391
49.3829
45.0497
31.2667
9.88938
-4.92821
-15.8554
-26.7593
-36.2928
-55.7662
-88.77
-94.1029
-94.6227
-94.6326
-94.4591
-94.1538
-93.7423
-93.2558
-92.7265
-92.1797
-91.632
-91.0923
-90.5643
-90.0488
-89.5448
-89.051
-88.5654
-88.086
-87.6107
-87.1376
-86.6647
-86.1897
-85.7107
-85.2254
-84.7313
-84.2259
-83.7062
-83.1688
-82.61
-82.0253
-81.4092
-80.7553
-80.0554
-79.299
-78.4727
-77.5584
-76.5307
-75.3535
-73.9713
-72.2937
-70.159
-67.234
-62.6603
-53.15
-14.2242
48.9743
49.3526
44.4222
29.3521
7.49111
-6.5803
-17.3544
-28.3336
-38.9317
-62.0671
-91.2341
-94.2904
-94.6398
-94.601
-94.391
-94.0518
-93.6122

