-70
-53.1602
36.0585
49.9614
49.5977
48.1187
44.3996
37.3465
26.6943
14.1126
2.58669
-7.17333
-15.9679
-24.3599
-30.6993
-38.1733
-53.9674
-86.1339
-94.4044
-94.7674
-94.6657
-94.3315
-93.6686
-92.5657
-90.9884
-88.9945
-86.6793
-84.1133
-81.3026
-78.1519
-74.3622
-69.0041
-57.7127
2.2018
49.974
49.8432
48.7358
45.1487
37.4291
25.172
11.121
-0.645912
-10.2336
-18.734
-26.4556
-31.1688
-38.1483
-52.6636
-83.8051
-94.1734
-94.6922
-94.5715
-94.1565
-93.3546
-92.0728
-90.3127
-88.1604
-85.7167
-83.0381
-80.1016
-76.7556
-72.5545
-65.9577
-47.5188
42.2123
49.8916
49.1205
46.3773
40.0884
29.3883
15.7817
3.27551
-6.85318
-15.6727
-23.9188
-30.1322
-36.7005
-49.5992
-79.371
-93.9123
-94.6888
-94.6377
-94.3215
-93.6815
-92.618
-91.0962
-89.1671
-86.9208
-84.4293
-81.7081
-78.6835
-75.1141
-70.2825
-61.217
-21.9471
49.3327
49.8672
48.9641
45.9011
39.0789
27.7948
13.9933
1.7739
-8.13445
-16.8311
-24.9239
-30.6114
-37.4229
-51.2206
-82.0574
-94.1239
-94.7096
-94.611
-94.2355
-93.4973
-92.2986
-90.6306
-88.5721
-86.2254
-83.6563
-80.8609
-77.73
-73.9403
-68.4857
-56.4988
9.41357
49.9767
49.7764
48.4316
44.3614
35.9772
23.2036
9.27856
-2.10678
-11.4908
-19.9498
-27.411
-32.4151
-40.363
-58.079
-88.7539
-94.386
-94.6859
-94.52
-94.0573
-93.2017
-91.877
-90.1028
-87.9709
-85.578
-82.9749
-80.1366
-76.9197
-72.9161
-66.7765
-50.8746
35.1056
49.9185
49.2685
46.7937
40.9107
30.6103
17.0983
4.33395
-5.98051
-14.8863
-23.2005
-29.7191
-36.0283
-48.0463
-76.4109
-93.6247
-94.6622
-94.652
-94.3661
-93.7681
-92.7593
-91.2993
-89.4351
-87.2593
-84.8508
-82.2371
-79.3668
-76.0539
-71.7741
-64.6361
-41.7002
47.0555
49.8777
49.0565
46.2316
39.8634
29.1425
15.6077
3.18958
-6.90417
-15.7195
-23.9758
-30.1887
-36.8363
-49.9926
-80.1874
-94.0211
-94.7092
-94.6388
-94.3083
-93.6494
-92.5659
-91.0344
-89.1169
-86.909
-84.4842
-81.8595
-78.9699
-75.6049
-71.1693
-63.4167
-35.4332
48.3198
49.8645
48.9913
46.0478
39.4936
28.5809
14.9921
2.67941
-7.33612
-16.1113
-24.3236
-30.3678
-37.1174
-50.6342
-81.2321
-94.0889
-94.715
-94.6317
-94.2856
-93.6014
-92.4844
-90.9185
-88.9735
-86.7483
-84.3151
-81.6872
-78.7934
-75.4125
-70.9186
-62.9064
-32.6144
48.4192
49.8613
48.9748
45.9951
39.3756
28.3859
14.7641
2.48179
-7.50708
-16.2662
-24.4572
-30.4295
-37.2062
-50.8261
-81.5258
-94.1049
-94.7154
-94.6284
-94.277
-93.5839
-92.4549
-90.877
-88.9234
-86.6951
-84.2644
-81.6437
-78.7608
-75.3938
-70.9174
-62.9359
-32.8292
48.4144
49.8615
48.9761
45.9995
39.3856
28.4025
14.7835
2.49859
-7.49256
-16.253
-24.4459
-30.4244
-37.1989
-50.8104
-81.5015
-94.1036
-94.7155
-94.629
-94.2787
-93.5878
-92.4629
-90.8911
-88.9461
-86.7289
-84.3126
-81.7108
-78.8543
-75.5293
-71.1397
-63.4494
-35.7411
48.2876
49.8651
48.9953
46.0603
39.5203
28.6235
15.0405
2.72037
-7.30105
-16.0796
-24.2959
-30.3548
-37.098
-50.5906
-81.1623
-94.0845
-94.715
-94.6332
-94.29
-93.612
-92.5057
-90.9567
-89.0355
-86.8421
-84.4503
-81.8771
-79.0598
-75.8
-71.5519
-64.3422
-40.4368
47.4801
49.8749
49.0453
46.2045
39.8164
29.0811
15.5501
3.14725
-6.93805
-15.7505
-24.0051
-30.2074
-36.8702
-50.0759
-80.3236
-94.0299
-94.711
-94.6401
-94.3107
-93.6552
-92.5801
-91.0657
-89.1774
-87.0138
-84.6504
-82.1089
-79.3353
-76.1499
-72.0647
-65.3918
-45.3951
44.7495
49.8902
49.1236
46.4225
40.2478
29.7269
16.2521
3.72222
-6.45664
-15.3145
-23.6112
-29.9916
-36.5244
-49.2787
-78.9144
-93.9149
-94.6986
-94.6482
-94.3386
-93.7128
-92.6761
-91.2019
-89.3493
-87.2153
-84.8787
-82.3667
-79.6346
-76.5213
-72.5932
-66.4151
-49.6682
38.2893
49.9121
49.2411
46.7462
40.8773
30.6526
17.2454
4.51928
-5.80204
-14.7244
-23.0664
-29.6671
-35.9912
-48.0378
-76.4925
-93.6662
-94.6724
-94.6579
-94.3741
-93.7827
-92.7882
-91.3552
-89.5364
-87.4281
-85.1132
-82.6255
-79.9288
-76.8791
-73.0892
-67.3284
-53.0527
27.5211
49.9478
49.4564
47.3614
42.0865
32.4365
19.1707
6.04187
-4.58495
-13.6396
-22.0394
-28.9888
-34.875
-45.4941
-70.9109
-92.9549
-94.615
-94.6725
-94.4276
-93.8838
-92.9442
-91.5618
-89.7806
-87.6972
-85.4009
-82.934
-80.2707
-77.2843
-73.6349
-68.2844
-56.2038
11.1561
49.9764
49.7676
48.4132
44.3573
36.0412
23.3774
9.50958
-1.89045
-11.2956
-19.7711
-27.2948
-32.2862
-40.1738
-57.6803
-88.5365
-94.3835
-94.6912
-94.531
-94.0804
-93.2476
-91.9622
-90.249
-88.2047
-85.9314
-83.4877
-80.866
-77.9666
-74.5152
-69.7229
-60.2684
-16.1875
49.8014
49.8801
48.9955
45.9457
39.0972
27.7273
13.8325
1.5945
-8.30334
-16.9807
-25.0361
-30.6349
-37.4127
-51.1215
-81.8539
-94.1053
-94.7064
-94.6102
-94.2382
-93.5103
-92.3378
-90.7221
-88.7503
-86.5303
-84.1347
-81.5742
-78.7769
-75.5311
-71.2599
-63.8512
-38.1062
47.9869
49.8692
49.0176
46.1245
39.6512
28.8243
15.2621
2.90498
-7.14432
-15.9376
-24.1707
-30.2916
-36.9993
-50.3646
-80.7954
-94.061
-94.7136
-94.637
-94.3017
-93.6383
-92.5564
-91.0416
-89.164
-87.0244
-84.6991
-82.2108
-79.5101
-76.4325
-72.5413
-66.3993
-49.7019
38.1925
49.9125
49.2446
46.7576
40.9024
30.6936
17.294
4.56121
-5.76672
-14.6927
-23.0374
-29.6504
-35.9659
-47.9821
-76.3797
-93.6524
-94.6713
-94.6591
-94.3776
-93.7907
-92.8041
-91.3836
-89.5827
-87.4987
-85.216
-82.7704
-80.1311
-77.1668
-73.5298
-68.1585
-55.8561
13.277
49.9756
49.7409
48.3123
44.1303
35.6736
22.9411
9.14992
-2.15963
-11.5246
-19.9965
-27.4778
-32.5575
-40.7013
-59.0304
-89.3796
-94.4229
-94.6911
-94.5218
-94.0628
-93.2218
-91.9318
-90.221
-88.1872
-85.9319
-83.5131
-80.9237
-78.0678
-74.683
-70.0282
-61.0777
-21.6091
49.3614
49.871
48.9878
45.9741
39.234
28.0384
14.2625
1.99886
-7.94187
-16.6572
-24.7763
-30.5454
-37.3247
-51.0002
-81.7362
-94.1093
-94.7115
-94.6188
-94.2555
-93.543
-92.392
-90.8017
-88.8569
-86.6656
-84.3023
-81.7817
-79.0401
-75.8857
-71.8059
-65.0185
-43.8991
45.8903
49.8848
49.097
46.3487
40.1013
29.5066
16.011
3.52421
-6.62227
-15.4644
-23.7472
-30.0674
-36.6458
-49.558
-79.4192
-93.9584
-94.7036
-94.6462
-94.3316
-93.7006
-92.6621
-91.1945
-89.3614
-87.2616
-84.9746
-82.5297
-79.8883
-76.9082
-73.2162
-67.6504
-54.2522
22.0112
49.9633
49.5807
47.7516
42.8973
33.6881
20.5891
7.19149
-3.67748
-12.8405
-21.2735
-28.4476
-34.0195
-43.65
-66.4726
-92.1227
-94.562
-94.6819
-94.4655
-93.9559
-93.0584
-91.7194
-89.9787
-87.9346
-85.6821
-83.2709
-80.6862
-77.823
-74.4005
-69.6139
-60.0486
-14.6388
49.8512
49.8856
49.018
46.0066
39.2165
27.902
14.0138
1.73993
-8.18062
-16.8696
-24.9405
-30.5895
-37.3412
-50.9574
-81.6139
-94.0939
-94.7065
-94.6122
-94.2424
-93.5183
-92.3524
-90.7473
-88.7917
-86.5949
-84.2312
-81.7135
-78.9765
-75.8255
-71.742
-64.9173
-43.474
46.1493
49.8833
49.0895
46.327
40.0568
29.4377
15.9335
3.45934
-6.67711
-15.5141
-23.7917
-30.0914
-36.6833
-49.6431
-79.5673
-93.9701
-94.7047
-94.6454
-94.3289
-93.6958
-92.6554
-91.1876
-89.3569
-87.2627
-84.9844
-82.5515
-79.9262
-76.9691
-73.3165
-67.8466
-54.9213
18.5403
49.97
49.652
47.9907
43.4114
34.5018
21.5356
7.96958
-3.07099
-12.3117
-20.7622
-28.0685
-33.4359
-42.4411
-63.4494
-91.2969
-94.5162
-94.6865
-94.4888
-94.0002
-93.127
-91.811
-90.0883
-88.0575
-85.8165
-83.4191
-80.8551
-78.027
-74.6731
-70.0571
-61.1896
-22.3296
49.2475
49.8715
48.9969
46.011
39.3268
28.203
14.4627
2.17597
-7.78704
-16.5177
-24.6597
-30.4966
-37.2608
-50.8742
-81.5645
-94.1035
-94.7128
-94.622
-94.262
-93.5553
-92.4131
-90.8342
-88.9039
-86.7306
-84.3899
-81.8987
-79.1981
-76.1083
-72.1559
-65.7489
-47.1741
42.7036
49.8974
49.1639
46.534
40.4652
30.0471
16.5957
3.99914
-6.22792
-15.108
-23.4218
-29.8818
-36.3449
-48.8599
-78.1202
-93.8365
-94.69
-94.6526
-94.3547
-93.7477
-92.74
-91.3051
-89.5022
-87.4297
-85.1701
-82.7575
-80.1608
-77.2529
-73.7021
-68.5149
-57.0132
6.07138
49.9753
49.8246
48.6619
44.9816
37.1637
24.866
10.88
-0.812334
-10.3695
-18.8718
-26.5803
-31.3247
-38.4453
-53.4182
-84.7319
-94.2193
-94.6959
-94.5721
-94.1622
-93.3816
-92.1524
-90.4919
-88.4969
-86.2758
-83.8967
-81.364
-78.6004
-75.3878
-71.1379
-63.6938
-37.4007
48.0843
49.8688
49.0164
46.1223
39.6484
28.8219
15.2611
2.90513
-7.14384
-15.9372
-24.1707
-30.2922
-37.0014
-50.3717
-80.8145
-94.0644
-94.7144
-94.6372
-94.3016
-93.6388
-92.5604
-91.0549
-89.1951
-87.0831
-84.7964
-82.3601
-79.7305
-76.7589
-73.0603
-67.4281
-53.5645
25.2282
49.9547
49.5106
47.5308
42.4393
32.9838
19.7941
6.55163
-4.17815
-13.2798
-21.6968
-28.7533
-34.5031
-44.6873
-69.006
-92.6347
-94.5936
-94.6778
-94.4471
-93.9224
-93.0097
-91.6608
-89.9192
-87.8839
-85.6479
-83.2595
-80.7033
-77.8765
-74.5068
-69.8227
-60.623
-18.5273
49.6813
49.8799
49.0159
46.0387
39.3429
28.1743
14.3818
2.08216
-7.87609
-16.5968
-24.7195
-30.5101
-37.2572
-50.8284
-81.4685
-94.0946
-94.7105
-94.6191
-94.2562
-93.5441
-92.3946
-90.8089
-88.8745
-86.7007
-84.3636
-81.8795
-79.1892
-76.1137
-72.183
-65.8252
-47.5298
42.1889
49.899
49.1729
46.5585
40.5121
30.115
16.6671
4.05565
-6.18177
-15.0664
-23.3832
-29.8587
-36.3064
-48.7689
-77.9427
-93.818
-94.6879
-94.6533
-94.3576
-93.7538
-92.7509
-91.3219
-89.526
-87.4619
-85.2125
-82.8129
-80.2341
-77.3528
-73.8496
-68.7801
-57.8112
0.786844
49.9701
49.8602
48.8348
45.438
38.0159
26.0422
12.0092
0.0779079
-9.61013
-18.1576
-25.9973
-31.0096
-37.9301
-52.201
-83.2384
-94.1529
-94.6977
-94.5873
-94.1933
-93.4341
-92.2287
-90.5901
-88.6135
-86.4088
-84.0468
-81.5365
-78.8068
-75.6553
-71.5425
-64.5649
-41.8688
46.9429
49.879
49.0678
46.2672
39.9392
29.2626
15.7442
3.30471
-6.80645
-15.6312
-23.8976
-30.1493
-36.7766
-49.8584
-79.9507
-94.0026
-94.7085
-94.6432
-94.3212
-93.6804
-92.6316
-91.1582
-89.3279
-87.2413
-84.9776
-82.5661
-79.9699
-77.0534
-73.4669
-68.1495
-55.9355
12.7511
49.9757
49.75
48.35
44.2236
35.8402
23.1603
9.34978
-2.00024
-11.3863
-19.8632
-27.3763
-32.4171
-40.4403
-58.3796
-88.9928
-94.4053
-94.6925
-94.5293
-94.0786
-93.2501
-91.9774
-90.2891
-88.2841
-86.0658
-83.6952
-81.1705
-78.4078
-75.1775
-70.8563
-63.103
-34.1382
48.3628
49.8659
49.0023
46.0826
39.5683
28.6998
15.1271
2.79404
-7.23787
-16.0224
-24.2461
-30.3302
-37.0613
-50.5108
-81.0534
-94.0825
-94.7163
-94.6351
-94.2938
-93.6214
-92.5298
-91.0108
-89.1409
-87.0241
-84.7378
-82.306
-79.6835
-76.7204
-73.0292
-67.3981
-53.4936
25.5232
49.9538
49.504
47.5104
42.3975
32.92
19.7225
6.49398
-4.22349
-13.3197
-21.735
-28.7804
-34.5462
-44.7803
-69.227
-92.6727
-94.596
-94.6774
-94.4456
-93.9201
-93.0074
-91.6601
-89.9225
-87.8937
-85.667
-83.2908
-80.7508
-77.9469
-74.6146
-70.0117
-61.1177
-21.8266
49.332
49.8742
49.0096
46.0495
39.4099
28.3359
14.6131
2.30338
-7.67753
-16.4186
-24.5746
-30.4576
-37.2039
-50.7517
-81.3859
-94.0958
-94.7132
-94.6238
-94.2659
-93.5626
-92.4255
-90.8543
-88.9348
-86.7764
-84.4557
-81.9913
-79.3283
-76.2967
-72.4551
-66.3615
-49.7188
38.0885
49.9124
49.2456
46.7602
40.9054
30.6948
17.2915
4.55651
-5.77167
-14.6972
-23.041
-29.6517
-35.9661
-47.9794
-76.368
-93.6484
-94.6707
-94.6592
-94.3791
-93.7958
-92.8176
-91.413
-89.6371
-87.5889
-85.3536
-82.9706
-80.4154
-77.5741
-74.1498
-69.2857
-59.2412
-9.02456
49.9346
49.8924
49.0257
45.9944
39.1389
27.7152
13.7498
1.49001
-8.40455
-17.0692
-25.0982
-30.6408
-37.3848
-50.998
-81.6158
-94.0855
-94.7028
-94.6074
-94.2338
-93.5042
-92.3331
-90.7271
-88.7781
-86.5966
-84.2575
-81.7749
-79.0867
-76.0088
-72.0601
-65.6178
-46.699
43.2938
49.8952
49.1525
46.5013
40.3985
29.9445
16.4807
3.90326
-6.30832
-15.1806
-23.4879
-29.9192
-36.4039
-48.994
-78.3721
-93.8604
-94.6923
-94.6513
-94.3508
-93.7409
-92.7315
-91.2983
-89.502
-87.4419
-85.2006
-82.8128
-80.2495
-77.3891
-73.9182
-68.9172
-58.2294
-2.06113
49.9648
49.8732
48.9059
45.6373
38.4065
26.6073
12.5789
0.534138
-9.22099
-17.8057
-25.7094
-30.8954
-37.7587
-51.8147
-82.7283
-94.131
-94.6991
-94.5938
-94.2067
-93.4577
-92.2648
-90.6396
-88.6764
-86.4856
-84.1398
-81.65
-78.95
-75.8478
-71.8383
-65.1877
-44.8142
45.1942
49.8881
49.1152
46.3989
40.1991
29.6506
16.1651
3.64867
-6.51902
-15.3711
-23.6622
-30.0195
-36.5676
-49.3756
-79.089
-93.9301
-94.7004
-94.6479
-94.3382
-93.7156
-92.6905
-91.2424
-89.4351
-87.3683
-85.1234
-82.7332
-80.166
-77.297
-73.8037
-68.7348
-57.715
1.41185
49.9709
49.8571
48.8192
45.3965
37.938
25.934
11.9045
-0.00457692
-9.68027
-18.2214
-26.0499
-31.031
-37.9642
-52.2801
-83.3386
-94.157
-94.6975
-94.5865
-94.192
-93.4329
-92.2288
-90.5938
-88.6238
-86.4288
-84.0803
-81.5877
-78.8827
-75.7694
-71.731
-64.9776
-43.8576
45.8923
49.885
49.0993
46.3553
40.1141
29.5251
16.0304
3.53947
-6.60973
-15.453
-23.7368
-30.0616
-36.6363
-49.5359
-79.3827
-93.9567
-94.7035
-94.6465
-94.3327
-93.7043
-92.6722
-91.2174
-89.4051
-87.3356
-85.0896
-82.6991
-80.1315
-77.2602
-73.7599
-68.6667
-57.5221
2.69249
49.9724
49.8496
48.7816
45.2952
37.7462
25.6654
11.6425
-0.211794
-9.85684
-18.3815
-26.18
-31.0818
-38.0427
-52.4606
-83.5698
-94.167
-94.697
-94.5838
-94.1866
-93.4238
-92.2159
-90.5778
-88.606
-86.4104
-84.062
-81.57
-78.8654
-75.7513
-71.7087
-64.9368
-43.6729
46.0101
49.8845
49.0967
46.3481
40.1003
29.5051
16.0092
3.52255
-6.62372
-15.4657
-23.7484
-30.0682
-36.6472
-49.5617
-79.4299
-93.9611
-94.7041
-94.6463
-94.3318
-93.7025
-92.6693
-91.2136
-89.401
-87.3319
-85.087
-82.6981
-80.1327
-77.2644
-73.7686
-68.6849
-57.5793
2.3071
49.9719
49.8519
48.7934
45.3271
37.8065
25.7497
11.7244
-0.146911
-9.80146
-18.3312
-26.1391
-31.066
-38.0182
-52.404
-83.497
-94.1638
-94.6972
-94.5847
-94.1885
-93.4272
-92.221
-90.5848
-88.6149
-86.4213
-84.0753
-81.5863
-78.8861
-75.7792
-71.7518
-65.0272
-44.0953
45.731
49.8859
49.1037
46.3677
40.139
29.5628
16.0717
3.57352
-6.5812
-15.4272
-23.7135
-30.0488
-36.6157
-49.4886
-79.2977
-93.9497
-94.7028
-94.647
-94.3344
-93.7078
-92.6782
-91.2262
-89.417
-87.3508
-85.1087
-82.7229
-80.1618
-77.3006
-73.8184
-68.7705
-57.8307
0.623215
49.9697
49.8613
48.8413
45.4571
38.0549
26.1004
12.0694
0.126891
-9.56805
-18.1197
-25.9669
-30.9986
-37.9149
-52.1685
-83.1934
-94.1506
-94.6979
-94.5884
-94.196
-93.44
-92.24
-90.6096
-88.6445
-86.455
-84.1131
-81.6291
-78.9364
-75.843
-71.8452
-65.2176
-44.9663
45.0649
49.8888
49.119
46.4098
40.2214
29.6849
16.2034
3.68051
-6.49223
-15.3468
-23.6402
-30.0075
-36.5487
-49.3327
-79.0128
-93.924
-94.6999
-94.6484
-94.3397
-93.7187
-92.6961
-91.2513
-89.4481
-87.3866
-85.1484
-82.7669
-80.2116
-77.3601
-73.8979
-68.9039
-58.2138
-1.97028
49.9649
49.873
48.9047
45.6346
38.4019
26.6016
12.574
0.530716
-9.22377
-17.8083
-25.7118
-30.8968
-37.7613
-51.8214
-82.7357
-94.1311
-94.6992
-94.594
-94.2073
-93.4593
-92.2684
-90.6465
-88.6882
-86.5042
-84.1675
-81.6897
-79.0063
-75.93
-71.9708
-65.4688
-46.0837
43.9964
49.8929
49.1407
46.4696
40.3382
29.8573
16.3889
3.83057
-6.36784
-15.2343
-23.5374
-29.9487
-36.4529
-49.1103
-78.5973
-93.8844
-94.6953
-94.6504
-94.3471
-93.7336
-92.7205
-91.2851
-89.4896
-87.4338
-85.2001
-82.8232
-80.2745
-77.4344
-73.996
-69.0661
-58.6704
-5.09759
49.9557
49.8835
48.9672
45.8164
38.7684
27.1472
13.1407
0.989646
-8.83217
-17.4548
-25.4198
-30.7773
-37.5839
-51.4283
-82.2053
-94.109
-94.7009
-94.6006
-94.2204
-93.4818
-92.3015
-90.6892
-88.7386
-86.5606
-84.2292
-81.7579
-79.0845
-76.0263
-72.1084
-65.7396
-47.2493
42.5629
49.8979
49.1671
46.5421
40.4793
30.0651
16.6119
4.01016
-6.21965
-15.1005
-23.4144
-29.8767
-36.3352
-48.835
-78.0715
-93.8313
-94.6892
-94.6527
-94.3557
-93.7509
-92.7484
-91.3233
-89.536
-87.486
-85.2568
-82.8844
-80.3421
-77.5136
-74.0997
-69.2361
-59.1398
-8.33444
49.9394
49.8913
49.0186
45.9729
39.0948
27.6482
13.6784
1.43151
-8.45442
-17.1142
-25.1362
-30.6578
-37.41
-51.0522
-81.6865
-94.0878
-94.7026
-94.607
-94.2332
-93.5038
-92.3341
-90.7317
-88.7889
-86.6169
-84.2909
-81.8259
-79.1621
-76.1215
-72.243
-66
-48.3327
40.8651
49.9034
49.1966
46.6234
40.6371
30.2968
16.8601
4.20902
-6.05644
-14.9534
-23.2786
-29.7957
-36.2015
-48.5236
-77.4608
-93.7669
-94.6823
-94.6551
-94.3647
-93.7688
-92.777
-91.362
-89.5826
-87.538
-85.3127
-82.9443
-80.408
-77.5905
-74.1996
-69.3978
-59.5759
-11.3478
49.9115
49.8928
49.0403
46.0531
39.2839
27.9679
14.0503
1.75112
-8.17741
-16.8654
-24.9307
-30.5752
-37.3016
-50.8385
-81.4011
-94.0787
-94.7048
-94.6121
-94.2433
-93.5213
-92.3607
-90.767
-88.8314
-86.6651
-84.3442
-81.885
-79.2296
-76.2042
-72.3595
-66.2227
-49.2301
39.1383
49.9089
49.2266
46.7065
40.7987
30.5343
17.1151
4.41303
-5.88967
-14.8033
-23.1393
-29.7111
-36.0621
-48.1985
-76.8102
-93.6961
-94.675
-94.6575
-94.3735
-93.7859
-92.8039
-91.3981
-89.6257
-87.5858
-85.3638
-82.9987
-80.4675
-77.6594
-74.2889
-69.5418
-59.9576
-13.9756
49.8672
49.8892
49.0375
46.0678
39.3506
28.1179
14.257
1.94478
-8.00479
-16.7111
-24.8069
-30.5322
-37.2592
-50.7805
-81.3465
-94.0812
-94.7073
-94.6159
-94.2505
-93.5342
-92.3808
-90.7943
-88.865
-86.7039
-84.3877
-81.9336
-79.2854
-76.2726
-72.4557
-66.4042
-49.9417
37.5286
49.9141
49.2554
46.7866
40.9552
30.7651
17.3637
4.61187
-5.72769
-14.6579
-23.0038
-29.6274
-35.9246
-47.8807
-76.1624
-93.6237
-94.6681
-94.6597
-94.3815
-93.8012
-92.8278
-91.4301
-89.6635
-87.6274
-85.4081
-83.0458
-80.5189
-77.7188
-74.3656
-69.6645
-60.2783
-16.1695
49.8028
49.8857
49.0332
46.0746
39.395
28.226
14.4117
2.09231
-7.87244
-16.5927
-24.7114
-30.4988
-37.2269
-50.7383
-81.3083
-94.0835
-94.7092
-94.6188
-94.2562
-93.5447
-92.3973
-90.8171
-88.8933
-86.7369
-84.4248
-81.9751
-79.3331
-76.3312
-72.5375
-66.5575
-50.5319
36.0117
49.9191
49.2834
46.8649
41.1082
30.9905
17.6066
4.80554
-5.57053
-14.5168
-22.8718
-29.5446
-35.7879
-47.5646
-75.5046
-93.5485
-94.6612
-94.6618
-94.389
-93.8155
-92.8499
-91.4593
-89.698
-87.6651
-85.448
-83.088
-80.5647
-77.7716
-74.4335
-69.7724
-60.5563
-18.0561
49.7117
49.8824
49.0284
46.0772
39.426
28.3074
14.5321
2.2089
-7.76745
-16.4987
-24.6358
-30.4724
-37.2023
-50.7085
-81.2841
-94.0856
-94.7108
-94.6213
-94.261
-93.5534
-92.4114
-90.8369
-88.9182
-86.766
-84.4577
-82.0122
-79.3758
-76.3836
-72.6106
-66.6939
-51.0451
34.5482
49.9239
49.3113
46.9437
41.2625
31.2182
17.8524
5.00118
-5.41249
-14.3753
-22.7388
-29.4595
-35.6479
-47.2429
-74.8223
-93.4684
-94.6542
-94.6639
-94.3963
-93.8291
-92.871
-91.487
-89.7304
-87.7005
-85.4853
-83.1272
-80.6071
-77.8204
-74.496
-69.8713
-60.8082
-19.7511
49.5845
49.8793
49.0237
46.0778
39.4496
28.3732
14.6315
2.30624
-7.67939
-16.4197
-24.5719
-30.45
-37.1814
-50.6834
-81.2635
-94.0874
-94.7122
-94.6233
-94.2651
-93.5612
-92.4242
-90.8549
-88.9411
-86.793
-84.4884
-82.0468
-79.4157
-76.4324
-72.6787
-66.8195
-51.5126
33.09
49.9288
49.3402
47.0258
41.4239
31.4568
18.1105
5.20643
-5.2474
-14.2278
-22.5998
-29.3694
-35.4999
-46.9047
-74.0926
-93.379
-94.6467
-94.6659
-94.4036
-93.8429
-92.8921
-91.5148
-89.7629
-87.7357
-85.5222
-83.1659
-80.6488
-77.8683
-74.557
-69.9676
-61.0513
-21.3703
49.3993
49.8763
49.0192
46.078
39.4705
28.432
14.7211
2.39441
-7.59961
-16.3482
-24.5139
-30.4297
-37.1627
-50.6616
-81.2462
-94.0889
-94.7133
-94.6252
-94.2689
-93.5685
-92.4363
-90.8723
-88.9634
-86.8195
-84.5186
-82.0809
-79.4551
-76.4806
-72.7456
-66.9423
-51.9605
31.575
49.934
49.3713
47.115
41.6002
31.7183
18.3945
5.43213
-5.06659
-14.0666
-22.4473
-29.2687
-35.3346
-46.5289
-73.2651
-93.2745
-94.6384
-94.6681
-94.4114
-93.8575
-92.9144
-91.5439
-89.7968
-87.7723
-85.5604
-83.2058
-80.6917
-77.9171
-74.6192
-70.0649
-61.2929
-22.9634
49.131
49.8735
49.0154
46.079
39.4913
28.4885
14.8062
2.47773
-7.5243
-16.2804
-24.4587
-30.4097
-37.1433
-50.6357
-81.2209
-94.0898
-94.7143
-94.627
-94.2727
-93.5758
-92.4485
-90.8901
-88.9863
-86.8469
-84.5499
-82.1163
-79.4958
-76.5302
-72.8143
-67.0677
-52.4123
29.9263
49.9396
49.4063
47.2168
41.8025
32.0198
18.7235
5.69364
-4.85797
-13.8811
-22.2711
-29.1506
-35.1423
-46.0955
-72.2923
-93.1442
-94.6284
-94.6705
-94.4201
-93.8738
-92.9392
-91.5763
-89.8344
-87.8129
-85.6027
-83.2497
-80.7387
-77.9705
-74.6868
-70.17
-61.5518
-24.647
48.7107
49.8709
49.0127
46.0829
39.517
28.5513
14.8973
2.56579
-7.44503
-16.2091
-24.3998
-30.3872
-37.1193
-50.5984
-81.177
-94.0894
-94.7153
-94.6288
-94.2767
-93.5838
-92.462
-90.9098
-89.0119
-86.8775
-84.585
-82.1558
-79.5412
-76.5854
-72.8901
-67.205
-52.8976
28.0146
49.9459
49.448
47.3403
42.0502
32.3913
19.132
6.01919
-4.59947
-13.6519
-22.0527
-29.0015
-34.9
-45.5552
-71.0513
-92.9661
-94.6155
-94.6733
-94.4307
-93.8934
-92.969
-91.6151
-89.8792
-87.861
-85.6527
-83.3016
-80.7939
-78.0329
-74.7653
-70.2914
-61.8458
-26.5293
48.0605
49.8687
49.0122
46.0925
39.5533
28.6291
15.0037
2.66602
-7.35572
-16.1286
-24.3326
-30.3602
-37.0879
-50.5437
-81.1051
-94.0873
-94.716
-94.6308
-94.2813
-93.593
-92.4779
-90.9334
-89.0428
-86.9147
-84.6276
-82.2039
-79.5963
-76.6521
-72.9814
-67.3684
-53.4647
25.591
49.9534
49.5019
47.5037
42.3826
32.895
19.6918
6.46703
-4.24571
-13.3395
-21.7536
-28.7927
-34.5645
-44.8181
-69.3139
-92.6851
-94.5964
-94.6769
-94.4448
-93.9195
-93.0087
-91.6667
-89.9388
-87.9249
-85.7187
-83.3697
-80.8662
-78.1142
-74.8669
-70.447
-62.2175
-28.858
48.2762
49.8673
49.008
46.0912
39.5711
28.6838
15.0903
2.75281
-7.27665
-16.0572
-24.2739
-30.3385
-37.0665
-50.5144
-81.071
-94.0869
-94.7168
-94.6329
-94.2863
-93.6037
-92.4973
-90.9629
-89.0823
-86.963
-84.6836
-82.2674
-79.669
-76.7401
-73.1012
-67.5811
-54.1846
22.2198
49.9624
49.5763
47.7386
42.8709
33.6483
20.5449
7.15664
-3.70435
-12.864
-21.2962
-28.4646
-34.0466
-43.7075
-66.6142
-92.1503
-94.563
-94.6817
-94.4656
-93.9585
-93.0679
-91.7435
-90.0274
-88.0196
-85.8163
-83.47
-80.9719
-78.2322
-75.0135
-70.6688
-62.734
-31.9854
48.4001
49.8671
49.0094
46.1052
39.6185
28.7823
15.2235
2.87779
-7.16551
-15.9568
-24.1891
-30.3025
-37.0215
-50.4289
-80.9424
-94.0802
-94.7171
-94.6356
-94.2936
-93.6196
-92.5261
-91.007
-89.1414
-87.0351
-84.7667
-82.3613
-79.7763
-76.8687
-73.2746
-67.8839
-55.1755
17.0446
49.9719
49.6801
48.0907
43.6331
34.8615
21.965
8.32945
-2.79092
-12.0686
-20.5266
-27.8905
-33.1685
-41.9028
-62.0863
-90.8104
-94.4905
-94.6882
-94.5001
-94.0235
-93.1673
-91.8733
-90.1776
-88.1801
-85.9814
-83.639
-81.1491
-78.4288
-75.2548
-71.0277
-63.5402
-36.5919
48.1875
49.8709
49.0293
46.1669
39.7538
29.0032
15.481
3.09996
-6.97431
-15.7835
-24.0372
-30.2289
-36.913
-50.1922
-80.5553
-94.055
-94.7153
-94.6396
-94.3061
-93.6469
-92.5744
-91.079
-89.2352
-87.1468
-84.8931
-82.5017
-79.9344
-77.0565
-73.5248
-68.3122
-56.5144
9.1494
49.976
49.7951
48.5343
44.6653
36.6028
24.1316
10.211
-1.33193
-10.8131
-19.3049
-26.9324
-31.7943
-39.2857
-55.4877
-86.8299
-94.3103
-94.6949
-94.5542
-94.128
-93.3303
-92.0898
-90.4309
-88.4525
-86.2618
-83.9251
-81.4472
-78.756
-75.6502
-71.5997
-64.7536
-42.835
46.4858
49.8831
49.0905
46.3345
40.0807
29.486
15.9989
3.52065
-6.62282
-15.4649
-23.7493
-30.0716
-36.6579
-49.596
-79.5073
-93.9721
-94.706
-94.6461
-94.3299
-93.6982
-92.6626
-91.2061
-89.396
-87.3337
-85.1001
-82.7275
-80.1847
-77.3492
-73.9081
-68.9494
-58.3767
-3.11136
49.962
49.8773
48.9298
45.7072
38.5476
26.8174
12.7967
0.710711
-9.07014
-17.6696
-25.5977
-30.8508
-37.6935
-51.6712
-82.5325
-94.1221
-94.6997
-94.5966
-94.2129
-93.4697
-92.2855
-90.6718
-88.7234
-86.5513
-84.2294
-81.771
-79.115
-76.0823
-72.2093
-65.9609
-48.2036
41.0742
49.9029
49.1943
46.6176
40.627
30.2839
16.8482
4.20077
-6.06269
-14.959
-23.2841
-29.7997
-36.209
-48.5426
-77.5014
-93.7719
-94.6828
-94.6548
-94.364
-93.7677
-92.7759
-91.3622
-89.5859
-87.5467
-85.3294
-82.9719
-80.4505
-77.6546
-74.2999
-69.5793
-60.0781
-14.8152
49.8464
49.8881
49.0374
46.0756
39.3795
28.1792
14.3392
2.02073
-7.93734
-16.6507
-24.7577
-30.5143
-37.2398
-50.7494
-81.3075
-94.0807
-94.708
-94.6174
-94.2536
-93.5404
-92.3914
-90.8106
-88.8882
-86.7353
-84.4291
-81.9881
-79.3582
-76.3742
-72.6122
-66.7151
-51.1507
34.2102
49.925
49.3179
46.9619
41.2976
31.2687
17.9054
5.04229
-5.37985
-14.3462
-22.7112
-29.4413
-35.6172
-47.1715
-74.6676
-93.4485
-94.6523
-94.6642
-94.3978
-93.8322
-92.8764
-91.4955
-89.7429
-87.7179
-85.5091
-83.1596
-80.6511
-77.8817
-74.5866
-70.028
-61.2155
-22.4593
49.2281
49.8747
49.0184
46.085
39.4995
28.4958
14.8093
2.47751
-7.52547
-16.2814
-24.4587
-30.4083
-37.1388
-50.6214
-81.1943
-94.0878
-94.7141
-94.6269
-94.2726
-93.5757
-92.4486
-90.891
-88.9891
-86.853
-84.561
-82.1343
-79.5235
-76.5725
-72.8829
-67.2049
-52.9145
27.9298
49.9461
49.4498
47.3455
42.0604
32.4059
19.1472
6.03067
-4.59068
-13.6442
-22.0452
-28.996
-34.8908
-45.5341
-71.0015
-92.958
-94.6149
-94.6734
-94.4311
-93.8943
-92.971
-91.6187
-89.8854
-87.8707
-85.6671
-83.3222
-80.823
-78.074
-74.8263
-70.3955
-62.1051
-28.1568
48.2217
49.868
49.011
46.0978
39.5808
28.6939
15.0966
2.75545
-7.27535
-16.056
-24.2721
-30.3363
-37.0609
-50.4983
-81.044
-94.0855
-94.7167
-94.6328
-94.2858
-93.6025
-92.4949
-90.9596
-89.0788
-86.9606
-84.6838
-82.2718
-79.6795
-76.7595
-73.1359
-67.6522
-54.4337
20.9637
49.9652
49.6029
47.8258
43.0558
33.9375
20.8772
7.42723
-3.49317
-12.6794
-21.118
-28.3339
-33.843
-43.2795
-65.5514
-91.8947
-94.5481
-94.6834
-94.4737
-93.9738
-93.0916
-91.7753
-90.0658
-88.0632
-85.8648
-83.5245
-81.0352
-78.3096
-75.1168
-70.8322
-63.1137
-34.1975
48.3649
49.8687
49.0183
46.1355
39.6893
28.9035
15.3696
3.00655
-7.05366
-15.8554
-24.1011
-30.2613
-36.9631
-50.3061
-80.7493
-94.069
-94.7167
-94.6379
-94.3001
-93.6336
-92.551
-91.0447
-89.1917
-87.0971
-84.8398
-82.4465
-79.8773
-76.9949
-73.4506
-68.1949
-56.1656
11.2861
49.9759
49.7697
48.4292
44.4113
36.1613
23.5652
9.70525
-1.72458
-11.1495
-19.6328
-27.1945
-32.1602
-39.9582
-57.1667
-88.1801
-94.3687
-94.6935
-94.5397
-94.0999
-93.2862
-92.0315
-90.3635
-88.3819
-86.192
-83.8579
-81.3825
-78.6915
-75.5799
-71.5073
-64.5715
-41.9562
46.9008
49.8812
49.0811
46.3102
40.036
29.4242
15.9366
3.47286
-6.66158
-15.5
-23.7819
-30.091
-36.6916
-49.6788
-79.6622
-93.9869
-94.7081
-94.6454
-94.3266
-93.691
-92.6505
-91.1893
-89.376
-87.3123
-85.0791
-82.7083
-80.1681
-77.3354
-73.8967
-68.9384
-58.3548
-2.96981
49.9623
49.8768
48.927
45.6991
38.5315
26.7938
12.7725
0.691252
-9.0867
-17.6846
-25.61
-30.8559
-37.7012
-51.6883
-82.555
-94.123
-94.6996
-94.5964
-94.2125
-93.4694
-92.2855
-90.6728
-88.7261
-86.5566
-84.2381
-81.7844
-79.1347
-76.1116
-72.2567
-66.0591
-48.6145
40.3376
49.9053
49.2073
46.6536
40.6973
30.3874
16.9595
4.28998
-5.98957
-14.8932
-23.2231
-29.7629
-36.1483
-48.4013
-77.221
-93.7417
-94.6796
-94.6559
-94.368
-93.7754
-92.7884
-91.3795
-89.6076
-87.5724
-85.359
-83.0063
-80.4917
-77.7065
-74.3719
-69.6997
-60.397
-16.9903
49.7682
49.8846
49.0332
46.0829
39.4252
28.2896
14.4971
2.17146
-7.80224
-16.5297
-24.66
-30.4795
-37.2053
-50.7024
-81.2605
-94.0823
-94.71
-94.6205
-94.2597
-93.5516
-92.4094
-90.836
-88.9206
-86.7743
-84.4748
-82.0415
-79.4223
-76.4559
-72.7298
-66.936
-51.9695
31.5177
49.9341
49.3724
47.1178
41.6048
31.7236
18.3984
5.43382
-5.06583
-14.066
-22.4464
-29.2675
-35.3319
-46.5213
-73.2461
-93.271
-94.6379
-94.668
-94.4115
-93.858
-92.9161
-91.5479
-89.8047
-87.786
-85.582
-83.238
-80.738
-77.9838
-74.7198
-70.2388
-61.7365
-25.8326
48.3155
49.8699
49.0151
46.0986
39.5627
28.6395
15.0115
2.67031
-7.35285
-16.126
-24.3297
-30.3577
-37.0823
-50.5279
-81.0772
-94.0856
-94.7159
-94.6308
-94.2812
-93.5927
-92.4776
-90.9338
-89.0453
-86.9212
-84.6403
-82.2254
-79.6301
-76.7043
-73.0664
-67.5365
-54.0583
22.8155
49.9609
49.5632
47.6963
42.7815
33.5082
20.3835
7.02442
-3.80836
-12.9552
-21.3841
-28.5283
-34.1455
-43.9162
-67.1269
-92.2635
-94.5698
-94.6808
-94.4617
-93.9514
-93.0577
-91.7318
-90.0167
-88.0124
-85.8149
-83.4765
-80.9886
-78.2625
-75.064
-70.7592
-62.954
-33.2743
48.3937
49.8682
49.0162
46.1288
39.6745
28.879
15.341
2.98169
-7.0751
-15.8749
-24.1181
-30.2694
-36.9751
-50.3323
-80.7934
-94.0723
-94.717
-94.6374
-94.2983
-93.6295
-92.5437
-91.034
-89.1782
-87.0821
-84.8246
-82.4319
-79.864
-76.9829
-73.4393
-68.1812
-56.1302
11.4927
49.9759
49.767
48.4183
44.3854
36.1168
23.5088
9.65549
-1.7631
-11.1826
-19.6649
-27.22
-32.196
-40.025
-57.3347
-88.3001
-94.3739
-94.6933
-94.5383
-94.0972
-93.2823
-92.0267
-90.3587
-88.3781
-86.1901
-83.8587
-81.3867
-78.7
-75.5946
-71.5336
-64.631
-42.2502
46.771
49.8821
49.0857
46.3235
40.0629
29.4652
15.9822
3.51065
-6.62975
-15.4712
-23.7559
-30.0768
-36.6693
-49.628
-79.5736
-93.9801
-94.7074
-94.6459
-94.3284
-93.6947
-92.6567
-91.1984
-89.3879
-87.3271
-85.097
-82.7299
-80.1947
-77.3698
-73.9455
-69.0231
-58.5974
-4.6362
49.9572
49.8822
48.9598
45.795
38.7257
27.084
13.0752
0.936788
-8.87715
-17.4954
-25.4537
-30.7919
-37.6063
-51.4786
-82.2716
-94.1111
-94.7005
-94.5999
-94.2197
-93.4817
-92.3039
-90.697
-88.7552
-86.59
-84.2759
-81.8276
-79.1861
-76.1771
-72.3518
-66.2444
-49.3623
38.831
49.9101
49.2334
46.7258
40.8373
30.5926
17.1791
4.46515
-5.84671
-14.7646
-23.1036
-29.6898
-36.0277
-48.1201
-76.6542
-93.6793
-94.6733
-94.6579
-94.3754
-93.7898
-92.8112
-91.4104
-89.6448
-87.6144
-85.405
-83.0567
-80.5486
-77.7743
-74.4615
-69.8444
-60.7691
-19.5013
49.6067
49.8802
49.0271
46.0871
39.4679
28.4001
14.66
2.32924
-7.66006
-16.4022
-24.5565
-30.4426
-37.1696
-50.6556
-81.2162
-94.0844
-94.7121
-94.6238
-94.2663
-93.5638
-92.4293
-90.8643
-88.9566
-86.8172
-84.5242
-82.0982
-79.4889
-76.5387
-72.8464
-67.151
-52.7416
28.6156
49.9438
49.4347
47.3001
41.9686
32.2669
18.9929
5.90684
-4.68916
-13.7314
-22.1283
-29.0529
-34.9823
-45.7371
-71.4707
-93.0273
-94.6198
-94.6723
-94.4271
-93.8871
-92.9605
-91.6061
-89.8726
-87.8599
-85.6599
-83.3201
-80.8273
-78.0867
-74.851
-70.443
-62.2274
-28.9141
48.2817
49.868
49.012
46.1049
39.6033
28.7389
15.1565
2.81118
-7.22592
-16.0113
-24.2342
-30.32
-37.0402
-50.4588
-80.986
-94.083
-94.717
-94.6339
-94.2885
-93.608
-92.5048
-90.9751
-89.1005
-86.989
-84.7193
-82.3159
-79.7352
-76.8327
-73.2425
-67.8477
-55.0846
17.5199
49.9712
49.6713
48.0592
43.5627
34.7466
21.8268
8.21266
-2.88201
-12.1476
-20.6032
-27.9486
-33.2555
-42.077
-62.5278
-90.9751
-94.4987
-94.6876
-94.4967
-94.0173
-93.1586
-91.8637
-90.1696
-88.1766
-85.985
-83.6521
-81.1746
-78.4708
-75.3219
-71.1439
-63.8112
-38.0608
47.9876
49.8738
49.0443
46.2114
39.847
29.1503
15.6479
3.24159
-6.85345
-15.6739
-23.9401
-30.1791
-36.8371
-50.0229
-80.2776
-94.0373
-94.7141
-94.6419
-94.3126
-93.6607
-92.5983
-91.1145
-89.2825
-87.2058
-84.9645
-82.5876
-80.0399
-77.1924
-73.7182
-68.6536
-57.551
2.43828
49.9719
49.8511
48.79
45.3188
37.7918
25.7304
11.7068
-0.160383
-9.81282
-18.3416
-26.1479
-31.07
-38.0253
-52.4215
-83.5172
-94.1641
-94.697
-94.5847
-94.1892
-93.43
-92.2289
-90.6019
-88.6458
-86.4714
-84.1505
-81.6946
-79.0402
-76.0047
-72.1157
-65.798
-47.5456
42.1165
49.8997
49.1774
46.5719
40.5396
30.1576
16.7151
4.09554
-6.14847
-15.0363
-23.3559
-29.8434
-36.2822
-48.7147
-77.842
-93.8091
-94.6869
-94.6536
-94.3592
-93.7582
-92.7613
-91.3437
-89.5661
-87.5286
-85.3156
-82.9648
-80.4521
-77.6676
-74.3298
-69.6418
-60.2569
-16.0458
49.8072
49.8863
49.0359
46.0826
39.4119
28.2525
14.4412
2.11686
-7.85152
-16.5738
-24.6953
-30.4916
-37.216
-50.7138
-81.266
-94.0807
-94.7092
-94.6194
-94.2578
-93.5482
-92.4044
-90.8298
-88.9141
-86.7688
-84.4714
-82.0416
-79.4271
-76.4674
-72.7525
-66.9859
-52.161
30.824
49.9365
49.387
47.16
41.6882
31.847
18.5322
5.53969
-4.98152
-13.9911
-22.3752
-29.2199
-35.2538
-46.3447
-72.8517
-93.219
-94.6339
-94.669
-94.4151
-93.8648
-92.9267
-91.5625
-89.8228
-87.8075
-85.6072
-83.2677
-80.7743
-78.0301
-74.7839
-70.3444
-61.9967
-27.4778
48.1586
49.8688
49.0145
46.106
39.5939
28.7088
15.1084
2.76255
-7.27028
-16.0513
-24.2672
-30.3325
-37.0528
-50.4765
-81.0068
-94.0834
-94.7166
-94.6327
-94.2856
-93.6018
-92.4937
-90.9583
-89.0784
-86.9626
-84.69
-82.2843
-79.701
-76.7942
-73.1937
-67.7666
-54.8276
18.9018
49.9691
49.6448
47.9669
43.3599
34.4197
21.4393
7.8897
-3.1331
-12.3657
-20.8145
-28.1079
-33.4962
-42.5643
-63.7594
-91.3913
-94.5204
-94.6859
-94.4873
-93.9995
-93.1314
-91.8284
-90.1293
-88.1345
-85.9431
-83.611
-81.1338
-78.4284
-75.2732
-71.0755
-63.6652
-37.2754
48.1056
49.8727
49.039
46.197
39.8193
29.1097
15.6049
3.20674
-6.88257
-15.7004
-23.964
-30.1921
-36.8584
-50.0731
-80.3652
-94.0441
-94.7149
-94.6413
-94.3104
-93.6557
-92.5897
-91.1021
-89.267
-87.1882
-84.9459
-82.5686
-80.0205
-77.1719
-73.694
-68.6166
-57.4468
3.12655
49.9726
49.8468
48.7686
45.2616
37.6842
25.5806
11.5618
-0.274843
-9.9104
-18.4302
-26.2198
-31.0982
-38.069
-52.5227
-83.6457
-94.1697
-94.6967
-94.5832
-94.1862
-93.425
-92.2219
-90.5933
-88.6366
-86.4622
-84.1419
-81.6869
-79.0336
-75.999
-72.1103
-65.7906
-47.5177
42.1567
49.8996
49.1769
46.5706
40.5375
30.1548
16.7125
4.09371
-6.14986
-15.0376
-23.3571
-29.8443
-36.2838
-48.7187
-77.8503
-93.8102
-94.687
-94.6536
-94.3591
-93.758
-92.7611
-91.3437
-89.5665
-87.5298
-85.3178
-82.9685
-80.4578
-77.6762
-74.3432
-69.6658
-60.3218
-16.4867
49.79
49.8855
49.0351
46.0843
39.4216
28.2758
14.4742
2.14833
-7.82336
-16.5486
-24.6749
-30.4843
-37.2087
-50.7036
-81.2553
-94.081
-94.7096
-94.6201
-94.2591
-93.5506
-92.4084
-90.8356
-88.9218
-86.7783
-84.483
-82.0556
-79.4445
-76.4902
-72.786
-67.0492
-52.3922
29.9648
49.9394
49.4053
47.2135
41.7947
32.0058
18.7055
5.67726
-4.8719
-13.8936
-22.2826
-29.1576
-35.1523
-46.1162
-72.3364
-93.1489
-94.6285
-94.6703
-94.4197
-93.8734
-92.94
-91.5799
-89.8434
-87.8303
-85.6317
-83.2943
-80.804
-78.0652
-74.8298
-70.4168
-62.1711
-28.5657
48.256
49.8683
49.0134
46.108
39.6078
28.7434
15.1592
2.81213
-7.22558
-16.011
-24.2336
-30.319
-37.0377
-50.4515
-80.9732
-94.0823
-94.717
-94.6338
-94.2883
-93.6074
-92.5038
-90.9737
-89.0993
-86.9886
-84.7206
-82.3198
-79.7427
-76.8458
-73.2648
-67.8925
-55.2359
16.6785
49.9722
49.6866
48.1137
43.6839
34.9434
22.062
8.40992
-2.72894
-12.015
-20.4745
-27.8504
-33.108
-41.7814
-61.7783
-90.6882
-94.4843
-94.6885
-94.5025
-94.0285
-93.176
-91.887
-90.1975
-88.208
-86.0194
-83.6901
-81.2178
-78.5226
-75.3896
-71.2478
-64.0403
-39.2711
47.7516
49.8761
49.056
46.2444
39.9133
29.2507
15.7586
3.33318
-6.77625
-15.6039
-23.8773
-30.1457
-36.7846
-49.9027
-80.0711
-94.0226
-94.7127
-94.6433
-94.3174
-93.6709
-92.616
-91.1403
-89.3159
-87.2458
-85.0105
-82.6403
-80.1013
-77.2679
-73.8215
-68.8299
-58.0649
-1.0159
49.9667
49.869
48.8835
45.5753
38.2859
26.4341
12.4048
0.395289
-9.33912
-17.9127
-25.7977
-30.932
-37.8148
-51.9427
-82.8947
-94.1372
-94.6986
-94.5923
-94.2046
-93.4564
-92.2676
-90.6518
-88.7048
-86.5377
-84.2238
-81.7765
-79.1352
-76.1231
-72.2854
-66.1285
-48.9105
39.7625
49.9072
49.2179
46.6835
40.7561
30.4748
17.0546
4.3668
-5.92655
-14.8365
-23.1707
-29.7314
-36.097
-48.2823
-76.9841
-93.7163
-94.677
-94.6568
-94.3713
-93.7819
-92.7991
-91.3949
-89.6279
-87.5979
-85.3908
-83.0461
-80.5425
-77.7739
-74.4684
-69.8639
-60.8274
-19.8931
49.5709
49.8795
49.0268
46.0897
39.4791
28.425
14.6943
2.3616
-7.6312
-16.3763
-24.5352
-30.4347
-37.1609
-50.6416
-81.198
-94.0841
-94.7124
-94.6245
-94.2678
-93.5668
-92.4345
-90.8722
-88.9679
-86.8324
-84.544
-82.124
-79.5228
-76.5853
-72.9167
-67.2854
-53.223
26.61
49.9502
49.4791
47.4335
42.238
32.6733
19.4422
6.26519
-4.4057
-13.4807
-21.8887
-28.887
-34.7148
-45.1455
-70.0899
-92.8144
-94.6048
-94.6752
-94.4385
-93.9084
-92.9931
-91.6491
-89.9236
-87.9165
-85.7213
-83.3872
-80.9029
-78.1769
-74.9697
-70.6298
-62.6696
-31.5974
48.3976
49.868
49.0147
46.1223
39.6571
28.8465
15.2994
2.94379
-7.10847
-15.9052
-24.1441
-30.281
-36.9906
-50.3636
-80.8442
-94.076
-94.7174
-94.6366
-94.2954
-93.6229
-92.5318
-91.0165
-89.1565
-87.0584
-84.8013
-82.4111
-79.8472
-76.9715
-73.4342
-68.1849
-56.1571
11.3154
49.9759
49.7693
48.4274
44.407
36.1537
23.5551
9.69596
-1.73195
-11.1559
-19.639
-27.1993
-32.1668
-39.9703
-57.1968
-88.2011
-94.3695
-94.6934
-94.5395
-94.0997
-93.2867
-92.0336
-90.3687
-88.392
-86.2089
-83.8837
-81.42
-78.7451
-75.6588
-71.6363
-64.8543
-43.3288
46.2123
49.8853
49.1021
46.369
40.1531
29.6004
16.1296
3.63165
-6.52859
-15.3796
-23.673
-30.0308
-36.5953
-49.4568
-79.2669
-93.9548
-94.7046
-94.6477
-94.3345
-93.7074
-92.6781
-91.2291
-89.4275
-87.3747
-85.1526
-82.7948
-80.2723
-77.4673
-74.0809
-69.2536
-59.2419
-9.08504
49.9337
49.8929
49.0304
46.0107
39.1763
27.7774
13.8211
1.55033
-8.35256
-17.0225
-25.0595
-30.6258
-37.3648
-50.956
-81.5473
-94.0813
-94.703
-94.609
-94.2378
-93.5131
-92.3509
-90.7587
-88.8295
-86.6749
-84.3714
-81.936
-79.3135
-76.3373
-72.5819
-66.6841
-51.0687
34.4343
49.9243
49.3138
46.9501
41.2738
31.2326
17.8653
5.00953
-5.40657
-14.3701
-22.7335
-29.4553
-35.6397
-47.2222
-74.7749
-93.4609
-94.6533
-94.6638
-94.3966
-93.8304
-92.8744
-91.4948
-89.7455
-87.7263
-85.5259
-83.1875
-80.6941
-77.9459
-74.6855
-70.201
-61.6605
-25.3483
48.4896
49.8708
49.0172
46.1028
39.5689
28.6458
15.0153
2.67172
-7.35229
-16.1254
-24.3287
-30.3565
-37.0788
-50.5173
-81.0568
-94.0842
-94.7158
-94.6308
-94.2812
-93.5928
-92.478
-90.9351
-89.0488
-86.9284
-84.6531
-82.2459
-79.6614
-76.7518
-73.1428
-67.6855
-54.5711
20.235
49.9666
49.6179
47.8757
43.1622
34.1046
21.0699
7.5844
-3.37107
-12.573
-21.015
-28.2574
-33.7245
-43.0329
-64.9357
-91.7334
-94.5389
-94.6842
-94.4783
-93.9828
-93.1061
-91.796
-90.0931
-88.0978
-85.908
-83.5787
-81.1045
-78.4013
-75.246
-71.0421
-63.5984
-36.91
48.1527
49.8724
49.0379
46.1949
39.8167
29.1079
15.605
3.2082
-6.88085
-15.6988
-23.9629
-30.1921
-36.8595
-50.0777
-80.3766
-94.0457
-94.7152
-94.6413
-94.31
-93.6545
-92.5876
-91.0992
-89.264
-87.186
-84.9454
-82.5709
-80.0269
-77.1839
-73.7153
-68.6586
-57.5774
2.25107
49.9717
49.8522
48.7957
45.3341
37.8209
25.7712
11.7466
-0.128795
-9.78587
-18.3171
-26.128
-31.0623
-38.0134
-52.3944
-83.4819
-94.1625
-94.6971
-94.5852
-94.1903
-93.4322
-92.2328
-90.6082
-88.6553
-86.4848
-84.169
-81.7197
-79.0744
-76.0533
-72.1921
-65.9549
-48.2077
41.0555
49.9032
49.1962
46.6239
40.641
30.3071
16.8761
4.22503
-6.04203
-14.9403
-23.2673
-29.7905
-36.1951
-48.5126
-77.4455
-93.7673
-94.6825
-94.6552
-94.365
-93.7697
-92.7799
-91.3694
-89.5981
-87.5661
-85.3586
-83.0142
-80.5106
-77.7406
-74.43
-69.8077
-60.69
-18.9776
49.649
49.8812
49.0294
46.0897
39.4672
28.391
14.6424
2.31051
-7.67746
-16.4178
-24.5688
-30.4463
-37.1714
-50.6534
-81.2058
-94.0829
-94.7117
-94.6234
-94.2658
-93.5631
-92.4286
-90.8642
-88.9584
-86.8221
-84.5338
-82.1144
-79.5141
-76.5775
-72.9094
-67.2765
-53.1974
26.7143
49.9499
49.4767
47.4263
42.2232
32.6506
19.4166
6.24446
-4.42217
-13.4953
-21.9025
-28.8966
-34.73
-45.1787
-70.1686
-92.8269
-94.6056
-94.6751
-94.4379
-93.9073
-92.9915
-91.6474
-89.9222
-87.916
-85.7222
-83.3899
-80.908
-78.1853
-74.9832
-70.6535
-62.7278
-31.9409
48.4019
49.8682
49.016
46.1274
39.6697
28.8691
15.3274
2.96887
-7.08651
-15.8852
-24.1269
-30.2731
-36.9797
-50.3414
-80.8102
-94.0742
-94.7174
-94.637
-94.2966
-93.6254
-92.5361
-91.0231
-89.1656
-87.07
-84.8155
-82.4284
-79.8686
-76.9992
-73.474
-68.2559
-56.3805
9.94292
49.976
49.7861
48.4964
44.5728
36.4407
23.9217
10.022
-1.47886
-10.9389
-19.4275
-27.0308
-31.9306
-39.534
-56.1052
-87.3597
-94.333
-94.6944
-94.5489
-94.118
-93.3156
-92.0726
-90.4152
-88.443
-86.2626
-83.9401
-81.4805
-78.8136
-75.7434
-71.7597
-65.1073
-44.5134
45.4179
49.8887
49.1199
46.4173
40.2459
29.7356
16.2732
3.74662
-6.43357
-15.2936
-23.5941
-29.9856
-36.5207
-49.2811
-78.9405
-93.9244
-94.7009
-94.6492
-94.3407
-93.7205
-92.7
-91.26
-89.4659
-87.419
-85.2018
-82.849
-80.3333
-77.5397
-74.1764
-69.4094
-59.6621
-11.981
49.9027
49.8922
49.0419
46.0646
39.3182
28.0346
14.1354
1.82779
-8.10994
-16.805
-24.8815
-30.557
-37.2808
-50.802
-81.3499
-94.0767
-94.7054
-94.6138
-94.2471
-93.5295
-92.3758
-90.792
-88.8698
-86.721
-84.4227
-81.9933
-79.3793
-76.4181
-72.6949
-66.8934
-51.8434
31.9346
49.9327
49.3638
47.0927
41.5542
31.647
18.3134
5.36509
-5.1214
-14.1156
-22.4932
-29.2981
-35.3811
-46.6317
-73.4899
-93.3012
-94.6401
-94.6673
-94.4092
-93.854
-92.9107
-91.5426
-89.8015
-87.7873
-85.5901
-83.2552
-80.7675
-78.0303
-74.7931
-70.3683
-62.0635
-27.8948
48.1993
49.8688
49.0154
46.1113
39.61
28.7406
15.1502
2.80121
-7.23607
-16.0204
-24.241
-30.3211
-37.0382
-50.4483
-80.9649
-94.0816
-94.7168
-94.6335
-94.2874
-93.6056
-92.5004
-90.9689
-89.0936
-86.983
-84.7164
-82.318
-79.7447
-76.8531
-73.2808
-67.9276
-55.3582
15.9826
49.973
49.6988
48.1578
43.7826
35.1047
22.2562
8.57358
-2.60214
-11.9054
-20.3679
-27.7687
-32.9863
-41.54
-61.1642
-90.4314
-94.4715
-94.6892
-94.5073
-94.0377
-93.1905
-91.9067
-90.2216
-88.2356
-86.0505
-83.7253
-81.2589
-78.5731
-75.4568
-71.3521
-64.269
-40.4504
47.4429
49.8787
49.0691
46.281
39.986
29.3604
15.8785
3.43211
-6.69309
-15.5286
-23.8095
-30.1092
-36.7266
-49.7695
-79.8404
-94.0053
-94.7109
-94.6448
-94.3225
-93.6817
-92.6345
-91.1674
-89.3509
-87.2877
-85.059
-82.6959
-80.1666
-77.3488
-73.9321
-69.0177
-58.6015
-4.68118
49.957
49.8824
48.9608
45.7982
38.7325
27.0946
13.0866
0.946136
-8.86914
-17.4883
-25.4478
-30.7897
-37.6031
-51.4717
-82.2612
-94.1105
-94.7005
-94.6002
-94.2204
-93.4835
-92.3076
-90.7038
-88.7664
-86.607
-84.3007
-81.8626
-79.2353
-76.2479
-72.4639
-66.471
-50.2664
36.6743
49.917
49.2723
46.8343
41.0486
30.903
17.5126
4.73069
-5.63108
-14.5711
-22.9227
-29.5768
-35.8412
-47.6878
-75.7627
-93.5777
-94.6636
-94.6609
-94.3861
-93.8105
-92.8439
-91.455
-89.6997
-87.6779
-85.4771
-83.1392
-80.6457
-77.8951
-74.6261
-70.1143
-61.4541
-24.0213
48.884
49.8727
49.0187
46.0986
39.5475
28.5961
14.9446
2.60399
-7.41299
-16.18
-24.374
-30.3742
-37.0984
-50.5489
-81.0947
-94.0847
-94.7152
-94.6295
-94.2783
-93.587
-92.4683
-90.9212
-89.0312
-86.9084
-84.6317
-82.2241
-79.6392
-76.7285
-73.1152
-67.6423
-54.435
20.9236
49.9652
49.6036
47.828
43.0598
33.9427
20.8817
7.42961
-3.49189
-12.6784
-21.1168
-28.3326
-33.8403
-43.273
-65.534
-91.8894
-94.5476
-94.6833
-94.4738
-93.9743
-93.0934
-91.7799
-90.0753
-88.0799
-85.8914
-83.564
-81.0919
-78.3906
-75.2368
-71.0328
-63.5821
-36.8196
48.1637
49.8724
49.0383
46.1965
39.8208
29.1155
15.6148
3.21714
-6.87297
-15.6917
-23.9568
-30.1892
-36.8556
-50.07
-80.3658
-94.0455
-94.7153
-94.6414
-94.3101
-93.6548
-92.5879
-91.0999
-89.2653
-87.1884
-84.9494
-82.5771
-80.0361
-77.1977
-73.7369
-68.6987
-57.6991
1.43808
49.9706
49.8569
48.8195
45.3983
37.9431
25.9432
11.9152
0.00473752
-9.67211
-18.2141
-26.0443
-31.0298
-37.9635
-52.2802
-83.3354
-94.1561
-94.6974
-94.587
-94.194
-93.4387
-92.2425
-90.621
-88.671
-86.5034
-84.1907
-81.7452
-79.1057
-76.0941
-72.2526
-66.0747
-48.7034
40.16
49.906
49.2117
46.6666
40.7241
30.429
17.0067
4.32926
-5.95685
-14.8637
-23.1961
-29.7473
-36.1238
-48.3459
-77.1139
-93.731
-94.6786
-94.6564
-94.3696
-93.7788
-92.7943
-91.3891
-89.6222
-87.5936
-85.3889
-83.0479
-80.5491
-77.7871
-74.4918
-69.908
-60.9466
-20.6926
49.4857
49.8782
49.0253
46.0924
39.4955
28.4645
14.7512
2.41612
-7.58232
-16.3324
-24.4993
-30.4213
-37.147
-50.6206
-81.1732
-94.084
-94.713
-94.6256
-94.2702
-93.5715
-92.4425
-90.8842
-88.9841
-86.853
-84.5697
-82.1558
-79.5629
-76.6384
-72.995
-67.4322
-53.7345
24.3184
49.9569
49.5301
47.591
42.5613
33.1667
19.9947
6.70893
-4.05625
-13.1729
-21.5933
-28.6783
-34.3817
-44.4206
-68.3566
-92.5113
-94.585
-94.6786
-94.4522
-93.9339
-93.032
-91.7003
-89.9837
-87.9826
-85.792
-83.4632
-80.9872
-78.2758
-75.0976
-70.8281
-63.1281
-34.2753
48.3633
49.8697
49.0242
46.1554
39.7351
28.9812
15.463
3.08872
-6.98241
-15.7909
-24.0448
-30.2344
-36.9247
-50.226
-80.6264
-94.0632
-94.7168
-94.6392
-94.3029
-93.639
-92.5603
-91.0593
-89.2131
-87.1273
-84.8813
-82.5028
-79.954
-77.1024
-73.613
-68.494
-57.1017
5.36936
49.9744
49.8306
48.6915
45.06
37.3105
25.0687
11.074
-0.658501
-10.2376
-18.7435
-26.4765
-31.1983
-38.2273
-52.8935
-84.1074
-94.1903
-94.6959
-94.5781
-94.1759
-93.4081
-92.1983
-90.5651
-88.6066
-86.4332
-84.116
-81.6654
-79.0173
-75.9886
-72.1062
-65.7948
-47.5475
42.1083
49.8999
49.1786
46.5758
40.5487
30.1729
16.7337
4.11178
-6.1346
-15.0238
-23.3447
-29.8375
-36.2734
-48.6958
-77.8076
-93.8064
-94.6867
-94.6539
-94.3598
-93.7596
-92.7639
-91.3483
-89.5737
-87.5404
-85.3331
-82.9899
-80.4876
-77.7183
-74.4062
-69.7756
-60.6146
-18.473
49.6848
49.8822
49.031
46.0901
39.4615
28.3738
14.6156
2.28379
-7.70173
-16.4395
-24.5863
-30.4524
-37.1768
-50.659
-81.2082
-94.082
-94.7113
-94.6229
-94.2648
-93.5614
-92.4261
-90.8611
-88.9552
-86.8196
-84.5327
-82.1154
-79.5182
-76.5859
-72.925
-67.3096
-53.3184
26.1864
49.9515
49.4885
47.4621
42.2961
32.7609
19.539
6.34236
-4.34503
-13.4272
-21.8374
-28.8509
-34.6565
-45.0168
-69.7843
-92.7639
-94.6014
-94.6758
-94.441
-93.9131
-93.0005
-91.6595
-89.9369
-87.933
-85.7415
-83.4121
-80.9344
-78.2182
-75.0279
-70.7251
-62.8961
-32.9321
48.4005
49.8688
49.0195
46.14
39.7002
28.9226
15.3931
3.02766
-7.03521
-15.8387
-24.0866
-30.2544
-36.9537
-50.2878
-80.7269
-94.0696
-94.7173
-94.6381
-94.2995
-93.6316
-92.5473
-91.04
-89.1881
-87.0978
-84.8484
-82.4669
-79.9143
-77.0565
-73.5535
-68.3951
-56.8071
7.26156
49.9754
49.8142
48.6172
44.8709
36.9677
24.6097
10.6466
-0.992748
-10.5231
-19.0221
-26.7038
-31.4831
-38.7266
-54.108
-85.4863
-94.2517
-94.6957
-94.5668
-94.1532
-93.3717
-92.1487
-90.506
-88.5424
-86.3669
-84.0486
-81.596
-78.9426
-75.901
-71.9852
-65.5599
-46.5415
43.4571
49.8957
49.1564
46.5161
40.4353
30.0101
16.5633
3.97764
-6.2438
-15.1222
-23.4361
-29.8925
-36.3661
-48.916
-78.2415
-93.8537
-94.6923
-94.6522
-94.353
-93.7457
-92.7415
-91.3177
-89.5369
-87.4997
-85.29
-82.9448
-80.4396
-77.6645
-74.3389
-69.6713
-60.3498
-16.6852
49.7815
49.8853
49.0352
46.0867
39.4299
28.2929
14.497
2.16928
-7.80483
-16.532
-24.6613
-30.4791
-37.2029
-50.6935
-81.2407
-94.0804
-94.7098
-94.6206
-94.2603
-93.5531
-92.4128
-90.8428
-88.9326
-86.7937
-84.5042
-82.0845
-79.484
-76.5459
-72.872
-67.2166
-52.9978
27.5489
49.9472
49.4582
47.3702
42.1091
32.4773
19.2237
6.08984
-4.54471
-13.6037
-22.0061
-28.9683
-34.8449
-45.4307
-70.7589
-92.9194
-94.612
-94.6738
-94.4331
-93.8984
-92.9783
-91.6308
-89.904
-87.8981
-85.7059
-83.3762
-80.8973
-78.1779
-74.979
-70.6529
-62.7318
-31.9636
48.4024
49.8684
49.0172
46.1313
39.6789
28.8846
15.3461
2.98541
-7.07213
-15.8722
-24.1155
-30.2677
-36.9721
-50.3255
-80.7858
-94.0731
-94.7174
-94.6373
-94.2972
-93.6266
-92.5383
-91.0265
-89.1706
-87.0771
-84.8253
-82.4417
-79.8866
-77.0244
-73.512
-68.326
-56.6002
8.56656
49.9758
49.8012
48.5607
44.7301
36.7169
24.2797
10.3445
-1.22813
-10.7243
-19.2184
-26.8627
-31.6981
-39.1112
-55.0558
-86.4326
-94.2929
-94.6952
-94.5582
-94.1363
-93.3448
-92.1123
-90.463
-88.496
-86.3193
-84.0005
-81.5467
-78.8897
-75.8388
-71.8992
-65.392
-45.8034
44.2744
49.893
49.1424
46.4786
40.3642
29.9081
16.4566
3.8936
-6.31246
-15.1842
-23.4937
-29.927
-36.4241
-49.0544
-78.5114
-93.8822
-94.6958
-94.6512
-94.3485
-93.7364
-92.7263
-91.2968
-89.5117
-87.4716
-85.2603
-82.9138
-80.4066
-77.6276
-74.2928
-69.5994
-60.1653
-15.4323
49.8278
49.8873
49.0377
46.083
39.4048
28.2313
14.4083
2.08441
-7.88093
-16.6001
-24.7162
-30.4986
-37.222
-50.7189
-81.2649
-94.0792
-94.7086
-94.6189
-94.257
-93.5471
-92.4035
-90.83
-88.917
-86.776
-84.485
-82.0639
-79.4614
-76.5197
-72.8375
-67.1557
-52.7862
28.4126
49.9445
49.4391
47.3131
41.9938
32.3034
19.0314
5.93627
-4.66634
-13.7113
-22.1088
-29.0391
-34.9592
-45.6844
-71.348
-93.0084
-94.6183
-94.6725
-94.4281
-93.8892
-92.9645
-91.6129
-89.8835
-87.8765
-85.684
-83.3541
-80.8747
-78.1535
-74.9497
-70.6097
-62.6329
-31.3756
48.3941
49.8683
49.0162
46.1272
39.6677
28.8637
15.3193
2.96091
-7.09372
-15.8918
-24.1323
-30.2753
-36.9821
-50.3453
-80.8161
-94.0748
-94.7174
-94.6368
-94.2959
-93.6237
-92.5331
-91.0188
-89.1605
-87.0652
-84.812
-82.4273
-79.8709
-77.0064
-73.4891
-68.2881
-56.4867
9.27722
49.9759
49.7936
48.5281
44.6499
36.5755
24.0957
10.178
-1.35774
-10.8352
-19.3265
-26.9496
-31.8181
-39.3288
-55.595
-86.924
-94.3141
-94.6948
-94.5534
-94.1269
-93.3299
-92.0923
-90.4395
-88.4709
-86.2937
-83.9749
-81.5206
-78.862
-75.8066
-71.855
-65.3048
-45.4142
44.6544
49.8917
49.1357
46.4607
40.3303
29.8597
16.4061
3.85394
-6.34479
-15.2134
-23.5207
-29.9432
-36.4512
-49.1192
-78.6362
-93.8952
-94.6974
-94.6506
-94.3463
-93.7319
-92.7189
-91.2866
-89.4994
-87.458
-85.2459
-82.8988
-80.3909
-77.6102
-74.2714
-69.5664
-60.0806
-14.8552
49.8449
49.8882
49.0387
46.0809
39.3923
28.2016
14.366
2.04404
-7.91711
-16.6325
-24.7424
-30.508
-37.2313
-50.7318
-81.2777
-94.0787
-94.7081
-94.6181
-94.2554
-93.5444
-92.3992
-90.8243
-88.9101
-86.7683
-84.4768
-82.0553
-79.4522
-76.5094
-72.8242
-67.1328
-52.7072
28.7261
49.9434
49.4322
47.2927
41.9527
32.2416
18.9632
5.88173
-4.70972
-13.7498
-22.1455
-29.0641
-34.9996
-45.7743
-71.5542
-93.0385
-94.6204
-94.672
-94.4264
-93.886
-92.9595
-91.6066
-89.8764
-87.869
-85.6766
-83.347
-80.8677
-78.1462
-74.9414
-70.598
-62.6067
-31.2179
48.3906
49.8683
49.0161
46.1265
39.6656
28.8595
15.3138
2.95572
-7.09832
-15.8959
-24.1359
-30.2768
-36.9841
-50.349
-80.8216
-94.0751
-94.7174
-94.6367
-94.2956
-93.623
-92.5318
-91.0169
-89.1582
-87.0626
-84.8093
-82.4245
-79.8682
-77.0038
-73.4862
-68.2841
-56.4754
9.34634
49.9759
49.7928
48.5248
44.642
36.5616
24.0776
10.1617
-1.37046
-10.8461
-19.3371
-26.9581
-31.8299
-39.3503
-55.6486
-86.971
-94.3162
-94.6947
-94.5529
-94.126
-93.3284
-92.0905
-90.4374
-88.4688
-86.2919
-83.9734
-81.5195
-78.8613
-75.8065
-71.8555
-65.3066
-45.423
44.646
49.8918
49.136
46.4616
40.3322
29.8627
16.4095
3.85686
-6.34232
-15.2112
-23.5187
-29.9421
-36.4495
-49.1155
-78.6297
-93.8946
-94.6974
-94.6507
-94.3464
-93.7321
-92.7193
-91.2872
-89.5001
-87.459
-85.2472
-82.9005
-80.3932
-77.6133
-74.2759
-69.5743
-60.1018
-15.0007
49.8408
49.888
49.0385
46.0815
39.3958
28.2095
14.3772
2.05469
-7.90757
-16.6239
-24.7355
-30.5055
-37.2287
-50.7281
-81.2737
-94.0788
-94.7082
-94.6183
-94.2558
-93.5452
-92.4005
-90.8261
-88.9124
-86.7711
-84.4802
-82.0592
-79.4571
-76.5157
-72.8334
-67.1501
-52.7686
28.481
49.9442
49.4376
47.3086
41.9847
32.2897
19.0162
5.92403
-4.67611
-13.72
-22.117
-29.0447
-34.9682
-45.7043
-71.3936
-93.0151
-94.6187
-94.6724
-94.4277
-93.8885
-92.9634
-91.6116
-89.8823
-87.8756
-85.6836
-83.3545
-80.876
-78.1559
-74.954
-70.6175
-62.6524
-31.4927
48.3963
49.8683
49.0167
46.1289
39.6721
28.8716
15.3291
2.96978
-7.08595
-15.8847
-24.1262
-30.2725
-36.9783
-50.3376
-80.8043
-94.0742
-94.7174
-94.637
-94.2963
-93.6245
-92.5345
-91.0211
-89.1637
-87.0692
-84.8171
-82.4335
-79.8787
-77.0166
-73.5036
-68.3142
-56.5675
8.76908
49.9758
49.7991
48.5515
44.7074
36.6767
24.2271
10.2969
-1.26523
-10.756
-19.2493
-26.8875
-31.7322
-39.1728
-55.2074
-86.574
-94.299
-94.6951
-94.5568
-94.1337
-93.3406
-92.1069
-90.4569
-88.49
-86.314
-83.9962
-81.5436
-78.8879
-75.8387
-71.9012
-65.3983
-45.8325
44.2443
49.8932
49.1434
46.4814
40.37
29.9174
16.4673
3.90269
-6.30476
-15.1773
-23.4874
-29.9235
-36.4187
-49.0425
-78.4897
-93.8804
-94.6957
-94.6513
-94.3488
-93.7371
-92.7275
-91.2985
-89.514
-87.4747
-85.2643
-82.919
-80.4135
-77.637
-74.3065
-69.6233
-60.2295
-15.8733
49.8131
49.8866
49.0369
46.0847
39.4146
28.2546
14.4414
2.11588
-7.85276
-16.5749
-24.6958
-30.4913
-37.2146
-50.7086
-81.2542
-94.0795
-94.709
-94.6195
-94.2582
-93.5495
-92.4073
-90.8354
-88.924
-86.7846
-84.4952
-82.076
-79.4763
-76.5389
-72.8652
-67.2077
-52.9711
27.6547
49.9469
49.4558
47.3631
42.0946
32.4552
19.199
6.06981
-4.5607
-13.6179
-22.0196
-28.9776
-34.8597
-45.4633
-70.8341
-92.9308
-94.6127
-94.6736
-94.4324
-93.8972
-92.9766
-91.6288
-89.9022
-87.897
-85.7059
-83.3776
-80.9006
-78.1836
-74.9886
-70.6701
-62.7742
-32.2139
48.4039
49.8686
49.0183
46.1353
39.6886
28.9018
15.3672
3.00433
-7.05561
-15.8572
-24.1026
-30.2617
-36.9638
-50.3084
-80.7595
-94.0717
-94.7174
-94.6376
-94.2981
-93.6284
-92.5415
-91.0315
-89.1774
-87.0858
-84.836
-82.4547
-79.9028
-77.0455
-73.5422
-68.3799
-56.7662
7.51713
49.9755
49.8117
48.6064
44.8439
36.9193
24.5455
10.5873
-1.03903
-10.5626
-19.0606
-26.735
-31.5238
-38.7991
-54.2859
-85.6721
-94.2598
-94.6956
-94.5651
-94.15
-93.3667
-92.1422
-90.4989
-88.5356
-86.3612
-84.0446
-81.5941
-78.9433
-75.9049
-71.9943
-65.5816
-46.6389
43.3383
49.8962
49.159
46.5237
40.4506
30.0335
16.5893
3.99926
-6.22572
-15.1059
-23.4212
-29.884
-36.3527
-48.8854
-78.1844
-93.8484
-94.6918
-94.6525
-94.3539
-93.7475
-92.7445
-91.322
-89.5425
-87.5067
-85.2987
-82.9557
-80.4535
-77.6828
-74.3651
-69.7159
-60.4684
-17.4926
49.743
49.8839
49.0335
46.089
39.446
28.3325
14.5542
2.22403
-7.75567
-16.4879
-24.6255
-30.4663
-37.1901
-50.676
-81.2228
-94.0809
-94.7105
-94.6217
-94.2625
-93.5573
-92.4197
-90.8525
-88.9452
-86.8091
-84.5226
-82.1063
-79.5105
-76.5799
-72.921
-67.3072
-53.3168
26.1877
49.9515
49.4885
47.4619
42.2956
32.7598
19.5374
6.34083
-4.34638
-13.4285
-21.8385
-28.8516
-34.6574
-45.0185
-69.7879
-92.7643
-94.6014
-94.6758
-94.4409
-93.913
-93.0006
-91.66
-89.9381
-87.9354
-85.7456
-83.4185
-80.9438
-78.2318
-75.0484
-70.76
-62.9792
-33.415
48.3921
49.8692
49.0219
46.1482
39.7193
28.9552
15.4326
3.06242
-7.00504
-15.8114
-24.0627
-30.2431
-36.9376
-50.254
-80.6732
-94.0665
-94.7172
-94.6387
-94.3012
-93.6351
-92.5533
-91.0492
-89.2005
-87.1134
-84.8673
-82.4895
-79.9421
-77.092
-73.6038
-68.4841
-57.0786
5.51179
49.9745
49.8294
48.6862
45.0463
37.2854
25.0348
11.0419
-0.683686
-10.2591
-18.7645
-26.4937
-31.2186
-38.2625
-52.9785
-84.2104
-94.1949
-94.6959
-94.5773
-94.1744
-93.4058
-92.1956
-90.5626
-88.6052
-86.4336
-84.1189
-81.6715
-79.0277
-76.0052
-72.1344
-65.8547
-47.8034
41.715
49.9012
49.1858
46.5959
40.5882
30.2316
16.7974
4.16338
-6.09203
-14.9854
-23.3094
-29.8166
-36.2393
-48.617
-77.6547
-93.7906
-94.6851
-94.6545
-94.3621
-93.7641
-92.7712
-91.3585
-89.5866
-87.5558
-85.3512
-83.0112
-80.5135
-77.7512
-74.452
-69.852
-60.8126
-19.8025
49.5792
49.8798
49.0279
46.0928
39.485
28.4337
14.7034
2.36885
-7.62515
-16.3708
-24.5303
-30.4323
-37.157
-50.6322
-81.181
-94.0828
-94.7124
-94.6247
-94.2684
-93.5682
-92.4373
-90.8773
-88.9763
-86.8453
-84.563
-82.151
-79.5609
-76.6403
-73.0026
-67.4518
-53.8093
23.9635
49.9578
49.5379
47.6156
42.6122
33.2448
20.0824
6.77937
-4.00117
-13.1245
-21.5467
-28.6448
-34.3286
-44.306
-68.0777
-92.4575
-94.5816
-94.6791
-94.4543
-93.938
-93.0384
-91.7091
-89.9948
-87.996
-85.808
-83.4824
-81.0109
-78.3065
-75.14
-70.8965
-63.2871
-35.1769
48.3141
49.8707
49.0298
46.1726
39.773
29.043
15.5352
3.15098
-6.92893
-15.7425
-24.0022
-30.2132
-36.8934
-50.1574
-80.5148
-94.0564
-94.7165
-94.6402
-94.306
-93.6456
-92.5718
-91.0765
-89.236
-87.1554
-84.9146
-82.5418
-80.0006
-77.1609
-73.6945
-68.6352
-57.5229
2.60115
49.972
49.8501
48.7851
45.3056
37.767
25.696
11.6735
-0.186786
-9.83536
-18.3621
-26.1645
-31.0766
-38.0356
-52.4455
-83.5474
-94.1653
-94.6969
-94.5844
-94.189
-93.4304
-92.231
-90.6074
-88.6568
-86.4899
-84.1792
-81.7365
-79.1003
-76.0928
-72.2568
-66.0896
-48.7703
40.0291
49.9065
49.2143
46.6742
40.7393
30.4521
17.0322
4.35027
-5.93949
-14.8481
-23.1818
-29.7388
-36.1102
-48.3146
-77.0518
-93.7245
-94.678
-94.6567
-94.3705
-93.7806
-92.7974
-91.3937
-89.6285
-87.6021
-85.4002
-83.0628
-80.5689
-77.8142
-74.5313
-69.9757
-61.122
-21.8531
49.3289
49.8762
49.023
46.0955
39.5169
28.517
14.8275
2.48958
-7.51626
-16.2729
-24.4505
-30.403
-37.1281
-50.5923
-81.1407
-94.084
-94.7139
-94.6272
-94.2735
-93.5779
-92.4532
-90.8998
-89.0049
-86.8789
-84.6008
-82.193
-79.6084
-76.697
-73.0792
-67.5868
-54.2622
21.7813
49.9633
49.5855
47.7682
42.9324
33.7421
20.6498
7.2396
-3.64056
-12.8084
-21.2423
-28.4245
-33.983
-43.5717
-66.2748
-92.0702
-94.558
-94.6821
-94.4682
-93.9639
-93.0778
-91.7603
-90.0539
-88.0591
-85.8728
-83.5488
-81.0806
-78.3836
-75.2346
-71.0364
-63.5968
-36.8999
48.1546
49.8728
49.0404
46.2034
39.8365
29.1417
15.646
3.24443
-6.84939
-15.6702
-23.938
-30.1798
-36.842
-50.041
-80.3204
-94.0431
-94.7153
-94.6418
-94.3111
-93.6568
-92.5914
-91.1052
-89.2728
-87.1986
-84.9629
-82.595
-80.0599
-77.2304
-73.7857
-68.7864
-57.9597
-0.320151
49.9679
49.8658
48.8665
45.5278
38.1932
26.3001
12.27
0.287541
-9.43095
-17.9957
-25.8659
-30.9592
-37.856
-52.036
-83.0173
-94.1423
-94.6982
-94.5909
-94.202
-93.4525
-92.263
-90.648
-88.7038
-86.5413
-84.2341
-81.7956
-79.1663
-76.1722
-72.367
-66.2988
-49.6067
38.2746
49.912
49.2445
46.7573
40.9001
30.6869
17.2828
4.54932
-5.77761
-14.7025
-23.046
-29.6549
-35.9713
-47.9913
-76.3931
-93.651
-94.6707
-94.6589
-94.3788
-93.7966
-92.8225
-91.4272
-89.6682
-87.6455
-85.4461
-83.1108
-80.6203
-77.8724
-74.6046
-70.0892
-61.4011
-23.6787
48.9712
49.8733
49.0198
46.1
39.5472
28.5917
14.9361
2.59475
-7.42159
-16.1878
-24.3801
-30.3762
-37.0996
-50.5486
-81.0905
-94.084
-94.715
-94.6293
-94.278
-93.5866
-92.4677
-90.9209
-89.0319
-86.9108
-84.6369
-82.2332
-79.6539
-76.7514
-73.1526
-67.7154
-54.6861
19.62
49.9677
49.6304
47.9177
43.2527
34.2477
21.2361
7.7208
-3.26505
-12.4806
-20.9256
-28.1907
-33.6222
-42.8214
-64.4051
-91.5848
-94.5307
-94.685
-94.4823
-93.9904
-93.1183
-91.813
-90.1148
-88.1241
-85.9397
-83.6171
-81.1521
-78.4627
-75.3313
-71.1786
-63.9072
-38.573
47.8976
49.8754
49.0535
46.2397
39.9086
29.2503
15.7646
3.34214
-6.76721
-15.5957
-23.871
-30.144
-36.7852
-49.91
-80.0936
-94.0265
-94.7136
-94.6434
-94.3166
-93.6687
-92.6121
-91.1353
-89.3112
-87.2435
-85.0129
-82.6497
-80.1205
-77.3013
-73.878
-68.9383
-58.3904
-3.24541
49.9614
49.8777
48.9329
45.7166
38.5672
26.8472
12.8283
0.736505
-9.04807
-17.6498
-25.5814
-30.8446
-37.6847
-51.6523
-82.5051
-94.1205
-94.6998
-94.5972
-94.2147
-93.474
-92.2944
-90.6879
-88.7499
-86.5917
-84.2878
-81.8534
-79.2306
-76.249
-72.4733
-66.4975
-50.379
36.3748
49.9181
49.2783
46.8511
41.0818
30.9525
17.5665
4.7742
-5.59564
-14.5393
-22.893
-29.5583
-35.811
-47.6185
-75.6197
-93.5616
-94.6622
-94.6613
-94.3877
-93.8137
-92.8491
-91.4626
-89.7098
-87.6909
-85.4936
-83.1604
-80.6732
-77.932
-74.6793
-70.2041
-61.6811
-25.4832
48.443
49.8709
49.0187
46.1085
39.5832
28.6713
15.0468
2.69969
-7.32786
-16.1033
-24.3097
-30.3482
-37.0675
-50.494
-81.0202
-94.0824
-94.7159
-94.6314
-94.2825
-93.5955
-92.4828
-90.943
-89.0605
-86.945
-84.6758
-82.2766
-79.703
-76.8101
-73.2313
-67.8521
-55.1295
17.2411
49.9715
49.6763
48.0769
43.6015
34.8085
21.8994
8.27234
-2.83625
-12.1081
-20.5647
-27.9189
-33.2103
-41.9853
-62.2943
-90.8879
-94.4942
-94.6878
-94.4985
-94.021
-93.1652
-91.8743
-90.1856
-88.1998
-86.0174
-83.6965
-81.2349
-78.5538
-75.4417
-71.3392
-64.2507
-40.3585
47.4706
49.8788
49.0702
46.2854
39.9973
29.3807
15.9042
3.45549
-6.67262
-15.51
-23.7932
-30.1012
-36.7155
-49.7474
-79.8066
-94.0041
-94.7111
-94.6451
-94.3231
-93.6827
-92.6363
-91.1702
-89.3554
-87.2948
-85.0695
-82.7113
-80.1886
-77.3805
-73.9808
-69.1057
-58.8552
-6.43424
49.9498
49.8871
48.9913
45.8897
38.9215
27.3821
13.3921
1.19596
-8.65574
-17.2958
-25.2879
-30.7232
-37.5055
-51.2578
-81.9662
-94.0981
-94.7015
-94.6039
-94.2279
-93.4966
-92.3274
-90.7302
-88.7989
-86.6454
-84.3452
-81.915
-79.2989
-76.3304
-72.5849
-66.7042
-51.1613
34.1436
49.9254
49.3201
46.9683
41.31
31.2869
17.9249
5.0576
-5.36762
-14.3353
-22.7009
-29.4346
-35.6063
-47.1462
-74.6137
-93.4417
-94.6516
-94.6643
-94.3983
-93.8337
-92.88
-91.5032
-89.7573
-87.7423
-85.5472
-83.216
-80.7322
-77.9983
-74.7621
-70.3309
-61.9847
-27.4043
48.1515
49.8693
49.0175
46.1158
39.6158
28.7452
15.1512
2.79967
-7.23824
-16.0223
-24.242
-30.3206
-37.0353
-50.4386
-80.9465
-94.0803
-94.7167
-94.6334
-94.2872
-93.6049
-92.4993
-90.9676
-89.0929
-86.984
-84.7204
-82.3266
-79.7597
-76.8776
-73.3216
-68.0081
-55.6269
14.4341
49.9743
49.7243
48.2526
43.9979
35.4606
22.6893
8.94222
-2.31655
-11.6588
-20.1282
-27.5834
-32.715
-41.0102
-59.8208
-89.7996
-94.4414
-94.6907
-94.5179
-94.0582
-93.2225
-91.9497
-90.2732
-88.2934
-86.1133
-83.794
-81.3363
-78.665
-75.5757
-71.5324
-64.6551
-42.3758
46.7127
49.8834
49.0929
46.3464
40.114
29.5502
16.0834
3.59909
-6.55372
-15.4023
-23.6949
-30.0453
-36.6228
-49.5284
-79.4099
-93.9704
-94.707
-94.6472
-94.3314
-93.7006
-92.6668
-91.2138
-89.4101
-87.3578
-85.1387
-82.7862
-80.271
-77.4758
-74.1038
-69.3045
-59.3951
-10.1538
49.9242
49.8943
49.0425
46.0505
39.2642
27.919
13.98
1.68414
-8.23753
-16.919
-24.9732
-30.5893
-37.3141
-50.8508
-81.3997
-94.0753
-94.7036
-94.6111
-94.2423
-93.5212
-92.3638
-90.7771
-88.8538
-86.7058
-84.4102
-81.9848
-79.3763
-76.4225
-72.7104
-66.9332
-52.0034
31.3622
49.9346
49.3758
47.1271
41.622
31.7471
18.4214
5.45027
-5.05347
-14.0551
-22.4357
-29.2597
-35.3179
-46.4878
-73.1689
-93.2597
-94.6369
-94.6681
-94.4121
-93.8596
-92.9196
-91.555
-89.8175
-87.8072
-85.6145
-83.2854
-80.8057
-78.0805
-74.8641
-70.4859
-62.3507
-29.6694
48.3299
49.8684
49.0157
46.1205
39.6442
28.8143
15.252
2.8975
-7.15021
-15.9429
-24.1756
-30.2937
-37.0049
-50.3874
-80.8774
-94.0779
-94.7173
-94.6355
-94.2923
-93.6159
-92.5191
-90.9978
-89.1334
-87.0334
-84.7772
-82.3906
-79.8323
-76.9641
-73.4371
-68.2054
-56.2406
10.7869
49.9759
49.7759
48.4544
44.4712
36.2639
23.6948
9.81925
-1.63642
-11.074
-19.5591
-27.1355
-32.0767
-39.8031
-56.7776
-87.8912
-94.3559
-94.6937
-94.5431
-94.1068
-93.2984
-92.0506
-90.3912
-88.4201
-86.2434
-83.9263
-81.4734
-78.8144
-75.7544
-71.7862
-65.1724
-44.8172
45.1769
49.89
49.1268
46.4375
40.2875
29.8002
16.346
3.80776
-6.38203
-15.247
-23.552
-29.9624
-36.4845
-49.1999
-78.7936
-93.9122
-94.6997
-94.65
-94.3434
-93.7258
-92.7089
-91.2729
-89.4831
-87.4408
-85.2289
-82.8829
-80.3765
-77.5971
-74.2588
-69.5514
-60.0472
-14.6329
49.8508
49.8886
49.0392
46.0803
39.3883
28.1915
14.3513
2.02991
-7.92981
-16.6438
-24.7515
-30.5112
-37.2344
-50.7357
-81.2806
-94.0784
-94.7079
-94.6178
-94.255
-93.5438
-92.3985
-90.8238
-88.9103
-86.7698
-84.4801
-82.0611
-79.4616
-76.524
-72.8481
-67.1809
-52.8826
28.0147
49.9457
49.4479
47.3392
42.0463
32.3821
19.1178
6.00489
-4.61211
-13.6633
-22.063
-29.0074
-34.9078
-45.5696
-71.0807
-92.9684
-94.6154
-94.673
-94.4303
-93.8934
-92.971
-91.6218
-89.8946
-87.8897
-85.6997
-83.3729
-80.8977
-78.183
-74.9908
-70.6766
-62.7923
-32.3203
48.4044
49.8687
49.0191
46.1383
39.6958
28.9142
15.3824
3.01778
-7.0439
-15.8465
-24.0933
-30.2574
-36.9577
-50.2958
-80.7401
-94.0707
-94.7174
-94.6378
-94.2986
-93.6295
-92.5435
-91.0346
-89.1819
-87.0917
-84.8437
-82.4646
-79.9157
-77.063
-73.568
-68.4266
-56.9107
6.59079
49.9751
49.8203
48.6445
44.9397
37.0916
24.7744
10.7987
-0.874034
-10.4216
-18.9231
-26.6232
-31.381
-38.5466
-53.6682
-85.0094
-94.2306
-94.6958
-94.5708
-94.1614
-93.3851
-92.1675
-90.5295
-88.5698
-86.3978
-84.0836
-81.6365
-78.9918
-75.9651
-72.0812
-65.7545
-47.382
42.3494
49.8994
49.1759
46.5697
40.5388
30.1616
16.725
4.1071
-6.13751
-15.0264
-23.3477
-29.8402
-36.2796
-48.7132
-77.847
-93.8124
-94.6876
-94.6538
-94.3592
-93.7583
-92.7619
-91.346
-89.5719
-87.5402
-85.3354
-82.9958
-80.4985
-77.7361
-74.4353
-69.8286
-60.7567
-19.4327
49.6122
49.8805
49.0289
46.0927
39.4801
28.4198
14.6822
2.34808
-7.64393
-16.3877
-24.544
-30.4371
-37.1614
-50.6374
-81.1846
-94.0824
-94.7121
-94.6243
-94.2676
-93.5668
-92.4351
-90.8744
-88.973
-86.8421
-84.5603
-82.1492
-79.5604
-76.6415
-73.0065
-67.4614
-53.8458
23.7884
49.9583
49.5418
47.6278
42.6374
33.2835
20.126
6.81429
-3.97386
-13.1006
-21.5237
-28.6282
-34.3021
-44.2494
-67.9402
-92.4304
-94.5799
-94.6793
-94.4554
-93.9399
-93.0415
-91.7134
-90.0001
-88.0023
-85.8154
-83.4913
-81.0218
-78.3204
-75.1592
-70.9274
-63.3585
-35.5796
48.285
49.8712
49.0325
46.181
39.7909
29.0717
15.5683
3.17948
-6.90448
-15.7203
-23.9826
-30.2033
-36.8786
-50.1245
-80.4611
-94.053
-94.7162
-94.6407
-94.3074
-93.6486
-92.577
-91.0842
-89.2462
-87.1678
-84.9292
-82.5589
-80.021
-77.1865
-73.7301
-68.6967
-57.7046
1.38962
49.9705
49.8571
48.8208
45.4021
37.9505
25.9536
11.9255
0.0129038
-9.66514
-18.2078
-26.0392
-31.0278
-37.9605
-52.2734
-83.3263
-94.1556
-94.6974
-94.5871
-94.1944
-93.4397
-92.2447
-90.6251
-88.6778
-86.5136
-84.2055
-81.7661
-79.1348
-76.1361
-72.319
-66.2104
-49.2575
39.0419
49.9096
49.2313
46.7211
40.8302
30.5852
17.1744
4.46361
-5.84709
-14.7649
-23.1043
-29.6913
-36.0317
-48.1318
-76.6817
-93.6838
-94.6739
-94.658
-94.3753
-93.7898
-92.8118
-91.4132
-89.6519
-87.6283
-85.4286
-83.0936
-80.6032
-77.8546
-74.584
-70.0595
-61.3305
-23.22
49.0771
49.874
49.0206
46.0991
39.5405
28.5748
14.9112
2.57065
-7.44331
-16.2073
-24.3963
-30.3823
-37.1061
-50.5582
-81.1011
-94.0839
-94.7147
-94.6289
-94.277
-93.5846
-92.4645
-90.9164
-89.0263
-86.9047
-84.6306
-82.227
-79.648
-76.7458
-73.1468
-67.7073
-54.6623
19.741
49.9675
49.628
47.9094
43.2347
34.2189
21.2024
7.69284
-3.28685
-12.4996
-20.9439
-28.2043
-33.6429
-42.8638
-64.5111
-91.6151
-94.5324
-94.6848
-94.4815
-93.9889
-93.1161
-91.8103
-90.1119
-88.1216
-85.9378
-83.6162
-81.1523
-78.4643
-75.3348
-71.1856
-63.9242
-38.6625
47.8804
49.8757
49.0547
46.2432
39.916
29.2619
15.778
3.35343
-6.75759
-15.5871
-23.8633
-30.14
-36.7791
-49.8966
-80.0712
-94.0251
-94.7135
-94.6435
-94.3171
-93.6697
-92.6139
-91.1379
-89.3147
-87.248
-85.0184
-82.6564
-80.129
-77.3125
-73.8941
-68.9664
-58.4714
-3.8018
49.9598
49.8796
48.9441
45.7491
38.6329
26.9452
12.9301
0.819001
-8.97762
-17.586
-25.5288
-30.8232
-37.6529
-51.5824
-82.4108
-94.1166
-94.7001
-94.5984
-94.2171
-93.4781
-92.3005
-90.696
-88.7596
-86.6029
-84.3005
-81.868
-79.2479
-76.271
-72.5051
-66.5585
-50.6153
35.7336
49.9202
49.2901
46.8842
41.1463
31.0471
17.668
4.85459
-5.53085
-14.4813
-22.8386
-29.5238
-35.7537
-47.4864
-75.3402
-93.5291
-94.6593
-94.6622
-94.3908
-93.8195
-92.8581
-91.4745
-89.724
-87.7067
-85.5107
-83.1789
-80.6939
-77.9565
-74.7114
-70.255
-61.8048
-26.2694
48.1446
49.8701
49.0192
46.1148
39.6033
28.7117
15.1004
2.74951
-7.28365
-16.0632
-24.276
-30.3339
-37.0497
-50.4608
-80.9735
-94.0807
-94.7162
-94.6323
-94.2847
-93.5997
-92.4902
-90.9539
-89.075
-86.9626
-84.6964
-82.3002
-79.7306
-76.844
-73.2781
-67.9345
-55.3954
15.7558
49.9732
49.7026
48.1717
43.8138
35.1555
22.317
8.62444
-2.56296
-11.8715
-20.335
-27.7432
-32.9482
-41.4642
-60.9699
-90.3457
-94.4673
-94.6894
-94.5088
-94.0408
-93.1956
-91.9144
-90.2323
-88.2501
-86.0695
-83.7502
-81.2918
-78.6173
-75.5196
-71.4533
-64.4925
-41.5759
47.0563
49.8815
49.0837
46.322
40.0679
29.4841
16.0145
3.54435
-6.59877
-15.4431
-23.7323
-30.0669
-36.6591
-49.6151
-79.5691
-93.9846
-94.7088
-94.6464
-94.3281
-93.6936
-92.6548
-91.1968
-89.3889
-87.3338
-85.1129
-82.7589
-80.2419
-77.4432
-74.063
-69.2403
-59.2243
-8.97922
49.9344
49.8927
49.0292
46.0069
39.1686
27.7656
13.8084
1.53992
-8.36143
-17.0305
-25.0663
-30.6288
-37.3692
-50.9656
-81.5596
-94.0815
-94.7029
-94.6089
-94.238
-93.5139
-92.353
-90.7633
-88.8378
-86.6885
-84.3921
-81.966
-79.3563
-76.3998
-72.6807
-66.8809
-51.8154
32.0182
49.9325
49.3623
47.0885
41.5458
31.6344
18.2995
5.35388
-5.13045
-14.1237
-22.5008
-29.3031
-35.3893
-46.65
-73.53
-93.3061
-94.6405
-94.6672
-94.4088
-93.8535
-92.9103
-91.5429
-89.8037
-87.7927
-85.6
-83.2711
-80.7914
-78.0655
-74.8467
-70.4608
-62.2936
-29.3189
48.3094
49.8685
49.0159
46.1198
39.6405
28.8054
15.239
2.88495
-7.1615
-15.9531
-24.1842
-30.2972
-37.0088
-50.3941
-80.8865
-94.0783
-94.7173
-94.6352
-94.2916
-93.6144
-92.5163
-90.9936
-89.1279
-87.0269
-84.7701
-82.3831
-79.8245
-76.9557
-73.4269
-68.1894
-56.1928
11.076
49.9758
49.7722
48.4396
44.4357
36.2026
23.6165
9.74977
-1.69045
-11.1204
-19.6043
-27.1716
-32.1274
-39.8968
-57.0122
-88.0663
-94.3635
-94.6935
-94.5411
-94.103
-93.2924
-92.0426
-90.382
-88.4106
-86.2341
-83.9174
-81.465
-78.8062
-75.7457
-71.7752
-65.1515
-44.7222
45.2537
49.8898
49.1256
46.4343
40.2818
29.7925
16.3385
3.80219
-6.38645
-15.251
-23.5558
-29.9648
-36.4887
-49.2105
-78.8149
-93.9146
-94.7001
-94.65
-94.343
-93.7249
-92.7074
-91.271
-89.4809
-87.4385
-85.2268
-82.8812
-80.3753
-77.5966
-74.2592
-69.5532
-60.0534
-14.676
49.8496
49.8885
49.0392
46.0806
39.3895
28.1942
14.355
2.03344
-7.92666
-16.641
-24.7493
-30.5104
-37.2335
-50.7343
-81.2789
-94.0783
-94.7079
-94.6179
-94.2552
-93.5441
-92.3991
-90.8247
-88.9116
-86.7716
-84.4825
-82.0643
-79.4658
-76.5299
-72.8571
-67.1982
-52.9449
27.7566
49.9466
49.4536
47.3563
42.0807
32.4339
19.175
6.05039
-4.57617
-13.6315
-22.0326
-28.9864
-34.8739
-45.4942
-70.9055
-92.9417
-94.6135
-94.6734
-94.4318
-93.8961
-92.9751
-91.6273
-89.9012
-87.897
-85.7076
-83.3816
-80.9075
-78.1947
-75.0062
-70.7008
-62.8486
-32.6524
48.4034
49.8689
49.0202
46.1423
39.7055
28.9313
15.4033
3.03648
-7.02759
-15.8318
-24.0805
-30.2515
-36.9494
-50.2786
-80.7132
-94.0691
-94.7173
-94.6382
-94.2996
-93.6316
-92.5471
-91.04
-89.189
-87.1004
-84.8539
-82.4764
-79.9295
-77.0799
-73.5912
-68.4669
-57.0324
5.80655
49.9747
49.827
48.675
45.0177
37.2331
24.9641
10.9756
-0.735685
-10.3036
-18.808
-26.5292
-31.263
-38.3397
-53.1657
-84.4334
-94.2049
-94.6959
-94.5755
-94.1709
-93.4003
-92.1884
-90.5546
-88.5975
-86.427
-84.114
-81.6687
-79.0275
-76.0083
-72.1424
-65.8743
-47.8879
41.5801
49.9017
49.1886
46.604
40.6044
30.2564
16.825
4.18622
-6.07299
-14.9682
-23.2936
-29.8074
-36.2246
-48.5838
-77.5912
-93.7844
-94.6845
-94.6548
-94.3631
-93.7659
-92.7742
-91.3627
-89.5921
-87.5628
-85.3598
-83.022
-80.5272
-77.7695
-74.4781
-69.8964
-60.928
-20.5742
49.4992
49.8785
49.0262
46.0944
39.4987
28.4681
14.754
2.41776
-7.58117
-16.3313
-24.4981
-30.4205
-37.1451
-50.6152
-81.1626
-94.0831
-94.7129
-94.6257
-94.2705
-93.5723
-92.444
-90.8871
-88.9891
-86.8611
-84.582
-82.1736
-79.5884
-76.6755
-73.0531
-67.5445
-54.1268
22.4421
49.9617
49.5712
47.7219
42.8346
33.5892
20.4741
7.09649
-3.7526
-12.9065
-21.3368
-28.4933
-34.0899
-43.797
-66.8314
-92.1976
-94.5656
-94.6812
-94.4639
-93.9559
-93.0658
-91.745
-90.0367
-88.0416
-85.8561
-83.5333
-81.0664
-78.3703
-75.2211
-71.0197
-63.563
-36.7137
48.1766
49.8727
49.0398
46.2021
39.8344
29.1395
15.6444
3.24369
-6.84981
-15.6706
-23.9384
-30.1803
-36.8432
-50.0446
-80.3278
-94.0439
-94.7155
-94.6418
-94.3109
-93.6561
-92.5902
-91.1036
-89.271
-87.1972
-84.9623
-82.5956
-80.0623
-77.2354
-73.7948
-68.8045
-58.0152
-0.699987
49.9672
49.8676
48.8759
45.5541
38.2446
26.3744
12.3449
0.34737
-9.37994
-17.9496
-25.828
-30.9441
-37.8333
-51.9845
-82.9499
-94.1394
-94.6984
-94.5917
-94.2037
-93.4555
-92.2676
-90.6543
-88.7117
-86.5509
-84.2456
-81.8096
-79.1838
-76.1955
-72.4019
-66.3677
-49.8797
37.6339
49.9141
49.2559
46.789
40.9616
30.7772
17.3795
4.62639
-5.7151
-14.6465
-22.9936
-29.622
-35.917
-47.8652
-76.1345
-93.6214
-94.6678
-94.6598
-94.3819
-93.8026
-92.8319
-91.44
-89.6837
-87.6632
-85.4656
-83.1325
-80.6452
-77.9026
-74.6448
-70.1538
-61.5617
-24.7169
48.691
49.8719
49.0191
46.1051
39.569
28.64
15.0032
2.6584
-7.36477
-16.1366
-24.3376
-30.3593
-37.0804
-50.5159
-81.0485
-94.083
-94.7156
-94.6306
-94.2808
-93.592
-92.4771
-90.9347
-89.0501
-86.9331
-84.6631
-82.2635
-79.6896
-76.7959
-73.2146
-67.8258
-55.0487
17.6814
49.9709
49.6681
48.048
43.5375
34.7047
21.7754
8.16856
-2.91679
-12.1779
-20.6324
-27.9704
-33.2876
-42.1409
-62.688
-91.0322
-94.5015
-94.6873
-94.4954
-94.0153
-93.1564
-91.8631
-90.1731
-88.1871
-86.0053
-83.6855
-81.225
-78.5449
-75.433
-71.3291
-64.2316
-40.2613
47.4989
49.8787
49.0698
46.2846
39.9965
29.3806
15.9052
3.45698
-6.6711
-15.5087
-23.7922
-30.1009
-36.7156
-49.7486
-79.8103
-94.0048
-94.7113
-94.6451
-94.323
-93.6824
-92.6357
-91.1695
-89.3547
-87.2945
-85.07
-82.7129
-80.1917
-77.3858
-73.9896
-69.1225
-58.904
-6.7722
49.9481
49.888
48.9967
45.9064
38.9562
27.4355
13.4494
1.24315
-8.61537
-17.2594
-25.2576
-30.7105
-37.4871
-51.2179
-81.9101
-94.0958
-94.7017
-94.6046
-94.2294
-93.4992
-92.3313
-90.7355
-88.8055
-86.6533
-84.3547
-81.9264
-79.313
-76.349
-72.6123
-66.7571
-51.3615
33.5175
49.9274
49.3324
47.0031
41.3783
31.3876
18.0334
5.14352
-5.29864
-14.2737
-22.6428
-29.3968
-35.544
-47.0036
-74.3045
-93.4037
-94.6484
-94.6651
-94.4014
-93.8396
-92.8891
-91.5153
-89.7717
-87.7584
-85.5647
-83.2352
-80.7539
-78.0242
-74.7962
-70.3851
-62.1156
-28.2213
48.2285
49.8689
49.0167
46.1175
39.6269
28.7726
15.1913
2.83876
-7.20302
-15.9905
-24.2155
-30.3099
-37.0234
-50.4187
-80.9198
-94.0795
-94.717
-94.6343
-94.2892
-93.6092
-92.5069
-90.9793
-89.1087
-87.0037
-84.7436
-82.3536
-79.7916
-76.917
-73.3761
-68.1037
-55.9284
12.6643
49.9754
49.7509
48.3545
44.2343
35.8581
23.1821
9.36822
-1.9863
-11.3744
-19.8515
-27.367
-32.4039
-40.4152
-58.3162
-88.95
-94.4026
-94.6923
-94.5301
-94.0818
-93.2592
-91.9985
-90.3305
-88.3554
-86.1777
-83.8605
-81.4066
-78.7432
-75.6713
-71.6705
-64.941
-43.7446
45.9568
49.887
49.1113
46.396
40.2092
29.6883
16.2295
3.71596
-6.45718
-15.315
-23.6148
-29.9993
-36.5466
-49.3482
-79.0763
-93.9401
-94.7033
-94.6488
-94.338
-93.7146
-92.6902
-91.247
-89.4515
-87.4053
-85.1912
-82.8434
-80.3347
-77.5506
-74.2011
-69.4617
-59.8155
-13.0481
49.8854
49.8908
49.0413
46.0724
39.3496
28.1028
14.2279
1.9138
-8.03349
-16.7366
-24.8264
-30.5377
-37.2609
-50.7728
-81.318
-94.0771
-94.7064
-94.6155
-94.2507
-93.5361
-92.3867
-90.8081
-88.8915
-86.7489
-84.4579
-82.0377
-79.4366
-76.4957
-72.8115
-67.1173
-52.6625
28.895
49.9429
49.4286
47.2817
41.9303
32.2076
18.9253
5.85109
-4.73428
-13.7716
-22.1662
-29.078
-35.022
-45.8235
-71.6669
-93.0545
-94.6215
-94.6717
-94.4254
-93.8842
-92.9571
-91.604
-89.8744
-87.8686
-85.6786
-83.3522
-80.8772
-78.1615
-74.9659
-70.641
-62.7121
-31.8473
48.4017
49.8686
49.0184
46.1352
39.6875
28.899
15.363
3.00016
-7.05938
-15.8606
-24.1054
-30.2629
-36.9651
-50.3105
-80.7627
-94.072
-94.7174
-94.6375
-94.2976
-93.6274
-92.5396
-91.0289
-89.1745
-87.0833
-84.8346
-82.4553
-79.9063
-77.0531
-73.5564
-68.409
-56.8602
6.90955
49.9753
49.8174
48.6316
44.9072
37.0328
24.696
10.7261
-0.930822
-10.4702
-18.9705
-26.6618
-31.4298
-38.6323
-53.8781
-85.2398
-94.2408
-94.6957
-94.5689
-94.1576
-93.379
-92.1593
-90.52
-88.5599
-86.3882
-84.0746
-81.6283
-78.9841
-75.9575
-72.0724
-65.7392
-47.3182
42.4406
49.8991
49.1747
46.5666
40.5335
30.1546
16.7184
4.1024
-6.14113
-15.0296
-23.3508
-29.8423
-36.2835
-48.7231
-77.8678
-93.815
-94.688
-94.6538
-94.3589
-93.7577
-92.7609
-91.3447
-89.5705
-87.539
-85.3348
-82.9959
-80.4996
-77.7386
-74.4398
-69.8374
-60.7806
-19.5927
49.5982
49.8802
49.0286
46.0932
39.4834
28.4277
14.6936
2.35902
-7.63412
-16.3788
-24.5368
-30.4345
-37.1588
-50.6335
-81.1803
-94.0824
-94.7122
-94.6245
-94.2681
-93.5677
-92.4367
-90.8768
-88.9762
-86.8462
-84.5655
-82.1557
-79.5686
-76.6524
-73.0227
-67.4917
-53.9506
23.2899
49.9596
49.5528
47.6626
42.71
33.3956
20.2532
6.91722
-3.89303
-13.0295
-21.4554
-28.5791
-34.2245
-44.0833
-67.5343
-92.3485
-94.5748
-94.68
-94.4585
-93.9458
-93.0505
-91.7251
-90.0139
-88.0174
-85.8315
-83.5085
-81.0409
-78.3427
-75.1879
-70.9712
-63.457
-36.1287
48.2376
49.8719
49.0361
46.1916
39.8132
29.107
15.6084
3.21355
-6.87535
-15.6938
-23.9592
-30.1912
-36.8602
-50.0834
-80.393
-94.0485
-94.7159
-94.6413
-94.3092
-93.6524
-92.5837
-91.0941
-89.259
-87.1831
-84.9468
-82.5789
-80.0441
-77.2146
-73.7682
-68.7613
-57.8928
0.125802
49.9686
49.8637
48.8551
45.4962
38.1317
26.2117
12.1814
0.216709
-9.49137
-18.0504
-25.9107
-30.977
-37.883
-52.0977
-83.0977
-94.1457
-94.698
-94.5899
-94.2001
-93.4493
-92.2588
-90.6431
-88.6989
-86.5372
-84.2312
-81.7945
-79.1675
-76.1764
-72.3761
-66.32
-49.6942
38.0717
49.9127
49.2482
46.7679
40.9208
30.7175
17.316
4.57606
-5.75581
-14.683
-23.0278
-29.6436
-35.9528
-47.9489
-76.3065
-93.6413
-94.6697
-94.6592
-94.3799
-93.7987
-92.8258
-91.4319
-89.6742
-87.653
-85.4551
-83.1219
-80.6343
-77.8907
-74.6305
-70.1325
-61.5103
-24.3871
48.7855
49.8723
49.0194
46.1038
39.5629
28.6262
14.9838
2.63992
-7.38129
-16.1515
-24.3499
-30.3642
-37.0859
-50.5252
-81.0602
-94.0832
-94.7154
-94.6302
-94.28
-93.5905
-92.4744
-90.9309
-89.0452
-86.9275
-84.6569
-82.2568
-79.6824
-76.7878
-73.2042
-67.8084
-54.9934
17.9808
49.9704
49.6625
48.0282
43.4938
34.634
21.6913
8.09831
-2.9714
-12.2253
-20.6783
-28.0051
-33.3397
-42.2455
-62.9537
-91.1256
-94.5063
-94.6869
-94.4934
-94.0114
-93.1505
-91.8553
-90.1642
-88.1778
-85.996
-83.6763
-81.2158
-78.5352
-75.4218
-71.3134
-64.1987
-40.0932
47.5463
49.8784
49.0682
46.2804
39.9886
29.3694
15.8935
3.4477
-6.67877
-15.5156
-23.7985
-30.1046
-36.7217
-49.7632
-79.8369
-94.007
-94.7115
-94.645
-94.3224
-93.6811
-92.6335
-91.1664
-89.3509
-87.2902
-85.0654
-82.7081
-80.1868
-77.3805
-73.9832
-69.1125
-58.8774
-6.59007
49.949
49.8875
48.9938
45.8975
38.9377
27.4071
13.4189
1.21804
-8.63686
-17.2788
-25.2738
-30.7173
-37.497
-51.2394
-81.9401
-94.097
-94.7016
-94.6042
-94.2287
-93.4979
-92.3296
-90.7333
-88.8031
-86.6508
-84.3523
-81.924
-79.3108
-76.3467
-72.6096
-66.7528
-51.3463
33.5652
49.9273
49.3315
47.0006
41.3733
31.3803
18.0256
5.13743
-5.30352
-14.278
-22.6469
-29.3995
-35.5485
-47.014
-74.3271
-93.4065
-94.6487
-94.6651
-94.4012
-93.8392
-92.8885
-91.5145
-89.7709
-87.7577
-85.5642
-83.2348
-80.7538
-78.0245
-74.797
-70.3868
-62.1201
-28.2495
48.2308
49.8689
49.0167
46.1177
39.6278
28.7743
15.1937
2.8409
-7.20112
-15.9888
-24.214
-30.3093
-37.0226
-50.4172
-80.9175
-94.0794
-94.717
-94.6343
-94.2893
-93.6094
-92.5073
-90.9799
-89.1096
-87.0048
-84.7451
-82.3555
-79.794
-76.9202
-73.3807
-68.1121
-55.955
12.5055
49.9754
49.7531
48.3633
44.2549
35.8931
23.2259
9.40639
-1.95676
-11.349
-19.8269
-27.3476
-32.3762
-40.3629
-58.1846
-88.8671
-94.3989
-94.6924
-94.5312
-94.0839
-93.2625
-92.003
-90.3358
-88.3612
-86.1839
-83.867
-81.4136
-78.7512
-75.6812
-71.6851
-64.9711
-43.8858
45.8646
49.8874
49.1134
46.4017
40.2201
29.7043
16.2465
3.72953
-6.44597
-15.3048
-23.6055
-29.994
-36.5378
-49.3275
-79.038
-93.9366
-94.7029
-94.649
-94.3388
-93.7161
-92.6928
-91.2505
-89.4559
-87.4105
-85.1969
-82.8498
-80.3419
-77.5591
-74.2125
-69.4802
-59.8646
-13.3844
49.8791
49.8904
49.0409
46.0743
39.3584
28.1225
14.255
1.9392
-8.01088
-16.7164
-24.8102
-30.532
-37.2552
-50.7649
-81.3101
-94.0773
-94.7067
-94.616
-94.2516
-93.5378
-92.3894
-90.8117
-88.896
-86.7541
-84.4638
-82.0443
-79.4442
-76.5051
-72.8246
-67.1414
-52.7479
28.5554
49.944
49.436
47.3038
41.9747
32.2742
18.9986
5.90954
-4.6878
-13.7304
-22.1269
-29.0512
-34.9785
-45.727
-71.4451
-93.0224
-94.6192
-94.6722
-94.4272
-93.8877
-92.9625
-91.6109
-89.8825
-87.8774
-85.6878
-83.3618
-80.8875
-78.1734
-74.9809
-70.6639
-62.7653
-32.1612
48.404
49.8687
49.0191
46.1382
39.6952
28.9129
15.3805
3.01597
-7.04552
-15.848
-24.0946
-30.2579
-36.9583
-50.2969
-80.7417
-94.0708
-94.7174
-94.6378
-94.2984
-93.6291
-92.5427
-91.0335
-89.1807
-87.0907
-84.8432
-82.465
-79.9173
-77.0664
-73.5743
-68.4396
-56.9525
6.32016
49.975
49.8226
48.6552
44.9669
37.1408
24.8401
10.8598
-0.826301
-10.3809
-18.8833
-26.5908
-31.3401
-38.475
-53.4937
-84.8128
-94.2219
-94.6958
-94.5724
-94.1647
-93.3905
-92.175
-90.5388
-88.5805
-86.4098
-84.0969
-81.6516
-79.0097
-75.9882
-72.1155
-65.8233
-47.6758
41.9128
49.9007
49.1834
46.5901
40.5782
30.219
16.7862
4.15593
-6.09754
-14.9903
-23.3143
-29.8202
-36.2465
-48.6357
-77.6947
-93.7961
-94.6858
-94.6544
-94.3615
-93.7629
-92.7694
-91.3562
-89.5845
-87.5545
-85.3514
-83.0136
-80.5189
-77.7608
-74.4681
-69.8818
-60.8926
-20.3391
49.5253
49.8789
49.0268
46.0943
39.4954
28.4592
14.7404
2.40449
-7.59315
-16.3421
-24.5069
-30.4236
-37.1481
-50.619
-81.1659
-94.0829
-94.7128
-94.6255
-94.27
-93.5713
-92.4425
-90.885
-88.9866
-86.8584
-84.5793
-82.171
-79.5861
-76.6735
-73.0513
-67.5426
-54.1217
22.4653
49.9617
49.5707
47.7203
42.8311
33.5837
20.4677
7.09122
-3.75676
-12.9101
-21.3403
-28.4958
-34.0939
-43.8052
-66.8516
-92.2021
-94.5658
-94.6811
-94.4637
-93.9556
-93.0654
-91.7445
-90.0364
-88.0415
-85.8563
-83.5341
-81.0678
-78.3727
-75.2249
-71.0261
-63.5782
-36.7974
48.1669
49.8728
49.0406
46.2044
39.8394
29.1474
15.6534
3.25137
-6.84324
-15.6647
-23.9331
-30.1776
-36.8391
-50.0355
-80.3128
-94.043
-94.7154
-94.6419
-94.3112
-93.6569
-92.5915
-91.1055
-89.2736
-87.2004
-84.9662
-82.6002
-80.068
-77.2427
-73.8052
-68.8227
-58.0681
-1.05995
49.9665
49.8692
48.8846
45.5786
38.2926
26.444
12.4151
0.403583
-9.33203
-17.9063
-25.7925
-30.93
-37.812
-51.9366
-82.8859
-94.1367
-94.6986
-94.5925
-94.2053
-93.4582
-92.2717
-90.6596
-88.718
-86.558
-84.2536
-81.8187
-79.1945
-76.209
-72.4214
-66.4051
-50.026
37.2758
49.9152
49.2623
46.8068
40.9961
30.8277
17.4335
4.6692
-5.68038
-14.6153
-22.9644
-29.6036
-35.8865
-47.7941
-75.9863
-93.6043
-94.6662
-94.6602
-94.3836
-93.8059
-92.8371
-91.447
-89.692
-87.6725
-85.4756
-83.1434
-80.6573
-77.9169
-74.6635
-70.1834
-61.6345
-25.1852
48.5442
49.8713
49.019
46.1079
39.5795
28.6623
15.0337
2.68706
-7.33923
-16.1135
-24.3183
-30.3515
-37.0711
-50.4997
-81.0266
-94.0824
-94.7158
-94.6312
-94.282
-93.5945
-92.4813
-90.9409
-89.0583
-86.9431
-84.6747
-82.2768
-79.7052
-76.815
-73.2409
-67.8721
-55.1985
16.8566
49.9719
49.6833
48.1018
43.657
34.8986
22.0071
8.36279
-2.76597
-12.0472
-20.5055
-27.8738
-33.1424
-41.8493
-61.9489
-90.7554
-94.4875
-94.6882
-94.5011
-94.0261
-93.1731
-91.885
-90.1986
-88.2146
-86.0338
-83.7148
-81.2561
-78.5796
-75.4757
-71.3916
-64.3649
-40.9398
47.2875
49.8802
49.0771
46.3043
40.0346
29.4366
15.965
3.50531
-6.63087
-15.4722
-23.759
-30.0823
-36.685
-49.6772
-79.6824
-93.9945
-94.7101
-94.6458
-94.3257
-93.6883
-92.6458
-91.184
-89.3731
-87.3159
-85.0937
-82.7389
-80.2209
-77.4201
-74.0346
-69.196
-59.1063
-8.16681
49.9401
49.8911
49.0178
45.9714
39.0931
27.6474
13.679
1.4327
-8.45323
-17.1132
-25.1356
-30.6584
-37.4117
-51.0565
-81.6865
-94.0867
-94.7025
-94.6074
-94.2349
-93.5087
-92.3454
-90.7537
-88.8269
-86.677
-84.3804
-81.9543
-79.3445
-76.3869
-72.6647
-66.8536
-51.7181
32.3479
49.9314
49.3557
47.0696
41.5088
31.5798
18.2406
5.30727
-5.16761
-14.1568
-22.5322
-29.324
-35.4237
-46.7287
-73.703
-93.328
-94.6422
-94.6667
-94.4072
-93.8505
-92.9058
-91.5372
-89.7973
-87.7862
-85.5938
-83.2655
-80.7865
-78.0611
-74.8426
-70.4563
-62.2845
-29.2633
48.3059
49.8686
49.0161
46.1204
39.6415
28.8067
15.2401
2.88571
-7.16091
-15.9525
-24.1836
-30.2969
-37.0082
-50.3925
-80.8837
-94.0781
-94.7173
-94.6353
-94.2916
-93.6144
-92.5163
-90.9937
-89.1281
-87.0274
-84.7711
-82.3849
-79.8274
-76.9601
-73.4341
-68.2032
-56.2373
10.8028
49.9759
49.7757
48.4535
44.4691
36.2602
23.6899
9.8148
-1.63993
-11.077
-19.562
-27.1379
-32.0799
-39.8089
-56.7922
-87.9022
-94.3564
-94.6937
-94.5429
-94.1066
-93.2982
-92.0506
-90.3916
-88.4212
-86.2456
-83.9299
-81.4789
-78.8224
-75.7662
-71.8057
-65.2143
-45.009
45.0163
49.8907
49.1305
46.4476
40.3074
29.83
16.3784
3.83428
-6.35997
-15.2271
-23.5338
-29.952
-36.4677
-49.1613
-78.7219
-93.9056
-94.699
-94.6504
-94.3447
-93.7285
-92.7133
-91.2792
-89.4912
-87.4504
-85.2402
-82.8961
-80.3923
-77.6171
-74.2865
-69.5978
-60.1705
-15.4755
49.8263
49.8873
49.0378
46.0839
39.4077
28.2369
14.4154
2.09084
-7.87528
-16.595
-24.712
-30.497
-37.22
-50.7152
-81.2589
-94.0788
-94.7087
-94.619
-94.2574
-93.5482
-92.4056
-90.8337
-88.9228
-86.7848
-84.4975
-82.0814
-79.4858
-76.5546
-72.8917
-67.2614
-53.1671
26.8238
49.9495
49.4743
47.4187
42.2073
32.6253
19.3871
6.21994
-4.44197
-13.5128
-21.9191
-28.9077
-34.7473
-45.2158
-70.254
-92.8399
-94.6064
-94.6748
-94.4371
-93.9061
-92.9902
-91.647
-89.9241
-87.9219
-85.7337
-83.409
-80.9372
-78.2286
-75.049
-70.7662
-62.9982
-33.5244
48.3898
49.8694
49.0233
46.1529
39.7303
28.974
15.4551
3.08224
-6.98786
-15.7958
-24.0492
-30.2366
-36.9284
-50.2347
-80.6428
-94.0649
-94.7172
-94.639
-94.3019
-93.6367
-92.5561
-91.0534
-89.2067
-87.1216
-84.8782
-82.5038
-79.9609
-77.1178
-73.6421
-68.5532
-57.2894
4.13283
49.9735
49.8399
48.7354
45.174
37.5206
25.355
11.3452
-0.445608
-10.056
-18.568
-26.3325
-31.142
-38.1376
-52.6833
-83.8473
-94.1786
-94.6963
-94.581
-94.182
-93.4187
-92.2144
-90.587
-88.6343
-86.4669
-84.1565
-81.7147
-79.0791
-76.071
-72.2309
-66.0452
-48.5951
40.3578
49.9055
49.2091
46.66
40.7122
30.4132
16.9914
4.31826
-5.96535
-14.8713
-23.2035
-29.7523
-36.1329
-48.3684
-77.1605
-93.7369
-94.6793
-94.6563
-94.3691
-93.7778
-92.7931
-91.3883
-89.6228
-87.5969
-85.3964
-83.0609
-80.5697
-77.8184
-74.5407
-69.9948
-61.1739
-22.1984
49.2732
49.8757
49.0227
46.0973
39.5249
28.5353
14.8532
2.51408
-7.49432
-16.2532
-24.4341
-30.3966
-37.1209
-50.5804
-81.1253
-94.0837
-94.7141
-94.6277
-94.2746
-93.5801
-92.457
-90.9057
-89.013
-86.8894
-84.6141
-82.2097
-79.6298
-76.7256
-73.1216
-67.6659
-54.5295
20.4264
49.9662
49.614
47.8622
43.1329
34.0574
21.014
7.53769
-3.40796
-12.6053
-21.0461
-28.2802
-33.7591
-43.1043
-65.1125
-91.7803
-94.5414
-94.6839
-94.477
-93.9804
-93.1031
-91.7936
-90.0931
-88.102
-85.9186
-83.5977
-81.1344
-78.4463
-75.3148
-71.1584
-63.8674
-38.3613
47.937
49.8752
49.0526
46.2379
39.906
29.248
15.7637
3.34235
-6.76666
-15.5953
-23.8708
-30.1444
-36.7865
-49.9144
-80.1035
-94.0278
-94.7139
-94.6433
-94.3163
-93.6679
-92.6107
-91.1334
-89.3092
-87.242
-85.0124
-82.6508
-80.124
-77.3081
-73.8902
-68.9622
-58.4622
-3.74096
49.96
49.8794
48.9429
45.7457
38.6259
26.9347
12.9192
0.810207
-8.98513
-17.5928
-25.5344
-30.8255
-37.6563
-51.5899
-82.4209
-94.117
-94.7
-94.5983
-94.2169
-93.4779
-92.3003
-90.696
-88.76
-86.6039
-84.3026
-81.8713
-79.2529
-76.2785
-72.5173
-66.5833
-50.7113
35.4638
49.921
49.2952
46.8986
41.1744
31.0885
17.7125
4.88987
-5.50234
-14.4558
-22.8146
-29.5084
-35.7283
-47.4281
-75.2172
-93.5147
-94.658
-94.6626
-94.3921
-93.822
-92.862
-91.4798
-89.7306
-87.7143
-85.5194
-83.1889
-80.7057
-77.9711
-74.7314
-70.2874
-61.8843
-26.7738
48.0819
49.8697
49.0191
46.1173
39.6133
28.7335
15.1308
2.77849
-7.25774
-16.0399
-24.2563
-30.3257
-37.04
-50.4435
-80.9498
-94.0799
-94.7164
-94.6329
-94.286
-93.6025
-92.4951
-90.9613
-89.0849
-86.975
-84.7111
-82.3175
-79.7513
-76.8699
-73.3142
-67.9987
-55.6018
14.5749
49.9742
49.7221
48.244
43.9782
35.4276
22.6487
8.90714
-2.3438
-11.6823
-20.151
-27.6011
-32.7406
-41.0597
-59.9464
-89.8632
-94.4444
-94.6906
-94.5169
-94.0563
-93.2197
-91.9463
-90.2698
-88.2906
-86.1118
-83.7941
-81.3385
-78.6698
-75.5844
-71.548
-64.6906
-42.5489
46.6297
49.8839
49.0957
46.3545
40.1305
29.5754
16.1114
3.62245
-6.53406
-15.3845
-23.6789
-30.0365
-36.609
-49.4969
-79.3538
-93.9661
-94.7066
-94.6475
-94.3325
-93.7029
-92.6706
-91.2193
-89.4173
-87.3667
-85.1495
-82.7991
-80.287
-77.4965
-74.1331
-69.3544
-59.5319
-11.1018
49.9141
49.8933
49.0425
46.0589
39.2947
27.9829
14.0649
1.7621
-8.16843
-16.8572
-24.9235
-30.5717
-37.2956
-50.8229
-81.3693
-94.0757
-94.7045
-94.6126
-94.2452
-93.5264
-92.3719
-90.7882
-88.8677
-86.7223
-84.4292
-82.0071
-79.403
-76.4566
-72.7594
-67.025
-52.3381
30.1409
49.9387
49.4016
47.2024
41.7715
31.9697
18.6642
5.64316
-4.89966
-13.9184
-22.3059
-29.1728
-35.1761
-46.1683
-72.4528
-93.1639
-94.6295
-94.6698
-94.4186
-93.8717
-92.9381
-91.5793
-89.8461
-87.8386
-85.648
-83.3214
-80.8455
-78.127
-74.9242
-70.5794
-62.5708
-31.0023
48.3853
49.8685
49.0171
46.1293
39.6713
28.8682
15.3233
2.9637
-7.09155
-15.8898
-24.1304
-30.274
-36.9797
-50.3393
-80.8061
-94.0744
-94.7175
-94.6368
-94.2957
-93.6232
-92.5321
-91.0177
-89.16
-87.0661
-84.8154
-82.4344
-79.8833
-77.0266
-73.5225
-68.3529
-56.6928
7.97306
49.9756
49.8073
48.5868
44.7948
36.8316
24.4298
10.4813
-1.12181
-10.6334
-19.1297
-26.7909
-31.5998
-38.9347
-54.6193
-86.0102
-94.2745
-94.6954
-94.5621
-94.1441
-93.3575
-92.1303
-90.4857
-88.5229
-86.3504
-84.0365
-81.5894
-78.9426
-75.9093
-72.0062
-65.6111
-46.7704
43.1745
49.8969

