-1.0
1e-10
2e-10
1.6e-09
3.2e-10
1e-10
2e-10
1e-09
5e-10
1.6e-10
2e-10
6e-12
2e-09
4e-09
1.2e-07
2.88e-07
0.0015
0.0017
0.0045
3e-07
7.5e-08
8.5e-08
-1.0
0.0001875
0.0002
0.00045
1e-10
1.6e-10
-1.0
1e-11
2e-13
3e-12
#
 -1.0
1e-10
2e-10
1.6e-09
3.2e-10
1e-08
2e-08
1e-10
5e-11
1.6e-08
2e-08
6e-10
2e-07
4e-07
1.2e-08
2.88e-08
0.00015
0.00017
0.00045
3e-07
7.5e-08
8.5e-08
-1.0
0.0001875
0.0002
0.00045
1e-09
1.6e-09
-1.0
1e-11
2e-13
3e-12
#
 -1.0
1e-09
2e-09
1.6e-09
3.2e-10
1e-10
2e-10
1e-08
5e-09
1.6e-09
2e-09
6e-11
2e-08
4e-08
1.2e-08
2.88e-08
0.00015
0.00017
0.00045
3e-05
7.5e-06
8.5e-06
-1.0
0.0001875
0.0002
0.00045
1e-07
1.6e-07
-1.0
1e-07
2e-09
3e-08
#
 -1.0
1e-09
2e-09
1.6e-09
3.2e-10
1e-08
2e-08
1e-08
5e-09
1.6e-08
2e-08
6e-10
2e-07
4e-07
1.2e-09
2.88e-09
0.00015
0.00017
0.00045
3e-06
7.5e-07
8.5e-07
-1.0
0.0001875
0.0002
0.00045
1e-08
1.6e-08
-1.0
1e-08
2e-10
3e-09
#
 