-70
-56.598
23.51
49.8711
47.5461
37.2237
16.4665
-1.52828
-13.147
-23.9974
-34.3807
-51.6558
-87.3916
-94.8732
-94.9902
-94.9877
-94.975
-94.9484
-94.8981
-94.8144
-94.6949
-94.5483
-94.39
-94.2339
-94.0891
-93.9595
-93.8458
-93.7469
-93.661
-93.5862
-93.5207
-93.4631
-93.412
-93.3663
-93.3251
-93.2877
-93.2535
-93.2219
-93.1926
-93.1651
-93.1392
-93.1146
-93.0911
-93.0686
-93.0468
-93.0256
-93.005
-92.9849
-92.9651
-92.9456
-92.9263
-92.9072
-92.8883
-92.8695
-92.8507
-92.8321
-92.8134
-92.7948
-92.7762
-92.7575
-92.7389
-92.7202
-92.7014
-92.6826
-92.6637
-92.6447
-92.6256
-92.6065
-92.5872
-92.5679
-92.5485
-92.529
-92.5093
-92.4896
-92.4697
-92.4498
-92.4297
-92.4095
-92.3891
-92.3687
-92.3481
-92.3274
-92.3066
-92.2856
-92.2645
-92.2433
-92.2219
-92.2004
-92.1788
-92.157
-92.1351
-92.1131
-92.0909
-92.0685
-92.0461
-92.0234
-92.0007
-91.9777
-91.9547
-91.9314
-91.908
-91.8845
-91.8608
-91.837
-91.813
-91.7888
-91.7645
-91.74
-91.7154
-91.6906
-91.6656
-91.6405
-91.6152
-91.5897
-91.564
-91.5382
-91.5122
-91.4861
-91.4597
-91.4332
-91.4065
-91.3796
-91.3525
-91.3253
-91.2979
-91.2702
-91.2424
-91.2144
-91.1862
-91.1578
-91.1292
-91.1005
-91.0715
-91.0423
-91.0129
-90.9833
-90.9535
-90.9235
-90.8933
-90.8629
-90.8322
-90.8013
-90.7703
-90.7389
-90.7074
-90.6756
-90.6437
-90.6114
-90.579
-90.5463
-90.5134
-90.4802
-90.4468
-90.4131
-90.3792
-90.345
-90.3106
-90.2759
-90.2409
-90.2057
-90.1702
-90.1345
-90.0984
-90.0621
-90.0255
-89.9886
-89.9514
-89.9139
-89.8761
-89.8381
-89.7997
-89.761
-89.7219
-89.6826
-89.6429
-89.6029
-89.5625
-89.5218
-89.4807
-89.4393
-89.3975
-89.3554
-89.3129
-89.27
-89.2267
-89.183
-89.1389
-89.0944
-89.0494
-89.0041
-88.9582
-88.912
-88.8653
-88.8181
-88.7704
-88.7223
-88.6737
-88.6245
-88.5748
-88.5246
-88.4738
-88.4225
-88.3706
-88.3181
-88.265
-88.2113
-88.1569
-88.1019
-88.0462
-87.9898
-87.9326
-87.8748
-87.8161
-87.7567
-87.6965
-87.6354
-87.5735
-87.5106
-87.4468
-87.3821
-87.3163
-87.2495
-87.1817
-87.1127
-87.0426
-86.9712
-86.8986
-86.8246
-86.7493
-86.6725
-86.5942
-86.5143
-86.4327
-86.3495
-86.2643
-86.1772
-86.0881
-85.9968
-85.9033
-85.8073
-85.7087
-85.6074
-85.5031
-85.3957
-85.2849
-85.1706
-85.0523
-84.9299
-84.8029
-84.6711
-84.5338
-84.3907
-84.241
-84.0843
-83.9197
-83.7463
-83.5631
-83.3687
-83.1618
-82.9404
-82.7025
-82.4451
-82.1649
-81.8575
-81.5171
-81.1359
-80.7034
-80.2043
-79.6162
-78.9038
-78.0082
-76.8198
-75.1072
-72.2636
-65.9878
-38.4199
48.9662
49.5393
45.9345
34.2456
14.4296
-1.67199
-12.9432
-23.6363
-33.976
-50.634
-86.3772
-94.8679
-94.9915
-94.9897
-94.979
-94.9561
-94.9123
-94.8381
-94.73
-94.5958
-94.45
-94.3067
-94.1748
-94.0581
-93.9573
-93.871
-93.7973
-93.7343
-93.68
-93.6329
-93.5918
-93.5554
-93.523
-93.4938
-93.4673
-93.4429
-93.4203
-93.3991
-93.3791
-93.36
-93.3418
-93.3242
-93.3071
-93.2904
-93.274
-93.258
-93.2421
-93.2264
-93.2107
-93.1952
-93.1797
-93.1643
-93.1488
-93.1334
-93.1179
-93.1024
-93.0868
-93.0712
-93.0556
-93.0398
-93.024
-93.0081
-92.9921
-92.976
-92.9599
-92.9436
-92.9272
-92.9108
-92.8942
-92.8775
-92.8607
-92.8439
-92.8269
-92.8098
-92.7925
-92.7752
-92.7578
-92.7402
-92.7225
-92.7047
-92.6868
-92.6688
-92.6506
-92.6323
-92.6139
-92.5954
-92.5767
-92.5579
-92.539
-92.52
-92.5008
-92.4815
-92.4621
-92.4425
-92.4228
-92.403
-92.383
-92.3629
-92.3427
-92.3223
-92.3018
-92.2812
-92.2604
-92.2395
-92.2184
-92.1972
-92.1758
-92.1543
-92.1327
-92.1109
-92.0889
-92.0668
-92.0446
-92.0222
-91.9996
-91.9769
-91.9541
-91.9311
-91.9079
-91.8846
-91.8611
-91.8374
-91.8136
-91.7897
-91.7655
-91.7412
-91.7168
-91.6921
-91.6673
-91.6424
-91.6172
-91.5919
-91.5664
-91.5408
-91.515
-91.4889
-91.4628
-91.4364
-91.4098
-91.3831
-91.3562
-91.3291
-91.3018
-91.2743
-91.2466
-91.2188
-91.1907
-91.1624
-91.134
-91.1053
-91.0765
-91.0475
-91.0182
-90.9887
-90.959
-90.9292
-90.8991
-90.8688
-90.8382
-90.8075
-90.7765
-90.7453
-90.7139
-90.6823
-90.6504
-90.6183
-90.586
-90.5534
-90.5206
-90.4875
-90.4542
-90.4206
-90.3868
-90.3528
-90.3185
-90.2839
-90.2491
-90.2139
-90.1786
-90.1429
-90.107
-90.0708
-90.0343
-89.9975
-89.9604
-89.9231
-89.8854
-89.8474
-89.8091
-89.7705
-89.7316
-89.6924
-89.6528
-89.6129
-89.5726
-89.532
-89.4911
-89.4498
-89.4081
-89.3661
-89.3237
-89.2809
-89.2377
-89.1941
-89.1502
-89.1058
-89.061
-89.0157
-88.97
-88.9239
-88.8773
-88.8303
-88.7827
-88.7347
-88.6862
-88.6372
-88.5876
-88.5375
-88.4869
-88.4357
-88.384
-88.3316
-88.2786
-88.2251
-88.1708
-88.116
-88.0604
-88.0041
-87.9472
-87.8895
-87.831
-87.7717
-87.7117
-87.6508
-87.589
-87.5264
-87.4628
-87.3982
-87.3327
-87.2661
-87.1984
-87.1297
-87.0597
-86.9886
-86.9162
-86.8425
-86.7674
-86.6909
-86.6129
-86.5333
-86.4521
-86.3691
-86.2843
-86.1975
-86.1088
-86.0179
-85.9247
-85.8291
-85.731
-85.6301
-85.5264
-85.4195
-85.3094
-85.1956
-85.078
-84.9563
-84.8301
-84.6991
-84.5627
-84.4206
-84.2721
-84.1166
-83.9533
-83.7814
-83.5999
-83.4075
-83.2027
-82.9839
-82.7489
-82.495
-82.2189
-81.9164
-81.582
-81.2084
-80.7854
-80.299
-79.7282
-79.0407
-78.1828
-77.0573
-75.4642
-72.9036
-67.6365
-48.1767
45.6462
49.6339
46.4314
35.4664
15.9651
-0.752102
-12.1851
-22.8081
-33.3334
-49.145
-84.428
-94.8336
-94.991
-94.99
-94.9798
-94.958
-94.9162
-94.845
-94.7405
-94.6089
-94.4641
-94.32
-94.1863
-94.0675
-93.9644
-93.876
-93.8006
-93.7362
-93.6808
-93.6329
-93.5912
-93.5544
-93.5218
-93.4924
-93.4658
-93.4415
-93.4189
-93.3979
-93.3781
-93.3592
-93.3412
-93.3238
-93.307
-93.2906
-93.2745
-93.2587
-93.2431
-93.2277
-93.2124
-93.1971
-93.1819
-93.1667
-93.1516
-93.1364
-93.1212
-93.106
-93.0907
-93.0754
-93.0599
-93.0445
-93.0289
-93.0133
-92.9975
-92.9817
-92.9658
-92.9498
-92.9336
-92.9174
-92.9011
-92.8846
-92.8681
-92.8514
-92.8346
-92.8178
-92.8008
-92.7836
-92.7664
-92.7491
-92.7316
-92.714
-92.6963
-92.6784
-92.6605
-92.6424
-92.6242
-92.6058
-92.5874
-92.5688
-92.55
-92.5312
-92.5122
-92.4931
-92.4739
-92.4545
-92.435
-92.4153
-92.3955
-92.3756
-92.3555
-92.3353
-92.315
-92.2945
-92.2739
-92.2532
-92.2323
-92.2112
-92.19
-92.1687
-92.1472
-92.1256
-92.1038
-92.0818
-92.0598
-92.0375
-92.0152
-91.9926
-91.9699
-91.9471
-91.9241
-91.9009
-91.8776
-91.8541
-91.8304
-91.8066
-91.7827
-91.7585
-91.7342
-91.7098
-91.6851
-91.6603
-91.6353
-91.6102
-91.5849
-91.5594
-91.5337
-91.5079
-91.4818
-91.4556
-91.4292
-91.4027
-91.3759
-91.349
-91.3219
-91.2946
-91.2671
-91.2394
-91.2115
-91.1834
-91.1551
-91.1266
-91.0979
-91.0691
-91.04
-91.0107
-90.9812
-90.9515
-90.9216
-90.8914
-90.8611
-90.8305
-90.7998
-90.7687
-90.7375
-90.7061
-90.6744
-90.6425
-90.6103
-90.5779
-90.5453
-90.5125
-90.4793
-90.446
-90.4124
-90.3785
-90.3444
-90.3101
-90.2754
-90.2405
-90.2054
-90.1699
-90.1342
-90.0983
-90.062
-90.0254
-89.9886
-89.9514
-89.914
-89.8763
-89.8382
-89.7999
-89.7612
-89.7222
-89.6829
-89.6432
-89.6033
-89.563
-89.5223
-89.4813
-89.4399
-89.3981
-89.356
-89.3135
-89.2706
-89.2274
-89.1837
-89.1396
-89.0951
-89.0502
-89.0048
-88.9591
-88.9128
-88.8661
-88.819
-88.7713
-88.7232
-88.6745
-88.6254
-88.5757
-88.5255
-88.4747
-88.4234
-88.3715
-88.319
-88.2659
-88.2121
-88.1577
-88.1027
-88.0469
-87.9905
-87.9333
-87.8755
-87.8168
-87.7573
-87.697
-87.6359
-87.5739
-87.511
-87.4472
-87.3824
-87.3165
-87.2497
-87.1817
-87.1127
-87.0424
-86.9709
-86.8982
-86.8241
-86.7487
-86.6717
-86.5933
-86.5133
-86.4316
-86.3481
-86.2627
-86.1755
-86.0861
-85.9946
-85.9008
-85.8045
-85.7056
-85.604
-85.4993
-85.3916
-85.2804
-85.1656
-85.0469
-84.924
-84.7964
-84.6639
-84.526
-84.3821
-84.2316
-84.074
-83.9084
-83.7338
-83.5492
-83.3535
-83.1449
-82.9216
-82.6814
-82.4214
-82.1382
-81.8271
-81.4822
-81.0954
-80.6558
-80.1475
-79.5468
-78.8166
-77.8936
-76.6599
-74.8599
-71.804
-64.7155
-29.8874
49.0995
49.5141
45.7798
33.7909
13.7665
-2.12666
-13.342
-24.0787
-34.3115
-51.4309
-87.2806
-94.8819
-94.9915
-94.9892
-94.9778
-94.9538
-94.9078
-94.8299
-94.7175
-94.5791
-94.4303
-94.2853
-94.1527
-94.0361
-93.9359
-93.8504
-93.7777
-93.7156
-93.6623
-93.6162
-93.576
-93.5405
-93.509
-93.4807
-93.4549
-93.4313
-93.4095
-93.389
-93.3697
-93.3514
-93.3338
-93.3169
-93.3005
-93.2844
-93.2687
-93.2532
-93.238
-93.2228
-93.2078
-93.1928
-93.1779
-93.163
-93.1481
-93.1332
-93.1182
-93.1032
-93.0882
-93.073
-93.0579
-93.0426
-93.0272
-93.0118
-92.9963
-92.9807
-92.9649
-92.9491
-92.9332
-92.9171
-92.901
-92.8847
-92.8683
-92.8519
-92.8353
-92.8185
-92.8017
-92.7848
-92.7677
-92.7505
-92.7332
-92.7158
-92.6982
-92.6805
-92.6627
-92.6448
-92.6267
-92.6085
-92.5902
-92.5718
-92.5532
-92.5345
-92.5157
-92.4967
-92.4776
-92.4584
-92.439
-92.4195
-92.3998
-92.38
-92.3601
-92.3401
-92.3199
-92.2995
-92.2791
-92.2584
-92.2377
-92.2167
-92.1957
-92.1745
-92.1531
-92.1316
-92.11
-92.0882
-92.0662
-92.0441
-92.0219
-91.9994
-91.9769
-91.9542
-91.9313
-91.9082
-91.885
-91.8617
-91.8382
-91.8145
-91.7907
-91.7667
-91.7425
-91.7181
-91.6936
-91.669
-91.6441
-91.6191
-91.5939
-91.5685
-91.543
-91.5173
-91.4914
-91.4653
-91.4391
-91.4126
-91.386
-91.3592
-91.3322
-91.305
-91.2777
-91.2501
-91.2223
-91.1944
-91.1662
-91.1379
-91.1094
-91.0806
-91.0517
-91.0225
-90.9932
-90.9636
-90.9338
-90.9038
-90.8736
-90.8432
-90.8126
-90.7818
-90.7507
-90.7194
-90.6878
-90.6561
-90.6241
-90.5919
-90.5594
-90.5267
-90.4937
-90.4605
-90.4271
-90.3934
-90.3595
-90.3253
-90.2908
-90.2561
-90.2211
-90.1858
-90.1503
-90.1145
-90.0784
-90.0421
-90.0054
-89.9684
-89.9312
-89.8936
-89.8558
-89.8176
-89.7792
-89.7404
-89.7013
-89.6618
-89.6221
-89.582
-89.5415
-89.5007
-89.4595
-89.418
-89.3761
-89.3339
-89.2912
-89.2482
-89.2048
-89.1609
-89.1167
-89.0721
-89.027
-88.9814
-88.9355
-88.8891
-88.8422
-88.7948
-88.747
-88.6987
-88.6498
-88.6005
-88.5506
-88.5001
-88.4491
-88.3976
-88.3454
-88.2927
-88.2393
-88.1853
-88.1307
-88.0754
-88.0193
-87.9626
-87.9051
-87.8469
-87.7879
-87.7281
-87.6675
-87.606
-87.5437
-87.4804
-87.4161
-87.3509
-87.2847
-87.2174
-87.149
-87.0794
-87.0086
-86.9366
-86.8634
-86.7887
-86.7126
-86.6351
-86.556
-86.4752
-86.3928
-86.3085
-86.2224
-86.1342
-86.044
-85.9515
-85.8566
-85.7592
-85.6592
-85.5563
-85.4503
-85.3411
-85.2284
-85.112
-84.9915
-84.8666
-84.7369
-84.6021
-84.4617
-84.315
-84.1615
-84.0005
-83.8311
-83.6524
-83.4631
-83.2619
-83.0471
-82.8168
-82.5685
-82.2989
-82.0042
-81.6792
-81.3172
-80.9091
-80.442
-79.8971
-79.2461
-78.4426
-77.4052
-75.9728
-73.7682
-69.6196
-57.3598
21.0589
49.9351
48.4265
40.8782
23.5136
3.75241
-8.79427
-19.3036
-30.2592
-42.6029
-71.8797
-94.4006
-94.9832
-94.991
-94.983
-94.9647
-94.9289
-94.8659
-94.7692
-94.6427
-94.499
-94.353
-94.2157
-94.0929
-93.9861
-93.8947
-93.8168
-93.7505
-93.6937
-93.6449
-93.6025
-93.5653
-93.5325
-93.5031
-93.4766
-93.4525
-93.4302
-93.4095
-93.3901
-93.3717
-93.3542
-93.3373
-93.3209
-93.305
-93.2895
-93.2742
-93.2592
-93.2443
-93.2295
-93.2147
-93.2001
-93.1854
-93.1708
-93.1561
-93.1414
-93.1267
-93.1119
-93.0971
-93.0822
-93.0672
-93.0521
-93.0369
-93.0217
-93.0063
-92.9909
-92.9753
-92.9596
-92.9438
-92.9279
-92.9119
-92.8958
-92.8796
-92.8633
-92.8468
-92.8302
-92.8135
-92.7967
-92.7798
-92.7627
-92.7456
-92.7282
-92.7108
-92.6932
-92.6756
-92.6577
-92.6398
-92.6217
-92.6035
-92.5852
-92.5667
-92.5481
-92.5294
-92.5106
-92.4916
-92.4724
-92.4532
-92.4338
-92.4142
-92.3945
-92.3747
-92.3547
-92.3346
-92.3144
-92.294
-92.2735
-92.2528
-92.232
-92.211
-92.1899
-92.1687
-92.1473
-92.1257
-92.104
-92.0821
-92.0601
-92.038
-92.0157
-91.9932
-91.9706
-91.9478
-91.9248
-91.9017
-91.8785
-91.855
-91.8314
-91.8077
-91.7838
-91.7597
-91.7355
-91.711
-91.6865
-91.6617
-91.6368
-91.6117
-91.5864
-91.561
-91.5354
-91.5095
-91.4836
-91.4574
-91.4311
-91.4045
-91.3778
-91.3509
-91.3238
-91.2966
-91.2691
-91.2415
-91.2136
-91.1855
-91.1573
-91.1289
-91.1002
-91.0714
-91.0423
-91.0131
-90.9836
-90.954
-90.9241
-90.894
-90.8637
-90.8331
-90.8024
-90.7714
-90.7402
-90.7088
-90.6772
-90.6453
-90.6132
-90.5808
-90.5482
-90.5154
-90.4823
-90.449
-90.4154
-90.3816
-90.3476
-90.3132
-90.2786
-90.2438
-90.2086
-90.1732
-90.1376
-90.1016
-90.0654
-90.0289
-89.9921
-89.955
-89.9176
-89.8799
-89.8419
-89.8035
-89.7649
-89.726
-89.6867
-89.6471
-89.6071
-89.5668
-89.5262
-89.4852
-89.4439
-89.4022
-89.3601
-89.3177
-89.2748
-89.2316
-89.188
-89.1439
-89.0995
-89.0546
-89.0093
-88.9636
-88.9174
-88.8707
-88.8236
-88.776
-88.7279
-88.6793
-88.6302
-88.5806
-88.5304
-88.4797
-88.4284
-88.3766
-88.3242
-88.2711
-88.2174
-88.1631
-88.1081
-88.0524
-87.996
-87.9389
-87.8811
-87.8225
-87.7631
-87.7029
-87.6419
-87.5799
-87.5171
-87.4533
-87.3886
-87.3229
-87.2561
-87.1882
-87.1192
-87.0491
-86.9777
-86.905
-86.8311
-86.7557
-86.6789
-86.6005
-86.5206
-86.439
-86.3556
-86.2704
-86.1832
-86.094
-86.0026
-85.9089
-85.8128
-85.714
-85.6125
-85.508
-85.4004
-85.2894
-85.1748
-85.0562
-84.9335
-84.8061
-84.6738
-84.5361
-84.3924
-84.2422
-84.0849
-83.9195
-83.7452
-83.561
-83.3656
-83.1574
-82.9346
-82.6949
-82.4355
-82.1529
-81.8426
-81.4987
-81.113
-80.6748
-80.1682
-79.5701
-78.8432
-77.9255
-76.7006
-74.9178
-71.9045
-64.9881
-31.7656
49.1454
49.5139
45.7883
33.8391
13.8616
-2.05143
-13.2728
-24.0007
-34.2517
-51.2876
-87.1257
-94.8796
-94.9915
-94.9891
-94.9778
-94.9536
-94.9073
-94.829
-94.7157
-94.5759
-94.4253
-94.2783
-94.1438
-94.0256
-93.9238
-93.8372
-93.7635
-93.7007
-93.6468
-93.6003
-93.5597
-93.5241
-93.4925
-93.4641
-93.4384
-93.4148
-93.3931
-93.3728
-93.3537
-93.3355
-93.3181
-93.3014
-93.2852
-93.2694
-93.2539
-93.2387
-93.2236
-93.2087
-93.1939
-93.1792
-93.1645
-93.1499
-93.1352
-93.1205
-93.1058
-93.091
-93.0762
-93.0613
-93.0463
-93.0312
-93.0161
-93.0008
-92.9855
-92.9701
-92.9545
-92.9389
-92.9231
-92.9072
-92.8913
-92.8752
-92.859
-92.8426
-92.8262
-92.8096
-92.793
-92.7762
-92.7592
-92.7422
-92.725
-92.7077
-92.6903
-92.6727
-92.655
-92.6372
-92.6193
-92.6012
-92.583
-92.5647
-92.5462
-92.5276
-92.5089
-92.49
-92.471
-92.4518
-92.4326
-92.4131
-92.3936
-92.3739
-92.3541
-92.3341
-92.314
-92.2937
-92.2733
-92.2528
-92.2321
-92.2112
-92.1902
-92.1691
-92.1478
-92.1264
-92.1048
-92.083
-92.0612
-92.0391
-92.0169
-91.9946
-91.9721
-91.9494
-91.9266
-91.9036
-91.8804
-91.8571
-91.8337
-91.8101
-91.7863
-91.7623
-91.7382
-91.7139
-91.6894
-91.6648
-91.64
-91.615
-91.5899
-91.5646
-91.5391
-91.5134
-91.4876
-91.4615
-91.4353
-91.4089
-91.3823
-91.3556
-91.3286
-91.3015
-91.2742
-91.2466
-91.2189
-91.191
-91.1629
-91.1346
-91.1061
-91.0774
-91.0485
-91.0194
-90.9901
-90.9606
-90.9308
-90.9009
-90.8707
-90.8403
-90.8097
-90.7789
-90.7479
-90.7166
-90.6851
-90.6534
-90.6214
-90.5893
-90.5568
-90.5242
-90.4913
-90.4581
-90.4247
-90.3911
-90.3572
-90.323
-90.2886
-90.2539
-90.219
-90.1837
-90.1482
-90.1125
-90.0764
-90.0401
-90.0035
-89.9666
-89.9294
-89.8919
-89.8541
-89.816
-89.7776
-89.7388
-89.6998
-89.6604
-89.6206
-89.5806
-89.5402
-89.4994
-89.4583
-89.4169
-89.375
-89.3328
-89.2902
-89.2473
-89.2039
-89.1601
-89.116
-89.0714
-89.0263
-88.9809
-88.935
-88.8886
-88.8418
-88.7945
-88.7468
-88.6985
-88.6497
-88.6005
-88.5506
-88.5003
-88.4494
-88.3979
-88.3458
-88.2932
-88.2399
-88.186
-88.1314
-88.0762
-88.0202
-87.9636
-87.9063
-87.8482
-87.7893
-87.7296
-87.6691
-87.6077
-87.5454
-87.4823
-87.4181
-87.353
-87.2869
-87.2197
-87.1515
-87.0821
-87.0114
-86.9396
-86.8665
-86.792
-86.7161
-86.6387
-86.5598
-86.4792
-86.397
-86.3129
-86.227
-86.139
-86.049
-85.9568
-85.8622
-85.765
-85.6653
-85.5627
-85.457
-85.3482
-85.2358
-85.1198
-84.9996
-84.8752
-84.746
-84.6117
-84.4718
-84.3257
-84.1729
-84.0126
-83.844
-83.6661
-83.4778
-83.2777
-83.0642
-82.8353
-82.5886
-82.3209
-82.0285
-81.7063
-81.3476
-80.9437
-80.482
-79.9443
-79.3033
-78.5144
-77.5001
-76.1089
-73.9907
-70.0907
-59.1615
10.3439
49.9808
49.1765
43.6009
28.3054
7.34526
-6.38533
-17.127
-28.1328
-38.6591
-62.1689
-93.1994
-94.9648
-94.9913
-94.9851
-94.9691
-94.9368
-94.8782
-94.7857
-94.6613
-94.5173
-94.3693
-94.2294
-94.1039
-93.995
-93.9019
-93.8229
-93.7558
-93.6986
-93.6495
-93.607
-93.5699
-93.5372
-93.5081
-93.4819
-93.4581
-93.4362
-93.4159
-93.3968
-93.3788
-93.3617
-93.3452
-93.3293
-93.3138
-93.2987
-93.2838
-93.2691
-93.2546
-93.2402
-93.2259
-93.2116
-93.1973
-93.183
-93.1687
-93.1544
-93.14
-93.1256
-93.1111
-93.0965
-93.0819
-93.0671
-93.0523
-93.0374
-93.0223
-93.0072
-92.9919
-92.9766
-92.9611
-92.9455
-92.9299
-92.914
-92.8981
-92.8821
-92.8659
-92.8496
-92.8332
-92.8167
-92.8001
-92.7833
-92.7664
-92.7494
-92.7323
-92.715
-92.6976
-92.68
-92.6624
-92.6446
-92.6267
-92.6086
-92.5904
-92.5721
-92.5537
-92.5351
-92.5164
-92.4975
-92.4785
-92.4594
-92.4401
-92.4207
-92.4011
-92.3815
-92.3616
-92.3417
-92.3215
-92.3013
-92.2809
-92.2604
-92.2397
-92.2188
-92.1978
-92.1767
-92.1554
-92.134
-92.1124
-92.0907
-92.0688
-92.0468
-92.0246
-92.0022
-91.9797
-91.957
-91.9342
-91.9112
-91.8881
-91.8648
-91.8413
-91.8177
-91.7939
-91.77
-91.7458
-91.7215
-91.6971
-91.6724
-91.6476
-91.6227
-91.5975
-91.5722
-91.5467
-91.521
-91.4952
-91.4691
-91.4429
-91.4165
-91.3899
-91.3632
-91.3362
-91.3091
-91.2818
-91.2542
-91.2265
-91.1986
-91.1705
-91.1422
-91.1137
-91.085
-91.0561
-91.027
-90.9976
-90.9681
-90.9384
-90.9084
-90.8782
-90.8479
-90.8173
-90.7865
-90.7554
-90.7241
-90.6926
-90.6609
-90.629
-90.5968
-90.5644
-90.5317
-90.4988
-90.4656
-90.4322
-90.3986
-90.3647
-90.3305
-90.2961
-90.2614
-90.2265
-90.1913
-90.1558
-90.12
-90.084
-90.0476
-90.011
-89.9741
-89.9369
-89.8994
-89.8616
-89.8235
-89.7851
-89.7464
-89.7073
-89.6679
-89.6282
-89.5882
-89.5478
-89.507
-89.4659
-89.4245
-89.3826
-89.3405
-89.2979
-89.2549
-89.2115
-89.1678
-89.1236
-89.079
-89.034
-88.9886
-88.9427
-88.8964
-88.8496
-88.8023
-88.7545
-88.7063
-88.6575
-88.6083
-88.5585
-88.5081
-88.4572
-88.4058
-88.3537
-88.3011
-88.2478
-88.1939
-88.1394
-88.0842
-88.0283
-87.9717
-87.9143
-87.8563
-87.7974
-87.7377
-87.6773
-87.6159
-87.5537
-87.4906
-87.4265
-87.3614
-87.2953
-87.2282
-87.1599
-87.0906
-87.02
-86.9482
-86.8751
-86.8006
-86.7248
-86.6474
-86.5685
-86.488
-86.4058
-86.3218
-86.2359
-86.1481
-86.0581
-85.9659
-85.8713
-85.7743
-85.6746
-85.572
-85.4664
-85.3576
-85.2454
-85.1294
-85.0093
-84.8849
-84.7558
-84.6216
-84.4817
-84.3357
-84.1829
-84.0227
-83.8542
-83.6763
-83.4881
-83.288
-83.0746
-82.8458
-82.599
-82.3314
-82.039
-81.7166
-81.3579
-80.9538
-80.4917
-79.9535
-79.3116
-78.5212
-77.5044
-76.1081
-73.9781
-70.0406
-58.8894
12.205
49.9776
49.0787
43.1986
27.5343
6.70146
-6.79913
-17.4943
-28.5022
-39.3118
-63.8135
-93.5301
-94.9696
-94.9912
-94.9846
-94.9681
-94.935
-94.8752
-94.7815
-94.656
-94.5113
-94.363
-94.2229
-94.0975
-93.9885
-93.8955
-93.8164
-93.7493
-93.6921
-93.643
-93.6005
-93.5635
-93.5308
-93.5017
-93.4756
-93.4518
-93.4299
-93.4096
-93.3906
-93.3727
-93.3556
-93.3392
-93.3233
-93.3079
-93.2928
-93.278
-93.2633
-93.2489
-93.2345
-93.2203
-93.206
-93.1918
-93.1776
-93.1633
-93.1491
-93.1347
-93.1203
-93.1059
-93.0914
-93.0767
-93.062
-93.0473
-93.0324
-93.0174
-93.0023
-92.9871
-92.9717
-92.9563
-92.9408
-92.9251
-92.9093
-92.8934
-92.8774
-92.8613
-92.845
-92.8287
-92.8122
-92.7955
-92.7788
-92.7619
-92.7449
-92.7278
-92.7105
-92.6931
-92.6756
-92.658
-92.6402
-92.6223
-92.6042
-92.5861
-92.5678
-92.5493
-92.5308
-92.5121
-92.4932
-92.4742
-92.4551
-92.4358
-92.4164
-92.3969
-92.3772
-92.3574
-92.3374
-92.3173
-92.297
-92.2766
-92.2561
-92.2354
-92.2146
-92.1936
-92.1724
-92.1512
-92.1297
-92.1081
-92.0864
-92.0645
-92.0425
-92.0203
-91.9979
-91.9754
-91.9527
-91.9299
-91.9069
-91.8838
-91.8605
-91.837
-91.8134
-91.7896
-91.7656
-91.7415
-91.7172
-91.6927
-91.668
-91.6432
-91.6183
-91.5931
-91.5678
-91.5423
-91.5166
-91.4907
-91.4647
-91.4384
-91.412
-91.3854
-91.3586
-91.3317
-91.3045
-91.2772
-91.2496
-91.2219
-91.194
-91.1659
-91.1375
-91.109
-91.0803
-91.0514
-91.0223
-90.9929
-90.9634
-90.9336
-90.9037
-90.8735
-90.8431
-90.8125
-90.7816
-90.7506
-90.7193
-90.6878
-90.656
-90.6241
-90.5919
-90.5594
-90.5267
-90.4938
-90.4606
-90.4272
-90.3936
-90.3596
-90.3255
-90.291
-90.2563
-90.2214
-90.1861
-90.1506
-90.1149
-90.0788
-90.0425
-90.0058
-89.9689
-89.9317
-89.8942
-89.8563
-89.8182
-89.7798
-89.741
-89.7019
-89.6625
-89.6228
-89.5827
-89.5423
-89.5016
-89.4604
-89.4189
-89.3771
-89.3349
-89.2923
-89.2493
-89.2059
-89.1621
-89.1179
-89.0733
-89.0283
-88.9828
-88.9369
-88.8906
-88.8437
-88.7964
-88.7486
-88.7004
-88.6516
-88.6023
-88.5525
-88.5021
-88.4512
-88.3997
-88.3476
-88.2949
-88.2416
-88.1877
-88.1331
-88.0779
-88.0219
-87.9653
-87.9079
-87.8498
-87.7908
-87.7311
-87.6706
-87.6092
-87.5469
-87.4837
-87.4196
-87.3544
-87.2883
-87.2211
-87.1528
-87.0833
-87.0127
-86.9408
-86.8676
-86.793
-86.7171
-86.6396
-86.5607
-86.48
-86.3977
-86.3136
-86.2275
-86.1395
-86.0494
-85.957
-85.8623
-85.7651
-85.6651
-85.5624
-85.4566
-85.3475
-85.235
-85.1187
-84.9983
-84.8735
-84.744
-84.6094
-84.469
-84.3225
-84.1692
-84.0083
-83.8391
-83.6604
-83.4713
-83.2702
-83.0555
-82.8253
-82.577
-82.3074
-82.0126
-81.6875
-81.3252
-80.9167
-80.4489
-79.903
-79.2504
-78.4441
-77.4019
-75.9601
-73.7335
-69.5146
-56.8164
23.9209
49.9089
48.1679
40.0739
22.2589
2.94457
-9.37037
-19.8374
-30.755
-43.588
-74.1351
-94.5229
-94.9853
-94.9907
-94.9822
-94.9631
-94.9258
-94.8605
-94.7612
-94.6318
-94.4856
-94.3374
-94.1983
-94.0739
-93.966
-93.8736
-93.795
-93.7282
-93.6711
-93.622
-93.5795
-93.5424
-93.5096
-93.4804
-93.4541
-93.4302
-93.4082
-93.3878
-93.3687
-93.3507
-93.3335
-93.3169
-93.301
-93.2854
-93.2703
-93.2554
-93.2407
-93.2261
-93.2117
-93.1973
-93.183
-93.1687
-93.1544
-93.1401
-93.1257
-93.1113
-93.0968
-93.0823
-93.0677
-93.053
-93.0382
-93.0233
-93.0084
-92.9933
-92.9781
-92.9628
-92.9474
-92.9319
-92.9162
-92.9005
-92.8846
-92.8686
-92.8525
-92.8363
-92.8199
-92.8034
-92.7868
-92.7701
-92.7532
-92.7363
-92.7191
-92.7019
-92.6845
-92.667
-92.6494
-92.6316
-92.6137
-92.5957
-92.5775
-92.5592
-92.5408
-92.5222
-92.5035
-92.4847
-92.4657
-92.4466
-92.4273
-92.4079
-92.3884
-92.3687
-92.3489
-92.3289
-92.3088
-92.2886
-92.2682
-92.2476
-92.2269
-92.2061
-92.1851
-92.1639
-92.1427
-92.1212
-92.0996
-92.0779
-92.056
-92.0339
-92.0117
-91.9894
-91.9669
-91.9442
-91.9213
-91.8983
-91.8752
-91.8519
-91.8284
-91.8048
-91.7809
-91.757
-91.7328
-91.7085
-91.684
-91.6594
-91.6345
-91.6095
-91.5844
-91.559
-91.5335
-91.5078
-91.4819
-91.4559
-91.4296
-91.4032
-91.3766
-91.3498
-91.3228
-91.2957
-91.2683
-91.2407
-91.213
-91.185
-91.1569
-91.1286
-91.1
-91.0713
-91.0424
-91.0132
-90.9839
-90.9543
-90.9245
-90.8945
-90.8643
-90.8339
-90.8033
-90.7724
-90.7414
-90.71
-90.6785
-90.6467
-90.6148
-90.5825
-90.5501
-90.5174
-90.4844
-90.4512
-90.4178
-90.3841
-90.3502
-90.316
-90.2815
-90.2468
-90.2118
-90.1765
-90.141
-90.1052
-90.0691
-90.0327
-89.9961
-89.9591
-89.9219
-89.8843
-89.8465
-89.8084
-89.7699
-89.7311
-89.692
-89.6526
-89.6128
-89.5727
-89.5322
-89.4914
-89.4503
-89.4088
-89.3669
-89.3247
-89.282
-89.239
-89.1956
-89.1518
-89.1075
-89.0629
-89.0178
-88.9723
-88.9264
-88.88
-88.8331
-88.7857
-88.7379
-88.6896
-88.6408
-88.5914
-88.5415
-88.4911
-88.4401
-88.3886
-88.3365
-88.2837
-88.2304
-88.1764
-88.1218
-88.0664
-88.0104
-87.9537
-87.8963
-87.8381
-87.7791
-87.7193
-87.6587
-87.5972
-87.5348
-87.4716
-87.4073
-87.3421
-87.2759
-87.2085
-87.1401
-87.0706
-86.9998
-86.9278
-86.8545
-86.7798
-86.7037
-86.6261
-86.5469
-86.4662
-86.3837
-86.2993
-86.2131
-86.1249
-86.0345
-85.9419
-85.847
-85.7495
-85.6493
-85.5462
-85.4401
-85.3307
-85.2177
-85.101
-84.9802
-84.855
-84.7249
-84.5897
-84.4488
-84.3015
-84.1474
-83.9857
-83.8155
-83.6358
-83.4454
-83.243
-83.0267
-82.7946
-82.5441
-82.272
-81.9742
-81.6454
-81.2786
-80.8642
-80.3889
-79.833
-79.1661
-78.3389
-77.2629
-75.7602
-73.4012
-68.7797
-53.6617
36.1635
49.7557
47.0976
37.1242
18.0925
0.472261
-11.2176
-21.7536
-32.464
-47.1924
-81.3352
-94.7669
-94.9897
-94.9901
-94.9803
-94.9591
-94.9185
-94.8486
-94.7446
-94.6119
-94.464
-94.3156
-94.1771
-94.0535
-93.9463
-93.8546
-93.7765
-93.7099
-93.6531
-93.6042
-93.5618
-93.5247
-93.4919
-93.4627
-93.4364
-93.4124
-93.3904
-93.37
-93.3508
-93.3327
-93.3155
-93.2989
-93.2829
-93.2673
-93.2521
-93.2371
-93.2224
-93.2078
-93.1933
-93.1789
-93.1645
-93.1502
-93.1358
-93.1214
-93.107
-93.0926
-93.0781
-93.0635
-93.0488
-93.0341
-93.0192
-93.0043
-92.9893
-92.9741
-92.9589
-92.9435
-92.928
-92.9124
-92.8967
-92.8809
-92.865
-92.8489
-92.8328
-92.8165
-92.8
-92.7835
-92.7668
-92.75
-92.7331
-92.716
-92.6988
-92.6815
-92.664
-92.6465
-92.6287
-92.6109
-92.5929
-92.5748
-92.5566
-92.5382
-92.5197
-92.501
-92.4822
-92.4633
-92.4442
-92.425
-92.4056
-92.3861
-92.3665
-92.3467
-92.3268
-92.3068
-92.2866
-92.2662
-92.2457
-92.2251
-92.2043
-92.1833
-92.1622
-92.141
-92.1196
-92.098
-92.0763
-92.0545
-92.0325
-92.0103
-91.988
-91.9655
-91.9429
-91.9201
-91.8972
-91.8741
-91.8508
-91.8273
-91.8038
-91.78
-91.7561
-91.732
-91.7077
-91.6833
-91.6586
-91.6339
-91.6089
-91.5838
-91.5585
-91.533
-91.5074
-91.4815
-91.4555
-91.4293
-91.403
-91.3764
-91.3496
-91.3227
-91.2956
-91.2683
-91.2408
-91.2131
-91.1852
-91.1571
-91.1288
-91.1003
-91.0717
-91.0428
-91.0137
-90.9844
-90.9549
-90.9251
-90.8952
-90.8651
-90.8347
-90.8041
-90.7733
-90.7423
-90.7111
-90.6796
-90.6479
-90.616
-90.5838
-90.5514
-90.5188
-90.4859
-90.4527
-90.4194
-90.3857
-90.3519
-90.3177
-90.2834
-90.2487
-90.2138
-90.1786
-90.1431
-90.1074
-90.0714
-90.0351
-89.9985
-89.9616
-89.9245
-89.887
-89.8493
-89.8112
-89.7728
-89.7341
-89.6951
-89.6557
-89.6161
-89.5761
-89.5357
-89.495
-89.4539
-89.4125
-89.3707
-89.3286
-89.2861
-89.2431
-89.1998
-89.1561
-89.112
-89.0675
-89.0225
-88.9771
-88.9313
-88.885
-88.8383
-88.791
-88.7433
-88.6952
-88.6465
-88.5973
-88.5475
-88.4973
-88.4464
-88.395
-88.3431
-88.2905
-88.2373
-88.1835
-88.129
-88.0739
-88.0181
-87.9615
-87.9043
-87.8463
-87.7875
-87.7279
-87.6675
-87.6063
-87.5442
-87.4811
-87.4171
-87.3522
-87.2862
-87.2192
-87.151
-87.0818
-87.0113
-86.9396
-86.8667
-86.7923
-86.7166
-86.6394
-86.5607
-86.4803
-86.3983
-86.3144
-86.2287
-86.141
-86.0512
-85.9592
-85.8648
-85.768
-85.6685
-85.5662
-85.4608
-85.3523
-85.2402
-85.1245
-85.0048
-84.8807
-84.7519
-84.618
-84.4785
-84.3329
-84.1806
-84.0209
-83.8529
-83.6756
-83.488
-83.2887
-83.0761
-82.8482
-82.6025
-82.3361
-82.0451
-81.7246
-81.368
-80.9665
-80.5078
-79.9741
-79.3383
-78.5569
-77.5541
-76.1822
-74.103
-70.3078
-59.8772
5.65966
49.984
49.3676
44.4598
30.0566
8.93509
-5.38729
-16.2498
-27.2349
-37.1275
-58.3301
-92.0331
-94.9484
-94.9912
-94.9859
-94.9708
-94.94
-94.8832
-94.7922
-94.6681
-94.523
-94.3731
-94.2308
-94.1033
-93.9925
-93.8981
-93.818
-93.7502
-93.6925
-93.6431
-93.6005
-93.5634
-93.5307
-93.5018
-93.4758
-93.4522
-93.4305
-93.4105
-93.3917
-93.374
-93.3572
-93.341
-93.3254
-93.3103
-93.2955
-93.2809
-93.2666
-93.2524
-93.2383
-93.2243
-93.2103
-93.1963
-93.1823
-93.1684
-93.1543
-93.1402
-93.1261
-93.1119
-93.0976
-93.0832
-93.0687
-93.0541
-93.0395
-93.0247
-93.0098
-92.9948
-92.9797
-92.9645
-92.9492
-92.9337
-92.9182
-92.9025
-92.8867
-92.8707
-92.8547
-92.8385
-92.8222
-92.8058
-92.7892
-92.7726
-92.7558
-92.7388
-92.7218
-92.7046
-92.6872
-92.6698
-92.6522
-92.6345
-92.6166
-92.5986
-92.5805
-92.5623
-92.5439
-92.5254
-92.5067
-92.4879
-92.469
-92.4499
-92.4307
-92.4113
-92.3918
-92.3722
-92.3524
-92.3325
-92.3124
-92.2922
-92.2718
-92.2513
-92.2307
-92.2099
-92.1889
-92.1678
-92.1466
-92.1252
-92.1036
-92.0819
-92.0601
-92.0381
-92.0159
-91.9936
-91.9711
-91.9485
-91.9257
-91.9028
-91.8796
-91.8564
-91.8329
-91.8094
-91.7856
-91.7617
-91.7376
-91.7133
-91.6889
-91.6643
-91.6395
-91.6145
-91.5894
-91.5641
-91.5387
-91.513
-91.4872
-91.4612
-91.435
-91.4086
-91.3821
-91.3553
-91.3284
-91.3013
-91.274
-91.2465
-91.2188
-91.1909
-91.1628
-91.1346
-91.1061
-91.0774
-91.0485
-91.0195
-90.9902
-90.9607
-90.931
-90.901
-90.8709
-90.8406
-90.81
-90.7792
-90.7482
-90.717
-90.6855
-90.6539
-90.6219
-90.5898
-90.5574
-90.5248
-90.4919
-90.4588
-90.4255
-90.3919
-90.358
-90.3239
-90.2895
-90.2549
-90.22
-90.1848
-90.1494
-90.1137
-90.0777
-90.0415
-90.0049
-89.968
-89.9309
-89.8935
-89.8557
-89.8177
-89.7794
-89.7407
-89.7017
-89.6624
-89.6227
-89.5828
-89.5425
-89.5018
-89.4608
-89.4194
-89.3776
-89.3355
-89.293
-89.2502
-89.2069
-89.1632
-89.1192
-89.0747
-89.0298
-88.9844
-88.9386
-88.8924
-88.8457
-88.7986
-88.7509
-88.7028
-88.6542
-88.605
-88.5554
-88.5051
-88.4544
-88.403
-88.3511
-88.2986
-88.2455
-88.1918
-88.1374
-88.0823
-88.0266
-87.9702
-87.913
-87.8551
-87.7964
-87.7369
-87.6766
-87.6155
-87.5535
-87.4905
-87.4266
-87.3618
-87.2959
-87.229
-87.161
-87.0919
-87.0216
-86.95
-86.8772
-86.803
-86.7275
-86.6504
-86.5719
-86.4917
-86.4098
-86.3262
-86.2407
-86.1532
-86.0636
-85.9718
-85.8777
-85.7811
-85.6819
-85.5799
-85.4749
-85.3667
-85.255
-85.1397
-85.0203
-84.8967
-84.7684
-84.635
-84.4961
-84.3511
-84.1994
-84.0404
-83.8732
-83.6969
-83.5102
-83.3121
-83.1007
-82.8743
-82.6303
-82.3658
-82.0771
-81.7594
-81.4062
-81.009
-80.5557
-80.0292
-79.4033
-78.6365
-77.6563
-76.3239
-74.326
-70.7542
-61.4166
-5.32427
49.9747
49.5901
45.6866
32.9128
12.0139
-3.50234
-14.6155
-25.5069
-35.3337
-53.9193
-89.5344
-94.913
-94.9911
-94.9873
-94.9739
-94.9458
-94.893
-94.8064
-94.6855
-94.5418
-94.3914
-94.2479
-94.1188
-94.0066
-93.9109
-93.8299
-93.7614
-93.7032
-93.6535
-93.6106
-93.5734
-93.5407
-93.5117
-93.4857
-93.4622
-93.4406
-93.4207
-93.402
-93.3845
-93.3677
-93.3517
-93.3362
-93.3212
-93.3065
-93.2921
-93.2779
-93.2638
-93.2499
-93.236
-93.2222
-93.2083
-93.1945
-93.1806
-93.1667
-93.1528
-93.1388
-93.1247
-93.1105
-93.0963
-93.0819
-93.0675
-93.0529
-93.0383
-93.0235
-93.0087
-92.9937
-92.9786
-92.9634
-92.9481
-92.9327
-92.9171
-92.9014
-92.8856
-92.8697
-92.8537
-92.8375
-92.8212
-92.8048
-92.7882
-92.7716
-92.7548
-92.7378
-92.7208
-92.7036
-92.6863
-92.6688
-92.6512
-92.6335
-92.6157
-92.5977
-92.5796
-92.5613
-92.5429
-92.5244
-92.5058
-92.487
-92.468
-92.4489
-92.4297
-92.4104
-92.3909
-92.3712
-92.3515
-92.3315
-92.3115
-92.2913
-92.2709
-92.2504
-92.2298
-92.209
-92.188
-92.1669
-92.1457
-92.1243
-92.1028
-92.0811
-92.0592
-92.0372
-92.0151
-91.9928
-91.9703
-91.9477
-91.9249
-91.9019
-91.8788
-91.8555
-91.8321
-91.8085
-91.7848
-91.7609
-91.7368
-91.7125
-91.6881
-91.6635
-91.6387
-91.6138
-91.5887
-91.5634
-91.5379
-91.5123
-91.4864
-91.4604
-91.4343
-91.4079
-91.3813
-91.3546
-91.3277
-91.3006
-91.2733
-91.2458
-91.2181
-91.1903
-91.1622
-91.1339
-91.1055
-91.0768
-91.048
-91.0189
-90.9896
-90.9601
-90.9304
-90.9005
-90.8704
-90.8401
-90.8095
-90.7788
-90.7478
-90.7165
-90.6851
-90.6534
-90.6215
-90.5894
-90.557
-90.5244
-90.4916
-90.4585
-90.4251
-90.3916
-90.3577
-90.3236
-90.2893
-90.2547
-90.2198
-90.1847
-90.1492
-90.1136
-90.0776
-90.0414
-90.0048
-89.968
-89.9309
-89.8935
-89.8558
-89.8178
-89.7794
-89.7408
-89.7018
-89.6625
-89.6229
-89.583
-89.5427
-89.502
-89.4611
-89.4197
-89.378
-89.3359
-89.2935
-89.2506
-89.2074
-89.1638
-89.1197
-89.0753
-89.0304
-88.9851
-88.9394
-88.8932
-88.8465
-88.7994
-88.7518
-88.7037
-88.6551
-88.606
-88.5564
-88.5062
-88.4555
-88.4043
-88.3524
-88.3
-88.2469
-88.1932
-88.1389
-88.0839
-88.0282
-87.9718
-87.9147
-87.8569
-87.7983
-87.7388
-87.6786
-87.6176
-87.5556
-87.4927
-87.429
-87.3642
-87.2984
-87.2316
-87.1637
-87.0947
-87.0244
-86.953
-86.8803
-86.8062
-86.7308
-86.6539
-86.5754
-86.4954
-86.4136
-86.3301
-86.2448
-86.1574
-86.068
-85.9764
-85.8825
-85.7861
-85.6871
-85.5853
-85.4805
-85.3725
-85.2611
-85.146
-85.027
-84.9037
-84.7757
-84.6427
-84.5042
-84.3596
-84.2085
-84.05
-83.8833
-83.7076
-83.5218
-83.3244
-83.114
-82.8886
-82.6458
-82.3828
-82.0958
-81.7801
-81.4294
-81.0353
-80.586
-80.0648
-79.4463
-78.6901
-77.7266
-76.423
-74.4834
-71.0677
-62.453
-13.1082
49.9373
49.6139
45.9609
33.7584
13.1945
-2.721
-13.926
-24.7516
-34.8251
-52.682
-88.5047
-94.8985
-94.9912
-94.9879
-94.9752
-94.9484
-94.8976
-94.8132
-94.694
-94.5508
-94.3997
-94.2548
-94.124
-94.0102
-93.913
-93.8308
-93.7612
-93.7021
-93.6516
-93.6081
-93.5704
-93.5373
-93.508
-93.4817
-93.4579
-93.4362
-93.4161
-93.3973
-93.3796
-93.3628
-93.3467
-93.3312
-93.3161
-93.3014
-93.287
-93.2728
-93.2587
-93.2448
-93.2309
-93.217
-93.2032
-93.1894
-93.1755
-93.1616
-93.1477
-93.1337
-93.1196
-93.1054
-93.0912
-93.0769
-93.0624
-93.0479
-93.0333
-93.0185
-93.0037
-92.9887
-92.9737
-92.9585
-92.9432
-92.9277
-92.9122
-92.8965
-92.8807
-92.8648
-92.8488
-92.8326
-92.8163
-92.7999
-92.7834
-92.7667
-92.7499
-92.733
-92.716
-92.6988
-92.6815
-92.664
-92.6464
-92.6287
-92.6109
-92.5929
-92.5748
-92.5566
-92.5382
-92.5197
-92.501
-92.4822
-92.4633
-92.4442
-92.425
-92.4057
-92.3862
-92.3665
-92.3468
-92.3269
-92.3068
-92.2866
-92.2663
-92.2458
-92.2251
-92.2043
-92.1834
-92.1623
-92.1411
-92.1197
-92.0981
-92.0765
-92.0546
-92.0326
-92.0105
-91.9882
-91.9657
-91.9431
-91.9203
-91.8973
-91.8742
-91.851
-91.8276
-91.804
-91.7802
-91.7563
-91.7322
-91.708
-91.6835
-91.6589
-91.6342
-91.6092
-91.5841
-91.5589
-91.5334
-91.5078
-91.482
-91.456
-91.4298
-91.4034
-91.3769
-91.3502
-91.3233
-91.2962
-91.2689
-91.2414
-91.2137
-91.1858
-91.1578
-91.1295
-91.1011
-91.0724
-91.0436
-91.0145
-90.9852
-90.9558
-90.9261
-90.8962
-90.8661
-90.8358
-90.8052
-90.7745
-90.7435
-90.7123
-90.6808
-90.6492
-90.6173
-90.5852
-90.5528
-90.5202
-90.4874
-90.4543
-90.421
-90.3874
-90.3536
-90.3195
-90.2852
-90.2506
-90.2157
-90.1806
-90.1452
-90.1095
-90.0736
-90.0373
-90.0008
-89.964
-89.9269
-89.8895
-89.8518
-89.8138
-89.7755
-89.7369
-89.6979
-89.6587
-89.6191
-89.5792
-89.5389
-89.4983
-89.4573
-89.416
-89.3743
-89.3322
-89.2898
-89.247
-89.2038
-89.1601
-89.1161
-89.0717
-89.0269
-88.9816
-88.9359
-88.8897
-88.8431
-88.796
-88.7484
-88.7004
-88.6518
-88.6028
-88.5532
-88.503
-88.4523
-88.4011
-88.3493
-88.2969
-88.2438
-88.1902
-88.1359
-88.0809
-88.0253
-87.9689
-87.9119
-87.8541
-87.7955
-87.7362
-87.676
-87.615
-87.5531
-87.4902
-87.4265
-87.3618
-87.2961
-87.2293
-87.1615
-87.0925
-87.0223
-86.9509
-86.8783
-86.8043
-86.7289
-86.6521
-86.5737
-86.4937
-86.4121
-86.3287
-86.2434
-86.1562
-86.0669
-85.9754
-85.8816
-85.7853
-85.6864
-85.5847
-85.48
-85.3722
-85.2609
-85.146
-85.0271
-84.904
-84.7762
-84.6435
-84.5052
-84.3609
-84.21
-84.0518
-83.8855
-83.7102
-83.5247
-83.3278
-83.118
-82.8932
-82.6511
-82.3889
-82.1029
-81.7884
-81.4392
-81.0469
-80.6
-80.0819
-79.4677
-78.7177
-77.7639
-76.477
-74.5715
-71.246
-63.0349
-17.5599
49.8618
49.5841
45.9092
33.7793
13.383
-2.53332
-13.7428
-24.5413
-34.6684
-52.299
-88.1518
-94.8938
-94.9912
-94.9882
-94.9758
-94.9496
-94.8997
-94.8164
-94.698
-94.5547
-94.4028
-94.2566
-94.1242
-94.0087
-93.9101
-93.8265
-93.7558
-93.6957
-93.6444
-93.6002
-93.5619
-93.5282
-93.4985
-93.4718
-93.4477
-93.4257
-93.4053
-93.3863
-93.3685
-93.3515
-93.3353
-93.3196
-93.3045
-93.2896
-93.2751
-93.2608
-93.2467
-93.2327
-93.2187
-93.2048
-93.1909
-93.177
-93.1631
-93.1492
-93.1352
-93.1212
-93.107
-93.0928
-93.0786
-93.0642
-93.0497
-93.0351
-93.0205
-93.0057
-92.9908
-92.9758
-92.9607
-92.9454
-92.9301
-92.9146
-92.899
-92.8833
-92.8675
-92.8515
-92.8354
-92.8192
-92.8029
-92.7865
-92.7699
-92.7532
-92.7363
-92.7194
-92.7023
-92.685
-92.6677
-92.6502
-92.6325
-92.6148
-92.5969
-92.5788
-92.5607
-92.5424
-92.524
-92.5054
-92.4867
-92.4678
-92.4488
-92.4297
-92.4105
-92.391
-92.3715
-92.3518
-92.332
-92.312
-92.2919
-92.2716
-92.2512
-92.2307
-92.21
-92.1891
-92.1681
-92.147
-92.1257
-92.1042
-92.0826
-92.0608
-92.0389
-92.0169
-91.9947
-91.9723
-91.9498
-91.9271
-91.9042
-91.8812
-91.858
-91.8347
-91.8112
-91.7876
-91.7637
-91.7397
-91.7156
-91.6913
-91.6668
-91.6421
-91.6173
-91.5922
-91.5671
-91.5417
-91.5162
-91.4905
-91.4646
-91.4385
-91.4122
-91.3858
-91.3592
-91.3324
-91.3054
-91.2782
-91.2509
-91.2233
-91.1955
-91.1676
-91.1394
-91.1111
-91.0826
-91.0538
-91.0249
-90.9957
-90.9664
-90.9368
-90.907
-90.877
-90.8469
-90.8164
-90.7858
-90.755
-90.7239
-90.6926
-90.661
-90.6293
-90.5973
-90.5651
-90.5326
-90.4999
-90.467
-90.4338
-90.4004
-90.3667
-90.3328
-90.2986
-90.2642
-90.2294
-90.1945
-90.1592
-90.1237
-90.0879
-90.0519
-90.0155
-89.9789
-89.942
-89.9047
-89.8672
-89.8294
-89.7913
-89.7528
-89.7141
-89.675
-89.6356
-89.5959
-89.5558
-89.5154
-89.4746
-89.4335
-89.392
-89.3502
-89.308
-89.2654
-89.2224
-89.179
-89.1353
-89.0911
-89.0465
-89.0015
-88.956
-88.9101
-88.8638
-88.817
-88.7697
-88.7219
-88.6736
-88.6249
-88.5756
-88.5258
-88.4754
-88.4245
-88.373
-88.321
-88.2683
-88.215
-88.1611
-88.1065
-88.0513
-87.9954
-87.9387
-87.8814
-87.8233
-87.7644
-87.7047
-87.6441
-87.5828
-87.5205
-87.4573
-87.3932
-87.328
-87.2619
-87.1947
-87.1264
-87.0569
-86.9862
-86.9143
-86.8411
-86.7665
-86.6905
-86.6131
-86.534
-86.4534
-86.371
-86.2868
-86.2007
-86.1126
-86.0224
-85.9299
-85.8351
-85.7377
-85.6377
-85.5347
-85.4287
-85.3195
-85.2067
-85.0901
-84.9695
-84.8444
-84.7145
-84.5794
-84.4386
-84.2916
-84.1377
-83.9761
-83.806
-83.6266
-83.4363
-83.2341
-83.018
-82.7861
-82.5358
-82.2638
-81.9662
-81.6376
-81.271
-80.8568
-80.3817
-79.826
-79.1593
-78.3323
-77.2566
-75.7547
-73.3975
-68.785
-53.7563
35.905
49.7589
47.1166
37.1723
18.1548
0.507244
-11.1908
-21.7244
-32.4392
-47.1379
-81.2414
-94.7647
-94.9896
-94.99
-94.9802
-94.9589
-94.918
-94.8478
-94.7432
-94.6096
-94.4608
-94.3114
-94.172
-94.0477
-93.9399
-93.8476
-93.7692
-93.7025
-93.6455
-93.5965
-93.554
-93.517
-93.4843
-93.4552
-93.429
-93.4052
-93.3834
-93.3631
-93.3441
-93.3262
-93.3091
-93.2927
-93.2769
-93.2615
-93.2465
-93.2317
-93.2172
-93.2028
-93.1885
-93.1743
-93.1601
-93.1459
-93.1318
-93.1176
-93.1033
-93.0891
-93.0747
-93.0603
-93.0458
-93.0312
-93.0165
-93.0018
-92.9869
-92.9719
-92.9568
-92.9416
-92.9263
-92.9109
-92.8953
-92.8796
-92.8638
-92.8479
-92.8319
-92.8157
-92.7995
-92.783
-92.7665
-92.7498
-92.733
-92.7161
-92.6991
-92.6819
-92.6646
-92.6471
-92.6295
-92.6118
-92.5939
-92.576
-92.5578
-92.5396
-92.5212
-92.5027
-92.484
-92.4652
-92.4463
-92.4272
-92.4079
-92.3886
-92.3691
-92.3494
-92.3296
-92.3097
-92.2896
-92.2694
-92.249
-92.2285
-92.2078
-92.187
-92.166
-92.1449
-92.1236
-92.1022
-92.0806
-92.0589
-92.037
-92.015
-91.9928
-91.9705
-91.948
-91.9253
-91.9025
-91.8795
-91.8564
-91.8331
-91.8096
-91.786
-91.7622
-91.7382
-91.7141
-91.6898
-91.6653
-91.6407
-91.6159
-91.5909
-91.5658
-91.5404
-91.5149
-91.4892
-91.4634
-91.4373
-91.4111
-91.3847
-91.3581
-91.3313
-91.3044
-91.2772
-91.2499
-91.2224
-91.1946
-91.1667
-91.1386
-91.1103
-91.0818
-91.0531
-91.0242
-90.995
-90.9657
-90.9362
-90.9064
-90.8765
-90.8463
-90.8159
-90.7853
-90.7545
-90.7235
-90.6922
-90.6607
-90.629
-90.597
-90.5649
-90.5324
-90.4998
-90.4669
-90.4337
-90.4003
-90.3667
-90.3328
-90.2987
-90.2642
-90.2296
-90.1946
-90.1594
-90.124
-90.0882
-90.0522
-90.0159
-89.9793
-89.9424
-89.9052
-89.8678
-89.83
-89.7919
-89.7535
-89.7148
-89.6758
-89.6364
-89.5968
-89.5567
-89.5164
-89.4757
-89.4346
-89.3932
-89.3514
-89.3093
-89.2667
-89.2238
-89.1805
-89.1368
-89.0927
-89.0481
-89.0032
-88.9578
-88.912
-88.8657
-88.8189
-88.7717
-88.724
-88.6758
-88.6272
-88.578
-88.5282
-88.478
-88.4271
-88.3757
-88.3238
-88.2712
-88.218
-88.1642
-88.1097
-88.0546
-87.9988
-87.9423
-87.885
-87.827
-87.7682
-87.7087
-87.6483
-87.587
-87.5249
-87.4618
-87.3979
-87.3329
-87.2669
-87.1998
-87.1317
-87.0624
-86.9919
-86.9202
-86.8472
-86.7729
-86.6971
-86.6199
-86.5411
-86.4606
-86.3785
-86.2946
-86.2088
-86.121
-86.0311
-85.939
-85.8445
-85.7475
-85.6479
-85.5454
-85.4399
-85.3311
-85.2189
-85.1029
-84.9828
-84.8584
-84.7293
-84.595
-84.4551
-84.3089
-84.1561
-83.9956
-83.8269
-83.6488
-83.4602
-83.2597
-83.0457
-82.8162
-82.5687
-82.3001
-82.0064
-81.6825
-81.3218
-80.915
-80.4494
-79.9064
-79.2577
-78.4571
-77.4236
-75.9971
-73.8027
-69.6765
-57.4903
20.3842
49.9403
48.4856
41.0695
23.8216
3.9578
-8.64984
-19.1706
-30.134
-42.3584
-71.3049
-94.3635
-94.9825
-94.9908
-94.9827
-94.9641
-94.9275
-94.8631
-94.7642
-94.6345
-94.4871
-94.3372
-94.1963
-94.0703
-93.961
-93.8676
-93.7882
-93.7208
-93.6634
-93.6141
-93.5715
-93.5344
-93.5017
-93.4726
-93.4465
-93.4228
-93.4011
-93.3809
-93.3621
-93.3443
-93.3274
-93.3112
-93.2955
-93.2803
-93.2654
-93.2508
-93.2364
-93.2222
-93.208
-93.1939
-93.1799
-93.1659
-93.1519
-93.1378
-93.1238
-93.1096
-93.0954
-93.0812
-93.0668
-93.0524
-93.0379
-93.0232
-93.0085
-92.9937
-92.9787
-92.9637
-92.9485
-92.9332
-92.9178
-92.9023
-92.8866
-92.8709
-92.855
-92.839
-92.8229
-92.8066
-92.7902
-92.7737
-92.7571
-92.7403
-92.7234
-92.7064
-92.6892
-92.6719
-92.6545
-92.6369
-92.6192
-92.6014
-92.5834
-92.5654
-92.5471
-92.5288
-92.5103
-92.4916
-92.4728
-92.4539
-92.4349
-92.4157
-92.3963
-92.3768
-92.3572
-92.3374
-92.3175
-92.2975
-92.2773
-92.257
-92.2365
-92.2158
-92.195
-92.1741
-92.153
-92.1318
-92.1104
-92.0889
-92.0672
-92.0453
-92.0234
-92.0012
-91.9789
-91.9564
-91.9338
-91.911
-91.8881
-91.865
-91.8417
-91.8183
-91.7947
-91.7709
-91.747
-91.7229
-91.6987
-91.6743
-91.6497
-91.6249
-91.6
-91.5748
-91.5496
-91.5241
-91.4985
-91.4727
-91.4467
-91.4205
-91.3941
-91.3676
-91.3409
-91.3139
-91.2869
-91.2596
-91.2321
-91.2044
-91.1765
-91.1485
-91.1202
-91.0918
-91.0631
-91.0343
-91.0052
-90.9759
-90.9465
-90.9168
-90.8869
-90.8568
-90.8265
-90.7959
-90.7652
-90.7342
-90.703
-90.6715
-90.6399
-90.608
-90.5759
-90.5435
-90.511
-90.4781
-90.445
-90.4117
-90.3782
-90.3444
-90.3103
-90.276
-90.2414
-90.2065
-90.1714
-90.136
-90.1004
-90.0644
-90.0282
-89.9917
-89.9549
-89.9178
-89.8804
-89.8428
-89.8048
-89.7665
-89.7279
-89.689
-89.6497
-89.6101
-89.5702
-89.53
-89.4894
-89.4484
-89.4071
-89.3655
-89.3234
-89.281
-89.2382
-89.1951
-89.1515
-89.1075
-89.0631
-89.0183
-88.973
-88.9274
-88.8812
-88.8346
-88.7876
-88.74
-88.692
-88.6435
-88.5945
-88.5449
-88.4948
-88.4442
-88.393
-88.3412
-88.2889
-88.2359
-88.1823
-88.128
-88.0731
-88.0175
-87.9612
-87.9042
-87.8465
-87.788
-87.7287
-87.6685
-87.6076
-87.5457
-87.483
-87.4193
-87.3547
-87.289
-87.2223
-87.1546
-87.0857
-87.0156
-86.9443
-86.8717
-86.7978
-86.7225
-86.6457
-86.5675
-86.4876
-86.406
-86.3227
-86.2375
-86.1504
-86.0612
-85.9698
-85.8761
-85.7799
-85.6811
-85.5796
-85.475
-85.3673
-85.2562
-85.1415
-85.0227
-84.8998
-84.7721
-84.6395
-84.5014
-84.3573
-84.2066
-84.0486
-83.8826
-83.7075
-83.5223
-83.3257
-83.1161
-82.8917
-82.65
-82.3882
-82.1027
-81.7888
-81.4402
-81.0487
-80.6027
-80.0858
-79.4731
-78.7253
-77.7746
-76.4929
-74.5973
-71.295
-63.1735
-18.514
49.832
49.5771
45.8955
33.777
13.4143
-2.49858
-13.7082
-24.5014
-34.638
-52.2246
-88.0817
-94.8928
-94.9913
-94.9882
-94.9758
-94.9497
-94.8999
-94.8166
-94.698
-94.5543
-94.4019
-94.255
-94.122
-94.006
-93.9069
-93.8228
-93.7518
-93.6914
-93.6399
-93.5956
-93.5571
-93.5234
-93.4936
-93.4669
-93.4427
-93.4207
-93.4003
-93.3814
-93.3635
-93.3466
-93.3304
-93.3148
-93.2996
-93.2848
-93.2703
-93.2561
-93.242
-93.228
-93.2141
-93.2002
-93.1864
-93.1725
-93.1587
-93.1448
-93.1308
-93.1168
-93.1027
-93.0886
-93.0743
-93.06
-93.0455
-93.031
-93.0164
-93.0016
-92.9868
-92.9718
-92.9567
-92.9415
-92.9262
-92.9107
-92.8952
-92.8795
-92.8637
-92.8478
-92.8317
-92.8155
-92.7992
-92.7828
-92.7663
-92.7496
-92.7328
-92.7158
-92.6987
-92.6815
-92.6642
-92.6467
-92.6291
-92.6114
-92.5935
-92.5755
-92.5574
-92.5391
-92.5207
-92.5022
-92.4835
-92.4647
-92.4457
-92.4266
-92.4074
-92.388
-92.3685
-92.3488
-92.329
-92.3091
-92.289
-92.2687
-92.2483
-92.2278
-92.2071
-92.1863
-92.1653
-92.1442
-92.1229
-92.1015
-92.0799
-92.0582
-92.0363
-92.0143
-91.9921
-91.9698
-91.9473
-91.9246
-91.9018
-91.8788
-91.8557
-91.8324
-91.8089
-91.7853
-91.7615
-91.7375
-91.7134
-91.6891
-91.6647
-91.64
-91.6152
-91.5903
-91.5651
-91.5398
-91.5143
-91.4886
-91.4628
-91.4368
-91.4105
-91.3841
-91.3576
-91.3308
-91.3039
-91.2767
-91.2494
-91.2219
-91.1942
-91.1663
-91.1382
-91.1099
-91.0814
-91.0527
-91.0238
-90.9947
-90.9654
-90.9359
-90.9062
-90.8763
-90.8461
-90.8158
-90.7852
-90.7544
-90.7234
-90.6921
-90.6607
-90.629
-90.5971
-90.5649
-90.5325
-90.4999
-90.467
-90.4339
-90.4006
-90.367
-90.3331
-90.299
-90.2646
-90.23
-90.1951
-90.1599
-90.1245
-90.0888
-90.0529
-90.0166
-89.98
-89.9432
-89.9061
-89.8687
-89.831
-89.7929
-89.7546
-89.7159
-89.677
-89.6377
-89.598
-89.5581
-89.5178
-89.4771
-89.4361
-89.3948
-89.3531
-89.311
-89.2685
-89.2257
-89.1824
-89.1388
-89.0948
-89.0503
-89.0054
-88.9601
-88.9144
-88.8682
-88.8215
-88.7744
-88.7268
-88.6787
-88.6301
-88.581
-88.5314
-88.4812
-88.4305
-88.3793
-88.3274
-88.2749
-88.2219
-88.1682
-88.1138
-88.0588
-88.0031
-87.9468
-87.8897
-87.8318
-87.7732
-87.7137
-87.6535
-87.5924
-87.5304
-87.4676
-87.4038
-87.339
-87.2732
-87.2063
-87.1384
-87.0693
-86.999
-86.9276
-86.8548
-86.7807
-86.7052
-86.6282
-86.5497
-86.4695
-86.3877
-86.3041
-86.2187
-86.1312
-86.0417
-85.95
-85.8559
-85.7593
-85.6601
-85.5581
-85.4531
-85.3449
-85.2332
-85.1178
-84.9985
-84.8748
-84.7464
-84.613
-84.474
-84.3289
-84.1771
-84.0178
-83.8504
-83.6738
-83.4869
-83.2883
-83.0765
-82.8495
-82.6049
-82.3396
-82.05
-81.731
-81.3761
-80.9769
-80.521
-79.9908
-79.3598
-78.5854
-77.5933
-76.2402
-74.1999
-70.5132
-60.6366
0.268645
49.9822
49.5065
45.1775
31.659
10.5724
-4.38419
-15.3781
-26.3219
-35.8246
-55.1187
-90.3835
-94.9251
-94.9911
-94.9868
-94.9727
-94.9435
-94.8889
-94.8001
-94.6773
-94.5321
-94.381
-94.2372
-94.108
-93.9959
-93.9003
-93.8194
-93.751
-93.6929
-93.6433
-93.6006
-93.5634
-93.5308
-93.502
-93.4761
-93.4527
-93.4312
-93.4114
-93.3929
-93.3754
-93.3588
-93.3429
-93.3276
-93.3126
-93.2981
-93.2838
-93.2697
-93.2557
-93.2419
-93.2281
-93.2144
-93.2007
-93.1869
-93.1732
-93.1594
-93.1455
-93.1316
-93.1176
-93.1036
-93.0894
-93.0752
-93.0608
-93.0464
-93.0318
-93.0172
-93.0024
-92.9875
-92.9725
-92.9574
-92.9421
-92.9268
-92.9113
-92.8957
-92.88
-92.8641
-92.8482
-92.8321
-92.8159
-92.7995
-92.783
-92.7664
-92.7497
-92.7329
-92.7159
-92.6987
-92.6815
-92.6641
-92.6466
-92.6289
-92.6112
-92.5933
-92.5752
-92.557
-92.5387
-92.5203
-92.5017
-92.4829
-92.4641
-92.4451
-92.4259
-92.4066
-92.3872
-92.3676
-92.3479
-92.3281
-92.3081
-92.2879
-92.2676
-92.2472
-92.2266
-92.2059
-92.185
-92.164
-92.1428
-92.1215
-92.1
-92.0784
-92.0566
-92.0347
-92.0126
-91.9904
-91.968
-91.9454
-91.9227
-91.8999
-91.8768
-91.8536
-91.8303
-91.8068
-91.7831
-91.7593
-91.7353
-91.7111
-91.6867
-91.6622
-91.6375
-91.6127
-91.5877
-91.5625
-91.5371
-91.5116
-91.4858
-91.4599
-91.4338
-91.4076
-91.3811
-91.3545
-91.3277
-91.3007
-91.2735
-91.2461
-91.2185
-91.1908
-91.1628
-91.1347
-91.1063
-91.0778
-91.049
-91.0201
-90.9909
-90.9616
-90.932
-90.9022
-90.8722
-90.842
-90.8116
-90.781
-90.7501
-90.7191
-90.6878
-90.6562
-90.6245
-90.5925
-90.5603
-90.5278
-90.4951
-90.4622
-90.429
-90.3956
-90.362
-90.328
-90.2939
-90.2594
-90.2247
-90.1898
-90.1546
-90.1191
-90.0833
-90.0473
-90.0109
-89.9743
-89.9374
-89.9002
-89.8627
-89.8249
-89.7868
-89.7484
-89.7097
-89.6706
-89.6313
-89.5916
-89.5515
-89.5112
-89.4704
-89.4293
-89.3879
-89.3461
-89.3039
-89.2614
-89.2185
-89.1751
-89.1314
-89.0873
-89.0427
-88.9977
-88.9523
-88.9065
-88.8602
-88.8135
-88.7662
-88.7185
-88.6703
-88.6216
-88.5724
-88.5227
-88.4724
-88.4215
-88.3701
-88.3181
-88.2655
-88.2123
-88.1585
-88.104
-88.0489
-87.993
-87.9365
-87.8792
-87.8212
-87.7624
-87.7028
-87.6424
-87.5811
-87.5189
-87.4558
-87.3918
-87.3268
-87.2608
-87.1937
-87.1255
-87.0562
-86.9857
-86.9139
-86.8408
-86.7664
-86.6906
-86.6133
-86.5344
-86.4539
-86.3717
-86.2877
-86.2018
-86.1139
-86.0238
-85.9316
-85.837
-85.7398
-85.64
-85.5373
-85.4316
-85.3226
-85.2101
-85.0938
-84.9735
-84.8487
-84.7192
-84.5845
-84.4441
-84.2974
-84.144
-83.9829
-83.8133
-83.6344
-83.4448
-83.2432
-83.0279
-82.7969
-82.5475
-82.2767
-81.9803
-81.6531
-81.2883
-80.8764
-80.404
-79.8519
-79.1902
-78.3704
-77.3058
-75.8234
-73.508
-69.0195
-54.7242
32.7593
49.8003
47.3674
37.8236
19.0263
1.00786
-10.8066
-21.306
-32.0777
-46.3503
-79.8206
-94.7281
-94.9889
-94.9902
-94.9805
-94.9597
-94.9195
-94.8502
-94.7465
-94.6135
-94.4648
-94.3152
-94.1753
-94.0505
-93.9423
-93.8497
-93.771
-93.704
-93.6469
-93.5978
-93.5553
-93.5182
-93.4856
-93.4565
-93.4303
-93.4066
-93.3848
-93.3645
-93.3456
-93.3278
-93.3108
-93.2945
-93.2787
-93.2634
-93.2485
-93.2338
-93.2193
-93.205
-93.1908
-93.1766
-93.1625
-93.1485
-93.1344
-93.1203
-93.1061
-93.0919
-93.0776
-93.0633
-93.0489
-93.0344
-93.0198
-93.0051
-92.9903
-92.9754
-92.9604
-92.9452
-92.93
-92.9146
-92.8991
-92.8835
-92.8678
-92.852
-92.836
-92.8199
-92.8037
-92.7874
-92.7709
-92.7543
-92.7376
-92.7208
-92.7038
-92.6867
-92.6694
-92.652
-92.6345
-92.6169
-92.5991
-92.5812
-92.5632
-92.545
-92.5267
-92.5082
-92.4896
-92.4709
-92.452
-92.433
-92.4139
-92.3946
-92.3751
-92.3556
-92.3358
-92.316
-92.296
-92.2758
-92.2556
-92.2351
-92.2145
-92.1938
-92.1729
-92.1519
-92.1307
-92.1093
-92.0879
-92.0662
-92.0444
-92.0225
-92.0004
-91.9782
-91.9557
-91.9332
-91.9104
-91.8876
-91.8645
-91.8413
-91.8179
-91.7944
-91.7707
-91.7469
-91.7228
-91.6986
-91.6743
-91.6497
-91.625
-91.6002
-91.5751
-91.5499
-91.5245
-91.4989
-91.4732
-91.4472
-91.4211
-91.3948
-91.3684
-91.3417
-91.3149
-91.2879
-91.2606
-91.2332
-91.2056
-91.1778
-91.1498
-91.1217
-91.0933
-91.0647
-91.036
-91.007
-90.9778
-90.9484
-90.9188
-90.889
-90.859
-90.8287
-90.7983
-90.7676
-90.7367
-90.7056
-90.6743
-90.6427
-90.6109
-90.5789
-90.5467
-90.5142
-90.4815
-90.4485
-90.4153
-90.3818
-90.3481
-90.3142
-90.2799
-90.2455
-90.2107
-90.1757
-90.1405
-90.1049
-90.0691
-90.033
-89.9967
-89.96
-89.923
-89.8858
-89.8483
-89.8104
-89.7723
-89.7338
-89.695
-89.6559
-89.6165
-89.5768
-89.5367
-89.4962
-89.4555
-89.4143
-89.3728
-89.331
-89.2887
-89.2461
-89.2031
-89.1597
-89.116
-89.0718
-89.0271
-88.9821
-88.9366
-88.8907
-88.8444
-88.7975
-88.7502
-88.7024
-88.6541
-88.6054
-88.5561
-88.5062
-88.4559
-88.4049
-88.3534
-88.3013
-88.2487
-88.1953
-88.1414
-88.0868
-88.0316
-87.9756
-87.919
-87.8616
-87.8034
-87.7445
-87.6847
-87.6242
-87.5628
-87.5005
-87.4372
-87.373
-87.3079
-87.2417
-87.1744
-87.106
-87.0365
-86.9658
-86.8938
-86.8205
-86.7458
-86.6698
-86.5922
-86.5131
-86.4323
-86.3498
-86.2655
-86.1792
-86.091
-86.0006
-85.9079
-85.8129
-85.7153
-85.615
-85.5118
-85.4055
-85.2959
-85.1828
-85.0659
-84.9448
-84.8193
-84.6889
-84.5532
-84.4118
-84.264
-84.1093
-83.9468
-83.7757
-83.595
-83.4035
-83.1996
-82.9817
-82.7477
-82.4948
-82.2199
-81.9186
-81.5855
-81.2133
-80.7919
-80.3073
-79.7386
-79.0536
-78.199
-77.0781
-75.4921
-72.9449
-67.7131
-48.4348
45.4
49.6377
46.451
35.5145
16.0256
-0.717085
-12.1569
-22.7773
-33.3089
-49.089
-84.348
-94.832
-94.9908
-94.9896
-94.979
-94.9563
-94.9128
-94.8388
-94.73
-94.593
-94.4422
-94.2923
-94.1532
-94.0297
-93.9229
-93.8316
-93.754
-93.688
-93.6316
-93.5832
-93.5412
-93.5045
-93.4722
-93.4434
-93.4174
-93.3938
-93.3722
-93.352
-93.3332
-93.3154
-93.2984
-93.2822
-93.2664
-93.2511
-93.2361
-93.2214
-93.2069
-93.1926
-93.1783
-93.1642
-93.15
-93.1359
-93.1218
-93.1076
-93.0934
-93.0792
-93.0649
-93.0505
-93.036
-93.0215
-93.0068
-92.9921
-92.9772
-92.9623
-92.9472
-92.932
-92.9167
-92.9013
-92.8858
-92.8701
-92.8544
-92.8385
-92.8225
-92.8063
-92.7901
-92.7737
-92.7572
-92.7405
-92.7237
-92.7068
-92.6898
-92.6726
-92.6553
-92.6379
-92.6203
-92.6026
-92.5848
-92.5668
-92.5487
-92.5305
-92.5121
-92.4936
-92.4749
-92.4561
-92.4372
-92.4181
-92.3989
-92.3796
-92.3601
-92.3404
-92.3207
-92.3008
-92.2807
-92.2605
-92.2401
-92.2196
-92.199
-92.1782
-92.1572
-92.1361
-92.1149
-92.0935
-92.0719
-92.0502
-92.0284
-92.0064
-91.9842
-91.9619
-91.9394
-91.9168
-91.894
-91.871
-91.8479
-91.8246
-91.8012
-91.7776
-91.7538
-91.7299
-91.7058
-91.6815
-91.6571
-91.6325
-91.6077
-91.5828
-91.5577
-91.5324
-91.5069
-91.4813
-91.4554
-91.4294
-91.4033
-91.3769
-91.3503
-91.3236
-91.2967
-91.2696
-91.2423
-91.2148
-91.1871
-91.1593
-91.1312
-91.1029
-91.0745
-91.0458
-91.017
-90.9879
-90.9586
-90.9292
-90.8995
-90.8696
-90.8395
-90.8092
-90.7786
-90.7479
-90.7169
-90.6857
-90.6543
-90.6226
-90.5908
-90.5586
-90.5263
-90.4937
-90.4609
-90.4278
-90.3945
-90.361
-90.3272
-90.2931
-90.2588
-90.2242
-90.1894
-90.1543
-90.1189
-90.0833
-90.0473
-90.0111
-89.9746
-89.9379
-89.9008
-89.8635
-89.8258
-89.7878
-89.7496
-89.711
-89.6721
-89.6329
-89.5933
-89.5534
-89.5132
-89.4726
-89.4317
-89.3904
-89.3488
-89.3068
-89.2644
-89.2217
-89.1785
-89.135
-89.091
-89.0467
-89.0019
-88.9567
-88.9111
-88.865
-88.8184
-88.7714
-88.7239
-88.6759
-88.6275
-88.5785
-88.529
-88.4789
-88.4284
-88.3772
-88.3255
-88.2732
-88.2202
-88.1667
-88.1125
-88.0577
-88.0021
-87.9459
-87.889
-87.8313
-87.7728
-87.7136
-87.6536
-87.5927
-87.5309
-87.4682
-87.4046
-87.3401
-87.2745
-87.2079
-87.1402
-87.0714
-87.0014
-86.9302
-86.8577
-86.7839
-86.7087
-86.632
-86.5539
-86.4741
-86.3926
-86.3094
-86.2244
-86.1374
-86.0483
-85.957
-85.8634
-85.7674
-85.6687
-85.5673
-85.4629
-85.3554
-85.2444
-85.1298
-85.0113
-84.8885
-84.7611
-84.6287
-84.4908
-84.3469
-84.1964
-84.0387
-83.8729
-83.6981
-83.5133
-83.317
-83.1079
-82.8838
-82.6426
-82.3814
-82.0966
-81.7834
-81.4357
-81.0453
-80.6007
-80.0857
-79.4754
-78.731
-77.7856
-76.5127
-74.6344
-71.3757
-63.4373
-20.5039
49.7401
49.5617
45.8645
33.7643
13.4677
-2.43418
-13.6433
-24.426
-34.5799
-52.0827
-87.9447
-94.891
-94.9913
-94.9883
-94.9761
-94.9501
-94.9006
-94.8176
-94.6992
-94.5553
-94.4023
-94.2545
-94.1205
-94.0036
-93.9035
-93.8188
-93.747
-93.6861
-93.6341
-93.5894
-93.5506
-93.5167
-93.4866
-93.4597
-93.4355
-93.4133
-93.3928
-93.3738
-93.3559
-93.3389
-93.3227
-93.307
-93.2919
-93.2771
-93.2626
-93.2483
-93.2342
-93.2202
-93.2063
-93.1924
-93.1786
-93.1648
-93.1509
-93.137
-93.1231
-93.1091
-93.095
-93.0809
-93.0666
-93.0523
-93.0379
-93.0233
-93.0087
-92.994
-92.9791
-92.9642
-92.9491
-92.9339
-92.9186
-92.9032
-92.8876
-92.8719
-92.8561
-92.8402
-92.8242
-92.808
-92.7917
-92.7753
-92.7588
-92.7421
-92.7253
-92.7083
-92.6913
-92.6741
-92.6567
-92.6393
-92.6217
-92.604
-92.5861
-92.5681
-92.55
-92.5317
-92.5133
-92.4948
-92.4761
-92.4573
-92.4383
-92.4192
-92.4
-92.3806
-92.3611
-92.3415
-92.3217
-92.3017
-92.2817
-92.2614
-92.2411
-92.2206
-92.1999
-92.1791
-92.1581
-92.137
-92.1157
-92.0943
-92.0728
-92.0511
-92.0292
-92.0072
-91.985
-91.9627
-91.9402
-91.9175
-91.8947
-91.8718
-91.8486
-91.8254
-91.8019
-91.7783
-91.7545
-91.7306
-91.7065
-91.6822
-91.6578
-91.6332
-91.6084
-91.5834
-91.5583
-91.533
-91.5076
-91.4819
-91.4561
-91.4301
-91.4039
-91.3775
-91.351
-91.3242
-91.2973
-91.2702
-91.2429
-91.2155
-91.1878
-91.1599
-91.1318
-91.1036
-91.0751
-91.0465
-91.0176
-90.9886
-90.9593
-90.9298
-90.9002
-90.8703
-90.8402
-90.8099
-90.7793
-90.7486
-90.7176
-90.6864
-90.655
-90.6234
-90.5915
-90.5594
-90.5271
-90.4945
-90.4617
-90.4286
-90.3953
-90.3618
-90.328
-90.294
-90.2597
-90.2251
-90.1903
-90.1552
-90.1198
-90.0842
-90.0483
-90.0121
-89.9757
-89.9389
-89.9018
-89.8645
-89.8269
-89.7889
-89.7507
-89.7121
-89.6732
-89.634
-89.5945
-89.5547
-89.5145
-89.4739
-89.433
-89.3918
-89.3502
-89.3082
-89.2658
-89.2231
-89.18
-89.1365
-89.0926
-89.0482
-89.0035
-88.9583
-88.9127
-88.8667
-88.8201
-88.7732
-88.7257
-88.6778
-88.6293
-88.5804
-88.5309
-88.4809
-88.4304
-88.3793
-88.3276
-88.2753
-88.2224
-88.1689
-88.1148
-88.06
-88.0045
-87.9484
-87.8915
-87.8339
-87.7755
-87.7163
-87.6563
-87.5955
-87.5338
-87.4712
-87.4076
-87.3431
-87.2776
-87.2111
-87.1435
-87.0747
-87.0048
-86.9337
-86.8613
-86.7876
-86.7125
-86.6359
-86.5579
-86.4782
-86.3969
-86.3138
-86.2288
-86.142
-86.053
-85.9619
-85.8684
-85.7726
-85.6741
-85.5728
-85.4686
-85.3613
-85.2505
-85.1362
-85.0179
-84.8953
-84.7682
-84.6361
-84.4985
-84.355
-84.2049
-84.0476
-83.8823
-83.7081
-83.5238
-83.3282
-83.1198
-82.8966
-82.6564
-82.3964
-82.1129
-81.8014
-81.4557
-81.0678
-80.6265
-80.1158
-79.5115
-78.7756
-77.8435
-76.5935
-74.7609
-71.6219
-64.1995
-26.2683
48.9724
49.5227
45.7978
33.7652
13.6463
-2.243
-13.4544
-24.2078
-34.4115
-51.673
-87.535
-94.8855
-94.9913
-94.9886
-94.9767
-94.9514
-94.9031
-94.8216
-94.7044
-94.5607
-94.4069
-94.2574
-94.1214
-94.0022
-93.9001
-93.8133
-93.7398
-93.6774
-93.624
-93.5781
-93.5383
-93.5034
-93.4725
-93.4449
-93.42
-93.3973
-93.3764
-93.3569
-93.3386
-93.3213
-93.3047
-93.2888
-93.2733
-93.2583
-93.2436
-93.2291
-93.2148
-93.2006
-93.1866
-93.1725
-93.1585
-93.1446
-93.1306
-93.1165
-93.1025
-93.0883
-93.0741
-93.0598
-93.0455
-93.031
-93.0165
-93.0018
-92.9871
-92.9722
-92.9573
-92.9422
-92.927
-92.9117
-92.8962
-92.8807
-92.865
-92.8492
-92.8333
-92.8173
-92.8011
-92.7848
-92.7684
-92.7519
-92.7352
-92.7184
-92.7014
-92.6844
-92.6672
-92.6498
-92.6324
-92.6148
-92.5971
-92.5792
-92.5612
-92.5431
-92.5248
-92.5064
-92.4879
-92.4692
-92.4504
-92.4315
-92.4124
-92.3931
-92.3738
-92.3542
-92.3346
-92.3148
-92.2949
-92.2748
-92.2546
-92.2342
-92.2137
-92.193
-92.1722
-92.1512
-92.1301
-92.1088
-92.0874
-92.0658
-92.0441
-92.0223
-92.0002
-91.9781
-91.9557
-91.9332
-91.9106
-91.8878
-91.8648
-91.8417
-91.8184
-91.795
-91.7713
-91.7476
-91.7236
-91.6995
-91.6752
-91.6508
-91.6262
-91.6014
-91.5764
-91.5513
-91.526
-91.5005
-91.4749
-91.449
-91.423
-91.3968
-91.3705
-91.3439
-91.3172
-91.2903
-91.2631
-91.2358
-91.2083
-91.1807
-91.1528
-91.1247
-91.0965
-91.068
-91.0393
-91.0105
-90.9814
-90.9521
-90.9227
-90.893
-90.8631
-90.833
-90.8027
-90.7721
-90.7414
-90.7104
-90.6792
-90.6478
-90.6161
-90.5843
-90.5521
-90.5198
-90.4872
-90.4544
-90.4213
-90.388
-90.3545
-90.3207
-90.2866
-90.2523
-90.2178
-90.1829
-90.1478
-90.1125
-90.0768
-90.0409
-90.0047
-89.9682
-89.9315
-89.8944
-89.8571
-89.8194
-89.7815
-89.7432
-89.7046
-89.6657
-89.6265
-89.587
-89.5471
-89.5069
-89.4664
-89.4255
-89.3842
-89.3426
-89.3006
-89.2582
-89.2155
-89.1724
-89.1288
-89.0849
-89.0406
-88.9958
-88.9506
-88.905
-88.8589
-88.8124
-88.7654
-88.7179
-88.67
-88.6215
-88.5726
-88.5231
-88.4731
-88.4225
-88.3714
-88.3197
-88.2674
-88.2145
-88.1609
-88.1068
-88.052
-87.9965
-87.9403
-87.8834
-87.8257
-87.7673
-87.7081
-87.648
-87.5872
-87.5254
-87.4628
-87.3992
-87.3347
-87.2691
-87.2026
-87.1349
-87.0661
-86.9962
-86.925
-86.8525
-86.7787
-86.7036
-86.627
-86.5488
-86.4691
-86.3877
-86.3045
-86.2194
-86.1325
-86.0434
-85.9522
-85.8586
-85.7626
-85.664
-85.5626
-85.4583
-85.3507
-85.2398
-85.1252
-85.0067
-84.884
-84.7566
-84.6242
-84.4863
-84.3425
-84.192
-84.0343
-83.8686
-83.6938
-83.5089
-83.3127
-83.1035
-82.8795
-82.6383
-82.3771
-82.0922
-81.779
-81.4313
-81.0408
-80.5962
-80.0811
-79.4707
-78.7263
-77.781
-76.5087
-74.6322
-71.3818
-63.5003
-21.2178
49.694
49.556
45.8521
33.756
13.4814
-2.41488
-13.6233
-24.4025
-34.5616
-52.038
-87.9014
-94.8905
-94.9913
-94.9884
-94.9761
-94.9503
-94.901
-94.8183
-94.7001
-94.5563
-94.4031
-94.255
-94.1207
-94.0034
-93.903
-93.8179
-93.7458
-93.6847
-93.6325
-93.5876
-93.5486
-93.5145
-93.4843
-93.4573
-93.4329
-93.4106
-93.3901
-93.371
-93.3531
-93.336
-93.3197
-93.3041
-93.2889
-93.274
-93.2595
-93.2452
-93.2311
-93.2171
-93.2032
-93.1893
-93.1755
-93.1616
-93.1478
-93.1339
-93.1199
-93.1059
-93.0918
-93.0777
-93.0634
-93.0491
-93.0347
-93.0202
-93.0055
-92.9908
-92.9759
-92.961
-92.9459
-92.9307
-92.9154
-92.9
-92.8844
-92.8687
-92.8529
-92.837
-92.821
-92.8048
-92.7885
-92.7721
-92.7556
-92.7389
-92.7221
-92.7051
-92.6881
-92.6709
-92.6535
-92.6361
-92.6185
-92.6008
-92.5829
-92.5649
-92.5468
-92.5285
-92.5101
-92.4916
-92.4729
-92.4541
-92.4352
-92.4161
-92.3968
-92.3775
-92.3579
-92.3383
-92.3185
-92.2986
-92.2785
-92.2583
-92.2379
-92.2174
-92.1967
-92.1759
-92.1549
-92.1338
-92.1126
-92.0912
-92.0696
-92.0479
-92.026
-92.004
-91.9819
-91.9595
-91.937
-91.9144
-91.8916
-91.8686
-91.8455
-91.8223
-91.7988
-91.7752
-91.7515
-91.7275
-91.7034
-91.6792
-91.6547
-91.6301
-91.6054
-91.5804
-91.5553
-91.53
-91.5046
-91.4789
-91.4531
-91.4271
-91.4009
-91.3746
-91.348
-91.3213
-91.2944
-91.2673
-91.24
-91.2126
-91.1849
-91.157
-91.129
-91.1008
-91.0723
-91.0437
-91.0148
-90.9858
-90.9566
-90.9271
-90.8974
-90.8676
-90.8375
-90.8072
-90.7767
-90.746
-90.715
-90.6838
-90.6524
-90.6208
-90.589
-90.5569
-90.5246
-90.4921
-90.4593
-90.4262
-90.393
-90.3594
-90.3257
-90.2917
-90.2574
-90.2229
-90.1881
-90.153
-90.1177
-90.0821
-90.0462
-90.0101
-89.9736
-89.9369
-89.8999
-89.8626
-89.825
-89.7871
-89.7489
-89.7103
-89.6715
-89.6323
-89.5928
-89.553
-89.5129
-89.4724
-89.4315
-89.3903
-89.3488
-89.3068
-89.2645
-89.2218
-89.1788
-89.1353
-89.0914
-89.0472
-89.0025
-88.9573
-88.9118
-88.8658
-88.8193
-88.7724
-88.725
-88.6772
-88.6288
-88.5799
-88.5305
-88.4806
-88.4301
-88.3791
-88.3275
-88.2753
-88.2225
-88.1691
-88.115
-88.0603
-88.0049
-87.9488
-87.892
-87.8345
-87.7762
-87.7171
-87.6572
-87.5965
-87.5349
-87.4724
-87.409
-87.3446
-87.2793
-87.2128
-87.1454
-87.0768
-87.007
-86.936
-86.8638
-86.7902
-86.7152
-86.6389
-86.561
-86.4815
-86.4004
-86.3175
-86.2327
-86.1461
-86.0573
-85.9664
-85.8733
-85.7777
-85.6795
-85.5785
-85.4746
-85.3676
-85.2572
-85.1433
-85.0253
-84.9033
-84.7766
-84.645
-84.508
-84.3651
-84.2157
-84.0591
-83.8946
-83.7212
-83.5379
-83.3435
-83.1363
-82.9146
-82.6761
-82.418
-82.1368
-81.828
-81.4857
-81.1021
-80.6661
-80.1624
-79.5678
-78.8458
-77.9349
-76.7209
-74.9588
-71.9957
-65.2764
-33.8891
49.1531
49.5173
45.8128
33.9211
13.9915
-1.95746
-13.1889
-23.9071
-34.1805
-51.1169
-86.9362
-94.8767
-94.9914
-94.989
-94.9774
-94.9529
-94.9059
-94.8264
-94.711
-94.5684
-94.4144
-94.2638
-94.1258
-94.0045
-93.9001
-93.8113
-93.736
-93.6719
-93.6171
-93.57
-93.5291
-93.4933
-93.4616
-93.4333
-93.4078
-93.3846
-93.3632
-93.3433
-93.3247
-93.307
-93.2902
-93.274
-93.2584
-93.2431
-93.2282
-93.2135
-93.1991
-93.1848
-93.1705
-93.1564
-93.1423
-93.1281
-93.114
-93.0999
-93.0857
-93.0715
-93.0571
-93.0428
-93.0283
-93.0138
-92.9991
-92.9844
-92.9695
-92.9545
-92.9395
-92.9243
-92.909
-92.8936
-92.878
-92.8624
-92.8466
-92.8307
-92.8147
-92.7986
-92.7823
-92.7659
-92.7494
-92.7328
-92.716
-92.6991
-92.682
-92.6649
-92.6476
-92.6301
-92.6126
-92.5949
-92.577
-92.5591
-92.541
-92.5227
-92.5044
-92.4859
-92.4672
-92.4484
-92.4295
-92.4104
-92.3912
-92.3719
-92.3524
-92.3328
-92.313
-92.2931
-92.273
-92.2528
-92.2325
-92.212
-92.1913
-92.1705
-92.1496
-92.1285
-92.1073
-92.0859
-92.0644
-92.0427
-92.0208
-91.9988
-91.9767
-91.9544
-91.9319
-91.9093
-91.8865
-91.8636
-91.8405
-91.8172
-91.7938
-91.7702
-91.7465
-91.7226
-91.6985
-91.6742
-91.6498
-91.6252
-91.6005
-91.5756
-91.5505
-91.5252
-91.4998
-91.4741
-91.4483
-91.4224
-91.3962
-91.3699
-91.3433
-91.3166
-91.2898
-91.2627
-91.2354
-91.208
-91.1803
-91.1525
-91.1244
-91.0962
-91.0678
-91.0392
-91.0104
-90.9813
-90.9521
-90.9227
-90.893
-90.8632
-90.8331
-90.8029
-90.7724
-90.7417
-90.7107
-90.6796
-90.6482
-90.6166
-90.5848
-90.5527
-90.5204
-90.4879
-90.4551
-90.4221
-90.3889
-90.3554
-90.3217
-90.2877
-90.2534
-90.2189
-90.1841
-90.1491
-90.1138
-90.0782
-90.0424
-90.0062
-89.9698
-89.9331
-89.8961
-89.8589
-89.8213
-89.7834
-89.7452
-89.7067
-89.6679
-89.6288
-89.5893
-89.5495
-89.5094
-89.4689
-89.4281
-89.3869
-89.3454
-89.3035
-89.2612
-89.2186
-89.1756
-89.1321
-89.0883
-89.0441
-88.9994
-88.9543
-88.9088
-88.8629
-88.8164
-88.7696
-88.7222
-88.6744
-88.6261
-88.5772
-88.5279
-88.478
-88.4276
-88.3766
-88.325
-88.2729
-88.2201
-88.1668
-88.1128
-88.0581
-88.0028
-87.9468
-87.89
-87.8326
-87.7743
-87.7153
-87.6555
-87.5948
-87.5333
-87.4709
-87.4076
-87.3433
-87.278
-87.2117
-87.1443
-87.0758
-87.0061
-86.9352
-86.8631
-86.7896
-86.7148
-86.6385
-86.5607
-86.4814
-86.4004
-86.3176
-86.233
-86.1465
-86.058
-85.9673
-85.8743
-85.7789
-85.6809
-85.5801
-85.4765
-85.3697
-85.2596
-85.1459
-85.0283
-84.9065
-84.7802
-84.649
-84.5124
-84.37
-84.2211
-84.065
-83.9012
-83.7285
-83.546
-83.3524
-83.1462
-82.9257
-82.6885
-82.4319
-82.1526
-81.846
-81.5065
-81.1262
-80.6946
-80.1966
-79.6096
-78.8987
-78.0048
-76.8192
-75.1116
-72.2808
-66.0595
-39.0339
48.9143
49.5432
45.9551
34.2967
14.4943
-1.63219
-12.9098
-23.5997
-33.9484
-50.5691
-86.2995
-94.8665
-94.9913
-94.9892
-94.9779
-94.9539
-94.908
-94.83
-94.7165
-94.5754
-94.4221
-94.2713
-94.1326
-94.0102
-93.9047
-93.8148
-93.7384
-93.6735
-93.618
-93.5702
-93.5288
-93.4926
-93.4606
-93.432
-93.4063
-93.3828
-93.3613
-93.3413
-93.3225
-93.3048
-93.2879
-93.2716
-93.2559
-93.2406
-93.2257
-93.211
-93.1965
-93.1821
-93.1679
-93.1537
-93.1395
-93.1254
-93.1113
-93.0971
-93.0829
-93.0686
-93.0543
-93.0399
-93.0255
-93.0109
-92.9962
-92.9815
-92.9666
-92.9516
-92.9365
-92.9213
-92.906
-92.8906
-92.8751
-92.8594
-92.8436
-92.8277
-92.8117
-92.7955
-92.7792
-92.7628
-92.7463
-92.7296
-92.7129
-92.6959
-92.6789
-92.6617
-92.6444
-92.6269
-92.6093
-92.5916
-92.5738
-92.5558
-92.5377
-92.5195
-92.5011
-92.4825
-92.4639
-92.4451
-92.4261
-92.407
-92.3878
-92.3685
-92.349
-92.3293
-92.3095
-92.2896
-92.2695
-92.2493
-92.229
-92.2084
-92.1878
-92.167
-92.146
-92.1249
-92.1037
-92.0823
-92.0607
-92.039
-92.0172
-91.9951
-91.973
-91.9506
-91.9282
-91.9055
-91.8827
-91.8598
-91.8367
-91.8134
-91.79
-91.7664
-91.7426
-91.7187
-91.6946
-91.6703
-91.6459
-91.6213
-91.5965
-91.5716
-91.5465
-91.5212
-91.4957
-91.4701
-91.4443
-91.4183
-91.3921
-91.3657
-91.3392
-91.3125
-91.2856
-91.2585
-91.2312
-91.2037
-91.1761
-91.1482
-91.1202
-91.0919
-91.0635
-91.0349
-91.006
-90.977
-90.9477
-90.9183
-90.8886
-90.8588
-90.8287
-90.7984
-90.7679
-90.7372
-90.7062
-90.6751
-90.6437
-90.6121
-90.5802
-90.5481
-90.5158
-90.4833
-90.4505
-90.4175
-90.3842
-90.3507
-90.3169
-90.2829
-90.2487
-90.2141
-90.1793
-90.1443
-90.109
-90.0734
-90.0375
-90.0014
-89.9649
-89.9282
-89.8912
-89.8539
-89.8163
-89.7784
-89.7402
-89.7017
-89.6629
-89.6237
-89.5843
-89.5445
-89.5043
-89.4638
-89.423
-89.3818
-89.3403
-89.2983
-89.256
-89.2134
-89.1703
-89.1269
-89.083
-89.0388
-88.9941
-88.949
-88.9034
-88.8575
-88.811
-88.7641
-88.7168
-88.6689
-88.6206
-88.5717
-88.5223
-88.4724
-88.422
-88.371
-88.3194
-88.2672
-88.2144
-88.161
-88.107
-88.0523
-87.9969
-87.9409
-87.8841
-87.8266
-87.7684
-87.7093
-87.6495
-87.5888
-87.5272
-87.4647
-87.4014
-87.337
-87.2717
-87.2053
-87.1379
-87.0693
-86.9996
-86.9286
-86.8564
-86.7829
-86.708
-86.6317
-86.5538
-86.4744
-86.3933
-86.3104
-86.2258
-86.1392
-86.0505
-85.9597
-85.8666
-85.771
-85.6729
-85.572
-85.4682
-85.3613
-85.2509
-85.137
-85.0192
-84.8972
-84.7706
-84.6392
-84.5022
-84.3595
-84.2102
-84.0537
-83.8894
-83.7162
-83.533
-83.3388
-83.1318
-82.9104
-82.6721
-82.4143
-82.1335
-81.8251
-81.4834
-81.1003
-80.6652
-80.1624
-79.5691
-78.8489
-77.9407
-76.731
-74.9767
-72.0311
-65.3707
-34.4433
49.1465
49.519
45.823
33.9507
14.0341
-1.92848
-13.1635
-23.8789
-34.1593
-51.0663
-86.8792
-94.8758
-94.9914
-94.989
-94.9775
-94.953
-94.9061
-94.8267
-94.7117
-94.5694
-94.4156
-94.2651
-94.1272
-94.0058
-93.9014
-93.8125
-93.7371
-93.6729
-93.6181
-93.571
-93.5301
-93.4943
-93.4626
-93.4344
-93.409
-93.3858
-93.3644
-93.3446
-93.326
-93.3084
-93.2916
-93.2755
-93.2598
-93.2446
-93.2298
-93.2152
-93.2007
-93.1865
-93.1723
-93.1582
-93.1441
-93.13
-93.1159
-93.1018
-93.0877
-93.0734
-93.0592
-93.0448
-93.0304
-93.0159
-93.0013
-92.9866
-92.9717
-92.9568
-92.9418
-92.9266
-92.9114
-92.896
-92.8805
-92.8649
-92.8491
-92.8333
-92.8173
-92.8012
-92.785
-92.7686
-92.7521
-92.7355
-92.7188
-92.7019
-92.6849
-92.6678
-92.6505
-92.6331
-92.6156
-92.5979
-92.5802
-92.5622
-92.5442
-92.526
-92.5077
-92.4892
-92.4706
-92.4518
-92.4329
-92.4139
-92.3948
-92.3755
-92.356
-92.3364
-92.3167
-92.2968
-92.2768
-92.2567
-92.2364
-92.2159
-92.1953
-92.1746
-92.1537
-92.1327
-92.1115
-92.0901
-92.0687
-92.047
-92.0252
-92.0033
-91.9812
-91.9589
-91.9365
-91.914
-91.8912
-91.8683
-91.8453
-91.8221
-91.7987
-91.7752
-91.7515
-91.7277
-91.7037
-91.6795
-91.6551
-91.6306
-91.6059
-91.581
-91.556
-91.5308
-91.5054
-91.4799
-91.4542
-91.4282
-91.4021
-91.3759
-91.3494
-91.3228
-91.296
-91.269
-91.2418
-91.2144
-91.1868
-91.1591
-91.1311
-91.103
-91.0746
-91.0461
-91.0174
-90.9884
-90.9593
-90.9299
-90.9004
-90.8706
-90.8406
-90.8104
-90.78
-90.7494
-90.7186
-90.6875
-90.6562
-90.6247
-90.593
-90.5611
-90.5289
-90.4964
-90.4638
-90.4309
-90.3977
-90.3643
-90.3307
-90.2968
-90.2627
-90.2283
-90.1936
-90.1587
-90.1235
-90.0881
-90.0523
-90.0163
-89.98
-89.9435
-89.9066
-89.8695
-89.832
-89.7943
-89.7562
-89.7179
-89.6792
-89.6402
-89.6009
-89.5613
-89.5213
-89.481
-89.4403
-89.3993
-89.3579
-89.3162
-89.2741
-89.2316
-89.1888
-89.1455
-89.1019
-89.0579
-89.0134
-88.9685
-88.9232
-88.8774
-88.8312
-88.7846
-88.7374
-88.6898
-88.6417
-88.5931
-88.544
-88.4944
-88.4442
-88.3935
-88.3422
-88.2903
-88.2379
-88.1848
-88.1311
-88.0767
-88.0217
-87.966
-87.9096
-87.8525
-87.7946
-87.736
-87.6765
-87.6162
-87.5551
-87.4931
-87.4302
-87.3664
-87.3015
-87.2357
-87.1688
-87.1008
-87.0316
-86.9613
-86.8898
-86.8169
-86.7427
-86.6671
-86.59
-86.5114
-86.4311
-86.3492
-86.2654
-86.1798
-86.0922
-86.0024
-85.9105
-85.8162
-85.7193
-85.6199
-85.5175
-85.4122
-85.3035
-85.1914
-85.0756
-84.9557
-84.8314
-84.7024
-84.5682
-84.4284
-84.2824
-84.1296
-83.9693
-83.8005
-83.6225
-83.4338
-83.2333
-83.0192
-82.7895
-82.5417
-82.2727
-81.9785
-81.654
-81.2923
-80.8843
-80.4171
-79.8718
-79.2196
-78.4138
-77.3718
-75.9299
-73.7027
-69.4818
-56.7844
23.9885
49.9082
48.1601
40.0483
22.2166
2.91521
-9.39259
-19.8584
-30.7747
-43.6278
-74.2229
-94.5267
-94.9853
-94.9906
-94.9819
-94.9626
-94.9248
-94.8587
-94.758
-94.627
-94.4788
-94.3286
-94.1877
-94.0617
-93.9524
-93.859
-93.7797
-93.7123
-93.6549
-93.6056
-93.563
-93.5259
-93.4932
-93.4642
-93.4381
-93.4144
-93.3928
-93.3727
-93.3539
-93.3362
-93.3193
-93.3032
-93.2876
-93.2724
-93.2576
-93.243
-93.2287
-93.2145
-93.2004
-93.1864
-93.1725
-93.1585
-93.1446
-93.1306
-93.1166
-93.1025
-93.0884
-93.0742
-93.0599
-93.0456
-93.0311
-93.0166
-93.0019
-92.9871
-92.9723
-92.9573
-92.9422
-92.9269
-92.9116
-92.8961
-92.8806
-92.8649
-92.8491
-92.8331
-92.8171
-92.8009
-92.7846
-92.7681
-92.7515
-92.7348
-92.718
-92.701
-92.6839
-92.6667
-92.6494
-92.6319
-92.6143
-92.5965
-92.5786
-92.5606
-92.5425
-92.5242
-92.5057
-92.4872
-92.4685
-92.4496
-92.4307
-92.4115
-92.3923
-92.3729
-92.3533
-92.3337
-92.3138
-92.2939
-92.2738
-92.2535
-92.2331
-92.2126
-92.1919
-92.171
-92.1501
-92.1289
-92.1076
-92.0862
-92.0646
-92.0429
-92.021
-91.9989
-91.9767
-91.9544
-91.9319
-91.9092
-91.8864
-91.8634
-91.8402
-91.8169
-91.7935
-91.7698
-91.746
-91.7221
-91.698
-91.6737
-91.6492
-91.6246
-91.5998
-91.5748
-91.5497
-91.5244
-91.4989
-91.4732
-91.4474
-91.4213
-91.3951
-91.3688
-91.3422
-91.3155
-91.2885
-91.2614
-91.2341
-91.2066
-91.1789
-91.151
-91.123
-91.0947
-91.0662
-91.0376
-91.0087
-90.9796
-90.9504
-90.9209
-90.8912
-90.8613
-90.8312
-90.8009
-90.7704
-90.7396
-90.7087
-90.6775
-90.6461
-90.6144
-90.5826
-90.5505
-90.5182
-90.4856
-90.4528
-90.4197
-90.3865
-90.3529
-90.3192
-90.2851
-90.2508
-90.2163
-90.1815
-90.1464
-90.1111
-90.0755
-90.0396
-90.0034
-89.967
-89.9302
-89.8932
-89.8559
-89.8183
-89.7804
-89.7422
-89.7036
-89.6648
-89.6256
-89.5861
-89.5463
-89.5061
-89.4656
-89.4248
-89.3836
-89.342
-89.3001
-89.2578
-89.2151
-89.172
-89.1286
-89.0847
-89.0405
-88.9958
-88.9506
-88.9051
-88.8591
-88.8127
-88.7658
-88.7184
-88.6705
-88.6221
-88.5733
-88.5239
-88.474
-88.4235
-88.3725
-88.3209
-88.2687
-88.2159
-88.1625
-88.1085
-88.0538
-87.9984
-87.9423
-87.8855
-87.828
-87.7697
-87.7107
-87.6508
-87.5901
-87.5285
-87.466
-87.4026
-87.3383
-87.2729
-87.2065
-87.139
-87.0704
-87.0007
-86.9297
-86.8575
-86.7839
-86.7089
-86.6326
-86.5547
-86.4752
-86.3941
-86.3112
-86.2264
-86.1397
-86.051
-85.9601
-85.8669
-85.7713
-85.673
-85.572
-85.4681
-85.361
-85.2506
-85.1365
-85.0185
-84.8963
-84.7695
-84.6378
-84.5006
-84.3575
-84.2079
-84.051
-83.8862
-83.7125
-83.5288
-83.3339
-83.1262
-82.9038
-82.6645
-82.4054
-82.123
-81.8128
-81.4687
-81.0827
-80.6437
-80.1359
-79.5354
-78.8049
-77.8808
-76.6439
-74.8361
-71.7574
-64.5665
-28.7332
49.0495
49.5157
45.7814
33.7745
13.7201
-2.16769
-13.3809
-24.1231
-34.3456
-51.5132
-87.3686
-94.8831
-94.9914
-94.9887
-94.9769
-94.9519
-94.9039
-94.823
-94.7062
-94.5627
-94.4087
-94.2589
-94.1222
-94.0024
-93.8996
-93.8123
-93.7383
-93.6754
-93.6216
-93.5754
-93.5353
-93.5002
-93.4692
-93.4414
-93.4164
-93.3936
-93.3726
-93.353
-93.3347
-93.3173
-93.3007
-93.2847
-93.2693
-93.2542
-93.2395
-93.225
-93.2107
-93.1965
-93.1824
-93.1684
-93.1544
-93.1404
-93.1265
-93.1124
-93.0984
-93.0842
-93.07
-93.0558
-93.0414
-93.027
-93.0124
-92.9978
-92.9831
-92.9682
-92.9532
-92.9382
-92.923
-92.9077
-92.8923
-92.8767
-92.8611
-92.8453
-92.8294
-92.8134
-92.7972
-92.7809
-92.7645
-92.748
-92.7313
-92.7146
-92.6976
-92.6806
-92.6634
-92.6461
-92.6286
-92.6111
-92.5934
-92.5755
-92.5575
-92.5394
-92.5212
-92.5028
-92.4843
-92.4656
-92.4469
-92.4279
-92.4088
-92.3896
-92.3703
-92.3508
-92.3312
-92.3114
-92.2915
-92.2714
-92.2512
-92.2309
-92.2104
-92.1897
-92.1689
-92.148
-92.1269
-92.1057
-92.0843
-92.0628
-92.0411
-92.0193
-91.9973
-91.9751
-91.9528
-91.9304
-91.9078
-91.885
-91.8621
-91.839
-91.8157
-91.7923
-91.7688
-91.745
-91.7211
-91.6971
-91.6728
-91.6484
-91.6239
-91.5991
-91.5742
-91.5491
-91.5239
-91.4985
-91.4729
-91.4471
-91.4211
-91.395
-91.3687
-91.3422
-91.3155
-91.2887
-91.2616
-91.2344
-91.207
-91.1793
-91.1515
-91.1235
-91.0953
-91.067
-91.0384
-91.0096
-90.9806
-90.9514
-90.922
-90.8924
-90.8626
-90.8326
-90.8024
-90.7719
-90.7412
-90.7104
-90.6793
-90.6479
-90.6164
-90.5846
-90.5526
-90.5204
-90.4879
-90.4552
-90.4222
-90.389
-90.3556
-90.3219
-90.288
-90.2538
-90.2193
-90.1846
-90.1497
-90.1144
-90.0789
-90.0432
-90.0071
-89.9708
-89.9341
-89.8972
-89.86
-89.8226
-89.7848
-89.7467
-89.7082
-89.6695
-89.6305
-89.5911
-89.5514
-89.5114
-89.471
-89.4303
-89.3892
-89.3478
-89.306
-89.2639
-89.2213
-89.1784
-89.1351
-89.0914
-89.0473
-89.0027
-88.9578
-88.9124
-88.8666
-88.8203
-88.7736
-88.7264
-88.6787
-88.6305
-88.5818
-88.5327
-88.4829
-88.4327
-88.3819
-88.3305
-88.2785
-88.226
-88.1728
-88.119
-88.0645
-88.0094
-87.9536
-87.8971
-87.8398
-87.7818
-87.7231
-87.6635
-87.6031
-87.5418
-87.4797
-87.4166
-87.3526
-87.2876
-87.2216
-87.1546
-87.0864
-87.0171
-86.9465
-86.8748
-86.8017
-86.7273
-86.6514
-86.5741
-86.4952
-86.4147
-86.3324
-86.2483
-86.1624
-86.0744
-85.9843
-85.892
-85.7972
-85.6999
-85.6
-85.4971
-85.3912
-85.282
-85.1693
-85.0527
-84.9321
-84.807
-84.6771
-84.5419
-84.4011
-84.2538
-84.0997
-83.9379
-83.7675
-83.5876
-83.3969
-83.194
-82.9771
-82.7442
-82.4927
-82.2193
-81.9198
-81.5888
-81.2192
-80.801
-80.3205
-79.7574
-79.0801
-78.237
-77.1349
-75.5838
-73.1167
-68.1538
-50.823
42.429
49.6771
46.6605
36.0281
16.674
-0.341854
-11.8565
-22.4498
-33.0446
-48.4883
-83.4544
-94.8142
-94.9905
-94.9897
-94.9793
-94.9571
-94.9145
-94.8417
-94.7343
-94.5984
-94.4481
-94.2981
-94.1586
-94.0345
-93.927
-93.8352
-93.7571
-93.6906
-93.6339
-93.5852
-93.543
-93.5062
-93.4737
-93.4448
-93.4188
-93.3952
-93.3735
-93.3534
-93.3346
-93.3168
-93.2999
-93.2836
-93.2679
-93.2527
-93.2378
-93.2231
-93.2087
-93.1944
-93.1802
-93.1661
-93.152
-93.138
-93.1239
-93.1099
-93.0957
-93.0816
-93.0673
-93.053
-93.0386
-93.0241
-93.0096
-92.9949
-92.9801
-92.9652
-92.9502
-92.9351
-92.9199
-92.9046
-92.8891
-92.8736
-92.8579
-92.8421
-92.8261
-92.8101
-92.7939
-92.7776
-92.7612
-92.7446
-92.7279
-92.7111
-92.6941
-92.677
-92.6598
-92.6425
-92.625
-92.6074
-92.5896
-92.5718
-92.5538
-92.5356
-92.5174
-92.4989
-92.4804
-92.4617
-92.4429
-92.4239
-92.4048
-92.3855
-92.3661
-92.3466
-92.3269
-92.3071
-92.2872
-92.2671
-92.2468
-92.2264
-92.2059
-92.1852
-92.1644
-92.1434
-92.1223
-92.101
-92.0796
-92.058
-92.0363
-92.0144
-91.9924
-91.9702
-91.9478
-91.9253
-91.9027
-91.8799
-91.8569
-91.8338
-91.8105
-91.787
-91.7634
-91.7396
-91.7157
-91.6916
-91.6673
-91.6428
-91.6182
-91.5934
-91.5685
-91.5434
-91.5181
-91.4926
-91.4669
-91.4411
-91.4151
-91.3889
-91.3625
-91.336
-91.3093
-91.2824
-91.2553
-91.228
-91.2005
-91.1728
-91.145
-91.1169
-91.0887
-91.0602
-91.0316
-91.0028
-90.9737
-90.9445
-90.915
-90.8853
-90.8555
-90.8254
-90.7951
-90.7646
-90.7339
-90.7029
-90.6718
-90.6404
-90.6088
-90.5769
-90.5449
-90.5126
-90.48
-90.4473
-90.4142
-90.381
-90.3475
-90.3137
-90.2797
-90.2455
-90.211
-90.1762
-90.1411
-90.1058
-90.0703
-90.0344
-89.9983
-89.9619
-89.9252
-89.8882
-89.8509
-89.8134
-89.7755
-89.7373
-89.6988
-89.66
-89.6209
-89.5814
-89.5417
-89.5016
-89.4611
-89.4203
-89.3791
-89.3376
-89.2957
-89.2535
-89.2109
-89.1678
-89.1244
-89.0806
-89.0364
-88.9918
-88.9467
-88.9012
-88.8553
-88.8089
-88.7621
-88.7148
-88.667
-88.6187
-88.5699
-88.5206
-88.4707
-88.4203
-88.3694
-88.3179
-88.2658
-88.213
-88.1597
-88.1058
-88.0512
-87.9959
-87.9399
-87.8832
-87.8258
-87.7676
-87.7086
-87.6489
-87.5883
-87.5268
-87.4645
-87.4012
-87.337
-87.2717
-87.2055
-87.1381
-87.0697
-87.0001
-86.9293
-86.8572
-86.7838
-86.709
-86.6328
-86.5551
-86.4759
-86.3949
-86.3123
-86.2277
-86.1413
-86.0528
-85.9622
-85.8693
-85.7739
-85.676
-85.5754
-85.4718
-85.3651
-85.2551
-85.1414
-85.0239
-84.9022
-84.776
-84.6449
-84.5083
-84.3659
-84.2171
-84.0611
-83.8973
-83.7246
-83.5421
-83.3485
-83.1423
-82.9217
-82.6844
-82.4276
-82.1481
-81.8412
-81.5012
-81.1203
-80.6879
-80.1887
-79.6
-78.8863
-77.988
-76.7946
-75.0711
-72.1993
-65.8126
-37.2502
49.0463
49.5319
45.895
34.1441
14.2971
-1.75621
-13.0149
-23.715
-34.0356
-50.7742
-86.5435
-94.8705
-94.9913
-94.9891
-94.9777
-94.9535
-94.9072
-94.8286
-94.7145
-94.573
-94.4197
-94.2692
-94.131
-94.0092
-93.9042
-93.8149
-93.739
-93.6745
-93.6194
-93.5719
-93.5308
-93.4949
-93.4631
-93.4348
-93.4092
-93.386
-93.3646
-93.3447
-93.3261
-93.3085
-93.2916
-93.2755
-93.2599
-93.2447
-93.2298
-93.2152
-93.2008
-93.1865
-93.1723
-93.1582
-93.1441
-93.1301
-93.116
-93.1019
-93.0878
-93.0736
-93.0593
-93.045
-93.0306
-93.0161
-93.0015
-92.9868
-92.972
-92.9571
-92.9421
-92.9269
-92.9117
-92.8963
-92.8808
-92.8652
-92.8495
-92.8337
-92.8177
-92.8016
-92.7854
-92.7691
-92.7526
-92.7361
-92.7193
-92.7025
-92.6855
-92.6684
-92.6511
-92.6338
-92.6163
-92.5986
-92.5809
-92.563
-92.5449
-92.5268
-92.5085
-92.49
-92.4714
-92.4527
-92.4338
-92.4148
-92.3957
-92.3764
-92.357
-92.3375
-92.3178
-92.2979
-92.278
-92.2578
-92.2376
-92.2171
-92.1966
-92.1759
-92.155
-92.134
-92.1128
-92.0915
-92.0701
-92.0485
-92.0267
-92.0048
-91.9828
-91.9605
-91.9382
-91.9156
-91.893
-91.8701
-91.8471
-91.8239
-91.8006
-91.7772
-91.7535
-91.7297
-91.7057
-91.6816
-91.6573
-91.6328
-91.6081
-91.5833
-91.5584
-91.5332
-91.5079
-91.4824
-91.4567
-91.4308
-91.4048
-91.3786
-91.3522
-91.3256
-91.2989
-91.2719
-91.2448
-91.2175
-91.19
-91.1623
-91.1344
-91.1063
-91.078
-91.0495
-91.0209
-90.992
-90.9629
-90.9336
-90.9041
-90.8745
-90.8446
-90.8144
-90.7841
-90.7536
-90.7228
-90.6918
-90.6606
-90.6292
-90.5976
-90.5657
-90.5336
-90.5013
-90.4687
-90.4359
-90.4028
-90.3695
-90.336
-90.3022
-90.2682
-90.2339
-90.1993
-90.1645
-90.1294
-90.0941
-90.0585
-90.0226
-89.9864
-89.95
-89.9132
-89.8762
-89.8389
-89.8013
-89.7634
-89.7251
-89.6866
-89.6478
-89.6086
-89.5691
-89.5293
-89.4891
-89.4486
-89.4077
-89.3665
-89.325
-89.283
-89.2407
-89.198
-89.155
-89.1115
-89.0677
-89.0234
-88.9787
-88.9336
-88.888
-88.842
-88.7956
-88.7486
-88.7012
-88.6534
-88.605
-88.5561
-88.5067
-88.4568
-88.4063
-88.3553
-88.3037
-88.2515
-88.1987
-88.1453
-88.0913
-88.0365
-87.9812
-87.9251
-87.8683
-87.8107
-87.7524
-87.6934
-87.6335
-87.5728
-87.5111
-87.4487
-87.3852
-87.3209
-87.2555
-87.189
-87.1215
-87.0529
-86.9831
-86.9121
-86.8398
-86.7662
-86.6913
-86.6148
-86.5369
-86.4573
-86.3761
-86.2932
-86.2084
-86.1216
-86.0328
-85.9418
-85.8485
-85.7528
-85.6545
-85.5534
-85.4493
-85.3421
-85.2315
-85.1172
-84.999
-84.8767
-84.7496
-84.6177
-84.4802
-84.3368
-84.1869
-84.0297
-83.8645
-83.6903
-83.5061
-83.3105
-83.1021
-82.879
-82.6387
-82.3786
-82.0949
-81.7832
-81.4372
-81.0488
-80.6067
-80.0948
-79.4889
-78.7505
-77.8144
-76.5572
-74.71
-71.5321
-63.9429
-24.3943
49.3468
49.5333
45.8106
33.7473
13.5714
-2.3135
-13.5222
-24.2853
-34.4712
-51.8179
-87.6828
-94.8875
-94.9913
-94.9885
-94.9765
-94.951
-94.9022
-94.8202
-94.7025
-94.5586
-94.4049
-94.2558
-94.1203
-94.0018
-93.9003
-93.8141
-93.7412
-93.6792
-93.6264
-93.5809
-93.5414
-93.5069
-93.4764
-93.4491
-93.4245
-93.402
-93.3813
-93.362
-93.3439
-93.3268
-93.3104
-93.2947
-93.2794
-93.2645
-93.2499
-93.2356
-93.2214
-93.2074
-93.1934
-93.1795
-93.1656
-93.1518
-93.1379
-93.1239
-93.11
-93.096
-93.0819
-93.0677
-93.0534
-93.0391
-93.0247
-93.0101
-92.9955
-92.9807
-92.9659
-92.9509
-92.9358
-92.9206
-92.9053
-92.8898
-92.8743
-92.8586
-92.8428
-92.8268
-92.8108
-92.7946
-92.7783
-92.7619
-92.7453
-92.7286
-92.7118
-92.6949
-92.6778
-92.6606
-92.6433
-92.6258
-92.6082
-92.5905
-92.5726
-92.5546
-92.5365
-92.5182
-92.4998
-92.4813
-92.4626
-92.4438
-92.4248
-92.4057
-92.3865
-92.3671
-92.3476
-92.328
-92.3082
-92.2883
-92.2682
-92.248
-92.2276
-92.2071
-92.1864
-92.1656
-92.1447
-92.1236
-92.1023
-92.0809
-92.0594
-92.0377
-92.0158
-91.9938
-91.9717
-91.9493
-91.9269
-91.9042
-91.8815
-91.8585
-91.8354
-91.8122
-91.7888
-91.7652
-91.7414
-91.7175
-91.6935
-91.6692
-91.6448
-91.6202
-91.5955
-91.5706
-91.5455
-91.5202
-91.4948
-91.4692
-91.4434
-91.4175
-91.3913
-91.365
-91.3385
-91.3118
-91.285
-91.2579
-91.2307
-91.2033
-91.1756
-91.1478
-91.1198
-91.0917
-91.0633
-91.0347
-91.0059
-90.9769
-90.9477
-90.9183
-90.8887
-90.8589
-90.8289
-90.7987
-90.7683
-90.7376
-90.7067
-90.6756
-90.6443
-90.6128
-90.581
-90.549
-90.5168
-90.4843
-90.4516
-90.4187
-90.3855
-90.3521
-90.3184
-90.2845
-90.2503
-90.2159
-90.1812
-90.1463
-90.1111
-90.0756
-90.0398
-90.0038
-89.9675
-89.9309
-89.894
-89.8568
-89.8194
-89.7816
-89.7435
-89.7051
-89.6664
-89.6274
-89.5881
-89.5484
-89.5084
-89.4681
-89.4274
-89.3864
-89.345
-89.3032
-89.2611
-89.2186
-89.1757
-89.1325
-89.0888
-89.0447
-89.0002
-88.9553
-88.91
-88.8642
-88.818
-88.7713
-88.7241
-88.6765
-88.6284
-88.5798
-88.5306
-88.481
-88.4308
-88.38
-88.3287
-88.2768
-88.2243
-88.1712
-88.1175
-88.0631
-88.0081
-87.9523
-87.8959
-87.8387
-87.7808
-87.7221
-87.6626
-87.6023
-87.5412
-87.4791
-87.4161
-87.3522
-87.2874
-87.2214
-87.1545
-87.0864
-87.0172
-86.9468
-86.8752
-86.8022
-86.7279
-86.6522
-86.575
-86.4963
-86.4159
-86.3338
-86.2499
-86.1642
-86.0764
-85.9864
-85.8943
-85.7998
-85.7027
-85.603
-85.5004
-85.3948
-85.2858
-85.1734
-85.0571
-84.9368
-84.8121
-84.6826
-84.5478
-84.4074
-84.2607
-84.1071
-83.9458
-83.7761
-83.5969
-83.407
-83.2049
-82.9891
-82.7574
-82.5072
-82.2353
-81.9376
-81.6089
-81.242
-80.8273
-80.3512
-79.794
-79.1251
-78.2943
-77.212
-75.6974
-73.311
-68.6048
-52.9699
38.0277
49.7317
46.9595
36.7723
17.6295
0.205685
-11.4253
-21.98
-32.6558
-47.6164
-82.0573
-94.7838
-94.9899
-94.9899
-94.9798
-94.9582
-94.9167
-94.8455
-94.7398
-94.6052
-94.4556
-94.3056
-94.1658
-94.0412
-93.9332
-93.8409
-93.7624
-93.6956
-93.6386
-93.5897
-93.5473
-93.5103
-93.4777
-93.4487
-93.4227
-93.399
-93.3772
-93.3571
-93.3383
-93.3205
-93.3035
-93.2873
-93.2716
-93.2564
-93.2415
-93.2268
-93.2124
-93.1982
-93.184
-93.1699
-93.1559
-93.1418
-93.1278
-93.1138
-93.0997
-93.0855
-93.0713
-93.057
-93.0427
-93.0282
-93.0137
-92.999
-92.9843
-92.9694
-92.9545
-92.9394
-92.9242
-92.9089
-92.8935
-92.878
-92.8623
-92.8465
-92.8306
-92.8146
-92.7985
-92.7822
-92.7658
-92.7493
-92.7326
-92.7158
-92.6989
-92.6819
-92.6647
-92.6474
-92.6299
-92.6124
-92.5947
-92.5768
-92.5589
-92.5408
-92.5225
-92.5041
-92.4856
-92.467
-92.4482
-92.4293
-92.4102
-92.391
-92.3716
-92.3522
-92.3325
-92.3128
-92.2929
-92.2728
-92.2526
-92.2323
-92.2118
-92.1912
-92.1704
-92.1494
-92.1284
-92.1071
-92.0858
-92.0642
-92.0426
-92.0208
-91.9988
-91.9766
-91.9543
-91.9319
-91.9093
-91.8865
-91.8636
-91.8405
-91.8173
-91.7939
-91.7704
-91.7466
-91.7228
-91.6987
-91.6745
-91.6501
-91.6255
-91.6008
-91.5759
-91.5509
-91.5257
-91.5003
-91.4747
-91.4489
-91.423
-91.3969
-91.3706
-91.3441
-91.3174
-91.2906
-91.2636
-91.2364
-91.209
-91.1814
-91.1536
-91.1256
-91.0975
-91.0691
-91.0406
-91.0118
-90.9828
-90.9537
-90.9243
-90.8947
-90.865
-90.835
-90.8048
-90.7744
-90.7438
-90.7129
-90.6818
-90.6506
-90.619
-90.5873
-90.5554
-90.5232
-90.4907
-90.4581
-90.4252
-90.392
-90.3586
-90.325
-90.2911
-90.257
-90.2226
-90.1879
-90.153
-90.1178
-90.0824
-90.0467
-90.0107
-89.9744
-89.9379
-89.901
-89.8639
-89.8265
-89.7888
-89.7507
-89.7124
-89.6737
-89.6348
-89.5955
-89.5559
-89.5159
-89.4756
-89.435
-89.394
-89.3527
-89.311
-89.2689
-89.2265
-89.1837
-89.1405
-89.0969
-89.0529
-89.0085
-88.9636
-88.9183
-88.8726
-88.8265
-88.7799
-88.7328
-88.6852
-88.6372
-88.5887
-88.5396
-88.49
-88.4399
-88.3893
-88.3381
-88.2863
-88.2339
-88.1809
-88.1272
-88.073
-88.018
-87.9624
-87.9061
-87.8491
-87.7913
-87.7327
-87.6733
-87.6132
-87.5522
-87.4903
-87.4274
-87.3637
-87.299
-87.2332
-87.1665
-87.0986
-87.0296
-86.9594
-86.8879
-86.8152
-86.7411
-86.6657
-86.5887
-86.5102
-86.4301
-86.3483
-86.2647
-86.1793
-86.0918
-86.0023
-85.9105
-85.8164
-85.7197
-85.6204
-85.5183
-85.4132
-85.3048
-85.1929
-85.0773
-84.9576
-84.8336
-84.7049
-84.571
-84.4315
-84.2858
-84.1333
-83.9733
-83.8049
-83.6273
-83.4391
-83.239
-83.0254
-82.7962
-82.5491
-82.2807
-81.9872
-81.6635
-81.3029
-80.896
-80.4302
-79.8866
-79.2366
-78.4338
-77.3963
-75.9619
-73.7488
-69.5646
-57.0351
22.7532
49.9203
48.2742
40.3976
22.7546
3.25711
-9.14649
-19.6295
-30.5635
-43.2048
-73.2694
-94.4789
-94.9844
-94.9907
-94.9821
-94.963
-94.9256
-94.86
-94.7598
-94.6291
-94.481
-94.3308
-94.1898
-94.0638
-93.9545
-93.861
-93.7817
-93.7143
-93.6569
-93.6076
-93.5651
-93.528
-93.4954
-93.4664
-93.4404
-93.4168
-93.3951
-93.3751
-93.3564
-93.3387
-93.3219
-93.3058
-93.2902
-93.2751
-93.2603
-93.2458
-93.2315
-93.2174
-93.2033
-93.1894
-93.1755
-93.1616
-93.1476
-93.1337
-93.1197
-93.1057
-93.0916
-93.0775
-93.0632
-93.0489
-93.0345
-93.02
-93.0053
-92.9906
-92.9758
-92.9608
-92.9458
-92.9306
-92.9153
-92.8999
-92.8843
-92.8687
-92.8529
-92.837
-92.821
-92.8049
-92.7886
-92.7722
-92.7557
-92.739
-92.7222
-92.7053
-92.6883
-92.6711
-92.6538
-92.6364
-92.6188
-92.6011
-92.5833
-92.5653
-92.5472
-92.529
-92.5106
-92.4921
-92.4735
-92.4547
-92.4357
-92.4167
-92.3975
-92.3782
-92.3587
-92.3391
-92.3193
-92.2994
-92.2794
-92.2592
-92.2388
-92.2184
-92.1977
-92.177
-92.156
-92.135
-92.1138
-92.0924
-92.0709
-92.0492
-92.0274
-92.0055
-91.9833
-91.9611
-91.9386
-91.916
-91.8933
-91.8704
-91.8473
-91.8241
-91.8007
-91.7772
-91.7535
-91.7296
-91.7056
-91.6814
-91.657
-91.6325
-91.6078
-91.5829
-91.5579
-91.5327
-91.5073
-91.4817
-91.456
-91.4301
-91.404
-91.3777
-91.3512
-91.3246
-91.2978
-91.2708
-91.2436
-91.2162
-91.1887
-91.1609
-91.133
-91.1048
-91.0765
-91.048
-91.0193
-90.9903
-90.9612
-90.9318
-90.9023
-90.8726
-90.8426
-90.8124
-90.7821
-90.7515
-90.7207
-90.6896
-90.6584
-90.6269
-90.5952
-90.5633
-90.5311
-90.4987
-90.4661
-90.4332
-90.4001
-90.3668
-90.3332
-90.2993
-90.2652
-90.2309
-90.1963
-90.1614
-90.1263
-90.0909
-90.0552
-90.0193
-89.983
-89.9465
-89.9097
-89.8727
-89.8353
-89.7976
-89.7596
-89.7213
-89.6827
-89.6438
-89.6046
-89.5651
-89.5252
-89.4849
-89.4444
-89.4035
-89.3622
-89.3206
-89.2786
-89.2362
-89.1934
-89.1503
-89.1068
-89.0629
-89.0185
-88.9737
-88.9285
-88.8829
-88.8369
-88.7903
-88.7433
-88.6959
-88.6479
-88.5995
-88.5505
-88.5011
-88.451
-88.4005
-88.3494
-88.2977
-88.2454
-88.1925
-88.139
-88.0849
-88.03
-87.9745
-87.9184
-87.8615
-87.8038
-87.7454
-87.6862
-87.6262
-87.5653
-87.5036
-87.4409
-87.3774
-87.3128
-87.2473
-87.1807
-87.113
-87.0442
-86.9742
-86.903
-86.8306
-86.7567
-86.6815
-86.6049
-86.5267
-86.4469
-86.3654
-86.2821
-86.197
-86.1099
-86.0207
-85.9293
-85.8356
-85.7395
-85.6407
-85.5391
-85.4345
-85.3266
-85.2154
-85.1005
-84.9816
-84.8583
-84.7304
-84.5975
-84.459
-84.3144
-84.1631
-84.0044
-83.8376
-83.6615
-83.4752
-83.2773
-83.0661
-82.8397
-82.5958
-82.3312
-82.0423
-81.7241
-81.3701
-80.9717
-80.5166
-79.9874
-79.3575
-78.5842
-77.5932
-76.2409
-74.2007
-70.5084
-60.5736
0.816486
49.9826
49.4956
45.1162
31.5153
10.4165
-4.4796
-15.4609
-26.4094
-35.8744
-55.2411
-90.4619
-94.9262
-94.9911
-94.9867
-94.9725
-94.9431
-94.8883
-94.799
-94.6757
-94.5302
-94.3787
-94.2347
-94.1053
-93.9931
-93.8974
-93.8165
-93.7481
-93.6901
-93.6405
-93.5978
-93.5608
-93.5283
-93.4995
-93.4737
-93.4504
-93.429
-93.4093
-93.3908
-93.3735
-93.357
-93.3412
-93.3259
-93.3111
-93.2966
-93.2824
-93.2684
-93.2546
-93.2408
-93.2271
-93.2135
-93.1999
-93.1862
-93.1726
-93.1588
-93.1451
-93.1313
-93.1174
-93.1034
-93.0893
-93.0752
-93.0609
-93.0466
-93.0321
-93.0175
-93.0029
-92.9881
-92.9732
-92.9581
-92.943
-92.9277
-92.9124
-92.8969
-92.8812
-92.8655
-92.8496
-92.8336
-92.8175
-92.8013
-92.7849
-92.7684
-92.7518
-92.7351
-92.7182
-92.7012
-92.684
-92.6668
-92.6494
-92.6318
-92.6142
-92.5964
-92.5784
-92.5604
-92.5422
-92.5239
-92.5054
-92.4868
-92.468
-92.4492
-92.4302
-92.411
-92.3917
-92.3723
-92.3527
-92.333
-92.3131
-92.2932
-92.273
-92.2527
-92.2323
-92.2117
-92.191
-92.1702
-92.1491
-92.128
-92.1067
-92.0852
-92.0636
-92.0419
-92.02
-91.9979
-91.9757
-91.9533
-91.9308
-91.9081
-91.8853
-91.8623
-91.8391
-91.8158
-91.7923
-91.7687
-91.7449
-91.7209
-91.6968
-91.6725
-91.6481
-91.6234
-91.5986
-91.5737
-91.5485
-91.5232
-91.4978
-91.4721
-91.4463
-91.4202
-91.3941
-91.3677
-91.3411
-91.3144
-91.2875
-91.2604
-91.2331
-91.2056
-91.178
-91.1501
-91.1221
-91.0938
-91.0654
-91.0368
-91.0079
-90.9789
-90.9497
-90.9202
-90.8906
-90.8607
-90.8307
-90.8004
-90.7699
-90.7392
-90.7083
-90.6771
-90.6458
-90.6142
-90.5824
-90.5503
-90.5181
-90.4856
-90.4528
-90.4198
-90.3866

