-70
-68.4389
-66.5875
-63.8926
-58.8487
-43.2203
30.1419
46.45
18.146
-12.6069
-26.421
-39.8436
-69.1211
-94.0988
-94.9323
-94.9244
-94.8272
-94.606
-94.1753
-93.4615
-92.455
-91.2172
-89.8416
-88.4159
-87.0031
-85.6412
-84.3495
-83.135
-81.9977
-80.9333
-79.9358
-78.9978
-78.1115
-77.2687
-76.4609
-75.6793
-74.9143
-74.1553
-73.3901
-72.6037
-71.7763
-70.8802
-69.8735
-68.6861
-67.1868
-65.0889
-61.5993
-53.4475
-15.8273
48.6424
43.1616
6.49238
-13.1676
-26.7122
-40.3859
-70.4487
-94.2039
-94.938
-94.9105
-94.7826
-94.4969
-93.9582
-93.1114
-91.9837
-90.6633
-89.2507
-87.8254
-86.4382
-85.1166
-83.8721
-82.7071
-81.6185
-80.601
-79.6476
-78.7509
-77.903
-77.0962
-76.3221
-75.5723
-74.8379
-74.1087
-73.3734
-72.6178
-71.8237
-70.9658
-70.0062
-68.8828
-67.4823
-65.5659
-62.5115
-56.0128
-30.4625
40.4462
43.2057
8.321
-12.5775
-25.9955
-39.5995
-68.612
-94.0966
-94.9383
-94.918
-94.8039
-94.549
-94.0636
-93.2846
-92.2225
-90.9531
-89.5729
-88.1641
-86.7826
-85.4602
-84.2118
-83.042
-81.9492
-80.9287
-79.974
-79.0782
-78.2335
-77.4324
-76.6671
-75.9295
-75.2113
-74.5035
-73.796
-73.0772
-72.3322
-71.5417
-70.678
-69.6988
-68.5329
-67.0458
-64.9412
-61.3897
-52.9083
-12.7735
49.1848
43.3395
6.36243
-13.2958
-26.8929
-40.7274
-71.223
-94.244
-94.9381
-94.9087
-94.7781
-94.4874
-93.9423
-93.0908
-91.9638
-90.6513
-89.2531
-87.8471
-86.4827
-85.1859
-83.9673
-82.8288
-81.7672
-80.7768
-79.8508
-78.9821
-78.163
-77.3863
-76.6441
-75.929
-75.233
-74.5475
-73.8633
-73.1692
-72.452
-71.6939
-70.8707
-69.9453
-68.8575
-67.4974
-65.635
-62.677
-56.4688
-32.8373
40.1259
43.3638
8.8417
-12.4831
-25.8944
-39.5124
-68.3996
-94.0834
-94.9384
-94.9199
-94.8093
-94.5621
-94.09
-93.3291
-92.2871
-91.0373
-89.6751
-88.2829
-86.9172
-85.6103
-84.3775
-83.2236
-82.1473
-81.1438
-80.2069
-79.3298
-78.505
-77.7253
-76.9832
-76.2713
-75.5821
-74.9077
-74.2395
-73.5678
-72.8813
-72.1656
-71.4016
-70.5616
-69.6034
-68.4553
-66.9816
-64.8819
-61.311
-52.6879
-11.4265
49.3376
43.4493
6.47698
-13.2969
-26.9062
-40.7559
-71.2931
-94.2477
-94.9382
-94.9086
-94.7779
-94.487
-93.9422
-93.0929
-91.9709
-90.6665
-89.2791
-87.8861
-86.536
-85.2545
-84.0519
-82.9298
-81.8849
-80.9115
-80.003
-79.1521
-78.3517
-77.5944
-76.8731
-76.1805
-75.5093
-74.852
-74.2002
-73.5445
-72.8742
-72.1753
-71.4296
-70.6108
-69.6791
-68.5674
-67.1506
-65.1574
-61.8501
-54.2856
-20.7682
46.5834
42.8818
6.77442
-12.9466
-26.4063
-39.9112
-69.3496
-94.141
-94.9386
-94.9156
-94.7961
-94.5284
-94.0205
-93.2144
-92.1311
-90.854
-89.4816
-88.0939
-86.743
-85.4574
-84.2493
-83.1216
-82.0717
-81.0943
-80.1829
-79.3304
-78.5297
-77.7735
-77.0548
-76.3665
-75.7015
-75.0524
-74.4114
-73.77
-73.118
-72.4433
-71.73
-70.956
-70.089
-69.0763
-67.8253
-66.149
-63.5944
-58.6837
-43.2646
29.2238
46.6027
18.2719
-12.8932
-26.8269
-40.518
-70.6615
-94.1737
-94.9303
-94.9217
-94.8223
-94.5971
-94.1629
-93.4522
-92.4622
-91.2567
-89.9274
-88.5575
-87.2063
-85.9089
-84.6831
-83.5351
-82.4646
-81.4677
-80.5386
-79.6707
-78.857
-78.0905
-77.3641
-76.6709
-76.004
-75.3562
-74.7202
-74.0879
-73.4503
-72.7966
-72.1133
-71.3823
-70.5779
-69.6602
-68.5632
-67.1631
-65.1917
-61.923
-54.4814
-21.8002
45.8639
42.952
7.26839
-12.7852
-26.2108
-39.7563
-68.9751
-94.1192
-94.9389
-94.9172
-94.8001
-94.5374
-94.0377
-93.2421
-92.1693
-90.9012
-89.5361
-88.1544
-86.8088
-85.5281
-84.3252
-83.203
-82.159
-81.1881
-80.2836
-79.4388
-78.6463
-77.8991
-77.1902
-76.5128
-75.8601
-75.2249
-74.6
-73.9774
-73.3482
-72.7015
-72.0236
-71.2964
-70.4935
-69.5744
-68.4708
-67.0546
-65.0457
-61.6732
-53.8077
-17.9896
47.9878
43.055
6.78837
-13.0045
-26.4941
-39.9964
-69.5524
-94.1531
-94.9386
-94.9148
-94.7936
-94.5222
-94.0078
-93.1943
-92.1054
-90.8266
-89.457
-88.0761
-86.7349
-85.461
-84.2661
-83.1524
-82.117
-81.1545
-80.2582
-79.4213
-78.6364
-77.8967
-77.195
-76.5248
-75.8792
-75.2514
-74.6342
-74.0199
-73.3997
-72.7634
-72.0979
-71.3859
-70.6029
-69.7112
-68.6487
-67.3005
-65.4231
-62.3751
-55.7523
-29.0313
40.5104
43.2703
8.65141
-12.4833
-25.8806
-39.5017
-68.3678
-94.0808
-94.9389
-94.9198
-94.808
-94.5579
-94.0809
-93.3149
-92.2712
-91.0257
-89.6747
-88.2999
-86.9563
-85.6749
-84.4701
-83.3459
-82.3003
-81.3286
-80.4243
-79.5805
-78.7902
-78.0464
-77.3421
-76.6706
-76.0252
-75.3991
-74.7853
-74.1765
-73.5642
-72.9389
-72.2885
-71.5974
-70.8437
-69.995
-68.9986
-67.7613
-66.0943
-63.5385
-58.5879
-42.8628
30.1803
46.3658
17.5384
-12.7598
-26.6264
-40.1625
-69.868
-94.1354
-94.9307
-94.9227
-94.8241
-94.6004
-94.1684
-93.4603
-92.4731
-91.271
-89.9463
-88.5824
-87.2386
-85.9501
-84.7343
-83.5973
-82.5387
-81.5545
-80.6387
-79.7847
-78.9857
-78.2345
-77.5246
-76.8489
-76.2011
-75.5743
-74.9619
-74.3565
-73.7504
-73.1343
-72.4974
-71.8252
-71.0987
-70.2896
-69.3538
-68.2153
-66.7281
-64.5609
-60.7495
-50.9535
-1.39978
49.7366
42.0097
2.36824
-14.6414
-28.3869
-43.4495
-76.8553
-94.4745
-94.9388
-94.8961
-94.7489
-94.4298
-93.8492
-92.9681
-91.8288
-90.5244
-89.1513
-87.7821
-86.4614
-85.2121
-84.0432
-82.9552
-81.9447
-81.0057
-80.1317
-79.3157
-78.5505
-77.8293
-77.1454
-76.4921
-75.863
-75.2515
-74.6506
-74.0531
-73.4507
-72.8337
-72.1901
-71.504
-70.7532
-69.9044
-68.9034
-67.653
-65.955
-63.3197
-58.0982
-40.6893
34.1419
45.2423
13.982
-12.4305
-26.0762
-39.6387
-68.6953
-94.0886
-94.9341
-94.9225
-94.8213
-94.5933
-94.1541
-93.4368
-92.4405
-91.2312
-89.9023
-88.5373
-87.1948
-85.9097
-84.6986
-83.5674
-82.5152
-81.5376
-80.6288
-79.782
-78.9901
-78.2463
-77.5436
-76.8755
-76.2354
-75.6168
-75.013
-74.417
-73.8213
-73.2172
-72.5942
-71.9392
-71.2344
-70.4541
-69.5591
-68.483
-67.1018
-65.1464
-61.886
-54.4161
-21.4073
46.159
42.9673
7.2882
-12.7816
-26.2065
-39.751
-68.9602
-94.1183
-94.9388
-94.917
-94.7997
-94.5368
-94.0373
-93.2428
-92.1728
-90.9094
-89.551
-88.1776
-86.8419
-85.5725
-84.3821
-83.2734
-82.2438
-81.288
-80.3996
-79.5716
-78.7968
-78.0683
-77.3793
-76.7233
-76.0938
-75.4843
-74.8882
-74.2986
-73.7078
-73.107
-72.4857
-71.8303
-71.1223
-70.3351
-69.4271
-68.3278
-66.903
-64.856
-61.3546
-52.8951
-12.6073
49.2059
43.4148
6.72063
-13.1842
-26.7587
-40.4751
-70.6565
-94.2155
-94.9382
-94.9103
-94.7825
-94.4976
-93.963
-93.1273
-92.0211
-90.7338
-89.3645
-87.991
-86.6621
-85.4037
-84.2262
-83.1309
-82.1145
-81.1713
-80.2947
-79.4775
-78.7126
-77.9932
-77.3125
-76.664
-76.0414
-75.4382
-74.8478
-74.2636
-73.6777
-73.0817
-72.4648
-71.8138
-71.1102
-70.3275
-69.4245
-68.3311
-66.9143
-64.8804
-61.4083
-53.0594
-13.5574
49.073
43.3418
6.68636
-13.1656
-26.7272
-40.4143
-70.5157
-94.2079
-94.9382
-94.9108
-94.7837
-94.5004
-93.9684
-93.1361
-92.0331
-90.7484
-89.381
-88.0088
-86.6809
-85.4233
-84.2466
-83.1521
-82.1368
-81.1948
-80.3195
-79.5038
-78.7407
-78.0232
-77.3447
-76.6986
-76.0787
-75.4786
-74.8919
-74.3117
-73.7308
-73.1405
-72.5309
-71.8889
-71.1972
-70.4306
-69.5507
-68.4926
-67.1361
-65.2214
-62.0511
-54.9086
-24.2729
43.3943
43.0137
7.74613
-12.6563
-26.0627
-39.6449
-68.7098
-94.102
-94.9386
-94.9177
-94.8022
-94.5438
-94.0528
-93.2697
-92.2111
-90.957
-89.6049
-88.2356
-86.9024
-85.6348
-84.446
-83.3392
-82.3119
-81.3591
-80.4741
-79.6501
-78.8799
-78.1568
-77.4738
-76.8246
-76.2028
-75.602
-75.016
-74.4381
-73.8612
-73.277
-72.6761
-72.0464
-71.3718
-70.6298
-69.7862
-68.7848
-67.5247
-65.7968
-63.0766
-57.5501
-38.1841
37.242
44.3783
11.6971
-12.2755
-25.7616
-39.3958
-68.1164
-94.0594
-94.9362
-94.9225
-94.8192
-94.5872
-94.1411
-93.4147
-92.4094
-91.1936
-89.8619
-88.4978
-87.1594
-85.8808
-84.6782
-83.5568
-82.5152
-81.549
-80.652
-79.8173
-79.038
-78.307
-77.6176
-76.9634
-76.3379
-75.7348
-75.1479
-74.5707
-73.9961
-73.4163
-72.8223
-72.2026
-71.5426
-70.8215
-70.0087
-69.0553
-67.8749
-66.2956
-63.9105
-59.4411
-46.3025
20.2467
48.6298
27.7316
-12.3005
-26.2058
-39.7585
-68.7771
-93.8691
-94.9085
-94.9238
-94.8328
-94.6205
-94.2066
-93.5217
-92.559
-91.3788
-90.0718
-88.7216
-87.3882
-86.1081
-84.8996
-83.7697
-82.7184
-81.7421
-80.8353
-79.9914
-79.2037
-78.4655
-77.77
-77.1108
-76.4816
-75.8763
-75.2884
-74.7118
-74.1396
-73.5643
-72.9773
-72.3679
-71.7226
-71.0227
-70.241
-69.3348
-68.231
-66.79
-64.6982
-61.0582
-51.9566
-7.00614
49.6141
43.2031
5.54684
-13.5487
-27.1785
-41.2387
-72.3469
-94.3005
-94.9381
-94.9049
-94.769
-94.4692
-93.9137
-93.0569
-91.9353
-90.641
-89.2722
-87.9046
-86.585
-85.3378
-84.1723
-83.0894
-82.0856
-81.155
-80.2908
-79.486
-78.7335
-78.0266
-77.3585
-76.7229
-76.1137
-75.5246
-74.9495
-74.3818
-73.8145
-73.2398
-72.6482
-72.0279
-71.3631
-70.6319
-69.8008
-68.8154
-67.5776
-65.8867
-63.2436
-57.954
-40.0129
35.0888
44.9816
13.2945
-12.3574
-25.9474
-39.5398
-68.4592
-94.0752
-94.9344
-94.9223
-94.8206
-94.5917
-94.1512
-93.4325
-92.4355
-91.2271
-89.9009
-88.5406
-87.2049
-85.9282
-84.7271
-83.6071
-82.5671
-81.6028
-80.7079
-79.8758
-79.0995
-78.3719
-77.6866
-77.0369
-76.4165
-75.8194
-75.2394
-74.6701
-74.1049
-73.5364
-72.956
-72.3533
-71.7148
-71.0223
-70.249
-69.353
-68.2631
-66.8434
-64.791
-61.2496
-52.563
-10.5245
49.4171
43.57
6.84007
-13.2057
-26.8034
-40.5652
-70.8731
-94.2272
-94.9378
-94.9087
-94.7782
-94.4882
-93.9466
-93.1045
-91.9948
-90.7078
-89.3422
-87.975
-86.6542
-85.4051
-84.2378
-83.1533
-82.1484
-81.2171
-80.3529
-79.5485
-78.797
-78.0915
-77.4255
-76.7926
-76.1867
-75.6016
-75.0313
-74.4696
-73.9094
-73.3434
-72.7627
-72.1561
-71.5093
-70.8021
-70.0047
-69.0696
-67.9132
-66.3706
-64.0552
-59.7734
-47.568
15.206
49.2686
32.5733
-10.0361
-23.3098
-37.4898
-63.3332
-93.1236
-94.8825
-94.9263
-94.8418
-94.6387
-94.2382
-93.5683
-92.6185
-91.447
-90.1447
-88.7965
-87.4638
-86.1839
-84.9759
-83.8469
-82.7972
-81.8232
-80.9192
-80.0789
-79.2955
-78.5622
-77.8724
-77.2198
-76.5981
-76.0013
-75.4234
-74.8582
-74.2994
-73.7401
-73.1723
-72.5866
-71.9713
-71.3105
-70.5819
-69.7514
-68.7638
-67.5185
-65.8083
-63.1133
-57.6382
-38.4867
36.9207
44.5029
12.1047
-12.2499
-25.7432
-39.3754
-68.065
-94.0551
-94.9358
-94.9226
-94.82
-94.5892
-94.1452
-93.4216
-92.4195
-91.2072
-89.8792
-88.519
-87.1851
-85.9115
-84.7144
-83.599
-82.5641
-81.6052
-80.716
-79.8896
-79.1191
-78.3976
-77.7185
-77.0752
-76.4616
-75.8716
-75.2992
-74.7384
-74.1825
-73.6246
-73.0567
-72.4689
-71.8489
-71.18
-70.4384
-69.5874
-68.5658
-67.2614
-65.4352
-62.4613
-56.0093
-30.2312
40.5105
43.3561
9.07573
-12.3745
-25.749
-39.3843
-68.0776
-94.0621
-94.9386
-94.9205
-94.8105
-94.5644
-94.0944
-93.338
-92.3049
-91.07
-89.7297
-88.3662
-87.0354
-85.7686
-84.5805
-83.475
-82.4501
-81.5009
-80.6208
-79.8031
-79.0405
-78.3263
-77.6537
-77.0164
-76.4083
-75.8232
-75.2553
-74.6985
-74.1462
-73.5916
-73.0266
-72.4414
-71.8236
-71.1567
-70.4167
-69.5668
-68.5456
-67.2404
-65.4107
-62.4259
-55.9307
-29.8448
40.5147
43.3379
8.99977
-12.3922
-25.7699
-39.403
-68.1235
-94.065
-94.9385
-94.9202
-94.8098
-94.5629
-94.0917
-93.3337
-92.2993
-91.0637
-89.7234
-88.3606
-87.0307
-85.7653
-84.5787
-83.4748
-82.4516
-81.5041
-80.6259
-79.8099
-79.0493
-78.337
-77.6664
-77.0312
-76.4252
-75.8425
-75.2771
-74.7231
-74.174
-73.6229
-73.0621
-72.482
-71.8705
-71.2116
-70.4822
-69.6473
-68.6489
-67.3811
-65.6227
-62.8077
-56.913
-34.9871
39.4067
43.734
10.0987
-12.2792
-25.6773
-39.3223
-67.9316
-94.0506
-94.9375
-94.9218
-94.8159
-94.5785
-94.1233
-93.3854
-92.3699
-91.1479
-89.8149
-88.4541
-87.1228
-85.8539
-84.663
-83.5546
-82.5271
-81.5757
-80.694
-79.8752
-79.1122
-78.3981
-77.7263
-77.0903
-76.4842
-75.9018
-75.3374
-74.7849
-74.2381
-73.6903
-73.1338
-72.5595
-71.9556
-71.3071
-70.5921
-69.7779
-68.8111
-67.596
-65.9369
-63.351
-58.2199
-41.1863
33.3666
45.5134
14.9558
-12.4248
-26.0943
-39.6349
-68.663
-94.0779
-94.9325
-94.923
-94.8234
-94.5983
-94.1637
-93.4523
-92.4629
-91.2613
-89.941
-88.5861
-87.2554
-85.9839
-84.7883
-83.6743
-82.6409
-81.6837
-80.7967
-79.973
-79.2058
-78.4881
-77.8134
-77.1753
-76.5677
-75.9847
-75.4204
-74.8689
-74.3242
-73.7795
-73.2275
-72.6593
-72.0641
-71.4273
-70.7289
-69.9386
-69.0084
-67.8532
-66.3044
-63.9635
-59.5865
-46.8332
18.2596
48.9304
29.8293
-11.4603
-25.1297
-38.9819
-66.9086
-93.6442
-94.8992
-94.9247
-94.8364
-94.6279
-94.2199
-93.542
-92.5862
-91.4123
-90.1111
-88.7667
-87.4397
-86.1668
-84.9665
-83.8459
-82.8049
-81.8399
-80.9453
-80.1146
-79.341
-78.6177
-77.9384
-77.2966
-76.6864
-76.1017
-75.5368
-74.986
-74.4432
-73.902
-73.3553
-72.7947
-72.2101
-71.5879
-70.91
-70.1495
-69.264
-68.1812
-66.762
-64.6951
-61.0892
-52.0603
-7.51619
49.5925
43.2939
5.86475
-13.4545
-27.0726
-41.046
-71.9315
-94.2813
-94.9378
-94.9053
-94.7702
-94.4719
-93.9197
-93.068
-91.953
-90.666
-89.3049
-87.9452
-86.6339
-85.3956
-84.2397
-83.1673
-82.1749
-81.2565
-80.4054
-79.6145
-78.877
-78.1859
-77.5349
-76.9177
-76.3285
-75.7614
-75.2108
-74.6708
-74.1354
-73.5979
-73.0507
-72.4847
-71.8885
-71.2467
-70.5376
-69.7283
-68.7651
-67.5511
-65.8879
-63.2838
-58.0743
-40.4913
34.3697
45.1992
13.9692
-12.3777
-25.9987
-39.5726
-68.528
-94.0742
-94.9332
-94.9224
-94.8216
-94.5944
-94.1571
-93.4428
-92.4512
-91.2486
-89.9288
-88.5756
-87.2478
-85.9798
-84.7884
-83.679
-82.6506
-81.6986
-80.817
-79.9989
-79.2374
-78.5256
-77.857
-77.2253
-76.6245
-76.0486
-75.4921
-74.9491
-74.4138
-73.8798
-73.3403
-72.787
-72.2098
-71.5957
-70.9269
-70.1772
-69.3056
-68.2422
-66.8544
-64.8474
-61.3941
-53.0076
-13.0049
49.1527
43.459
7.0608
-13.0708
-26.6194
-40.2242
-70.0875
-94.1849
-94.9379
-94.911
-94.784
-94.5009
-93.9704
-93.1424
-92.047
-90.7726
-89.4174
-88.0586
-86.7452
-85.5032
-84.3433
-83.2671
-82.2712
-81.3501
-80.497
-79.7048
-78.9667
-78.2757
-77.6256
-77.0101
-76.4232
-75.8594
-75.313
-74.7783
-74.2494
-73.7199
-73.1828
-72.6296
-72.0497
-71.4293
-70.7491
-69.9806
-69.0782
-67.9626
-66.4785
-64.2667
-60.2468
-49.26
7.51908
49.6854
38.3567
-4.10284
-18.3155
-32.488
-51.7431
-88.19
-94.7652
-94.9349
-94.8695
-94.6938
-94.3327
-93.7053
-92.7887
-91.6352
-90.3378
-88.9868
-87.6487
-86.364
-85.1531
-84.0238
-82.9761
-82.0064
-81.1087
-80.2766
-79.5031
-78.7814
-78.1049
-77.4674
-76.8628
-76.2853
-75.7294
-75.1894
-74.6598
-74.1346
-73.6074
-73.071
-72.5166
-71.9331
-71.3062
-70.6152
-69.8294
-68.8989
-67.7355
-66.162
-63.7527
-59.1445
-45.0587
24.3296
47.8356
23.4807
-12.9643
-27.008
-40.8292
-71.2383
-94.1135
-94.9195
-94.9214
-94.8258
-94.6067
-94.1837
-93.4897
-92.5211
-91.3404
-90.0385
-88.698
-87.3782
-86.1145
-84.9248
-83.8153
-82.7859
-81.8327
-80.9499
-80.131
-79.3692
-78.6579
-77.9905
-77.3609
-76.7631
-76.1913
-75.6401
-75.1039
-74.577
-74.0535
-73.527
-72.9899
-72.4332
-71.8458
-71.2122
-70.5109
-69.709
-68.7528
-67.5455
-65.8886
-63.2891
-58.0766
-40.4265
34.5342
45.2141
14.1654
-12.3145
-25.9133
-39.4951
-68.3338
-94.0623
-94.9334
-94.9232
-94.8233
-94.5976
-94.1622
-93.4502
-92.4608
-91.2606
-89.9435
-88.5933
-87.2689
-86.0048
-84.8178
-83.713
-82.6896
-81.743
-80.867
-80.0548
-79.2995
-78.5943
-77.9327
-77.3084
-76.7154
-76.1482
-75.601
-75.0686
-74.5451
-74.0248
-73.5011
-72.9665
-72.4123
-71.827
-71.1954
-70.4959
-69.6956
-68.7407
-67.5344
-65.8775
-63.276
-58.0532
-40.3306
34.6603
45.1694
14.0185
-12.3143
-25.9081
-39.4931
-68.3284
-94.0614
-94.9334
-94.9231
-94.8231
-94.5972
-94.1615
-93.449
-92.4592
-91.2589
-89.9419
-88.5921
-87.2684
-86.0052
-84.8192
-83.7157
-82.6935
-81.7483
-80.8737
-80.0631
-79.3093
-78.6057
-77.9457
-77.3232
-76.7321
-76.1668
-75.6218
-75.0916
-74.5707
-74.0533
-73.533
-73.0024
-72.453
-71.8736
-71.2495
-70.5599
-69.7735
-68.8392
-67.6662
-66.0706
-63.6066
-58.8192
-43.693
28.1734
46.9293
19.7531
-12.835
-26.7652
-40.3795
-70.2967
-94.1239
-94.9261
-94.9225
-94.8258
-94.6055
-94.1796
-93.4811
-92.5072
-91.3216
-90.0162
-88.6742
-87.3547
-86.093
-84.9063
-83.8009
-82.7762
-81.8281
-80.9506
-80.1371
-79.381
-78.6753
-78.0137
-77.39
-76.7982
-76.2328
-75.6882
-75.1591
-74.6399
-74.1251
-73.6082
-73.0824
-72.5392
-71.968
-71.355
-70.6807
-69.9162
-69.0149
-67.8956
-66.3975
-64.146
-59.9951
-48.309
12.126
49.5079
35.3875
-7.47287
-20.9759
-35.2716
-58.0366
-91.7658
-94.8478
-94.9307
-94.8546
-94.664
-94.2814
-93.6314
-92.6984
-91.5386
-90.244
-88.9017
-87.5753
-86.3032
-85.1049
-83.9878
-82.9519
-81.9934
-81.1066
-80.285
-79.5218
-78.8102
-78.1439
-77.5165
-76.9222
-76.3553
-75.8104
-75.2822
-74.7653
-74.2542
-73.7427
-73.2244
-72.6913
-72.1338
-71.5394
-70.8906
-70.1623
-69.315
-68.2818
-66.9362
-65.0006
-61.71
-53.9425
-18.3419
47.8367
43.1314
7.26628
-12.8477
-26.3027
-39.8262
-69.1451
-94.1301
-94.9382
-94.9149
-94.7942
-94.5242
-94.0144
-93.211
-92.1384
-90.8812
-89.5369
-88.1842
-86.874
-85.6339
-84.4756
-83.4013
-82.4082
-81.4908
-80.6424
-79.856
-79.1247
-78.4417
-77.8007
-77.1954
-76.6203
-76.0698
-75.5386
-75.0213
-74.5126
-74.0068
-73.4978
-72.9786
-72.4406
-71.8733
-71.2625
-70.5882
-69.8205
-68.911
-67.7746
-66.2412
-63.9067
-59.5012
-46.4607
19.6137
48.7291
28.429
-12.0189
-25.8435
-39.5019
-68.1506
-93.7858
-94.904
-94.9238
-94.8341
-94.6238
-94.2136
-93.5343
-92.5791
-91.4085
-90.1133
-88.7775
-87.4612
-86.2006
-85.014
-83.9083
-82.8831
-81.9347
-81.0574
-80.2446
-79.4896
-78.7857
-78.1266
-77.5061
-76.9185
-76.358
-75.8194
-75.2974
-74.7869
-74.2822
-73.7777
-73.2669
-72.7422
-72.1943
-71.6114
-70.977
-70.2676
-69.4465
-68.4526
-67.1723
-65.3632
-62.3856
-55.8217
-28.9632
40.498
43.397
9.23927
-12.3359
-25.7042
-39.3468
-67.9886
-94.0561
-94.9384
-94.9203
-94.8101
-94.5635
-94.0929
-93.3366
-92.306
-91.0768
-89.7456
-88.3943
-87.0782
-85.8285
-84.6594
-83.5743
-82.5713
-81.6451
-80.7892
-79.9965
-79.2602
-78.5734
-77.9297
-77.3229
-76.7474
-76.1975
-75.668
-75.1537
-74.6494
-74.1496
-73.6485
-73.1394
-72.6147
-72.0646
-71.4766
-70.8333
-70.1093
-69.2647
-68.2318
-66.8818
-64.9312
-61.5926
-53.6132
-16.4416
48.4755
43.2498
7.21722
-12.9171
-26.402
-39.9077
-69.3441
-94.1416
-94.938
-94.9138
-94.7912
-94.5172
-94.0013
-93.1911
-92.1133
-90.8538
-89.5103
-88.1608
-86.8553
-85.6208
-84.4687
-83.401
-82.4145
-81.5038
-80.662
-79.8823
-79.1576
-78.4813
-77.847
-77.2488
-76.6809
-76.1379
-75.6147
-75.1061
-74.607
-74.1119
-73.6152
-73.1102
-72.5892
-72.0427
-71.458
-70.818
-70.0972
-69.2558
-68.2263
-66.8802
-64.9346
-61.6042
-53.6442
-16.5938
48.4282
43.2227
7.14809
-12.9322
-26.4183
-39.9207
-69.3758
-94.1433
-94.9379
-94.9135
-94.7907
-94.5162
-93.9997
-93.1894
-92.112
-90.8534
-89.5111
-88.163
-86.8592
-85.6264
-84.4761
-83.4102
-82.4256
-81.5167
-80.6769
-79.8992
-79.1765
-78.5023
-77.8702
-77.2743
-76.7088
-76.1685
-75.6481
-75.1426
-74.6469
-74.1557
-73.6634
-73.1636
-72.6489
-72.11
-71.535
-70.9075
-70.2037
-69.3868
-68.3946
-67.1118
-65.2908
-62.2732
-55.539
-27.4092
40.3749
43.3884
9.08461
-12.3926
-25.7787
-39.4177
-68.1647
-94.0672
-94.9383
-94.9193
-94.8074
-94.5572
-94.0806
-93.3176
-92.2818
-91.0506
-89.7204
-88.3727
-87.0619
-85.8184
-84.6559
-83.5778
-82.5817
-81.6625
-80.8136
-80.028
-79.2987
-78.619
-77.9824
-77.383
-76.815
-76.2732
-75.7522
-75.2471
-74.7528
-74.2642
-73.7758
-73.2814
-72.7741
-72.2451
-71.6834
-71.0742
-70.3959
-69.6163
-68.6818
-67.4962
-65.8619
-63.2883
-58.1125
-40.5599
34.2865
45.2698
14.3258
-12.3305
-25.9405
-39.5155
-68.3762
-94.0597
-94.9325
-94.9232
-94.8239
-94.5993
-94.1659
-93.457
-92.4719
-91.2773
-89.9671
-88.6253
-87.3106
-86.0575
-84.8825
-83.7909
-82.7815
-81.8495
-80.9889
-80.1927
-79.454
-78.7662
-78.1227
-77.5175
-76.945
-76.3996
-75.8762
-75.3698
-74.8755
-74.3881
-73.9022
-73.4121
-72.911
-72.3908
-71.8413
-71.2488
-70.5942
-69.8488
-68.9667
-67.8674
-66.3918
-64.1696
-60.0706
-48.5648
10.9863
49.5675
36.259
-6.52725
-20.1777
-34.4559
-56.1351
-90.9811
-94.829
-94.9323
-94.8595
-94.6741
-94.2992
-93.6584
-92.734
-91.5815
-90.2929
-88.9562
-87.6358
-86.3705
-85.18
-84.0715
-83.0452
-82.0972
-81.2216
-80.4118
-79.6611
-78.9628
-78.3104
-77.6978
-77.1194
-76.5696
-76.0434
-75.5357
-75.0416
-74.5562
-74.0744
-73.5905
-73.0983
-72.5904
-72.0576
-71.488
-70.8651
-70.165
-69.3506
-68.3591
-67.0733
-65.2411
-62.1868
-55.2951
-25.9677
41.1139
43.3411
8.93471
-12.4094
-25.7924
-39.4278
-68.1884
-94.0688
-94.9383
-94.919
-94.8063
-94.5539
-94.0734
-93.3058
-92.2663
-91.0334
-89.7039
-88.3587
-87.0517
-85.8127
-84.6551
-83.5822
-82.5915
-81.6777
-80.8343
-80.0541
-79.3303
-78.6562
-78.0253
-77.4318
-76.87
-76.3345
-75.8204
-75.3226
-74.8364
-74.3568
-73.8786
-73.3959
-72.9023
-72.3899
-71.8488
-71.2656
-70.6219
-69.8901
-69.0262
-67.9536
-66.5231
-64.3924
-60.5461
-50.2594
2.57836
49.7482
40.7912
0.00794222
-15.7243
-29.5861
-45.7278
-80.877
-94.5926
-94.9383
-94.8878
-94.732
-94.4016
-93.8113
-92.9285
-91.799
-90.5157
-89.1724
-87.8394
-86.5597
-85.3553
-84.2345
-83.1977
-82.2408
-81.3581
-80.5427
-79.7877
-79.0863
-78.4319
-77.8184
-77.2401
-76.6915
-76.1675
-75.6631
-75.1735
-74.6939
-74.2195
-73.7448
-73.2641
-72.7707
-72.2564
-71.7106
-71.1193
-70.4624
-69.7098
-68.8124
-67.6829
-66.1462
-63.782
-59.2449
-45.3647
23.363
48.0482
24.5855
-12.8167
-26.8263
-40.5008
-70.4792
-94.0378
-94.9155
-94.9224
-94.829
-94.6136
-94.1963
-93.5099
-92.5501
-91.3792
-90.088
-88.7597
-87.4537
-86.2053
-85.0324
-83.9412
-82.9313
-81.9987
-81.1376
-80.3413
-79.6031
-78.9165
-78.2751
-77.6728
-77.1042
-76.5639
-76.0467
-75.548
-75.0628
-74.5864
-74.1139
-73.6399
-73.1584
-72.6625
-72.1435
-71.5904
-70.988
-70.3146
-69.5368
-68.5998
-67.4032
-65.7394
-63.0842
-57.6103
-38.0688
37.2599
44.4593
12.1746
-12.1743
-25.6347
-39.2762
-67.8129
-94.0349
-94.9351
-94.9233
-94.822
-94.5936
-94.1538
-93.4366
-92.4438
-91.2442
-89.9326
-88.5926
-87.2824
-86.0358
-84.8687
-83.7858
-82.7856
-81.8632
-81.0123
-80.226
-79.4973
-78.8194
-78.1862
-77.5914
-77.0295
-76.4953
-75.9837
-75.4898
-75.009
-74.5365
-74.0674
-73.5963
-73.1173
-72.6234
-72.1058
-71.5536
-70.9512
-70.2769
-69.4967
-68.5546
-67.3481
-65.6637
-62.9579
-57.3083
-36.6112
38.425
44.1009
11.213
-12.1803
-25.5957
-39.2468
-67.7421
-94.0332
-94.9361
-94.9229
-94.8201
-94.5889
-94.1443
-93.4211
-92.4227
-91.2191
-89.9053
-88.565
-87.2559
-86.0112
-84.8465
-83.7664
-82.7691
-81.8497
-81.0017
-80.2182
-79.4923
-78.8171
-78.1865
-77.5943
-77.0349
-76.5032
-75.9941
-75.5029
-75.0248
-74.5551
-74.089
-73.6213
-73.1461
-72.6565
-72.1442
-71.5983
-71.004
-70.3403
-69.5749
-68.6548
-67.4843
-65.8671
-63.3152
-58.1766
-40.7424
34.0063
45.3707
14.691
-12.3228
-25.9395
-39.5082
-68.3493
-94.0544
-94.932
-94.9236
-94.8251
-94.602
-94.1711
-93.4656
-92.4848
-91.2953
-89.9907
-88.655
-87.3471
-86.1012
-84.9339
-83.8505
-82.8496
-81.9266
-81.0753
-80.2888
-79.5603
-78.883
-78.2506
-77.6572
-77.097
-76.565
-76.056
-75.5654
-75.0886
-74.6207
-74.1572
-73.6928
-73.2219
-72.7379
-72.2328
-71.6963
-71.1146
-70.4682
-69.7276
-68.8448
-67.7354
-66.2304
-63.9283
-59.5667
-46.6131
19.1456
48.8118
29.1096
-11.6228
-25.3253
-39.1089
-67.1974
-93.6742
-94.9001
-94.9251
-94.8375
-94.6306
-94.2257
-93.5533
-92.6058
-91.4438
-90.158
-88.8326
-87.5279
-86.2803
-85.1081
-84.0177
-83.009
-82.0779
-81.2188
-80.4249
-79.6897
-79.0066
-78.3691
-77.7714
-77.208
-76.6734
-76.1629
-75.6716
-75.1949
-74.7283
-74.267
-73.8063
-73.3405
-72.8635
-72.3677
-71.8436
-71.2788
-70.6555
-69.9479
-69.1147
-68.0849
-66.7224
-64.7215
-61.2096
-52.3919
-9.06673
49.5129
43.5636
6.85324
-13.1843
-26.7698
-40.4967
-70.7246
-94.2212
-94.9375
-94.9078
-94.7763
-94.4855
-93.9464
-93.1132
-92.02
-90.7559
-89.418
-88.0817
-86.7944
-85.581
-84.4516
-83.4073
-82.4447
-81.5578
-80.7399
-79.984
-79.2831
-78.6309
-78.021
-77.4477
-76.9056
-76.3896
-75.895
-75.4172
-74.9516
-74.4937
-74.0389
-73.582
-73.1175
-72.6387
-72.1375
-71.6035
-71.0223
-70.374
-69.6276
-68.7332
-67.6012
-66.05
-63.6392
-58.9318
-43.9971
27.3003
47.1437
20.6113
-12.8691
-26.8258
-40.4851
-70.5087
-94.1133
-94.9233
-94.9223
-94.8268
-94.6084
-94.1865
-93.4945
-92.5298
-91.356
-90.0647
-88.7389
-87.4377
-86.196
-85.0311
-83.9488
-82.9485
-82.026
-81.1751
-80.3894
-79.6619
-78.9862
-78.3558
-77.765
-77.2081
-76.6801
-76.1759
-75.6909
-75.2206
-74.7606
-74.3063
-73.8529
-73.3952
-72.9273
-72.4419
-71.9303
-71.3807
-70.7768
-70.0951
-69.2986
-68.325
-67.0576
-65.2453
-62.2142
-55.3533
-26.0952
40.9331
43.414
9.2278
-12.3464
-25.7199
-39.3653
-68.0355
-94.0588
-94.9384
-94.9197
-94.8078
-94.557
-94.079
-93.3149
-92.2802
-91.0532
-89.7308
-88.3935
-87.0952
-85.8659
-84.7187
-83.6568
-82.6778
-81.7762
-80.9454
-80.1784
-79.4682
-78.8083
-78.1923
-77.6143
-77.069
-76.5511
-76.056
-75.579
-75.1157
-74.6616
-74.2123
-73.7629
-73.3083
-72.8425
-72.3581
-71.846
-71.2942
-70.6859
-69.9964
-69.1867
-68.1904
-66.8819
-64.985
-61.7362
-54.0107
-18.4642
47.783
43.1668
7.4815
-12.781
-26.2213
-39.76
-68.9826
-94.1204
-94.9383
-94.9154
-94.7953
-94.5266
-94.0197
-93.2221
-92.159
-90.9148
-89.5863
-88.2516
-86.9612
-85.7424
-84.6067
-83.5563
-82.5882
-81.6967
-80.8753
-80.1169
-79.4145
-78.7617
-78.1522
-77.5802
-77.0403
-76.5276
-76.0372
-75.5647
-75.1056
-74.6557
-74.2105
-73.7653
-73.3149
-72.8534
-72.3739
-71.8672
-71.3217
-70.721
-70.0412
-69.2447
-68.2682
-66.9923
-65.1581
-62.0653
-54.9492
-23.8098
43.9146
43.103
8.17669
-12.5271
-25.9041
-39.5073
-68.3708
-94.081
-94.9384
-94.9183
-94.8037
-94.547
-94.0593
-93.2843
-92.2408
-91.0094
-89.6868
-88.3525
-87.0591
-85.8357
-84.6949
-83.6395
-82.6667
-81.7712
-80.9463
-80.185
-79.4803
-78.8257
-78.215
-77.6422
-77.1021
-76.5896
-76.0999
-75.6286
-75.1713
-74.7237
-74.2815
-73.84
-73.3944
-72.9389
-72.4668
-71.9696
-71.4364
-70.8522
-70.195
-69.4315
-68.5055
-67.3149
-65.6462
-62.9551
-57.3114
-36.5134
38.4614
44.0862
11.1895
-12.1762
-25.5884
-39.24
-67.7247
-94.0309
-94.9359
-94.923
-94.8204
-94.5898
-94.1464
-93.4254
-92.4303
-91.2312
-89.9233
-88.5901
-87.2892
-86.0537
-84.899
-83.8295
-82.8434
-81.9357
-81.0998
-80.3288
-79.6157
-78.9539
-78.3371
-77.7593
-77.2151
-76.6995
-76.2076
-75.735
-75.2773
-74.8303
-74.3897
-73.951
-73.5093
-73.0594
-72.5948
-72.1077
-71.588
-71.0221
-70.3905
-69.6637
-68.7941
-67.6967
-66.2021
-63.9061
-59.5328
-46.4342
19.8169
48.7111
28.466
-11.8323
-25.5893
-39.297
-67.6445
-93.7274
-94.9021
-94.9251
-94.8372
-94.6302
-94.2254
-93.5537
-92.6082
-91.4496
-90.1687
-88.8496
-87.5523
-86.313
-85.1497
-84.0689
-83.0702
-82.1496
-81.3012
-80.5185
-79.7947
-79.1233
-78.498
-77.9129
-77.3627
-76.8421
-76.3465
-75.8712
-75.412
-74.9646
-74.5249
-74.0885
-73.6508
-73.2066
-72.75
-72.2737
-71.7686
-71.2226
-70.6187
-69.9315
-69.1214
-68.1198
-66.7962
-64.8611
-61.4998
-53.2715
-14.0276
48.9924
43.4819
7.5125
-12.9063
-26.4125
-39.92
-69.385
-94.1452
-94.9379
-94.9127
-94.7881
-94.5101
-93.9894
-93.1772
-92.1028
-90.853
-89.5245
-88.1942
-86.911
-85.701
-84.5749
-83.5344
-82.5762
-81.6946
-80.8827
-80.1336
-79.4404
-78.7965
-78.1959
-77.6328
-77.1019
-76.5982
-76.1173
-75.6547
-75.2062
-74.7676
-74.3348
-73.9035
-73.4688
-73.0256
-72.5674
-72.0868
-71.5736
-71.0145
-70.3904
-69.6724
-68.8135
-67.7309
-66.2598
-64.0094
-59.7598
-47.2748
16.5647
49.1385
31.5991
-10.3892
-23.7388
-37.8344
-64.1294
-93.2404
-94.8855
-94.9268
-94.8432
-94.6424
-94.2467
-93.5856
-92.6495
-91.4975
-90.2204
-88.9028
-87.6058
-86.3662
-85.2025
-84.1214
-83.1227
-82.2024
-81.3546
-80.5729
-79.8504
-79.1806
-78.5573
-77.9746
-77.427
-76.9095
-76.4174
-75.9461
-75.4915
-75.0493
-74.6156
-74.186
-73.7563
-73.3215
-72.8762
-72.4137
-71.9258
-71.4016
-70.8262
-70.178
-69.4238
-68.5081
-67.3301
-65.6784
-63.0168
-57.4505
-37.0789
38.0568
44.2393
11.6555
-12.1444
-25.566
-39.2174
-67.6678
-94.0256
-94.9355
-94.9234
-94.822
-94.5933
-94.1531
-93.4362
-92.4456
-91.2509
-89.9471
-88.6177
-87.3206
-86.0889
-84.9381
-83.8727
-82.8909
-81.9877
-81.1566
-80.3905
-79.6826
-79.0263
-78.4152
-77.8434
-77.3057
-76.797
-76.3126
-75.8481
-75.3993
-74.9621
-74.5326
-74.1064
-73.6793
-73.2462
-72.8017
-72.3389
-71.8493
-71.3218
-70.7408
-70.0837
-69.3152
-68.3763
-67.1572
-65.4249
-62.5684
-56.3114
-31.2364
40.3902
43.4902
9.6716
-12.2396
-25.5894
-39.2401
-67.7204
-94.0365
-94.938
-94.9219
-94.815
-94.5753
-94.1163
-93.3761
-92.3639
-91.1543
-89.8432
-88.5128
-87.219
-85.9932
-84.8497
-83.792
-82.8179
-81.9222
-81.0981
-80.3387
-79.6371
-78.9864
-78.3806
-77.8138
-77.2807
-76.7762
-76.2958
-75.8351
-75.3899
-74.9563
-74.5302
-74.1074
-73.6838
-73.2544
-72.8137
-72.3552
-71.8705
-71.3487
-70.7747
-70.1266
-69.3705
-68.4497
-67.2603
-65.5842
-62.8606
-57.074
-35.2324
39.2191
43.877
10.7055
-12.1666
-25.5467
-39.2025
-67.6301
-94.0261
-94.9366
-94.923
-94.8199
-94.5878
-94.142
-93.4182
-92.4213
-91.2223
-89.9169
-88.5881
-87.2931
-86.0647
-84.918
-83.857
-82.8797
-81.9811
-81.1546
-80.3931
-79.6897
-79.0377
-78.4309
-77.8635
-77.3301
-76.8257
-76.3457
-75.8858
-75.4418
-75.0098
-74.5858
-74.1657
-73.7453
-73.3199
-72.8843
-72.432
-71.9552
-71.4436
-70.8832
-70.2535
-69.5238
-68.6431
-67.52
-65.9683
-63.5313
-58.6965
-42.9018
29.9932
46.4821
18.3088
-12.6053
-26.4183
-39.8371
-69.0724
-94.0596
-94.9266
-94.9242
-94.8293
-94.6124
-94.192
-93.5011
-92.5374
-91.3654
-90.0776
-88.7578
-87.465
-86.2339
-85.0815
-84.0132
-83.0279
-82.1212
-81.2867
-80.5179
-79.8079
-79.15
-78.538
-77.9663
-77.4293
-76.922
-76.4399
-75.9786
-75.534
-75.1021
-74.679
-74.2607
-73.8431
-73.4217
-72.9914
-72.5461
-72.0786
-71.5793
-71.0353
-70.4285
-69.7314
-68.9001
-67.8571
-66.4513
-64.3328
-60.4505
-49.7989
5.21205
49.7298
39.7854
-1.59138
-16.6093
-30.564
-47.6598
-83.7384
-94.6655
-94.9382
-94.8832
-94.7228
-94.3866
-93.7921
-92.9107
-91.7899
-90.5218
-89.1979
-87.887
-86.6308
-85.451
-84.3554
-83.3445
-82.4143
-81.5588
-80.7713
-80.0449
-79.3729
-78.7489
-78.167
-77.6217
-77.1079
-76.6208
-76.1561
-75.7096
-75.2774
-74.8556
-74.4403
-74.0275
-73.6131
-73.1924
-72.7599
-72.3091
-71.8319
-71.3174
-70.7508
-70.1103
-69.3622
-68.4507
-67.2729
-65.6134
-62.9201
-57.217
-35.8456
38.8491
43.978
10.948
-12.1663
-25.5605
-39.2147
-67.6618
-94.027
-94.936
-94.923
-94.8204
-94.5895
-94.1457
-93.4249
-92.4314
-91.2359
-89.9336
-88.6078
-87.3158
-86.0903
-84.9466
-83.8887
-82.9147
-82.0195
-81.1965
-80.4388
-79.7393
-79.0914
-78.4889
-77.926
-77.3974
-76.8981
-76.4236
-75.9696
-75.5321
-75.1073
-74.6912
-74.28
-73.8698
-73.4562
-73.0343
-72.5984
-72.1416
-71.655
-71.1265
-70.5394
-69.8687
-69.0749
-68.09
-66.7845
-64.8709
-61.5411
-53.3888
-14.6066
48.8877
43.4511
7.56658
-12.873
-26.3668
-39.8819
-69.2894
-94.1394
-94.938
-94.9133
-94.7894
-94.5132
-93.9957
-93.1881
-92.1197
-90.8766
-89.5554
-88.2327
-86.9576
-85.7561
-84.6391
-83.608
-82.6597
-81.7882
-80.987
-80.2488
-79.567
-78.9349
-78.3466
-77.7963
-77.2789
-76.7897
-76.3241
-75.878
-75.4476
-75.0289
-74.6183
-74.212
-73.8059
-73.3958
-72.9769
-72.5433
-72.088
-71.602
-71.0732
-70.4842
-69.8096
-69.0084
-68.0102
-66.6792
-64.7096
-61.2252
-52.3828
-8.7767
49.5253
43.528
6.76342
-13.2017
-26.7862
-40.5261
-70.7906
-94.2247
-94.9375
-94.9075
-94.776
-94.4861
-93.9501
-93.1229
-92.039
-90.7869
-89.4632
-88.1429
-86.8732
-85.6787
-84.5694
-83.5461
-82.6054
-81.7411
-80.9465
-80.2146
-79.5385
-78.9118
-78.3284
-77.7828
-77.2698
-76.7847
-76.3231
-75.8809
-75.4542
-75.0393
-74.6326
-74.2302
-73.8283
-73.4227
-73.0086
-72.5805
-72.1317
-71.6533
-71.1339
-70.557
-69.8984
-69.1201
-68.157
-66.8859
-65.0365
-61.8639
-54.3319
-19.9678
47.0429
43.1173
7.68115
-12.6874
-26.0987
-39.6589
-68.7357
-94.1052
-94.9384
-94.9164
-94.798
-94.5327
-94.0321
-93.2438
-92.1924
-90.961
-89.6461
-88.3253
-87.0494
-85.8457
-84.726
-83.6923
-82.7416
-81.8684
-81.0659
-80.327
-79.645
-79.0132
-78.4256
-77.8767
-77.3611
-76.8741
-76.4113
-75.9686
-75.542
-75.128
-74.7228
-74.3227
-73.9241
-73.5228
-73.1143
-72.6934
-72.2536
-71.787
-71.283
-70.7268
-70.0973
-69.3611
-68.4632
-67.303
-65.6699
-63.0274
-57.4761
-37.0378
38.0607
44.2332
11.6501
-12.1424
-25.5622
-39.2141
-67.657
-94.0229
-94.9352
-94.9236
-94.8225
-94.5946
-94.1558
-93.4413
-92.4545
-91.265
-89.9678
-88.6464
-87.3584
-86.1368
-84.997
-83.9433
-82.9737
-82.0831
-81.265
-80.5122
-79.8181
-79.1757
-78.5791
-78.0224
-77.5004
-77.0081
-76.5411
-76.0953
-75.6667
-75.2516
-74.8463
-74.4473
-74.0509
-73.6532
-73.2498
-72.8358
-72.4053
-71.9511
-71.4636
-70.9299
-70.3314
-69.6401
-68.8108
-67.7636
-66.3405
-64.1714
-60.1194
-48.5531
11.2307
49.5569
36.2175
-6.3929
-20.0543
-34.3103
-55.7813
-90.8002
-94.825
-94.9333
-94.8624
-94.6805
-94.3125
-93.6829
-92.7747
-91.6425
-90.3773
-89.0661
-87.7729
-86.5364
-85.3762
-84.2998
-83.3069
-82.3938
-81.5545
-80.7824
-80.0707
-79.4128
-78.8026
-78.2341
-77.7021
-77.2015
-76.7279
-76.2769
-75.8446
-75.4273
-75.0213
-74.6232
-74.2293
-73.8358
-73.4389
-73.0339
-72.6154
-72.1772
-71.7109
-71.2057
-70.6463
-70.0105
-69.2634
-68.3466
-67.1519
-65.4489
-62.635
-56.4677
-31.8145
40.2883
43.5422
9.86061
-12.2056
-25.5519
-39.2061
-67.637
-94.0299
-94.9377
-94.9223
-94.8165
-94.5787
-94.123
-93.3875
-92.3815
-91.1792
-89.8763
-88.5551
-87.2712
-86.0562
-84.9241
-83.8786
-82.9171
-82.0345
-81.224
-80.4786
-79.7913
-79.1555
-78.5651
-78.0142
-77.4978
-77.011
-76.5494
-76.1088
-75.6854
-75.2755
-74.8757
-74.4823
-74.0919
-73.7006
-73.3044
-72.8985
-72.4773
-72.0341
-71.5599
-71.0428
-70.4661
-69.8047
-69.0185
-68.039
-66.7343
-64.81
-61.4325
-53.0271
-12.3919
49.2219
43.5956
7.56066
-12.9414
-26.4694
-39.9697
-69.5136
-94.1527
-94.9377
-94.9118
-94.7858
-94.5058
-93.9834
-93.1713
-92.1004
-90.8579
-89.5403
-88.2235
-86.956
-85.7632
-84.6555
-83.6342
-82.6959
-81.8345
-81.0434
-80.3155
-79.6438
-79.0221
-78.4442
-77.9046
-77.3982
-76.9203
-76.4666
-76.0332
-75.6162
-75.2121
-74.8174
-74.4287
-74.0425
-73.6549
-73.2619
-72.8589
-72.4402
-71.999
-71.5264
-71.0104
-70.434
-69.7718
-68.9832
-67.9983
-66.6821
-64.7312
-61.2766
-52.5106
-9.38755
49.4886
43.6199
7.0994
-13.1187
-26.6949
-40.3642
-70.4304
-94.2053
-94.9375
-94.9085
-94.7782
-94.491
-93.959
-93.137
-92.0586
-90.8121
-89.4938
-88.1789
-86.9148
-85.7263
-84.6232
-83.6066
-82.6729
-81.8159
-81.0289
-80.3049
-79.637
-79.0188
-78.4442
-77.9078
-77.4045
-76.9296
-76.4789
-76.0484
-75.6344
-75.2334
-74.8419
-74.4566
-74.074
-73.6904
-73.3018
-72.9038
-72.491
-72.0567
-71.5925
-71.0871
-70.5245
-69.881
-69.1193
-68.1759
-66.931
-65.1231
-62.0386
-54.8157
-22.5901
45.1415
43.1027
8.11298
-12.5356
-25.9098
-39.506
-68.3637
-94.0809
-94.9384
-94.9182
-94.803
-94.5442
-94.054
-93.2783
-92.2387
-91.0168
-89.7088
-88.393
-87.1211
-85.9211
-84.8052
-83.7757
-82.8296
-81.9615
-81.1646
-80.4318
-79.7563
-79.1315
-78.5514
-78.0104
-77.5034
-77.0256
-76.5727
-76.1408
-75.726
-75.3249
-74.9341
-74.5502
-74.1698
-73.7893
-73.405
-73.0125
-72.6068
-72.1817
-71.7295
-71.2398
-70.6983
-70.0843
-69.3654
-68.4883
-67.3556
-65.7652
-63.2083
-57.9171
-39.0706
36.1534
44.8021
13.2204
-12.1602
-25.6561
-39.2836
-67.8136
-94.024
-94.9332
-94.9243
-94.8258
-94.6026
-94.1718
-93.4677
-92.4916
-91.3118
-90.0226
-88.7077
-87.4252
-86.2086
-85.0737
-84.0248
-83.0603
-82.1751
-81.3626
-80.6159
-79.928
-79.2925
-78.703
-78.154
-77.6402
-77.1567
-76.6992
-76.2637
-75.8463
-75.4436
-75.052
-74.6683
-74.2892
-73.9111
-73.5305
-73.1432
-72.7444
-72.3286
-71.8885
-71.4151
-70.8956
-70.3119
-69.6368
-68.8262
-67.8027
-66.414
-64.3061
-60.4086
-49.5515
6.56845
49.7086
39.1527
-2.52929
-17.1934
-31.2109
-48.9825
-85.402
-94.7045
-94.9379
-94.8802
-94.717
-94.3769
-93.7794
-92.8984
-91.7827
-90.5238
-89.2123
-87.9156
-86.6747
-85.5109
-84.4319
-83.4378
-82.5247
-81.6865
-80.9167
-80.2082
-79.5545
-78.9491
-78.3864
-77.8609
-77.3677
-76.9023
-76.4605
-76.0385
-75.6327
-75.2396
-74.8561
-74.4787
-74.1041
-73.729
-73.3495
-72.9614
-72.5595
-72.1377
-71.6884
-71.2011
-70.6614
-70.0481
-69.3288
-68.449
-67.3095
-65.7035
-63.1049
-57.6625
-37.801
37.4169
44.4391
12.2431
-12.1264
-25.567
-39.214
-67.6519
-94.019
-94.9344
-94.9241
-94.8243
-94.5988
-94.1641
-93.4551
-92.4747
-91.292
-90.0017
-88.6874
-87.4068
-86.1929
-85.0612
-84.0159
-83.0551
-82.1736
-81.3649
-80.6219
-79.9378
-79.3059
-78.7201
-78.1747
-77.6645
-77.1847
-76.7309
-76.2993
-75.8859
-75.4873
-75.1002
-74.7214
-74.3475
-73.9753
-73.6012
-73.2214
-72.8313
-72.4257
-71.9981
-71.5399
-71.0398
-70.4817
-69.842
-69.0826
-68.1395
-66.8907
-65.0693
-61.9419
-54.5329
-20.928
46.4603
43.1531
8.06009
-12.5644
-25.9471
-39.5333
-68.428
-94.0856
-94.9386
-94.9179
-94.8016
-94.5403
-94.0461
-93.2661
-92.2235
-91.0009
-89.6943
-88.3819
-87.1144
-85.9197
-84.8094
-83.7857
-82.8457
-81.9835
-81.1925
-80.4656
-79.796
-79.1772
-78.6031
-78.0681
-77.5673
-77.0958
-76.6496
-76.2246
-75.8172
-75.424
-75.0417
-74.6671
-74.297
-73.9281
-73.5569
-73.1796
-72.7916
-72.3877
-71.9613
-71.5038
-71.0037
-70.4447
-69.8026
-69.0388
-68.0874
-66.8225
-64.9667
-61.7454
-53.9359
-17.4491
48.1533
43.2969
7.76596
-12.7295
-26.1686
-39.7171
-68.8815
-94.1149
-94.9383
-94.9154
-94.7949
-94.5255
-94.0192
-93.226
-92.1728
-90.9441
-89.636
-88.3253
-87.0617
-85.8719
-84.7669
-83.7487
-82.8138
-81.9565
-81.1701
-80.4475
-79.7819
-79.1668
-78.5961
-78.0644
-77.5667
-77.0982
-76.6548
-76.2326
-75.828
-75.4376
-75.0581
-74.6864
-74.3194
-73.9539
-73.5863
-73.2129
-72.8294
-72.4307
-72.0103
-71.5602
-71.0693
-70.5223
-69.8963
-69.1557
-68.2397
-67.0351
-65.2976
-62.3741
-55.7411
-27.6465
40.3798
43.5015
9.63573
-12.2575
-25.6157
-39.2713
-67.8019
-94.0422
-94.9382
-94.921
-94.8114
-94.565
-94.0946
-93.3423
-92.3235
-91.1161
-89.816
-88.5036
-87.2324
-86.0321
-84.9158
-83.8864
-82.9412
-82.0747
-81.2801
-80.5504
-79.8786
-79.2583
-78.6832
-78.148
-77.6473
-77.1765
-76.7315
-76.3082
-75.9031
-75.5127
-75.1338
-74.7634
-74.3982
-74.0351
-73.6708
-73.3017
-72.9236
-72.5317
-72.12
-71.681
-71.2047
-70.6771
-70.0781
-69.3763
-68.52
-67.4159
-65.8709
-63.4065
-58.3964
-41.2409
33.1507
45.6521
15.7205
-12.3112
-25.9487
-39.4972
-68.2945
-94.0352
-94.9298
-94.9248
-94.8291
-94.611
-94.1886
-93.4958
-92.532
-91.3635
-90.0837
-88.7763
-87.4997
-86.2879
-85.1571
-84.1122
-83.1516
-82.2704
-81.4621
-80.72
-80.0371
-79.4069
-78.8232
-78.2804
-77.7733
-77.2972
-76.8477
-76.4208
-76.013
-75.6207
-75.2408
-74.8701
-74.5056
-74.1441
-73.7824
-73.417
-73.044
-72.6589
-72.2562
-71.8288
-71.3679
-70.8611
-70.2907
-69.6299
-68.8358
-67.8329
-66.4737
-64.4175
-60.646
-50.3455
2.62546
49.7488
40.9421
0.586918
-15.3877
-29.1816
-44.9175
-79.5084
-94.5585
-94.9393
-94.8921
-94.742
-94.4227
-93.8502
-92.9912
-91.8899
-90.6372
-89.3263
-88.0276
-86.7842
-85.6182
-84.5381
-83.544
-82.6319
-81.7958
-81.0288
-80.3239
-79.6745
-79.0741
-78.5169
-77.9976
-77.5113
-77.0534
-76.6199
-76.2071
-75.8114
-75.4295
-75.0584
-74.6951
-74.3364
-73.9793
-73.6206
-73.2567
-72.8834
-72.496
-72.0887
-71.6538
-71.1815
-70.6579
-70.0628
-69.3649
-68.5129
-67.4134
-65.8738
-63.4167
-58.4179
-41.2794
33.0468
45.6708
15.7564
-12.3268
-25.9719
-39.5161
-68.341
-94.038
-94.9297
-94.9247
-94.8289
-94.6107
-94.1883
-93.4959
-92.533
-91.3659
-90.088
-88.7825
-87.5081
-86.2985
-85.1699
-84.1272
-83.1688
-82.2899
-81.484
-80.7442
-80.0638
-79.4361
-78.855
-78.3148
-77.8105
-77.3372
-76.8908
-76.4672
-76.0628
-75.6742
-75.2983
-74.932
-74.5723
-74.2163
-73.8607
-73.5023
-73.1374
-72.7618
-72.3702
-71.9567
-71.5128
-71.0277
-70.486
-69.8648
-69.1282
-68.2152
-67.0115
-65.2703
-62.3289
-55.6103
-26.8677
40.3209
43.5597
9.81503
-12.2297
-25.5871
-39.2481
-67.7451
-94.0385
-94.9384
-94.9211
-94.8114
-94.5643
-94.0927
-93.3391
-92.3198
-91.113
-89.8148
-88.5053
-87.2378
-86.0416
-84.9299
-83.9052
-82.9649
-82.1034
-81.3138
-80.5892
-79.9226
-79.3075
-78.7378
-78.2079
-77.7129
-77.2479
-76.8089
-76.392
-75.9936
-75.6104
-75.2393
-74.8773
-74.5215
-74.1688
-73.8162
-73.4605
-73.0978
-72.7241
-72.3341
-71.9216
-71.4783
-70.9932
-70.4506
-69.8273
-69.0866
-68.1661
-66.9482
-65.177
-62.1578
-55.1297
-24.1618
43.4988
43.2313
8.73967
-12.3865
-25.7392
-39.3673
-68.0278
-94.0582
-94.9385
-94.9197
-94.8069
-94.5531
-94.0709
-93.3052
-92.2761
-91.0638
-89.7644
-88.4569
-87.1931
-86.0015
-84.8946
-83.8747
-82.9389
-82.0816
-81.296
-80.575
-79.9117
-79.2997
-78.7329
-78.2058
-77.7133
-77.2509
-76.8143
-76.3997
-76.0036
-75.6228
-75.254
-74.8945
-74.5412
-74.1912
-73.8415
-73.489
-73.1299
-72.7602
-72.3749
-71.9679
-71.5314
-71.0548
-70.5231
-69.9146
-69.1951
-68.3069
-67.1433
-65.4772
-62.7154
-56.6529
-32.4775
40.1598
43.6214
10.1547
-12.1552
-25.4957
-39.1552
-67.5095
-94.0192
-94.9373
-94.9231
-94.8187
-94.5835
-94.132
-93.4025
-92.4044
-91.2116
-89.9197
-88.6108
-87.3405
-86.1399
-85.0233
-83.994
-83.0494
-82.1843
-81.3917
-80.6647
-79.9963
-79.3799
-78.8094
-78.2792
-77.7843
-77.3199
-76.8819
-76.4665
-76.07
-75.6891
-75.3209
-74.9624
-74.6106
-74.2627
-73.9157
-73.5666
-73.2118
-72.8474
-72.4689
-72.0703
-71.6445
-71.1819
-70.6688
-70.0859
-69.403
-68.5708
-67.5004
-66.0111
-63.6611
-58.9953
-43.8429
27.7721
47.0791
20.6384
-12.6646
-26.5396
-39.9668
-69.314
-94.0307
-94.9218
-94.9251
-94.833
-94.6207
-94.2085
-93.53
-92.5825
-91.4296
-90.1629
-88.8655
-87.5961
-86.3893
-85.2621
-84.2199
-83.2616
-82.3827
-81.577
-80.8377
-80.158
-79.5315
-78.952
-78.414
-77.9122
-77.442
-76.9991
-76.5796
-76.1799
-75.7967
-75.427
-75.0676
-74.7159
-74.3688
-74.0236
-73.6773
-73.3264
-72.9674
-72.5957
-72.2063
-71.7923
-71.3451
-70.8528
-70.2984
-69.6562
-68.8853
-67.9141
-66.6043
-64.6415
-61.1107
-51.8866
-5.59486
49.6562
43.1451
5.73287
-13.4284
-27.0111
-40.9125
-71.6318
-94.2703
-94.9381
-94.906
-94.7726
-94.4806
-93.9432
-93.1178
-92.0399
-90.7987
-89.4902
-88.1883
-86.9396
-85.7681
-84.6831
-83.6852
-82.7707
-81.9332
-81.1661
-80.462
-79.8143
-79.2165
-78.6628
-78.1478
-77.6664
-77.2144
-76.7875
-76.3822
-75.995
-75.6227
-75.2623
-74.9111
-74.5662
-74.2248
-73.8841
-73.5409
-73.1921
-72.8336
-72.461
-72.0687
-71.6497
-71.1944
-70.6899
-70.1173
-69.4475
-68.6335
-67.5906
-66.1488
-63.8994
-59.5328
-46.0309
21.2617
48.4775
27.1554
-12.1041
-25.9184
-39.5095
-68.1429
-93.7905
-94.9051
-94.9257
-94.8383
-94.633
-94.2322
-93.5689
-92.6374
-91.4986
-90.2423
-88.9512
-87.6847
-86.4784
-85.35
-84.3057
-83.345
-82.4636
-81.6557
-80.9145
-80.2333
-79.6058
-79.0257
-78.4874
-77.9859
-77.5164
-77.0746
-76.6567
-76.259
-75.8783
-75.5114
-75.1556
-74.808
-74.4658
-74.1262
-73.7864
-73.4433
-73.0934
-72.7327
-72.3565
-71.9588
-71.5321
-71.066
-70.5464
-69.9522
-69.2507
-68.3873
-67.2615
-65.6631
-63.0541
-57.5139
-36.8136
38.2343
44.2581
11.8998
-12.065
-25.4607
-39.1195
-67.4186
-94.0044
-94.9351
-94.9247
-94.825
-94.5996
-94.1647
-93.4559
-92.4772
-91.2986
-90.0152
-88.7101
-87.4406
-86.2394
-85.1214
-84.0906
-83.1449
-82.2789
-81.4861
-80.7592
-80.0915
-79.4763
-78.9075
-78.3796
-77.8873
-77.4262
-76.992
-76.5808
-76.1892
-75.8139
-75.452
-75.1006
-74.7568
-74.4181
-74.0816
-73.7446
-73.4039
-73.056
-72.697
-72.3221
-71.9254
-71.4991
-71.0329
-70.5124
-69.9162
-69.2109
-68.3409
-67.2027
-65.5794
-62.9102
-57.158
-35.0431
39.2922
43.9292
11.025
-12.0852
-25.4444
-39.1077
-67.3909
-94.0064
-94.9362
-94.9242
-94.8228
-94.5937
-94.1526
-93.4361
-92.4504
-91.267
-89.9814
-88.6763
-87.4084
-86.2096
-85.0945
-84.0669
-83.1244
-82.2616
-81.4718
-80.7479
-80.083
-79.4704
-78.9041
-78.3786
-77.8886
-77.4297
-76.9976
-76.5885
-76.199
-75.8258
-75.466
-75.1167
-74.7752
-74.4389
-74.105
-73.7707
-73.433
-73.0886
-72.7335
-72.3631
-71.9719
-71.5522
-71.0943
-70.5844
-70.0026
-69.3177
-68.4782
-67.3908
-65.8629
-63.4152
-58.4145
-41.1721
33.2675
45.6425
15.7704
-12.2725
-25.8941
-39.4495
-68.1734
-94.025
-94.9297
-94.9254
-94.8303
-94.6134
-94.1931
-93.5034
-92.5442
-91.3818
-90.1093
-88.8103
-87.5429
-86.3411
-85.2209
-84.1869
-83.2377
-82.3682
-81.5719
-80.8421
-80.1718
-79.5545
-78.984
-78.4549
-77.9619
-77.5004
-77.0663
-76.6557
-76.2651
-75.8914
-75.5314
-75.1824
-74.8417
-74.5067
-74.1746
-73.8427
-73.5081
-73.1676
-72.8175
-72.4533
-72.0698
-71.66
-71.215
-70.7222
-70.1636
-69.5118
-68.7222
-67.7162
-66.3377
-64.2208
-60.2392
-48.7844
10.3495
49.5989
36.9618
-5.38455
-19.2341
-33.4316
-53.7717
-89.6636
-94.8
-94.9354
-94.8688
-94.6939
-94.3373
-93.7228
-92.8317
-91.7167
-90.4684
-89.1741
-87.8983
-86.6802
-85.5396
-84.484
-83.5133
-82.6234
-81.8083
-81.0615
-80.3759
-79.7451
-79.1629
-78.6236
-78.1219
-77.6532
-77.213
-76.7976
-76.4032
-76.0267
-75.6651
-75.3154
-74.975
-74.6412
-74.3115
-73.9832
-73.6535
-73.3194
-72.9775
-72.6238
-72.2536
-71.8608
-71.4377
-70.9739
-70.4545
-69.8577
-69.1493
-68.2716
-67.1174
-65.4582
-62.6942
-56.5802
-31.919
40.2576
43.607
10.1531
-12.1415
-25.4756
-39.1366
-67.4634
-94.0161
-94.9374
-94.9232
-94.8186
-94.5828
-94.13
-93.3995
-92.4017
-91.2112
-89.9237
-88.6208
-87.3577
-86.1651
-85.057
-84.0365
-83.1011
-82.2452
-81.4621
-80.7446
-80.0859
-79.4793
-78.9188
-78.3988
-77.9144
-77.4609
-77.0342
-76.6305
-76.2465
-75.879
-75.5251
-75.1819
-74.847
-74.5177
-74.1914
-73.8656
-73.5373
-73.2035
-72.8606
-72.5046
-72.1303
-71.7314
-71.2994
-70.8227
-70.2851
-69.6619
-68.9135
-67.9719
-66.7061
-64.8224
-61.4849
-53.0691
-12.1935
49.242
43.6651
7.84108
-12.869
-26.3849
-39.9027
-69.3564
-94.1443
-94.9378
-94.9123
-94.7873
-94.51
-93.9933
-93.1906
-92.1322
-90.9046
-89.604
-88.306
-87.0588
-85.8878
-84.8031
-83.806
-82.8928
-82.0574
-81.2929
-80.5923
-79.9486
-79.3556
-78.8072
-78.2981
-77.8234
-77.3787
-76.9598
-76.5633
-76.1857
-75.824
-75.4754
-75.1371
-74.8066
-74.4814
-74.159
-73.8367
-73.5118
-73.1811
-72.8413
-72.4883
-72.1168
-71.7208
-71.2917
-70.8181
-70.2838
-69.6643
-68.9204
-67.9846
-66.7274
-64.8586
-61.5555
-53.2661
-13.2721
49.0993
43.589
7.8078
-12.8458
-26.3471
-39.8701
-69.2731
-94.1393
-94.9378
-94.9128
-94.7886
-94.5129
-93.9989
-93.1993
-92.1439
-90.9187
-89.6197
-88.3227
-87.0761
-85.9056
-84.8213
-83.8246
-82.9119
-82.077
-81.3132
-80.6133
-79.9705
-79.3784
-78.831
-78.323
-77.8495
-77.406
-76.9886
-76.5935
-76.2175
-75.8576
-75.5109
-75.1747
-74.8465
-74.5239
-74.2044
-73.8853
-73.5641
-73.2377
-72.9028
-72.5556
-72.1912
-71.8037
-71.3852
-70.9253
-70.409
-69.8142
-69.106
-68.2257
-67.0633
-65.3832
-62.5593
-56.2001
-29.7713
40.4473
43.5273
9.88091
-12.1824
-25.519
-39.1789
-67.5689
-94.0247
-94.9379
-94.9224
-94.8156
-94.5748
-94.1138
-93.3739
-92.3688
-91.1748
-89.8876
-88.588
-87.3298
-86.1432
-85.0415
-84.0275
-83.0985
-82.2489
-81.4718
-80.7603
-80.1072
-79.5062
-78.9511
-78.4365
-77.9574
-77.5092
-77.0879
-76.6897
-76.3113
-75.9495
-75.6017
-75.265
-74.9369
-74.615
-74.2969
-73.98
-73.6617
-73.3392
-73.0093
-72.6684
-72.3121
-71.9348
-71.5295
-71.0868
-70.5935
-70.0306
-69.3685
-68.5589
-67.5148
-66.0596
-63.7635
-59.2191
-44.6061
25.7399
47.5753
22.7317
-12.6348
-26.5351
-39.9575
-69.2474
-93.9791
-94.9169
-94.9255
-94.8354
-94.6264
-94.2197
-93.5493
-92.6121
-91.4705
-90.2153
-88.9288
-87.6697
-86.4729
-85.3553
-84.3228
-83.3743
-82.5054
-81.71
-80.9814
-80.3128
-79.6977
-79.1301
-78.6045
-78.1156
-77.659
-77.2305
-76.8262
-76.4427
-76.0768
-75.7257
-75.3867
-75.0572
-74.7348
-74.4169
-74.1013
-73.7853
-73.4663
-73.1411
-72.8066
-72.4585
-72.0919
-71.7005
-71.276
-70.8071
-70.2776
-69.6631
-68.925
-67.9961
-66.748
-64.8941
-61.6236
-53.4612
-14.3066
48.9371
43.5717
8.03933
-12.7513
-26.2246
-39.7681
-69.0199
-94.1246
-94.9382
-94.9142
-94.7917
-94.5192
-94.0098
-93.2155
-92.165
-90.9436
-89.6473
-88.3521
-87.1069
-85.9376
-84.8546
-83.8592
-82.948
-82.1149
-81.3529
-80.6551
-80.0145
-79.4248
-78.88
-78.3748
-77.9041
-77.4638
-77.0496
-76.6581
-76.286
-75.9301
-75.5879
-75.2566
-74.9338
-74.617
-74.3041
-73.9924
-73.6795
-73.3627
-73.0389
-72.7046
-72.3556
-71.9867
-71.5913
-71.1605
-70.6822
-70.1387
-69.5033
-68.7325
-67.75
-66.4047
-64.3449
-60.501
-49.6394
6.32823
49.712
39.3325
-2.15131
-16.9405
-30.9202
-48.3732
-84.6548
-94.6877
-94.9385
-94.8829
-94.7231
-94.3893
-93.8014
-92.9327
-91.8314
-90.5884
-89.2942
-88.0161
-86.7954
-85.6531
-84.5969
-83.6269
-82.7388
-81.9265
-81.1833
-80.5021
-79.8764
-79.2999
-78.7668
-78.272
-77.8107
-77.3786
-76.9719
-76.587
-76.2207
-75.8702
-75.5327
-75.2058
-74.8868
-74.5736
-74.2637
-73.9549
-73.6445
-73.33
-73.0082
-72.6757
-72.3282
-71.9605
-71.5659
-71.1356
-70.6573
-70.1131
-69.4759
-68.7017
-67.7123
-66.3534
-64.2627
-60.325
-48.9759
9.49584
49.6305
37.5197
-4.69643
-18.7072
-32.8662
-52.5178
-88.786
-94.7805
-94.9363
-94.8721
-94.7008
-94.3499
-93.7427
-92.8587
-91.7502
-90.5073
-89.2182
-87.9475
-86.7349
-85.6004
-84.5514
-83.5878
-82.7054
-81.8983
-81.1597
-80.4827
-79.8608
-79.2877
-78.7578
-78.266
-77.8074
-77.3778
-76.9735
-76.591
-76.227
-75.8787
-75.5434
-75.2186
-74.9019
-74.5909
-74.2835
-73.9772
-73.6696
-73.358
-73.0396
-72.7108
-72.3677
-72.0052
-71.6168
-71.1941
-70.7255
-70.1941
-69.5746
-68.8261
-67.8776
-66.5908
-64.6512
-61.1381
-51.8536
-5.19548
49.6651
43.0872
5.60056
-13.458
-27.0399
-40.9626
-71.7419
-94.2761
-94.9381
-94.9059
-94.7726
-94.4815
-93.9463
-93.125
-92.0534
-90.8205
-89.5219
-88.2315
-86.9953
-85.8372
-84.7665
-83.7835
-82.8842
-82.0625
-81.3113
-80.6235
-79.9924
-79.4115
-78.875
-78.3776
-77.9145
-77.4813
-77.0742
-76.6895
-76.3241
-75.975
-75.6396
-75.3152
-74.9997
-74.6905
-74.3856
-74.0826
-73.7792
-73.4728
-73.1607
-72.8398
-72.5063
-72.1556
-71.7822
-71.3786
-70.9348
-70.4367
-69.8635
-69.1825
-68.3394
-67.2338
-65.6552
-63.0625
-57.5067
-36.4522
38.4374
44.1875
11.7142
-12.0676
-25.455
-39.1154
-67.4073
-94.0024
-94.935
-94.9247
-94.8249
-94.599
-94.1634
-93.4545
-92.4779
-91.3044
-90.0288
-88.734
-87.4765
-86.2884
-85.1843
-84.1681
-83.2372
-82.3864
-81.6089
-80.8977
-80.2457
-79.6464
-79.0938
-78.5823
-78.1069
-77.6632
-77.247
-76.8547
-76.4828
-76.1285
-75.789
-75.4615
-75.1439
-74.8336
-74.5286
-74.2265
-73.925
-73.6219
-73.3144
-72.9997
-72.6744
-72.3343
-71.9746
-71.5887
-71.1682
-70.7014
-70.1713
-69.5524
-68.8035
-67.8527
-66.56
-64.6057
-61.0483
-51.5535
-3.5304
49.7033
42.7756
4.782
-13.6889
-27.2863
-41.3998
-72.68
-94.3206
-94.9385
-94.9042
-94.769
-94.4744
-93.9347
-93.1092
-92.0349
-90.8014
-89.504
-88.216
-86.9829
-85.8283
-84.761
-83.7815
-82.8857
-82.0672
-81.3192
-80.6346
-80.0064
-79.4284
-78.8948
-78.4002
-77.9399
-77.5095
-77.1052
-76.7234
-76.361
-76.015
-75.6828
-75.3619
-75.05
-74.7448
-74.4442
-74.1458
-73.8476
-73.5471
-73.2416
-72.9282
-72.6035
-72.2634
-71.9026
-71.5146
-71.0903
-70.6176
-70.0785
-69.446
-68.6756
-67.6887
-66.3295
-64.2307
-60.2551
-48.6608
10.9471
49.5708
36.543
-5.86307
-19.6126
-33.8324
-54.6739
-90.2069
-94.8119
-94.9349
-94.867
-94.6906
-94.3323
-93.7173
-92.8282
-91.7185
-90.4782
-89.194
-87.9295
-86.7237
-85.5959
-84.5536
-83.5964
-82.7203
-81.9192
-81.1865
-80.5152
-79.8989
-79.3313
-78.8069
-78.3205
-77.8674
-77.4434
-77.0448
-76.6681
-76.3101
-75.9682
-75.6396
-75.3219
-75.0128
-74.7102
-74.4118
-74.1155
-73.819
-73.52
-73.2159
-72.9036
-72.5798
-72.2403
-71.8798
-71.4918
-71.067
-70.5932
-70.0522
-69.4162
-68.64
-67.6431
-66.2645
-64.1223
-60.0163
-47.7252
15.0039
49.305
33.3777
-8.8271
-22.14
-36.3553
-60.5482
-92.5037
-94.8663
-94.931
-94.8542
-94.6651
-94.2882
-93.6533
-92.7489
-91.6319
-90.3917
-89.1124
-87.8551
-86.6571
-85.5372
-84.502
-83.5513
-82.681
-81.8851
-81.157
-80.4899
-79.8773
-79.3131
-78.7917
-78.3081
-77.8576
-77.436
-77.0396
-76.6649
-76.3089
-75.9688
-75.642
-75.3261
-75.0188
-74.7179
-74.4213
-74.1268
-73.8323
-73.5354
-73.2335
-72.9237
-72.6027
-72.2663
-71.9095
-71.5259
-71.1066
-70.6397
-70.1079
-69.4845
-68.7269
-67.7595
-66.4335
-64.4031
-60.6208
-49.997
4.66786
49.7354
40.1856
-0.657714
-16.0328
-29.8947
-46.2966
-81.7563
-94.6192
-94.9395
-94.8891
-94.7362
-94.4134
-93.8389
-92.9824
-91.8898
-90.6517
-89.3601
-88.0836
-86.8646
-85.7244
-84.6711
-83.7045
-82.8206
-82.0131
-81.275
-80.5994
-79.9797
-79.4095
-78.8831
-78.3953
-77.9413
-77.517
-77.1186
-76.7424
-76.3856
-76.045
-75.7184
-75.403
-75.0968
-74.7975
-74.5031
-74.2114
-73.9203
-73.6275
-73.3307
-73.0271
-72.7134
-72.3861
-72.0406
-71.6709
-71.2695
-70.8258
-70.325
-69.7451
-69.0512
-68.1842
-67.0334
-65.3603
-62.5277
-56.0681
-28.7708
40.4266
43.5594
9.98643
-12.1641
-25.4994
-39.1631
-67.5306
-94.0222
-94.938
-94.9224
-94.8149
-94.5722
-94.1082
-93.3658
-92.3603
-91.1694
-89.8884
-88.5972
-87.3491
-86.1737
-85.0837
-84.0818
-83.1651
-82.328
-81.5635
-80.8646
-80.2242
-79.636
-79.0938
-78.5923
-78.1265
-77.692
-77.2848
-76.9013
-76.5383
-76.1927
-75.862
-75.5436
-75.2353
-74.9349
-74.6402
-74.3492
-74.0598
-73.7698
-73.4769
-73.1786
-72.8719
-72.5537
-72.2196
-71.8646
-71.4821
-71.0634
-70.5961
-70.0624
-69.4354
-68.6708
-67.6903
-66.3386
-64.2502
-60.293
-48.7566
10.5755
49.5893
36.8593
-5.43531
-19.2685
-33.4615
-53.831
-89.6955
-94.8007
-94.9357
-94.8695
-94.6957
-94.3413
-93.7309
-92.846
-91.7394
-90.5014
-89.2188
-87.9559
-86.7517
-85.6258
-84.5856
-83.6308
-82.7573
-81.9591
-81.2293
-80.5612
-79.9482
-79.3841
-78.8632
-78.3805
-77.9313
-77.5114
-77.1171
-76.7449
-76.3917
-76.0549
-75.7317
-75.4199
-75.1173
-74.8216
-74.5309
-74.2431
-73.956
-73.6677
-73.3757
-73.0774
-72.7698
-72.4493
-72.1118
-71.7517
-71.3619
-70.9329
-70.4513
-69.8971
-69.2397
-68.4281
-67.3693
-65.8713
-63.4544
-58.4684
-40.9919
33.5173
45.5971
15.7185
-12.2214
-25.8197
-39.3869
-68.0192
-94.0128
-94.9295
-94.9259
-94.8315
-94.6158
-94.1978
-93.5124
-92.56
-91.4073
-90.1471
-88.8621
-87.6102
-86.4247
-85.3216
-84.3054
-83.3743
-82.5233
-81.746
-81.0354
-80.3846
-79.7872
-79.237
-78.7286
-78.2569
-77.8175
-77.4063
-77.0196
-76.6542
-76.307
-75.9754
-75.6568
-75.349
-75.0497
-74.757
-74.4687
-74.1828
-73.8974
-73.6101
-73.3187
-73.0204
-72.7123
-72.3908
-72.0513
-71.6883
-71.2943
-70.8593
-70.3691
-69.8026
-69.1269
-68.2865
-67.179
-65.5873
-62.9494
-57.2036
-34.7945
39.3924
43.9458
11.1786
-12.0382
-25.3833
-39.0506
-67.2458
-93.9945
-94.9361
-94.9249
-94.8242
-94.5959
-94.1558
-93.4416
-92.4609
-91.2862
-90.0127
-88.7225
-87.4714
-86.291
-85.1954
-84.1879
-83.2661
-82.4244
-81.656
-80.9538
-80.3108
-79.7205
-79.1769
-78.6745
-78.2084
-77.7739
-77.3672
-76.9847
-76.623
-76.2793
-75.9509
-75.6352
-75.3301
-75.0335
-74.7431
-74.4571
-74.1735
-73.8901
-73.605
-73.3157
-73.0196
-72.7137
-72.3944
-72.0575
-71.6973
-71.3065
-70.8752
-70.3896
-69.8292
-69.1616
-68.3333
-67.2454
-65.6905
-63.1385
-57.6929
-37.2744
37.8634
44.3971
12.3604
-12.0305
-25.431
-39.0889
-67.3342
-93.9928
-94.9343
-94.9255
-94.8273
-94.6045
-94.1737
-93.4713
-92.5016
-91.3349
-90.0658
-88.777
-87.5253
-86.3431
-85.2451
-84.2352
-83.3108
-82.4668
-81.6963
-80.9922
-80.3476
-79.756
-79.2113
-78.708
-78.2412
-77.8063
-77.3993
-77.0167
-76.6551
-76.3117
-75.9837
-75.6687
-75.3645
-75.0688
-74.7797
-74.4952
-74.2133
-73.932
-73.6492
-73.3627
-73.0699
-72.7679
-72.4533
-72.122
-71.7687
-71.3865
-70.9664
-70.4954
-69.9547
-69.3156
-68.5301
-67.5129
-66.0903
-63.8412
-59.3903
-45.1327
24.2358
47.921
24.3931
-12.4472
-26.3125
-39.7471
-68.7236
-93.8991
-94.9124
-94.9265
-94.8385
-94.6329
-94.2319
-93.5699
-92.6431
-91.5134
-90.2705
-88.9961
-87.7488
-86.5634
-85.4574
-84.4364
-83.4998
-82.6431
-81.8602
-81.1445
-80.4893
-79.8879
-79.3345
-78.8235
-78.3498
-77.909
-77.497
-77.11
-76.7448
-76.3984
-76.068
-75.7512
-75.4456
-75.1492
-74.8599
-74.5757
-74.2946
-74.0148
-73.7341
-73.4504
-73.1612
-72.8639
-72.5552
-72.2312
-71.8872
-71.5169
-71.112
-70.6613
-70.1483
-69.5483
-68.8215
-67.8987
-66.6461
-64.7612
-61.3679
-52.5497
-8.89276
49.5175
43.6955
7.55365
-12.9736
-26.516
-40.0457
-69.7081
-94.1661
-94.9376
-94.9106
-94.7835
-94.5031
-93.9832
-93.1788
-92.1222
-90.9006
-89.6101
-88.3255
-87.0943
-85.9411
-84.8755
-83.8983
-83.0055
-82.1908
-81.4473
-80.7677
-80.1453
-79.5736
-79.0469
-78.5598
-78.1074
-77.6856
-77.2905
-76.9186
-76.5668
-76.2322
-75.9124
-75.6049
-75.3076
-75.0183
-74.7353
-74.4564
-74.1799
-73.9038
-73.6261
-73.3445
-73.0566
-72.7596
-72.4502
-72.1242
-71.7767
-71.4009
-70.9881
-70.5257
-69.9958
-69.3707
-68.605
-67.6182
-66.2489
-64.1127
-59.996
-47.5462
15.7276
49.2373
32.7412
-9.29089
-22.5601
-36.7425
-61.4676
-92.7171
-94.8714
-94.9304
-94.8527
-94.6622
-94.2838
-93.6478
-92.7442
-91.63
-90.3945
-89.1212
-87.8708
-86.6802
-85.568
-84.5409
-83.5984
-82.7364
-81.9489
-81.2293
-80.5708
-79.9668
-79.4114
-78.899
-78.4244
-77.9832
-77.5712
-77.1846
-76.8202
-76.475
-76.1463
-75.8315
-75.5285
-75.235
-74.9491
-74.6688
-74.3922
-74.1176
-73.8429
-73.5661
-73.2849
-72.9969
-72.6992
-72.3883
-72.0602
-71.7094
-71.329
-70.9097
-70.4383
-69.8954
-69.2511
-68.4559
-67.4196
-65.9579
-63.614
-58.8477
-42.6571
30.4775
46.4215
18.4082
-12.4161
-26.1522
-39.6217
-68.5333
-94.0123
-94.9252
-94.9262
-94.8342
-94.6226
-94.2116
-93.5361
-92.5953
-91.4539
-90.2034
-88.9259
-87.6794
-86.4979
-85.3975
-84.3834
-83.4542
-82.6052
-81.8299
-81.1215
-80.4733
-79.8787
-79.3317
-78.8268
-78.359
-77.9238
-77.5172
-77.1356
-76.7756
-76.4344
-76.1092
-75.7976
-75.4975
-75.2067
-74.9231
-74.645
-74.3705
-74.0978
-73.8248
-73.5496
-73.2699
-72.9833
-72.6869
-72.3773
-72.0504
-71.7007
-71.3214
-70.9031
-70.4327
-69.8909
-69.2476
-68.4534
-67.4183
-65.9579
-63.6161
-58.855
-42.6979
30.4066
46.4445
18.5032
-12.4129
-26.1491
-39.618
-68.5202
-94.0092
-94.9251
-94.9263
-94.8346
-94.6232
-94.2127
-93.5379
-92.598
-91.4573
-90.2075
-88.9308
-87.6849
-86.5039
-85.404
-84.3905
-83.4619
-82.6133
-81.8386
-81.1309
-80.4833
-79.8893
-79.343
-78.8388
-78.3717
-77.9373
-77.5315
-77.1507
-76.7916
-76.4514
-76.1272
-75.8168
-75.5178
-75.2282
-74.9461
-74.6695
-74.3966
-74.1257
-73.8548
-73.5819
-73.3048
-73.0212
-72.7283
-72.4227
-72.1006
-71.7568
-71.3847
-70.9756
-70.5171
-69.9913
-69.3707
-68.6104
-67.6303
-66.2709
-64.1529
-60.0848
-47.8881
14.399
49.3593
33.9901
-8.24193
-21.6117
-35.8429
-59.3219
-92.1573
-94.8577
-94.9322
-94.8577
-94.6721
-94.3007
-93.6727
-92.7756
-91.6655
-90.4317
-89.1587
-87.9079
-86.7168
-85.6041
-84.5767
-83.6343
-82.7728
-81.986
-81.2673
-80.61
-80.0074
-79.4536
-78.9429
-78.4702
-78.0311
-77.6213
-77.2372
-76.8755
-76.5331
-76.2074
-75.896
-75.5965
-75.3069
-75.0253
-74.7497
-74.4783
-74.2094
-73.9411
-73.6715
-73.3985
-73.12
-72.8332
-72.5351
-72.2221
-71.8895
-71.5317
-71.1408
-70.706
-70.2124
-69.6368
-68.9431
-68.0691
-66.897
-65.1687
-62.1749
-55.0283
-22.8164
44.9218
43.2574
8.81252
-12.3514
-25.6907
-39.3181
-67.9029
-94.0501
-94.9385
-94.9199
-94.8068
-94.5522
-94.0702
-93.3084
-92.2884
-91.0913
-89.8122
-88.5292
-87.2931
-86.1317
-85.0568
-84.0702
-83.1687
-82.3465
-81.5965
-80.9117
-80.2852
-79.7104
-79.1815
-78.6931
-78.2403
-77.8188
-77.4246
-77.0544
-76.705
-76.3734
-76.0573
-75.7542
-75.462
-75.1787
-74.9024
-74.6314
-74.3637
-74.0978
-73.8316
-73.5634
-73.2909
-73.0119
-72.7236
-72.4228
-72.1058
-71.7674
-71.4014
-70.9993
-70.549
-70.0334
-69.4262
-68.6847
-67.7336
-66.4243
-64.4103
-60.6376
-49.9324
5.06623
49.7307
40.0263
-0.891799
-16.1627
-30.0371
-46.5752
-82.1725
-94.6295
-94.9396
-94.8887
-94.7356
-94.4128
-93.8392
-92.9853
-91.8973
-90.6656
-89.3817
-88.1141
-86.9046
-85.7746
-84.7319
-83.7763
-82.9035
-82.1074
-81.3809
-80.7171
-80.1093
-79.5511
-79.037
-78.5617
-78.1206
-77.7096
-77.3247
-76.9628
-76.6208
-76.296
-75.9858
-75.6881
-75.4008
-75.1219
-74.8496
-74.5822
-74.3178
-74.0548
-73.7914
-73.5255
-73.2552
-72.9781
-72.6915
-72.3922
-72.0763
-71.7388
-71.3733
-70.9712
-70.5204
-70.0035
-69.3937
-68.6473
-67.6874
-66.3608
-64.3081
-60.4189
-49.1062
9.01453
49.6475
37.9022
-4.0933
-18.2523
-32.3613
-51.4042
-87.8672
-94.7607
-94.9374
-94.8759
-94.7089
-94.365
-93.7672
-92.894
-91.7963
-90.5644
-89.2866
-88.0279
-86.8283
-85.7078
-84.6737
-83.7259
-82.86
-82.07
-81.349
-80.69
-80.0865
-79.5323
-79.0217
-78.5497
-78.1115
-77.7032
-77.321
-76.9615
-76.6217
-76.299
-75.991
-75.6954
-75.4101
-75.1332
-74.8629
-74.5975
-74.3353
-74.0746
-73.8135
-73.5503
-73.2827
-73.0087
-72.7256
-72.4303
-72.119
-71.7871
-71.4282
-71.0344
-70.5941
-70.0911
-69.5005
-68.7826
-67.8676
-66.6204
-64.7341
-61.3129
-52.2841
-7.29576
49.5933
43.4759
6.83538
-13.1323
-26.6839
-40.3286
-70.3443
-94.203
-94.9377
-94.909
-94.7801
-94.4968
-93.9734
-93.1662
-92.1089
-90.8892
-89.603
-88.3245
-87.1006
-85.9555
-84.8984
-83.9298
-83.0458
-82.2399
-81.5051
-80.8343
-80.2206
-79.6577
-79.1397
-78.6613
-78.2178
-77.805
-77.4191
-77.0567
-76.7146
-76.3902
-76.0811
-75.7848
-75.4995
-75.223
-74.9537
-74.6898
-74.4296
-74.1715
-73.9137
-73.6544
-73.3918
-73.1237
-72.8478
-72.5611
-72.2602
-71.9411
-71.5983
-71.2248
-70.8111
-70.3435
-69.802
-69.1555
-68.3519
-67.2955
-65.7875
-63.3227
-58.1192
-39.061
36.1047
44.8941
13.7198
-12.0703
-25.5429
-39.176
-67.5324
-93.995
-94.932
-94.9258
-94.8298
-94.6109
-94.187
-93.4944
-92.5362
-91.3811
-90.1228
-88.8436
-87.6007
-86.4264
-85.336
-84.3334
-83.4164
-82.5799
-81.8171
-81.121
-80.4847
-79.9017
-79.3659
-78.8719
-78.4147
-77.9899
-77.5935
-77.222
-76.8722
-76.5412
-76.2265
-75.9256
-75.6366
-75.3573
-75.0859
-74.8208
-74.5602
-74.3025
-74.046
-73.7889
-73.5294
-73.2656
-72.9953
-72.7158
-72.4241
-72.1166
-71.7885
-71.4339
-71.0448
-70.6099
-70.1134
-69.5311
-68.8244
-67.9259
-66.7065
-64.8754
-61.6012
-53.2327
-12.5783
49.1921
43.7173
8.20555
-12.7603
-26.2519
-39.795
-69.0974
-94.1298
-94.938
-94.9135
-94.7903
-94.5171
-94.0083
-93.2172
-92.1735
-90.9629
-89.6808
-88.4029
-87.1771
-86.029
-84.9684
-83.9965
-83.1092
-82.3006
-81.5634
-80.8907
-80.2754
-79.7113
-79.1925
-78.7136
-78.27
-77.8573
-77.4717
-77.1098
-76.7687
-76.4454
-76.1376
-75.8429
-75.5594
-75.2851
-75.0182
-74.7571
-74.5
-74.2454
-73.9916
-73.7369
-73.4795
-73.2175
-72.9485
-72.67
-72.3789
-72.0715
-71.7429
-71.3871
-70.9958
-70.5575
-70.0557
-69.4652
-68.7455
-67.8255
-66.5663
-64.6509
-61.1409
-51.6676
-3.88915
49.6946
42.8796
5.11599
-13.5786
-27.1615
-41.1747
-72.1969
-94.2988
-94.9385
-94.9054
-94.7719
-94.481
-93.9474
-93.1302
-92.0661
-90.844
-89.559
-88.2843
-87.0657
-85.9265
-84.8755
-83.913
-83.0348
-82.2345
-81.5051
-80.8393
-80.2304
-79.672
-79.1584
-78.6842
-78.2449
-77.8362
-77.4542
-77.0957
-76.7577
-76.4373
-76.1323
-75.8403
-75.5593
-75.2875
-75.023
-74.7643
-74.5097
-74.2576
-74.0064
-73.7543
-73.4998
-73.2408
-72.9751
-72.7002
-72.4133
-72.1106
-71.7877
-71.4385
-71.0554
-70.6276
-70.1394
-69.5677
-68.8751
-67.9973
-66.812
-65.047
-61.9394
-54.2635
-18.339
47.8071
43.3585
8.313
-12.5554
-25.9534
-39.5376
-68.4446
-94.0878
-94.9385
-94.9171
-94.7993
-94.5363
-94.0424
-93.2682
-92.2394
-91.0389
-89.7619
-88.4849
-87.2576
-86.1065
-85.0424
-84.0668
-83.1763
-82.3647
-81.6251
-80.9503
-80.3335
-79.7682
-79.2485
-78.7692
-78.3254
-77.9129
-77.5277
-77.1666
-76.8263
-76.5043
-76.1979
-75.9049
-75.6234
-75.3513
-75.087
-74.8288
-74.575
-74.3241
-74.0746
-73.8246
-73.5727
-73.3168
-73.055
-72.7848
-72.5036
-72.2078
-71.8934
-71.555
-71.1855
-70.7753
-70.3108
-69.7717
-69.1265
-68.3225
-67.2624
-65.7431
-63.2448
-57.9096
-37.9457
37.2548
44.5864
12.9131
-12.0223
-25.4426
-39.0947
-67.3421
-93.9877
-94.9332
-94.9259
-94.8289
-94.608
-94.1804
-93.483
-92.5203
-91.3624
-90.1034
-88.8255
-87.5853
-86.4148
-85.3288
-84.331
-83.419
-82.5875
-81.8298
-81.1386
-80.5072
-79.9289
-79.3978
-78.9083
-78.4557
-78.0354
-77.6436
-77.2766
-76.9314
-76.6052
-76.2953
-75.9995
-75.7156
-75.4419
-75.1764
-74.9175
-74.6636
-74.4131
-74.1644
-73.9161
-73.6663
-73.4134
-73.1554
-72.89
-72.6147
-72.3264
-72.0212
-71.6944
-71.3398
-70.9489
-70.51
-70.0061
-69.4114
-68.6837
-67.749
-66.4617
-64.4832
-60.7911
-50.4263
2.67696
49.748
41.0578
1.04944
-15.1284
-28.8695
-44.301
-78.4038
-94.529
-94.94
-94.8956
-94.7503
-94.44
-93.8819
-93.0423
-91.9641
-90.7379
-89.4564
-88.1897
-86.9811
-85.8525
-84.8118
-83.8591
-82.9898
-82.1977
-81.4758
-80.8169
-80.2144
-79.6619
-79.1537
-78.6847
-78.2503
-77.8461
-77.4686
-77.1144
-76.7805
-76.4642
-76.1632
-75.8753
-75.5985
-75.3309
-75.0708
-74.8167
-74.5669
-74.32
-74.0743
-73.8283
-73.5803
-73.3286
-73.0711
-72.8056
-72.5294
-72.2393
-71.9313
-71.6003
-71.2396
-70.8402
-70.3894
-69.8685
-69.2488
-68.4826
-67.4841
-66.0786
-63.84
-59.3589
-44.6745
25.5237
47.6414
23.1438
-12.5179
-26.3812
-39.7849
-68.8281
-93.9332
-94.915
-94.9266
-94.8382
-94.6321
-94.2309
-93.5695
-92.6457
-91.5216
-90.2868
-89.0226
-87.7869
-86.6142
-85.5214
-84.5143
-83.5919
-82.7497
-81.9815
-81.2806
-80.6402
-80.054
-79.5158
-79.0202
-78.5622
-78.1375
-77.7418
-77.3718
-77.0241
-76.696
-76.3848
-76.0882
-75.8041
-75.5305
-75.2658
-75.0081
-74.7559
-74.5076
-74.2618
-74.0169
-73.7713
-73.5234
-73.2713
-73.0129
-72.746
-72.4677
-72.1748
-71.863
-71.527
-71.1597
-70.7515
-70.2885
-69.7507
-69.1061
-68.3014
-67.2387
-65.7118
-63.1923
-57.7779
-37.2891
37.8387
44.4442
12.585
-11.9898
-25.3816
-39.0418
-67.2137
-93.9818
-94.934
-94.9261
-94.8287
-94.6069
-94.1777
-93.4782
-92.5137
-91.3547
-90.0957
-88.8188
-87.5802
-86.4119
-85.3283
-84.3331
-83.4238
-82.5951
-81.84
-81.1516
-80.5228
-79.9472
-79.4187
-78.9319
-78.4819
-78.0643
-77.6751
-77.3109
-76.9684
-76.645
-76.3381
-76.0453
-75.7647
-75.4944
-75.2325
-74.9775
-74.7277
-74.4817
-74.238
-73.995
-73.7512
-73.5049
-73.2544
-72.9975
-72.732
-72.4551
-72.1634
-71.8529
-71.5182
-71.1521
-70.7451
-70.2834
-69.7469
-69.104
-68.3012
-67.2412
-65.7186
-63.2081
-57.8238
-37.5297
37.6375
44.495
12.7096
-11.9978
-25.3984
-39.0562
-67.247
-93.9826
-94.9337
-94.9261
-94.829
-94.6077
-94.1793
-93.481
-92.5178
-91.36
-90.1019
-88.8256
-87.5874
-86.4194
-85.3361
-84.3412
-83.4322
-82.6037
-81.849
-81.1609
-80.5325
-79.9573
-79.4293
-78.943
-78.4935
-78.0764
-77.6879
-77.3243
-76.9825
-76.6598
-76.3536
-76.0617
-75.7819
-75.5125
-75.2517
-74.9978
-74.7492
-74.5045
-74.2623
-74.0209
-73.7789
-73.5346
-73.2863
-73.032
-72.7695
-72.4961
-72.2085
-71.9029
-71.5741
-71.2154
-70.8178
-70.3685
-69.8487
-69.2296
-68.4631
-67.4627
-66.0519
-63.7987
-59.2686
-44.3024
26.5836
47.4065
22.1794
-12.5129
-26.3548
-39.7593
-68.7807
-93.9509
-94.9172
-94.9268
-94.8381
-94.6317
-94.2296
-93.5672
-92.6424
-91.5176
-90.2828
-89.0192
-87.7847
-86.6136
-85.5227
-84.5177
-83.5975
-82.7575
-81.9916
-81.2929
-80.6549
-80.0709
-79.5349
-79.0416
-78.5859
-78.1634
-77.7701
-77.4024
-77.0571
-76.7315
-76.4228
-76.1289
-75.8476
-75.577
-75.3153
-75.061
-74.8124
-74.5681
-74.3265
-74.0863
-73.8459
-73.6036
-73.358
-73.1069
-72.8484
-72.5798
-72.2982
-71.9999
-71.6803
-71.3333
-70.9506
-70.5211
-70.0282
-69.4471
-68.7376
-67.8295
-66.5857
-64.6937
-61.2336
-51.9563
-5.36597
49.6603
43.2044
6.08366
-13.3003
-26.8547
-40.6221
-70.9903
-94.2393
-94.9382
-94.9079
-94.7776
-94.4921
-93.9662
-93.1572
-92.1001
-90.8832
-89.6019
-88.33
-87.1139
-85.9772
-84.9291
-83.9698
-83.0951
-82.2986
-81.5733
-80.912
-80.3077
-79.7542
-79.2456
-78.7768
-78.343
-77.94
-77.5641
-77.212
-76.8806
-76.5672
-76.2696
-75.9855
-75.7129
-75.4501
-75.1953
-74.947
-74.7038
-74.4641
-74.2266
-73.9897
-73.7521
-73.5121
-73.268
-73.0178
-72.7595
-72.4903
-72.2073
-71.9064
-71.5828
-71.2299
-70.839
-70.3978
-69.8881
-69.2823
-68.5348
-67.5639
-66.2052
-64.0638
-59.8714
-46.7869
18.694
48.896
30.0524
-10.8063
-24.2452
-38.2093
-64.9867
-93.3646
-94.89
-94.9287
-94.8471
-94.6512
-94.2653
-93.6226
-92.7164
-91.6055
-90.3787
-89.1181
-87.8828
-86.7087
-85.6137
-84.6041
-83.6793
-82.8351
-82.0654
-81.3634
-80.7225
-80.1362
-79.5984
-79.1037
-78.647
-78.2238
-77.8302
-77.4626
-77.1177
-76.7927
-76.485
-76.1923
-75.9125
-75.6437
-75.3841
-75.1322
-74.8863
-74.6451
-74.4071
-74.1708
-73.9349
-73.6979
-73.4581
-73.2138
-72.9631
-72.7037
-72.4328
-72.1474
-71.8434
-71.5154
-71.1566
-70.7579
-70.3059
-69.7811
-69.1532
-68.3716
-67.344
-65.8792
-63.4973
-58.5343
-40.874
33.7056
45.5873
15.8241
-12.1553
-25.7275
-39.3061
-67.8138
-93.9942
-94.9291
-94.9267
-94.8334
-94.6196
-94.2045
-93.5243
-92.5803
-91.4392
-90.1932
-88.9244
-87.6896
-86.5222
-85.4376
-84.4403
-83.5286
-82.6973
-81.94
-81.2497
-80.6195
-80.0429
-79.5139
-79.0272
-78.5776
-78.1609
-77.7731
-77.4107
-77.0705
-76.7498
-76.4459
-76.1567
-75.8801
-75.6142
-75.3573
-75.1078
-74.8642
-74.6251
-74.389
-74.1547
-73.9205
-73.6851
-73.447
-73.2042
-72.9551
-72.6972
-72.4279
-72.1441
-71.8417
-71.5155
-71.1587
-70.7622
-70.3129
-69.7914
-69.1679
-68.3925
-67.3747
-65.9278
-63.5861
-58.7563
-41.927
31.9142
46.0655
17.316
-12.2738
-25.9295
-39.454
-68.1418
-93.9971
-94.9266
-94.9268
-94.8349
-94.6233
-94.2125
-93.5381
-92.6006
-91.4653
-90.2237
-88.9575
-87.7239
-86.5565
-85.4712
-84.4728
-83.5597
-82.7271
-81.9684
-81.2769
-80.6456
-80.0681
-79.5384
-79.051
-78.601
-78.184
-77.796
-77.4335
-77.0934
-76.7728
-76.4692
-76.1804
-75.9042
-75.6389
-75.3827
-75.1341
-74.8915
-74.6535
-74.4187
-74.1857
-73.9532
-73.7197
-73.4836
-73.2433
-72.997
-72.7423
-72.4769
-72.1976
-71.9006
-71.5812
-71.2328
-70.8469
-70.4114
-69.9088
-69.3121
-68.5768
-67.6245
-66.2979
-64.2244
-60.2329
-48.2471
12.9478
49.4653
35.2452
-7.01927
-20.5481
-34.7798
-56.8225
-91.2579
-94.8365
-94.9343
-94.864
-94.6849
-94.3235
-93.7076
-92.8225
-91.723
-90.4985
-89.2341
-87.9921
-86.8104
-85.708
-84.6918
-83.7613
-82.9123
-82.1386
-81.4336
-80.7902
-80.202
-79.6629
-79.1673
-78.7102
-78.2871
-77.8938
-77.5268
-77.1829
-76.8591
-76.553
-76.2622
-75.9846
-75.7183
-75.4615
-75.2127
-74.9704
-74.7332
-74.4996
-74.2683
-74.0379
-73.8071
-73.5744
-73.3382
-73.0966
-72.8479
-72.5894
-72.3186
-72.032
-71.7252
-71.3928
-71.0273
-70.6185
-70.1517
-69.6051
-68.9441
-68.1095
-66.99
-65.3448
-62.5235
-55.9536
-27.5712
40.3413
43.6547
10.3213
-12.1053
-25.4345
-39.1068
-67.3925
-94.012
-94.9381
-94.9227
-94.8149
-94.5712
-94.1064
-93.3653
-92.3654
-91.1847
-89.9182
-88.645
-87.4174
-86.2641
-85.1975
-84.2199
-83.328
-82.5161
-81.7772
-81.104
-80.4896
-79.9275
-79.4118
-78.9371
-78.4987
-78.0921
-77.7135
-77.3596
-77.0273
-76.7138
-76.4168
-76.1339
-75.8634
-75.6032
-75.3519
-75.1078
-74.8695
-74.6356
-74.4048
-74.1757
-73.9469
-73.7172
-73.4849
-73.2485
-73.0061
-72.7557
-72.4947
-72.2203
-71.9288
-71.6155
-71.2744
-70.8972
-70.4726
-69.9841
-69.4064
-68.6988
-67.7898
-66.5394
-64.6257
-61.0884
-51.3756
-2.18137
49.7232
42.5403
4.31367
-13.8132
-27.409
-41.6114
-73.1228
-94.3416
-94.939
-94.9041
-94.7691
-94.476
-93.9401
-93.122
-92.0594
-90.8417
-89.5633
-88.297
-87.0877
-85.9586
-84.9181
-83.9663
-83.099
-82.3096
-81.5912
-80.9364
-80.3386
-79.7913
-79.2888
-78.826
-78.398
-78.0009
-77.6308
-77.2846
-76.9591
-76.6519
-76.3604
-76.0828
-75.8169
-75.5611
-75.3138
-75.0734
-74.8386
-74.608
-74.3802
-74.154
-73.928
-73.701
-73.4713
-73.2375
-72.9977
-72.7498
-72.4915
-72.2199
-71.9313
-71.6212
-71.2836
-70.9105
-70.4909
-70.0084
-69.4387
-68.7423
-67.8504
-66.6291
-64.7742
-61.3965
-52.4261
-7.87053
49.5663
43.5807
7.21195
-13.0388
-26.5803
-40.153
-69.9499
-94.1806
-94.9376
-94.9101
-94.7827
-94.5025
-93.9842
-93.184
-92.135
-90.9244
-89.6476
-88.3792
-87.1657
-86.0316
-84.986
-84.0295
-83.1579
-82.3648
-81.6431
-80.9855
-80.3853
-79.8361
-79.3321
-78.8679
-78.439
-78.0412
-77.6706
-77.3241
-76.9986
-76.6914
-76.4003
-76.1231
-75.8579
-75.6029
-75.3566
-75.1174
-74.8839
-74.6549
-74.4289
-74.2048
-73.9812
-73.7568
-73.5302
-73.2999
-73.0642
-72.8211
-72.5683
-72.3032
-72.0224
-71.7217
-71.3957
-71.0374
-70.6366
-70.1794
-69.6447
-68.9992
-68.1869
-67.1028
-65.523
-62.8561
-56.853
-32.2805
40.148
43.7282
10.6594
-12.0426
-25.36
-39.03
-67.1944
-93.9928
-94.9368
-94.9245
-94.8216
-94.5879
-94.1388
-93.4159
-92.4321
-91.2624
-90.0016
-88.7301
-87.5015
-86.3461
-85.2768
-84.2965
-83.4022
-82.5882
-81.8475
-81.173
-80.5576
-79.995
-79.4791
-79.0046
-78.5665
-78.1607
-77.7831
-77.4305
-77.0997
-76.788
-76.493
-76.2126
-75.9446
-75.6874
-75.4392
-75.1987
-74.9643
-74.7348
-74.5088
-74.2851
-74.0624
-73.8393
-73.6146
-73.3867
-73.1541
-72.9148
-72.6668
-72.4076
-72.1341
-71.8426
-71.5281
-71.1842
-70.8024
-70.3704
-69.8704
-69.2749
-68.5391
-67.5822
-66.2426
-64.1325
-60.0123
-47.239
17.0461
49.1065
31.7172
-9.82037
-23.0355
-37.1532
-62.4351
-92.9245
-94.8775
-94.9306
-94.8525
-94.6618
-94.2836
-93.6498
-92.7515
-91.6467
-90.424
-89.1663
-87.9335
-86.7618
-85.6694
-84.6628
-83.7413
-82.9008
-82.135
-81.4374
-80.801
-80.2194
-79.6865
-79.1969
-78.7455
-78.3279
-77.9401
-77.5784
-77.2398
-76.9214
-76.6206
-76.3352
-76.0631
-75.8025
-75.5517
-75.3091
-75.0734
-74.8431
-74.6169
-74.3935
-74.1718
-73.9504
-73.728
-73.5033
-73.2747
-73.0405
-72.7988
-72.5474
-72.2834
-72.0036
-71.7038
-71.3786
-71.0207
-70.6201
-70.1626
-69.627
-68.9796
-68.1637
-67.0725
-65.4778
-62.7719
-56.6195
-31.0313
40.3516
43.6827
10.5583
-12.0387
-25.3486
-39.0207
-67.1721
-93.9929
-94.9373
-94.9243
-94.8204
-94.5845
-94.1317
-93.4046
-92.4172
-91.2454
-89.9841
-88.7132
-87.4862
-86.3328
-85.2657
-84.2877
-83.3958
-82.584
-81.8455
-81.173
-80.5597
-79.999
-79.485
-79.0122
-78.576
-78.1718
-77.796
-77.445
-77.1158
-76.8058
-76.5125
-76.2338
-75.9676
-75.7121
-75.4659
-75.2273
-74.9951
-74.7677
-74.5441
-74.3229
-74.103
-73.8829
-73.6615
-73.4373
-73.2087
-72.9741
-72.7314
-72.4783
-72.212
-71.9289
-71.6247
-71.2935
-70.9276
-70.5162
-70.0438
-69.4868
-68.8078
-67.9415
-66.7626
-64.9916
-61.8323
-53.8222
-15.5721
48.6685
43.5724
8.44282
-12.6054
-26.0386
-39.6125
-68.6402
-94.1014
-94.9384
-94.9159
-94.7961
-94.5298
-94.032
-93.2549
-92.2259
-91.0289
-89.7587
-88.4914
-87.2756
-86.1373
-85.0868
-84.1253
-83.249
-82.4518
-81.7266
-81.0662
-80.4637
-79.9128
-79.4075
-78.9426
-78.5134
-78.1156
-77.7455
-77.3997
-77.0753
-76.7695
-76.4802
-76.205
-75.9421
-75.6898
-75.4465
-75.2106
-74.9809
-74.7561
-74.5348
-74.316
-74.0983
-73.8805
-73.6613
-73.4393
-73.2131
-72.9809
-72.7408
-72.4904
-72.2271
-71.9475
-71.6471
-71.3205
-70.96
-70.5554
-70.0917
-69.5465
-68.8842
-68.0435
-66.9087
-65.225
-62.2913
-55.2258
-23.3905
44.3204
43.3213
9.12356
-12.2799
-25.6079
-39.248
-67.731
-94.0376
-94.9385
-94.9206
-94.8086
-94.5567
-94.08
-93.3264
-92.3171
-91.1323
-89.8668
-88.5984
-87.378
-86.2333
-85.1757
-84.2073
-83.3246
-82.5215
-81.791
-81.126
-80.5195
-79.965
-79.4567
-78.9892
-78.5578
-78.1581
-77.7864
-77.4394
-77.1139
-76.8074
-76.5174
-76.2419
-75.9789
-75.7265
-75.4833
-75.2478
-75.0187
-74.7945
-74.5741
-74.3563
-74.1399
-73.9236
-73.7061
-73.4862
-73.2624
-73.0331
-72.7963
-72.5499
-72.2913
-72.0173
-71.7238
-71.4056
-71.056
-70.6651
-70.2199
-69.7002
-69.0747
-68.2909
-67.2524
-65.7565
-63.2841
-57.9647
-37.8603
37.3157
44.5986
13.024
-11.99
-25.3999
-39.0547
-67.239
-93.978
-94.933
-94.9264
-94.8299
-94.6094
-94.1825
-93.4869
-92.5284
-91.3774
-90.1275
-88.8602
-87.6316
-86.4733
-85.3998
-84.4147
-83.5157
-82.6973
-81.9527
-81.2749
-80.6568
-80.0921
-79.5746
-79.0991
-78.6605
-78.2547
-77.8776
-77.5258
-77.1963
-76.8863
-76.5934
-76.3154
-76.0504
-75.7965
-75.5521
-75.3158
-75.0861
-74.8618
-74.6416
-74.4244
-74.2089
-73.9939
-73.7782
-73.5606
-73.3396
-73.1137
-72.8811
-72.6398
-72.3873
-72.1207
-71.8363
-71.5295
-71.1941
-70.8219
-70.4011
-69.9148
-69.3372
-68.6259
-67.7064
-66.4312
-64.4555
-60.7236
-49.9836
5.00232
49.7319
40.1442
-0.551982
-15.9528
-29.7888
-46.0705
-81.391
-94.6112
-94.9402
-94.8912
-94.741
-94.4233
-93.8574
-93.0131
-91.9361
-90.7165
-89.4457
-88.1923
-86.9983
-85.8848
-84.8595
-83.9221
-83.0682
-82.2914
-81.5846
-80.9407
-80.3531
-79.8156
-79.3223
-78.8683
-78.4489
-78.06
-77.6981
-77.3598
-77.0423
-76.743
-76.4596
-76.1901
-75.9326
-75.6854
-75.4471
-75.2161
-74.9911
-74.771
-74.5545
-74.3405
-74.1278
-73.9151
-73.7013
-73.485
-73.265
-73.0395
-72.8068
-72.5647
-72.3108
-72.042
-71.7545
-71.4431
-71.1015
-70.7207
-70.288
-69.7848
-69.1824
-68.433
-67.4504
-66.0583
-63.8236
-59.2949
-44.1029
27.0589
47.2969
21.7579
-12.4948
-26.3215
-39.7327
-68.7219
-93.9531
-94.9177
-94.927
-94.8383
-94.6321
-94.2305
-93.5697
-92.6482
-91.529
-90.3015
-89.0465
-87.8215
-86.6605
-85.5802
-84.5859
-83.6768
-82.848
-82.0934
-81.4063
-80.7798
-80.2074
-79.6832
-79.2018
-78.7582
-78.348
-77.9672
-77.6124
-77.2804
-76.9685
-76.6741
-76.3951
-76.1294
-75.8753
-75.6311
-75.3953
-75.1666
-74.9437
-74.7253
-74.5102
-74.2973
-74.0855
-73.8736
-73.6603
-73.4443
-73.2241
-72.9983
-72.7649
-72.5219
-72.2665
-71.9957
-71.7054
-71.3905
-71.0442
-70.6569
-70.2155
-69.7001
-69.0799
-68.3027
-67.2738
-65.7942
-63.3569
-58.1551
-38.8015
36.4049
44.8692
13.8044
-11.9998
-25.4437
-39.0855
-67.3047
-93.9769
-94.932
-94.9268
-94.8316
-94.6138
-94.1914
-93.5018
-92.5496
-91.404
-90.1581
-88.8936
-87.6666
-86.5091
-85.436
-84.451
-83.5521
-82.7337
-81.9893
-81.3117
-80.6941
-80.1299
-79.6132
-79.1385
-78.701
-78.2963
-77.9205
-77.5702
-77.2423
-76.9341
-76.6431
-76.3671
-76.1043
-75.8527
-75.611
-75.3774
-75.1508
-74.9298
-74.7132
-74.4999
-74.2887
-74.0786
-73.8683
-73.6565
-73.4421
-73.2236
-72.9994
-72.7678
-72.5265
-72.2731
-72.0044
-71.7166
-71.4045
-71.0615
-70.6782
-70.242
-69.7333
-69.1224
-68.3593
-67.3531
-65.9158
-63.5762
-58.704
-41.4276
32.7862
45.8453
16.661
-12.1956
-25.8042
-39.3585
-67.9209
-93.9882
-94.9275
-94.9271
-94.835
-94.623
-94.2113
-93.5363
-92.5997
-91.4674
-90.231
-88.9717
-87.7462
-86.5876
-85.5116
-84.5228
-83.6195
-82.7968
-82.0482
-81.3667
-80.7455
-80.1781
-79.6585
-79.1813
-78.7417
-78.3351
-77.9577
-77.6061
-77.2771
-76.968
-76.6764
-76.3999
-76.1368
-75.8851
-75.6434
-75.41
-75.1838
-74.9633
-74.7474
-74.5349
-74.3248
-74.1159
-73.907
-73.697
-73.4845
-73.2683
-73.0468
-72.8183
-72.5807
-72.3317
-72.0683
-71.7868
-71.4825
-71.1491
-70.7784
-70.3585
-69.872
-69.2927
-68.5772
-67.6488
-66.3547
-64.3345
-60.4642
-48.9823
9.7485
49.6245
37.5691
-4.35931
-18.432
-32.5413
-51.7761
-88.1774
-94.7683
-94.9379
-94.8764
-94.7102
-94.3681
-93.7741
-92.9077
-91.82
-90.6009
-89.3382
-88.0964
-86.915
-85.8137
-84.7997
-83.8725
-83.0278
-82.2592
-81.5599
-80.9229
-80.3416
-79.8097
-79.3219
-78.8728
-78.4582
-78.0738
-77.7162
-77.382
-77.0686
-76.7732
-76.4938
-76.2283
-75.9747
-75.7316
-75.4974
-75.2706
-75.0502
-74.8347
-74.6231
-74.4143
-74.2071
-74.0005
-73.7933
-73.5843
-73.3723
-73.1557
-72.9331
-72.7026
-72.462
-72.2087
-71.9395
-71.6504
-71.336
-70.9894
-70.6008
-70.1566
-69.6362
-69.0074
-68.2158
-67.1605
-65.6271
-63.0574
-57.3718
-34.8174
39.3277
44.0159
11.4902
-11.9794
-25.3135
-38.9853
-67.0795
-93.9784
-94.9355
-94.9257
-94.8259
-94.5986
-94.1602
-93.4505
-92.4794
-91.3202
-90.0671
-88.801
-87.5765
-86.4244
-85.3581
-84.3808
-83.4897
-82.6792
-81.9422
-81.2718
-80.6608
-80.1029
-79.592
-79.1227
-78.6903
-78.2903
-77.919
-77.5729
-77.2491
-76.9447
-76.6574
-76.3851
-76.1259
-75.8779
-75.6396
-75.4097
-75.1867
-74.9694
-74.7567
-74.5475
-74.3405
-74.1349
-73.9294
-73.7228
-73.5141
-73.3018
-73.0846
-72.8608
-72.6285
-72.3854
-72.1287
-71.8551
-71.5601
-71.238
-70.8812
-70.4792
-70.0165
-69.47
-68.8027
-67.9503
-66.79
-65.0479
-61.9493
-54.1543
-17.3316
48.1761
43.4811
8.56714
-12.5183
-25.918
-39.5083
-68.3775
-94.084
-94.9385
-94.9172
-94.7995
-94.537
-94.0451
-93.2752
-92.2533
-91.0622
-89.7968
-88.5333
-87.3209
-86.1857
-85.1384
-84.1803
-83.3078
-82.5145
-81.7934
-81.1374
-80.5394
-79.9932
-79.4928
-79.033
-78.609
-78.2167
-77.8522
-77.5122
-77.1939
-76.8946
-76.6118
-76.3437
-76.0882
-75.8437
-75.6086
-75.3816
-75.1614
-74.9467
-74.7363
-74.5293
-74.3245
-74.1209
-73.9174
-73.7128
-73.5059
-73.2955
-73.0801
-72.8582
-72.6278
-72.3867
-72.1321
-71.8607
-71.5683
-71.249
-70.8956
-70.4976
-70.04
-69.5001
-68.8421
-68.0036
-66.8669
-65.171
-62.1902
-54.8839
-21.3681
46.1127
43.3067
8.81976
-12.3598
-25.7024
-39.3247
-67.9188
-94.0516
-94.9386
-94.9196
-94.8057
-94.5506
-94.0694
-93.3115
-92.2997
-91.115
-89.8522
-88.5883
-87.3738
-86.2356
-85.1851
-84.2238
-83.3482
-82.5523
-81.8288
-81.1708
-80.5711
-80.0234
-79.5218
-79.061
-78.6362
-78.2432
-77.8782
-77.538
-77.2194
-76.92
-76.6373
-76.3693
-76.1141
-75.8699
-75.6354
-75.4089
-75.1893
-74.9754
-74.766
-74.56
-74.3564
-74.1541
-73.9521
-73.7491
-73.5442
-73.336
-73.1232
-72.9041
-72.677
-72.4398
-72.1898
-71.9239
-71.638
-71.3271
-70.9839
-70.5991
-70.1591
-69.6435
-69.0204
-68.2364
-67.192
-65.6772
-63.1469
-57.5892
-35.83
38.7991
44.1796
11.9306
-11.9687
-25.3201
-38.9897
-67.0874
-93.9752
-94.9347
-94.926
-94.8275
-94.6025
-94.168
-93.4633
-92.4972
-91.342
-90.0919
-88.8277
-87.6044
-86.453
-85.3873
-84.4105
-83.5199
-82.7098
-81.9735
-81.3038
-80.6936
-80.1366
-79.6267
-79.1586
-78.7274
-78.3287
-77.9588
-77.6143
-77.292
-76.9894
-76.704
-76.4337
-76.1765
-75.9308
-75.6949
-75.4675
-75.2473
-75.033
-74.8235
-74.6178
-74.4146
-74.2131
-74.0121
-73.8106
-73.6075
-73.4015
-73.1913
-72.9755
-72.7522
-72.5196
-72.2753
-72.0162
-71.7387
-71.4381
-71.1082
-70.7405
-70.323
-69.8382
-69.2595
-68.5428
-67.6097
-66.3032
-64.2499
-60.2654
-48.1048
13.5886
49.4229
34.7862
-7.40122
-20.8698
-35.0987
-57.557
-91.5477
-94.8431
-94.9341
-94.8631
-94.6831
-94.3208
-93.7048
-92.822
-91.7275
-90.5106
-89.2556
-88.0243
-86.8541
-85.7637
-84.7598
-83.8419
-83.0056
-82.2448
-81.5526
-80.9221
-80.3469
-79.8208
-79.3382
-78.8943
-78.4845
-78.1049
-77.7518
-77.4221
-77.1131
-76.8221
-76.5471
-76.2859
-76.0369
-75.7984
-75.5689
-75.3471
-75.1318
-74.9217
-74.7159
-74.5131
-74.3125
-74.113
-73.9136
-73.713
-73.5103
-73.3041
-73.0932
-72.876
-72.6505
-72.4148
-72.1663
-71.9016
-71.6169
-71.3069
-70.9645
-70.5802
-70.1402
-69.6242
-68.9999
-68.2131
-67.1629
-65.6356
-63.0732
-57.3936
-34.8224
39.3242
44.0293
11.5495
-11.9678
-25.2997
-38.9724
-67.0471
-93.9756
-94.9355
-94.9258
-94.8262
-94.5991
-94.1608
-93.4516
-92.4816
-91.324
-90.0729
-88.8092
-87.5873
-86.4379
-85.3744
-84.3999
-83.5117
-82.704
-81.97
-81.3024
-80.6944
-80.1394
-79.6315
-79.1652
-78.7358
-78.3389
-77.9707
-77.6278
-77.3072
-77.0062
-76.7224
-76.4538
-76.1983
-75.9543
-75.7202
-75.4946
-75.2763
-75.064
-74.8567
-74.6531
-74.4524
-74.2534
-74.0552
-73.8567
-73.6569
-73.4545
-73.2484
-73.0371
-72.8191
-72.5924
-72.3549
-72.1039
-71.836
-71.5469
-71.2312
-70.8813
-70.4869
-70.0332
-69.4976
-68.8444
-68.012
-66.8836
-65.2011
-62.249
-55.0449
-22.2047
45.4541
43.3203
9.01298
-12.3042
-25.6346
-39.2671
-67.7763
-94.0414
-94.9386
-94.9203
-94.8075
-94.5543
-94.0762
-93.3218
-92.3133
-91.1312
-89.8702
-88.6077
-87.3941
-86.2569
-85.2074
-84.2472
-83.3728
-82.5781
-81.8561
-81.1995
-80.6015
-80.0555
-79.5556
-79.0966
-78.6737
-78.2827
-77.9198
-77.5817
-77.2654
-76.9683
-76.6881
-76.4226
-76.1701
-75.9288
-75.6972
-75.474
-75.2579
-75.0476
-74.8422
-74.6404
-74.4414
-74.244
-74.0474
-73.8505
-73.6523
-73.4515
-73.2469
-73.0372
-72.8208
-72.5958
-72.3601
-72.1111
-71.8454
-71.5588
-71.2459
-70.8994
-70.5092
-70.0607
-69.5321
-68.8889
-68.0716
-66.9684
-65.3356
-62.5087
-55.8055
-26.3521
40.4377
43.6938
10.4093
-12.1011
-25.4341
-39.1089
-67.3993
-94.0125
-94.9381
-94.9224
-94.8137
-94.5684
-94.1021
-93.3609
-92.3636
-91.1886
-89.9304
-88.6675
-87.4516
-86.3111
-85.2578
-84.294
-83.4162
-82.6184
-81.8936
-81.2346
-80.6344
-80.0866
-79.5852
-79.1248
-78.7009
-78.3089
-77.9453
-77.6066
-77.2899
-76.9925
-76.7121
-76.4466
-76.1941
-75.953
-75.7217
-75.4988
-75.2831
-75.0734
-74.8686
-74.6677
-74.4695
-74.2732
-74.0778
-73.8822
-73.6854
-73.4863
-73.2837
-73.0762
-72.8624
-72.6405
-72.4083
-72.1635
-71.9027
-71.6222
-71.3168
-70.9795
-70.6013
-70.1687
-69.6621
-69.0504
-68.2819
-67.261
-65.7879
-63.3502
-58.1029
-38.3049
36.8826
44.7364
13.444
-11.9831
-25.4062
-39.0559
-67.235
-93.9731
-94.9323
-94.9267
-94.8311
-94.612
-94.1874
-93.4956
-92.5425
-91.3982
-90.1557
-88.8961
-87.6749
-86.5239
-85.4576
-84.4797
-83.5878
-82.7765
-82.0392
-81.3687
-80.7581
-80.2009
-79.6912
-79.2235
-78.793
-78.3953
-78.0267
-77.6836
-77.3631
-77.0624
-76.7792
-76.5113
-76.2569
-76.0141
-75.7815
-75.5577
-75.3413
-75.1312
-74.9263
-74.7254
-74.5277
-74.3321
-74.1378
-73.9435
-73.7484
-73.5513
-73.3512
-73.1468
-72.9365
-72.7188
-72.4917
-72.2529
-71.9995
-71.728
-71.4337
-71.1107
-70.7506
-70.342
-69.8681
-69.3032
-68.6053
-67.7004
-66.4421
-64.4876
-60.7853
-50.0751
4.61508
49.7358
40.3426
-0.161804
-15.7325
-29.5374
-45.5748
-80.5928
-94.5909
-94.9404
-94.8928
-94.7446
-94.4304
-93.8691
-93.0302
-91.9584
-90.7439
-89.4782
-88.2301
-87.0417
-85.9343
-84.9155
-83.9849
-83.1381
-82.3686
-81.6693
-81.0331
-80.4534
-79.9237
-79.4385
-78.9927
-78.5817
-78.2013
-77.8481
-77.5188
-77.2106
-76.9209
-76.6475
-76.3884
-76.1417
-75.906
-75.6797
-75.4616
-75.2503
-75.0447
-74.8439
-74.6467
-74.4522
-74.2595
-74.0675
-73.8754
-73.6821
-73.4865
-73.2874
-73.0837
-72.8738
-72.656
-72.4283
-72.1883
-71.9331
-71.6588
-71.3608
-71.0324
-70.665
-70.2463
-69.7581
-69.1721
-68.4419
-67.4834
-66.126
-63.9523
-59.579
-45.1484
24.1408
47.9587
24.7204
-12.2784
-26.0884
-39.5774
-68.3002
-93.8453
-94.91
-94.9275
-94.8414
-94.639
-94.2437
-93.5915
-92.6799
-91.5703
-90.3515
-89.104
-87.8854
-86.7301
-85.6552
-84.6664
-83.7626
-82.9394
-82.1907
-81.5096
-80.8893
-80.3235
-79.8061
-79.3317
-78.8953
-78.4926
-78.1196
-77.7729
-77.4493
-77.1462
-76.861
-76.5916
-76.336
-76.0925
-75.8596
-75.6358
-75.4198
-75.2104
-75.0066
-74.8072
-74.6113
-74.418
-74.2261
-74.0349
-73.8434
-73.6506
-73.4552
-73.2563
-73.0524
-72.8422
-72.6238
-72.3953
-72.1542
-71.8974
-71.621
-71.3201
-70.988
-70.6156
-70.1901
-69.6923
-69.0925
-68.3407
-67.3464
-65.9217
-63.594
-58.7196
-41.2719
33.034
45.7928
16.5434
-12.1602
-25.7513
-39.3154
-67.8168
-93.9817
-94.9275
-94.9273
-94.8354
-94.6235
-94.2118
-93.5374
-92.6027
-91.4743
-90.2431
-88.99
-87.7714
-86.6199
-85.5512
-84.5697
-83.6739
-82.8586
-82.1175
-81.4435
-80.8298
-80.27
-79.7581
-79.2886
-78.8567
-78.4581
-78.0888
-77.7454
-77.4248
-77.1244
-76.8417
-76.5746
-76.3212
-76.0797
-75.8487
-75.6266
-75.4122
-75.2044
-75.0021
-74.8042
-74.6097
-74.4178
-74.2273
-74.0375
-73.8474
-73.656
-73.4622
-73.2648
-73.0626
-72.8542
-72.6378
-72.4115
-72.1728
-71.9188
-71.6458
-71.3488
-71.0215
-70.6551
-70.2374
-69.75
-69.1648
-68.435
-67.4767
-66.1186
-63.9421
-59.5594
-45.0818
24.374
47.9161
24.5483
-12.2695
-26.0717
-39.561
-68.2608
-93.8464
-94.9105
-94.9278
-94.8417
-94.6396
-94.2447
-93.5929
-92.6817
-91.5726
-90.3543
-89.1074
-87.8895
-86.7349
-85.6608
-84.6727
-83.7697
-82.9474
-82.1995
-81.5193
-80.8999
-80.335
-79.8185
-79.345
-78.9096
-78.5078
-78.1359
-77.7902
-77.4676
-77.1655
-76.8815
-76.6132
-76.3588
-76.1166
-75.885
-75.6626
-75.4481
-75.2402
-75.0381
-74.8405
-74.6465
-74.4552
-74.2656
-74.0769
-73.888
-73.6981
-73.506
-73.3107
-73.1109
-72.9053
-72.6921
-72.4696
-72.2355
-71.987
-71.7205
-71.4317
-71.1146
-70.7613
-70.3606
-69.8964
-69.3439
-68.663
-67.7838
-66.569
-64.7032
-61.246
-51.7361
-3.89029
49.6943
42.9711
5.51926
-13.4317
-26.9861
-40.8504
-71.4877
-94.266
-94.9386
-94.9074
-94.7766
-94.4909
-93.966
-93.1606
-92.1107
-90.9044
-89.6367
-88.3806
-87.1818
-86.0636
-85.0348
-84.0955
-83.2411
-82.4653
-81.7607
-81.1203
-80.537
-80.0046
-79.5173
-79.07
-78.6579
-78.277
-77.9236
-77.5945
-77.2869
-76.998
-76.7259
-76.4683
-76.2234
-75.9898
-75.7659
-75.5504
-75.3421
-75.1399
-74.9427
-74.7495
-74.5595
-74.3718
-74.1853
-73.9992
-73.8127
-73.6247
-73.4341
-73.24
-73.0409
-72.8355
-72.6222
-72.3989
-72.1634
-71.9127
-71.6431
-71.3498
-71.0266
-70.6649
-70.2527
-69.7722
-69.1959
-68.4787
-67.5397
-66.2153
-64.1104
-59.9428
-46.655
19.1944
48.833
29.703
-10.8627
-24.3089
-38.2477
-65.0678
-93.375
-94.8906
-94.9293
-94.8483
-94.6535
-94.2699
-93.6314
-92.7322
-91.6314
-90.4172
-89.1711
-87.9519
-86.7949
-85.7178
-84.7268
-83.821
-82.9962
-82.2462
-81.5641
-80.9433
-80.3772
-79.8598
-79.3857
-78.9499
-78.548
-78.1761
-77.8306
-77.5085
-77.207
-76.9236
-76.6562
-76.4029
-76.1618
-75.9315
-75.7105
-75.4976
-75.2916
-75.0914
-74.896
-74.7043
-74.5156
-74.3289
-74.1433
-73.9579
-73.7717
-73.5839
-73.3934
-73.199
-72.9995
-72.7933
-72.5788
-72.354
-72.1165
-71.8631
-71.5901
-71.2925
-70.9636
-70.5944
-70.1719
-69.6772
-69.0803
-68.3315
-67.3399
-65.9173
-63.5896
-58.7016
-41.1225
33.2708
45.7307
16.3573
-12.1425
-25.7217
-39.2927
-67.7649
-93.9799
-94.9278
-94.9273
-94.8352
-94.6231
-94.2108
-93.5359
-92.6012
-91.4735
-90.2437
-88.9924
-87.7759
-86.6267
-85.5603
-84.5812
-83.6878
-82.8749
-82.1361
-81.4645
-80.8531
-80.2957
-79.786
-79.3189
-78.8894
-78.4931
-78.1262
-77.7852
-77.4671
-77.1693
-76.8892
-76.6248
-76.3741
-76.1356
-75.9075
-75.6886
-75.4776
-75.2734
-75.0748
-74.8809
-74.6907
-74.5033
-74.3179
-74.1336
-73.9493
-73.7644
-73.5777
-73.3883
-73.195
-72.9965
-72.7915
-72.5782
-72.3547
-72.1185
-71.8666
-71.5952
-71.2994
-70.9726
-70.606
-70.1868
-69.6963
-69.1053
-68.3651
-67.3875
-65.9905
-63.7213
-59.0273
-42.6452
30.4625
46.4677
18.7518
-12.3208
-26.0232
-39.5123
-68.2465
-93.9763
-94.9235
-94.9275
-94.8374
-94.6288
-94.2231
-93.5571
-92.632
-91.5124
-90.2884
-89.0402
-87.8245
-86.6746
-85.6064
-84.625
-83.7289
-82.9134
-82.1721
-81.4981
-80.8847
-80.3253
-79.8141
-79.3455
-78.9147
-78.5174
-78.1496
-77.808
-77.4893
-77.191
-76.9107
-76.646
-76.3953
-76.1567
-75.9288
-75.7101
-75.4994
-75.2955
-75.0974
-74.904
-74.7145
-74.5278
-74.3433
-74.1599
-73.9768
-73.7931
-73.6078
-73.4201
-73.2286
-73.0323
-72.8297
-72.6193
-72.399
-72.1667
-71.9194
-71.6536
-71.3647
-71.0465
-70.6907
-70.2858
-69.8146
-69.2509
-68.552
-67.6417
-66.3683
-64.3738
-60.5383
-49.076
9.37143
49.6381
37.849
-3.94159
-18.1222
-32.1978
-51.0263
-87.5149
-94.754
-94.9385
-94.8788
-94.7151
-94.3771
-93.7886
-92.9282
-91.8467
-90.6337
-89.3773
-88.1422
-86.9679
-85.8743
-84.8685
-83.9499
-83.114
-82.3546
-81.6646
-81.0371
-80.4654
-79.9433
-79.4654
-79.0264
-78.622
-78.248
-77.9011
-77.5779
-77.2757
-76.992
-76.7247
-76.4717
-76.2313
-76.002
-75.7822
-75.5709
-75.3666
-75.1685
-74.9754
-74.7864
-74.6007
-74.4173
-74.2355
-74.0543
-73.8729
-73.6904
-73.5058
-73.3181
-73.1262
-72.9288
-72.7243
-72.5112
-72.2872
-72.0499
-71.7963
-71.5222
-71.2225
-70.8903
-70.516

