-70
-67.8512
-65.0172
-60.0092
-45.6757
25.3639
49.6983
46.7102
34.8543
13.3241
-3.3003
-14.6414
-25.6112
-35.4943
-54.1744
-88.5251
-94.4747
-94.8652
-94.8885
-94.8472
-94.7775
-94.6933
-94.6054
-94.5217
-94.4462
-94.3803
-94.3238
-94.2757
-94.2347
-94.1998
-94.17
-94.1443
-94.122
-94.1027
-94.0857
-94.0707
-94.0574
-94.0455
-94.0347
-94.0249
-94.0159
-94.0076
-93.9998
-93.9925
-93.9856
-93.979
-93.9727
-93.9665
-93.9606
-93.9547
-93.9489
-93.9433
-93.9376
-93.932
-93.9264
-93.9208
-93.9152
-93.9096
-93.9039
-93.8982
-93.8924
-93.8866
-93.8807
-93.8748
-93.8688
-93.8627
-93.8566
-93.8504
-93.8441
-93.8377
-93.8313
-93.8247
-93.8181
-93.8114
-93.8046
-93.7978
-93.7908
-93.7838
-93.7766
-93.7694
-93.7621
-93.7547
-93.7472
-93.7396
-93.732
-93.7242
-93.7164
-93.7084
-93.7004
-93.6923
-93.6841
-93.6758
-93.6674
-93.6589
-93.6503
-93.6416
-93.6328
-93.624
-93.615
-93.606
-93.5968
-93.5876
-93.5783
-93.5688
-93.5593
-93.5497
-93.54
-93.5302
-93.5203
-93.5103
-93.5002
-93.49
-93.4797
-93.4693
-93.4588
-93.4483
-93.4376
-93.4268
-93.4159
-93.405
-93.3939
-93.3827
-93.3715
-93.3601
-93.3486
-93.3371
-93.3254
-93.3136
-93.3017
-93.2898
-93.2777
-93.2655
-93.2532
-93.2409
-93.2284
-93.2158
-93.2031
-93.1903
-93.1774
-93.1643
-93.1512
-93.138
-93.1246
-93.1112
-93.0977
-93.084
-93.0702
-93.0563
-93.0424
-93.0283
-93.0141
-92.9997
-92.9853
-92.9708
-92.9561
-92.9413
-92.9264
-92.9114
-92.8963
-92.8811
-92.8657
-92.8503
-92.8347
-92.819
-92.8032
-92.7872
-92.7712
-92.755
-92.7387
-92.7223
-92.7058
-92.6891
-92.6723
-92.6554
-92.6384
-92.6212
-92.604
-92.5865
-92.569
-92.5514
-92.5336
-92.5157
-92.4976
-92.4794
-92.4611
-92.4427
-92.4241
-92.4054
-92.3866
-92.3676
-92.3485
-92.3293
-92.3099
-92.2904
-92.2707
-92.2509
-92.231
-92.2109
-92.1907
-92.1704
-92.1499
-92.1293
-92.1085
-92.0876
-92.0665
-92.0453
-92.0239
-92.0024
-91.9808
-91.959
-91.937
-91.9149
-91.8927
-91.8703
-91.8477
-91.825
-91.8021
-91.7791
-91.7559
-91.7326
-91.7091
-91.6854
-91.6616
-91.6376
-91.6135
-91.5892
-91.5647
-91.5401
-91.5153
-91.4903
-91.4651
-91.4398
-91.4144
-91.3887
-91.3629
-91.3369
-91.3107
-91.2844
-91.2579
-91.2312
-91.2043
-91.1773
-91.15
-91.1226
-91.095
-91.0672
-91.0393
-91.0111
-90.9828
-90.9542
-90.9255
-90.8966
-90.8675
-90.8382
-90.8087
-90.779
-90.7491
-90.719
-90.6887
-90.6583
-90.6276
-90.5967
-90.5656
-90.5343
-90.5027
-90.471
-90.4391
-90.4069
-90.3746
-90.342
-90.3092
-90.2761
-90.2429
-90.2094
-90.1758
-90.1418
-90.1077
-90.0733
-90.0387
-90.0039
-89.9688
-89.9335
-89.898
-89.8622
-89.8262
-89.7899
-89.7534
-89.7166
-89.6796
-89.6423
-89.6048
-89.5671
-89.529
-89.4907
-89.4522
-89.4133
-89.3743
-89.3349
-89.2953
-89.2554
-89.2152
-89.1747
-89.134
-89.0929
-89.0516
-89.01
-88.9681
-88.9259
-88.8834
-88.8406
-88.7975
-88.7541
-88.7104
-88.6664
-88.622
-88.5773
-88.5323
-88.487
-88.4414
-88.3954
-88.349
-88.3024
-88.2553
-88.208
-88.1603
-88.1122
-88.0637
-88.0149
-87.9657
-87.9162
-87.8663
-87.8159
-87.7652
-87.7141
-87.6626
-87.6107
-87.5584
-87.5057
-87.4525
-87.3989
-87.3449
-87.2904
-87.2355
-87.1802
-87.1244
-87.0681
-87.0113
-86.9541
-86.8964
-86.8381
-86.7794
-86.7202
-86.6604
-86.6002
-86.5393
-86.478
-86.4161
-86.3536
-86.2905
-86.2269
-86.1627
-86.0978
-86.0324
-85.9663
-85.8996
-85.8322
-85.7641
-85.6954
-85.626
-85.5558
-85.485
-85.4134
-85.341
-85.2679
-85.194
-85.1192
-85.0437
-84.9673
-84.89
-84.8119
-84.7328
-84.6528
-84.5719
-84.49
-84.407
-84.323
-84.238
-84.1519
-84.0646
-83.9762
-83.8866
-83.7958
-83.7037
-83.6103
-83.5155
-83.4194
-83.3218
-83.2227
-83.1221
-83.0199
-82.916
-82.8105
-82.7031
-82.5939
-82.4828
-82.3697
-82.2544
-82.137
-82.0174
-81.8953
-81.7708
-81.6437
-81.5138
-81.3811
-81.2454
-81.1065
-80.9642
-80.8184
-80.6688
-80.5153
-80.3576
-80.1954
-80.0284
-79.8563
-79.6786
-79.4952
-79.3053
-79.1086
-78.9044
-78.6922
-78.4711
-78.2404
-77.9989
-77.7456
-77.4791
-77.1979
-76.9
-76.5831
-76.2446
-75.8808
-75.4876
-75.0593
-74.5889
-74.0664
-73.4787
-72.8064
-72.0209
-71.0764
-69.8942
-68.3237
-66.0265
-62.0245
-51.8747
0.281828
49.8251
49.2685
43.8908
28.4311
6.92858
-6.88624
-17.6626
-28.7118
-39.7076
-64.4609
-92.6715
-94.7475
-94.8886
-94.8643
-94.7925
-94.6933
-94.5806
-94.4674
-94.3626
-94.2706
-94.1924
-94.1272
-94.0735
-94.0295
-93.9935
-93.9643
-93.9406
-93.9214
-93.9059
-93.8935
-93.8835
-93.8756
-93.8693
-93.8644
-93.8605
-93.8576
-93.8553
-93.8537
-93.8524
-93.8515
-93.8509
-93.8504
-93.8501
-93.8498
-93.8496
-93.8493
-93.8491
-93.8488
-93.8484
-93.848
-93.8474
-93.8467
-93.8459
-93.845
-93.844
-93.8428
-93.8415
-93.84
-93.8384
-93.8367
-93.8348
-93.8327
-93.8305
-93.8281
-93.8256
-93.823
-93.8202
-93.8172
-93.8142
-93.8109
-93.8075
-93.804
-93.8003
-93.7965
-93.7926
-93.7885
-93.7842
-93.7799
-93.7754
-93.7707
-93.7659
-93.761
-93.756
-93.7508
-93.7455
-93.7401
-93.7345
-93.7288
-93.723
-93.717
-93.711
-93.7048
-93.6985
-93.692
-93.6855
-93.6788
-93.672
-93.6651
-93.658
-93.6509
-93.6436
-93.6362
-93.6287
-93.621
-93.6133
-93.6054
-93.5975
-93.5894
-93.5812
-93.5729
-93.5644
-93.5559
-93.5472
-93.5385
-93.5296
-93.5206
-93.5115
-93.5023
-93.493
-93.4835
-93.474
-93.4643
-93.4546
-93.4447
-93.4347
-93.4246
-93.4144
-93.4041
-93.3937
-93.3831
-93.3725
-93.3618
-93.3509
-93.3399
-93.3288
-93.3177
-93.3064
-93.2949
-93.2834
-93.2718
-93.2601
-93.2482
-93.2363
-93.2242
-93.212
-93.1997
-93.1873
-93.1748
-93.1622
-93.1494
-93.1366
-93.1236
-93.1106
-93.0974
-93.0841
-93.0707
-93.0572
-93.0435
-93.0298
-93.0159
-93.0019
-92.9878
-92.9736
-92.9593
-92.9449
-92.9303
-92.9156
-92.9008
-92.8859
-92.8709
-92.8557
-92.8405
-92.8251
-92.8096
-92.794
-92.7782
-92.7624
-92.7464
-92.7303
-92.7141
-92.6977
-92.6812
-92.6646
-92.6479
-92.6311
-92.6141
-92.597
-92.5798
-92.5624
-92.5449
-92.5273
-92.5096
-92.4917
-92.4737
-92.4556
-92.4373
-92.419
-92.4004
-92.3818
-92.363
-92.3441
-92.325
-92.3058
-92.2865
-92.2671
-92.2475
-92.2277
-92.2079
-92.1878
-92.1677
-92.1474
-92.127
-92.1064
-92.0857
-92.0648
-92.0438
-92.0227
-92.0014
-91.9799
-91.9583
-91.9366
-91.9147
-91.8927
-91.8705
-91.8482
-91.8257
-91.803
-91.7803
-91.7573
-91.7342
-91.711
-91.6875
-91.664
-91.6402
-91.6164
-91.5923
-91.5681
-91.5437
-91.5192
-91.4945
-91.4697
-91.4446
-91.4194
-91.3941
-91.3686
-91.3429
-91.317
-91.291
-91.2648
-91.2384
-91.2118
-91.1851
-91.1582
-91.1311
-91.1038
-91.0764
-91.0488
-91.021
-90.993
-90.9648
-90.9365
-90.9079
-90.8792
-90.8503
-90.8212
-90.7919
-90.7624
-90.7327
-90.7028
-90.6728
-90.6425
-90.612
-90.5814
-90.5505
-90.5194
-90.4882
-90.4567
-90.425
-90.3931
-90.361
-90.3287
-90.2962
-90.2634
-90.2305
-90.1973
-90.1639
-90.1303
-90.0965
-90.0624
-90.0281
-89.9936
-89.9589
-89.9239
-89.8888
-89.8533
-89.8177
-89.7818
-89.7456
-89.7092
-89.6726
-89.6358
-89.5987
-89.5613
-89.5237
-89.4858
-89.4477
-89.4093
-89.3707
-89.3318
-89.2926
-89.2532
-89.2135
-89.1735
-89.1333
-89.0928
-89.052
-89.0109
-88.9695
-88.9279
-88.8859
-88.8437
-88.8012
-88.7584
-88.7152
-88.6718
-88.6281
-88.584
-88.5397
-88.495
-88.45
-88.4047
-88.3591
-88.3131
-88.2668
-88.2201
-88.1731
-88.1258
-88.0781
-88.0301
-87.9817
-87.9329
-87.8838
-87.8343
-87.7845
-87.7342
-87.6836
-87.6325
-87.5811
-87.5293
-87.4771
-87.4244
-87.3714
-87.3179
-87.264
-87.2096
-87.1549
-87.0996
-87.044
-86.9878
-86.9312
-86.8741
-86.8165
-86.7585
-86.6999
-86.6409
-86.5813
-86.5212
-86.4605
-86.3994
-86.3377
-86.2754
-86.2125
-86.1491
-86.0851
-86.0204
-85.9552
-85.8893
-85.8228
-85.7557
-85.6879
-85.6194
-85.5502
-85.4804
-85.4098
-85.3384
-85.2663
-85.1935
-85.1199
-85.0454
-84.9702
-84.8941
-84.8171
-84.7392
-84.6605
-84.5808
-84.5002
-84.4186
-84.3359
-84.2523
-84.1676
-84.0818
-83.9949
-83.9068
-83.8175
-83.727
-83.6353
-83.5422
-83.4478
-83.352
-83.2548
-83.1561
-83.0558
-82.9539
-82.8504
-82.7452
-82.6382
-82.5293
-82.4185
-82.3057
-82.1908
-82.0738
-81.9544
-81.8327
-81.7085
-81.5816
-81.4521
-81.3196
-81.1841
-81.0454
-80.9034
-80.7578
-80.6084
-80.455
-80.2974
-80.1352
-79.9683
-79.7961
-79.6184
-79.4348
-79.2448
-79.0478
-78.8432
-78.6305
-78.4088
-78.1773
-77.935
-77.6806
-77.4128
-77.1299
-76.8301
-76.5109
-76.1695
-75.8023
-75.4048
-74.9713
-74.4941
-73.963
-73.364
-72.6766
-71.8698
-70.894
-69.6623
-68.0045
-65.5255
-61.0149
-48.3552
17.7943
49.8428
48.1727
39.7205
21.0057
1.55903
-10.6257
-21.1929
-32.0338
-46.1984
-78.5521
-93.9484
-94.8145
-94.8719
-94.8223
-94.7269
-94.6027
-94.4657
-94.3301
-94.2054
-94.0963
-94.0038
-93.927
-93.8641
-93.8131
-93.7721
-93.7394
-93.7135
-93.6933
-93.6778
-93.666
-93.6574
-93.6514
-93.6474
-93.6452
-93.6443
-93.6445
-93.6456
-93.6474
-93.6497
-93.6524
-93.6554
-93.6587
-93.662
-93.6654
-93.6689
-93.6723
-93.6757
-93.6789
-93.6821
-93.6851
-93.688
-93.6907
-93.6932
-93.6955
-93.6977
-93.6996
-93.7014
-93.7029
-93.7042
-93.7054
-93.7063
-93.707
-93.7075
-93.7078
-93.7079
-93.7078
-93.7074
-93.7069
-93.7062
-93.7053
-93.7042
-93.7029
-93.7013
-93.6997
-93.6978
-93.6957
-93.6934
-93.691
-93.6884
-93.6856
-93.6826
-93.6795
-93.6762
-93.6727
-93.669
-93.6652
-93.6612
-93.657
-93.6527
-93.6483
-93.6436
-93.6388
-93.6339
-93.6288
-93.6235
-93.6181
-93.6126
-93.6069
-93.6011
-93.5951
-93.589
-93.5827
-93.5763
-93.5697
-93.563
-93.5562
-93.5492
-93.5421
-93.5349
-93.5275
-93.52
-93.5124
-93.5046
-93.4967
-93.4887
-93.4805
-93.4722
-93.4638
-93.4553
-93.4466
-93.4378
-93.4289
-93.4198
-93.4107
-93.4014
-93.3919
-93.3824
-93.3727
-93.363
-93.353
-93.343
-93.3329
-93.3226
-93.3122
-93.3017
-93.2911
-93.2803
-93.2695
-93.2585
-93.2474
-93.2361
-93.2248
-93.2133
-93.2018
-93.1901
-93.1782
-93.1663
-93.1543
-93.1421
-93.1298
-93.1174
-93.1049
-93.0922
-93.0795
-93.0666
-93.0536
-93.0405
-93.0272
-93.0139
-93.0004
-92.9868
-92.9731
-92.9593
-92.9453
-92.9312
-92.917
-92.9027
-92.8883
-92.8738
-92.8591
-92.8443
-92.8294
-92.8143
-92.7992
-92.7839
-92.7685
-92.753
-92.7373
-92.7216
-92.7057
-92.6897
-92.6735
-92.6572
-92.6408
-92.6243
-92.6077
-92.5909
-92.574
-92.557
-92.5398
-92.5226
-92.5052
-92.4876
-92.4699
-92.4521
-92.4342
-92.4162
-92.398
-92.3796
-92.3612
-92.3426
-92.3239
-92.305
-92.286
-92.2669
-92.2477
-92.2283
-92.2087
-92.1891
-92.1692
-92.1493
-92.1292
-92.109
-92.0886
-92.0681
-92.0475
-92.0267
-92.0057
-91.9847
-91.9634
-91.9421
-91.9206
-91.8989
-91.8771
-91.8551
-91.833
-91.8108
-91.7884
-91.7658
-91.7431
-91.7203
-91.6973
-91.6741
-91.6508
-91.6273
-91.6037
-91.5799
-91.556
-91.5319
-91.5077
-91.4832
-91.4587
-91.4339
-91.409
-91.384
-91.3587
-91.3334
-91.3078
-91.2821
-91.2562
-91.2301
-91.2039
-91.1775
-91.1509
-91.1242
-91.0973
-91.0702
-91.0429
-91.0155
-90.9879
-90.9601
-90.9321
-90.9039
-90.8756
-90.8471
-90.8184
-90.7895
-90.7604
-90.7311
-90.7017
-90.6721
-90.6422
-90.6122
-90.582
-90.5516
-90.521
-90.4902
-90.4592
-90.428
-90.3966
-90.365
-90.3332
-90.3012
-90.269
-90.2365
-90.2039
-90.1711
-90.138
-90.1048
-90.0713
-90.0376
-90.0037
-89.9695
-89.9352
-89.9006
-89.8658
-89.8308
-89.7956
-89.7601
-89.7244
-89.6884
-89.6522
-89.6158
-89.5792
-89.5423
-89.5051
-89.4678
-89.4301
-89.3923
-89.3541
-89.3158
-89.2771
-89.2382
-89.1991
-89.1597
-89.12
-89.0801
-89.0399
-88.9994
-88.9587
-88.9176
-88.8763
-88.8348
-88.7929
-88.7507
-88.7083
-88.6656
-88.6226
-88.5792
-88.5356
-88.4917
-88.4474
-88.4029
-88.358
-88.3129
-88.2674
-88.2215
-88.1754
-88.1289
-88.0821
-88.035
-87.9875
-87.9396
-87.8914
-87.8429
-87.794
-87.7447
-87.6951
-87.6451
-87.5947
-87.5439
-87.4928
-87.4412
-87.3893
-87.3369
-87.2842
-87.231
-87.1774
-87.1234
-87.0689
-87.014
-86.9587
-86.9029
-86.8467
-86.7899
-86.7328
-86.6751
-86.6169
-86.5583
-86.4991
-86.4395
-86.3793
-86.3186
-86.2573
-86.1955
-86.1331
-86.0702
-86.0067
-85.9426
-85.8778
-85.8125
-85.7466
-85.68
-85.6128
-85.5449
-85.4763
-85.407
-85.337
-85.2663
-85.1949
-85.1227
-85.0497
-84.976
-84.9014
-84.826
-84.7498
-84.6727
-84.5947
-84.5158
-84.4359
-84.3551
-84.2733
-84.1905
-84.1067
-84.0217
-83.9357
-83.8485
-83.7602
-83.6707
-83.5799
-83.4878
-83.3944
-83.2996
-83.2034
-83.1058
-83.0066
-82.9059
-82.8035
-82.6994
-82.5936
-82.486
-82.3764
-82.2649
-82.1514
-82.0356
-81.9177
-81.7974
-81.6746
-81.5492
-81.4212
-81.2903
-81.1565
-81.0195
-80.8792
-80.7354
-80.5878
-80.4364
-80.2808
-80.1207
-79.9559
-79.786
-79.6106
-79.4295
-79.242
-79.0478
-78.8461
-78.6364
-78.418
-78.1899
-77.9513
-77.7009
-77.4375
-77.1594
-76.8648
-76.5514
-76.2166
-75.8567
-75.4677
-75.0441
-74.5787
-74.062
-73.4808
-72.8164
-72.0406
-71.1089
-69.9448
-68.4032
-66.1602
-62.2945
-52.7332
-4.63484
49.7557
49.376
44.467
29.7161
8.16224
-6.07983
-16.9409
-27.9795
-38.4191
-61.3317
-92.0389
-94.7093
-94.8726
-94.8373
-94.743
-94.611
-94.4586
-94.3034
-94.1584
-94.0307
-93.9224
-93.8327
-93.7597
-93.701
-93.6543
-93.6176
-93.5892
-93.5674
-93.5513
-93.5397
-93.5317
-93.5269
-93.5245
-93.524
-93.5252
-93.5277
-93.5312
-93.5354
-93.5403
-93.5457
-93.5513
-93.5573
-93.5633
-93.5694
-93.5755
-93.5816
-93.5876
-93.5934
-93.5991
-93.6047
-93.61
-93.6152
-93.6201
-93.6248
-93.6293
-93.6336
-93.6376
-93.6413
-93.6448
-93.6481
-93.6511
-93.6539
-93.6564
-93.6587
-93.6607
-93.6625
-93.664
-93.6653
-93.6664
-93.6672
-93.6678
-93.6682
-93.6684
-93.6683
-93.668
-93.6675
-93.6668
-93.6659
-93.6648
-93.6634
-93.6619
-93.6601
-93.6582
-93.6561
-93.6537
-93.6512
-93.6485
-93.6456
-93.6426
-93.6393
-93.6359
-93.6323
-93.6285
-93.6245
-93.6204
-93.6161
-93.6117
-93.607
-93.6023
-93.5973
-93.5922
-93.5869
-93.5815
-93.576
-93.5702
-93.5644
-93.5583
-93.5522
-93.5458
-93.5394
-93.5327
-93.526
-93.5191
-93.5121
-93.5049
-93.4975
-93.4901
-93.4825
-93.4748
-93.4669
-93.4589
-93.4508
-93.4425
-93.4341
-93.4256
-93.4169
-93.4081
-93.3992
-93.3902
-93.381
-93.3717
-93.3623
-93.3527
-93.343
-93.3332
-93.3233
-93.3133
-93.3031
-93.2928
-93.2824
-93.2718
-93.2612
-93.2504
-93.2395
-93.2285
-93.2173
-93.2061
-93.1947
-93.1832
-93.1715
-93.1598
-93.1479
-93.1359
-93.1238
-93.1116
-93.0993
-93.0868
-93.0742
-93.0615
-93.0487
-93.0358
-93.0227
-93.0095
-92.9962
-92.9828
-92.9693
-92.9556
-92.9419
-92.928
-92.9139
-92.8998
-92.8856
-92.8712
-92.8567
-92.8421
-92.8273
-92.8125
-92.7975
-92.7824
-92.7672
-92.7519
-92.7364
-92.7208
-92.7051
-92.6893
-92.6733
-92.6572
-92.641
-92.6247
-92.6083
-92.5917
-92.575
-92.5582
-92.5412
-92.5242
-92.507
-92.4896
-92.4722
-92.4546
-92.4369
-92.419
-92.4011
-92.383
-92.3647
-92.3464
-92.3279
-92.3093
-92.2905
-92.2716
-92.2526
-92.2335
-92.2142
-92.1948
-92.1752
-92.1555
-92.1357
-92.1157
-92.0956
-92.0754
-92.055
-92.0345
-92.0139
-91.9931
-91.9721
-91.9511
-91.9298
-91.9085
-91.887
-91.8653
-91.8436
-91.8216
-91.7996
-91.7773
-91.755
-91.7325
-91.7098
-91.687
-91.664
-91.6409
-91.6176
-91.5942
-91.5707
-91.547
-91.5231
-91.4991
-91.4749
-91.4505
-91.426
-91.4014
-91.3766
-91.3516
-91.3265
-91.3012
-91.2758
-91.2501
-91.2244
-91.1984
-91.1723
-91.1461
-91.1196
-91.093
-91.0662
-91.0393
-91.0122
-90.9849
-90.9575
-90.9298
-90.902
-90.874
-90.8459
-90.8176
-90.7891
-90.7604
-90.7315
-90.7025
-90.6732
-90.6438
-90.6142
-90.5844
-90.5545
-90.5243
-90.494
-90.4634
-90.4327
-90.4018
-90.3707
-90.3393
-90.3078
-90.2761
-90.2442
-90.2121
-90.1798
-90.1473
-90.1146
-90.0817
-90.0486
-90.0153
-89.9817
-89.948
-89.914
-89.8798
-89.8454
-89.8108
-89.776
-89.7409
-89.7057
-89.6702
-89.6345
-89.5985
-89.5623
-89.5259
-89.4893
-89.4524
-89.4153
-89.378
-89.3404
-89.3026
-89.2645
-89.2262
-89.1876
-89.1488
-89.1097
-89.0704
-89.0308
-88.991
-88.9509
-88.9105
-88.8699
-88.829
-88.7878
-88.7464
-88.7046
-88.6626
-88.6204
-88.5778
-88.5349
-88.4918
-88.4484
-88.4046
-88.3606
-88.3163
-88.2716
-88.2267
-88.1814
-88.1359
-88.09
-88.0438
-87.9972
-87.9504
-87.9032
-87.8556
-87.8077
-87.7595
-87.7109
-87.662
-87.6127
-87.5631
-87.513
-87.4626
-87.4119
-87.3607
-87.3092
-87.2573
-87.2049
-87.1522
-87.0991
-87.0455
-86.9915
-86.9371
-86.8823
-86.827
-86.7713
-86.7151
-86.6584
-86.6013
-86.5437
-86.4857
-86.4271
-86.368
-86.3085
-86.2484
-86.1878
-86.1266
-86.0649
-86.0027
-85.9399
-85.8765
-85.8125
-85.7479
-85.6827
-85.6169
-85.5505
-85.4834
-85.4157
-85.3472
-85.2781
-85.2083
-85.1378
-85.0665
-84.9945
-84.9217
-84.8481
-84.7737
-84.6985
-84.6224
-84.5455
-84.4677
-84.389
-84.3093
-84.2286
-84.147
-84.0644
-83.9807
-83.8959
-83.81
-83.723
-83.6348
-83.5454
-83.4548
-83.3628
-83.2695
-83.1749
-83.0788
-82.9812
-82.8821
-82.7814
-82.6791
-82.5751
-82.4693
-82.3616
-82.252
-82.1404
-82.0268
-81.9109
-81.7928
-81.6723
-81.5493
-81.4236
-81.2953
-81.164
-81.0297
-80.8922
-80.7513
-80.6068
-80.4585
-80.3062
-80.1495
-79.9884
-79.8223
-79.651
-79.4741
-79.2912
-79.1017
-78.9052
-78.701
-78.4885
-78.2668
-78.0351
-77.7922
-77.537
-77.2681
-76.9836
-76.6816
-76.3595
-76.0144
-75.6424
-75.2387
-74.7971
-74.3095
-73.7647
-73.147
-72.4337
-71.5898
-70.5577
-69.234
-67.4079
-64.5567
-58.8921
-39.3746
39.104
49.4813
45.6222
33.0689
12.4507
-3.17963
-14.3342
-25.1879
-35.1206
-53.2643
-88.0727
-94.4967
-94.8546
-94.8491
-94.7679
-94.6402
-94.4821
-94.3121
-94.1465
-93.9958
-93.8649
-93.7547
-93.6638
-93.59
-93.5309
-93.4841
-93.4476
-93.4196
-93.3986
-93.3834
-93.373
-93.3664
-93.3631
-93.3623
-93.3636
-93.3666
-93.371
-93.3764
-93.3827
-93.3896
-93.397
-93.4048
-93.4128
-93.4209
-93.4291
-93.4373
-93.4454
-93.4534
-93.4613
-93.469
-93.4765
-93.4837
-93.4908
-93.4976
-93.5041
-93.5104
-93.5164
-93.5221
-93.5276
-93.5327
-93.5376
-93.5422
-93.5465
-93.5506
-93.5543
-93.5578
-93.561
-93.5639
-93.5666
-93.569
-93.5711
-93.5729
-93.5745
-93.5759
-93.577
-93.5778
-93.5784
-93.5788
-93.5789
-93.5788
-93.5785
-93.5779
-93.5771
-93.5761
-93.5748
-93.5734
-93.5717
-93.5698
-93.5677
-93.5654
-93.5629
-93.5602
-93.5573
-93.5543
-93.551
-93.5475
-93.5438
-93.54
-93.536
-93.5318
-93.5274
-93.5228
-93.5181
-93.5132
-93.5081
-93.5029
-93.4975
-93.4919
-93.4861
-93.4802
-93.4742
-93.468
-93.4616
-93.455
-93.4484
-93.4415
-93.4345
-93.4274
-93.4201
-93.4127
-93.4051
-93.3974
-93.3895
-93.3815
-93.3733
-93.3651
-93.3566
-93.3481
-93.3394
-93.3305
-93.3215
-93.3124
-93.3032
-93.2938
-93.2843
-93.2746
-93.2648
-93.2549
-93.2449
-93.2347
-93.2244
-93.214
-93.2034
-93.1928
-93.1819
-93.171
-93.1599
-93.1487
-93.1374
-93.126
-93.1144
-93.1027
-93.0909
-93.079
-93.0669
-93.0547
-93.0424
-93.03
-93.0174
-93.0048
-92.992
-92.979
-92.966
-92.9528
-92.9395
-92.9261
-92.9126
-92.8989
-92.8851
-92.8712
-92.8572
-92.8431
-92.8288
-92.8144
-92.7999
-92.7853
-92.7705
-92.7556
-92.7406
-92.7255
-92.7102
-92.6949
-92.6794
-92.6637
-92.648
-92.6321
-92.6161
-92.6
-92.5838
-92.5674
-92.5509
-92.5343
-92.5176
-92.5007
-92.4837
-92.4666
-92.4493
-92.432
-92.4145
-92.3968
-92.3791
-92.3612
-92.3432
-92.325
-92.3067
-92.2883
-92.2698
-92.2511
-92.2323
-92.2134
-92.1944
-92.1752
-92.1558
-92.1364
-92.1168
-92.0971
-92.0772
-92.0572
-92.0371
-92.0168
-91.9964
-91.9759
-91.9552
-91.9344
-91.9134
-91.8923
-91.8711
-91.8497
-91.8282
-91.8065
-91.7847
-91.7628
-91.7407
-91.7185
-91.6961
-91.6736
-91.6509
-91.6281
-91.6052
-91.5821
-91.5588
-91.5354
-91.5119
-91.4882
-91.4643
-91.4403
-91.4162
-91.3919
-91.3674
-91.3428
-91.318
-91.2931
-91.268
-91.2428
-91.2174
-91.1918
-91.1661
-91.1403
-91.1142
-91.088
-91.0617
-91.0352
-91.0085
-90.9816
-90.9546
-90.9274
-90.9001
-90.8726
-90.8449
-90.817
-90.789
-90.7608
-90.7324
-90.7039
-90.6752
-90.6463
-90.6172
-90.5879
-90.5585
-90.5289
-90.4991
-90.4691
-90.439
-90.4086
-90.3781
-90.3474
-90.3165
-90.2854
-90.2541
-90.2227
-90.191
-90.1591
-90.1271
-90.0948
-90.0624
-90.0298
-89.9969
-89.9639
-89.9306
-89.8972
-89.8635
-89.8297
-89.7956
-89.7613
-89.7268
-89.6921
-89.6572
-89.6221
-89.5867
-89.5512
-89.5154
-89.4794
-89.4431
-89.4067
-89.37
-89.3331
-89.2959
-89.2585
-89.2209
-89.1831
-89.145
-89.1067
-89.0681
-89.0293
-88.9902
-88.9509
-88.9113
-88.8715
-88.8315
-88.7911
-88.7505
-88.7097
-88.6686
-88.6272
-88.5856
-88.5436
-88.5014
-88.459
-88.4162
-88.3732
-88.3298
-88.2862
-88.2423
-88.1981
-88.1536
-88.1088
-88.0637
-88.0183
-87.9726
-87.9265
-87.8802
-87.8335
-87.7865
-87.7391
-87.6915
-87.6435
-87.5951
-87.5464
-87.4974
-87.448
-87.3982
-87.3481
-87.2976
-87.2467
-87.1955
-87.1438
-87.0918
-87.0394
-86.9866
-86.9334
-86.8797
-86.8257
-86.7712
-86.7163
-86.6609
-86.6051
-86.5489
-86.4922
-86.435
-86.3774
-86.3193
-86.2606
-86.2015
-86.1419
-86.0818
-86.0211
-85.9599
-85.8982
-85.8359
-85.773
-85.7096
-85.6456
-85.581
-85.5157
-85.4499
-85.3834
-85.3163
-85.2485
-85.18
-85.1108
-85.0409
-84.9703
-84.899
-84.8269
-84.754
-84.6804
-84.6059
-84.5306
-84.4544
-84.3773
-84.2994
-84.2205
-84.1407
-84.0599
-83.9781
-83.8953
-83.8114
-83.7264
-83.6403
-83.5531
-83.4646
-83.3749
-83.284
-83.1917
-83.098
-83.003
-82.9065
-82.8085
-82.7089
-82.6077
-82.5048
-82.4001
-82.2936
-82.1853
-82.0749
-81.9625
-81.8479
-81.7311
-81.612
-81.4903
-81.3661
-81.2392
-81.1094
-80.9766
-80.8406
-80.7013
-80.5584
-80.4118
-80.2612
-80.1063
-79.947
-79.7828
-79.6135
-79.4386
-79.2577
-79.0705
-78.8762
-78.6744
-78.4643
-78.2453
-78.0163
-77.7764
-77.5243
-77.2586
-76.9777
-76.6796
-76.3618
-76.0213
-75.6546
-75.2568
-74.822
-74.3424
-73.8071
-73.2013
-72.5032
-71.6797
-70.677
-69.3993
-67.6546
-64.9811
-59.8739
-43.8071
32.1301
49.6257
46.4278
34.9602
14.6149
-1.98347
-13.3585
-24.1442
-34.4017
-51.5176
-86.2477
-94.3709
-94.8363
-94.8443
-94.7647
-94.6344
-94.4704
-94.2919
-94.1164
-93.9558
-93.8158
-93.6975
-93.5999
-93.5208
-93.4574
-93.4074
-93.3686
-93.339
-93.317
-93.3013
-93.2908
-93.2845
-93.2816
-93.2816
-93.2839
-93.288
-93.2935
-93.3003
-93.3079
-93.3162
-93.3251
-93.3343
-93.3438
-93.3534
-93.3631
-93.3728
-93.3824
-93.3919
-93.4012
-93.4104
-93.4193
-93.428
-93.4365
-93.4447
-93.4526
-93.4602
-93.4675
-93.4745
-93.4812
-93.4876
-93.4937
-93.4995
-93.505
-93.5102
-93.5151
-93.5197
-93.524
-93.528
-93.5317
-93.5351
-93.5382
-93.5411
-93.5437
-93.546
-93.548
-93.5497
-93.5512
-93.5525
-93.5535
-93.5542
-93.5547
-93.5549
-93.5549
-93.5547
-93.5542
-93.5535
-93.5525
-93.5514
-93.55
-93.5484
-93.5466
-93.5446
-93.5423
-93.5399
-93.5372
-93.5344
-93.5314
-93.5281
-93.5247
-93.5211
-93.5172
-93.5133
-93.5091
-93.5047
-93.5002
-93.4954
-93.4906
-93.4855
-93.4803
-93.4748
-93.4693
-93.4635
-93.4576
-93.4516
-93.4453
-93.439
-93.4324
-93.4257
-93.4189
-93.4119
-93.4047
-93.3974
-93.39
-93.3824
-93.3746
-93.3667
-93.3587
-93.3505
-93.3422
-93.3337
-93.3251
-93.3164
-93.3075
-93.2985
-93.2894
-93.2801
-93.2707
-93.2611
-93.2515
-93.2416
-93.2317
-93.2216
-93.2114
-93.2011
-93.1906
-93.18
-93.1693
-93.1584
-93.1475
-93.1364
-93.1251
-93.1138
-93.1023
-93.0907
-93.079
-93.0671
-93.0551
-93.043
-93.0308
-93.0185
-93.006
-92.9934
-92.9807
-92.9679
-92.9549
-92.9418
-92.9286
-92.9153
-92.9019
-92.8883
-92.8746
-92.8608
-92.8469
-92.8328
-92.8186
-92.8044
-92.7899
-92.7754
-92.7608
-92.746
-92.7311
-92.7161
-92.7009
-92.6856
-92.6703
-92.6547
-92.6391
-92.6234
-92.6075
-92.5915
-92.5754
-92.5591
-92.5428
-92.5263
-92.5097
-92.4929
-92.4761
-92.4591
-92.442
-92.4247
-92.4074
-92.3899
-92.3723
-92.3546
-92.3367
-92.3187
-92.3006
-92.2824
-92.264
-92.2455
-92.2269
-92.2081
-92.1892
-92.1702
-92.1511
-92.1318
-92.1124
-92.0929
-92.0732
-92.0534
-92.0335
-92.0134
-91.9932
-91.9729
-91.9525
-91.9319
-91.9111
-91.8903
-91.8693
-91.8481
-91.8269
-91.8055
-91.7839
-91.7622
-91.7404
-91.7184
-91.6963
-91.6741
-91.6517
-91.6292
-91.6065
-91.5837
-91.5608
-91.5377
-91.5144
-91.4911
-91.4675
-91.4439
-91.42
-91.3961
-91.3719
-91.3477
-91.3233
-91.2987
-91.274
-91.2491
-91.2241
-91.1989
-91.1736
-91.1481
-91.1225
-91.0967
-91.0708
-91.0447
-91.0184
-90.992
-90.9654
-90.9387
-90.9118
-90.8848
-90.8575
-90.8302
-90.8026
-90.7749
-90.747
-90.719
-90.6908
-90.6624
-90.6339
-90.6051
-90.5763
-90.5472
-90.518
-90.4886
-90.459
-90.4292
-90.3993
-90.3692
-90.3389
-90.3084
-90.2778
-90.247
-90.216
-90.1848
-90.1534
-90.1218
-90.0901
-90.0581
-90.026
-89.9937
-89.9611
-89.9284
-89.8955
-89.8624
-89.8291
-89.7956
-89.762
-89.7281
-89.694
-89.6597
-89.6252
-89.5904
-89.5555
-89.5204
-89.485
-89.4495
-89.4137
-89.3777
-89.3415
-89.3051
-89.2685
-89.2316
-89.1945
-89.1572
-89.1197
-89.0819
-89.0439
-89.0057
-88.9672
-88.9285
-88.8895
-88.8503
-88.8109
-88.7712
-88.7313
-88.6911
-88.6507
-88.61
-88.5691
-88.5279
-88.4864
-88.4447
-88.4027
-88.3604
-88.3179
-88.2751
-88.232
-88.1886
-88.145
-88.101
-88.0568
-88.0123
-87.9674
-87.9223
-87.8769
-87.8312
-87.7852
-87.7388
-87.6921
-87.6452
-87.5979
-87.5502
-87.5022
-87.4539
-87.4053
-87.3563
-87.307
-87.2573
-87.2072
-87.1568
-87.106
-87.0549
-87.0033
-86.9514
-86.8991
-86.8464
-86.7933
-86.7398
-86.6859
-86.6316
-86.5768
-86.5216
-86.466
-86.4099
-86.3533
-86.2963
-86.2389
-86.181
-86.1225
-86.0636
-86.0042
-85.9443
-85.8838
-85.8228
-85.7613
-85.6993
-85.6366
-85.5734
-85.5097
-85.4453
-85.3803
-85.3147
-85.2485
-85.1816
-85.1141
-85.0459
-84.977
-84.9074
-84.8371
-84.766
-84.6942
-84.6216
-84.5483
-84.4741
-84.3991
-84.3232
-84.2465
-84.1688
-84.0903
-84.0108
-83.9303
-83.8488
-83.7663
-83.6827
-83.598
-83.5122
-83.4252
-83.3371
-83.2477
-83.157
-83.065
-82.9716
-82.8768
-82.7805
-82.6828
-82.5834
-82.4824
-82.3797
-82.2752
-82.1689
-82.0607
-81.9505
-81.8382
-81.7237
-81.6069
-81.4878
-81.3661
-81.2418
-81.1148
-80.9848
-80.8518
-80.7156
-80.5759
-80.4327
-80.2856
-80.1344
-79.9789
-79.8187
-79.6536
-79.4832
-79.3071
-79.1249
-78.936
-78.74
-78.5361
-78.3236
-78.1017
-77.8696
-77.626
-77.3696
-77.0991
-76.8124
-76.5076
-76.1819
-75.832
-75.454
-75.0424
-74.5908
-74.0899
-73.5275
-72.8859
-72.1393
-71.2468
-70.1395
-68.6894
-66.6202
-63.1862
-55.3975
-20.4154
47.5567
49.3873
44.9214
31.1711
10.0522
-4.74351
-15.7159
-26.6794
-36.2466
-56.0488
-90.1138
-94.6229
-94.8643
-94.8315
-94.7284
-94.5778
-94.3978
-94.2097
-94.0308
-93.8713
-93.7349
-93.6217
-93.5295
-93.4557
-93.3973
-93.3519
-93.3173
-93.2914
-93.2728
-93.2602
-93.2524
-93.2486
-93.248
-93.2501
-93.2543
-93.2601
-93.2673
-93.2756
-93.2847
-93.2944
-93.3045
-93.315
-93.3256
-93.3363
-93.3471
-93.3577
-93.3683
-93.3787
-93.389
-93.399
-93.4088
-93.4183
-93.4275
-93.4364
-93.4451
-93.4534
-93.4614
-93.4691
-93.4765
-93.4836
-93.4903
-93.4968
-93.5029
-93.5087
-93.5142
-93.5193
-93.5242
-93.5287
-93.533
-93.5369
-93.5406
-93.544
-93.5471
-93.5499
-93.5524
-93.5546
-93.5566
-93.5583
-93.5598
-93.561
-93.5619
-93.5626
-93.563
-93.5632
-93.5632
-93.5629
-93.5624
-93.5616
-93.5607
-93.5595
-93.5581
-93.5564
-93.5546
-93.5525
-93.5503
-93.5478
-93.5452
-93.5423
-93.5392
-93.536
-93.5325
-93.5289
-93.5251
-93.5211
-93.5169
-93.5125
-93.508
-93.5033
-93.4984
-93.4933
-93.4881
-93.4827
-93.4771
-93.4714
-93.4655
-93.4595
-93.4533
-93.4469
-93.4404
-93.4337
-93.4269
-93.42
-93.4128
-93.4056
-93.3982
-93.3906
-93.3829
-93.3751
-93.3671
-93.3589
-93.3507
-93.3423
-93.3337
-93.3251
-93.3162
-93.3073
-93.2982
-93.289
-93.2797
-93.2702
-93.2606
-93.2508
-93.241
-93.231
-93.2209
-93.2106
-93.2002
-93.1897
-93.1791
-93.1683
-93.1575
-93.1465
-93.1353
-93.1241
-93.1127
-93.1012
-93.0896
-93.0779
-93.066
-93.0541
-93.042
-93.0297
-93.0174
-93.0049
-92.9924
-92.9797
-92.9669
-92.9539
-92.9409
-92.9277
-92.9144
-92.901
-92.8875
-92.8738
-92.86
-92.8462
-92.8322
-92.818
-92.8038
-92.7895
-92.775
-92.7604
-92.7457
-92.7309
-92.7159
-92.7008
-92.6857
-92.6704
-92.6549
-92.6394
-92.6237
-92.608
-92.5921
-92.576
-92.5599
-92.5437
-92.5273
-92.5108
-92.4942
-92.4774
-92.4606
-92.4436
-92.4265
-92.4093
-92.3919
-92.3745
-92.3569
-92.3392
-92.3214
-92.3034
-92.2853
-92.2671
-92.2488
-92.2304
-92.2118
-92.1931
-92.1743
-92.1553
-92.1362
-92.117
-92.0977
-92.0783
-92.0587
-92.039
-92.0191
-91.9992
-91.9791
-91.9589
-91.9385
-91.918
-91.8974
-91.8767
-91.8558
-91.8348
-91.8137
-91.7924
-91.771
-91.7494
-91.7278
-91.706
-91.684
-91.6619
-91.6397
-91.6174
-91.5949
-91.5723
-91.5495
-91.5266
-91.5036
-91.4804
-91.4571
-91.4336
-91.41
-91.3863
-91.3624
-91.3383
-91.3142
-91.2899
-91.2654
-91.2408
-91.216
-91.1911
-91.1661
-91.1409
-91.1156
-91.0901
-91.0644
-91.0386
-91.0127
-90.9866
-90.9603
-90.9339
-90.9074
-90.8807
-90.8538
-90.8268
-90.7996
-90.7723
-90.7448
-90.7171
-90.6893
-90.6613
-90.6332
-90.6049
-90.5764
-90.5478
-90.519
-90.49
-90.4609
-90.4316
-90.4021
-90.3725
-90.3427
-90.3127
-90.2826
-90.2523
-90.2218
-90.1911
-90.1603
-90.1292
-90.098
-90.0667
-90.0351
-90.0034
-89.9714
-89.9393
-89.907
-89.8746
-89.8419
-89.809
-89.776
-89.7428
-89.7093
-89.6757
-89.6419
-89.6079
-89.5737
-89.5393
-89.5047
-89.4699
-89.4349
-89.3996
-89.3642
-89.3286
-89.2928
-89.2567
-89.2205
-89.184
-89.1473
-89.1104
-89.0733
-89.0359
-88.9984
-88.9606
-88.9226
-88.8843
-88.8459
-88.8072
-88.7682
-88.7291
-88.6897
-88.65
-88.6101
-88.57
-88.5296
-88.489
-88.4481
-88.407
-88.3656
-88.324
-88.2821
-88.2399
-88.1975
-88.1548
-88.1118
-88.0686
-88.0251
-87.9813
-87.9372
-87.8928
-87.8482
-87.8032
-87.758
-87.7125
-87.6666
-87.6205
-87.574
-87.5273
-87.4802
-87.4328
-87.3851
-87.337
-87.2886
-87.2399
-87.1908
-87.1414
-87.0917
-87.0416
-86.9911
-86.9402
-86.889
-86.8374
-86.7855
-86.7331
-86.6804
-86.6273
-86.5737
-86.5198
-86.4654
-86.4106
-86.3554
-86.2997
-86.2436
-86.1871
-86.1301
-86.0726
-86.0146
-85.9562
-85.8973
-85.8378
-85.7779
-85.7175
-85.6565
-85.5949
-85.5329
-85.4702
-85.407
-85.3433
-85.2789
-85.2139
-85.1483
-85.082
-85.0151
-84.9476
-84.8794
-84.8104
-84.7408
-84.6705
-84.5994
-84.5275
-84.4549
-84.3814
-84.3072
-84.2321
-84.1561
-84.0793
-84.0015
-83.9229
-83.8432
-83.7626
-83.6809
-83.5982
-83.5145
-83.4296
-83.3435
-83.2563
-83.1679
-83.0781
-82.9871
-82.8948
-82.801
-82.7058
-82.6091
-82.5108
-82.4109
-82.3093
-82.206
-82.1008
-81.9938
-81.8848
-81.7737
-81.6604
-81.5449
-81.4271
-81.3067
-81.1838
-81.0581
-80.9296
-80.798
-80.6632
-80.5251
-80.3833
-80.2378
-80.0882
-79.9343
-79.7759
-79.6125
-79.4439
-79.2697
-79.0893
-78.9024
-78.7084
-78.5066
-78.2963
-78.0768
-77.847
-77.6059
-77.3522
-77.0845
-76.8009
-76.4992
-76.177
-75.831
-75.4571
-75.0503
-74.604
-74.1093
-73.5543
-72.9219
-72.1869
-71.3102
-70.2258
-68.8126
-66.8125
-63.5447
-56.3899
-26.1956
42.8791
49.3856
45.0804
31.668
10.7163
-4.28459
-15.3006
-26.2319
-35.7932
-54.949
-89.4669
-94.5918
-94.8613
-94.8317
-94.7291
-94.5769
-94.3929
-94.1988
-94.0127
-93.8457
-93.7024
-93.583
-93.4855
-93.4073
-93.3454
-93.2972
-93.2603
-93.2329
-93.2131
-93.1997
-93.1915
-93.1875
-93.1869
-93.1892
-93.1937
-93.2001
-93.2079
-93.2168
-93.2266
-93.2371
-93.248
-93.2593
-93.2708
-93.2824
-93.294
-93.3056
-93.3171
-93.3284
-93.3396
-93.3505
-93.3612
-93.3716
-93.3817
-93.3915
-93.401
-93.4101
-93.419
-93.4275
-93.4357
-93.4435
-93.451
-93.4582
-93.4651
-93.4716
-93.4778
-93.4837
-93.4892
-93.4944
-93.4993
-93.5039
-93.5082
-93.5122
-93.5159
-93.5193
-93.5224
-93.5252
-93.5278
-93.53
-93.532
-93.5337
-93.5352
-93.5364
-93.5373
-93.538
-93.5384
-93.5386
-93.5385
-93.5382
-93.5377
-93.5369
-93.5359
-93.5347
-93.5333
-93.5316
-93.5297
-93.5276
-93.5253
-93.5228
-93.5201
-93.5172
-93.5141
-93.5108
-93.5073
-93.5037
-93.4998
-93.4957
-93.4915
-93.4871
-93.4825
-93.4777
-93.4728
-93.4676
-93.4624
-93.4569
-93.4513
-93.4455
-93.4396
-93.4335
-93.4272
-93.4208
-93.4142
-93.4075
-93.4006
-93.3935
-93.3864
-93.379
-93.3715
-93.3639
-93.3561
-93.3482
-93.3402
-93.332
-93.3237
-93.3152
-93.3066
-93.2978
-93.2889
-93.2799
-93.2708
-93.2615
-93.2521
-93.2425
-93.2329
-93.2231
-93.2131
-93.2031
-93.1929
-93.1826
-93.1721
-93.1615
-93.1509
-93.14
-93.1291
-93.118
-93.1068
-93.0955
-93.0841
-93.0725
-93.0609
-93.0491
-93.0372
-93.0251
-93.013
-93.0007
-92.9883
-92.9758
-92.9632
-92.9504
-92.9375
-92.9246
-92.9114
-92.8982
-92.8849
-92.8714
-92.8579
-92.8442
-92.8304
-92.8164
-92.8024
-92.7882
-92.774
-92.7596
-92.7451
-92.7304
-92.7157
-92.7008
-92.6858
-92.6708
-92.6555
-92.6402
-92.6248
-92.6092
-92.5935
-92.5777
-92.5618
-92.5458
-92.5297
-92.5134
-92.497
-92.4805
-92.4639
-92.4471
-92.4303
-92.4133
-92.3962
-92.379
-92.3617
-92.3442
-92.3266
-92.309
-92.2912
-92.2732
-92.2552
-92.237
-92.2187
-92.2003
-92.1817
-92.1631
-92.1443
-92.1254
-92.1064
-92.0872
-92.0679
-92.0486
-92.029
-92.0094
-91.9896
-91.9697
-91.9497
-91.9295
-91.9093
-91.8889
-91.8683
-91.8477
-91.8269
-91.806
-91.785
-91.7638
-91.7425
-91.7211
-91.6995
-91.6778
-91.656
-91.634
-91.6119
-91.5897
-91.5674
-91.5449
-91.5223
-91.4995
-91.4766
-91.4536
-91.4305
-91.4072
-91.3837
-91.3602
-91.3365
-91.3126
-91.2887
-91.2645
-91.2403
-91.2159
-91.1913
-91.1666
-91.1418
-91.1168
-91.0917
-91.0665
-91.0411
-91.0155
-90.9898
-90.964
-90.938
-90.9119
-90.8856
-90.8592
-90.8326
-90.8059
-90.779
-90.752
-90.7248
-90.6974
-90.6699
-90.6423
-90.6145
-90.5865
-90.5584
-90.5302
-90.5017
-90.4731
-90.4444
-90.4155
-90.3864
-90.3572
-90.3278
-90.2982
-90.2685
-90.2386
-90.2086
-90.1783
-90.1479
-90.1174
-90.0867
-90.0558
-90.0247
-89.9934
-89.962
-89.9304
-89.8986
-89.8667
-89.8346
-89.8023
-89.7698
-89.7371
-89.7042
-89.6712
-89.638
-89.6046
-89.571
-89.5372
-89.5032
-89.4691
-89.4347
-89.4001
-89.3654
-89.3305
-89.2953
-89.26
-89.2244
-89.1887
-89.1527
-89.1166
-89.0802
-89.0437
-89.0069
-88.9699
-88.9327
-88.8953
-88.8576
-88.8198
-88.7817
-88.7434
-88.7049
-88.6662
-88.6272
-88.588
-88.5486
-88.5089
-88.469
-88.4288
-88.3885
-88.3478
-88.307
-88.2659
-88.2245
-88.1829
-88.141
-88.0989
-88.0565
-88.0138
-87.9709
-87.9278
-87.8843
-87.8406
-87.7966
-87.7523
-87.7077
-87.6629
-87.6177
-87.5723
-87.5266
-87.4806
-87.4342
-87.3876
-87.3407
-87.2934
-87.2458
-87.1979
-87.1497
-87.1012
-87.0523
-87.003
-86.9535
-86.9035
-86.8533
-86.8026
-86.7516
-86.7003
-86.6485
-86.5964
-86.5439
-86.491
-86.4377
-86.384
-86.3299
-86.2754
-86.2205
-86.1651
-86.1093
-86.053
-85.9963
-85.9392
-85.8815
-85.8234
-85.7648
-85.7057
-85.6461
-85.586
-85.5254
-85.4642
-85.4025
-85.3402
-85.2774
-85.214
-85.15
-85.0854
-85.0202
-84.9544
-84.8879
-84.8208
-84.753
-84.6845
-84.6153
-84.5453
-84.4747
-84.4033
-84.3311
-84.2581
-84.1843
-84.1097
-84.0342
-83.9579
-83.8806
-83.8024
-83.7232
-83.6431
-83.5619
-83.4797
-83.3964
-83.312
-83.2265
-83.1398
-83.0518
-82.9626
-82.8721
-82.7802
-82.6869
-82.5922
-82.496
-82.3982
-82.2987
-82.1976
-82.0948
-81.9901
-81.8835
-81.7749
-81.6642
-81.5514
-81.4363
-81.3188
-81.1988
-81.0761
-80.9508
-80.8225
-80.6911
-80.5566
-80.4186
-80.2769
-80.1315
-79.9819
-79.828
-79.6694
-79.5058
-79.3369
-79.1622
-78.9813
-78.7937
-78.5988
-78.396
-78.1845
-77.9635
-77.7319
-77.4888
-77.2326
-76.9619
-76.6747
-76.3688
-76.0415
-75.6892
-75.3077
-74.8916
-74.4335
-73.9239
-73.3495
-72.6912
-71.9203
-70.9915
-69.8263
-68.2747
-66.0001
-62.0265
-51.9055
0.0247051
49.8217
49.2712
43.8942
28.4164
6.89357
-6.91664
-17.6924
-28.7432
-39.7664
-64.6037
-92.6834
-94.731
-94.8539
-94.7979
-94.6761
-94.5093
-94.3179
-94.1237
-93.9426
-93.7834
-93.6487
-93.5377
-93.4481
-93.3769
-93.3211
-93.2783
-93.2461
-93.2227
-93.2065
-93.1961
-93.1906
-93.1889
-93.1905
-93.1945
-93.2007
-93.2084
-93.2175
-93.2275
-93.2383
-93.2496
-93.2614
-93.2734
-93.2855
-93.2977
-93.3099
-93.3219
-93.3339
-93.3456
-93.3571
-93.3684
-93.3794
-93.3901
-93.4005
-93.4106
-93.4203
-93.4297
-93.4388
-93.4475
-93.456
-93.464
-93.4717
-93.4791
-93.4862
-93.4929
-93.4993
-93.5053
-93.511
-93.5164
-93.5215
-93.5263
-93.5308
-93.5349
-93.5388
-93.5424
-93.5456
-93.5486
-93.5513
-93.5537
-93.5559
-93.5578
-93.5594
-93.5608
-93.5618
-93.5627
-93.5633
-93.5636
-93.5637
-93.5636
-93.5632
-93.5626
-93.5618
-93.5608
-93.5595
-93.558
-93.5563
-93.5544
-93.5523
-93.55
-93.5474
-93.5447
-93.5418
-93.5387
-93.5354
-93.5319
-93.5282
-93.5243
-93.5203
-93.516
-93.5116
-93.507
-93.5023
-93.4974
-93.4923
-93.487
-93.4816
-93.476
-93.4703
-93.4644
-93.4583
-93.4521
-93.4457
-93.4392
-93.4325
-93.4257
-93.4187
-93.4116
-93.4044
-93.397
-93.3894
-93.3817
-93.3739
-93.3659
-93.3578
-93.3496
-93.3412
-93.3327
-93.3241
-93.3153
-93.3064
-93.2974
-93.2882
-93.2789
-93.2695
-93.2599
-93.2502
-93.2404
-93.2305
-93.2205
-93.2103
-93.2
-93.1896
-93.179
-93.1684
-93.1576
-93.1467
-93.1356
-93.1245
-93.1132
-93.1019
-93.0904
-93.0787
-93.067
-93.0552
-93.0432
-93.0311
-93.0189
-93.0066
-92.9942
-92.9816
-92.969
-92.9562
-92.9433
-92.9303
-92.9172
-92.9039
-92.8906
-92.8771
-92.8635
-92.8499
-92.8361
-92.8221
-92.8081
-92.794
-92.7797
-92.7654
-92.7509
-92.7363
-92.7216
-92.7068
-92.6918
-92.6768
-92.6616
-92.6463
-92.631
-92.6155
-92.5998
-92.5841
-92.5683
-92.5523
-92.5363
-92.5201
-92.5038
-92.4874
-92.4709
-92.4542
-92.4375
-92.4206
-92.4036
-92.3865
-92.3693
-92.352
-92.3345
-92.317
-92.2993
-92.2815
-92.2636
-92.2456
-92.2274
-92.2092
-92.1908
-92.1723
-92.1537
-92.1349
-92.1161
-92.0971
-92.078
-92.0588
-92.0395
-92.02
-92.0005
-91.9808
-91.961
-91.941
-91.921
-91.9008
-91.8805
-91.8601
-91.8395
-91.8189
-91.7981
-91.7772
-91.7561
-91.7349
-91.7137
-91.6922
-91.6707
-91.649
-91.6272
-91.6053
-91.5833
-91.5611
-91.5388
-91.5163
-91.4938
-91.4711
-91.4482
-91.4253
-91.4022
-91.379
-91.3556
-91.3322
-91.3085
-91.2848
-91.2609
-91.2369
-91.2127
-91.1884
-91.164
-91.1395
-91.1148
-91.0899
-91.065
-91.0398
-91.0146
-90.9892
-90.9637
-90.938
-90.9122
-90.8862
-90.8601
-90.8339
-90.8075
-90.781
-90.7543
-90.7275
-90.7005
-90.6734
-90.6462
-90.6187
-90.5912
-90.5635
-90.5356
-90.5076
-90.4795
-90.4512
-90.4227
-90.3941
-90.3653
-90.3364
-90.3073
-90.2781
-90.2487
-90.2191
-90.1894
-90.1595
-90.1295
-90.0993
-90.0689
-90.0384
-90.0077
-89.9768
-89.9458
-89.9146
-89.8833
-89.8518
-89.8201
-89.7882
-89.7562
-89.7239
-89.6916
-89.659
-89.6263
-89.5934
-89.5603
-89.527
-89.4935
-89.4599
-89.4261
-89.3921
-89.3579
-89.3235
-89.289
-89.2542
-89.2193
-89.1841
-89.1488
-89.1133
-89.0776
-89.0417
-89.0056
-88.9692
-88.9327
-88.896
-88.8591
-88.822
-88.7846
-88.7471
-88.7093
-88.6713
-88.6332
-88.5947
-88.5561
-88.5173
-88.4782
-88.4389
-88.3994
-88.3596
-88.3197
-88.2794
-88.239
-88.1983
-88.1574
-88.1162
-88.0748
-88.0332
-87.9912
-87.9491
-87.9067
-87.864
-87.8211
-87.7779
-87.7344
-87.6907
-87.6467
-87.6024
-87.5579
-87.5131
-87.4679
-87.4225
-87.3769
-87.3309
-87.2846
-87.238
-87.1911
-87.1439
-87.0964
-87.0486
-87.0004
-86.952
-86.9032
-86.854
-86.8045
-86.7547
-86.7046
-86.654
-86.6032
-86.5519
-86.5003
-86.4483
-86.3959
-86.3432
-86.29
-86.2365
-86.1825
-86.1282
-86.0734
-86.0182
-85.9625
-85.9065
-85.8499
-85.7929
-85.7355
-85.6776
-85.6191
-85.5602
-85.5008
-85.4409
-85.3805
-85.3195
-85.258
-85.196
-85.1334
-85.0702
-85.0064
-84.942
-84.8771
-84.8114
-84.7452
-84.6783
-84.6107
-84.5424
-84.4734
-84.4038
-84.3333
-84.2621
-84.1902
-84.1174
-84.0438
-83.9694
-83.8941
-83.818
-83.7409
-83.6629
-83.5839
-83.504
-83.423
-83.3409
-83.2578
-83.1736
-83.0882
-83.0016
-82.9137
-82.8246
-82.7342
-82.6424
-82.5491
-82.4544
-82.3582
-82.2604
-82.1609
-82.0598
-81.9568
-81.852
-81.7452
-81.6364
-81.5255
-81.4123
-81.2969
-81.179
-81.0585
-80.9354
-80.8094
-80.6804
-80.5483
-80.4128
-80.2739
-80.1312
-79.9845
-79.8335
-79.6781
-79.5178
-79.3523
-79.1812
-79.0042
-78.8206
-78.6301
-78.4318
-78.2252
-78.0095
-77.7836
-77.5466
-77.2972
-77.0338
-76.7548
-76.4581
-76.141
-75.8005
-75.4326
-75.0322
-74.593
-74.1063
-73.5605
-72.9389
-72.2171
-71.3574
-70.2966
-68.9192
-66.9826
-63.8581
-57.207
-30.6458
42.7662
49.3842
45.0998
31.7919
10.9452
-4.10766
-15.1348
-26.0485
-35.6752
-54.6479
-89.2442
-94.5746
-94.8565
-94.8285
-94.7249
-94.5697
-94.3808
-94.1802
-93.9868
-93.8124
-93.6622
-93.5367
-93.4341
-93.3517
-93.2866
-93.2359
-93.1972
-93.1684
-93.1479
-93.134
-93.1257
-93.1218
-93.1217
-93.1245
-93.1297
-93.1368
-93.1455
-93.1554
-93.1662
-93.1777
-93.1897
-93.2021
-93.2147
-93.2274
-93.2402
-93.2529
-93.2655
-93.278
-93.2902
-93.3023
-93.314
-93.3255
-93.3367
-93.3475
-93.358
-93.3682
-93.3781
-93.3876
-93.3967
-93.4055
-93.414
-93.422
-93.4298
-93.4372
-93.4443
-93.451
-93.4574
-93.4634
-93.4691
-93.4745
-93.4796
-93.4843
-93.4888
-93.4929
-93.4967
-93.5002
-93.5035
-93.5064
-93.509
-93.5114
-93.5135
-93.5153
-93.5169
-93.5182
-93.5192
-93.5199
-93.5205
-93.5207
-93.5207
-93.5205
-93.5201
-93.5194
-93.5185
-93.5173
-93.5159
-93.5143
-93.5125
-93.5105
-93.5083
-93.5059
-93.5032
-93.5004
-93.4973
-93.4941
-93.4906
-93.487
-93.4832
-93.4792
-93.475
-93.4707
-93.4661
-93.4614
-93.4565
-93.4515
-93.4462
-93.4408
-93.4353
-93.4295
-93.4237
-93.4176
-93.4114
-93.405
-93.3985
-93.3918
-93.385
-93.378
-93.3709
-93.3636
-93.3562
-93.3487
-93.341
-93.3331
-93.3251
-93.317
-93.3087
-93.3003
-93.2918
-93.2831
-93.2743
-93.2654
-93.2563
-93.2471
-93.2378
-93.2283
-93.2187
-93.209
-93.1991
-93.1892
-93.1791
-93.1688
-93.1585
-93.148
-93.1374
-93.1267
-93.1159
-93.1049
-93.0939
-93.0827
-93.0713
-93.0599
-93.0483
-93.0367
-93.0249
-93.013
-93.001
-92.9888
-92.9766
-92.9642
-92.9517
-92.9391
-92.9264
-92.9136
-92.9006
-92.8875
-92.8744
-92.8611
-92.8477
-92.8342
-92.8205
-92.8068
-92.7929
-92.779
-92.7649
-92.7507
-92.7364
-92.722
-92.7075
-92.6928
-92.6781
-92.6632
-92.6482
-92.6331
-92.6179
-92.6026
-92.5872
-92.5716
-92.556
-92.5402
-92.5244
-92.5084
-92.4923
-92.476
-92.4597
-92.4433
-92.4267
-92.4101
-92.3933
-92.3764
-92.3594
-92.3423
-92.325
-92.3077
-92.2902
-92.2727
-92.255
-92.2372
-92.2192
-92.2012
-92.1831
-92.1648
-92.1464
-92.1279
-92.1093
-92.0906
-92.0718
-92.0528
-92.0337
-92.0145
-91.9952
-91.9758
-91.9563
-91.9366
-91.9168
-91.8969
-91.8769
-91.8567
-91.8365
-91.8161
-91.7956
-91.775
-91.7543
-91.7334
-91.7124
-91.6913
-91.6701
-91.6487
-91.6273
-91.6057
-91.584
-91.5621
-91.5402
-91.5181
-91.4959
-91.4735
-91.4511
-91.4285
-91.4058
-91.3829
-91.3599
-91.3368
-91.3136
-91.2903
-91.2668
-91.2432
-91.2194
-91.1956
-91.1715
-91.1474
-91.1231
-91.0988
-91.0742
-91.0496
-91.0248
-90.9998
-90.9748
-90.9496
-90.9242
-90.8988
-90.8732
-90.8474
-90.8215
-90.7955
-90.7694
-90.7431
-90.7166
-90.6901
-90.6633
-90.6365
-90.6095
-90.5823
-90.5551
-90.5276
-90.5
-90.4723
-90.4445
-90.4165
-90.3883
-90.36
-90.3315
-90.3029
-90.2742
-90.2453
-90.2162
-90.187
-90.1577
-90.1282
-90.0985
-90.0687
-90.0387
-90.0086
-89.9783
-89.9478
-89.9172
-89.8864
-89.8555
-89.8244
-89.7932
-89.7618
-89.7302
-89.6984
-89.6665
-89.6345
-89.6022
-89.5698
-89.5372
-89.5045
-89.4715
-89.4384
-89.4052
-89.3717
-89.3381
-89.3043
-89.2703
-89.2361
-89.2018
-89.1673
-89.1326
-89.0977
-89.0626
-89.0273
-88.9919
-88.9562
-88.9204
-88.8843
-88.8481
-88.8117
-88.7751
-88.7382
-88.7012
-88.664
-88.6266
-88.589
-88.5511
-88.5131
-88.4748
-88.4363
-88.3976
-88.3587
-88.3196
-88.2803
-88.2407
-88.2009
-88.1609
-88.1207
-88.0802
-88.0395
-87.9986
-87.9574
-87.916
-87.8743
-87.8324
-87.7903
-87.7479
-87.7052
-87.6623
-87.6192
-87.5757
-87.532
-87.4881
-87.4439
-87.3994
-87.3546
-87.3095
-87.2642
-87.2186
-87.1727
-87.1265
-87.08
-87.0332
-86.9861
-86.9386
-86.8909
-86.8429
-86.7945
-86.7458
-86.6968
-86.6474
-86.5978
-86.5477
-86.4973
-86.4466
-86.3955
-86.344
-86.2922
-86.24
-86.1874
-86.1344
-86.081
-86.0272
-85.973
-85.9184
-85.8634
-85.8079
-85.752
-85.6956
-85.6388
-85.5816
-85.5238
-85.4656
-85.4069
-85.3477
-85.288
-85.2278
-85.167
-85.1057
-85.0439
-84.9815
-84.9185
-84.8549
-84.7908
-84.726
-84.6606
-84.5945
-84.5278
-84.4605
-84.3924
-84.3236
-84.2541
-84.1839
-84.1129
-84.0411
-83.9685
-83.8951
-83.8209
-83.7458
-83.6698
-83.5929
-83.515
-83.4362
-83.3564
-83.2755
-83.1936
-83.1105
-83.0264
-82.941
-82.8545
-82.7667
-82.6776
-82.5871
-82.4953
-82.402
-82.3073
-82.2109
-82.113
-82.0134
-81.912
-81.8088
-81.7037
-81.5966
-81.4874
-81.3761
-81.2625
-81.1465
-81.028
-80.9069
-80.783
-80.6562
-80.5263
-80.3931
-80.2565
-80.1163
-79.9721
-79.8239
-79.6712
-79.5138
-79.3514
-79.1835
-79.0098
-78.8298
-78.643
-78.4487
-78.2464
-78.0352
-77.8142
-77.5825
-77.3388
-77.0818
-76.8097
-76.5206
-76.2122
-75.8815
-75.5247
-75.1374
-74.7136
-74.2454
-73.7224
-73.1299
-72.4465
-71.6397
-70.6567
-69.4041
-67.6954
-65.0853
-60.1399
-44.8988
29.3167
49.679
46.758
35.758
15.555
-1.49124
-12.9716
-23.7308
-34.1023
-50.8088
-85.4006
-94.3115
-94.8235
-94.8321
-94.7443
-94.6001
-94.4175
-94.2179
-94.0211
-93.8405
-93.6831
-93.5503
-93.441
-93.3528
-93.2826
-93.2278
-93.1857
-93.1542
-93.1314
-93.1158
-93.1061
-93.1013
-93.1003
-93.1026
-93.1075
-93.1144
-93.123
-93.1329
-93.1438
-93.1555
-93.1678
-93.1804
-93.1934
-93.2064
-93.2196
-93.2327
-93.2457
-93.2585
-93.2712
-93.2837
-93.2958
-93.3077
-93.3193
-93.3306
-93.3416
-93.3522
-93.3624
-93.3723
-93.3819
-93.3911
-93.3999
-93.4084
-93.4165
-93.4243
-93.4317
-93.4388
-93.4456
-93.452
-93.458
-93.4637
-93.4691
-93.4742
-93.479
-93.4834
-93.4876
-93.4914
-93.4949
-93.4981
-93.5011
-93.5037
-93.5061
-93.5082
-93.51
-93.5116
-93.5128
-93.5139
-93.5146
-93.5152
-93.5154
-93.5154
-93.5152
-93.5148
-93.5141
-93.5131
-93.512
-93.5106
-93.509
-93.5072
-93.5052
-93.5029
-93.5005
-93.4979
-93.495
-93.492
-93.4887
-93.4853
-93.4817
-93.4778
-93.4738
-93.4697
-93.4653
-93.4607
-93.456
-93.4511
-93.4461
-93.4408
-93.4354
-93.4299
-93.4241
-93.4183
-93.4122
-93.406
-93.3996
-93.3931
-93.3864
-93.3796
-93.3727
-93.3655
-93.3583
-93.3509
-93.3433
-93.3356
-93.3278
-93.3198
-93.3117
-93.3034
-93.295
-93.2865
-93.2778
-93.269
-93.2601
-93.251
-93.2419
-93.2325
-93.2231
-93.2135
-93.2038
-93.194
-93.184
-93.174
-93.1638
-93.1534
-93.143
-93.1324
-93.1217
-93.1109
-93.1
-93.0889
-93.0778
-93.0665
-93.0551
-93.0436
-93.032
-93.0202
-93.0083
-92.9964
-92.9843
-92.972
-92.9597
-92.9473
-92.9347
-92.9221
-92.9093
-92.8964
-92.8834
-92.8703
-92.857
-92.8437
-92.8302
-92.8167
-92.803
-92.7892
-92.7753
-92.7613
-92.7472
-92.733
-92.7186
-92.7042
-92.6896
-92.675
-92.6602
-92.6453
-92.6303
-92.6152
-92.6
-92.5846
-92.5692
-92.5536
-92.538
-92.5222
-92.5063
-92.4904
-92.4743
-92.458
-92.4417
-92.4253
-92.4087
-92.3921
-92.3753
-92.3585
-92.3415
-92.3244
-92.3072
-92.2899
-92.2724
-92.2549
-92.2373
-92.2195
-92.2016
-92.1836
-92.1655
-92.1473
-92.129
-92.1106
-92.092
-92.0734
-92.0546
-92.0357
-92.0167
-91.9976
-91.9784
-91.959
-91.9396
-91.92
-91.9003
-91.8805
-91.8606
-91.8406
-91.8204
-91.8002
-91.7798
-91.7593
-91.7387
-91.7179
-91.6971
-91.6761
-91.655
-91.6338
-91.6125
-91.5911
-91.5695
-91.5478
-91.526
-91.5041
-91.4821
-91.4599
-91.4376
-91.4152
-91.3927
-91.37
-91.3473
-91.3244
-91.3013
-91.2782
-91.2549
-91.2315
-91.208
-91.1844
-91.1606
-91.1367
-91.1127
-91.0886
-91.0643
-91.0399
-91.0154
-90.9907
-90.9659
-90.941
-90.9159
-90.8908
-90.8655
-90.84
-90.8144
-90.7887
-90.7629
-90.7369
-90.7108
-90.6846
-90.6582
-90.6317
-90.6051
-90.5783
-90.5514
-90.5243
-90.4971
-90.4698
-90.4423
-90.4147
-90.387
-90.3591
-90.3311
-90.3029
-90.2746
-90.2461
-90.2175
-90.1887
-90.1599
-90.1308
-90.1016
-90.0723
-90.0428
-90.0132
-89.9834
-89.9535
-89.9234
-89.8932
-89.8628
-89.8322
-89.8015
-89.7707
-89.7397
-89.7085
-89.6772
-89.6457
-89.6141
-89.5823
-89.5503
-89.5182
-89.4859
-89.4535
-89.4209
-89.3881
-89.3552
-89.3221
-89.2888
-89.2553
-89.2217
-89.1879
-89.1539
-89.1198
-89.0855
-89.051
-89.0163
-88.9815
-88.9464
-88.9112
-88.8758
-88.8403
-88.8045
-88.7685
-88.7324
-88.6961
-88.6595
-88.6228
-88.5859
-88.5488
-88.5115
-88.474
-88.4363
-88.3984
-88.3603
-88.322
-88.2834
-88.2447
-88.2058
-88.1666
-88.1272
-88.0876
-88.0478
-88.0078
-87.9675
-87.9271
-87.8863
-87.8454
-87.8042
-87.7628
-87.7212
-87.6793
-87.6372
-87.5948
-87.5522
-87.5093
-87.4662
-87.4228
-87.3792
-87.3352
-87.2911
-87.2466
-87.2019
-87.157
-87.1117
-87.0662
-87.0203
-86.9742
-86.9278
-86.8811
-86.8341
-86.7868
-86.7392
-86.6913
-86.643
-86.5944
-86.5455
-86.4963
-86.4468
-86.3969
-86.3466
-86.296
-86.2451
-86.1938
-86.1421
-86.09
-86.0376
-85.9848
-85.9316
-85.878
-85.8239
-85.7695
-85.7147
-85.6594
-85.6037
-85.5475
-85.4909
-85.4338
-85.3763
-85.3183
-85.2598
-85.2008
-85.1413
-85.0813
-85.0207
-84.9597
-84.898
-84.8358
-84.7731
-84.7097
-84.6458
-84.5812
-84.516
-84.4501
-84.3836
-84.3165
-84.2486
-84.18
-84.1108
-84.0407
-83.9699
-83.8983
-83.8259
-83.7527
-83.6787
-83.6037
-83.5279
-83.4511
-83.3734
-83.2947
-83.215
-83.1342
-83.0524
-82.9695
-82.8854
-82.8001
-82.7136
-82.6258
-82.5367
-82.4462
-82.3544
-82.261
-82.1662
-82.0697
-81.9716
-81.8718
-81.7702
-81.6668
-81.5614
-81.4539
-81.3444
-81.2326
-81.1184
-81.0019
-80.8827
-80.7609
-80.6361
-80.5084
-80.3775
-80.2433
-80.1054
-79.9638
-79.8181
-79.6682
-79.5136
-79.3541
-79.1894
-79.019
-78.8424
-78.6592
-78.4689
-78.2706
-78.0638
-77.8476
-77.6209
-77.3828
-77.1318
-76.8663
-76.5846
-76.2843
-75.9628
-75.6166
-75.2415
-74.832
-74.381
-73.8789
-73.3127
-72.6634
-71.9028
-70.9862
-69.8364
-68.3064
-66.0671
-62.172
-52.3502
-2.45534
49.7911
49.3293
44.1959
29.071
7.49931
-6.52145
-17.3389
-28.3873
-39.1338
-63.0736
-92.4107
-94.7164
-94.852
-94.7961
-94.6719
-94.5005
-94.3031
-94.102
-93.9143
-93.749
-93.6092
-93.4941
-93.4013
-93.3277
-93.2703
-93.2263
-93.1935
-93.1698
-93.1536
-93.1436
-93.1385
-93.1375
-93.1398
-93.1447
-93.1518
-93.1605
-93.1706
-93.1817
-93.1935
-93.206
-93.2188
-93.2319
-93.2451
-93.2584
-93.2716
-93.2848
-93.2977
-93.3105
-93.3231
-93.3354
-93.3473
-93.359
-93.3704
-93.3814
-93.3921
-93.4024
-93.4124
-93.422
-93.4313
-93.4402
-93.4488
-93.457
-93.4649
-93.4724
-93.4795
-93.4863
-93.4928
-93.499
-93.5048
-93.5103
-93.5155
-93.5203
-93.5249
-93.5291
-93.533
-93.5367
-93.54
-93.5431
-93.5458
-93.5483
-93.5505
-93.5525
-93.5542
-93.5556
-93.5567
-93.5576
-93.5583
-93.5587
-93.5589
-93.5588
-93.5585
-93.558
-93.5572
-93.5562
-93.555
-93.5536
-93.552
-93.5501
-93.5481
-93.5458
-93.5434
-93.5407
-93.5379
-93.5348
-93.5316
-93.5282
-93.5246
-93.5208
-93.5168
-93.5127
-93.5084
-93.5039
-93.4992
-93.4944
-93.4894
-93.4842
-93.4789
-93.4734
-93.4678
-93.462
-93.456
-93.4499
-93.4437
-93.4373
-93.4307
-93.424
-93.4172
-93.4102
-93.4031
-93.3958
-93.3884
-93.3809
-93.3732
-93.3654
-93.3574
-93.3493
-93.3411
-93.3327
-93.3243
-93.3157
-93.3069
-93.2981
-93.2891
-93.28
-93.2707
-93.2614
-93.2519
-93.2423
-93.2326
-93.2227
-93.2128
-93.2027
-93.1925
-93.1822
-93.1717
-93.1612
-93.1505
-93.1397
-93.1288
-93.1178
-93.1067
-93.0955
-93.0841
-93.0726
-93.0611
-93.0494
-93.0376
-93.0257
-93.0137
-93.0015
-92.9893
-92.977
-92.9645
-92.9519
-92.9393
-92.9265
-92.9136
-92.9006
-92.8875
-92.8743
-92.861
-92.8476
-92.834
-92.8204
-92.8066
-92.7928
-92.7788
-92.7648
-92.7506
-92.7363
-92.722
-92.7075
-92.6929
-92.6782
-92.6634
-92.6485
-92.6334
-92.6183
-92.6031
-92.5878
-92.5723
-92.5568
-92.5411
-92.5254
-92.5095
-92.4935
-92.4775
-92.4613
-92.445
-92.4286
-92.4121
-92.3955
-92.3788
-92.362
-92.3451
-92.328
-92.3109
-92.2936
-92.2763
-92.2588
-92.2413
-92.2236
-92.2058
-92.1879
-92.1699
-92.1518
-92.1336
-92.1153
-92.0969
-92.0783
-92.0597
-92.0409
-92.0221
-92.0031
-91.984
-91.9648
-91.9455
-91.9261
-91.9066
-91.8869
-91.8672
-91.8473
-91.8273
-91.8073
-91.7871
-91.7668
-91.7463
-91.7258
-91.7052
-91.6844
-91.6635
-91.6425
-91.6214
-91.6002
-91.5789
-91.5575
-91.5359
-91.5142
-91.4924
-91.4705
-91.4485
-91.4264
-91.4041
-91.3817
-91.3593
-91.3367
-91.3139
-91.2911
-91.2681
-91.245
-91.2218
-91.1985
-91.1751
-91.1515
-91.1278
-91.104
-91.0801
-91.056
-91.0319
-91.0076
-90.9832
-90.9586
-90.934
-90.9092
-90.8842
-90.8592
-90.834
-90.8088
-90.7833
-90.7578
-90.7321
-90.7063
-90.6804
-90.6543
-90.6281
-90.6018
-90.5754
-90.5488
-90.5221
-90.4953
-90.4683
-90.4412
-90.4139
-90.3866
-90.3591
-90.3314
-90.3037
-90.2757
-90.2477
-90.2195
-90.1912
-90.1627
-90.1341
-90.1054
-90.0765
-90.0475
-90.0183
-89.989
-89.9596
-89.93
-89.9003
-89.8704
-89.8404
-89.8102
-89.7799
-89.7494
-89.7188
-89.688
-89.6571
-89.626
-89.5948
-89.5635
-89.5319
-89.5003
-89.4684
-89.4365
-89.4043
-89.372
-89.3396
-89.3069
-89.2742
-89.2412
-89.2081
-89.1748
-89.1414
-89.1078
-89.0741
-89.0401
-89.006
-88.9718
-88.9373
-88.9027
-88.8679
-88.833
-88.7978
-88.7625
-88.727
-88.6914
-88.6555
-88.6195
-88.5832
-88.5468
-88.5102
-88.4735
-88.4365
-88.3993
-88.362
-88.3244
-88.2867
-88.2487
-88.2106
-88.1723
-88.1337
-88.095
-88.056
-88.0168
-87.9774
-87.9379
-87.8981
-87.858
-87.8178
-87.7773
-87.7366
-87.6957
-87.6546
-87.6132
-87.5716
-87.5298
-87.4877
-87.4454
-87.4028
-87.36
-87.317
-87.2736
-87.2301
-87.1863
-87.1422
-87.0978
-87.0532
-87.0084
-86.9632
-86.9178
-86.8721
-86.8261
-86.7798
-86.7332
-86.6863
-86.6392
-86.5917
-86.5439
-86.4958
-86.4474
-86.3987
-86.3496
-86.3002
-86.2505
-86.2004
-86.15
-86.0992
-86.0481
-85.9966
-85.9447
-85.8925
-85.8398
-85.7868
-85.7334
-85.6796
-85.6254
-85.5707
-85.5157
-85.4602
-85.4042
-85.3478
-85.291
-85.2337
-85.1759
-85.1176
-85.0589
-84.9996
-84.9398
-84.8795
-84.8186
-84.7572
-84.6953
-84.6328
-84.5696
-84.5059
-84.4416
-84.3766
-84.311
-84.2447
-84.1778
-84.1102
-84.0418
-83.9727
-83.9029
-83.8323
-83.7609
-83.6888
-83.6157
-83.5419
-83.4671
-83.3914
-83.3148
-83.2373
-83.1587
-83.0792
-82.9985
-82.9168
-82.834
-82.75
-82.6648
-82.5783
-82.4906
-82.4015
-82.311
-82.2191
-82.1257
-82.0308
-81.9342
-81.836
-81.736
-81.6342
-81.5305
-81.4248
-81.317
-81.207
-81.0948
-80.9802
-80.863
-80.7432
-80.6206
-80.4951
-80.3664
-80.2345
-80.0991
-79.96
-79.817
-79.6697
-79.5181
-79.3616
-79.2
-79.0329
-78.8598
-78.6803
-78.4938
-78.2998
-78.0974
-77.8859
-77.6644
-77.4319
-77.1869
-76.9282
-76.6539
-76.3619
-76.0496
-75.714
-75.3511
-74.9558
-74.5218
-74.0404
-73.4999
-72.8837
-72.1675
-71.3132
-70.2575
-68.8844
-66.9498
-63.8189
-57.1149
-30.0651
42.7371
49.3821
45.0844
31.738
10.8644
-4.16595
-15.1882
-26.1069
-35.7125
-54.742
-89.307
-94.5763
-94.8547
-94.8245
-94.7179
-94.5586
-94.3649
-94.1594
-93.9614
-93.783
-93.6295
-93.5014
-93.3968
-93.313
-93.2469
-93.1956
-93.1567
-93.1279
-93.1076
-93.0941
-93.0862
-93.083
-93.0835
-93.087
-93.093
-93.1009
-93.1104
-93.1212
-93.1328
-93.1452
-93.1581
-93.1714
-93.1849
-93.1985
-93.2121
-93.2256
-93.2391
-93.2523
-93.2654
-93.2782
-93.2908
-93.303
-93.3149
-93.3265
-93.3378
-93.3487
-93.3592
-93.3694
-93.3793
-93.3887
-93.3978
-93.4066
-93.415
-93.423
-93.4307
-93.438
-93.445
-93.4516
-93.4579
-93.4638
-93.4695
-93.4748
-93.4797
-93.4844
-93.4887
-93.4928
-93.4965
-93.4999
-93.5031
-93.5059
-93.5085
-93.5108
-93.5128
-93.5145
-93.516
-93.5172
-93.5182
-93.5189
-93.5194
-93.5196
-93.5195
-93.5193
-93.5188
-93.518
-93.5171
-93.5159
-93.5145
-93.5128
-93.511
-93.5089
-93.5067
-93.5042
-93.5016
-93.4987
-93.4956
-93.4924
-93.489
-93.4853
-93.4815
-93.4775
-93.4734
-93.469
-93.4645
-93.4598
-93.4549
-93.4499
-93.4447
-93.4393
-93.4338
-93.4281
-93.4223
-93.4163
-93.4101
-93.4038
-93.3973
-93.3907
-93.384
-93.377
-93.37
-93.3628
-93.3555
-93.348
-93.3404
-93.3326
-93.3247
-93.3167
-93.3085
-93.3003
-93.2918
-93.2833
-93.2746
-93.2658
-93.2568
-93.2478
-93.2386
-93.2293
-93.2198
-93.2103
-93.2006
-93.1908
-93.1808
-93.1708
-93.1606
-93.1503
-93.1399
-93.1294
-93.1188
-93.108
-93.0971
-93.0861
-93.075
-93.0638
-93.0525
-93.0411
-93.0295
-93.0179
-93.0061
-92.9942
-92.9822
-92.9701
-92.9579
-92.9456
-92.9331
-92.9206
-92.908
-92.8952
-92.8823
-92.8694
-92.8563
-92.8431
-92.8298
-92.8164
-92.8029
-92.7893
-92.7756
-92.7618
-92.7478
-92.7338
-92.7196
-92.7054
-92.6911
-92.6766
-92.662
-92.6474
-92.6326
-92.6177
-92.6027
-92.5877
-92.5725
-92.5572
-92.5418
-92.5263
-92.5107
-92.495
-92.4792
-92.4632
-92.4472
-92.4311
-92.4148
-92.3985
-92.3821
-92.3655
-92.3489
-92.3321
-92.3152
-92.2983
-92.2812
-92.264
-92.2468
-92.2294
-92.2119
-92.1943
-92.1766
-92.1588
-92.1409
-92.1228
-92.1047
-92.0865
-92.0681
-92.0497
-92.0312
-92.0125
-91.9937
-91.9749
-91.9559
-91.9368
-91.9176
-91.8983
-91.8789
-91.8594
-91.8397
-91.82
-91.8002
-91.7802
-91.7602
-91.74
-91.7197
-91.6993
-91.6788
-91.6582
-91.6375
-91.6167
-91.5957
-91.5747
-91.5535
-91.5323
-91.5109
-91.4894
-91.4678
-91.446
-91.4242
-91.4023
-91.3802
-91.358
-91.3357
-91.3133
-91.2908
-91.2682
-91.2455
-91.2226
-91.1996
-91.1765
-91.1533
-91.13
-91.1066
-91.083
-91.0593
-91.0355
-91.0116
-90.9876
-90.9634
-90.9392
-90.9148
-90.8903
-90.8657
-90.8409
-90.8161
-90.7911
-90.766
-90.7407
-90.7154
-90.6899
-90.6643
-90.6386
-90.6127
-90.5868
-90.5607
-90.5344
-90.5081
-90.4816
-90.455
-90.4283
-90.4014
-90.3744
-90.3473
-90.3201
-90.2927
-90.2652
-90.2376
-90.2098
-90.1819
-90.1539
-90.1258
-90.0975
-90.0691
-90.0405
-90.0118
-89.983
-89.954
-89.9249
-89.8957
-89.8663
-89.8368
-89.8071
-89.7773
-89.7474
-89.7173
-89.6871
-89.6568
-89.6263
-89.5956
-89.5648
-89.5339
-89.5028
-89.4716
-89.4402
-89.4087
-89.377
-89.3452
-89.3132
-89.2811
-89.2488
-89.2164
-89.1838
-89.151
-89.1181
-89.0851
-89.0519
-89.0185
-88.985
-88.9513
-88.9174
-88.8834
-88.8492
-88.8148
-88.7803
-88.7456
-88.7108
-88.6757
-88.6405
-88.6052
-88.5696
-88.5339
-88.498
-88.4619
-88.4256
-88.3892
-88.3526
-88.3158
-88.2788
-88.2416
-88.2042
-88.1667
-88.1289
-88.091
-88.0528
-88.0145
-87.9759
-87.9372
-87.8983
-87.8591
-87.8198
-87.7802
-87.7404
-87.7004
-87.6602
-87.6198
-87.5792
-87.5383
-87.4973
-87.4559
-87.4144
-87.3726
-87.3306
-87.2884
-87.2459
-87.2032
-87.1602
-87.117
-87.0736
-87.0298
-86.9859
-86.9416
-86.8971
-86.8524
-86.8073
-86.762
-86.7164
-86.6706
-86.6244
-86.578
-86.5313
-86.4842
-86.4369
-86.3893
-86.3413
-86.2931
-86.2445
-86.1956
-86.1464
-86.0968
-86.0469
-85.9966
-85.946
-85.8951
-85.8438
-85.7921
-85.74
-85.6876
-85.6348
-85.5815
-85.5279
-85.4739
-85.4195
-85.3646
-85.3093
-85.2535
-85.1974
-85.1407
-85.0836
-85.026
-84.968
-84.9094
-84.8503
-84.7907
-84.7306
-84.67
-84.6088
-84.547
-84.4847
-84.4217
-84.3582
-84.2941
-84.2293
-84.1639
-84.0978
-84.031
-83.9635
-83.8953
-83.8264
-83.7567
-83.6863
-83.6151
-83.543
-83.4701
-83.3963
-83.3217
-83.2461
-83.1696
-83.0921
-83.0136
-82.9341
-82.8534
-82.7717
-82.6889
-82.6048
-82.5196
-82.433
-82.3452
-82.256
-82.1654
-82.0733
-81.9797
-81.8845
-81.7876
-81.689
-81.5887
-81.4865
-81.3823
-81.276
-81.1676
-81.057
-80.944
-80.8286
-80.7106
-80.5898
-80.4661
-80.3394
-80.2094
-80.0761
-79.9391
-79.7983
-79.6533
-79.504
-79.35
-79.191
-79.0266
-78.8564
-78.6799
-78.4966
-78.3059
-78.107
-77.8994
-77.6819
-77.4538
-77.2136
-76.96
-76.6914
-76.4057
-76.1005
-75.7729
-75.4191
-75.0344
-74.6128
-74.1464
-73.6244
-73.0316
-72.3461
-71.5344
-70.5414
-69.2692
-67.52
-64.8125
-59.5436
-42.2784
34.9372
49.5643
46.0662
34.071
13.5413
-2.59123
-13.8576
-24.6817
-34.7825
-52.4322
-87.2026
-94.4212
-94.833
-94.8275
-94.733
-94.5827
-94.3947
-94.1907
-93.9906
-93.8077
-93.6487
-93.5149
-93.405
-93.3164
-93.2461
-93.1914
-93.1495
-93.1184
-93.096
-93.0809
-93.0718
-93.0675
-93.0672
-93.0702
-93.0757
-93.0833
-93.0926
-93.1032
-93.1148
-93.1272
-93.1402
-93.1535
-93.1671
-93.1809
-93.1947
-93.2084
-93.2221
-93.2356
-93.2489
-93.2619
-93.2747
-93.2872
-93.2994
-93.3113
-93.3228
-93.3339
-93.3447
-93.3552
-93.3653
-93.375
-93.3843
-93.3933
-93.4019
-93.4102
-93.4181
-93.4257
-93.4329
-93.4397
-93.4462
-93.4524
-93.4582
-93.4637
-93.4689
-93.4737
-93.4783
-93.4825
-93.4864
-93.49
-93.4934
-93.4964
-93.4991
-93.5016
-93.5038
-93.5057
-93.5073
-93.5087
-93.5098
-93.5107
-93.5113
-93.5116
-93.5117
-93.5116
-93.5112
-93.5106
-93.5098
-93.5087
-93.5075
-93.506
-93.5042
-93.5023
-93.5002
-93.4978
-93.4953
-93.4925
-93.4896
-93.4865
-93.4831
-93.4796
-93.4759
-93.472
-93.4679
-93.4637
-93.4593
-93.4547
-93.4499
-93.445
-93.4398
-93.4346
-93.4291
-93.4235
-93.4178
-93.4119
-93.4058
-93.3996
-93.3932
-93.3867
-93.38
-93.3732
-93.3662
-93.3591
-93.3518
-93.3445
-93.3369
-93.3293
-93.3214
-93.3135
-93.3054
-93.2972
-93.2889
-93.2804
-93.2718
-93.2631
-93.2542
-93.2452
-93.2361
-93.2269
-93.2175
-93.208
-93.1984
-93.1887
-93.1789
-93.1689
-93.1588
-93.1486
-93.1383
-93.1278
-93.1173
-93.1066
-93.0958
-93.0849
-93.0739
-93.0628
-93.0516
-93.0402
-93.0288
-93.0172
-93.0055
-92.9938
-92.9819
-92.9698
-92.9577
-92.9455
-92.9332
-92.9207
-92.9082
-92.8955
-92.8828
-92.8699
-92.8569
-92.8439
-92.8307
-92.8174
-92.804
-92.7905
-92.7769
-92.7632
-92.7494
-92.7355
-92.7215
-92.7073
-92.6931
-92.6788
-92.6643
-92.6498
-92.6352
-92.6204
-92.6056
-92.5906
-92.5756
-92.5604
-92.5452
-92.5298
-92.5144
-92.4988
-92.4832
-92.4674
-92.4515
-92.4356
-92.4195
-92.4033
-92.387
-92.3707
-92.3542
-92.3376
-92.3209
-92.3041
-92.2872
-92.2702
-92.2531
-92.2359
-92.2186
-92.2012
-92.1837
-92.1661
-92.1484
-92.1306
-92.1127
-92.0947
-92.0765
-92.0583
-92.04
-92.0215
-92.003
-91.9844
-91.9656
-91.9468
-91.9278
-91.9087
-91.8896
-91.8703
-91.8509
-91.8315
-91.8119
-91.7922
-91.7724
-91.7525
-91.7325
-91.7124
-91.6921
-91.6718
-91.6514
-91.6308
-91.6102
-91.5894
-91.5686
-91.5476
-91.5265
-91.5054
-91.4841
-91.4627
-91.4412
-91.4195
-91.3978
-91.376
-91.354
-91.332
-91.3098
-91.2875
-91.2652
-91.2427
-91.2201
-91.1973
-91.1745
-91.1516
-91.1285
-91.1053
-91.0821
-91.0587
-91.0352
-91.0116
-90.9878
-90.964
-90.94
-90.9159
-90.8918
-90.8675
-90.843
-90.8185
-90.7939
-90.7691
-90.7442
-90.7192
-90.6941
-90.6688
-90.6435
-90.618
-90.5924
-90.5667
-90.5409
-90.5149
-90.4889
-90.4627
-90.4363
-90.4099
-90.3834
-90.3567
-90.3299
-90.3029
-90.2759
-90.2487
-90.2214
-90.194
-90.1664
-90.1388
-90.111
-90.083
-90.055
-90.0268
-89.9985
-89.97
-89.9415
-89.9128
-89.8839
-89.855
-89.8259
-89.7966
-89.7673
-89.7378
-89.7081
-89.6784
-89.6485
-89.6184
-89.5883
-89.558
-89.5275
-89.4969
-89.4662
-89.4353
-89.4043
-89.3731
-89.3419
-89.3104
-89.2788
-89.2471
-89.2152
-89.1832
-89.151
-89.1187
-89.0863
-89.0537
-89.0209
-88.988
-88.9549
-88.9217
-88.8883
-88.8548
-88.8211
-88.7872
-88.7532
-88.7191
-88.6847
-88.6502
-88.6156
-88.5808
-88.5458
-88.5106
-88.4753
-88.4398
-88.4042
-88.3683
-88.3323
-88.2961
-88.2598
-88.2233
-88.1865
-88.1496
-88.1126
-88.0753
-88.0379
-88.0002
-87.9624
-87.9244
-87.8862
-87.8478
-87.8092
-87.7704
-87.7314
-87.6922
-87.6528
-87.6132
-87.5734
-87.5334
-87.4932
-87.4527
-87.4121
-87.3712
-87.3301
-87.2888
-87.2472
-87.2055
-87.1635
-87.1212
-87.0787
-87.036
-86.9931
-86.9499
-86.9064
-86.8627
-86.8188
-86.7745
-86.7301
-86.6853
-86.6403
-86.595
-86.5495
-86.5036
-86.4575
-86.4111
-86.3644
-86.3174
-86.2701
-86.2225
-86.1746
-86.1264
-86.0779
-86.029
-85.9798
-85.9303
-85.8805
-85.8303
-85.7797
-85.7288
-85.6775
-85.6259
-85.5739
-85.5215
-85.4687
-85.4155
-85.362
-85.308
-85.2536
-85.1987
-85.1435
-85.0878
-85.0316
-84.975
-84.9179
-84.8603
-84.8023
-84.7437
-84.6847
-84.6251
-84.565
-84.5043
-84.4431
-84.3813
-84.3189
-84.2559
-84.1924
-84.1281
-84.0633
-83.9978
-83.9316
-83.8647
-83.7972
-83.7289
-83.6598
-83.59
-83.5194
-83.4479
-83.3757
-83.3025
-83.2285
-83.1536
-83.0777
-83.0009
-82.9231
-82.8442
-82.7643
-82.6833
-82.6011
-82.5178
-82.4332
-82.3473
-82.2602
-82.1717
-82.0818
-81.9904
-81.8975
-81.8031
-81.7069
-81.6091
-81.5095
-81.4079
-81.3045
-81.199
-81.0913
-80.9814
-80.8692
-80.7545
-80.6371
-80.5171
-80.3941
-80.2681
-80.1388
-80.0062
-79.8699
-79.7297
-79.5854
-79.4367
-79.2833
-79.1248
-78.9609
-78.7912
-78.6152
-78.4322
-78.2418
-78.0433
-77.8358
-77.6185
-77.3902
-77.1499
-76.896
-76.6268
-76.3403
-76.034
-75.7049
-75.349
-74.9617
-74.5367
-74.0657
-73.5375
-72.9362
-72.2389
-71.4098
-70.3902
-69.0738
-67.2415
-64.3431
-58.4396
-36.9926
40.8144
49.4351
45.3709
32.4545
11.7221
-3.62529
-14.7166
-25.5992
-35.3922
-53.9345
-88.6368
-94.5229
-94.8457
-94.8251
-94.7235
-94.5678
-94.376
-94.1702
-93.97
-93.7883
-93.631
-93.4992
-93.3913
-93.3045
-93.2359
-93.1825
-93.1419
-93.1118
-93.0904
-93.0762
-93.0677
-93.0641
-93.0643
-93.0677
-93.0736
-93.0816
-93.0912
-93.1021
-93.114
-93.1266
-93.1397
-93.1532
-93.167
-93.1809
-93.1948
-93.2087
-93.2225
-93.2361
-93.2495
-93.2627
-93.2755
-93.2881
-93.3004
-93.3123
-93.3239
-93.3351
-93.346
-93.3565
-93.3667
-93.3765
-93.3859
-93.3949
-93.4036
-93.4119
-93.4199
-93.4275
-93.4347
-93.4417
-93.4482
-93.4544
-93.4603
-93.4659
-93.4711
-93.476
-93.4806
-93.4849
-93.4889
-93.4925
-93.4959
-93.499
-93.5018
-93.5043
-93.5065
-93.5085
-93.5102
-93.5116
-93.5128
-93.5137
-93.5143
-93.5147
-93.5149
-93.5148
-93.5145
-93.514
-93.5132
-93.5122
-93.511
-93.5095
-93.5079
-93.506
-93.5039
-93.5017
-93.4992
-93.4965
-93.4936
-93.4905
-93.4873
-93.4838
-93.4802
-93.4763
-93.4723
-93.4682
-93.4638
-93.4593
-93.4546
-93.4497
-93.4447
-93.4395
-93.4341
-93.4286
-93.4229
-93.4171
-93.4111
-93.405
-93.3987
-93.3922
-93.3856
-93.3789
-93.372
-93.365
-93.3578
-93.3505
-93.3431
-93.3355
-93.3278
-93.3199
-93.312
-93.3038
-93.2956
-93.2872
-93.2787
-93.2701
-93.2613
-93.2525
-93.2435
-93.2343
-93.2251
-93.2157
-93.2062
-93.1966
-93.1869
-93.177
-93.167
-93.157
-93.1468
-93.1364
-93.126
-93.1155
-93.1048
-93.0941
-93.0832
-93.0722
-93.0611
-93.0499
-93.0386
-93.0271
-93.0156
-93.004
-92.9922
-92.9803
-92.9684
-92.9563
-92.9441
-92.9318
-92.9194
-92.9069
-92.8943
-92.8816
-92.8688
-92.8559
-92.8429
-92.8298
-92.8166
-92.8032
-92.7898
-92.7763
-92.7627
-92.7489
-92.7351
-92.7212
-92.7071
-92.693
-92.6787
-92.6644
-92.65
-92.6354
-92.6208
-92.606
-92.5912
-92.5763
-92.5612
-92.5461
-92.5308
-92.5155
-92.5
-92.4845
-92.4689
-92.4531
-92.4373
-92.4213
-92.4053
-92.3892
-92.3729
-92.3566
-92.3402
-92.3236
-92.307
-92.2902
-92.2734
-92.2565
-92.2394
-92.2223
-92.2051
-92.1877
-92.1703
-92.1528
-92.1351
-92.1174
-92.0996
-92.0816
-92.0636
-92.0454
-92.0272
-92.0089
-91.9904
-91.9719
-91.9532
-91.9345
-91.9157
-91.8967
-91.8777
-91.8585
-91.8393
-91.8199
-91.8005
-91.7809
-91.7613
-91.7415
-91.7216
-91.7017
-91.6816
-91.6614
-91.6412
-91.6208
-91.6003
-91.5797
-91.5591
-91.5383
-91.5174
-91.4964
-91.4753
-91.4541
-91.4327
-91.4113
-91.3898
-91.3682
-91.3464
-91.3246
-91.3027
-91.2806
-91.2585
-91.2362
-91.2138
-91.1913
-91.1688
-91.1461
-91.1233
-91.1003
-91.0773
-91.0542
-91.031
-91.0076
-90.9842
-90.9606
-90.9369
-90.9132
-90.8893
-90.8653
-90.8412
-90.8169
-90.7926
-90.7682
-90.7436
-90.7189
-90.6941
-90.6692
-90.6442
-90.6191
-90.5939
-90.5685
-90.5431
-90.5175
-90.4918
-90.466
-90.4401
-90.414
-90.3879
-90.3616
-90.3352
-90.3087
-90.282
-90.2553
-90.2284
-90.2014
-90.1743
-90.1471
-90.1198
-90.0923
-90.0647
-90.037
-90.0092
-89.9812
-89.9531
-89.9249
-89.8966
-89.8682
-89.8396
-89.8109
-89.7821
-89.7531
-89.724
-89.6948
-89.6655
-89.636
-89.6064
-89.5767
-89.5468
-89.5168
-89.4867
-89.4564
-89.4261
-89.3955
-89.3649
-89.3341
-89.3032
-89.2721
-89.2409
-89.2095
-89.1781
-89.1464
-89.1147
-89.0828
-89.0507
-89.0186
-88.9862
-88.9537
-88.9211
-88.8884
-88.8554
-88.8224
-88.7892
-88.7558
-88.7223
-88.6886
-88.6548
-88.6208
-88.5867
-88.5524
-88.518
-88.4834
-88.4486
-88.4137
-88.3786
-88.3433
-88.3079
-88.2723
-88.2366
-88.2007
-88.1646
-88.1283
-88.0919
-88.0553
-88.0185
-87.9815
-87.9444
-87.9071
-87.8696
-87.8319
-87.794
-87.756
-87.7177
-87.6793
-87.6407
-87.6018
-87.5628
-87.5236
-87.4842
-87.4445
-87.4047
-87.3647
-87.3244
-87.284
-87.2433
-87.2024
-87.1613
-87.12
-87.0785
-87.0367
-86.9947
-86.9524
-86.91
-86.8673
-86.8243
-86.7811
-86.7377
-86.694
-86.6501
-86.6059
-86.5614
-86.5167
-86.4717
-86.4265
-86.381
-86.3352
-86.2891
-86.2427
-86.196
-86.1491
-86.1018
-86.0543
-86.0064
-85.9582
-85.9097
-85.8609
-85.8117
-85.7623
-85.7124
-85.6623
-85.6118
-85.5609
-85.5096
-85.458
-85.4061
-85.3537
-85.3009
-85.2478
-85.1942
-85.1402
-85.0858
-85.031
-84.9758
-84.9201
-84.8639
-84.8073
-84.7502
-84.6926
-84.6345
-84.5759
-84.5168
-84.4572
-84.397
-84.3363
-84.275
-84.2132
-84.1507
-84.0876
-84.0239
-83.9596
-83.8946
-83.829
-83.7627
-83.6956
-83.6279
-83.5593
-83.4901
-83.42
-83.3491
-83.2774
-83.2049
-83.1314
-83.0571
-82.9818
-82.9055
-82.8283
-82.75
-82.6706
-82.5902
-82.5086
-82.4258
-82.3418
-82.2566
-82.17
-82.0821
-81.9928
-81.902
-81.8097
-81.7158
-81.6202
-81.5229
-81.4239
-81.3229
-81.22
-81.115
-81.0079
-80.8985
-80.7868
-80.6725
-80.5557
-80.4361
-80.3136
-80.188
-80.0591
-79.9268
-79.7908
-79.6509
-79.5069
-79.3584
-79.2052
-79.0468
-78.883
-78.7132
-78.537
-78.3539
-78.1631
-77.9641
-77.756
-77.5379
-77.3087
-77.0671
-76.8116
-76.5405
-76.2517
-75.9425
-75.6097
-75.2495
-74.8567
-74.4247
-73.9447
-73.4048
-72.7881
-72.0693
-71.2093
-70.1425
-68.7472
-66.7647
-63.5087
-56.3133
-25.5582
43.5441
49.3782
45.0203
31.4965
10.4929
-4.43698
-15.4377
-26.3796
-35.8838
-55.1737
-89.6025
-94.5933
-94.8554
-94.8207
-94.71
-94.5467
-94.3497
-94.142
-93.9431
-93.7647
-93.6118
-93.4847
-93.3814
-93.2988
-93.2339
-93.1838
-93.146
-93.1183
-93.0989
-93.0863
-93.0793
-93.0769
-93.0782
-93.0824
-93.0891
-93.0976
-93.1077
-93.119
-93.1312
-93.144
-93.1574
-93.1711
-93.185
-93.199
-93.213
-93.2269
-93.2407
-93.2543
-93.2677
-93.2808
-93.2937
-93.3062
-93.3184
-93.3303
-93.3418
-93.353
-93.3638
-93.3742
-93.3843
-93.394
-93.4034
-93.4124
-93.421
-93.4292
-93.4371
-93.4447
-93.4519
-93.4587
-93.4652
-93.4714
-93.4772
-93.4827
-93.4879
-93.4928
-93.4973
-93.5016
-93.5055
-93.5092
-93.5125
-93.5156
-93.5183
-93.5208
-93.523
-93.525
-93.5266
-93.5281
-93.5292
-93.5301
-93.5308
-93.5312
-93.5313
-93.5313
-93.531
-93.5304
-93.5297
-93.5287
-93.5275
-93.526
-93.5244
-93.5226
-93.5205
-93.5183
-93.5158
-93.5132
-93.5103
-93.5073
-93.504
-93.5006
-93.497
-93.4933
-93.4893
-93.4852
-93.4809
-93.4764
-93.4718
-93.467
-93.462
-93.4569
-93.4516
-93.4461
-93.4405
-93.4347
-93.4288
-93.4228
-93.4165
-93.4102
-93.4037
-93.397
-93.3902
-93.3833
-93.3762
-93.369
-93.3617
-93.3542
-93.3466
-93.3388
-93.331
-93.323
-93.3148
-93.3066
-93.2982
-93.2897
-93.281
-93.2723
-93.2634
-93.2544
-93.2453
-93.236
-93.2267
-93.2172
-93.2076
-93.1979
-93.188
-93.1781
-93.1681
-93.1579
-93.1476
-93.1372
-93.1267
-93.1161
-93.1054
-93.0945
-93.0836
-93.0726
-93.0614
-93.0501
-93.0388
-93.0273
-93.0157
-93.004
-92.9923
-92.9804
-92.9684
-92.9563
-92.9441
-92.9318
-92.9193
-92.9068
-92.8942
-92.8815
-92.8687
-92.8558
-92.8428
-92.8297
-92.8164
-92.8031
-92.7897
-92.7762
-92.7626
-92.7489
-92.7351
-92.7212
-92.7072
-92.693
-92.6788
-92.6645
-92.6501
-92.6356
-92.621
-92.6063
-92.5916
-92.5767
-92.5617
-92.5466
-92.5314
-92.5162
-92.5008
-92.4853
-92.4697
-92.4541
-92.4383
-92.4225
-92.4065
-92.3905
-92.3743
-92.3581
-92.3417
-92.3253
-92.3087
-92.2921
-92.2754
-92.2586
-92.2416
-92.2246
-92.2075
-92.1903
-92.173
-92.1556
-92.1381
-92.1205
-92.1028
-92.085
-92.0671
-92.0491
-92.031
-92.0128
-91.9946
-91.9762
-91.9577
-91.9391
-91.9204
-91.9017
-91.8828
-91.8638
-91.8448
-91.8256
-91.8063
-91.787
-91.7675
-91.748
-91.7283
-91.7085
-91.6887
-91.6687
-91.6487
-91.6285
-91.6083
-91.5879
-91.5675
-91.5469
-91.5263
-91.5055
-91.4846
-91.4637
-91.4426
-91.4215
-91.4002
-91.3788
-91.3574
-91.3358
-91.3141
-91.2924
-91.2705
-91.2485
-91.2265
-91.2043
-91.182
-91.1596
-91.1371
-91.1145
-91.0918
-91.069
-91.0461
-91.0231
-91
-90.9768
-90.9535
-90.93
-90.9065
-90.8828
-90.8591
-90.8352
-90.8113
-90.7872
-90.763
-90.7388
-90.7144
-90.6899
-90.6653
-90.6406
-90.6157
-90.5908
-90.5658
-90.5406
-90.5154
-90.49
-90.4645
-90.4389
-90.4132
-90.3874
-90.3615
-90.3354
-90.3093
-90.283
-90.2567
-90.2302
-90.2036
-90.1768
-90.15
-90.1231
-90.096
-90.0688
-90.0415
-90.0141
-89.9866
-89.959
-89.9312
-89.9033
-89.8753
-89.8472
-89.819
-89.7906
-89.7621
-89.7335
-89.7048
-89.676
-89.647
-89.6179
-89.5887
-89.5594
-89.5299
-89.5003
-89.4706
-89.4408
-89.4108
-89.3807
-89.3505
-89.3202
-89.2897
-89.2591
-89.2283
-89.1975
-89.1665
-89.1353
-89.1041
-89.0727
-89.0411
-89.0095
-88.9776
-88.9457
-88.9136
-88.8814
-88.849
-88.8165
-88.7839
-88.7511
-88.7182
-88.6851
-88.6519
-88.6185
-88.585
-88.5513
-88.5175
-88.4835
-88.4494
-88.4152
-88.3807
-88.3462
-88.3114
-88.2765
-88.2415
-88.2063
-88.1709
-88.1354
-88.0997
-88.0639
-88.0278
-87.9917
-87.9553
-87.9188
-87.8821
-87.8452
-87.8082
-87.7709
-87.7335
-87.696
-87.6582
-87.6203
-87.5821
-87.5438
-87.5053
-87.4666
-87.4277
-87.3887
-87.3494
-87.3099
-87.2702
-87.2303
-87.1903
-87.15
-87.1095
-87.0688
-87.0278
-86.9867
-86.9453
-86.9037
-86.8619
-86.8199
-86.7776
-86.7351
-86.6924
-86.6494
-86.6062
-86.5627
-86.519
-86.4751
-86.4308
-86.3864
-86.3416
-86.2966
-86.2513
-86.2058
-86.16
-86.1138
-86.0674
-86.0208
-85.9738
-85.9265
-85.8789
-85.831
-85.7828
-85.7343
-85.6854
-85.6362
-85.5867
-85.5368
-85.4866
-85.436
-85.3851
-85.3338
-85.2822
-85.2301
-85.1777
-85.1248
-85.0716
-85.018
-84.9639
-84.9094
-84.8545
-84.7991
-84.7433
-84.6871
-84.6303
-84.5731
-84.5153
-84.4571
-84.3984
-84.3391
-84.2793
-84.2189
-84.158
-84.0965
-84.0344
-83.9717
-83.9084
-83.8444
-83.7798
-83.7145
-83.6485
-83.5818
-83.5144
-83.4463
-83.3774
-83.3076
-83.2371
-83.1658
-83.0935
-83.0204
-82.9464
-82.8714
-82.7955
-82.7186
-82.6406
-82.5615
-82.4814
-82.4001
-82.3176
-82.2339
-82.1489
-82.0626
-81.9749
-81.8857
-81.7951
-81.703
-81.6092
-81.5138
-81.4167
-81.3177
-81.2168
-81.1139
-81.0089
-80.9018
-80.7923
-80.6805
-80.5661
-80.449
-80.3291
-80.2063
-80.0803
-79.951
-79.8181
-79.6815
-79.5409
-79.396
-79.2466
-79.0922
-78.9326
-78.7674
-78.596
-78.418
-78.2327
-78.0397
-77.838
-77.6268
-77.4051
-77.1718
-76.9256
-76.6648
-76.3874
-76.0913
-75.7735
-75.4305
-75.058
-74.6502
-74.1997
-73.6963
-73.1263
-72.4696
-71.6957
-70.7559
-69.5648
-67.9557
-65.5422
-61.1419
-48.7737
15.643
49.8541
48.3668
40.315
21.8677
2.02949
-10.2957
-20.8404
-31.7237
-45.5492
-77.3307
-93.8583
-94.7898
-94.8369
-94.7587
-94.6185
-94.4356
-94.232
-94.029
-93.8418
-93.6781
-93.5401
-93.4268
-93.3355
-93.2633
-93.2071
-93.1643
-93.1325
-93.1098
-93.0946
-93.0855
-93.0813
-93.0813
-93.0845
-93.0903
-93.0983
-93.1079
-93.1189
-93.1309
-93.1437
-93.157
-93.1707
-93.1847
-93.1988
-93.2129
-93.227
-93.2409
-93.2547
-93.2683
-93.2817
-93.2948
-93.3075
-93.32
-93.3321
-93.3438
-93.3553
-93.3663
-93.377
-93.3873
-93.3972
-93.4068
-93.416
-93.4249
-93.4334
-93.4415
-93.4493
-93.4567
-93.4637
-93.4704
-93.4768
-93.4829
-93.4886
-93.494
-93.499
-93.5038
-93.5082
-93.5124
-93.5162
-93.5197
-93.523
-93.5259
-93.5286
-93.531
-93.5331
-93.535
-93.5366
-93.5379
-93.539
-93.5398
-93.5404
-93.5407
-93.5408
-93.5406
-93.5403
-93.5397
-93.5389
-93.5378
-93.5365
-93.5351
-93.5334
-93.5315
-93.5294
-93.5271
-93.5246
-93.5219
-93.519
-93.516
-93.5127
-93.5093
-93.5056
-93.5018
-93.4978
-93.4937
-93.4894
-93.4849
-93.4802
-93.4754
-93.4704
-93.4653
-93.46
-93.4545
-93.4489
-93.4431
-93.4372
-93.4311
-93.4249
-93.4186
-93.4121
-93.4054
-93.3986
-93.3917
-93.3847
-93.3775
-93.3701
-93.3627
-93.3551
-93.3473
-93.3395
-93.3315
-93.3234
-93.3152
-93.3068
-93.2983
-93.2897
-93.281
-93.2722
-93.2632
-93.2541
-93.2449
-93.2356
-93.2261
-93.2166
-93.2069
-93.1971
-93.1873
-93.1773
-93.1671
-93.1569
-93.1466
-93.1361
-93.1256
-93.1149
-93.1042
-93.0933
-93.0823
-93.0712
-93.06
-93.0487
-93.0373
-93.0258
-93.0142
-93.0025
-92.9907
-92.9788
-92.9668
-92.9547
-92.9425
-92.9301
-92.9177
-92.9052
-92.8926
-92.8799
-92.8671
-92.8541
-92.8411
-92.828
-92.8148
-92.8015
-92.7881
-92.7746
-92.761
-92.7473
-92.7335
-92.7197
-92.7057
-92.6916
-92.6774
-92.6631
-92.6488
-92.6343
-92.6198
-92.6051
-92.5904
-92.5755
-92.5606
-92.5456
-92.5304
-92.5152
-92.4999
-92.4845
-92.469
-92.4534
-92.4377
-92.4219
-92.406
-92.39
-92.374
-92.3578
-92.3415
-92.3252
-92.3088
-92.2922
-92.2756
-92.2588
-92.242
-92.2251
-92.2081
-92.191
-92.1738
-92.1565
-92.1391
-92.1216
-92.104
-92.0864
-92.0686
-92.0507
-92.0328
-92.0147
-91.9966
-91.9783
-91.96
-91.9416
-91.923
-91.9044
-91.8857
-91.8669
-91.848
-91.829
-91.8099
-91.7907
-91.7714
-91.752
-91.7325
-91.7129
-91.6933
-91.6735
-91.6536
-91.6337
-91.6136
-91.5935
-91.5732
-91.5529
-91.5324
-91.5119
-91.4912
-91.4705
-91.4497
-91.4287
-91.4077
-91.3866
-91.3654
-91.344
-91.3226
-91.3011
-91.2795
-91.2578
-91.2359
-91.214
-91.192
-91.1699
-91.1477
-91.1254
-91.103
-91.0805
-91.0578
-91.0351
-91.0123
-90.9894
-90.9664
-90.9433
-90.9201
-90.8967
-90.8733
-90.8498
-90.8262
-90.8024
-90.7786
-90.7547
-90.7306
-90.7065
-90.6823
-90.6579
-90.6335
-90.6089
-90.5843
-90.5595
-90.5346
-90.5097
-90.4846
-90.4594
-90.4341
-90.4087
-90.3832
-90.3576
-90.3319
-90.3061
-90.2801
-90.2541
-90.2279
-90.2017
-90.1753
-90.1488
-90.1223
-90.0956
-90.0688
-90.0419
-90.0148
-89.9877
-89.9604
-89.9331
-89.9056
-89.878
-89.8503
-89.8225
-89.7946
-89.7665
-89.7384
-89.7101
-89.6817
-89.6532
-89.6246
-89.5959
-89.567
-89.538
-89.5089
-89.4797
-89.4504
-89.4209
-89.3913
-89.3617
-89.3318
-89.3019
-89.2718
-89.2416
-89.2113
-89.1809
-89.1503
-89.1196
-89.0888
-89.0579
-89.0268
-88.9956
-88.9643
-88.9328
-88.9012
-88.8695
-88.8377
-88.8057
-88.7735
-88.7413
-88.7089
-88.6764
-88.6437
-88.6109
-88.5779
-88.5448
-88.5116
-88.4782
-88.4447
-88.4111
-88.3773
-88.3433
-88.3092
-88.275
-88.2406
-88.206
-88.1713
-88.1365
-88.1015
-88.0663
-88.031
-87.9955
-87.9599
-87.9241
-87.8882
-87.852
-87.8158
-87.7793
-87.7427
-87.7059
-87.6689
-87.6318
-87.5945
-87.557
-87.5194
-87.4815
-87.4435
-87.4053
-87.3669
-87.3283
-87.2896
-87.2506
-87.2115
-87.1722
-87.1326
-87.0929
-87.0529
-87.0128
-86.9725
-86.9319
-86.8911
-86.8502
-86.809
-86.7676
-86.7259
-86.6841
-86.642
-86.5997
-86.5571
-86.5144
-86.4713
-86.4281
-86.3846
-86.3408
-86.2968
-86.2525
-86.208
-86.1632
-86.1182
-86.0728
-86.0272
-85.9814
-85.9352
-85.8888
-85.842
-85.795
-85.7476
-85.7
-85.652
-85.6037
-85.5551
-85.5062
-85.457
-85.4074
-85.3574
-85.3071
-85.2564
-85.2054
-85.154
-85.1023
-85.0501
-84.9976
-84.9446
-84.8912
-84.8375
-84.7833
-84.7286
-84.6736
-84.618
-84.562
-84.5056
-84.4486
-84.3912
-84.3332
-84.2748
-84.2158
-84.1563
-84.0962
-84.0355
-83.9743
-83.9125
-83.8501
-83.787
-83.7233
-83.659
-83.594
-83.5283
-83.4618
-83.3947
-83.3268
-83.2581
-83.1886
-83.1183
-83.0472
-82.9752
-82.9023
-82.8285
-82.7537
-82.6779
-82.6012
-82.5233
-82.4444
-82.3644
-82.2832
-82.2008
-82.1172
-82.0322
-81.946
-81.8583
-81.7692
-81.6785
-81.5863
-81.4925
-81.397
-81.2997
-81.2005
-81.0993
-80.9962
-80.8909
-80.7834
-80.6735
-80.5612
-80.4462
-80.3285
-80.208
-80.0843
-79.9575
-79.8272
-79.6932
-79.5554
-79.4134
-79.267
-79.1159
-78.9596
-78.798
-78.6304
-78.4564
-78.2754
-78.0869
-77.8902
-77.6843
-77.4685
-77.2415
-77.0023
-76.7491
-76.4803
-76.1938
-75.8869
-75.5564
-75.1984
-74.8076
-74.3777
-73.8995
-73.3611
-72.7455
-72.027
-71.1661
-70.0961
-68.6928
-66.6911
-63.3803
-55.9514
-23.386
45.6288
49.3727
44.9308
31.2428
10.172
-4.65354
-15.6321
-26.5881
-36.1084
-55.7172
-89.9236
-94.608
-94.8555
-94.8181
-94.7054
-94.5403
-94.3421
-94.1339
-93.9352
-93.7574
-93.6054
-93.4792
-93.3767
-93.295
-93.2309
-93.1816
-93.1444
-93.1173
-93.0985
-93.0864
-93.0799
-93.0778
-93.0795
-93.084
-93.091
-93.0999
-93.1102
-93.1217
-93.1341
-93.1472
-93.1607
-93.1746
-93.1887
-93.2028
-93.217
-93.231
-93.2449
-93.2587
-93.2722
-93.2854
-93.2984
-93.311
-93.3233
-93.3353
-93.3469
-93.3582
-93.3691
-93.3796
-93.3898
-93.3996
-93.409
-93.4181
-93.4267
-93.4351
-93.4431
-93.4507
-93.458
-93.4649
-93.4715
-93.4777
-93.4836
-93.4892
-93.4945
-93.4994
-93.504
-93.5084
-93.5124
-93.5161
-93.5195
-93.5226
-93.5255
-93.5281
-93.5303
-93.5324
-93.5341
-93.5356
-93.5369
-93.5378
-93.5386
-93.5391
-93.5393
-93.5393
-93.5391
-93.5387
-93.538
-93.5371
-93.536
-93.5346
-93.5331
-93.5313
-93.5294
-93.5272
-93.5249
-93.5223
-93.5196
-93.5166
-93.5135
-93.5102
-93.5067
-93.5031
-93.4992
-93.4952
-93.491
-93.4866
-93.4821
-93.4774
-93.4726
-93.4675
-93.4624
-93.457
-93.4516
-93.4459
-93.4401
-93.4342
-93.4281
-93.4219
-93.4155
-93.409
-93.4023
-93.3955
-93.3886
-93.3815
-93.3743
-93.367
-93.3595
-93.3519
-93.3442
-93.3364
-93.3284
-93.3203
-93.312
-93.3037
-93.2952
-93.2866
-93.2779
-93.2691
-93.2601
-93.2511
-93.2419
-93.2326
-93.2232
-93.2136
-93.204
-93.1943
-93.1844
-93.1744
-93.1643
-93.1541
-93.1438
-93.1334
-93.1229
-93.1123
-93.1016
-93.0907
-93.0798
-93.0688
-93.0576
-93.0464
-93.035
-93.0236
-93.012
-93.0004
-92.9886
-92.9768
-92.9648
-92.9528
-92.9406
-92.9284
-92.916
-92.9036
-92.891
-92.8784
-92.8656
-92.8528
-92.8399
-92.8268
-92.8137
-92.8005
-92.7872
-92.7738
-92.7603
-92.7467
-92.733
-92.7192
-92.7053
-92.6913
-92.6772
-92.663
-92.6488
-92.6344
-92.62
-92.6054
-92.5908
-92.5761
-92.5613
-92.5463
-92.5313
-92.5162
-92.501
-92.4858
-92.4704
-92.4549
-92.4394
-92.4237
-92.4079
-92.3921
-92.3762
-92.3602
-92.344
-92.3278
-92.3115
-92.2952
-92.2787
-92.2621
-92.2454
-92.2287
-92.2118
-92.1949
-92.1778
-92.1607
-92.1435
-92.1262
-92.1088
-92.0913
-92.0737
-92.056
-92.0383
-92.0204
-92.0024
-91.9844
-91.9663
-91.948
-91.9297
-91.9113
-91.8928
-91.8742
-91.8555
-91.8367
-91.8178
-91.7989
-91.7798
-91.7606
-91.7414
-91.7221
-91.7026
-91.6831
-91.6635
-91.6438
-91.6239
-91.604
-91.584
-91.564
-91.5438
-91.5235
-91.5031
-91.4827
-91.4621
-91.4415
-91.4207
-91.3999
-91.3789
-91.3579
-91.3368
-91.3156
-91.2942
-91.2728
-91.2513
-91.2297
-91.208
-91.1862
-91.1643
-91.1424
-91.1203
-91.0981
-91.0758
-91.0535
-91.031
-91.0084
-90.9858
-90.963
-90.9402
-90.9172
-90.8942
-90.871
-90.8478
-90.8244
-90.801
-90.7775
-90.7538
-90.7301
-90.7062
-90.6823
-90.6583
-90.6341
-90.6099
-90.5856
-90.5611
-90.5366
-90.512
-90.4872
-90.4624
-90.4374
-90.4124
-90.3873
-90.362
-90.3367
-90.3112
-90.2857
-90.26
-90.2342
-90.2084
-90.1824
-90.1563
-90.1302
-90.1039
-90.0775
-90.051
-90.0244
-89.9977
-89.9709
-89.944
-89.9169
-89.8898
-89.8626
-89.8352
-89.8078
-89.7802
-89.7525
-89.7247
-89.6968
-89.6688
-89.6407
-89.6125
-89.5842
-89.5557
-89.5271
-89.4985
-89.4697
-89.4408
-89.4117
-89.3826
-89.3534
-89.324
-89.2945
-89.2649
-89.2352
-89.2054
-89.1754
-89.1453
-89.1151
-89.0848
-89.0544
-89.0238
-88.9932
-88.9624
-88.9314
-88.9004
-88.8692
-88.8379
-88.8065
-88.7749
-88.7432
-88.7114
-88.6795
-88.6474
-88.6152
-88.5829
-88.5504
-88.5178
-88.4851
-88.4522
-88.4192
-88.3861
-88.3528
-88.3194
-88.2858
-88.2521
-88.2183
-88.1843
-88.1501
-88.1159
-88.0814
-88.0469
-88.0121
-87.9773
-87.9423
-87.9071
-87.8718
-87.8363
-87.8006
-87.7648
-87.7289
-87.6928
-87.6565
-87.62
-87.5834
-87.5467
-87.5097
-87.4726
-87.4353
-87.3979
-87.3602
-87.3224
-87.2844
-87.2463
-87.2079
-87.1694
-87.1307
-87.0918
-87.0527
-87.0134
-86.9739
-86.9342
-86.8943
-86.8542
-86.814
-86.7735
-86.7328
-86.6918
-86.6507
-86.6094
-86.5678
-86.526
-86.484
-86.4418
-86.3993
-86.3566
-86.3136
-86.2705
-86.227
-86.1834
-86.1394
-86.0952
-86.0508
-86.0061
-85.9611
-85.9159
-85.8704
-85.8246
-85.7785
-85.7321
-85.6855
-85.6385
-85.5912
-85.5437
-85.4958
-85.4476
-85.3991
-85.3502
-85.301
-85.2515
-85.2016
-85.1514
-85.1008
-85.0498
-84.9985
-84.9468
-84.8947
-84.8422
-84.7893
-84.736
-84.6822
-84.628
-84.5734
-84.5184
-84.4629
-84.4069
-84.3504
-84.2935
-84.236
-84.1781
-84.1196
-84.0606
-84.001
-83.9409
-83.8802
-83.8189
-83.757
-83.6945
-83.6313
-83.5675
-83.503
-83.4379
-83.372
-83.3054
-83.238
-83.1699
-83.101
-83.0312
-82.9607
-82.8892
-82.8169
-82.7437
-82.6695
-82.5943
-82.5181
-82.4409
-82.3625
-82.2831
-82.2025
-82.1207
-82.0376
-81.9533
-81.8676
-81.7805
-81.692
-81.6019
-81.5103
-81.4171
-81.3221
-81.2254
-81.1268
-81.0262
-80.9236
-80.8189
-80.7119
-80.6026
-80.4908
-80.3763
-80.2592
-80.1391
-80.0159
-79.8895
-79.7597
-79.6261
-79.4887
-79.3471
-79.201
-79.0502
-78.8942
-78.7327
-78.5653
-78.3913
-78.2104
-78.0218
-77.8249
-77.6187
-77.4024
-77.1749
-76.9347
-76.6805
-76.4104
-76.1222
-75.8132
-75.4801
-75.1188
-74.7239
-74.2885
-73.8035
-73.256
-72.628
-71.8923
-71.0063
-69.8969
-68.4265
-66.2917
-62.6428
-53.8234
-10.961
49.4977
49.4354
44.8668
30.6872
9.19015
-5.41158
-16.3455
-27.3639
-37.3785
-58.8151
-91.2974
-94.6659
-94.8532
-94.8048
-94.684
-94.5131
-94.313
-94.1069
-93.9131
-93.7417
-93.5965
-93.4769
-93.3804
-93.3041
-93.2446
-93.1992
-93.1655
-93.1413
-93.1249
-93.1149
-93.1101
-93.1094
-93.1122
-93.1178
-93.1255
-93.135
-93.1458
-93.1577
-93.1704
-93.1837
-93.1973
-93.2113
-93.2253
-93.2394
-93.2535
-93.2674
-93.2812
-93.2948
-93.3082
-93.3212
-93.334
-93.3464
-93.3585
-93.3703
-93.3817
-93.3927
-93.4034
-93.4137
-93.4237
-93.4333
-93.4425
-93.4514
-93.4599
-93.468
-93.4758
-93.4832
-93.4903
-93.4971
-93.5035
-93.5096
-93.5153
-93.5207
-93.5258
-93.5306
-93.5351
-93.5393
-93.5432
-93.5468
-93.5501
-93.5531
-93.5558
-93.5583
-93.5605
-93.5624
-93.5641
-93.5655
-93.5667
-93.5676
-93.5682
-93.5687
-93.5689
-93.5688
-93.5685
-93.568
-93.5673
-93.5664
-93.5653
-93.5639
-93.5623
-93.5606
-93.5586
-93.5564
-93.5541
-93.5515
-93.5488
-93.5458
-93.5427
-93.5394
-93.5359
-93.5323
-93.5285
-93.5245
-93.5203
-93.516
-93.5115
-93.5069
-93.5021
-93.4971
-93.492
-93.4867
-93.4813
-93.4757
-93.47
-93.4641
-93.4581
-93.4519
-93.4456
-93.4392
-93.4326
-93.4259
-93.4191
-93.4121
-93.405
-93.3977
-93.3904
-93.3829
-93.3752
-93.3675
-93.3596
-93.3516
-93.3435
-93.3353
-93.3269
-93.3185
-93.3099
-93.3012
-93.2924
-93.2834
-93.2744
-93.2652
-93.256
-93.2466
-93.2371
-93.2275
-93.2178
-93.208
-93.198
-93.188
-93.1779
-93.1676
-93.1573
-93.1468
-93.1363
-93.1256
-93.1148
-93.104
-93.093
-93.082
-93.0708
-93.0595
-93.0482
-93.0367
-93.0252
-93.0135
-93.0018
-92.9899
-92.978
-92.9659
-92.9538
-92.9415
-92.9292
-92.9168
-92.9043
-92.8916
-92.8789
-92.8661
-92.8532
-92.8402
-92.8272
-92.814
-92.8007
-92.7874
-92.7739
-92.7604
-92.7467
-92.733
-92.7192
-92.7053
-92.6913
-92.6772
-92.663
-92.6487
-92.6343
-92.6199
-92.6053
-92.5907
-92.5759
-92.5611
-92.5462
-92.5312
-92.5161
-92.501
-92.4857
-92.4703
-92.4549
-92.4393
-92.4237
-92.408
-92.3922
-92.3763
-92.3603
-92.3442
-92.3281
-92.3118
-92.2955
-92.2791
-92.2625
-92.2459
-92.2292
-92.2124
-92.1956
-92.1786
-92.1615
-92.1444
-92.1272
-92.1098
-92.0924
-92.0749
-92.0573
-92.0397
-92.0219
-92.004
-91.9861
-91.9681
-91.9499
-91.9317
-91.9134
-91.895
-91.8765
-91.858
-91.8393
-91.8206
-91.8017
-91.7828
-91.7638
-91.7447
-91.7255
-91.7062
-91.6868
-91.6673
-91.6477
-91.6281
-91.6084
-91.5885
-91.5686
-91.5486
-91.5285
-91.5083
-91.488
-91.4676
-91.4472
-91.4266
-91.406
-91.3852
-91.3644
-91.3435
-91.3224
-91.3013
-91.2801
-91.2589
-91.2375
-91.216
-91.1944
-91.1728
-91.151
-91.1292
-91.1073
-91.0852
-91.0631
-91.0409
-91.0186
-90.9962
-90.9737
-90.9511
-90.9284
-90.9057
-90.8828
-90.8598
-90.8368
-90.8136
-90.7904
-90.767
-90.7436
-90.7201
-90.6965
-90.6727
-90.6489
-90.625
-90.601
-90.5769
-90.5527
-90.5284
-90.504
-90.4795
-90.4549
-90.4303
-90.4055
-90.3806
-90.3556
-90.3306
-90.3054
-90.2801
-90.2548
-90.2293
-90.2037
-90.1781
-90.1523
-90.1264
-90.1005
-90.0744
-90.0482
-90.022
-89.9956
-89.9691
-89.9426
-89.9159
-89.8891
-89.8622
-89.8353
-89.8082
-89.781
-89.7537
-89.7263
-89.6988
-89.6712
-89.6435
-89.6156
-89.5877
-89.5597
-89.5315
-89.5033
-89.4749
-89.4465
-89.4179
-89.3892
-89.3604
-89.3315
-89.3025
-89.2734
-89.2442
-89.2148
-89.1854
-89.1558
-89.1261
-89.0963
-89.0664
-89.0364
-89.0062
-88.976
-88.9456
-88.9151
-88.8845
-88.8537
-88.8229
-88.7919
-88.7608
-88.7296
-88.6983
-88.6668
-88.6352
-88.6035
-88.5717
-88.5397
-88.5076
-88.4754
-88.4431
-88.4106
-88.378
-88.3453
-88.3124
-88.2794
-88.2463
-88.213
-88.1796
-88.1461
-88.1124
-88.0786
-88.0447
-88.0106
-87.9763
-87.9419
-87.9074
-87.8728
-87.8379
-87.803
-87.7679
-87.7326
-87.6972
-87.6616
-87.6259
-87.59
-87.554
-87.5178
-87.4814
-87.4449
-87.4082
-87.3714
-87.3344
-87.2972
-87.2598
-87.2223
-87.1846
-87.1468
-87.1087
-87.0705
-87.0321
-86.9935
-86.9547
-86.9157
-86.8766
-86.8372
-86.7977
-86.7579
-86.718
-86.6779
-86.6375
-86.597
-86.5562
-86.5153
-86.4741
-86.4327
-86.3911
-86.3492
-86.3072
-86.2649
-86.2223
-86.1796
-86.1366
-86.0933
-86.0498
-86.0061
-85.9621
-85.9179
-85.8733
-85.8286
-85.7835
-85.7382
-85.6926
-85.6467
-85.6006
-85.5541
-85.5074
-85.4603
-85.4129
-85.3653
-85.3173
-85.269
-85.2203
-85.1714
-85.122
-85.0724
-85.0224
-84.972
-84.9212
-84.8701
-84.8186
-84.7667
-84.7145
-84.6618
-84.6087
-84.5551
-84.5012
-84.4468
-84.3919
-84.3366
-84.2808
-84.2246
-84.1678
-84.1106
-84.0528
-83.9945
-83.9357
-83.8763
-83.8163
-83.7558
-83.6947
-83.633
-83.5706
-83.5076
-83.4439
-83.3796
-83.3145
-83.2488
-83.1823
-83.115
-83.047
-82.9782
-82.9085
-82.838
-82.7666
-82.6943
-82.6211
-82.5469
-82.4717
-82.3955
-82.3182
-82.2398
-82.1602
-82.0795
-81.9976
-81.9144
-81.8298
-81.7439
-81.6565
-81.5677
-81.4774
-81.3854
-81.2917
-81.1963
-81.099
-80.9999
-80.8987
-80.7954
-80.6899
-80.5821
-80.4719
-80.3591
-80.2436
-80.1252
-80.0039
-79.8793
-79.7514
-79.6198
-79.4844
-79.345
-79.2011
-79.0526
-78.8991
-78.7402
-78.5754
-78.4044
-78.2265
-78.0411
-77.8476
-77.6452
-77.4328
-77.2096
-76.9742
-76.7252
-76.4608
-76.1789
-75.8771
-75.5521
-75.2001
-74.8162
-74.3939
-73.9246
-73.3967
-72.7939
-72.0918
-71.2529
-70.2144
-68.8616
-66.9526
-63.8603
-57.2378
-30.5788
42.6528
49.3805
45.0741
31.7042
10.8154
-4.20167
-15.221
-26.1424
-35.7355
-54.7978
-89.3325
-94.5733
-94.852
-94.8214
-94.7132
-94.5516
-94.3551
-94.1465
-93.9455
-93.7645
-93.6088
-93.479
-93.3732
-93.2885
-93.2219
-93.1705
-93.1316
-93.103
-93.083
-93.07
-93.0628
-93.0602
-93.0613
-93.0656
-93.0723
-93.0811
-93.0913
-93.1028
-93.1153
-93.1284
-93.1421
-93.1561
-93.1703
-93.1846
-93.199
-93.2132
-93.2274
-93.2413
-93.2551
-93.2686
-93.2817
-93.2946
-93.3072
-93.3194
-93.3313
-93.3428
-93.3539
-93.3647
-93.3751
-93.3851
-93.3947
-93.404
-93.4129
-93.4215
-93.4297
-93.4375
-93.445
-93.4521
-93.4589
-93.4654
-93.4715
-93.4772
-93.4827
-93.4878
-93.4926
-93.4971
-93.5013
-93.5052
-93.5088
-93.5121
-93.5151
-93.5178
-93.5203
-93.5225
-93.5244
-93.526
-93.5274
-93.5285
-93.5294
-93.53
-93.5304
-93.5306
-93.5305
-93.5302
-93.5296
-93.5289
-93.5279
-93.5267
-93.5253
-93.5236
-93.5218
-93.5198
-93.5175
-93.5151
-93.5125
-93.5097
-93.5067
-93.5035
-93.5001
-93.4965
-93.4928
-93.4889
-93.4848
-93.4806
-93.4762
-93.4716
-93.4668
-93.4619
-93.4569
-93.4517
-93.4463
-93.4407
-93.4351
-93.4292
-93.4233
-93.4172
-93.4109
-93.4045
-93.3979
-93.3913
-93.3844
-93.3775
-93.3704
-93.3632
-93.3558
-93.3484
-93.3407
-93.333
-93.3251
-93.3172
-93.3091
-93.3008
-93.2925
-93.284
-93.2754
-93.2667
-93.2579
-93.2489
-93.2399
-93.2307
-93.2214
-93.212
-93.2025
-93.1929
-93.1832
-93.1733
-93.1634
-93.1534
-93.1432
-93.1329
-93.1226
-93.1121
-93.1015
-93.0908
-93.08
-93.0692
-93.0582
-93.0471
-93.0359
-93.0246
-93.0132
-93.0017
-92.9902
-92.9785
-92.9667
-92.9548
-92.9428
-92.9308
-92.9186
-92.9063
-92.894
-92.8815
-92.869
-92.8563
-92.8436
-92.8308
-92.8178
-92.8048
-92.7917
-92.7785
-92.7652
-92.7518

