-70
-56.4552
24.4263
49.9803
49.7394
48.5565
45.3203
38.8428
28.618
15.9935
4.08707
-5.92712
-14.833
-23.3204
-30.1015
-37.1574
-51.535
-83.4287
-94.5017
-94.9329
-94.9411
-94.9046
-94.8386
-94.7415
-94.6151
-94.4661
-94.3027
-94.132
-93.9585
-93.7847
-93.6117
-93.4397
-93.2685
-93.0978
-92.9274
-92.7568
-92.5858
-92.4142
-92.2417
-92.0681
-91.8933
-91.7171
-91.5392
-91.3597
-91.1782
-90.9946
-90.8089
-90.6207
-90.43
-90.2364
-90.0399
-89.8402
-89.6371
-89.4303
-89.2194
-89.0043
-88.7845
-88.5597
-88.3295
-88.0933
-87.8507
-87.601
-87.3436
-87.0776
-86.8022
-86.5163
-86.2187
-85.9079
-85.5823
-85.2397
-84.8777
-84.4931
-84.0821
-83.6398
-83.1597
-82.6332
-82.0487
-81.3893
-80.6304
-79.7326
-78.6299
-77.1978
-75.165
-71.7791
-63.8162
-21.6935
49.6881
49.9538
49.5555
48.0778
44.5035
37.8365
27.7624
15.608
4.08885
-5.78502
-14.6807
-23.2358
-30.1725
-37.4896
-52.704
-85.3479
-94.6306
-94.9482
-94.9467
-94.91
-94.8462
-94.7531
-94.6331
-94.4934
-94.3423
-94.1864
-94.0295
-93.8737
-93.7196
-93.5671
-93.4159
-93.2657
-93.1161
-92.9668
-92.8175
-92.668
-92.518
-92.3675
-92.2162
-92.064
-91.9108
-91.7565
-91.6009
-91.4439
-91.2853
-91.1252
-90.9633
-90.7995
-90.6337
-90.4658
-90.2955
-90.1228
-89.9474
-89.7692
-89.5879
-89.4034
-89.2154
-89.0237
-88.828
-88.6279
-88.4232
-88.2134
-87.9981
-87.7769
-87.5492
-87.3144
-87.0719
-86.8208
-86.5603
-86.2892
-86.0065
-85.7106
-85.3998
-85.0722
-84.7251
-84.3555
-83.9595
-83.5323
-83.0674
-82.5563
-81.9873
-81.3438
-80.6011
-79.7202
-78.6356
-77.224
-75.217
-71.8737
-64.0453
-23.0547
49.5711
49.9533
49.5597
48.1037
44.5854
38.0184
28.0673
15.9878
4.45297
-5.45366
-14.3689
-22.9457
-30.0038
-37.2256
-52.0941
-84.5945
-94.6049
-94.9478
-94.948
-94.9125
-94.8507
-94.7601
-94.643
-94.5067
-94.3593
-94.2073
-94.0547
-93.9034
-93.7539
-93.6064
-93.4603
-93.3155
-93.1715
-93.028
-92.8848
-92.7415
-92.598
-92.4542
-92.3098
-92.1648
-92.0189
-91.8722
-91.7244
-91.5755
-91.4254
-91.274
-91.121
-90.9665
-90.8103
-90.6523
-90.4923
-90.3303
-90.166
-89.9994
-89.8301
-89.6582
-89.4833
-89.3053
-89.124
-88.939
-88.7502
-88.5572
-88.3597
-88.1573
-87.9497
-87.7363
-87.5168
-87.2904
-87.0566
-86.8146
-86.5637
-86.3027
-86.0305
-85.7459
-85.4473
-85.1327
-84.7998
-84.4459
-84.0674
-83.6599
-83.2177
-82.7333
-82.1966
-81.5932
-80.9025
-80.0927
-79.1117
-77.8667
-76.1692
-73.5561
-68.4473
-50.6121
42.7736
49.9656
49.6487
48.4013
45.2857
39.3174
30.0093
18.2508
6.53765
-3.60923
-12.6481
-21.2954
-28.907
-35.4686
-48.0105
-77.946
-94.2615
-94.9271
-94.9501
-94.9224
-94.8683
-94.787
-94.6791
-94.5505
-94.4086
-94.2601
-94.1096
-93.9595
-93.811
-93.6642
-93.5189
-93.375
-93.2321
-93.0899
-92.948
-92.8063
-92.6646
-92.5227
-92.3804
-92.2376
-92.0942
-91.95
-91.805
-91.659
-91.5119
-91.3637
-91.2141
-91.0631
-90.9107
-90.7566
-90.6007
-90.443
-90.2832
-90.1213
-89.9571
-89.7904
-89.621
-89.4488
-89.2736
-89.095
-88.913
-88.7272
-88.5374
-88.3432
-88.1442
-87.9401
-87.7305
-87.5148
-87.2925
-87.0629
-86.8255
-86.5792
-86.3233
-86.0566
-85.7779
-85.4856
-85.1779
-84.8526
-84.5071
-84.1381
-83.7415
-83.3119
-82.8425
-82.3238
-81.7428
-81.0809
-80.31
-79.3849
-78.2269
-76.6826
-74.3973
-70.2856
-58.6916
14.1402
49.9908
49.8939
49.22
47.1047
42.4548
34.3981
23.1395
10.8224
-0.0667419
-9.47117
-18.1558
-26.3538
-31.7542
-40.1744
-59.3434
-90.7221
-94.7989
-94.9501
-94.9376
-94.894
-94.8228
-94.7229
-94.5988
-94.4581
-94.3088
-94.1566
-94.0045
-93.8542
-93.706
-93.5597
-93.4151
-93.2718
-93.1293
-92.9875
-92.846
-92.7047
-92.5632
-92.4216
-92.2795
-92.1369
-91.9937
-91.8498
-91.7049
-91.5591
-91.4123
-91.2642
-91.1148
-90.9641
-90.8118
-90.6579
-90.5022
-90.3446
-90.185
-90.0232
-89.859
-89.6924
-89.5231
-89.3509
-89.1756
-88.9971
-88.8149
-88.6289
-88.4389
-88.2443
-88.0449
-87.8403
-87.6301
-87.4136
-87.1904
-86.9598
-86.721
-86.4733
-86.2156
-85.9468
-85.6655
-85.3701
-85.0589
-84.7293
-84.3787
-84.0035
-83.5993
-83.1603
-82.6789
-82.1449
-81.5441
-80.8553
-80.0464
-79.0648
-77.816
-76.1077
-73.4644
-68.2444
-49.588
44.1831
49.964
49.639
48.3736
45.2299
39.2283
29.8931
18.1305
6.43716
-3.69261
-12.7241
-21.3706
-28.9634
-35.5625
-48.2325
-78.3921
-94.296
-94.9296
-94.9501
-94.9216
-94.8669
-94.7846
-94.6757
-94.5459
-94.4028
-94.2533
-94.1018
-93.9508
-93.8014
-93.6539
-93.5082
-93.3638
-93.2206
-93.0781
-92.9362
-92.7946
-92.6531
-92.5114
-92.3695
-92.2273
-92.0845
-91.9411
-91.7969
-91.6518
-91.5058
-91.3588
-91.2105
-91.061
-90.91
-90.7575
-90.6034
-90.4475
-90.2897
-90.1299
-89.9679
-89.8036
-89.6367
-89.4671
-89.2947
-89.1191
-88.9402
-88.7577
-88.5713
-88.3808
-88.1857
-87.9858
-87.7806
-87.5696
-87.3524
-87.1283
-86.8966
-86.6567
-86.4077
-86.1484
-85.8779
-85.5946
-85.2969
-84.9829
-84.6501
-84.2956
-83.9159
-83.506
-83.0601
-82.5702
-82.0252
-81.4098
-80.7013
-79.8646
-78.8409
-77.5229
-75.6854
-72.7414
-66.4659
-39.4303
48.9199
49.9537
49.5779
48.1928
44.8464
38.5776
28.9908
17.1391
5.56129
-4.44801
-13.4234
-22.0516
-29.4449
-36.3497
-50.0816
-81.7116
-94.4918
-94.9431
-94.95
-94.9177
-94.8594
-94.7729
-94.6598
-94.5263
-94.3804
-94.2288
-94.0759
-93.924
-93.774
-93.626
-93.4798
-93.3351
-93.1915
-93.0487
-92.9065
-92.7646
-92.6227
-92.4808
-92.3386
-92.1961
-92.0531
-91.9094
-91.765
-91.6197
-91.4735
-91.3263
-91.1778
-91.0281
-90.877
-90.7243
-90.5701
-90.414
-90.2561
-90.0961
-89.934
-89.7695
-89.6024
-89.4327
-89.2601
-89.0844
-88.9053
-88.7226
-88.536
-88.3452
-88.1499
-87.9497
-87.7441
-87.5328
-87.3151
-87.0906
-86.8584
-86.6179
-86.3681
-86.1081
-85.8366
-85.5522
-85.2532
-84.9377
-84.6031
-84.2466
-83.8642
-83.4512
-83.0014
-82.5065
-81.9552
-81.3314
-80.6114
-79.7582
-78.7094
-77.3496
-75.4313
-72.2911
-65.2609
-31.5512
49.2082
49.9505
49.5577
48.1254
44.6853
38.2746
28.5327
16.6004
5.06037
-4.89446
-13.8413
-22.4515
-29.707
-36.7699
-51.0611
-83.2101
-94.5556
-94.9463
-94.9492
-94.9151
-94.8548
-94.7658
-94.6498
-94.5138
-94.3659
-94.2129
-94.0589
-93.9063
-93.7557
-93.6072
-93.4605
-93.3154
-93.1714
-93.0283
-92.8857
-92.7434
-92.6012
-92.4589
-92.3165
-92.1736
-92.0303
-91.8863
-91.7416
-91.5961
-91.4497
-91.3021
-91.1534
-91.0035
-90.8521
-90.6993
-90.5448
-90.3885
-90.2304
-90.0702
-89.9078
-89.7431
-89.5759
-89.4059
-89.2331
-89.0571
-88.8777
-88.6948
-88.5079
-88.3168
-88.1212
-87.9206
-87.7147
-87.5029
-87.2848
-87.0597
-86.8269
-86.5858
-86.3353
-86.0744
-85.8019
-85.5164
-85.2162
-84.8992
-84.5629
-84.2043
-83.8194
-83.4035
-82.95
-82.4505
-81.8932
-81.2616
-80.5308
-79.6621
-78.5896
-77.1896
-75.193
-71.8558
-64.0123
-22.7901
49.5988
49.9537
49.5628
48.116
44.6179
38.0839
28.1708
16.1119
4.56964
-5.34863
-14.2703
-22.8532
-29.9481
-37.1374
-51.8895
-84.3306
-94.5958
-94.9474
-94.9478
-94.9121
-94.8497
-94.7581
-94.6395
-94.5012
-94.3516
-94.1973
-94.0426
-93.8893
-93.7382
-93.5893
-93.4423
-93.2968
-93.1525
-93.009
-92.866
-92.7234
-92.5809
-92.4384
-92.2956
-92.1525
-92.0089
-91.8646
-91.7197
-91.5739
-91.4272
-91.2795
-91.1306
-90.9804
-90.8288
-90.6757
-90.521
-90.3645
-90.2062
-90.0458
-89.8832
-89.7183
-89.5508
-89.3806
-89.2075
-89.0313
-88.8517
-88.6684
-88.4813
-88.2899
-88.0939
-87.8929
-87.6866
-87.4744
-87.2558
-87.0301
-86.7968
-86.5549
-86.3037
-86.0419
-85.7685
-85.4819
-85.1803
-84.8618
-84.5237
-84.163
-83.7756
-83.3566
-82.8994
-82.3951
-81.8318
-81.1921
-80.4503
-79.5656
-78.4683
-77.0263
-74.9458
-71.3899
-62.5764
-12.3568
49.9523
49.9614
49.5776
48.1161
44.5388
37.8232
27.6504
15.3991
3.85226
-6.01459
-14.8987
-23.4316
-30.2713
-37.6233
-52.9843
-85.6411
-94.6367
-94.9475
-94.9453
-94.9076
-94.8426
-94.748
-94.6267
-94.4862
-94.3351
-94.1799
-94.0244
-93.8707
-93.7193
-93.57
-93.4227
-93.277
-93.1324
-92.9887
-92.8455
-92.7027
-92.5599
-92.4172
-92.2742
-92.1308
-91.987
-91.8426
-91.6975
-91.5516
-91.4047
-91.2568
-91.1077
-90.9574
-90.8056
-90.6524
-90.4976
-90.341
-90.1825
-90.022
-89.8593
-89.6942
-89.5266
-89.3563
-89.183
-89.0066
-88.8268
-88.6434
-88.456
-88.2644
-88.0682
-87.867
-87.6603
-87.4478
-87.2288
-87.0028
-86.769
-86.5266
-86.2747
-86.0123
-85.738
-85.4505
-85.1479
-84.8281
-84.4885
-84.126
-83.7365
-83.3148
-82.8543
-82.346
-81.7773
-81.1305
-80.3789
-79.4799
-78.3603
-76.8794
-74.7201
-70.9522
-61.1258
-1.90227
49.9843
49.9539
49.5161
47.9066
44.0471
36.922
26.3387
13.9428
2.55112
-7.17069
-15.9826
-24.425
-30.8181
-38.524
-55.1621
-87.8278
-94.7045
-94.9482
-94.9419
-94.9016
-94.8334
-94.7357
-94.612
-94.4699
-94.318
-94.1623
-94.0067
-93.8528
-93.7012
-93.5519
-93.4044
-93.2584
-93.1136
-92.9697
-92.8263
-92.6832
-92.5402
-92.3972
-92.254
-92.1104
-91.9664
-91.8218
-91.6765
-91.5304
-91.3833
-91.2352
-91.0859
-90.9354
-90.7835
-90.6301
-90.4751
-90.3183
-90.1597
-89.999
-89.836
-89.6708
-89.503
-89.3324
-89.159
-88.9823
-88.8023
-88.6186
-88.4309
-88.239
-88.0425
-87.8409
-87.6338
-87.4209
-87.2014
-86.9748
-86.7404
-86.4973
-86.2447
-85.9814
-85.7061
-85.4175
-85.1135
-84.7922
-84.4509
-84.0862
-83.6942
-83.2694
-82.8051
-82.2919
-81.717
-81.0619
-80.2988
-79.383
-78.2371
-76.7105
-74.4566
-70.4243
-59.2366
10.7757
49.9907
49.9138
49.3071
47.325
42.8696
35.0236
23.8917
11.5197
0.507792
-8.96572
-17.6754
-25.9363
-31.5678
-39.8375
-58.4795
-90.2418
-94.7823
-94.9494
-94.9378
-94.8942
-94.8225
-94.7215
-94.5953
-94.4518
-94.2992
-94.1433
-93.9877
-93.8338
-93.6821
-93.5327
-93.385
-93.2389
-93.0939
-92.9497
-92.806
-92.6627
-92.5194
-92.3762
-92.2327
-92.0888
-91.9446
-91.7997
-91.6541
-91.5077
-91.3603
-91.212
-91.0624
-90.9116
-90.7595
-90.6058
-90.4505
-90.2934
-90.1344
-89.9734
-89.8101
-89.6445
-89.4763
-89.3054
-89.1315
-88.9544
-88.7739
-88.5897
-88.4016
-88.2091
-88.0119
-87.8097
-87.6019
-87.3882
-87.1678
-86.9403
-86.7049
-86.4607
-86.2068
-85.9421
-85.6652
-85.3748
-85.0688
-84.7451
-84.401
-84.0331
-83.6372
-83.2077
-82.7376
-82.2172
-81.633
-80.9657
-80.1855
-79.2449
-78.0597
-76.4636
-74.0627
-69.6001
-55.9564
28.1358
49.9821
49.77
48.7723
46.0732
40.6351
31.8059
20.1985
8.21956
-2.20355
-11.371
-20.0308
-27.9285
-33.9118
-44.5208
-70.2755
-93.5694
-94.8942
-94.9502
-94.9278
-94.8773
-94.7987
-94.6922
-94.5627
-94.4182
-94.2659
-94.1109
-93.9562
-93.8032
-93.6522
-93.5031
-93.3556
-93.2095
-93.0645
-92.9201
-92.7763
-92.6327
-92.4892
-92.3456
-92.2018
-92.0576
-91.9129
-91.7677
-91.6217
-91.4748
-91.3271
-91.1783
-91.0283
-90.877
-90.7243
-90.5701
-90.4142
-90.2566
-90.097
-89.9353
-89.7714
-89.6051
-89.4362
-89.2645
-89.0898
-88.9119
-88.7305
-88.5453
-88.3561
-88.1625
-87.9641
-87.7606
-87.5514
-87.3361
-87.1142
-86.8848
-86.6474
-86.4009
-86.1446
-85.8771
-85.5972
-85.3033
-84.9934
-84.6652
-84.3158
-83.9418
-83.5385
-83.1003
-82.6194
-82.0855
-81.4839
-80.7932
-79.9806
-78.992
-77.73
-75.9949
-73.2859
-67.8368
-47.4568
46.2387
49.9612
49.6218
48.3231
45.1241
39.0512
29.6507
17.867
6.20689
-3.88927
-12.9053
-21.5481
-29.0923
-35.7733
-48.7264
-79.3415
-94.3607
-94.9339
-94.9497
-94.9197
-94.8632
-94.7785
-94.6665
-94.5332
-94.3864
-94.2331
-94.0778
-93.9231
-93.7702
-93.6193
-93.4703
-93.3229
-93.1767
-93.0315
-92.887
-92.743
-92.5991
-92.4554
-92.3115
-92.1674
-92.0229
-91.8779
-91.7323
-91.586
-91.4388
-91.2906
-91.1413
-90.9909
-90.8392
-90.686
-90.5313
-90.3749
-90.2167
-90.0565
-89.8942
-89.7296
-89.5626
-89.393
-89.2205
-89.045
-88.8661
-88.6838
-88.4976
-88.3073
-88.1125
-87.9128
-87.7079
-87.4973
-87.2804
-87.0566
-86.8253
-86.5857
-86.3369
-86.0779
-85.8075
-85.5243
-85.2266
-84.9124
-84.5793
-84.2242
-83.8434
-83.4321
-82.9841
-82.4912
-81.942
-81.3207
-80.6035
-79.7535
-78.7088
-77.3546
-75.4453
-72.3239
-65.3603
-32.2304
49.214
49.9505
49.5582
48.1277
44.6924
38.2901
28.5585
16.6329
5.09191
-4.86579
-13.8144
-22.4261
-29.6911
-36.7451
-51.0047
-83.1302
-94.5525
-94.946
-94.9489
-94.9145
-94.8536
-94.7636
-94.6462
-94.5082
-94.3579
-94.2023
-94.0457
-93.8904
-93.7371
-93.5861
-93.437
-93.2895
-93.1433
-92.9981
-92.8535
-92.7093
-92.5653
-92.4214
-92.2774
-92.1331
-91.9883
-91.8431
-91.6972
-91.5506
-91.403
-91.2545
-91.1049
-90.9541
-90.802
-90.6484
-90.4933
-90.3364
-90.1777
-90.017
-89.8542
-89.689
-89.5214
-89.3511
-89.1779
-89.0016
-88.822
-88.6387
-88.4516
-88.2603
-88.0644
-87.8636
-87.6574
-87.4454
-87.227
-87.0016
-86.7685
-86.5269
-86.2758
-86.0144
-85.7412
-85.4549
-85.1536
-84.8353
-84.4974
-84.1368
-83.7495
-83.3304
-82.873
-82.3683
-81.8042
-81.1633
-80.4195
-79.5315
-78.4285
-76.9758
-74.8728
-71.255
-62.1466
-9.24055
49.9688
49.962
49.5743
48.0941
44.4693
37.6698
27.3953
15.0862
3.55614
-6.28326
-15.151
-23.6629
-30.3986
-37.8233
-53.4524
-86.1566
-94.6525
-94.9475
-94.9441
-94.9055
-94.839
-94.7426
-94.6194
-94.4769
-94.3238
-94.1666
-94.0092
-93.8536
-93.7004
-93.5494
-93.4004
-93.253
-93.1069
-92.9617
-92.8171
-92.6729
-92.5289
-92.3849
-92.2408
-92.0964
-91.9516
-91.8062
-91.6602
-91.5134
-91.3657
-91.217
-91.0673
-90.9163
-90.7639
-90.6101
-90.4547
-90.2975
-90.1385
-89.9775
-89.8143
-89.6488
-89.4808
-89.3101
-89.1364
-88.9596
-88.7795
-88.5956
-88.4079
-88.2158
-88.0192
-87.8175
-87.6104
-87.3974
-87.1778
-86.9512
-86.7167
-86.4735
-86.2208
-85.9574
-85.682
-85.3931
-85.0889
-84.7673
-84.4255
-84.0603
-83.6676
-83.2419
-82.7763
-82.2615
-81.6843
-81.0261
-80.2585
-79.336
-78.1791
-76.6326
-74.3363
-70.1815
-58.3197
16.2908
49.9904
49.8785
49.157
46.9501
42.1698
33.9763
22.6419
10.3688
-0.439772
-9.8005
-18.47
-26.6235
-31.9988
-40.6349
-60.5285
-91.2768
-94.8168
-94.95
-94.9356
-94.8902
-94.8165
-94.7135
-94.5855
-94.4405
-94.2866
-94.1295
-93.9728
-93.8178
-93.665
-93.5144
-93.3657
-93.2185
-93.0724
-92.9272
-92.7825
-92.6382
-92.4941
-92.35
-92.2057
-92.0611
-91.916
-91.7704
-91.6241
-91.4771
-91.3291
-91.1801
-91.03
-90.8787
-90.7259
-90.5717
-90.4159
-90.2583
-90.0989
-89.9374
-89.7736
-89.6076
-89.4389
-89.2676
-89.0932
-88.9157
-88.7347
-88.55
-88.3614
-88.1683
-87.9706
-87.7678
-87.5594
-87.345
-87.1239
-86.8956
-86.6592
-86.414
-86.159
-85.893
-85.6147
-85.3226
-85.0147
-84.6888
-84.3421
-83.971
-83.5713
-83.1373
-82.6615
-82.1338
-81.5402
-80.86
-80.0619
-79.0945
-77.8664
-76.1925
-73.6209
-68.625
-51.5181
41.2333
49.9672
49.6601
48.4358
45.3598
39.4442
30.1864
18.4472
6.71158
-3.46012
-12.5108
-21.1609
-28.8082
-35.3095
-47.6445
-77.217
-94.2106
-94.9238
-94.9495
-94.9217
-94.8669
-94.7838
-94.6733
-94.5409
-94.3943
-94.2407
-94.0848
-93.9294
-93.7756
-93.6238
-93.4739
-93.3256
-93.1787
-93.0328
-92.8876
-92.7429
-92.5985
-92.4542
-92.3099
-92.1654
-92.0205
-91.8751
-91.7291
-91.5825
-91.435
-91.2866
-91.1372
-90.9866
-90.8347
-90.6814
-90.5266
-90.3702
-90.2119
-90.0518
-89.8895
-89.725
-89.5581
-89.3886
-89.2162
-89.0409
-88.8623
-88.6801
-88.4942
-88.3042
-88.1097
-87.9104
-87.7059
-87.4957
-87.2793
-87.056
-86.8253
-86.5863
-86.3382
-86.0799
-85.8103
-85.528
-85.2313
-84.9181
-84.5862
-84.2325
-83.8533
-83.4438
-82.998
-82.5077
-81.9617
-81.3443
-80.6324
-79.7898
-78.7558
-77.4191
-75.543
-72.5018
-65.8477
-35.4829
49.1753
49.9514
49.5641
48.1494
44.7475
38.3986
28.7283
16.8373
5.28488
-4.69232
-13.6516
-22.2709
-29.5912
-36.5862
-50.6361
-82.5827
-94.5302
-94.9449
-94.9491
-94.9153
-94.8549
-94.7655
-94.6486
-94.5108
-94.3605
-94.2045
-94.0474
-93.8913
-93.7374
-93.5856
-93.4358
-93.2876
-93.1408
-92.9949
-92.8498
-92.7051
-92.5606
-92.4163
-92.2718
-92.1271
-91.9821
-91.8365
-91.6903
-91.5434
-91.3957
-91.247
-91.0972
-90.9463
-90.794
-90.6403
-90.4851
-90.3282
-90.1694
-90.0087
-89.8459
-89.6808
-89.5132
-89.343
-89.1699
-88.9937
-88.8142
-88.6311
-88.4442
-88.2531
-88.0574
-87.8569
-87.6509
-87.4392
-87.2211
-86.9961
-86.7633
-86.5221
-86.2715
-86.0105
-85.7379
-85.4521
-85.1514
-84.8338
-84.4966
-84.1368
-83.7504
-83.3324
-82.8762
-82.3729
-81.8105
-81.1717
-80.4307
-79.5465
-78.449
-77.0056
-74.9206
-71.3492
-62.4546
-11.4847
49.958
49.9618
49.578
48.1135
44.5258
37.7895
27.5894
15.3201
3.77526
-6.08526
-14.9652
-23.4924
-30.3045
-37.6745
-53.1031
-85.7745
-94.6408
-94.9474
-94.9447
-94.9064
-94.8403
-94.7443
-94.6211
-94.4784
-94.3248
-94.167
-94.0089
-93.8526
-93.6987
-93.547
-93.3974
-93.2495
-93.1028
-92.9571
-92.8121
-92.6674
-92.523
-92.3787
-92.2342
-92.0895
-91.9444
-91.7987
-91.6525
-91.5054
-91.3576
-91.2087
-91.0588
-90.9077
-90.7552
-90.6013
-90.4458
-90.2886
-90.1296
-89.9686
-89.8054
-89.6399
-89.4719
-89.3012
-89.1276
-88.9509
-88.7709
-88.5872
-88.3995
-88.2077
-88.0112
-87.8097
-87.6028
-87.39
-87.1707
-86.9443
-86.7101
-86.4672
-86.2148
-85.9517
-85.6767
-85.3882
-85.0844
-84.7632
-84.422
-84.0573
-83.6652
-83.2401
-82.7753
-82.2613
-81.6852
-81.0283
-80.2622
-79.3418
-78.1879
-76.6465
-74.3601
-70.2325
-58.5182
15.1312
49.9906
49.887
49.1912
47.0335
42.3224
34.2007
22.9047
10.6068
-0.244552
-9.62823
-18.3056
-26.4826
-31.8139
-40.2835
-59.6246
-90.8674
-94.8038
-94.9498
-94.9363
-94.8914
-94.8181
-94.7152
-94.5871
-94.4416
-94.2871
-94.1294
-93.9719
-93.8162
-93.6628
-93.5116
-93.3623
-93.2146
-93.068
-92.9224
-92.7773
-92.6327
-92.4882
-92.3438
-92.1992
-92.0543
-91.909
-91.7632
-91.6168
-91.4695
-91.3214
-91.1723
-91.0221
-90.8706
-90.7179
-90.5636
-90.4078
-90.2502
-90.0907
-89.9292
-89.7656
-89.5995
-89.431
-89.2597
-89.0854
-88.908
-88.7272
-88.5427
-88.3542
-88.1613
-87.9638
-87.7612
-87.5531
-87.3389
-87.1181
-86.8901
-86.6541
-86.4092
-86.1545
-85.889
-85.6111
-85.3194
-85.012
-84.6867
-84.3406
-83.9702
-83.5713
-83.1381
-82.6633
-82.1368
-81.5445
-80.8661
-80.0703
-79.1062
-77.883
-76.2177
-73.6644
-68.7257
-52.0084
40.2689
49.9683
49.667
48.456
45.4021
39.5141
30.2811
18.549
6.79954
-3.38603
-12.4431
-21.0942
-28.7583
-35.2282
-47.4573
-76.8316
-94.1813
-94.922
-94.9494
-94.9219
-94.8673
-94.7844
-94.6738
-94.5412
-94.3943
-94.2403
-94.0839
-93.9279
-93.7736
-93.6214
-93.471
-93.3223
-93.175
-93.0287
-92.8831
-92.7381
-92.5934
-92.4488
-92.3042
-92.1595
-92.0143
-91.8688
-91.7227
-91.5759
-91.4283
-91.2798
-91.1302
-90.9796
-90.8276
-90.6743
-90.5195
-90.3631
-90.2048
-90.0447
-89.8825
-89.7181
-89.5512
-89.3818
-89.2096
-89.0343
-88.8558
-88.6739
-88.4881
-88.2983
-88.104
-87.905
-87.7007
-87.4907
-87.2746
-87.0516
-86.8212
-86.5826
-86.3348
-86.077
-85.8078
-85.526
-85.2298
-84.9172
-84.5859
-84.2329
-83.8544
-83.4459
-83.001
-82.5119
-81.9673
-81.3517
-80.6421
-79.8025
-78.7729
-77.4432
-75.58
-72.5692
-66.0302
-36.6717
49.1273
49.9519
49.5674
48.1603
44.773
38.4458
28.7986
16.9192
5.36053
-4.62515
-13.5887
-22.2108
-29.5516
-36.5224
-50.487
-82.3545
-94.5205
-94.9444
-94.9492
-94.9155
-94.8553
-94.7661
-94.6493
-94.5115
-94.361
-94.2047
-94.0472
-93.8908
-93.7363
-93.5841
-93.4339
-93.2854
-93.1382
-92.992
-92.8466
-92.7016
-92.5569
-92.4123
-92.2676
-92.1227
-91.9775
-91.8318
-91.6855
-91.5385
-91.3907
-91.2419
-91.0921
-90.9411
-90.7888
-90.6351
-90.4799
-90.323
-90.1643
-90.0037
-89.841
-89.676
-89.5085
-89.3384
-89.1654
-88.9894
-88.8101
-88.6273
-88.4406
-88.2497
-88.0543
-87.854
-87.6484
-87.437
-87.2192
-86.9946
-86.7622
-86.5215
-86.2714
-86.0109
-85.7388
-85.4536
-85.1536
-84.8367
-84.5004
-84.1416
-83.7563
-83.3395
-82.8847
-82.3832
-81.823
-81.1869
-80.4495
-79.5703
-78.4804
-77.0495
-74.9892
-71.4822
-62.8799
-14.5861
49.9311
49.96
49.5752
48.1186
44.5615
37.8896
27.7769
15.5676
4.01897
-5.8607
-14.7537
-23.2989
-30.1989
-37.5135
-52.7329
-85.3557
-94.6281
-94.9474
-94.9455
-94.9077
-94.8423
-94.7469
-94.6241
-94.4816
-94.3279
-94.1698
-94.0114
-93.8547
-93.7003
-93.5483
-93.3983
-93.25
-93.103
-92.957
-92.8117
-92.6668
-92.5222
-92.3776
-92.233
-92.0881
-91.9428
-91.7971
-91.6507
-91.5036
-91.3557
-91.2068
-91.0568
-90.9057
-90.7532
-90.5993
-90.4439
-90.2867
-90.1278
-89.9669
-89.8038
-89.6384
-89.4706
-89.3
-89.1266
-88.9501
-88.7703
-88.5868
-88.3994
-88.2078
-88.0116
-87.8105
-87.6039
-87.3915
-87.1726
-86.9466
-86.7129
-86.4706
-86.2187
-85.9563
-85.6819
-85.3942
-85.0913
-84.7711
-84.4309
-84.0675
-83.6767
-83.2534
-82.7905
-82.279
-81.706
-81.0529
-80.2922
-79.3793
-78.2372
-76.716
-74.4714
-70.462
-59.3858
9.81627
49.9905
49.9186
49.3291
47.3821
42.9787
35.1904
24.0951
11.7104
0.665037
-8.82779
-17.5446
-25.8215
-31.5146
-39.7412
-58.2316
-90.0938
-94.7773
-94.9491
-94.9376
-94.8939
-94.8217
-94.7197
-94.5921
-94.4468
-94.2921
-94.1339
-93.976
-93.8198
-93.666
-93.5144
-93.3648
-93.2167
-93.0699
-92.924
-92.7788
-92.6339
-92.4893
-92.3447
-92.2
-92.055
-91.9097
-91.7638
-91.6173
-91.4701
-91.322
-91.1729
-91.0227
-90.8714
-90.7187
-90.5645
-90.4088
-90.2513
-90.092
-89.9307
-89.7673
-89.6014
-89.4331
-89.2621
-89.0882
-88.9111
-88.7306
-88.5464
-88.3583
-88.1659
-87.9688
-87.7667
-87.5591
-87.3455
-87.1253
-86.898
-86.6627
-86.4186
-86.1648
-85.9002
-85.6234
-85.3329
-85.0269
-84.703
-84.3586
-83.9902
-83.5935
-83.1631
-82.6915
-82.169
-81.5818
-80.9101
-80.1236
-79.1729
-77.971
-76.3438
-73.8735
-69.1952
-54.1944
34.6179
49.9746
49.7107
48.5868
45.6762
39.9691
30.897
19.212
7.37018
-2.90785
-12.0073
-20.6633
-28.4291
-34.6982
-46.2497
-74.2497
-93.9729
-94.9111
-94.9495
-94.9241
-94.8711
-94.7897
-94.6805
-94.5486
-94.402
-94.2479
-94.0912
-93.9349
-93.7802
-93.6275
-93.4768
-93.3278
-93.1802
-93.0336
-92.8879
-92.7427
-92.5978
-92.4531
-92.3084
-92.1636
-92.0184
-91.8728
-91.7267
-91.5799
-91.4324
-91.2839
-91.1344
-90.9839
-90.832
-90.6789
-90.5242
-90.3679
-90.2099
-90.05
-89.888
-89.7239
-89.5573
-89.3882
-89.2163
-89.0415
-88.8634
-88.6818
-88.4966
-88.3072
-88.1135
-87.915
-87.7114
-87.5021
-87.2867
-87.0645
-86.835
-86.5973
-86.3506
-86.0939
-85.826
-85.5455
-85.2509
-84.9401
-84.6108
-84.2601
-83.8843
-83.4789
-83.0378
-82.5533
-82.0145
-81.4062
-80.7064
-79.8804
-78.8714
-77.5751
-75.7747
-72.913
-66.9244
-42.2516
48.4753
49.956
49.5906
48.231
44.9284
38.7187
29.189
17.359
5.75753
-4.2772
-13.2646
-21.8979
-29.3393
-36.1769
-49.6753
-81.0373
-94.4587
-94.9407
-94.9495
-94.9173
-94.8585
-94.771
-94.656
-94.5197
-94.3702
-94.2144
-94.0571
-93.9005
-93.7459
-93.5934
-93.4429
-93.2941
-93.1467
-93.0002
-92.8546
-92.7094
-92.5646
-92.4199
-92.2751
-92.1302
-91.9849
-91.8392
-91.6929
-91.5459
-91.3982
-91.2495
-91.0998
-90.9489
-90.7968
-90.6433
-90.4882
-90.3316
-90.1731
-90.0128
-89.8503
-89.6856
-89.5185
-89.3488
-89.1762
-89.0007
-88.8218
-88.6395
-88.4533
-88.263
-88.0683
-87.8687
-87.6638
-87.4532
-87.2363
-87.0126
-86.7813
-86.5416
-86.2928
-86.0337
-85.7631
-85.4796
-85.1815
-84.8668
-84.533
-84.177
-83.795
-83.3821
-82.9321
-82.4363
-81.8834
-81.2568
-80.5322
-79.6711
-78.609
-77.2246
-75.2558
-71.9837
-64.4011
-25.5731
49.2089
49.9517
49.5593
48.1153
44.6336
38.138
28.2806
16.2648
4.72529
-5.20365
-14.1333
-22.7257
-29.8735
-37.0254
-51.6396
-84.0078
-94.5849
-94.947
-94.9477
-94.912
-94.8491
-94.7566
-94.6364
-94.4957
-94.343
-94.1854
-94.027
-93.8701
-93.7154
-93.563
-93.4127
-93.2641
-93.1168
-92.9705
-92.8249
-92.6799
-92.5351
-92.3904
-92.2456
-92.1006
-91.9552
-91.8094
-91.663
-91.5159
-91.368
-91.2191
-91.0692
-90.9181
-90.7657
-90.6119
-90.4566
-90.2996
-90.1408
-89.98
-89.8172
-89.652
-89.4844
-89.3142
-89.1411
-88.9649
-88.7854
-88.6024
-88.4154
-88.2243
-88.0287
-87.8281
-87.6222
-87.4104
-87.1923
-86.9672
-86.7343
-86.493
-86.2423
-85.9811
-85.7081
-85.422
-85.1209
-84.8027
-84.4648
-84.1041
-83.7166
-83.297
-82.8389
-82.3332
-81.7675
-81.1241
-80.3766
-79.4827
-78.3701
-76.8998
-74.7597
-71.0395
-61.4334
-4.10669
49.9814
49.957
49.5368
47.9711
44.1887
37.1673
26.6779
14.302
2.86312
-6.89589
-15.725
-24.1902
-30.6913
-38.3091
-54.6319
-87.3447
-94.6895
-94.9478
-94.9422
-94.902
-94.8335
-94.7351
-94.6099
-94.4657
-94.3111
-94.1526
-93.9941
-93.8373
-93.683
-93.5309
-93.3809
-93.2325
-93.0855
-92.9394
-92.7939
-92.649
-92.5043
-92.3596
-92.2149
-92.0699
-91.9246
-91.7788
-91.6324
-91.4852
-91.3372
-91.1883
-91.0383
-90.8871
-90.7346
-90.5807
-90.4253
-90.2681
-90.1091
-89.9482
-89.7851
-89.6197
-89.4518
-89.2813
-89.1079
-88.9313
-88.7514
-88.5679
-88.3805
-88.1889
-87.9926
-87.7914
-87.5848
-87.3722
-87.1532
-86.9271
-86.6931
-86.4506
-86.1985
-85.9357
-85.661
-85.3728
-85.0693
-84.7485
-84.4075
-84.0431
-83.6512
-83.2263
-82.7616
-82.2477
-81.6714
-81.0141
-80.2473
-79.3255
-78.169
-76.6224
-74.3243
-70.1612
-58.2426
16.7258
49.9903
49.8751
49.1436
46.9179
42.111
33.8901
22.5413
10.2778
-0.514529
-9.86661
-18.5332
-26.6773
-32.0699
-40.7714
-60.8801
-91.4224
-94.8214
-94.95
-94.935
-94.8892
-94.8149
-94.7111
-94.5821
-94.4362
-94.2812
-94.1231
-93.9652
-93.8091
-93.6553
-93.5037
-93.354
-93.2059
-93.059
-92.913
-92.7677
-92.6227
-92.478
-92.3333
-92.1885
-92.0435
-91.8981
-91.7521
-91.6056
-91.4583
-91.3101
-91.161
-91.0108
-90.8594
-90.7067
-90.5525
-90.3968
-90.2393
-90.08
-89.9187
-89.7553
-89.5895
-89.4212
-89.2501
-89.0762
-88.8991
-88.7187
-88.5345
-88.3464
-88.154
-87.957
-87.7549
-87.5473
-87.3336
-87.1135
-86.8861
-86.6507
-86.4066
-86.1528
-85.888
-85.6111
-85.3205
-85.0142
-84.6901
-84.3454
-83.9766
-83.5794
-83.1483
-82.6758
-82.1522
-81.5635
-80.8897
-80.1001
-79.1447
-77.9351
-76.2939
-73.7927
-69.0166
-53.3784
37.0093
49.9718
49.6914
48.5285
45.554
39.7663
30.6228
18.9172
7.11708
-3.1191
-12.1993
-20.8534
-28.5758
-34.9333
-46.7816
-75.4093
-94.0703
-94.9159
-94.9494
-94.9231
-94.8693
-94.7871
-94.6772
-94.5448
-94.3978
-94.2434
-94.0865
-93.93
-93.7752
-93.6224
-93.4716
-93.3224
-93.1747
-93.0281
-92.8822
-92.7369
-92.592
-92.4472
-92.3024
-92.1575
-92.0123
-91.8667
-91.7205
-91.5737
-91.4262
-91.2777
-91.1282
-90.9777
-90.8259
-90.6728
-90.5181
-90.3619
-90.204
-90.0441
-89.8822
-89.7182
-89.5517
-89.3827
-89.2109
-89.0362
-88.8582
-88.6769
-88.4917
-88.3025
-88.109
-87.9107
-87.7073
-87.4982
-87.283
-87.0611
-86.8318
-86.5943
-86.3479
-86.0915
-85.8239
-85.5438
-85.2495
-84.9391
-84.6103
-84.26
-83.8848
-83.4799
-83.0395
-82.5558
-82.0179
-81.4108
-80.7124
-79.8884
-78.8821
-77.5901
-75.7975
-72.9537
-67.0278
-42.8664
48.3315
49.9565
49.5938
48.2405
44.9489
38.7539
29.2384
17.4139
5.80644
-4.23475
-13.2252
-21.8597
-29.3128
-36.1337
-49.5733
-80.8637
-94.4497
-94.94
-94.9495
-94.9174
-94.8589
-94.7715
-94.6566
-94.5203
-94.3708
-94.215
-94.0574
-93.9008
-93.746
-93.5933
-93.4427
-93.2937
-93.1461
-92.9996
-92.8538
-92.7086
-92.5637
-92.4189
-92.2741
-92.1292
-91.9839
-91.8382
-91.6919
-91.5449
-91.3972
-91.2486
-91.0989
-90.9481
-90.7961
-90.6427
-90.4878
-90.3312
-90.1729
-90.0127
-89.8504
-89.6859
-89.5189
-89.3494
-89.1771
-89.0018
-88.8232
-88.6411
-88.4552
-88.2653
-88.0708
-87.8716
-87.6671
-87.4569
-87.2405
-87.0172
-86.7865
-86.5474
-86.2992
-86.0407
-85.7709
-85.4882
-85.191
-84.8773
-84.5446
-84.1899
-83.8094
-83.3984
-82.9504
-82.4572
-81.9075
-81.285
-80.5658
-79.7124
-78.6618
-77.2966
-75.3646
-72.1842
-64.9774
-29.6082
49.1616
49.9505
49.5567
48.1185
44.6619
38.2207
28.4397
16.4811
4.94351
-5.00134
-13.9421
-22.5467
-29.7661
-36.8618
-51.2716
-83.5095
-94.567
-94.9464
-94.9483
-94.9132
-94.8512
-94.7597
-94.6405
-94.5005
-94.3483
-94.1909
-94.0325
-93.8754
-93.7206
-93.568
-93.4176
-93.2688
-93.1213
-92.9749
-92.8293
-92.6841
-92.5392
-92.3945
-92.2496
-92.1046
-91.9593
-91.8135
-91.6671
-91.52
-91.3722
-91.2234
-91.0735
-90.9225
-90.7703
-90.6166
-90.4615
-90.3046
-90.146
-89.9855
-89.8228
-89.6579
-89.4906
-89.3206
-89.1478
-88.972
-88.7928
-88.6101
-88.4236
-88.2329
-88.0377
-87.8377
-87.6323
-87.4211
-87.2036
-86.9792
-86.7471
-86.5066
-86.2567
-85.9965
-85.7246
-85.4397
-85.14
-84.8233
-84.4872
-84.1285
-83.7434
-83.3267
-82.8719
-82.3703
-81.8099
-81.1734
-80.4351
-79.5545
-78.4621
-77.0266
-74.9562
-71.4213
-62.6886
-13.1898
49.9455
49.9608
49.5766
48.1168
44.5465
37.8463
27.6948
15.4583
3.91095
-5.9604
-14.8477
-23.385
-30.2461
-37.5852
-52.8973
-85.5438
-94.6338
-94.9473
-94.945
-94.9069
-94.841
-94.7451
-94.6217
-94.4786
-94.3244
-94.1658
-94.007
-93.8499
-93.6952
-93.5428
-93.3926
-93.244
-93.0968
-92.9505
-92.805
-92.66
-92.5152
-92.3705
-92.2258
-92.0808
-91.9355
-91.7898
-91.6434
-91.4963
-91.3484
-91.1996
-91.0498
-90.8987
-90.7464
-90.5927
-90.4375
-90.2805
-90.1218
-89.9611
-89.7984
-89.6333
-89.4658
-89.2956
-89.1226
-88.9465
-88.7671
-88.5841
-88.3972
-88.2062
-88.0106
-87.81
-87.6041
-87.3924
-87.1742
-86.9491
-86.7162
-86.4748
-86.224
-85.9627
-85.6895
-85.4031
-85.1017
-84.7831
-84.4447
-84.0834
-83.695
-83.2745
-82.815
-82.3075
-81.7395
-81.0929
-80.3408
-79.4402
-78.317
-76.828
-74.6491
-70.8219
-60.6825
1.1806
49.987
49.948
49.4803
47.7991
43.8165
36.5311
25.8092
13.3934
2.07842
-7.58674
-16.3735
-24.7789
-31.0039
-38.8422
-55.9557
-88.4981
-94.7256
-94.9482
-94.9403
-94.8987
-94.8287
-94.7287
-94.6023
-94.4574
-94.3026
-94.144
-93.9855
-93.8288
-93.6744
-93.5224
-93.3724
-93.224
-93.077
-92.9309
-92.7854
-92.6405
-92.4958
-92.3512
-92.2064
-92.0615
-91.9162
-91.7704
-91.6241
-91.477
-91.3291
-91.1802
-91.0303
-90.8792
-90.7269
-90.5731
-90.4177
-90.2607
-90.1019
-89.9411
-89.7782
-89.6129
-89.4453
-89.2749
-89.1017
-88.9254
-88.7457
-88.5624
-88.3752
-88.1839
-87.9879
-87.7869
-87.5806
-87.3683
-87.1496
-86.9239
-86.6903
-86.4481
-86.1964
-85.9341
-85.6598
-85.3722
-85.0692
-84.749
-84.4086
-84.045
-83.6539
-83.2299
-82.7663
-82.2536
-81.6789
-81.0235
-80.2593
-79.341
-78.19
-76.6526
-74.3733
-70.263
-58.6335
14.4474
49.9907
49.8917
49.2109
47.0819
42.4117
34.3331
23.0612
10.7496
-0.127196
-9.52472
-18.2068
-26.3976
-31.7729
-40.2082
-59.4303
-90.7683
-94.8004
-94.9496
-94.9363
-94.8915
-94.8181
-94.715
-94.5864
-94.4404
-94.2852
-94.1268
-93.9686
-93.8123
-93.6582
-93.5064
-93.3566
-93.2084
-93.0614
-92.9154
-92.77
-92.625
-92.4803
-92.3357
-92.1909
-92.0459
-91.9006
-91.7548
-91.6083
-91.4611
-91.3131
-91.1642
-91.0141
-90.8629
-90.7104
-90.5565
-90.401
-90.2438
-90.0847
-89.9237
-89.7606
-89.5951
-89.4272
-89.2565
-89.083
-88.9064
-88.7264
-88.5427
-88.3551
-88.1633
-87.9668
-87.7654
-87.5585
-87.3456
-87.1262
-86.8997
-86.6653
-86.4222
-86.1694
-85.906
-85.6304
-85.3413
-85.0367
-84.7145
-84.372
-84.0057
-83.6115
-83.1839
-82.7157
-82.1973
-81.6153
-80.9504
-80.1728
-79.2351
-78.0534
-76.4617
-74.0673
-69.6187
-56.0384
27.7694
49.9825
49.7735
48.7835
46.0974
40.6757
31.8611
20.2582
8.27055
-2.16184
-11.3336
-19.9936
-27.8983
-33.8648
-44.4194
-70.0324
-93.5389
-94.8929
-94.9499
-94.9274
-94.8766
-94.7973
-94.6896
-94.5586
-94.4121
-94.2576
-94.1003
-93.9433
-93.7881
-93.6349
-93.4837
-93.3344
-93.1865
-93.0397
-92.8938
-92.7485
-92.6035
-92.4588
-92.3141
-92.1692
-92.0241
-91.8786
-91.7326
-91.586
-91.4386
-91.2904
-91.1412
-90.9909
-90.8394
-90.6866
-90.5323
-90.3765
-90.2189
-90.0595
-89.8981
-89.7345
-89.5686
-89.4001
-89.2289
-89.0548
-88.8776
-88.6969
-88.5125
-88.3242
-88.1315
-87.9342
-87.7318
-87.5238
-87.3098
-87.0892
-86.8613
-86.6254
-86.3807
-86.1261
-85.8606
-85.5828
-85.2911
-84.9836
-84.6581
-84.3117
-83.9409
-83.5413
-83.1072
-82.6312
-82.1029
-81.5083
-80.8263
-80.0252
-79.0529
-77.8159
-76.1247
-73.5123
-68.3785
-50.2878
43.2436
49.965
49.6458
48.3939
45.2726
39.2998
29.9911
18.2371
6.53014
-3.61349
-12.6514
-21.2993
-28.9111
-35.4777
-48.0364
-78.0076
-94.2688
-94.9274
-94.9494
-94.9206
-94.8649
-94.7807
-94.6689
-94.5351
-94.3873
-94.2324
-94.0753
-93.9187
-93.7638
-93.611
-93.4602
-93.3111
-93.1633
-93.0166
-92.8708
-92.7255
-92.5805
-92.4357
-92.2909
-92.146
-92.0008
-91.8552
-91.709
-91.5622
-91.4146
-91.2662
-91.1167
-90.9662
-90.8144
-90.6613
-90.5067
-90.3505
-90.1925
-90.0327
-89.8709
-89.7068
-89.5404
-89.3714
-89.1997
-89.025
-88.847
-88.6657
-88.4806
-88.2914
-88.0979
-87.8996
-87.6962
-87.4871
-87.2719
-87.05
-86.8207
-86.5832
-86.3367
-86.0802
-85.8125
-85.5323
-85.2378
-84.9273
-84.5981
-84.2475
-83.8719
-83.4665
-83.0254
-82.5407
-82.0017
-81.3929
-80.6923
-79.8651
-78.8537
-77.5533
-75.7447
-72.8624
-66.7977
-41.484
48.6268
49.9553
49.5868
48.2198
44.9044
38.6777
29.1317
17.2956
5.70105
-4.32623
-13.3101
-21.942
-29.3698
-36.227
-49.7931
-81.2367
-94.4687
-94.9413
-94.9494
-94.9169
-94.8579
-94.77
-94.6545
-94.5177
-94.3677
-94.2116
-94.0539
-93.897
-93.7421
-93.5894
-93.4387
-93.2897
-93.1421
-92.9955
-92.8497
-92.7045
-92.5595
-92.4148
-92.27
-92.125
-91.9798
-91.8341
-91.6879
-91.541
-91.3933
-91.2447
-91.0951
-90.9444
-90.7925
-90.6392
-90.4844
-90.3279
-90.1698
-90.0097
-89.8475
-89.6832
-89.5164
-89.3471
-89.1749
-88.9998
-88.8214
-88.6396
-88.454
-88.2642
-88.0701
-87.8711
-87.6669
-87.4571
-87.241
-87.0181
-86.7877
-86.5491
-86.3013
-86.0433
-85.774
-85.4919
-85.1954
-84.8824
-84.5505
-84.1967
-83.8173
-83.4074
-82.9608
-82.4694
-81.9217
-81.3019
-80.5862
-79.7377
-78.6943
-77.3411
-75.4319
-72.3071
-65.3222
-31.9731
49.2112
49.9504
49.5578
48.1262
44.688
38.2809
28.5436
16.6143
5.07407
-4.88195
-13.8296
-22.4405
-29.7002
-36.7593
-51.0375
-83.1771
-94.5542
-94.9459
-94.9486
-94.9139
-94.8524
-94.7615
-94.6429
-94.5035
-94.3516
-94.1942
-94.0358
-93.8788
-93.7238
-93.5712
-93.4206
-93.2717
-93.1242
-92.9777
-92.832
-92.6868
-92.542
-92.3972
-92.2524
-92.1074
-91.9621
-91.8164
-91.6701
-91.5231
-91.3753
-91.2267
-91.0769
-90.9261
-90.774
-90.6205
-90.4655
-90.3089
-90.1505
-89.9902
-89.8278
-89.6631
-89.4961
-89.3264
-89.154
-88.9785
-88.7997
-88.6174
-88.4313
-88.2411
-88.0463
-87.8468
-87.642
-87.4314
-87.2145
-86.9908
-86.7594
-86.5198
-86.2708
-86.0116
-85.7408
-85.4571
-85.1588
-84.8436
-84.5093
-84.1527
-83.7699
-83.356
-82.9046
-82.4071
-81.8518
-81.2221
-80.4929
-79.6251
-78.5524
-77.1499
-75.1448
-71.7793
-63.7974
-21.249
49.722
49.9549
49.565
48.1163
44.6073
38.0481
28.0986
16.012
4.46807
-5.44315
-14.3596
-22.9361
-29.9958
-37.209
-52.0496
-84.5344
-94.6024
-94.9472
-94.9469
-94.9103
-94.8464
-94.7525
-94.631
-94.4892
-94.3358
-94.1775
-94.0188
-93.8616
-93.7067
-93.5542
-93.4037
-93.255
-93.1076
-92.9613
-92.8157
-92.6706
-92.5258
-92.381
-92.2363
-92.0913
-91.946
-91.8003
-91.654
-91.507
-91.3592
-91.2104
-91.0607
-90.9098
-90.7576
-90.604
-90.4489
-90.2922
-90.1337
-89.9732
-89.8107
-89.6459
-89.4787
-89.3088
-89.1361
-88.9604
-88.7814
-88.5988
-88.4124
-88.2218
-88.0268
-87.8268
-87.6215
-87.4105
-87.1931
-86.9688
-86.7368
-86.4964
-86.2466
-85.9865
-85.7147
-85.4298
-85.1301
-84.8134
-84.4773
-84.1186
-83.7333
-83.3164
-82.8613
-82.3593
-81.7982
-81.1608
-80.4212
-79.5385
-78.4426
-77.0009
-74.9177
-71.3482
-62.453
-11.4681
49.9581
49.9618
49.5779
48.1132
44.525
37.7877
27.5864
15.3165
3.77186
-6.08834
-14.9681
-23.4951
-30.306
-37.6769
-53.1088
-85.7809
-94.6409
-94.9473
-94.9445
-94.9061
-94.8397
-94.7432
-94.6194
-94.476
-94.3215
-94.1629
-94.004
-93.8468
-93.6921
-93.5397
-93.3894
-93.2409
-93.0936
-92.9474
-92.8019
-92.6569
-92.5122
-92.3676
-92.2229
-92.078
-91.9328
-91.7871
-91.6409
-91.4939
-91.3461
-91.1975
-91.0478
-90.8969
-90.7447
-90.5912
-90.4362
-90.2794
-90.1209
-89.9605
-89.798
-89.6331
-89.4659
-89.296
-89.1233
-88.9476
-88.7685
-88.5859
-88.3994
-88.2087
-88.0136
-87.8135
-87.6081
-87.3968
-87.1793
-86.9547
-86.7225
-86.4818
-86.2317
-85.9712
-85.699
-85.4135
-85.1132
-84.7958
-84.4589
-84.0991
-83.7126
-83.2942
-82.8373
-82.333
-81.769
-81.1275
-80.3824
-79.4917
-78.3834
-76.9201
-74.7931
-71.1068
-61.6581
-5.70796
49.9786
49.9589
49.55
48.0134
44.2836
37.3347
26.9136
14.5561
3.08583
-6.69933
-15.5408
-24.0215
-30.5988
-38.1541
-54.2523
-86.9786
-94.6781
-94.9476
-94.9427
-94.9028
-94.8348
-94.7367
-94.6117
-94.4675
-94.3128
-94.1541
-93.9953
-93.8384
-93.6838
-93.5316
-93.3814
-93.233
-93.0859
-92.9397
-92.7943
-92.6494
-92.5047
-92.3602
-92.2155
-92.0707
-91.9256
-91.7799
-91.6337
-91.4868
-91.3391
-91.1905
-91.0408
-90.89
-90.7379
-90.5844
-90.4294
-90.2727
-90.1143
-89.9539
-89.7914
-89.6266
-89.4594
-89.2895
-89.1168
-88.9411
-88.762
-88.5794
-88.3929
-88.2023
-88.0071
-87.8071
-87.6016
-87.3904
-87.1728
-86.9482
-86.7159
-86.4751
-86.225
-85.9643
-85.692
-85.4064
-85.1059
-84.7883
-84.451
-84.0909
-83.704
-83.2851
-82.8275
-82.3223
-81.7572
-81.1142
-80.3669
-79.4731
-78.36
-76.8881
-74.7438
-71.0098
-61.329
-3.35092
49.9825
49.956
49.53
47.9497
44.1413
37.0845
26.5626
14.1791
2.75596
-6.99034
-15.8135
-24.271
-30.7354
-38.3834
-54.8158
-87.5156
-94.6948
-94.9478
-94.9419
-94.9014
-94.8327
-94.7339
-94.6084
-94.464
-94.3092
-94.1505
-93.9918
-93.835
-93.6805
-93.5283
-93.3783
-93.2299
-93.0828
-92.9367
-92.7913
-92.6464
-92.5018
-92.3573
-92.2127
-92.0679
-91.9228
-91.7772
-91.6311
-91.4842
-91.3365
-91.1879
-91.0383
-90.8875
-90.7355
-90.582
-90.4271
-90.2704
-90.112
-89.9516
-89.7892
-89.6245
-89.4573
-89.2875
-89.1149
-88.9392
-88.7602
-88.5776
-88.3912
-88.2006
-88.0055
-87.8054
-87.6001
-87.3889
-87.1713
-86.9468
-86.7146
-86.4739
-86.2238
-85.9632
-85.6909
-85.4054
-85.1049
-84.7874
-84.4503
-84.0902
-83.7034
-83.2845
-82.8271
-82.322
-81.7569
-81.114
-80.3669
-79.4732
-78.3602
-76.8886
-74.7447
-71.0114
-61.3334
-3.38008
49.9824
49.956
49.5303
47.9506
44.1433
37.0881
26.5676
14.1845
2.76069
-6.98616
-15.8096
-24.2674
-30.7335
-38.3802
-54.8079
-87.5083
-94.6945
-94.9478
-94.9419
-94.9014
-94.8327
-94.734
-94.6084
-94.464
-94.3092
-94.1506
-93.9919
-93.835
-93.6806
-93.5284
-93.3784
-93.23
-93.0829
-92.9369
-92.7915
-92.6466
-92.5021
-92.3576
-92.213
-92.0682
-91.9232
-91.7776
-91.6315
-91.4847
-91.337
-91.1885
-91.0389
-90.8882
-90.7362
-90.5828
-90.4278
-90.2713
-90.1129
-89.9526
-89.7902
-89.6255
-89.4585
-89.2887
-89.1162
-88.9405
-88.7616
-88.5792
-88.3928
-88.2023
-88.0073
-87.8074
-87.6022
-87.3911
-87.1737
-86.9493
-86.7173
-86.4767
-86.2268
-85.9665
-85.6944
-85.4092
-85.109
-84.7918
-84.455
-84.0954
-83.7091
-83.2908
-82.8341
-82.3299
-81.7659
-81.1245
-80.3793
-79.4884
-78.3798
-76.9155
-74.7864
-71.0934
-61.6095
-5.34982
49.9793
49.9585
49.5472
48.0044
44.2634
37.2989
26.8632
14.5016
3.03812
-6.7414
-15.5801
-24.0576
-30.6189
-38.1877
-54.3343
-87.0591
-94.6806
-94.9477
-94.9426
-94.9026
-94.8345
-94.7363
-94.6112
-94.467
-94.3123
-94.1536
-93.9949
-93.838
-93.6835
-93.5313
-93.3812
-93.2328
-93.0857
-92.9397
-92.7943
-92.6495
-92.5049
-92.3604
-92.2159
-92.0712
-91.9261
-91.7806
-91.6345
-91.4877
-91.3402
-91.1917
-91.0421
-90.8914
-90.7395
-90.5862
-90.4313
-90.2748
-90.1165
-89.9563
-89.794
-89.6294
-89.4625
-89.2928
-89.1204
-88.9449
-88.7661
-88.5838
-88.3976
-88.2073
-88.0124
-87.8127
-87.6076
-87.3968
-87.1796
-86.9555
-86.7237
-86.4835
-86.2339
-85.9739
-85.7023
-85.4175
-85.1178
-84.8012
-84.4651
-84.1063
-83.7209
-83.3037
-82.8483
-82.3457
-81.7838
-81.1451
-80.4037
-79.5182
-78.4177
-76.9676
-74.8669
-71.25
-62.1288
-9.09487
49.9693
49.9619
49.5733
48.0908
44.4616
37.6555
27.3745
15.0629
3.53517
-6.30188
-15.1684
-23.679
-30.4077
-37.8382
-53.4887
-86.1954
-94.6537
-94.9474
-94.9438
-94.9048
-94.8378
-94.7407
-94.6164
-94.4726
-94.3181
-94.1594
-94.0006
-93.8436
-93.689
-93.5367
-93.3866
-93.2381
-93.091
-92.9449
-92.7996
-92.6547
-92.5102
-92.3657
-92.2212
-92.0765
-91.9315
-91.786
-91.64
-91.4932
-91.3457
-91.1973
-91.0478
-90.8972
-90.7453
-90.592
-90.4373
-90.2809
-90.1227
-89.9626
-89.8004
-89.6359
-89.469
-89.2996
-89.1273
-88.9519
-88.7733
-88.5911
-88.4051
-88.215
-88.0204
-87.8209
-87.6161
-87.4055
-87.1887
-86.9649
-86.7335
-86.4936
-86.2445
-85.985
-85.7139
-85.4298
-85.1308
-84.815
-84.4798
-84.1221
-83.7379
-83.3223
-82.8688
-82.3685
-81.8095
-81.1746
-80.4383
-79.5602
-78.4712
-77.0408
-74.9793
-71.4662
-62.8251
-14.1607
49.9359
49.9602
49.5757
48.1181
44.5571
37.8767
27.7522
15.5347
3.98628
-5.8909
-14.7822
-23.325
-30.2133
-37.5354
-52.7831
-85.4132
-94.6298
-94.9473
-94.9453
-94.9074
-94.8417
-94.7459
-94.6227
-94.4797
-94.3256
-94.167
-94.0082
-93.8511
-93.6964
-93.544
-93.3938
-93.2453
-93.0982
-92.9521
-92.8067
-92.6618
-92.5172
-92.3728
-92.2283
-92.0836
-91.9386
-91.7931
-91.6471
-91.5004
-91.3529
-91.2044
-91.055
-90.9044
-90.7526
-90.5994
-90.4447
-90.2884
-90.1302
-89.9702
-89.8081
-89.6437
-89.477
-89.3076
-89.1354
-88.9602
-88.7817
-88.5997
-88.4139
-88.224
-88.0295
-87.8303
-87.6257
-87.4154
-87.1988
-86.9753
-86.7442
-86.5048
-86.2561
-85.9971
-85.7265
-85.443
-85.1447
-84.8297
-84.4954
-84.1388
-83.7559
-83.3418
-82.8901
-82.3921
-81.836
-81.205
-80.474
-79.6034
-78.526
-77.115
-75.0926
-71.6812
-63.4951
-19.0369
49.8324
49.9567
49.5687
48.1183
44.5954
38.002
28.0019
15.876
4.32939
-5.57255
-14.4819
-23.0491
-30.0599
-37.3048
-52.2628
-84.7975
-94.6108
-94.9473
-94.9464
-94.9095
-94.845
-94.7506
-94.6285
-94.4863
-94.3326
-94.1743
-94.0155
-93.8584
-93.7036
-93.5512
-93.4009
-93.2523
-93.1051
-92.9589
-92.8135
-92.6686
-92.5239
-92.3794
-92.2349
-92.0902
-91.9451
-91.7996
-91.6536
-91.5069
-91.3594
-91.2109
-91.0615
-90.9109
-90.7591
-90.6059
-90.4512
-90.2949
-90.1368
-89.9767
-89.8146
-89.6503
-89.4836
-89.3142
-89.1421
-88.9669
-88.7885
-88.6066
-88.4208
-88.231
-88.0366
-87.8375
-87.633
-87.4229
-87.2064
-86.9831
-86.7522
-86.513
-86.2645
-86.0058
-85.7355
-85.4523
-85.1545
-84.84
-84.5063
-84.1503
-83.7682
-83.355
-82.9045
-82.4079
-81.8537
-81.2252
-80.4975
-79.6318
-78.5618
-77.1635
-75.1661
-71.819
-63.9124
-22.0574
49.6631
49.9542
49.5637
48.1156
44.6116
38.0644
28.1327
16.06
4.51723
-5.39726
-14.3162
-22.8959
-29.9728
-37.1747
-51.9738
-84.4395
-94.5993
-94.9472
-94.9471
-94.9106
-94.8469
-94.7533
-94.632
-94.4903
-94.337
-94.1789
-94.0202
-93.863
-93.7082
-93.5558
-93.4054
-93.2567
-93.1095
-92.9632
-92.8177
-92.6728
-92.5281
-92.3835
-92.2389
-92.0942
-91.9491
-91.8036
-91.6575
-91.5107
-91.3631
-91.2147
-91.0652
-90.9146
-90.7627
-90.6095
-90.4548
-90.2984
-90.1403
-89.9802
-89.8181
-89.6538
-89.487
-89.3177
-89.1455
-88.9703
-88.7919
-88.6099
-88.4242
-88.2343
-88.04
-87.8408
-87.6364
-87.4262
-87.2098
-86.9865
-86.7556
-86.5165
-86.268
-86.0093
-85.7392
-85.4561
-85.1583
-84.8439
-84.5104
-84.1546
-83.7727
-83.3599
-82.9097
-82.4136
-81.8599
-81.2322
-80.5057
-79.6415
-78.5741
-77.18
-75.191
-71.8657
-64.0529
-23.0695
49.5693
49.9535
49.5621
48.1149
44.617
38.0847
28.1748
16.119
4.57757
-5.34098
-14.263
-22.8466
-29.9445
-37.1325
-51.8796
-84.3193
-94.5954
-94.9472
-94.9472
-94.911
-94.8475
-94.7541
-94.6331
-94.4917
-94.3384
-94.1804
-94.0217
-93.8645
-93.7097
-93.5572
-93.4068
-93.2581
-93.1108
-92.9645
-92.819
-92.674
-92.5292
-92.3847
-92.24
-92.0952
-91.9501
-91.8046
-91.6584
-91.5116
-91.364
-91.2156
-91.066
-90.9154
-90.7635
-90.6102
-90.4555
-90.2991
-90.1409
-89.9808
-89.8187
-89.6543
-89.4875
-89.3181
-89.1459
-88.9707
-88.7922
-88.6102
-88.4244
-88.2345
-88.0401
-87.8409
-87.6364
-87.4262
-87.2097
-86.9863
-86.7554
-86.5162
-86.2677
-86.0089
-85.7387
-85.4555
-85.1577
-84.8432
-84.5095
-84.1536
-83.7716
-83.3586
-82.9082
-82.4119
-81.858
-81.23
-80.503
-79.6382
-78.5698
-77.1743
-75.1824
-71.8498
-64.0063
-22.738
49.6029
49.9537
49.5626
48.1151
44.6152
38.078
28.161
16.0997
4.55786
-5.35935
-14.2804
-22.8627
-29.9538
-37.1463
-51.9105
-84.3588
-94.5967
-94.9472
-94.9472
-94.9109
-94.8473
-94.7538
-94.6327
-94.4912
-94.3379
-94.1798
-94.0211
-93.8639
-93.7091
-93.5566
-93.4062
-93.2575
-93.1101
-92.9638
-92.8183
-92.6733
-92.5286
-92.384
-92.2393
-92.0945
-91.9494
-91.8038
-91.6577
-91.5108
-91.3632
-91.2147
-91.0652
-90.9145
-90.7626
-90.6093
-90.4545
-90.2981
-90.1399
-89.9798
-89.8176
-89.6532
-89.4864
-89.3169
-89.1447
-88.9694
-88.7909
-88.6089
-88.423
-88.2331
-88.0387
-87.8394
-87.6348
-87.4246
-87.208
-86.9846
-86.7536
-86.5143
-86.2657
-86.0068
-85.7365
-85.4532
-85.1552
-84.8406
-84.5067
-84.1506
-83.7683
-83.3551
-82.9043
-82.4076
-81.8532
-81.2244
-80.4965
-79.6303
-78.5599
-77.1608
-75.1621
-71.812
-63.8934
-21.9308
49.6732
49.9543
49.5639
48.1157
44.6109
38.0618
28.1273
16.0524
4.50943
-5.40453
-14.3231
-22.9022
-29.9765
-37.1802
-51.9858
-84.4548
-94.5998
-94.9472
-94.947
-94.9106
-94.8468
-94.7531
-94.6318
-94.4901
-94.3367
-94.1786
-94.0198
-93.8627
-93.7078
-93.5553
-93.4049
-93.2562
-93.1089
-92.9626
-92.817
-92.672
-92.5273
-92.3827
-92.2381
-92.0932
-91.9481
-91.8025
-91.6564
-91.5096
-91.362
-91.2134
-91.0639
-90.9132
-90.7613
-90.608
-90.4532
-90.2968
-90.1386
-89.9785
-89.8163
-89.6518
-89.485
-89.3156
-89.1433
-88.968
-88.7895
-88.6074
-88.4216
-88.2316
-88.0371
-87.8379
-87.6333
-87.423
-87.2064
-86.9829
-86.7519
-86.5125
-86.2639
-86.005
-85.7345
-85.4512
-85.1531
-84.8384
-84.5044
-84.1481
-83.7657
-83.3522
-82.9012
-82.4042
-81.8494
-81.2201
-80.4914
-79.6243
-78.5523
-77.1506
-75.1466
-71.7832
-63.8071
-21.3069
49.7181
49.9548
49.5649
48.1162
44.6076
38.0493
28.101
16.0154
4.47162
-5.43984
-14.3565
-22.9332
-29.9941
-37.2065
-52.0442
-84.5276
-94.6022
-94.9472
-94.9469
-94.9103
-94.8464
-94.7526
-94.6311
-94.4893
-94.3358
-94.1776
-94.0188
-93.8617
-93.7068
-93.5543
-93.4039
-93.2552
-93.1079
-92.9616
-92.8161
-92.6711
-92.5264
-92.3818
-92.2372
-92.0923
-91.9472
-91.8016
-91.6555
-91.5087
-91.3611
-91.2126
-91.0631
-90.9124
-90.7605
-90.6072
-90.4524
-90.296
-90.1378
-89.9777
-89.8155
-89.6511
-89.4842
-89.3148
-89.1425
-88.9673
-88.7888
-88.6067
-88.4208
-88.2309
-88.0364
-87.8371
-87.6326
-87.4223
-87.2057
-86.9822
-86.7512
-86.5118
-86.2632
-86.0043
-85.7339
-85.4505
-85.1524
-84.8377
-84.5037
-84.1474
-83.765
-83.3515
-82.9005
-82.4034
-81.8485
-81.2192
-80.4904
-79.623
-78.5507
-77.1486
-75.1436
-71.7775
-63.79
-21.1831
49.7262
49.9549
49.5651
48.1164
44.607
38.0468
28.0958
16.008
4.46405
-5.4469
-14.3632
-22.9393
-29.9976
-37.2118
-52.0558
-84.5421
-94.6027
-94.9472
-94.9469
-94.9103
-94.8463
-94.7525
-94.6309
-94.4891
-94.3356
-94.1774
-94.0186
-93.8615
-93.7066
-93.5541
-93.4037
-93.255
-93.1077
-92.9615
-92.8159
-92.6709
-92.5262
-92.3817
-92.237
-92.0922
-91.9471
-91.8015
-91.6554
-91.5086
-91.361
-91.2125
-91.063
-90.9124
-90.7605
-90.6072
-90.4524
-90.296
-90.1378
-89.9777
-89.8156
-89.6511
-89.4843
-89.3149
-89.1427
-88.9675
-88.789
-88.6069
-88.4211
-88.2312
-88.0367
-87.8375
-87.633
-87.4227
-87.2061
-86.9827
-86.7518
-86.5124
-86.2638
-86.005
-85.7346
-85.4513
-85.1533
-84.8386
-84.5048
-84.1486
-83.7663
-83.3529
-82.9021
-82.4052
-81.8506
-81.2216
-80.4933
-79.6266
-78.5553
-77.1548
-75.1531
-71.7953
-63.8434
-21.569
49.7001
49.9546
49.5645
48.116
44.609
38.0545
28.1121
16.031
4.48748
-5.42503
-14.3425
-22.9202
-29.9867
-37.1955
-52.0198
-84.4972
-94.6012
-94.9472
-94.947
-94.9104
-94.8466
-94.7528
-94.6314
-94.4896
-94.3362
-94.178
-94.0192
-93.8621
-93.7072
-93.5547
-93.4043
-93.2556
-93.1083
-92.9621
-92.8165
-92.6715
-92.5268
-92.3823
-92.2376
-92.0928
-91.9477
-91.8022
-91.6561
-91.5093
-91.3617
-91.2132
-91.0637
-90.913
-90.7612
-90.6079
-90.4531
-90.2967
-90.1386
-89.9785
-89.8164
-89.652
-89.4852
-89.3158
-89.1436
-88.9684
-88.7899
-88.6079
-88.4221
-88.2322
-88.0378
-87.8386
-87.6341
-87.4239
-87.2074
-86.9841
-86.7532
-86.5139
-86.2654
-86.0066
-85.7363
-85.4531
-85.1553
-84.8407
-84.507
-84.151
-83.7689
-83.3558
-82.9052
-82.4087
-81.8546
-81.2262
-80.4987
-79.6332
-78.5637
-77.1661
-75.1703
-71.8274
-63.9397
-22.2614
49.6462
49.9541
49.5634
48.1154
44.6126
38.0684
28.1411
16.0718
4.52928
-5.386
-14.3056
-22.886
-29.9672
-37.1663
-51.9552
-84.4159
-94.5986
-94.9472
-94.9471
-94.9107
-94.847
-94.7534
-94.6322
-94.4905
-94.3372
-94.1791
-94.0203
-93.8632
-93.7083
-93.5558
-93.4054
-93.2567
-93.1094
-92.9631
-92.8176
-92.6726
-92.5279
-92.3833
-92.2387
-92.0939
-91.9488
-91.8032
-91.6571
-91.5103
-91.3627
-91.2142
-91.0647
-90.9141
-90.7622
-90.609
-90.4542
-90.2978
-90.1397
-89.9796
-89.8175
-89.6531
-89.4864
-89.317
-89.1448
-88.9696
-88.7912
-88.6092
-88.4234
-88.2336
-88.0392
-87.8401
-87.6356
-87.4254
-87.209
-86.9857
-86.7549
-86.5157
-86.2672
-86.0085
-85.7384
-85.4553
-85.1575
-84.8431
-84.5095
-84.1538
-83.7719
-83.359
-82.9088
-82.4127
-81.859
-81.2313
-80.5047
-79.6404
-78.5728
-77.1785
-75.1891
-71.8625
-64.0448
-23.0157
49.575
49.9535
49.5622
48.1149
44.6167
38.0835
28.1724
16.1157
4.57424
-5.34408
-14.2659
-22.8494
-29.9461
-37.1349
-51.8849
-84.3261
-94.5956
-94.9472
-94.9472
-94.911
-94.8474
-94.7541
-94.633
-94.4915
-94.3383
-94.1802
-94.0215
-93.8643
-93.7094
-93.5569
-93.4065
-93.2578
-93.1105
-92.9642
-92.8187
-92.6736
-92.5289
-92.3843
-92.2397
-92.0949
-91.9498
-91.8043
-91.6581
-91.5113
-91.3638
-91.2153
-91.0658
-90.9152
-90.7633
-90.61
-90.4553
-90.2989
-90.1408
-89.9807
-89.8186
-89.6543
-89.4875
-89.3181
-89.146
-88.9708
-88.7924
-88.6104
-88.4247
-88.2348
-88.0405
-87.8414
-87.637
-87.4268
-87.2105
-86.9872
-86.7564
-86.5173
-86.2689
-86.0103
-85.7402
-85.4572
-85.1595
-84.8452
-84.5118
-84.1562
-83.7744
-83.3618
-82.9119
-82.4161
-81.8629
-81.2357
-80.5098
-79.6466
-78.5807
-77.1892
-75.2053
-71.8928
-64.135
-23.6646
49.501
49.953
49.5613
48.1147
44.6205
38.0968
28.1994
16.1534
4.6127
-5.30827
-14.2322
-22.818
-29.9279
-37.1075
-51.8236
-84.2476
-94.593
-94.9471
-94.9474
-94.9112
-94.8478
-94.7546
-94.6337
-94.4924
-94.3392
-94.1812
-94.0225
-93.8653
-93.7104
-93.5579
-93.4075
-93.2588
-93.1114
-92.9651
-92.8196
-92.6746
-92.5298
-92.3852
-92.2406
-92.0958
-91.9507
-91.8051
-91.659
-91.5122
-91.3646
-91.2162
-91.0667
-90.916
-90.7642
-90.6109
-90.4562
-90.2998
-90.1417
-89.9816
-89.8195
-89.6552
-89.4884
-89.3191
-89.1469
-88.9718
-88.7933
-88.6114
-88.4257
-88.2359
-88.0416
-87.8424
-87.6381
-87.428
-87.2116
-86.9884
-86.7576
-86.5185
-86.2702
-86.0116
-85.7416
-85.4586
-85.1611
-84.8469
-84.5135
-84.158
-83.7764
-83.364
-82.9142
-82.4187
-81.8658
-81.2391
-80.5138
-79.6514
-78.5868
-77.1975
-75.2177
-71.9159
-64.2037
-24.1538
49.4384
49.9527
49.5607
48.1146
44.6235
38.1069
28.2199
16.1818
4.64156
-5.28139
-14.2067
-22.7943
-29.914
-37.0866
-51.7767
-84.1874
-94.591
-94.9471
-94.9474
-94.9114
-94.8481
-94.7551
-94.6343
-94.493
-94.3399
-94.1819
-94.0232
-93.8661
-93.7112
-93.5586
-93.4082
-93.2595
-93.1121
-92.9658
-92.8203
-92.6752
-92.5305
-92.3859
-92.2413
-92.0965
-91.9513
-91.8058
-91.6597
-91.5129
-91.3653
-91.2168
-91.0673
-90.9167
-90.7648
-90.6116
-90.4568
-90.3005
-90.1423
-89.9823
-89.8202
-89.6558
-89.4891
-89.3198
-89.1476
-88.9725
-88.7941
-88.6121
-88.4264
-88.2366
-88.0423
-87.8432
-87.6389
-87.4288
-87.2124
-86.9892
-86.7585
-86.5194
-86.2711
-86.0126
-85.7426
-85.4597
-85.1622
-84.8481
-84.5148
-84.1594
-83.7779
-83.3656
-82.916
-82.4207
-81.868
-81.2416
-80.5168
-79.6551
-78.5914
-77.2037
-75.2272
-71.9336
-64.2555
-24.5241
49.3863
49.9524
49.5603
48.1146
44.6259
38.1147
28.2354
16.2033
4.66331
-5.26114
-14.1876
-22.7764
-29.9035
-37.0708
-51.7413
-84.1417
-94.5894
-94.947
-94.9475
-94.9115
-94.8483
-94.7554
-94.6347
-94.4935
-94.3405
-94.1825
-94.0238
-93.8666
-93.7117
-93.5592
-93.4087
-93.26
-93.1126
-92.9663
-92.8208
-92.6757
-92.531
-92.3864
-92.2418
-92.097
-91.9518
-91.8063
-91.6602
-91.5134
-91.3658
-91.2173
-91.0678
-90.9172
-90.7653
-90.6121
-90.4573
-90.301
-90.1428
-89.9828
-89.8207
-89.6564
-89.4896
-89.3203
-89.1482
-88.973
-88.7946
-88.6127
-88.427
-88.2372
-88.0429
-87.8438
-87.6395
-87.4294
-87.2131
-86.9899
-86.7592
-86.5202
-86.2719
-86.0134
-85.7435
-85.4606
-85.1632
-84.8491
-84.5159
-84.1605
-83.7792
-83.367
-82.9175
-82.4223
-81.8699
-81.2437
-80.5193
-79.6581
-78.5952
-77.2089
-75.2351
-71.9482
-64.2986
-24.8317
49.3389
49.9522
49.5599
48.1147
44.628
38.1213
28.2485
16.2212
4.68144
-5.2443
-14.1717
-22.7616
-29.8947
-37.0576
-51.7117
-84.1028
-94.5881
-94.947
-94.9476
-94.9116
-94.8485
-94.7556
-94.635
-94.4939
-94.3409
-94.1829
-94.0243
-93.8671
-93.7122
-93.5596
-93.4092
-93.2604
-93.1131
-92.9668
-92.8212
-92.6762
-92.5314
-92.3868
-92.2422
-92.0974
-91.9523
-91.8067
-91.6606
-91.5138
-91.3662
-91.2177
-91.0682
-90.9176
-90.7657
-90.6125
-90.4578
-90.3014
-90.1433
-89.9832
-89.8211
-89.6568
-89.4901
-89.3208
-89.1486
-88.9735
-88.7951
-88.6132
-88.4275
-88.2377
-88.0435
-87.8444
-87.6401
-87.43
-87.2137
-86.9906
-86.7599
-86.5209
-86.2726
-86.0142
-85.7442
-85.4614
-85.164
-84.85
-84.5169
-84.1616
-83.7803
-83.3682
-82.9189
-82.4239
-81.8716
-81.2458
-80.5216
-79.6609
-78.5989
-77.2138
-75.2425
-71.9621
-64.3393
-25.1234
49.2905
49.952
49.5596
48.1149
44.6301
38.1278
28.261
16.2383
4.69866
-5.22832
-14.1566
-22.7475
-29.8864
-37.045
-51.6835
-84.0656
-94.5868
-94.947
-94.9476
-94.9117
-94.8487
-94.7559
-94.6354
-94.4943
-94.3413
-94.1834
-94.0247
-93.8675
-93.7126
-93.5601
-93.4096
-93.2609
-93.1135
-92.9672
-92.8216
-92.6766
-92.5318
-92.3872
-92.2426
-92.0978
-91.9526
-91.8071
-91.661
-91.5142
-91.3666
-91.2181
-91.0686
-90.918
-90.7661
-90.6129
-90.4582
-90.3018
-90.1437
-89.9837
-89.8216
-89.6573
-89.4905
-89.3212
-89.1491
-88.974
-88.7956
-88.6137
-88.428
-88.2383
-88.044
-87.845
-87.6406
-87.4306
-87.2143
-86.9912
-86.7605
-86.5216
-86.2734
-86.0149
-85.745
-85.4623
-85.1649
-84.851
-84.5179
-84.1627
-83.7815
-83.3695
-82.9203
-82.4255
-81.8735
-81.2478
-80.5241
-79.6639
-78.6026
-77.2189
-75.2503
-71.9765
-64.3814
-25.4238
49.2368
49.9518
49.5594
48.1151
44.6324
38.1345
28.274
16.256
4.71644
-5.21184
-14.141
-22.7329
-29.8777
-37.032
-51.6542
-84.027
-94.5855
-94.947
-94.9477
-94.9118
-94.8489
-94.7561
-94.6357
-94.4947
-94.3418
-94.1838
-94.0252
-93.868
-93.7131
-93.5605
-93.41
-93.2613
-93.1139
-92.9676
-92.822
-92.677
-92.5323
-92.3876
-92.243
-92.0982
-91.9531
-91.8075
-91.6614
-91.5146
-91.367
-91.2185
-91.0691
-90.9184
-90.7666
-90.6134
-90.4586
-90.3023
-90.1442
-89.9841
-89.8221
-89.6577
-89.491
-89.3217
-89.1496
-88.9745
-88.7961
-88.6143
-88.4286
-88.2388
-88.0446
-87.8456
-87.6413
-87.4313
-87.215
-86.9919
-86.7613
-86.5223
-86.2742
-86.0158
-85.7459
-85.4632
-85.1659
-84.852
-84.519
-84.1639
-83.7828
-83.3709
-82.9219
-82.4272
-81.8754
-81.2501
-80.5267
-79.6671
-78.6067
-77.2245
-75.2587
-71.992
-64.4268
-25.7444
49.1749
49.9516
49.5591
48.1154
44.635
38.1419
28.2881
16.275
4.73546
-5.19424
-14.1244
-22.7174
-29.8685
-37.0179
-51.6226
-83.9851
-94.584
-94.9469
-94.9477
-94.9119
-94.849
-94.7564
-94.6361
-94.4951
-94.3422
-94.1843
-94.0257
-93.8685
-93.7136
-93.561
-93.4105
-93.2618
-93.1144
-92.9681
-92.8225
-92.6775
-92.5327
-92.3881
-92.2435
-92.0987
-91.9535
-91.808
-91.6619
-91.5151
-91.3675
-91.219
-91.0695
-90.9189
-90.7671
-90.6138
-90.4591
-90.3028
-90.1447
-89.9847
-89.8226
-89.6583
-89.4916
-89.3223
-89.1502
-88.9751
-88.7967
-88.6149
-88.4292
-88.2395
-88.0453
-87.8462
-87.642
-87.432
-87.2158
-86.9927
-86.7621
-86.5231
-86.275
-86.0167
-85.7469
-85.4642
-85.167
-84.8532
-84.5202
-84.1652
-83.7842
-83.3725
-82.9236
-82.4291
-81.8775
-81.2525
-80.5296
-79.6706
-78.6111
-77.2304
-75.2677
-72.0088
-64.4755
-26.089
49.1024
49.9514
49.5589
48.1159
44.638
38.1502
28.3035
16.2957
4.75621
-5.17506
-14.1062
-22.7004
-29.8584
-37.0024
-51.5877
-83.9388
-94.5824
-94.9469
-94.9478
-94.9121
-94.8492
-94.7567
-94.6364
-94.4956
-94.3427
-94.1848
-94.0262
-93.869
-93.7141
-93.5615
-93.411
-93.2623
-93.1149
-92.9686
-92.823
-92.678
-92.5332
-92.3886
-92.244
-92.0991
-91.954
-91.8085
-91.6624
-91.5156
-91.368
-91.2195
-91.07
-90.9194
-90.7676
-90.6144
-90.4597
-90.3033
-90.1452
-89.9852
-89.8231
-89.6588
-89.4921
-89.3229
-89.1508
-88.9757
-88.7974
-88.6155
-88.4299
-88.2401
-88.046
-87.847
-87.6427
-87.4327
-87.2165
-86.9935
-86.7629
-86.524
-86.276
-86.0176
-85.7479
-85.4653
-85.1681
-84.8544
-84.5215
-84.1666
-83.7857
-83.3741
-82.9254
-82.4311
-81.8798
-81.2551
-80.5326
-79.6743
-78.6158
-77.2368
-75.2772
-72.0265
-64.527
-26.4532
49.019
49.9512
49.5587
48.1165
44.6414
38.1591
28.3201
16.3177
4.77823
-5.15473
-14.0871
-22.6825
-29.8477
-36.9859
-51.5506
-83.8894
-94.5807
-94.9468
-94.9478
-94.9122
-94.8495
-94.757
-94.6369
-94.4961
-94.3433
-94.1854
-94.0268
-93.8696
-93.7147
-93.5621
-93.4116
-93.2628
-93.1154
-92.9691
-92.8235
-92.6785
-92.5337
-92.3891
-92.2445
-92.0997
-91.9546
-91.809
-91.6629
-91.5161
-91.3685
-91.2201
-91.0706
-90.92
-90.7681
-90.6149
-90.4602
-90.3039
-90.1458
-89.9858
-89.8237
-89.6594
-89.4928
-89.3235
-89.1514
-88.9763
-88.798
-88.6162
-88.4306
-88.2409
-88.0467
-87.8477
-87.6435
-87.4335
-87.2174
-86.9944
-86.7638
-86.525
-86.2769
-86.0187
-85.749
-85.4664
-85.1693
-84.8556
-84.5229
-84.1681
-83.7873
-83.3758
-82.9273
-82.4332
-81.8822
-81.2578
-80.5358
-79.6781
-78.6207
-77.2433
-75.2871
-72.0447
-64.58
-26.8287
49.0289
49.9511
49.5583
48.1165
44.6433
38.1659
28.334
16.3371
4.79811
-5.13621
-14.0695
-22.6661
-29.838
-36.9713
-51.5181
-83.8462
-94.5792
-94.9468
-94.9479
-94.9123
-94.8497
-94.7573
-94.6373
-94.4966
-94.3438
-94.186
-94.0273
-93.8702
-93.7152
-93.5627
-93.4122
-93.2634
-93.116
-92.9697
-92.8241
-92.679
-92.5343
-92.3897
-92.245
-92.1002
-91.9551
-91.8095
-91.6634
-91.5166
-91.3691
-91.2206
-91.0711
-90.9205
-90.7687
-90.6155
-90.4608
-90.3045
-90.1464
-89.9864
-89.8243
-89.6601
-89.4934
-89.3241
-89.1521
-88.977
-88.7987
-88.6169
-88.4313
-88.2416
-88.0474
-87.8485
-87.6443
-87.4344
-87.2182
-86.9952
-86.7647
-86.5259
-86.2779
-86.0197
-85.75
-85.4676
-85.1705
-84.8569
-84.5242
-84.1695
-83.7889
-83.3776
-82.9292
-82.4353
-81.8845
-81.2605
-80.539
-79.682
-78.6256
-77.2499
-75.2971
-72.0632
-64.6335
-27.2062
49.0519
49.951
49.558
48.1163
44.6452
38.1725
28.3476
16.3561
4.81761
-5.11803
-14.0523
-22.6501
-29.8285
-36.957
-51.4863
-83.8036
-94.5777
-94.9468
-94.948
-94.9124
-94.8499
-94.7576
-94.6377
-94.497
-94.3443
-94.1865
-94.0279
-93.8708
-93.7158
-93.5632
-93.4127
-93.264
-93.1166
-92.9702
-92.8246
-92.6796
-92.5348
-92.3902
-92.2456
-92.1008
-91.9556
-91.8101
-91.664
-91.5172
-91.3696
-91.2212
-91.0717
-90.9211
-90.7693
-90.6161
-90.4614
-90.3051
-90.147
-89.987
-89.825
-89.6607
-89.494
-89.3248
-89.1527
-88.9777
-88.7994
-88.6176
-88.432
-88.2423
-88.0482
-87.8493
-87.6451
-87.4352
-87.2191
-86.9961
-86.7656
-86.5269
-86.2789
-86.0207
-85.7511
-85.4687
-85.1717
-84.8582
-84.5256
-84.171
-83.7905
-83.3793
-82.9311
-82.4374
-81.8869
-81.2633
-80.5422
-79.6859
-78.6305
-77.2566
-75.3071
-72.0817
-64.6868
-27.5795
49.0727
49.9509
49.5577
48.1164
44.6473
38.1794
28.3613
16.3752
4.83706
-5.09993
-14.0352
-22.6342
-29.819
-36.9427
-51.4544
-83.7602
-94.5761
-94.9467
-94.948
-94.9125
-94.8501
-94.7579
-94.6381
-94.4975
-94.3449
-94.1871
-94.0285
-93.8713
-93.7164
-93.5638
-93.4133
-93.2645
-93.1171
-92.9708
-92.8252
-92.6801
-92.5354
-92.3908
-92.2461
-92.1013
-91.9562
-91.8106
-91.6645
-91.5177
-91.3702
-91.2217
-91.0723
-90.9217
-90.7698
-90.6166
-90.462
-90.3056
-90.1476
-89.9876
-89.8256
-89.6613
-89.4946
-89.3254
-89.1534
-88.9783
-88.8001
-88.6183
-88.4327
-88.243
-88.0489
-87.85
-87.6459
-87.436
-87.2199
-86.997
-86.7665
-86.5278
-86.2799
-86.0218
-85.7522
-85.4699
-85.173
-84.8595
-84.527
-84.1725
-83.7921
-83.381
-82.933
-82.4396
-81.8893
-81.266
-80.5454
-79.6898
-78.6354
-77.2632
-75.3171
-72.0999
-64.7394
-27.9478
49.0919
49.9508
49.5574
48.1165
44.6495
38.1863
28.375
16.394
4.85621
-5.08214
-14.0184
-22.6185
-29.8097
-36.9284
-51.4227
-83.7169
-94.5745
-94.9467
-94.9481
-94.9127
-94.8503
-94.7582
-94.6385
-94.498
-94.3454
-94.1876
-94.0291
-93.8719
-93.717
-93.5644
-93.4139
-93.2651
-93.1177
-92.9713
-92.8257
-92.6807
-92.5359
-92.3913
-92.2467
-92.1018
-91.9567
-91.8112
-91.6651
-91.5183
-91.3707
-91.2223
-91.0728
-90.9222
-90.7704
-90.6172
-90.4625
-90.3062
-90.1482
-89.9882
-89.8262
-89.6619
-89.4953
-89.326
-89.154
-88.979
-88.8007
-88.619
-88.4334
-88.2438
-88.0497
-87.8508
-87.6467
-87.4368
-87.2208
-86.9979
-86.7675
-86.5288
-86.2809
-86.0228
-85.7533
-85.471
-85.1742
-84.8608
-84.5284
-84.174
-83.7937
-83.3828
-82.9349
-82.4417
-81.8917
-81.2688
-80.5487
-79.6937
-78.6403
-77.2699
-75.3271
-72.1182
-64.7921
-28.3169
49.1094
49.9507
49.5572
48.1167
44.6519
38.1936
28.389
16.4132
4.87555
-5.06418
-14.0015
-22.6025
-29.8001
-36.9139
-51.3899
-83.6719
-94.5729
-94.9466
-94.9481
-94.9128
-94.8505
-94.7585
-94.6389
-94.4985
-94.3459
-94.1882
-94.0296
-93.8725
-93.7176
-93.5649
-93.4144
-93.2656
-93.1182
-92.9719
-92.8263
-92.6812
-92.5365
-92.3919
-92.2472
-92.1024
-91.9573
-91.8117
-91.6656
-91.5188
-91.3713
-91.2228
-91.0734
-90.9228
-90.771
-90.6178
-90.4631
-90.3068
-90.1488
-89.9888
-89.8268
-89.6626
-89.4959
-89.3267
-89.1547
-88.9797
-88.8014
-88.6197
-88.4341
-88.2445
-88.0505
-87.8516
-87.6475
-87.4377
-87.2216
-86.9988
-86.7684
-86.5297
-86.2819
-86.0239
-85.7544
-85.4722
-85.1754
-84.8621
-84.5298
-84.1755
-83.7953
-83.3846
-82.9368
-82.4439
-81.8942
-81.2716
-80.5519
-79.6977
-78.6453
-77.2766
-75.3372
-72.1367
-64.8453
-28.69
49.126
49.9506
49.557
48.1171
44.6545
38.2011
28.4034
16.4326
4.89511
-5.04604
-13.9843
-22.5864
-29.7904
-36.899
-51.3562
-83.6258
-94.5712
-94.9466
-94.9482
-94.9129
-94.8507
-94.7588
-94.6393
-94.499
-94.3465
-94.1888
-94.0302
-93.8731
-93.7181
-93.5655
-93.415
-93.2662
-93.1188
-92.9724
-92.8268
-92.6818
-92.537
-92.3924
-92.2478
-92.103
-91.9578
-91.8123
-91.6662
-91.5194
-91.3719
-91.2234
-91.074
-90.9234
-90.7716
-90.6184
-90.4637
-90.3074
-90.1494
-89.9894
-89.8274
-89.6632
-89.4966
-89.3274
-89.1554
-88.9804
-88.8021
-88.6204
-88.4349
-88.2453
-88.0512
-87.8524
-87.6483
-87.4385
-87.2225
-86.9997
-86.7694
-86.5307
-86.2829
-86.025
-85.7556
-85.4734
-85.1767
-84.8634
-84.5312
-84.177
-83.797
-83.3864
-82.9388
-82.4461
-81.8967
-81.2744
-80.5553
-79.7017
-78.6504
-77.2835
-75.3475
-72.1557
-64.8993
-29.0655
49.1416
49.9505
49.5568
48.1176
44.6574
38.209
28.4182
16.4524
4.91495
-5.02768
-13.967
-22.5701
-29.7804
-36.8838
-51.3217
-83.5782
-94.5695
-94.9465
-94.9482
-94.913
-94.8509
-94.7591
-94.6397
-94.4994
-94.347
-94.1894
-94.0308
-93.8737
-93.7187
-93.5661
-93.4156
-93.2668
-93.1194
-92.973
-92.8274
-92.6823
-92.5376
-92.393
-92.2483
-92.1035
-91.9584
-91.8128
-91.6667
-91.52
-91.3724
-91.224
-91.0745
-90.924
-90.7722
-90.619
-90.4643
-90.308
-90.15
-89.9901
-89.8281
-89.6638
-89.4972
-89.328
-89.1561
-88.9811
-88.8029
-88.6211
-88.4356
-88.2461
-88.052
-87.8532
-87.6491
-87.4394
-87.2234
-87.0006
-86.7703
-86.5317
-86.284
-86.026
-85.7567
-85.4746
-85.178
-84.8648
-84.5327
-84.1786
-83.7987
-83.3882
-82.9408
-82.4483
-81.8992
-81.2773
-80.5587
-79.7058
-78.6556
-77.2905
-75.3579
-72.1747
-64.9532
-29.4392
49.1556
49.9505
49.5568
48.1182
44.6605
38.2171
28.4331
16.4723
4.93483
-5.00934
-13.9496
-22.5538
-29.7705
-36.8685
-51.2869
-83.5302
-94.5677
-94.9464
-94.9483
-94.9131
-94.8511
-94.7594
-94.6401
-94.4999
-94.3476
-94.1899
-94.0314
-93.8743
-93.7193
-93.5667
-93.4162
-93.2674
-93.1199
-92.9736
-92.828
-92.6829
-92.5381
-92.3935
-92.2489
-92.1041
-91.959
-91.8134
-91.6673
-91.5205
-91.373
-91.2246
-91.0751
-90.9246
-90.7728
-90.6196
-90.4649
-90.3087
-90.1506
-89.9907
-89.8287
-89.6645
-89.4979
-89.3287
-89.1568
-88.9818
-88.8036
-88.6219
-88.4364
-88.2468
-88.0528
-87.854
-87.65
-87.4403
-87.2243
-87.0016
-86.7713
-86.5327
-86.285
-86.0272
-85.7579
-85.4758
-85.1793
-84.8662
-84.5341
-84.1802
-83.8004
-83.3901
-82.9429
-82.4506
-81.9017
-81.2802
-80.5621
-79.71
-78.6608
-77.2976
-75.3685
-72.194
-65.0078
-29.8177
49.1682
49.9504
49.5567
48.1189
44.6639
38.2256
28.4486
16.4928
4.95512
-4.99066
-13.932
-22.5372
-29.7603
-36.8528
-51.2511
-83.4807
-94.5658
-94.9464
-94.9483
-94.9132
-94.8513
-94.7597
-94.6405
-94.5004
-94.3481
-94.1905
-94.032
-93.8749
-93.7199
-93.5673
-93.4168
-93.268
-93.1205
-92.9742
-92.8286
-92.6835
-92.5387
-92.3941
-92.2495
-92.1047
-91.9595
-91.814
-91.6679
-91.5211
-91.3736
-91.2252
-91.0757
-90.9252
-90.7734
-90.6202
-90.4656
-90.3093
-90.1513
-89.9914
-89.8294
-89.6652
-89.4986
-89.3294
-89.1575
-88.9825
-88.8043
-88.6226
-88.4372
-88.2476
-88.0537
-87.8549
-87.6509
-87.4412
-87.2253
-87.0025
-86.7723
-86.5338
-86.2861
-86.0283
-85.7591
-85.4771
-85.1806
-84.8676
-84.5357
-84.1818
-83.8021
-83.392
-82.945
-82.4529
-81.9044
-81.2833
-80.5657
-79.7143
-78.6663
-77.3049
-75.3795
-72.214
-65.064
-30.2077
49.1796
49.9504
49.5568
48.1199
44.6676
38.2348
28.465
16.5141
4.97618
-4.97131
-13.9137
-22.52
-29.7497
-36.8364
-51.2138
-83.428
-94.5638
-94.9463
-94.9484
-94.9134
-94.8515
-94.7601
-94.6409
-94.501
-94.3487
-94.1911
-94.0327
-93.8755
-93.7206
-93.5679
-93.4174
-93.2686
-93.1211
-92.9748
-92.8292
-92.6841
-92.5393
-92.3947
-92.2501
-92.1053
-91.9601
-91.8146
-91.6685
-91.5218
-91.3742
-91.2258
-91.0764
-90.9258
-90.774
-90.6209
-90.4662
-90.31
-90.152
-89.9921
-89.8301
-89.6659
-89.4993
-89.3302
-89.1582
-88.9833
-88.8051
-88.6235
-88.438
-88.2485
-88.0545
-87.8558
-87.6518
-87.4421
-87.2263
-87.0036
-86.7734
-86.5349
-86.2873
-86.0295
-85.7604
-85.4784
-85.182
-84.8691
-84.5373
-84.1835
-83.804
-83.394
-82.9472
-82.4554
-81.9072
-81.2865
-80.5694
-79.7188
-78.672
-77.3126
-75.3909
-72.2348
-65.1227
-30.6128
49.1897
49.9504
49.5569
48.121
44.6718
38.2447
28.4823
16.5366
4.99831
-4.95102
-13.8946
-22.502
-29.7385
-36.8191
-51.1743
-83.372
-94.5617
-94.9462
-94.9484
-94.9135
-94.8517
-94.7604
-94.6414
-94.5015
-94.3493
-94.1918
-94.0333
-93.8762
-93.7212
-93.5686
-93.418
-93.2692
-93.1218
-92.9754
-92.8298
-92.6847
-92.54
-92.3953
-92.2507
-92.1059
-91.9608
-91.8152
-91.6692
-91.5224
-91.3749
-91.2265
-91.077
-90.9265
-90.7747
-90.6215
-90.4669
-90.3107
-90.1527
-89.9928
-89.8308
-89.6666
-89.5001
-89.3309
-89.159
-88.9841
-88.8059
-88.6243
-88.4389
-88.2494
-88.0554
-87.8567
-87.6528
-87.4431
-87.2273
-87.0046
-86.7745
-86.5361
-86.2885
-86.0308
-85.7617
-85.4798
-85.1835
-84.8707
-84.5389
-84.1853
-83.8059
-83.3961
-82.9495
-82.458
-81.91
-81.2898
-80.5733
-79.7235
-78.6778
-77.3205
-75.4028
-72.2564
-65.1832
-31.0269
49.1981
49.9504
49.5571
48.1224
44.6764
38.2553
28.5005
16.56
5.02124
-4.93005
-13.8748
-22.4833
-29.7269
-36.8011
-51.1331
-83.3135
-94.5595
-94.9461
-94.9485
-94.9136
-94.8519
-94.7607
-94.6418
-94.502
-94.3499
-94.1924
-94.034
-93.8769
-93.7219
-93.5693
-93.4187
-93.2699
-93.1224
-92.9761
-92.8304
-92.6854
-92.5406
-92.396
-92.2514
-92.1065
-91.9614
-91.8159
-91.6698
-91.5231
-91.3755
-91.2271
-91.0777
-90.9272
-90.7754
-90.6223
-90.4676
-90.3114
-90.1534
-89.9935
-89.8316
-89.6674
-89.5009
-89.3317
-89.1598
-88.9849
-88.8068
-88.6252
-88.4398
-88.2503
-88.0564
-87.8577
-87.6538
-87.4442
-87.2284
-87.0057
-86.7756
-86.5373
-86.2898
-86.0321
-85.7631
-85.4813
-85.185
-84.8723
-84.5407
-84.1872
-83.8079
-83.3983
-82.9519
-82.4606
-81.913
-81.2932
-80.5773
-79.7283
-78.684
-77.3288
-75.4151
-72.2788
-65.2458
-31.4557
49.205
49.9504
49.5574
48.124
44.6815
38.2667
28.5198
16.5845
5.04519
-4.9082
-13.8543
-22.4638
-29.7148
-36.7822
-51.0899
-83.2519
-94.5571
-94.946
-94.9485
-94.9137
-94.8521
-94.7611
-94.6423
-94.5026
-94.3506
-94.1931
-94.0347
-93.8776
-93.7226
-93.57
-93.4194
-93.2706
-93.1231
-92.9768
-92.8311
-92.6861
-92.5413
-92.3967
-92.252
-92.1072
-91.9621
-91.8166
-91.6705
-91.5238
-91.3763
-91.2278
-91.0784
-90.9279
-90.7761
-90.623
-90.4684
-90.3122
-90.1542
-89.9943
-89.8324
-89.6682
-89.5017
-89.3326
-89.1607
-88.9858
-88.8077
-88.6261
-88.4407
-88.2513
-88.0574
-87.8587
-87.6548
-87.4453
-87.2295
-87.0069
-86.7768
-86.5385
-86.2911
-86.0335
-85.7645
-85.4828
-85.1866
-84.874
-84.5425
-84.1891
-83.8101
-83.4006
-82.9545
-82.4634
-81.9162
-81.2968
-80.5815
-79.7335
-78.6904
-77.3375
-75.4281
-72.3024
-65.3115
-31.9048
49.2106
49.9504
49.5577
48.1259
44.6872
38.2791
28.5406
16.6107
5.07054
-4.88515
-13.8326
-22.4433
-29.702
-36.7621
-51.0439
-83.1862
-94.5545
-94.9459
-94.9486
-94.9139
-94.8524
-94.7614
-94.6428
-94.5032
-94.3513
-94.1939
-94.0355
-93.8783
-93.7234
-93.5707
-93.4202
-93.2713
-93.1239
-92.9775
-92.8319
-92.6868
-92.542
-92.3974
-92.2528
-92.108
-91.9629
-91.8173
-91.6713
-91.5245
-91.377
-91.2286
-91.0792
-90.9287
-90.7769
-90.6238
-90.4692
-90.313
-90.155
-89.9951
-89.8332
-89.6691
-89.5026
-89.3335
-89.1616
-88.9867
-88.8086
-88.6271
-88.4417
-88.2523
-88.0584
-87.8598
-87.6559
-87.4464
-87.2307
-87.0081
-86.7781
-86.5399
-86.2925
-86.0349
-85.766
-85.4844
-85.1883
-84.8758
-84.5444
-84.1912
-83.8123
-83.403
-82.9571
-82.4664
-81.9195
-81.3006
-80.586
-79.7388
-78.6972
-77.3466
-75.4417
-72.327
-65.3799
-32.3696
49.214
49.9505
49.5582
48.1281
44.6935
38.2926
28.5628
16.6382
5.09709
-4.86107
-13.8099
-22.4219
-29.6885
-36.741
-50.9955
-83.1163
-94.5518
-94.9458
-94.9486
-94.914
-94.8526
-94.7618
-94.6433
-94.5039
-94.352
-94.1946
-94.0362
-93.8791
-93.7242
-93.5715
-93.4209
-93.2721
-93.1246
-92.9782
-92.8326
-92.6875
-92.5428
-92.3981
-92.2535
-92.1087
-91.9636
-91.8181
-91.672
-91.5253
-91.3778
-91.2294
-91.08
-90.9294
-90.7777
-90.6246
-90.47
-90.3138
-90.1558
-89.996
-89.8341
-89.67
-89.5035
-89.3344
-89.1625
-88.9877
-88.8096
-88.628
-88.4427
-88.2533
-88.0595
-87.8609
-87.6571
-87.4476
-87.2319
-87.0094
-86.7794
-86.5412
-86.2939
-86.0364
-85.7676
-85.486
-85.1901
-84.8777
-84.5464
-84.1933
-83.8146
-83.4055
-82.9599
-82.4694
-81.9229
-81.3045
-80.5906
-79.7444
-78.7042
-77.356
-75.4557
-72.3523
-65.4501
-32.8428
49.2152
49.9505
49.5588
48.1306
44.7004
38.3069
28.586
16.6668
5.12449
-4.83625
-13.7866
-22.3998
-29.6744
-36.7189
-50.9445
-83.0417
-94.5488
-94.9457
-94.9487
-94.9142
-94.8529
-94.7622
-94.6438
-94.5045
-94.3527
-94.1954
-94.037
-93.8799
-93.725
-93.5723
-93.4217
-93.2729
-93.1254
-92.979
-92.8334
-92.6883
-92.5435
-92.3989
-92.2543
-92.1095
-91.9644
-91.8189
-91.6728
-91.5261
-91.3786
-91.2302
-91.0808
-90.9303
-90.7785
-90.6254
-90.4708
-90.3146
-90.1567
-89.9969
-89.835
-89.6709
-89.5044
-89.3353
-89.1635
-88.9887
-88.8106
-88.6291
-88.4438
-88.2544
-88.0606
-87.8621
-87.6583
-87.4488
-87.2332
-87.0107
-86.7808
-86.5427
-86.2954
-86.038
-85.7692
-85.4878
-85.1919
-84.8796
-84.5485
-84.1955
-83.817
-83.4081
-82.9627
-82.4726
-81.9265
-81.3086
-80.5954
-79.7502
-78.7115
-77.3657
-75.4702
-72.3785
-65.5227
-33.3326
49.2138
49.9506
49.5595
48.1334
44.708
38.3224
28.6107
16.697
5.15324
-4.81028
-13.7622
-22.3765
-29.6596
-36.6955
-50.8908
-82.9626
-94.5456
-94.9456
-94.9488
-94.9143
-94.8531
-94.7626
-94.6444
-94.5052
-94.3535
-94.1962
-94.0379
-93.8808
-93.7258
-93.5732
-93.4226
-93.2737
-93.1262
-92.9798
-92.8342
-92.6891
-92.5443
-92.3997
-92.2551
-92.1103
-91.9652
-91.8197
-91.6736
-91.5269
-91.3794
-91.231
-91.0816
-90.9311
-90.7794
-90.6263
-90.4717
-90.3156
-90.1576
-89.9978
-89.8359
-89.6718
-89.5054
-89.3363
-89.1645
-88.9897
-88.8117
-88.6302
-88.4449
-88.2556
-88.0618
-87.8633
-87.6595
-87.4501
-87.2345
-87.0121
-86.7823
-86.5442
-86.297
-86.0396
-85.771
-85.4896
-85.1938
-84.8817
-84.5507
-84.1979
-83.8195
-83.4109
-82.9658
-82.476
-81.9303
-81.3129
-80.6005
-79.7563
-78.7192
-77.376
-75.4856
-72.4062
-65.5986
-33.843
49.2094
49.9508
49.5604
48.1367
44.7165
38.3393
28.6373
16.7292
5.18362
-4.78292
-13.7365
-22.352
-29.644
-36.6707
-50.8334
-82.8781
-94.5422
-94.9454
-94.9488
-94.9145
-94.8534
-94.763
-94.645
-94.5059
-94.3543
-94.1971
-94.0388
-93.8817
-93.7267
-93.574
-93.4234
-93.2746
-93.1271
-92.9807
-92.8351
-92.69
-92.5452
-92.4006
-92.256
-92.1112
-91.9661
-91.8205
-91.6745
-91.5278
-91.3803
-91.2319
-91.0825
-90.932
-90.7803
-90.6272
-90.4727
-90.3165
-90.1586
-89.9988
-89.8369
-89.6729
-89.5064
-89.3374
-89.1656
-88.9908
-88.8128
-88.6313
-88.4461
-88.2568
-88.0631
-87.8646
-87.6609
-87.4515
-87.2359
-87.0136
-86.7838
-86.5458
-86.2986
-86.0414
-85.7728
-85.4915
-85.1959
-84.8838
-84.553
-84.2003
-83.8222
-83.4138
-82.9689
-82.4795
-81.9343
-81.3175
-80.6057
-79.7627
-78.7272
-77.3868
-75.5016
-72.4351
-65.677
-34.3646
49.2021
49.9509
49.5614
48.1404
44.7258
38.3573
28.6653
16.7628
5.21518
-4.7546
-13.7099
-22.3267
-29.6276
-36.6446
-50.7725
-82.7881
-94.5385
-94.9452
-94.9489
-94.9146
-94.8537
-94.7635
-94.6456
-94.5066
-94.3551
-94.198
-94.0397
-93.8826
-93.7276
-93.575
-93.4244
-93.2755
-93.128
-92.9816
-92.836
-92.6909
-92.5461
-92.4015
-92.2568
-92.1121
-91.967
-91.8214
-91.6754
-91.5287
-91.3812
-91.2328
-91.0835
-90.933
-90.7813
-90.6282
-90.4737
-90.3175
-90.1596
-89.9998
-89.838
-89.6739
-89.5075
-89.3385
-89.1667
-88.992
-88.814
-88.6326
-88.4473
-88.2581
-88.0644
-87.8659
-87.6623
-87.4529
-87.2374
-87.0151
-86.7854
-86.5474
-86.3004
-86.0432
-85.7747
-85.4935
-85.198
-84.8861
-84.5554
-84.2029
-83.825
-83.4168
-82.9722
-82.4832
-81.9384
-81.3222
-80.6113
-79.7694
-78.7356
-77.398
-75.5183
-72.4651
-65.7585
-34.9059
49.1909
49.9511
49.5626
48.1445
44.7359
38.3768
28.6953
16.7985
5.2487
-4.72458
-13.6818
-22.2998
-29.6101
-36.6166
-50.7069
-82.6893
-94.5345
-94.945
-94.9489
-94.9148
-94.854
-94.7639
-94.6462
-94.5074
-94.356
-94.1989
-94.0407
-93.8836
-93.7286
-93.5759
-93.4253
-93.2764
-93.129
-92.9825
-92.8369
-92.6918
-92.547
-92.4024
-92.2578
-92.113
-91.9679
-91.8224
-91.6764
-91.5297
-91.3822
-91.2338
-91.0845
-90.934
-90.7823
-90.6292
-90.4747
-90.3186
-90.1607
-90.0009
-89.8391
-89.6751
-89.5086
-89.3397
-89.1679
-88.9932
-88.8153
-88.6338
-88.4487
-88.2594
-88.0658
-87.8673
-87.6637
-87.4545
-87.239
-87.0168
-86.7871
-86.5492
-86.3022
-86.0451
-85.7767
-85.4956
-85.2002
-84.8884
-84.5579
-84.2056
-83.8279
-83.42
-82.9757
-82.487
-81.9428
-81.3272
-80.6171
-79.7764
-78.7445
-77.4099
-75.5358
-72.4967
-65.8437
-35.4688
49.1754
49.9513
49.564
48.1492
44.7471
38.398
28.7275
16.8364
5.28414
-4.69296
-13.6522
-22.2715
-29.5916
-36.5869
-50.6375
-82.584
-94.5301
-94.9448
-94.949
-94.915
-94.8543
-94.7644
-94.6468
-94.5082
-94.3569
-94.1999
-94.0417
-93.8846
-93.7296
-93.577
-93.4263
-93.2774
-93.13
-92.9835
-92.8379
-92.6928
-92.548
-92.4034
-92.2588
-92.114
-91.9689
-91.8234
-91.6774
-91.5307
-91.3832
-91.2348
-91.0855
-90.935
-90.7833
-90.6303
-90.4758
-90.3197
-90.1618
-90.002
-89.8402
-89.6762
-89.5098
-89.3409
-89.1692
-88.9945
-88.8165
-88.6352
-88.45
-88.2608
-88.0672
-87.8688
-87.6652
-87.456
-87.2406
-87.0184
-86.7888
-86.551
-86.3041
-86.0471
-85.7788
-85.4978
-85.2025
-84.8909
-84.5605
-84.2084
-83.8309
-83.4233
-82.9793
-82.491
-81.9473
-81.3324
-80.6232
-79.7837
-78.7536
-77.4221
-75.554
-72.5291
-65.9309
-36.0389
49.1551
49.9516
49.5656
48.1543
44.7592
38.4205
28.7612
16.8759
5.3207
-4.66045
-13.6218
-22.2424
-29.5725
-36.5561
-50.5657
-82.4749
-94.5255
-94.9446
-94.949
-94.9151
-94.8546
-94.7649
-94.6475
-94.509
-94.3578
-94.2009
-94.0427
-93.8856
-93.7307
-93.578
-93.4274
-93.2785
-93.131
-92.9845
-92.8389
-92.6938
-92.549
-92.4044
-92.2598
-92.115
-91.9699
-91.8244
-91.6784
-91.5317
-91.3842
-91.2359
-91.0865
-90.9361
-90.7844
-90.6314
-90.4769
-90.3208
-90.1629
-90.0032
-89.8414
-89.6774
-89.5111
-89.3421
-89.1704
-88.9958
-88.8179
-88.6365
-88.4514
-88.2622
-88.0687
-87.8703
-87.6668
-87.4576
-87.2423
-87.0202
-86.7906
-86.5529
-86.306
-86.0491
-85.7809
-85.5001
-85.2049
-84.8934
-84.5632
-84.2113
-83.834
-83.4267
-82.9831
-82.4952
-81.9519
-81.3376
-80.6294
-79.7911
-78.763
-77.4346
-75.5725
-72.5621
-66.0193
-36.6156
49.1298
49.9519
49.5673
48.1598
44.772
38.4441
28.7963
16.9166
5.35825
-4.62714
-13.5906
-22.2126
-29.5528
-36.5244
-50.4915
-82.3608
-94.5206
-94.9443
-94.9491
-94.9153
-94.855
-94.7654
-94.6482
-94.5099
-94.3588
-94.2019
-94.0438
-93.8867
-93.7318
-93.5791
-93.4284
-93.2795
-93.132
-92.9856
-92.8399
-92.6948
-92.5501
-92.4054
-92.2608
-92.116
-91.971
-91.8255
-91.6794
-91.5328
-91.3853
-91.237
-91.0876
-90.9372
-90.7855
-90.6325
-90.478
-90.3219
-90.1641
-90.0044
-89.8426
-89.6787
-89.5123
-89.3434
-89.1717
-88.9971
-88.8192
-88.6379
-88.4528
-88.2637
-88.0702
-87.8719
-87.6684
-87.4593
-87.244
-87.022
-86.7925
-86.5548
-86.3081
-86.0512
-85.7831
-85.5024
-85.2074
-84.896
-84.566
-84.2143
-83.8373
-83.4302
-82.9869
-82.4994
-81.9567
-81.3431
-80.6358
-79.7989
-78.7727
-77.4475
-75.5916
-72.5961
-66.1101
-37.2031
49.0985
49.9522
49.5692
48.1658
44.7857
38.4691
28.8331
16.959
5.39714
-4.59269
-13.5584
-22.1816
-29.5323
-36.4912
-50.4138
-82.2397
-94.5153
-94.944
-94.9491
-94.9155
-94.8553
-94.7659
-94.6489
-94.5108
-94.3598
-94.203
-94.0449
-93.8879
-93.7329
-93.5802
-93.4295
-93.2806
-93.1331
-92.9867
-92.841
-92.6959
-92.5511
-92.4065
-92.2619
-92.1171
-91.972
-91.8266
-91.6805
-91.5339
-91.3864
-91.2381
-91.0888
-90.9384
-90.7867
-90.6337
-90.4792
-90.3231
-90.1653
-90.0056
-89.8439
-89.6799
-89.5136
-89.3447
-89.1731
-88.9985
-88.8207
-88.6394
-88.4543
-88.2652
-88.0718
-87.8735
-87.6701
-87.461
-87.2458
-87.0238
-86.7944
-86.5568
-86.3101
-86.0534
-85.7854
-85.5048
-85.2099
-84.8987
-84.5689
-84.2174
-83.8406
-83.4338
-82.9909
-82.5038
-81.9616
-81.3488
-80.6424
-79.8068
-78.7826
-77.4608
-75.6113
-72.6308
-66.2026
-37.7956
49.0606
49.9526
49.5712
48.1722
44.8003
38.4952
28.8713
17.0028
5.43703
-4.55746
-13.5255
-22.15
-29.5112
-36.457
-50.334
-82.1147
-94.5098
-94.9437
-94.9492
-94.9157
-94.8556
-94.7665
-94.6496
-94.5116
-94.3608
-94.2041
-94.046
-93.889
-93.7341
-93.5813
-93.4307
-93.2818
-93.1342
-92.9878
-92.8421
-92.697
-92.5522
-92.4076
-92.263
-92.1182
-91.9732
-91.8277
-91.6817
-91.535
-91.3876
-91.2392
-91.0899
-90.9395
-90.7879
-90.6349
-90.4804
-90.3244
-90.1666
-90.0069
-89.8452
-89.6813
-89.515
-89.3461
-89.1745
-88.9999
-88.8221
-88.6409
-88.4559
-88.2668
-88.0734
-87.8752
-87.6718
-87.4628
-87.2476
-87.0257
-86.7963
-86.5588
-86.3123
-86.0556
-85.7878
-85.5073
-85.2125
-84.9015
-84.5718
-84.2205
-83.844
-83.4374
-82.9949
-82.5083
-81.9667
-81.3545
-80.6491
-79.8149
-78.7927
-77.4743
-75.6312
-72.6661
-66.2953
-38.3877
49.0158
49.9529
49.5734
48.179
44.8154
38.5223
28.9106
17.0475
5.47775
-4.52157
-13.492
-22.1177
-29.4896
-36.422
-50.2518
-81.9849
-94.504
-94.9434
-94.9492
-94.9159
-94.856
-94.767
-94.6504
-94.5125
-94.3618
-94.2052
-94.0471
-93.8902
-93.7352
-93.5825
-93.4318
-93.2829
-93.1354
-92.9889
-92.8432
-92.6981
-92.5534
-92.4087
-92.2641
-92.1193
-91.9743
-91.8288
-91.6828
-91.5361
-91.3887
-91.2404
-91.0911
-90.9407
-90.7891
-90.6361
-90.4817
-90.3256
-90.1678
-90.0082
-89.8465
-89.6826
-89.5163
-89.3475
-89.1759
-89.0013
-88.8236
-88.6424
-88.4574
-88.2684
-88.075
-87.8768
-87.6735
-87.4645
-87.2494
-87.0276
-86.7983
-86.5609
-86.3144
-86.0579
-85.7901
-85.5097
-85.2151
-84.9042
-84.5747
-84.2237
-83.8473
-83.4411
-82.9989
-82.5128
-81.9717
-81.3602
-80.6558
-79.823
-78.8029
-77.4878
-75.6511
-72.7013
-66.3871
-38.9673
48.9643
49.9533
49.5757
48.186
44.8309
38.5497
28.9501
17.0923
5.51841
-4.48584
-13.4587
-22.0856
-29.4679
-36.3868
-50.1689
-81.8519
-94.498
-94.9431
-94.9493
-94.9161
-94.8563
-94.7675
-94.6511
-94.5134
-94.3629
-94.2063
-94.0483
-93.8913
-93.7364
-93.5837
-93.433
-93.284
-93.1365
-92.99
-92.8444
-92.6992
-92.5545
-92.4099
-92.2652
-92.1205
-91.9754
-91.8299
-91.6839
-91.5373
-91.3898
-91.2416
-91.0923
-90.9419
-90.7903
-90.6373
-90.4829
-90.3268
-90.1691
-90.0094
-89.8478
-89.6839
-89.5176
-89.3488
-89.1773
-89.0028
-88.825
-88.6438
-88.4589
-88.2699
-88.0766
-87.8785
-87.6752
-87.4663
-87.2512
-87.0295
-86.8003
-86.5629
-86.3165
-86.0601
-85.7924
-85.5122
-85.2177
-84.907
-84.5776
-84.2268
-83.8507
-83.4448
-83.0029
-82.5172
-81.9767
-81.3659
-80.6624
-79.8309
-78.8128
-77.5011
-75.6706
-72.7357
-66.4766
-39.5289
48.9063
49.9537
49.578
48.1931
44.8465
38.5771
28.9892
17.1365
5.55836
-4.45083
-13.4261
-22.0542
-29.4466
-36.3522
-50.0872
-81.7205
-94.4919
-94.9427
-94.9493
-94.9163
-94.8566
-94.768
-94.6518
-94.5143
-94.3639
-94.2074
-94.0494
-93.8925
-93.7375
-93.5848
-93.4341
-93.2852
-93.1376
-92.9911
-92.8455
-92.7003
-92.5556
-92.4109
-92.2663
-92.1215
-91.9765
-91.831
-91.685
-91.5384
-91.391
-91.2427
-91.0934
-90.943
-90.7914
-90.6385
-90.4841
-90.3281
-90.1703
-90.0107
-89.849
-89.6852
-89.519
-89.3502
-89.1786
-89.0042
-88.8264
-88.6453
-88.4604
-88.2715
-88.0782
-87.8801
-87.6769
-87.468
-87.253
-87.0313
-86.8022
-86.5649
-86.3186
-86.0622
-85.7947
-85.5145
-85.2202
-84.9096
-84.5805
-84.2298
-83.854
-83.4483
-83.0068
-82.5215
-81.9815
-81.3715
-80.6689
-79.8387
-78.8226
-77.514
-75.6897
-72.7691
-66.5633
-40.07
48.8421
49.9542
49.5803
48.2001
44.8619
38.6041
29.0278
17.1798
5.59738
-4.41671
-13.3943
-22.0235
-29.4257
-36.3183
-50.0074
-81.5907
-94.4858
-94.9423
-94.9493
-94.9164
-94.857
-94.7686
-94.6525
-94.5152
-94.3649
-94.2084
-94.0505
-93.8936
-93.7386
-93.5859
-93.4352
-93.2863
-93.1387
-92.9922
-92.8465
-92.7014
-92.5566
-92.412
-92.2674
-92.1226
-91.9776
-91.8321
-91.6861
-91.5395
-91.3921
-91.2438
-91.0945
-90.9442
-90.7926
-90.6396
-90.4852
-90.3292
-90.1715
-90.0119
-89.8503
-89.6864
-89.5202
-89.3515
-89.18
-89.0055
-88.8278
-88.6467
-88.4619
-88.273
-88.0797
-87.8817
-87.6785
-87.4697
-87.2548
-87.0331
-86.804
-86.5668
-86.3206
-86.0643
-85.7969
-85.5169
-85.2226
-84.9122
-84.5832
-84.2328
-83.8572
-83.4518
-83.0106
-82.5257
-81.9863
-81.3769
-80.6752
-79.8463
-78.8321
-77.5266
-75.7081
-72.8015
-66.6469
-40.5837
48.7724
49.9546
49.5826
48.2071
44.8771
38.6305
29.0652
17.2218
5.63498
-4.38383
-13.3636
-21.9939
-29.4055
-36.2854
-49.9302
-81.4633
-94.4797
-94.942
-94.9494
-94.9166
-94.8573
-94.769
-94.6532
-94.516
-94.3658
-94.2094
-94.0516
-93.8947
-93.7397
-93.587
-93.4363
-93.2873
-93.1398
-92.9933
-92.8476
-92.7025
-92.5577
-92.4131
-92.2684
-92.1237
-91.9786
-91.8332
-91.6872
-91.5405
-91.3931
-91.2449
-91.0956
-90.9453
-90.7937
-90.6408
-90.4864
-90.3304
-90.1727
-90.0131
-89.8515
-89.6876
-89.5215
-89.3527
-89.1813
-89.0068
-88.8292
-88.6481
-88.4633
-88.2744
-88.0812
-87.8832
-87.68
-87.4713
-87.2564
-87.0348
-86.8058
-86.5687
-86.3225
-86.0663
-85.799
-85.5191
-85.225
-84.9147
-84.5859
-84.2356
-83.8602
-83.4551
-83.0142
-82.5297
-81.9908
-81.382
-80.6812
-79.8534
-78.841
-77.5385
-75.7255
-72.832
-66.7254
-41.0646
48.6988
49.955
49.5849
48.2138
44.8917
38.6558
29.101
17.2616
5.67071
-4.35264
-13.3346
-21.9658
-29.3862
-36.2539
-49.8563
-81.3412
-94.4738
-94.9416
-94.9494
-94.9168
-94.8576
-94.7695
-94.6538
-94.5168
-94.3667
-94.2104
-94.0526
-93.8957
-93.7407
-93.588
-93.4373
-93.2883
-93.1407
-92.9942
-92.8486
-92.7034
-92.5586
-92.414
-92.2694
-92.1246
-91.9796
-91.8341
-91.6881
-91.5415
-91.3941
-91.2459
-91.0966
-90.9463
-90.7947
-90.6418
-90.4874
-90.3314
-90.1737
-90.0142
-89.8526
-89.6888
-89.5226
-89.3539
-89.1824
-89.008
-88.8304
-88.6493
-88.4645
-88.2757
-88.0825
-87.8846
-87.6815
-87.4728
-87.2579
-87.0364
-86.8074
-86.5704
-86.3243
-86.0682
-85.8009
-85.5211
-85.2271
-84.917
-84.5883
-84.2382
-83.863
-83.4581
-83.0176
-82.5334
-81.9949
-81.3867
-80.6867
-79.86
-78.8492
-77.5494
-75.7415
-72.8599
-66.797
-41.5011
48.6239
49.9553
49.5869
48.2201
44.9052
38.6792
29.134
17.2984
5.70362
-4.32394
-13.3079
-21.94
-29.3684
-36.2248
-49.7879
-81.2275
-94.4682
-94.9412
-94.9494
-94.9169
-94.8579
-94.7699
-94.6544
-94.5175
-94.3675
-94.2113
-94.0535
-93.8966
-93.7417
-93.5889
-93.4382
-93.2892
-93.1416
-92.9951
-92.8495
-92.7043
-92.5595
-92.4149
-92.2703
-92.1255
-91.9805
-91.835
-91.689
-91.5424
-91.395
-91.2468
-91.0975
-90.9472
-90.7956
-90.6427
-90.4884
-90.3324
-90.1747
-90.0152
-89.8536
-89.6898
-89.5236
-89.355
-89.1835
-89.0091
-88.8315
-88.6505
-88.4657
-88.2769
-88.0837
-87.8858
-87.6828
-87.4741
-87.2593
-87.0378
-86.8089
-86.5719
-86.3259
-86.0699
-85.8027
-85.523
-85.2291
-84.9191
-84.5905
-84.2406
-83.8656
-83.4609
-83.0206
-82.5368
-81.9986
-81.391
-80.6917
-79.866
-78.8567
-77.5594
-75.756
-72.8854
-66.8616
-41.8897
48.5503
49.9557
49.5889
48.2258
44.9175
38.7004
29.1638
17.3316
5.73331
-4.2981
-13.2839
-21.9167
-29.3523
-36.1985
-49.7263
-81.1233
-94.4629
-94.9409
-94.9494
-94.917
-94.8581
-94.7703
-94.6549
-94.5182
-94.3683
-94.2121
-94.0543
-93.8974
-93.7425
-93.5898
-93.439
-93.2901
-93.1425
-92.996
-92.8503
-92.7051
-92.5603
-92.4157
-92.2711
-92.1263
-91.9813
-91.8358
-91.6899
-91.5432
-91.3959
-91.2476
-91.0984
-90.948
-90.7965
-90.6436
-90.4892
-90.3333
-90.1756
-90.0161
-89.8545
-89.6907
-89.5246
-89.3559
-89.1845
-89.0101
-88.8325
-88.6515
-88.4668
-88.278
-88.0849
-87.887
-87.684
-87.4753
-87.2606
-87.0391
-86.8103
-86.5733
-86.3274
-86.0714
-85.8043
-85.5246
-85.2309
-84.9209
-84.5925
-84.2427
-83.8679
-83.4634
-83.0233
-82.5398
-82.002
-81.3949
-80.6962
-79.8714
-78.8635
-77.5683
-75.769
-72.9081
-66.919
-42.2336
48.479
49.956
49.5906
48.231
44.9286
38.7195
29.1906
17.3613
5.75989
-4.275
-13.2625
-21.8959
-29.338
-36.175
-49.6708
-81.0291
-94.4581
-94.9406
-94.9494
-94.9172
-94.8583
-94.7707
-94.6554
-94.5188
-94.3689
-94.2128
-94.0551
-93.8982
-93.7433
-93.5905
-93.4398
-93.2908
-93.1432
-92.9967
-92.851
-92.7058
-92.561
-92.4164
-92.2718
-92.127
-91.982
-91.8365
-91.6906
-91.544
-91.3966
-91.2483
-91.0991
-90.9488
-90.7972
-90.6443
-90.49
-90.3341
-90.1764
-90.0169
-89.8553
-89.6915
-89.5254
-89.3568
-89.1854
-89.011
-88.8334
-88.6524
-88.4677
-88.279
-88.0858
-87.888
-87.685
-87.4764
-87.2617
-87.0403
-86.8115
-86.5745
-86.3286
-86.0727
-85.8057
-85.5261
-85.2324
-84.9226
-84.5942
-84.2446
-83.8699
-83.4656
-83.0257
-82.5424
-82.005
-81.3982
-80.7001
-79.8761
-78.8693
-77.5761
-75.7803
-72.9278
-66.9685
-42.5292
48.4129
49.9562
49.5921
48.2355
44.9383
38.7361
29.2139
17.3872
5.78293
-4.25501
-13.244
-21.878
-29.3255
-36.1546
-49.6227
-80.9473
-94.4539
-94.9403
-94.9495
-94.9173
-94.8585
-94.771
-94.6558
-94.5193
-94.3695
-94.2134
-94.0557
-93.8988
-93.7439
-93.5911
-93.4404
-93.2914
-93.1438
-92.9973
-92.8516
-92.7065
-92.5617
-92.417
-92.2724
-92.1277
-91.9826
-91.8372
-91.6912
-91.5446
-91.3972
-91.249
-91.0997
-90.9494
-90.7979
-90.645
-90.4907
-90.3347
-90.1771
-90.0175
-89.856
-89.6922
-89.5261
-89.3575
-89.1861
-89.0117
-88.8342
-88.6532
-88.4685
-88.2798
-88.0867
-87.8889
-87.6859
-87.4773
-87.2626
-87.0412
-86.8125
-86.5756
-86.3297
-86.0739
-85.8069
-85.5274
-85.2337
-84.924
-84.5957
-84.2461
-83.8716
-83.4674
-83.0277
-82.5447
-82.0075
-81.4011
-80.7034
-79.88
-78.8743
-77.5826
-75.7899
-72.9444
-67.0103
-42.7782
48.3534
49.9564
49.5934
48.2394
44.9466
38.7503
29.2338
17.4092
5.80247
-4.23807
-13.2282
-21.8627
-29.315
-36.1374
-49.5819
-80.878
-94.4503
-94.9401
-94.9495
-94.9173
-94.8587
-94.7712
-94.6562
-94.5197
-94.37
-94.2139
-94.0562
-93.8994
-93.7444
-93.5917
-93.441
-93.292
-93.1444
-92.9978
-92.8521
-92.707
-92.5622
-92.4176
-92.2729
-92.1282
-91.9831
-91.8377
-91.6917
-91.5451
-91.3977
-91.2495
-91.1003
-90.95
-90.7984
-90.6455
-90.4912
-90.3353
-90.1776
-90.0181
-89.8566
-89.6928
-89.5267
-89.3581
-89.1867
-89.0124
-88.8348
-88.6539
-88.4692
-88.2805
-88.0874
-87.8896
-87.6866
-87.4781
-87.2634
-87.042
-86.8133
-86.5764
-86.3306
-86.0748
-85.8079
-85.5284
-85.2348
-84.9251
-84.597
-84.2474
-83.873
-83.4689
-83.0294
-82.5465
-82.0096
-81.4034
-80.7061
-79.8833
-78.8784
-77.5881
-75.7978
-72.9581
-67.0447
-42.9826
48.3018
49.9566
49.5945
48.2426
44.9535
38.762
29.2502
17.4274
5.81863
-4.22407
-13.2153
-21.8501
-29.3062
-36.123
-49.548
-80.82
-94.4472
-94.9399
-94.9495
-94.9174
-94.8588
-94.7714
-94.6565
-94.5201
-94.3704
-94.2143
-94.0567
-93.8998
-93.7449
-93.5921
-93.4414
-93.2924
-93.1448
-92.9983
-92.8526
-92.7074
-92.5626
-92.418
-92.2734
-92.1286
-91.9835
-91.8381
-91.6921
-91.5455
-91.3982
-91.2499
-91.1007
-90.9504
-90.7989
-90.646
-90.4917
-90.3357
-90.1781
-90.0186
-89.857
-89.6933
-89.5272
-89.3586
-89.1872
-89.0129
-88.8354
-88.6544
-88.4697
-88.281
-88.088
-87.8902
-87.6872
-87.4787
-87.264
-87.0427
-86.814
-86.5772
-86.3314
-86.0756
-85.8087
-85.5292
-85.2357
-84.926
-84.598
-84.2485
-83.8741
-83.4702
-83.0308
-82.548
-82.0112
-81.4054
-80.7084
-79.886
-78.8817
-77.5925
-75.8043
-72.9692
-67.0725
-43.1455
48.2589
49.9568
49.5953
48.2451
44.959
38.7715
29.2634
17.442
5.83159
-4.21285
-13.2049
-21.8401
-29.2992
-36.1115
-49.5208
-80.7728
-94.4447
-94.9397
-94.9495
-94.9175
-94.8589
-94.7716
-94.6567
-94.5203
-94.3707
-94.2147
-94.057
-93.9002
-93.7452
-93.5925
-93.4417
-93.2927
-93.1451
-92.9986
-92.8529
-92.7077
-92.5629
-92.4183
-92.2737
-92.1289
-91.9839
-91.8384
-91.6925
-91.5459
-91.3985
-91.2503
-91.101
-90.9507
-90.7992
-90.6463
-90.492
-90.3361
-90.1785
-90.0189
-89.8574
-89.6937
-89.5276
-89.359
-89.1876
-89.0133
-88.8358
-88.6548
-88.4702
-88.2815
-88.0884
-87.8906
-87.6877
-87.4792
-87.2646
-87.0432
-86.8145
-86.5777
-86.3319
-86.0762
-85.8093
-85.5299
-85.2364
-84.9268
-84.5987
-84.2494
-83.875
-83.4712
-83.0318
-82.5492
-82.0126
-81.4069
-80.7101
-79.8881
-78.8843
-77.596
-75.8093
-72.978
-67.0943
-43.2729
48.2241
49.9569
49.596
48.2472
44.9633
38.7789
29.2738
17.4534
5.84176
-4.20402
-13.1967
-21.8321
-29.2936
-36.1023
-49.4993
-80.7354
-94.4427
-94.9396
-94.9495
-94.9175
-94.859
-94.7717
-94.6569
-94.5206
-94.3709
-94.2149
-94.0573
-93.9004
-93.7455
-93.5928
-93.442
-93.293
-93.1454
-92.9989
-92.8532
-92.708
-92.5632
-92.4186
-92.274
-92.1292
-91.9841
-91.8387
-91.6927
-91.5461
-91.3988
-91.2505
-91.1013
-90.951
-90.7995
-90.6466
-90.4923
-90.3364
-90.1787
-90.0192
-89.8577
-89.694
-89.5279
-89.3593
-89.1879
-89.0136
-88.8361
-88.6551
-88.4705
-88.2818
-88.0887
-87.891
-87.6881
-87.4796
-87.2649
-87.0436
-86.8149
-86.5781
-86.3324
-86.0767
-85.8098
-85.5304
-85.2369
-84.9274
-84.5994
-84.25
-83.8757
-83.4719
-83.0327
-82.5501
-82.0136
-81.4081
-80.7115
-79.8897
-78.8864
-77.5987
-75.8133
-72.9848
-67.1113
-43.3721
48.1962
49.957
49.5966
48.2488
44.9667
38.7847
29.2819
17.4624
5.84971
-4.19713
-13.1903
-21.8259
-29.2892
-36.0952
-49.4826
-80.7062
-94.4412
-94.9395
-94.9495
-94.9176
-94.8591
-94.7718
-94.657
-94.5207
-94.3711
-94.2152
-94.0575
-93.9007
-93.7457
-93.593
-93.4422
-93.2932
-93.1456
-92.9991
-92.8534
-92.7082
-92.5634
-92.4188
-92.2742
-92.1294
-91.9844
-91.8389
-91.6929
-91.5463
-91.399
-91.2507
-91.1015
-90.9512
-90.7997
-90.6468
-90.4925
-90.3366
-90.179
-90.0194
-89.8579
-89.6942
-89.5281
-89.3595

