-70
-68.3943
-66.3539
-63.1265
-56.177
-27.4766
41.9635
49.28
44.2175
28.9369
7.10578
-6.85514
-17.6567
-28.7275
-39.7613
-64.661
-92.8199
-94.7855
-94.9004
-94.8598
-94.7566
-94.5942
-94.3778
-94.1203
-93.8363
-93.5381
-93.2338
-92.9284
-92.6245
-92.3234
-92.0256
-91.7314
-91.4407
-91.1535
-90.8696
-90.5891
-90.3118
-90.0376
-89.7664
-89.4982
-89.2329
-88.9703
-88.7106
-88.4534
-88.1989
-87.9469
-87.6974
-87.4502
-87.2054
-86.9628
-86.7223
-86.484
-86.2476
-86.0132
-85.7806
-85.5498
-85.3207
-85.0932
-84.8672
-84.6426
-84.4193
-84.1972
-83.9763
-83.7564
-83.5373
-83.3191
-83.1015
-82.8845
-82.6679
-82.4516
-82.2354
-82.0192
-81.8028
-81.586
-81.3687
-81.1506
-80.9316
-80.7114
-80.4897
-80.2664
-80.041
-79.8134
-79.5831
-79.3497
-79.1129
-78.8721
-78.6268
-78.3765
-78.1203
-77.8576
-77.5874
-77.3088
-77.0204
-76.7209
-76.4085
-76.0813
-75.7366
-75.3715
-74.982
-74.5631
-74.1085
-73.6094
-73.0538
-72.4245
-71.696
-70.8274
-69.7493
-68.3297
-66.277
-62.7705
-54.2579
-13.0491
49.366
49.4475
44.8587
30.6322
9.11557
-5.45456
-16.375
-27.391
-37.4228
-58.9431
-91.4515
-94.7295
-94.909
-94.8813
-94.7923
-94.6479
-94.4523
-94.2169
-93.9559
-93.6812
-93.4007
-93.1193
-92.8397
-92.5631
-92.2902
-92.0211
-91.7558
-91.4943
-91.2365
-90.9823
-90.7317
-90.4845
-90.2406
-90
-89.7627
-89.5284
-89.2973
-89.0691
-88.8438
-88.6215
-88.4018
-88.185
-87.9707
-87.7591
-87.55
-87.3434
-87.1391
-86.9372
-86.7376
-86.5402
-86.3449
-86.1517
-85.9605
-85.7713
-85.584
-85.3985
-85.2147
-85.0327
-84.8522
-84.6733
-84.496
-84.32
-84.1454
-83.9721
-83.8
-83.6291
-83.4593
-83.2904
-83.1225
-82.9554
-82.7891
-82.6234
-82.4584
-82.2939
-82.1299
-81.9662
-81.8027
-81.6394
-81.4762
-81.3128
-81.1494
-80.9856
-80.8214
-80.6567
-80.4914
-80.3252
-80.158
-79.9897
-79.8201
-79.649
-79.4762
-79.3015
-79.1246
-78.9453
-78.7633
-78.5782
-78.3897
-78.1975
-78.0011
-77.8
-77.5937
-77.3815
-77.1628
-76.9367
-76.7023
-76.4585
-76.2041
-75.9374
-75.6567
-75.3598
-75.0439
-74.7057
-74.3408
-73.9436
-73.5069
-73.0205
-72.4705
-71.8363
-71.0864
-70.1688
-68.9911
-67.3651
-64.8299
-59.8364
-43.13
33.0451
49.6107
46.2447
34.3828
13.7716
-2.52695
-13.8203
-24.6462
-34.7707
-52.4162
-87.2191
-94.4643
-94.8792
-94.8931
-94.8308
-94.7146
-94.5476
-94.3384
-94.0998
-93.8438
-93.5794
-93.3126
-93.0466
-92.7835
-92.5241
-92.2688
-92.0178
-91.771
-91.5285
-91.2901
-91.0557
-90.8253
-90.5987
-90.376
-90.1569
-89.9414
-89.7294
-89.5208
-89.3156
-89.1137
-88.915
-88.7194
-88.5268
-88.3373
-88.1506
-87.9668
-87.7858
-87.6075
-87.4319
-87.2588
-87.0883
-86.9203
-86.7546
-86.5913
-86.4303
-86.2715
-86.1148
-85.9603
-85.8079
-85.6574
-85.5089
-85.3623
-85.2176
-85.0746
-84.9334
-84.7938
-84.6559
-84.5196
-84.3849
-84.2516
-84.1198
-83.9894
-83.8603
-83.7325
-83.606
-83.4807
-83.3566
-83.2336
-83.1116
-82.9907
-82.8708
-82.7518
-82.6337
-82.5165
-82.4001
-82.2844
-82.1695
-82.0552
-81.9415
-81.8285
-81.7159
-81.6039
-81.4922
-81.381
-81.2701
-81.1595
-81.0492
-80.939
-80.8289
-80.719
-80.609
-80.4991
-80.389
-80.2788
-80.1683
-80.0576
-79.9465
-79.835
-79.7229
-79.6103
-79.497
-79.383
-79.2681
-79.1522
-79.0353
-78.9172
-78.7978
-78.677
-78.5546
-78.4305
-78.3046
-78.1766
-78.0464
-77.9137
-77.7784
-77.6401
-77.4987
-77.3537
-77.2049
-77.0519
-76.8943
-76.7315
-76.5631
-76.3883
-76.2066
-76.0171
-75.8188
-75.6106
-75.3912
-75.159
-74.9122
-74.6484
-74.3648
-74.0577
-73.7227
-73.3536
-72.9427
-72.4788
-71.9464
-71.3225
-70.5708
-69.6303
-68.3879
-66.6015
-63.6249
-56.9081
-28.0878
42.4215
49.3823
44.9716
31.2854
10.1695
-4.66784
-15.6422
-26.5974
-36.1282
-55.7841
-90.0304
-94.6572
-94.904
-94.8903
-94.8142
-94.6859
-94.5089
-94.2936
-94.0533
-93.7996
-93.5407
-93.2817
-93.0252
-92.7728
-92.5252
-92.2825
-92.0448
-91.8122
-91.5844
-91.3613
-91.1429
-90.929
-90.7196
-90.5144
-90.3133
-90.1164
-89.9234
-89.7343
-89.5489
-89.3672
-89.1892
-89.0146
-88.8435
-88.6756
-88.5111
-88.3497
-88.1914
-88.0361
-87.8838
-87.7344
-87.5877
-87.4438
-87.3026
-87.164
-87.0279
-86.8944
-86.7632
-86.6344
-86.5079
-86.3837
-86.2617
-86.1418
-86.024
-85.9083
-85.7945
-85.6827
-85.5728
-85.4648
-85.3585
-85.254
-85.1513
-85.0502
-84.9508
-84.853
-84.7567
-84.662
-84.5688
-84.477
-84.3866
-84.2976
-84.21
-84.1237
-84.0387
-83.955
-83.8725
-83.7912
-83.711
-83.632
-83.5542
-83.4774
-83.4017
-83.327
-83.2534
-83.1808
-83.1091
-83.0384
-82.9686
-82.8997
-82.8317
-82.7645
-82.6982
-82.6328
-82.5681
-82.5042
-82.4411
-82.3788
-82.3171
-82.2562
-82.196
-82.1365
-82.0776
-82.0194
-81.9618
-81.9049
-81.8485
-81.7928
-81.7376
-81.683
-81.6289
-81.5754
-81.5224
-81.4699
-81.4179
-81.3664
-81.3154
-81.2648
-81.2147
-81.165
-81.1158
-81.0669
-81.0185
-80.9705
-80.9228
-80.8755
-80.8286
-80.7821
-80.7358
-80.6899
-80.6444
-80.5991
-80.5542
-80.5095
-80.4651
-80.421
-80.3772
-80.3336
-80.2903
-80.2472
-80.2044
-80.1617
-80.1193
-80.0771
-80.035
-79.9932
-79.9515
-79.91
-79.8686
-79.8274
-79.7864
-79.7454
-79.7046
-79.6639
-79.6233
-79.5828
-79.5424
-79.5021
-79.4618
-79.4216
-79.3814
-79.3413
-79.3012
-79.2611
-79.221
-79.181
-79.1409
-79.1008
-79.0606
-79.0204
-78.9802
-78.9399
-78.8995
-78.859
-78.8184
-78.7777
-78.7369
-78.6959
-78.6548
-78.6135
-78.572
-78.5303
-78.4883
-78.4462
-78.4038
-78.3612
-78.3182
-78.2749
-78.2314
-78.1875
-78.1432
-78.0985
-78.0534
-78.0079
-77.9619
-77.9154
-77.8685
-77.8209
-77.7728
-77.7241
-77.6748
-77.6247
-77.574
-77.5224
-77.4701
-77.417
-77.3629
-77.3079
-77.2519
-77.1949
-77.1367
-77.0773
-77.0167
-76.9547
-76.8913
-76.8264
-76.7599
-76.6916
-76.6216
-76.5495
-76.4755
-76.3991
-76.3204
-76.2391
-76.1551
-76.068
-75.9778
-75.884
-75.7865
-75.685
-75.5789
-75.4679
-75.3516
-75.2293
-75.1006
-74.9646
-74.8206
-74.6675
-74.5043
-74.3295
-74.1416
-73.9386
-73.7181
-73.477
-73.2116
-72.9169
-72.5865
-72.2117
-71.7803
-71.2748
-70.6686
-69.9191
-68.9517
-67.6211
-65.5911
-61.835
-51.103
3.43211
49.8567
49.1286
42.993
26.2307
4.75206
-8.44317
-19.1014
-30.1443
-42.4178
-70.8766
-93.4758
-94.8141
-94.9004
-94.8583
-94.7594
-94.6095
-94.4163
-94.1924
-93.9504
-93.7003
-93.4486
-93.1991
-92.954
-92.7142
-92.4801
-92.252
-92.0297
-91.8132
-91.6023
-91.3969
-91.1968
-91.0019
-90.812
-90.627
-90.4468
-90.2711
-90.1
-89.9332
-89.7706
-89.6121
-89.4576
-89.307
-89.1602
-89.017
-88.8774
-88.7413
-88.6085
-88.479
-88.3527
-88.2295
-88.1093
-87.992
-87.8776
-87.766
-87.657
-87.5507
-87.447
-87.3457
-87.2469
-87.1504
-87.0562
-86.9642
-86.8745
-86.7868
-86.7012
-86.6176
-86.536
-86.4563
-86.3784
-86.3024
-86.2281
-86.1556
-86.0847
-86.0155
-85.9478
-85.8818
-85.8172
-85.7541
-85.6925
-85.6323
-85.5734
-85.5159
-85.4597
-85.4048
-85.3511
-85.2987
-85.2475
-85.1974
-85.1484
-85.1006
-85.0538
-85.0081
-84.9635
-84.9198
-84.8772
-84.8355
-84.7947
-84.7549
-84.716
-84.678
-84.6408
-84.6045
-84.569
-84.5343
-84.5004
-84.4673
-84.435
-84.4033
-84.3725
-84.3423
-84.3128
-84.284
-84.2559
-84.2284
-84.2016
-84.1754
-84.1498
-84.1248
-84.1004
-84.0766
-84.0534
-84.0307
-84.0085
-83.9869
-83.9658
-83.9452
-83.9252
-83.9056
-83.8865
-83.8678
-83.8496
-83.8319
-83.8147
-83.7978
-83.7814
-83.7654
-83.7499
-83.7347
-83.7199
-83.7055
-83.6915
-83.6779
-83.6646
-83.6517
-83.6392
-83.627
-83.6151
-83.6036
-83.5924
-83.5815
-83.5709
-83.5607
-83.5507
-83.5411
-83.5317
-83.5226
-83.5138
-83.5053
-83.497
-83.489
-83.4813
-83.4738
-83.4666
-83.4596
-83.4529
-83.4464
-83.4401
-83.4341
-83.4283
-83.4227
-83.4173
-83.4121
-83.4072
-83.4024
-83.3978
-83.3935
-83.3893
-83.3853
-83.3815
-83.3779
-83.3745
-83.3712
-83.3681
-83.3652
-83.3624
-83.3599
-83.3574
-83.3551
-83.353
-83.351
-83.3492
-83.3475
-83.346
-83.3445
-83.3433
-83.3421
-83.3411
-83.3402
-83.3395
-83.3389
-83.3383
-83.338
-83.3377
-83.3375
-83.3375
-83.3375
-83.3377
-83.3379
-83.3383
-83.3388
-83.3394
-83.34
-83.3408
-83.3416
-83.3426
-83.3436
-83.3447
-83.3459
-83.3472
-83.3486
-83.3501
-83.3516
-83.3532
-83.3549
-83.3566
-83.3585
-83.3603
-83.3623
-83.3643
-83.3664
-83.3686
-83.3708
-83.3731
-83.3755
-83.3779
-83.3803
-83.3828
-83.3854
-83.3881
-83.3907
-83.3935
-83.3962
-83.3991
-83.402
-83.4049
-83.4078
-83.4109
-83.4139
-83.417
-83.4202
-83.4233
-83.4266
-83.4298
-83.4331
-83.4365
-83.4398
-83.4432
-83.4467
-83.4501
-83.4536
-83.4572
-83.4607
-83.4643
-83.4679
-83.4716
-83.4753
-83.479
-83.4827
-83.4864
-83.4902
-83.494
-83.4978
-83.5017
-83.5055
-83.5094
-83.5133
-83.5173
-83.5212
-83.5252
-83.5291
-83.5331
-83.5372
-83.5412
-83.5452
-83.5493
-83.5534
-83.5575
-83.5616
-83.5657
-83.5698
-83.5739
-83.5781
-83.5822
-83.5864
-83.5906
-83.5948
-83.599
-83.6032
-83.6074
-83.6116
-83.6158
-83.6201
-83.6243
-83.6286
-83.6328
-83.6371
-83.6413
-83.6456
-83.6499
-83.6542
-83.6584
-83.6627
-83.667
-83.6713
-83.6756
-83.6799
-83.6842
-83.6885
-83.6928
-83.6971
-83.7014
-83.7057
-83.71
-83.7143
-83.7186
-83.7229
-83.7272
-83.7315
-83.7358
-83.7401
-83.7444
-83.7487
-83.753
-83.7573
-83.7616
-83.7659
-83.7702
-83.7745
-83.7788
-83.7831
-83.7873
-83.7916
-83.7959
-83.8002
-83.8044
-83.8087
-83.8129
-83.8172
-83.8214
-83.8257
-83.8299
-83.8342
-83.8384
-83.8426
-83.8468
-83.851
-83.8552
-83.8595
-83.8637
-83.8678
-83.872
-83.8762
-83.8804
-83.8846
-83.8887
-83.8929
-83.897
-83.9012
-83.9053
-83.9094
-83.9136
-83.9177
-83.9218
-83.9259
-83.93
-83.9341
-83.9382
-83.9423
-83.9463
-83.9504
-83.9544
-83.9585
-83.9625
-83.9666
-83.9706
-83.9746
-83.9786
-83.9826
-83.9866
-83.9906
-83.9946
-83.9986
-84.0026
-84.0065
-84.0105
-84.0144
-84.0184
-84.0223
-84.0262
-84.0301
-84.0341
-84.038
-84.0419
-84.0457
-84.0496
-84.0535
-84.0573
-84.0612
-84.065
-84.0689
-84.0727
-84.0765
-84.0803
-84.0841
-84.0879
-84.0917
-84.0955
-84.0993
-84.1031
-84.1068
-84.1106
-84.1143
-84.118
-84.1217
-84.1255
-84.1292
-84.1329
-84.1366
-84.1402
-84.1439
-84.1476
-84.1512
-84.1549
-84.1585
-84.1622
-84.1658
-84.1694
-84.173
-84.1766
-84.1802
-84.1838
-84.1874
-84.191
-84.1945
-84.1981
-84.2016
-84.2051
-84.2087
-84.2122
-84.2157
-84.2192
-84.2227
-84.2262
-84.2297
-84.2332
-84.2366
-84.2401
-84.2435
-84.247
-84.2504
-84.2538
-84.2573
-84.2607
-84.2641
-84.2675
-84.2709
-84.2742
-84.2776
-84.281
-84.2843
-84.2877
-84.291
-84.2944
-84.2977
-84.301
-84.3043
-84.3076
-84.3109
-84.3142
-84.3175
-84.3208
-84.324
-84.3273
-84.3305
-84.3338
-84.337
-84.3402
-84.3434
-84.3467
-84.3499
-84.3531
-84.3562
-84.3594
-84.3626
-84.3658
-84.3689
-84.3721
-84.3752
-84.3784
-84.3815
-84.3846
-84.3877
-84.3908
-84.3939
-84.397
-84.4001
-84.4032
-84.4063
-84.4093
-84.4124
-84.4155
-84.4185
-84.4215
-84.4246
-84.4276
-84.4306
-84.4336
-84.4366
-84.4396
-84.4426
-84.4456
-84.4486
-84.4515
-84.4545
-84.4574
-84.4604
-84.4633
-84.4663
-84.4692
-84.4721
-84.475
-84.4779
-84.4808
-84.4837
-84.4866
-84.4895
-84.4924
-84.4952
-84.4981
-84.5009
-84.5038
-84.5066
-84.5095
-84.5123
-84.5151
-84.5179
-84.5207
-84.5235
-84.5263
-84.5291
-84.5319
-84.5347
-84.5375
-84.5402
-84.543
-84.5457
-84.5485
-84.5512
-84.554
-84.5567
-84.5594
-84.5621
-84.5648
-84.5675
-84.5702
-84.5729
-84.5756
-84.5783
-84.5809
-84.5836
-84.5863
-84.5889
-84.5916
-84.5942
-84.5968
-84.5995
-84.6021
-84.6047
-84.6073
-84.6099
-84.6125
-84.6151
-84.6177
-84.6203
-84.6229
-84.6254
-84.628
-84.6305
-84.6331
-84.6356
-84.6382
-84.6407
-84.6432
-84.6458
-84.6483
-84.6508
-84.6533
-84.6558
-84.6583
-84.6608
-84.6633
-84.6658
-84.6682
-84.6707
-84.6732
-84.6756
-84.6781
-84.6805
-84.683
-84.6854
-84.6878
-84.6902
-84.6927
-84.6951
-84.6975
-84.6999
-84.7023
-84.7047
-84.7071
-84.7094
-84.7118
-84.7142
-84.7165
-84.7189
-84.7213
-84.7236
-84.726
-84.7283
-84.7306
-84.733
-84.7353
-84.7376
-84.7399
-84.7422
-84.7445
-84.7468
-84.7491
-84.7514
-84.7537
-84.756
-84.7582
-84.7605
-84.7628
-84.765
-84.7673
-84.7695
-84.7718
-84.774
-84.7762
-84.7785
-84.7807
-84.7829
-84.7851
-84.7873
-84.7895
-84.7917
-84.7939
-84.7961
-84.7983
-84.8005
-84.8027
-84.8048
-84.807
-84.8092
-84.8113
-84.8135
-84.8156
-84.8177
-84.8199
-84.822
-84.8241
-84.8263
-84.8284
-84.8305
-84.8326
-84.8347
-84.8368
-84.8389
-84.841
-84.8431
-84.8452
-84.8472
-84.8493
-84.8514
-84.8534
-84.8555
-84.8575
-84.8596
-84.8616
-84.8637
-84.8657
-84.8678
-84.8698
-84.8718
-84.8738
-84.8758
-84.8778
-84.8798
-84.8818
-84.8838
-84.8858
-84.8878
-84.8898
-84.8918
-84.8938
-84.8957
-84.8977
-84.8997
-84.9016
-84.9036
-84.9055
-84.9075
-84.9094
-84.9113
-84.9133
-84.9152
-84.9171
-84.9191
-84.921
-84.9229
-84.9248
-84.9267
-84.9286
-84.9305
-84.9324
-84.9343
-84.9362
-84.938
-84.9399
-84.9418
-84.9437
-84.9455
-84.9474
-84.9492
-84.9511
-84.9529
-84.9548
-84.9566
-84.9584
-84.9603
-84.9621
-84.9639
-84.9658
-84.9676
-84.9694
-84.9712
-84.973
-84.9748
-84.9766
-84.9784
-84.9802
-84.982
-84.9837
-84.9855
-84.9873
-84.9891
-84.9908
-84.9926
-84.9943
-84.9961
-84.9979
-84.9996
-85.0013
-85.0031
-85.0048
-85.0066
-85.0083
-85.01
-85.0117
-85.0135
-85.0152
-85.0169
-85.0186
-85.0203
-85.022
-85.0237
-85.0254
-85.0271
-85.0287
-85.0304
-85.0321
-85.0338
-85.0355
-85.0371
-85.0388
-85.0404
-85.0421
-85.0438
-85.0454
-85.047
-85.0487
-85.0503
-85.052
-85.0536
-85.0552
-85.0568
-85.0585
-85.0601
-85.0617
-85.0633
-85.0649
-85.0665
-85.0681
-85.0697
-85.0713
-85.0729
-85.0745
-85.0761
-85.0776
-85.0792
-85.0808
-85.0824
-85.0839
-85.0855
-85.0871
-85.0886
-85.0902
-85.0917
-85.0933
-85.0948
-85.0963
-85.0979
-85.0994
-85.1009
-85.1025
-85.104
-85.1055
-85.107
-85.1085
-85.1101
-85.1116
-85.1131
-85.1146
-85.1161
-85.1176
-85.1191
-85.1205
-85.122
-85.1235
-85.125
-85.1265
-85.1279
-85.1294
-85.1309
-85.1323
-85.1338
-85.1353
-85.1367
-85.1382
-85.1396
-85.1411
-85.1425
-85.1439
-85.1454
-85.1468
-85.1482
-85.1497
-85.1511
-85.1525
-85.1539
-85.1553
-85.1568
-85.1582
-85.1596
-85.161
-85.1624
-85.1638
-85.1652
-85.1666
-85.1679
-85.1693
-85.1707
-85.1721
-85.1735
-85.1748
-85.1762
-85.1776
-85.1789
-85.1803
-85.1817
-85.183
-85.1844
-85.1857
-85.1871
-85.1884
-85.1898
-85.1911
-85.1924
-85.1938
-85.1951
-85.1964
-85.1978
-85.1991
-85.2004
-85.2017
-85.203
-85.2043
-85.2056
-85.207
-85.2083
-85.2096
-85.2109
-85.2121
-85.2134
-85.2147
-85.216
-85.2173
-85.2186
-85.2199
-85.2211
-85.2224
-85.2237
-85.2249
-85.2262
-85.2275
-85.2287
-85.23
-85.2312
-85.2325
-85.2337
-85.235
-85.2362
-85.2375
-85.2387
-85.2399
-85.2412
-85.2424
-85.2436
-85.2449
-85.2461
-85.2473
-85.2485
-85.2497
-85.251
-85.2522
-85.2534
-85.2546
-85.2558
-85.257
-85.2582
-85.2594
-85.2606
-85.2618
-85.2629
-85.2641
-85.2653
-85.2665
-85.2677
-85.2688
-85.27
-85.2712
-85.2723
-85.2735
-85.2747
-85.2758
-85.277
-85.2781
-85.2793
-85.2804
-85.2816
-85.2827
-85.2839
-85.285
-85.2861
-85.2873
-85.2884
-85.2895
-85.2907
-85.2918
-85.2929
-85.294
-85.2952
-85.2963
-85.2974
-85.2985
-85.2996
-85.3007
-85.3018
-85.3029
-85.304
-85.3051
-85.3062
-85.3073
-85.3084
-85.3095
-85.3105
-85.3116
-85.3127
-85.3138
-85.3149
-85.3159
-85.317
-85.3181
-85.3191
-85.3202
-85.3213
-85.3223
-85.3234
-85.3244
-85.3255
-85.3265
-85.3276
-85.3286
-85.3297
-85.3307
-85.3318
-85.3328
-85.3338
-85.3349
-85.3359
-85.3369
-85.3379
-85.339
-85.34
-85.341
-85.342
-85.343
-85.3441
-85.3451
-85.3461
-85.3471
-85.3481
-85.3491
-85.3501
-85.3511
-85.3521
-85.3531
-85.3541
-85.355
-85.356
-85.357
-85.358
-85.359
-85.36
-85.3609
-85.3619
-85.3629
-85.3639
-85.3648
-85.3658
-85.3667
-85.3677
-85.3687
-85.3696
-85.3706
-85.3715
-85.3725
-85.3734
-85.3744
-85.3753
-85.3763
-85.3772
-85.3782
-85.3791
-85.38
-85.381
-85.3819
-85.3828
-85.3837
-85.3847
-85.3856
-85.3865
-85.3874
-85.3883
-85.3893
-85.3902
-85.3911
-85.392
-85.3929
-85.3938
-85.3947
-85.3956
-85.3965
-85.3974
-85.3983
-85.3992
-85.4001
-85.401
-85.4019
-85.4027
-85.4036
-85.4045
-85.4054
-85.4063
-85.4071
-85.408
-85.4089
-85.4098
-85.4106
-85.4115
-85.4124
-85.4132
-85.4141
-85.4149
-85.4158
-85.4167
-85.4175
-85.4184
-85.4192
-85.4201
-85.4209
-85.4217
-85.4226
-85.4234
-85.4243
-85.4251
-85.4259
-85.4268
-85.4276
-85.4284
-85.4293
-85.4301
-85.4309
-85.4317
-85.4326
-85.4334
-85.4342
-85.435
-85.4358
-85.4366
-85.4374
-85.4382
-85.4391
-85.4399
-85.4407
-85.4415
-85.4423
-85.4431
-85.4438
-85.4446
-85.4454
-85.4462
-85.447
-85.4478
-85.4486
-85.4494
-85.4501
-85.4509
-85.4517
-85.4525
-85.4533
-85.454
-85.4548
-85.4556
-85.4563
-85.4571
-85.4579
-85.4586
-85.4594
-85.4601
-85.4609
-85.4617
-85.4624
-85.4632
-85.4639
-85.4647
-85.4654
-85.4662
-85.4669
-85.4676
-85.4684
-85.4691
-85.4699
-85.4706
-85.4713
-85.4721
-85.4728
-85.4735
-85.4742
-85.475
-85.4757
-85.4764
-85.4771
-85.4779
-85.4786
-85.4793
-85.48
-85.4807
-85.4814
-85.4821
-85.4828
-85.4835
-85.4842
-85.4849
-85.4857
-85.4863
-85.487
-85.4877
-85.4884
-85.4891
-85.4898
-85.4905
-85.4912
-85.4919
-85.4926
-85.4933
-85.4939
-85.4946
-85.4953
-85.496
-85.4967
-85.4973
-85.498
-85.4987
-85.4993
-85.5
-85.5007
-85.5013
-85.502
-85.5027
-85.5033
-85.504
-85.5046
-85.5053
-85.506
-85.5066
-85.5073
-85.5079
-85.5086
-85.5092
-85.5098
-85.5105
-85.5111
-85.5118
-85.5124
-85.513
-85.5137
-85.5143
-85.515
-85.5156
-85.5162
-85.5168
-85.5175
-85.5181
-85.5187
-85.5193
-85.52
-85.5206
-85.5212
-85.5218
-85.5224
-85.523
-85.5237
-85.5243
-85.5249
-85.5255
-85.5261
-85.5267
-85.5273
-85.5279
-85.5285
-85.5291
-85.5297
-85.5303
-85.5309
-85.5315
-85.5321
-85.5327
-85.5333
-85.5339
-85.5344
-85.535
-85.5356
-85.5362
-85.5368
-85.5374
-85.5379
-85.5385
-85.5391
-85.5397
-85.5402
-85.5408
-85.5414
-85.5419
-85.5425
-85.5431
-85.5436
-85.5442
-85.5448
-85.5453
-85.5459
-85.5464
-85.547
-85.5475
-85.5481
-85.5487
-85.5492
-85.5498
-85.5503
-85.5509
-85.5514
-85.5519
-85.5525
-85.553
-85.5536
-85.5541
-85.5546
-85.5552
-85.5557
-85.5562
-85.5568
-85.5573
-85.5578
-85.5584
-85.5589
-85.5594
-85.5599
-85.5605
-85.561
-85.5615
-85.562
-85.5625
-85.5631
-85.5636
-85.5641
-85.5646
-85.5651
-85.5656
-85.5661
-85.5666
-85.5672
-85.5677
-85.5682
-85.5687
-85.5692
-85.5697
-85.5702
-85.5707
-85.5712
-85.5717
-85.5721
-85.5726
-85.5731
-85.5736
-85.5741
-85.5746
-85.5751
-85.5756
-85.5761
-85.5765
-85.577
-85.5775
-85.578
-85.5785
-85.5789
-85.5794
-85.5799
-85.5803
-85.5808
-85.5813
-85.5818
-85.5822
-85.5827
-85.5832
-85.5836
-85.5841
-85.5846
-85.585
-85.5855
-85.5859
-85.5864
-85.5868
-85.5873
-85.5878
-85.5882
-85.5887
-85.5891
-85.5896
-85.59
-85.5904
-85.5909
-85.5913
-85.5918
-85.5922
-85.5927
-85.5931
-85.5935
-85.594
-85.5944
-85.5948
-85.5953
-85.5957
-85.5961
-85.5966
-85.597
-85.5974
-85.5979
-85.5983
-85.5987
-85.5991
-85.5996
-85.6
-85.6004
-85.6008
-85.6012
-85.6016
-85.6021
-85.6025
-85.6029
-85.6033
-85.6037
-85.6041
-85.6045
-85.6049
-85.6053
-85.6058
-85.6062
-85.6066
-85.607
-85.6074
-85.6078
-85.6082
-85.6086
-85.609
-85.6094
-85.6097
-85.6101
-85.6105
-85.6109
-85.6113
-85.6117
-85.6121
-85.6125
-85.6129
-85.6132
-85.6136
-85.614
-85.6144
-85.6148
-85.6152
-85.6155
-85.6159
-85.6163
-85.6167
-85.617
-85.6174
-85.6178
-85.6181
-85.6185
-85.6189
-85.6192
-85.6196
-85.62
-85.6203
-85.6207
-85.6211
-85.6214
-85.6218
-85.6222
-85.6225
-85.6229
-85.6232
-85.6236
-85.6239
-85.6243
-85.6246
-85.625
-85.6253
-85.6257
-85.626
-85.6264
-85.6267
-85.6271
-85.6274
-85.6278
-85.6281
-85.6284
-85.6288
-85.6291
-85.6295
-85.6298
-85.6301
-85.6305
-85.6308
-85.6311
-85.6315
-85.6318
-85.6321
-85.6324
-85.6328
-85.6331
-85.6334
-85.6337
-85.6341
-85.6344
-85.6347
-85.635
-85.6354
-85.6357
-85.636
-85.6363
-85.6366
-85.6369
-85.6372
-85.6376
-85.6379
-85.6382
-85.6385
-85.6388
-85.6391
-85.6394
-85.6397
-85.64
-85.6403
-85.6406
-85.6409
-85.6412
-85.6415
-85.6418
-85.6421
-85.6424
-85.6427
-85.643
-85.6433
-85.6436
-85.6439
-85.6442
-85.6445
-85.6448
-85.6451
-85.6454
-85.6456
-85.6459
-85.6462
-85.6465
-85.6468
-85.6471
-85.6473
-85.6476
-85.6479
-85.6482
-85.6485
-85.6487
-85.649
-85.6493
-85.6496
-85.6498
-85.6501
-85.6504
-85.6506
-85.6509
-85.6512
-85.6514
-85.6517
-85.652
-85.6522
-85.6525
-85.6528
-85.653
-85.6533
-85.6536
-85.6538
-85.6541
-85.6543
-85.6546
-85.6548
-85.6551
-85.6553
-85.6556
-85.6559
-85.6561
-85.6564
-85.6566
-85.6569
-85.6571
-85.6573
-85.6576
-85.6578
-85.6581
-85.6583
-85.6586
-85.6588
-85.659
-85.6593
-85.6595
-85.6598
-85.66
-85.6602
-85.6605
-85.6607
-85.6609
-85.6612
-85.6614
-85.6616
-85.6619
-85.6621
-85.6623
-85.6626
-85.6628
-85.663
-85.6632
-85.6635
-85.6637
-85.6639
-85.6641
-85.6643
-85.6646
-85.6648
-85.665
-85.6652
-85.6654
-85.6657
-85.6659
-85.6661
-85.6663
-85.6665
-85.6667
-85.6669
-85.6671
-85.6673
-85.6676
-85.6678
-85.668
-85.6682
-85.6684
-85.6686
-85.6688
-85.669
-85.6692
-85.6694
-85.6696
-85.6698
-85.67
-85.6702
-85.6704
-85.6706
-85.6708
-85.671
-85.6712
-85.6714
-85.6715
-85.6717
-85.6719
-85.6721
-85.6723
-85.6725
-85.6727
-85.6729
-85.6731
-85.6732
-85.6734
-85.6736
-85.6738
-85.674
-85.6741
-85.6743
-85.6745
-85.6747
-85.6749
-85.675
-85.6752
-85.6754
-85.6756
-85.6757
-85.6759
-85.6761
-85.6763
-85.6764
-85.6766
-85.6768
-85.6769
-85.6771
-85.6773
-85.6774
-85.6776
-85.6778
-85.6779
-85.6781
-85.6782
-85.6784
-85.6786
-85.6787
-85.6789
-85.679
-85.6792
-85.6794
-85.6795
-85.6797
-85.6798
-85.68
-85.6801
-85.6803
-85.6804
-85.6806
-85.6807
-85.6809
-85.681
-85.6812
-85.6813
-85.6815
-85.6816
-85.6818
-85.6819
-85.682
-85.6822
-85.6823
-85.6825
-85.6826
-85.6828
-85.6829
-85.683
-85.6832
-85.6833
-85.6834
-85.6836
-85.6837
-85.6838
-85.684
-85.6841
-85.6842
-85.6844
-85.6845
-85.6846
-85.6848
-85.6849
-85.685
-85.6851
-85.6853
-85.6854
-85.6855
-85.6856
-85.6858
-85.6859
-85.686
-85.6861
-85.6862
-85.6864
-85.6865
-85.6866
-85.6867
-85.6868
-85.6869
-85.6871
-85.6872
-85.6873
-85.6874
-85.6875
-85.6876
-85.6877
-85.6878
-85.6879
-85.6881
-85.6882
-85.6883
-85.6884
-85.6885
-85.6886
-85.6887
-85.6888
-85.6889
-85.689
-85.6891
-85.6892
-85.6893
-85.6894
-85.6895
-85.6896
-85.6897
-85.6898
-85.6899
-85.69
-85.6901
-85.6902
-85.6903
-85.6904
-85.6904
-85.6905
-85.6906
-85.6907
-85.6908
-85.6909
-85.691
-85.6911
-85.6912
-85.6912
-85.6913
-85.6914
-85.6915
-85.6916
-85.6917
-85.6917
-85.6918
-85.6919
-85.692
-85.6921
-85.6921
-85.6922
-85.6923
-85.6924
-85.6924
-85.6925
-85.6926
-85.6927
-85.6927
-85.6928
-85.6929
-85.693
-85.693
-85.6931
-85.6932
-85.6932
-85.6933
-85.6934
-85.6934
-85.6935
-85.6936
-85.6936
-85.6937
-85.6938
-85.6938
-85.6939
-85.6939
-85.694
-85.6941
-85.6941
-85.6942
-85.6942
-85.6943
-85.6944
-85.6944
-85.6945
-85.6945
-85.6946
-85.6946
-85.6947
-85.6947
-85.6948
-85.6948
-85.6949
-85.6949
-85.695
-85.695
-85.6951
-85.6951
-85.6952
-85.6952
-85.6953
-85.6953
-85.6954
-85.6954
-85.6955
-85.6955
-85.6955
-85.6956
-85.6956
-85.6957
-85.6957
-85.6957
-85.6958
-85.6958
-85.6958
-85.6959
-85.6959
-85.696
-85.696
-85.696
-85.6961
-85.6961
-85.6961
-85.6962
-85.6962
-85.6962
-85.6962
-85.6963
-85.6963
-85.6963
-85.6964
-85.6964
-85.6964
-85.6964
-85.6965
-85.6965
-85.6965
-85.6965
-85.6966
-85.6966
-85.6966
-85.6966
-85.6966
-85.6967
-85.6967
-85.6967
-85.6967
-85.6967
-85.6967
-85.6968
-85.6968
-85.6968
-85.6968
-85.6968
-85.6968
-85.6968
-85.6969
-85.6969
-85.6969
-85.6969
-85.6969
-85.6969
-85.6969
-85.6969
-85.6969
-85.6969
-85.6969
-85.6969
-85.697
-85.697
-85.697
-85.697
-85.697
-85.697
-85.697
-85.697
-85.697
-85.697
-85.697
-85.697
-85.697
-85.697
-85.697
-85.697
-85.697
-85.6969
-85.6969
-85.6969
-85.6969
-85.6969
-85.6969
-85.6969
-85.6969
-85.6969
-85.6969
-85.6969
-85.6969
-85.6968
-85.6968
-85.6968
-85.6968
-85.6968
-85.6968
-85.6968
-85.6967
-85.6967
-85.6967
-85.6967
-85.6967
-85.6967
-85.6966
-85.6966
-85.6966
-85.6966
-85.6966
-85.6965
-85.6965
-85.6965
-85.6965
-85.6965
-85.6964
-85.6964
-85.6964
-85.6964
-85.6963
-85.6963
-85.6963
-85.6962
-85.6962
-85.6962
-85.6962
-85.6961
-85.6961
-85.6961
-85.696
-85.696
-85.696
-85.6959
-85.6959
-85.6959
-85.6958
-85.6958
-85.6958
-85.6957
-85.6957
-85.6956
-85.6956
-85.6956
-85.6955
-85.6955
-85.6955
-85.6954
-85.6954
-85.6953
-85.6953
-85.6952
-85.6952
-85.6952
-85.6951
-85.6951
-85.695
-85.695
-85.6949
-85.6949
-85.6948
-85.6948
-85.6947
-85.6947
-85.6946
-85.6946
-85.6945
-85.6945
-85.6944
-85.6944
-85.6943
-85.6943
-85.6942
-85.6942
-85.6941
-85.6941
-85.694
-85.6939
-85.6939
-85.6938
-85.6938
-85.6937
-85.6937
-85.6936
-85.6935
-85.6935
-85.6934
-85.6934
-85.6933
-85.6932
-85.6932
-85.6931
-85.693
-85.693
-85.6929
-85.6928
-85.6928
-85.6927
-85.6926
-85.6926
-85.6925
-85.6924
-85.6924
-85.6923
-85.6922
-85.6922
-85.6921
-85.692
-85.692
-85.6919
-85.6918
-85.6917
-85.6917
-85.6916
-85.6915
-85.6914
-85.6914
-85.6913
-85.6912
-85.6911
-85.6911
-85.691
-85.6909
-85.6908
-85.6907
-85.6907
-85.6906
-85.6905
-85.6904
-85.6903
-85.6903
-85.6902
-85.6901
-85.69
-85.6899
-85.6898
-85.6897
-85.6897
-85.6896
-85.6895
-85.6894
-85.6893
-85.6892
-85.6891
-85.6891
-85.689
-85.6889
-85.6888
-85.6887
-85.6886
-85.6885
-85.6884
-85.6883
-85.6882
-85.6881
-85.688
-85.6879
-85.6879
-85.6878
-85.6877
-85.6876
-85.6875
-85.6874
-85.6873
-85.6872
-85.6871
-85.687
-85.6869
-85.6868
-85.6867
-85.6866
-85.6865
-85.6864
-85.6863
-85.6862
-85.6861
-85.686
-85.6858
-85.6857
-85.6856
-85.6855
-85.6854
-85.6853
-85.6852
-85.6851
-85.685
-85.6849
-85.6848
-85.6847
-85.6846
-85.6845
-85.6843
-85.6842
-85.6841
-85.684
-85.6839
-85.6838
-85.6837
-85.6836
-85.6834
-85.6833
-85.6832
-85.6831
-85.683
-85.6829
-85.6827
-85.6826
-85.6825
-85.6824
-85.6823
-85.6822
-85.682
-85.6819
-85.6818
-85.6817
-85.6815
-85.6814
-85.6813
-85.6812
-85.6811
-85.6809
-85.6808
-85.6807
-85.6806
-85.6804
-85.6803
-85.6802
-85.6801
-85.6799
-85.6798
-85.6797
-85.6795
-85.6794
-85.6793
-85.6792
-85.679
-85.6789
-85.6788
-85.6786
-85.6785
-85.6784
-85.6782
-85.6781
-85.678
-85.6778
-85.6777
-85.6776
-85.6774
-85.6773
-85.6772
-85.677
-85.6769
-85.6768
-85.6766
-85.6765
-85.6763
-85.6762
-85.6761
-85.6759
-85.6758
-85.6756
-85.6755
-85.6754
-85.6752
-85.6751
-85.6749
-85.6748
-85.6746
-85.6745
-85.6744
-85.6742
-85.6741
-85.6739
-85.6738
-85.6736
-85.6735
-85.6733
-85.6732
-85.673
-85.6729
-85.6727
-85.6726
-85.6724
-85.6723
-85.6721
-85.672
-85.6718
-85.6717
-85.6715
-85.6714
-85.6712
-85.6711
-85.6709
-85.6708
-85.6706
-85.6704
-85.6703
-85.6701
-85.67
-85.6698
-85.6697
-85.6695
-85.6694
-85.6692
-85.669
-85.6689
-85.6687
-85.6686
-85.6684
-85.6682
-85.6681
-85.6679
-85.6677
-85.6676
-85.6674
-85.6673
-85.6671
-85.6669
-85.6668
-85.6666
-85.6664
-85.6663
-85.6661
-85.6659
-85.6658
-85.6656
-85.6654
-85.6653
-85.6651
-85.6649
-85.6648
-85.6646
-85.6644
-85.6643
-85.6641
-85.6639
-85.6637
-85.6636
-85.6634
-85.6632
-85.663
-85.6629
-85.6627
-85.6625
-85.6624
-85.6622
-85.662
-85.6618
-85.6617
-85.6615
-85.6613
-85.6611
-85.6609
-85.6608
-85.6606
-85.6604
-85.6602
-85.66
-85.6599
-85.6597
-85.6595
-85.6593
-85.6591
-85.659
-85.6588
-85.6586
-85.6584
-85.6582
-85.658
-85.6579
-85.6577
-85.6575
-85.6573
-85.6571
-85.6569
-85.6567
-85.6566
-85.6564
-85.6562
-85.656
-85.6558
-85.6556
-85.6554
-85.6552
-85.6551
-85.6549
-85.6547
-85.6545
-85.6543
-85.6541
-85.6539
-85.6537
-85.6535
-85.6533
-85.6531
-85.6529
-85.6527
-85.6526
-85.6524
-85.6522
-85.652
-85.6518
-85.6516
-85.6514
-85.6512
-85.651
-85.6508
-85.6506
-85.6504
-85.6502
-85.65
-85.6498
-85.6496
-85.6494
-85.6492
-85.649
-85.6488
-85.6486
-85.6484
-85.6482
-85.648
-85.6478
-85.6476
-85.6474
-85.6472
-85.647
-85.6468
-85.6465
-85.6463
-85.6461
-85.6459
-85.6457
-85.6455
-85.6453
-85.6451
-85.6449
-85.6447
-85.6445
-85.6443
-85.6441
-85.6438
-85.6436
-85.6434
-85.6432
-85.643
-85.6428
-85.6426
-85.6424
-85.6421
-85.6419
-85.6417
-85.6415
-85.6413
-85.6411
-85.6409
-85.6406
-85.6404
-85.6402
-85.64
-85.6398
-85.6396
-85.6393
-85.6391
-85.6389
-85.6387
-85.6385
-85.6383
-85.638
-85.6378
-85.6376
-85.6374
-85.6372
-85.6369
-85.6367
-85.6365
-85.6363
-85.636
-85.6358
-85.6356
-85.6354
-85.6352
-85.6349
-85.6347
-85.6345
-85.6343
-85.634
-85.6338
-85.6336
-85.6333
-85.6331
-85.6329
-85.6327
-85.6324
-85.6322
-85.632
-85.6318
-85.6315
-85.6313
-85.6311
-85.6308
-85.6306
-85.6304
-85.6301
-85.6299
-85.6297
-85.6294
-85.6292
-85.629
-85.6287
-85.6285
-85.6283
-85.628
-85.6278
-85.6276
-85.6273
-85.6271
-85.6269
-85.6266
-85.6264
-85.6262
-85.6259
-85.6257
-85.6254
-85.6252
-85.625
-85.6247
-85.6245
-85.6243
-85.624
-85.6238
-85.6235
-85.6233
-85.623
-85.6228
-85.6226
-85.6223
-85.6221
-85.6218
-85.6216
-85.6214
-85.6211
-85.6209
-85.6206
-85.6204
-85.6201
-85.6199
-85.6196
-85.6194
-85.6191
-85.6189
-85.6187
-85.6184
-85.6182
-85.6179
-85.6177
-85.6174
-85.6172
-85.6169
-85.6167
-85.6164
-85.6162
-85.6159
-85.6157
-85.6154
-85.6152
-85.6149
-85.6147
-85.6144
-85.6142
-85.6139
-85.6136
-85.6134
-85.6131
-85.6129
-85.6126
-85.6124
-85.6121
-85.6119
-85.6116
-85.6114
-85.6111
-85.6108
-85.6106
-85.6103
-85.6101
-85.6098
-85.6096
-85.6093
-85.609
-85.6088
-85.6085
-85.6083
-85.608
-85.6077
-85.6075
-85.6072
-85.607
-85.6067
-85.6064
-85.6062
-85.6059
-85.6056
-85.6054
-85.6051
-85.6049
-85.6046
-85.6043
-85.6041
-85.6038
-85.6035
-85.6033
-85.603
-85.6027
-85.6025
-85.6022
-85.6019
-85.6017
-85.6014
-85.6011
-85.6009
-85.6006
-85.6003
-85.6001
-85.5998
-85.5995
-85.5992
-85.599
-85.5987
-85.5984
-85.5982
-85.5979
-85.5976
-85.5973
-85.5971
-85.5968
-85.5965
-85.5963
-85.596
-85.5957
-85.5954
-85.5952
-85.5949
-85.5946
-85.5943
-85.5941
-85.5938
-85.5935
-85.5932
-85.593
-85.5927
-85.5924
-85.5921
-85.5918
-85.5916
-85.5913
-85.591
-85.5907
-85.5904
-85.5902
-85.5899
-85.5896
-85.5893
-85.589
-85.5888
-85.5885
-85.5882
-85.5879
-85.5876
-85.5874
-85.5871
-85.5868
-85.5865
-85.5862
-85.5859
-85.5857
-85.5854
-85.5851
-85.5848
-85.5845
-85.5842
-85.5839
-85.5837
-85.5834
-85.5831
-85.5828
-85.5825
-85.5822
-85.5819
-85.5816
-85.5814
-85.5811
-85.5808
-85.5805
-85.5802
-85.5799
-85.5796
-85.5793
-85.579
-85.5787
-85.5785
-85.5782
-85.5779
-85.5776
-85.5773
-85.577
-85.5767
-85.5764
-85.5761
-85.5758
-85.5755
-85.5752
-85.5749
-85.5746
-85.5743
-85.574
-85.5738
-85.5735
-85.5732
-85.5729
-85.5726
-85.5723
-85.572
-85.5717
-85.5714
-85.5711
-85.5708
-85.5705
-85.5702
-85.5699
-85.5696
-85.5693
-85.569
-85.5687
-85.5684
-85.5681
-85.5678
-85.5675
-85.5672
-85.5669
-85.5666
-85.5663
-85.566
-85.5657
-85.5654
-85.5651
-85.5647
-85.5644
-85.5641
-85.5638
-85.5635
-85.5632
-85.5629
-85.5626
-85.5623
-85.562
-85.5617
-85.5614
-85.5611
-85.5608
-85.5605
-85.5602
-85.5598
-85.5595
-85.5592
-85.5589
-85.5586
-85.5583
-85.558
-85.5577
-85.5574
-85.5571
-85.5568
-85.5564
-85.5561
-85.5558
-85.5555
-85.5552
-85.5549
-85.5546
-85.5543
-85.5539
-85.5536
-85.5533
-85.553
-85.5527
-85.5524
-85.5521
-85.5517
-85.5514
-85.5511
-85.5508
-85.5505
-85.5502
-85.5498
-85.5495
-85.5492
-85.5489
-85.5486
-85.5483
-85.5479
-85.5476
-85.5473
-85.547
-85.5467
-85.5463
-85.546
-85.5457
-85.5454
-85.5451
-85.5447
-85.5444
-85.5441
-85.5438
-85.5435
-85.5431
-85.5428
-85.5425
-85.5422
-85.5418
-85.5415
-85.5412
-85.5409
-85.5405
-85.5402
-85.5399
-85.5396
-85.5392
-85.5389
-85.5386
-85.5383
-85.5379
-85.5376
-85.5373
-85.537
-85.5366
-85.5363
-85.536
-85.5357
-85.5353
-85.535
-85.5347
-85.5343
-85.534
-85.5337
-85.5334
-85.533
-85.5327
-85.5324
-85.532
-85.5317
-85.5314
-85.531
-85.5307
-85.5304
-85.53
-85.5297
-85.5294
-85.529
-85.5287
-85.5284
-85.528
-85.5277
-85.5274
-85.527
-85.5267
-85.5264
-85.526
-85.5257
-85.5254
-85.525
-85.5247
-85.5244
-85.524
-85.5237
-85.5234
-85.523
-85.5227
-85.5223
-85.522
-85.5217
-85.5213
-85.521
-85.5206
-85.5203
-85.52
-85.5196
-85.5193
-85.519
-85.5186
-85.5183
-85.5179
-85.5176
-85.5172
-85.5169
-85.5166
-85.5162
-85.5159
-85.5155
-85.5152
-85.5149
-85.5145
-85.5142
-85.5138
-85.5135
-85.5131
-85.5128
-85.5124
-85.5121
-85.5118
-85.5114
-85.5111
-85.5107
-85.5104
-85.51
-85.5097
-85.5093
-85.509
-85.5086
-85.5083
-85.5079
-85.5076
-85.5072
-85.5069
-85.5065
-85.5062
-85.5059
-85.5055
-85.5052
-85.5048
-85.5045
-85.5041
-85.5038
-85.5034
-85.5031
-85.5027
-85.5023
-85.502
-85.5016
-85.5013
-85.5009
-85.5006
-85.5002
-85.4999
-85.4995
-85.4992
-85.4988
-85.4985
-85.4981
-85.4978
-85.4974
-85.497
-85.4967
-85.4963
-85.496
-85.4956
-85.4953
-85.4949
-85.4946
-85.4942
-85.4938
-85.4935
-85.4931
-85.4928
-85.4924
-85.4921
-85.4917
-85.4913
-85.491
-85.4906
-85.4903
-85.4899
-85.4895
-85.4892
-85.4888
-85.4885
-85.4881
-85.4877
-85.4874
-85.487
-85.4866
-85.4863
-85.4859
-85.4856
-85.4852
-85.4848
-85.4845
-85.4841
-85.4837
-85.4834
-85.483
-85.4827
-85.4823
-85.4819
-85.4816
-85.4812
-85.4808
-85.4805
-85.4801
-85.4797
-85.4794
-85.479
-85.4786
-85.4783
-85.4779
-85.4775
-85.4772
-85.4768
-85.4764
-85.476
-85.4757
-85.4753
-85.4749
-85.4746
-85.4742
-85.4738
-85.4735
-85.4731
-85.4727
-85.4723
-85.472
-85.4716
-85.4712
-85.4709
-85.4705
-85.4701
-85.4697
-85.4694
-85.469
-85.4686
-85.4683
-85.4679
-85.4675
-85.4671
-85.4668
-85.4664
-85.466
-85.4656
-85.4653
-85.4649
-85.4645
-85.4641
-85.4638
-85.4634
-85.463
-85.4626
-85.4623
-85.4619
-85.4615
-85.4611
-85.4607
-85.4604
-85.46
-85.4596
-85.4592
-85.4588
-85.4585
-85.4581
-85.4577
-85.4573
-85.457
-85.4566
-85.4562
-85.4558
-85.4554
-85.455
-85.4547
-85.4543
-85.4539
-85.4535
-85.4531
-85.4528
-85.4524
-85.452
-85.4516
-85.4512
-85.4508
-85.4505
-85.4501
-85.4497
-85.4493
-85.4489
-85.4485
-85.4482
-85.4478
-85.4474
-85.447
-85.4466
-85.4462
-85.4458
-85.4455
-85.4451
-85.4447
-85.4443
-85.4439
-85.4435
-85.4431
-85.4428
-85.4424
-85.442
-85.4416
-85.4412
-85.4408
-85.4404
-85.44
-85.4396
-85.4393
-85.4389
-85.4385
-85.4381
-85.4377
-85.4373
-85.4369
-85.4365
-85.4361
-85.4357
-85.4353
-85.435
-85.4346
-85.4342
-85.4338
-85.4334
-85.433
-85.4326
-85.4322
-85.4318
-85.4314
-85.431
-85.4306
-85.4302
-85.4298
-85.4295
-85.4291
-85.4287
-85.4283
-85.4279
-85.4275
-85.4271
-85.4267
-85.4263
-85.4259
-85.4255
-85.4251
-85.4247
-85.4243
-85.4239
-85.4235
-85.4231
-85.4227
-85.4223
-85.4219
-85.4215
-85.4211
-85.4207
-85.4203
-85.4199
-85.4195
-85.4191
-85.4187
-85.4183
-85.4179
-85.4175
-85.4171
-85.4167
-85.4163
-85.4159
-85.4155
-85.4151
-85.4147
-85.4143
-85.4139
-85.4135
-85.4131
-85.4127
-85.4123
-85.4119
-85.4115
-85.4111
-85.4107
-85.4103
-85.4099
-85.4095
-85.4091
-85.4087
-85.4083
-85.4079
-85.4075
-85.407
-85.4066
-85.4062
-85.4058
-85.4054
-85.405
-85.4046
-85.4042
-85.4038
-85.4034
-85.403
-85.4026
-85.4022
-85.4018
-85.4014
-85.4009
-85.4005
-85.4001
-85.3997
-85.3993
-85.3989
-85.3985
-85.3981
-85.3977
-85.3973
-85.3969
-85.3964
-85.396
-85.3956
-85.3952
-85.3948
-85.3944
-85.394
-85.3936
-85.3932
-85.3927
-85.3923
-85.3919
-85.3915
-85.3911
-85.3907
-85.3903
-85.3898
-85.3894
-85.389
-85.3886
-85.3882
-85.3878
-85.3874
-85.387
-85.3865
-85.3861
-85.3857
-85.3853
-85.3849
-85.3845
-85.384
-85.3836
-85.3832
-85.3828
-85.3824
-85.382
-85.3815
-85.3811
-85.3807
-85.3803
-85.3799
-85.3795
-85.379
-85.3786
-85.3782
-85.3778
-85.3774
-85.3769
-85.3765
-85.3761
-85.3757
-85.3753
-85.3748
-85.3744
-85.374
-85.3736
-85.3732
-85.3727
-85.3723
-85.3719
-85.3715
-85.3711
-85.3706
-85.3702
-85.3698
-85.3694
-85.3689
-85.3685
-85.3681
-85.3677
-85.3673
-85.3668
-85.3664
-85.366
-85.3656
-85.3651
-85.3647
-85.3643
-85.3639
-85.3634
-85.363
-85.3626
-85.3622
-85.3617
-85.3613
-85.3609
-85.3605
-85.36
-85.3596
-85.3592
-85.3588
-85.3583
-85.3579
-85.3575
-85.357
-85.3566
-85.3562
-85.3558
-85.3553
-85.3549
-85.3545
-85.354
-85.3536
-85.3532
-85.3528
-85.3523
-85.3519
-85.3515
-85.351
-85.3506
-85.3502
-85.3498
-85.3493
-85.3489
-85.3485
-85.348
-85.3476
-85.3472
-85.3467
-85.3463
-85.3459
-85.3454
-85.345
-85.3446
-85.3441
-85.3437
-85.3433
-85.3428
-85.3424
-85.342
-85.3415
-85.3411
-85.3407
-85.3402
-85.3398
-85.3394
-85.3389
-85.3385
-85.3381
-85.3376
-85.3372
-85.3368
-85.3363
-85.3359
-85.3355
-85.335
-85.3346
-85.3341
-85.3337
-85.3333
-85.3328
-85.3324
-85.332
-85.3315
-85.3311
-85.3306
-85.3302
-85.3298
-85.3293
-85.3289
-85.3284
-85.328
-85.3276
-85.3271
-85.3267
-85.3263
-85.3258
-85.3254
-85.3249
-85.3245
-85.3241
-85.3236
-85.3232
-85.3227
-85.3223
-85.3218
-85.3214
-85.321
-85.3205
-85.3201
-85.3196
-85.3192
-85.3188
-85.3183
-85.3179
-85.3174
-85.317
-85.3165
-85.3161
-85.3157
-85.3152
-85.3148
-85.3143
-85.3139
-85.3134
-85.313
-85.3125
-85.3121
-85.3117
-85.3112
-85.3108
-85.3103
-85.3099
-85.3094
-85.309
-85.3085
-85.3081
-85.3076
-85.3072
-85.3067
-85.3063
-85.3058
-85.3054
-85.305
-85.3045
-85.3041
-85.3036
-85.3032
-85.3027
-85.3023
-85.3018
-85.3014
-85.3009
-85.3005
-85.3
-85.2996
-85.2991
-85.2987
-85.2982
-85.2978
-85.2973
-85.2969
-85.2964
-85.296
-85.2955
-85.2951
-85.2946
-85.2942
-85.2937
-85.2933
-85.2928
-85.2924
-85.2919
-85.2915
-85.291
-85.2905
-85.2901
-85.2896
-85.2892
-85.2887
-85.2883
-85.2878
-85.2874
-85.2869
-85.2865
-85.286
-85.2856
-85.2851
-85.2846
-85.2842
-85.2837
-85.2833
-85.2828
-85.2824
-85.2819
-85.2815
-85.281
-85.2805
-85.2801
-85.2796
-85.2792
-85.2787
-85.2783
-85.2778
-85.2773
-85.2769
-85.2764
-85.276
-85.2755
-85.2751
-85.2746
-85.2741
-85.2737
-85.2732
-85.2728
-85.2723
-85.2718
-85.2714
-85.2709
-85.2705
-85.27
-85.2696
-85.2691
-85.2686
-85.2682
-85.2677
-85.2672
-85.2668
-85.2663
-85.2659
-85.2654
-85.2649
-85.2645
-85.264
-85.2636
-85.2631
-85.2626
-85.2622
-85.2617
-85.2612
-85.2608
-85.2603
-85.2599
-85.2594
-85.2589
-85.2585
-85.258
-85.2575
-85.2571
-85.2566
-85.2561
-85.2557
-85.2552
-85.2547
-85.2543
-85.2538
-85.2533
-85.2529
-85.2524
-85.2519
-85.2515
-85.251
-85.2505
-85.2501
-85.2496
-85.2491
-85.2487
-85.2482
-85.2477
-85.2473
-85.2468
-85.2463
-85.2459
-85.2454
-85.2449
-85.2445
-85.244
-85.2435
-85.243
-85.2426
-85.2421
-85.2416
-85.2412
-85.2407
-85.2402
-85.2398
-85.2393
-85.2388
-85.2383
-85.2379
-85.2374
-85.2369
-85.2365
-85.236
-85.2355
-85.235
-85.2346
-85.2341
-85.2336
-85.2331
-85.2327
-85.2322
-85.2317
-85.2312
-85.2308
-85.2303
-85.2298
-85.2294
-85.2289
-85.2284
-85.2279
-85.2275
-85.227
-85.2265
-85.226
-85.2256
-85.2251
-85.2246
-85.2241
-85.2236
-85.2232
-85.2227
-85.2222
-85.2217
-85.2213
-85.2208
-85.2203
-85.2198
-85.2194
-85.2189
-85.2184
-85.2179
-85.2174
-85.217
-85.2165
-85.216
-85.2155
-85.2151
-85.2146
-85.2141
-85.2136
-85.2131
-85.2127
-85.2122
-85.2117
-85.2112
-85.2107
-85.2103
-85.2098
-85.2093
-85.2088
-85.2083
-85.2079
-85.2074
-85.2069
-85.2064
-85.2059
-85.2054
-85.205
-85.2045
-85.204
-85.2035
-85.203
-85.2026
-85.2021
-85.2016
-85.2011
-85.2006
-85.2001
-85.1997
-85.1992
-85.1987
-85.1982
-85.1977
-85.1972
-85.1967
-85.1963
-85.1958
-85.1953
-85.1948
-85.1943
-85.1938
-85.1934
-85.1929
-85.1924
-85.1919
-85.1914
-85.1909
-85.1904
-85.19
-85.1895
-85.189
-85.1885
-85.188
-85.1875
-85.187
-85.1865
-85.1861
-85.1856
-85.1851
-85.1846
-85.1841
-85.1836
-85.1831
-85.1826
-85.1822
-85.1817
-85.1812
-85.1807
-85.1802
-85.1797
-85.1792
-85.1787
-85.1782
-85.1778
-85.1773
-85.1768
-85.1763
-85.1758
-85.1753
-85.1748
-85.1743
-85.1738
-85.1733
-85.1728
-85.1724
-85.1719
-85.1714
-85.1709
-85.1704
-85.1699
-85.1694
-85.1689
-85.1684
-85.1679
-85.1674
-85.1669
-85.1665
-85.166
-85.1655
-85.165
-85.1645
-85.164
-85.1635
-85.163
-85.1625
-85.162
-85.1615
-85.161
-85.1605
-85.16
-85.1595
-85.159
-85.1585
-85.1581
-85.1576
-85.1571
-85.1566
-85.1561
-85.1556
-85.1551
-85.1546
-85.1541
-85.1536
-85.1531
-85.1526
-85.1521
-85.1516
-85.1511
-85.1506
-85.1501
-85.1496
-85.1491
-85.1486
-85.1481
-85.1476
-85.1471
-85.1466
-85.1461
-85.1456
-85.1451
-85.1446
-85.1441
-85.1436
-85.1431
-85.1426
-85.1421
-85.1416
-85.1411
-85.1406
-85.1401
-85.1396
-85.1391
-85.1386
-85.1381
-85.1376
-85.1371
-85.1366
-85.1361
-85.1356
-85.1351
-85.1346
-85.1341
-85.1336
-85.1331
-85.1326
-85.1321
-85.1316
-85.1311
-85.1306
-85.1301
-85.1296
-85.1291
-85.1286
-85.1281
-85.1276
-85.1271
-85.1266
-85.1261
-85.1256
-85.1251
-85.1246
-85.1241
-85.1236
-85.1231
-85.1226
-85.1221
-85.1215
-85.121
-85.1205
-85.12
-85.1195
-85.119
-85.1185
-85.118
-85.1175
-85.117
-85.1165
-85.116
-85.1155
-85.115
-85.1145
-85.114
-85.1135
-85.1129
-85.1124
-85.1119
-85.1114
-85.1109
-85.1104
-85.1099
-85.1094
-85.1089
-85.1084
-85.1079
-85.1074
-85.1069
-85.1063
-85.1058
-85.1053
-85.1048
-85.1043
-85.1038
-85.1033
-85.1028
-85.1023
-85.1018
-85.1013
-85.1007
-85.1002
-85.0997
-85.0992
-85.0987
-85.0982
-85.0977
-85.0972
-85.0967
-85.0961
-85.0956
-85.0951
-85.0946
-85.0941
-85.0936
-85.0931
-85.0926
-85.0921
-85.0915
-85.091
-85.0905
-85.09
-85.0895
-85.089
-85.0885
-85.088
-85.0874
-85.0869
-85.0864
-85.0859
-85.0854
-85.0849
-85.0844
-85.0838
-85.0833
-85.0828
-85.0823
-85.0818
-85.0813
-85.0808
-85.0802
-85.0797
-85.0792
-85.0787
-85.0782
-85.0777
-85.0771
-85.0766
-85.0761
-85.0756
-85.0751
-85.0746
-85.0741
-85.0735
-85.073
-85.0725
-85.072
-85.0715
-85.071
-85.0704
-85.0699
-85.0694
-85.0689
-85.0684
-85.0678
-85.0673
-85.0668
-85.0663
-85.0658
-85.0653
-85.0647
-85.0642
-85.0637
-85.0632
-85.0627
-85.0621
-85.0616
-85.0611
-85.0606
-85.0601
-85.0595
-85.059
-85.0585
-85.058
-85.0575
-85.0569
-85.0564
-85.0559
-85.0554
-85.0549
-85.0543
-85.0538
-85.0533
-85.0528
-85.0523
-85.0517
-85.0512
-85.0507
-85.0502
-85.0496
-85.0491
-85.0486
-85.0481
-85.0476
-85.047
-85.0465
-85.046
-85.0455
-85.0449
-85.0444
-85.0439
-85.0434
-85.0428
-85.0423
-85.0418
-85.0413
-85.0407
-85.0402
-85.0397
-85.0392
-85.0386
-85.0381
-85.0376
-85.0371
-85.0365
-85.036
-85.0355
-85.035
-85.0344
-85.0339
-85.0334
-85.0329
-85.0323
-85.0318
-85.0313
-85.0308
-85.0302
-85.0297
-85.0292
-85.0287
-85.0281
-85.0276
-85.0271
-85.0265
-85.026
-85.0255
-85.025
-85.0244
-85.0239
-85.0234
-85.0228
-85.0223
-85.0218
-85.0213
-85.0207
-85.0202
-85.0197
-85.0191
-85.0186
-85.0181
-85.0176
-85.017
-85.0165
-85.016
-85.0154
-85.0149
-85.0144
-85.0138
-85.0133
-85.0128
-85.0122
-85.0117
-85.0112
-85.0107
-85.0101
-85.0096
-85.0091
-85.0085
-85.008
-85.0075
-85.0069
-85.0064
-85.0059
-85.0053
-85.0048
-85.0043
-85.0037
-85.0032
-85.0027
-85.0021
-85.0016
-85.0011
-85.0005
-85
-84.9994
-84.9989
-84.9984
-84.9978
-84.9973
-84.9968
-84.9962
-84.9957
-84.9952
-84.9946
-84.9941
-84.9936
-84.993
-84.9925
-84.992
-84.9914
-84.9909
-84.9903
-84.9898
-84.9893
-84.9887
-84.9882
-84.9877
-84.9871
-84.9866
-84.986
-84.9855
-84.985
-84.9844
-84.9839
-84.9834
-84.9828
-84.9823
-84.9817
-84.9812
-84.9807
-84.9801
-84.9796
-84.979
-84.9785
-84.978
-84.9774
-84.9769
-84.9763
-84.9758
-84.9753
-84.9747
-84.9742
-84.9736
-84.9731
-84.9726
-84.972
-84.9715
-84.9709
-84.9704
-84.9699
-84.9693
-84.9688
-84.9682
-84.9677
-84.9671
-84.9666
-84.9661
-84.9655
-84.965
-84.9644
-84.9639
-84.9634
-84.9628
-84.9623
-84.9617
-84.9612
-84.9606
-84.9601
-84.9596
-84.959
-84.9585
-84.9579
-84.9574
-84.9568
-84.9563
-84.9557
-84.9552
-84.9547
-84.9541
-84.9536
-84.953
-84.9525
-84.9519
-84.9514
-84.9508
-84.9503
-84.9498
-84.9492
-84.9487
-84.9481
-84.9476
-84.947
-84.9465
-84.9459
-84.9454
-84.9448
-84.9443
-84.9437
-84.9432
-84.9427
-84.9421
-84.9416
-84.941
-84.9405
-84.9399
-84.9394
-84.9388
-84.9383
-84.9377
-84.9372
-84.9366
-84.9361
-84.9355
-84.935
-84.9344
-84.9339
-84.9333
-84.9328
-84.9322
-84.9317
-84.9311
-84.9306
-84.93
-84.9295
-84.929
-84.9284
-84.9279
-84.9273
-84.9268
-84.9262
-84.9257
-84.9251
-84.9246
-84.924
-84.9235
-84.9229
-84.9223
-84.9218
-84.9212
-84.9207
-84.9201
-84.9196
-84.919
-84.9185
-84.9179
-84.9174
-84.9168
-84.9163
-84.9157
-84.9152
-84.9146
-84.9141
-84.9135
-84.913
-84.9124
-84.9119
-84.9113
-84.9108
-84.9102
-84.9097
-84.9091
-84.9085
-84.908
-84.9074
-84.9069
-84.9063
-84.9058
-84.9052
-84.9047
-84.9041
-84.9036
-84.903
-84.9025
-84.9019
-84.9013
-84.9008
-84.9002
-84.8997
-84.8991
-84.8986
-84.898
-84.8975
-84.8969
-84.8963
-84.8958
-84.8952
-84.8947
-84.8941
-84.8936
-84.893
-84.8925
-84.8919
-84.8913
-84.8908
-84.8902
-84.8897
-84.8891
-84.8886
-84.888
-84.8874
-84.8869
-84.8863
-84.8858
-84.8852
-84.8847
-84.8841
-84.8835
-84.883
-84.8824
-84.8819
-84.8813
-84.8807
-84.8802
-84.8796
-84.8791
-84.8785
-84.878
-84.8774
-84.8768
-84.8763
-84.8757
-84.8752
-84.8746
-84.874
-84.8735
-84.8729
-84.8724
-84.8718
-84.8712
-84.8707
-84.8701
-84.8696
-84.869
-84.8684
-84.8679
-84.8673
-84.8668
-84.8662
-84.8656
-84.8651
-84.8645
-84.8639
-84.8634
-84.8628
-84.8623
-84.8617
-84.8611
-84.8606
-84.86
-84.8594
-84.8589
-84.8583
-84.8578
-84.8572
-84.8566
-84.8561
-84.8555
-84.8549
-84.8544
-84.8538
-84.8533
-84.8527
-84.8521
-84.8516
-84.851
-84.8504
-84.8499
-84.8493
-84.8487
-84.8482
-84.8476
-84.8471
-84.8465
-84.8459
-84.8454
-84.8448
-84.8442
-84.8437
-84.8431
-84.8425
-84.842
-84.8414
-84.8408
-84.8403
-84.8397
-84.8391
-84.8386
-84.838
-84.8374
-84.8369
-84.8363
-84.8357
-84.8352
-84.8346
-84.834
-84.8335
-84.8329
-84.8323
-84.8318
-84.8312
-84.8306
-84.8301
-84.8295
-84.8289
-84.8284
-84.8278
-84.8272
-84.8267
-84.8261
-84.8255
-84.825
-84.8244
-84.8238
-84.8232
-84.8227
-84.8221
-84.8215
-84.821
-84.8204
-84.8198
-84.8193
-84.8187
-84.8181
-84.8176
-84.817
-84.8164
-84.8158
-84.8153
-84.8147
-84.8141
-84.8136
-84.813
-84.8124
-84.8119
-84.8113
-84.8107
-84.8101
-84.8096
-84.809
-84.8084
-84.8079
-84.8073
-84.8067
-84.8061
-84.8056
-84.805
-84.8044
-84.8038
-84.8033
-84.8027
-84.8021
-84.8016
-84.801
-84.8004
-84.7998
-84.7993
-84.7987
-84.7981
-84.7975
-84.797
-84.7964
-84.7958
-84.7953
-84.7947
-84.7941
-84.7935
-84.793
-84.7924
-84.7918
-84.7912
-84.7907
-84.7901
-84.7895
-84.7889
-84.7884
-84.7878
-84.7872
-84.7866
-84.7861
-84.7855
-84.7849
-84.7843
-84.7838
-84.7832
-84.7826
-84.782
-84.7814
-84.7809
-84.7803
-84.7797
-84.7791
-84.7786
-84.778
-84.7774
-84.7768
-84.7763
-84.7757
-84.7751
-84.7745
-84.7739
-84.7734
-84.7728
-84.7722
-84.7716
-84.771
-84.7705
-84.7699
-84.7693
-84.7687
-84.7682
-84.7676
-84.767
-84.7664
-84.7658
-84.7653
-84.7647
-84.7641
-84.7635
-84.7629
-84.7624
-84.7618
-84.7612
-84.7606
-84.76
-84.7595
-84.7589
-84.7583
-84.7577
-84.7571
-84.7565
-84.756
-84.7554
-84.7548
-84.7542
-84.7536
-84.7531
-84.7525
-84.7519
-84.7513
-84.7507
-84.7501
-84.7496
-84.749
-84.7484
-84.7478
-84.7472
-84.7466
-84.7461
-84.7455
-84.7449
-84.7443
-84.7437
-84.7431
-84.7426
-84.742
-84.7414
-84.7408
-84.7402
-84.7396
-84.739
-84.7385
-84.7379
-84.7373
-84.7367
-84.7361
-84.7355
-84.735
-84.7344
-84.7338
-84.7332
-84.7326
-84.732
-84.7314
-84.7309
-84.7303
-84.7297
-84.7291
-84.7285
-84.7279
-84.7273
-84.7267
-84.7262
-84.7256
-84.725
-84.7244
-84.7238
-84.7232
-84.7226
-84.7221
-84.7215
-84.7209
-84.7203
-84.7197
-84.7191
-84.7185
-84.7179
-84.7173
-84.7168
-84.7162
-84.7156
-84.715
-84.7144
-84.7138
-84.7132
-84.7126
-84.712
-84.7115
-84.7109
-84.7103
-84.7097
-84.7091
-84.7085
-84.7079
-84.7073
-84.7067
-84.7062
-84.7056
-84.705
-84.7044
-84.7038
-84.7032
-84.7026
-84.702
-84.7014
-84.7008
-84.7002
-84.6997
-84.6991
-84.6985
-84.6979
-84.6973
-84.6967
-84.6961
-84.6955
-84.6949
-84.6943
-84.6937
-84.6932
-84.6926
-84.692
-84.6914
-84.6908
-84.6902
-84.6896
-84.689
-84.6884
-84.6878
-84.6872
-84.6866
-84.686
-84.6854
-84.6849
-84.6843
-84.6837
-84.6831
-84.6825
-84.6819
-84.6813
-84.6807
-84.6801
-84.6795
-84.6789
-84.6783
-84.6777
-84.6771
-84.6765
-84.6759
-84.6754
-84.6748
-84.6742
-84.6736
-84.673
-84.6724
-84.6718
-84.6712
-84.6706
-84.67
-84.6694
-84.6688
-84.6682
-84.6676
-84.667
-84.6664
-84.6658
-84.6652
-84.6646
-84.664
-84.6634
-84.6628
-84.6622
-84.6616
-84.6611
-84.6605
-84.6599
-84.6593
-84.6587
-84.6581
-84.6575
-84.6569
-84.6563
-84.6557
-84.6551
-84.6545
-84.6539
-84.6533
-84.6527
-84.6521
-84.6515
-84.6509
-84.6503
-84.6497
-84.6491
-84.6485
-84.6479
-84.6473
-84.6467
-84.6461
-84.6455
-84.6449
-84.6443
-84.6437
-84.6431
-84.6425
-84.6419
-84.6413
-84.6407
-84.6401
-84.6395
-84.6389
-84.6383
-84.6377
-84.6371
-84.6365
-84.6359
-84.6353
-84.6347
-84.6341
-84.6335
-84.6329
-84.6323
-84.6317
-84.6311
-84.6305
-84.6299
-84.6293
-84.6287
-84.6281
-84.6275
-84.6269
-84.6263
-84.6257
-84.6251
-84.6245
-84.6239
-84.6233
-84.6227
-84.6221
-84.6215
-84.6209
-84.6203
-84.6197
-84.6191
-84.6185
-84.6179
-84.6173
-84.6166
-84.616
-84.6154
-84.6148
-84.6142
-84.6136
-84.613
-84.6124
-84.6118
-84.6112
-84.6106
-84.61
-84.6094
-84.6088
-84.6082
-84.6076
-84.607
-84.6064
-84.6058
-84.6052
-84.6046
-84.604
-84.6034
-84.6028
-84.6021
-84.6015
-84.6009
-84.6003
-84.5997
-84.5991
-84.5985
-84.5979
-84.5973
-84.5967
-84.5961
-84.5955
-84.5949
-84.5943
-84.5937
-84.5931
-84.5925
-84.5918
-84.5912
-84.5906
-84.59
-84.5894
-84.5888
-84.5882
-84.5876
-84.587
-84.5864
-84.5858
-84.5852
-84.5846
-84.5839
-84.5833
-84.5827
-84.5821
-84.5815
-84.5809
-84.5803
-84.5797
-84.5791
-84.5785
-84.5779
-84.5773
-84.5766
-84.576
-84.5754
-84.5748
-84.5742
-84.5736
-84.573
-84.5724
-84.5718
-84.5712
-84.5706
-84.5699
-84.5693
-84.5687
-84.5681
-84.5675
-84.5669
-84.5663
-84.5657
-84.5651
-84.5644
-84.5638
-84.5632
-84.5626
-84.562
-84.5614
-84.5608
-84.5602
-84.5596
-84.5589
-84.5583
-84.5577
-84.5571
-84.5565
-84.5559
-84.5553
-84.5547
-84.554
-84.5534
-84.5528
-84.5522
-84.5516
-84.551
-84.5504
-84.5498
-84.5491
-84.5485
-84.5479
-84.5473
-84.5467
-84.5461
-84.5455
-84.5448
-84.5442
-84.5436
-84.543
-84.5424
-84.5418
-84.5412
-84.5405
-84.5399
-84.5393
-84.5387
-84.5381
-84.5375
-84.5369
-84.5362
-84.5356
-84.535
-84.5344
-84.5338
-84.5332
-84.5325
-84.5319
-84.5313
-84.5307
-84.5301
-84.5295
-84.5289
-84.5282
-84.5276
-84.527
-84.5264
-84.5258
-84.5251
-84.5245
-84.5239
-84.5233
-84.5227
-84.5221
-84.5214
-84.5208
-84.5202
-84.5196
-84.519
-84.5184
-84.5177
-84.5171
-84.5165
-84.5159
-84.5153
-84.5146
-84.514
-84.5134
-84.5128
-84.5122
-84.5115
-84.5109
-84.5103
-84.5097
-84.5091
-84.5084
-84.5078
-84.5072
-84.5066
-84.506
-84.5053
-84.5047
-84.5041
-84.5035
-84.5029
-84.5022
-84.5016
-84.501
-84.5004
-84.4998
-84.4991
-84.4985
-84.4979
-84.4973
-84.4966
-84.496
-84.4954
-84.4948
-84.4942
-84.4935
-84.4929
-84.4923
-84.4917
-84.491
-84.4904
-84.4898
-84.4892
-84.4886
-84.4879
-84.4873
-84.4867
-84.4861
-84.4854
-84.4848
-84.4842
-84.4836
-84.4829
-84.4823
-84.4817
-84.4811
-84.4804
-84.4798
-84.4792
-84.4786
-84.4779
-84.4773
-84.4767
-84.4761
-84.4754
-84.4748
-84.4742
-84.4736
-84.4729
-84.4723
-84.4717
-84.4711
-84.4704
-84.4698
-84.4692
-84.4686
-84.4679
-84.4673
-84.4667
-84.4661
-84.4654
-84.4648
-84.4642
-84.4636
-84.4629
-84.4623
-84.4617
-84.4611
-84.4604
-84.4598
-84.4592
-84.4585
-84.4579
-84.4573
-84.4567
-84.456
-84.4554
-84.4548
-84.4542
-84.4535
-84.4529
-84.4523
-84.4516
-84.451
-84.4504
-84.4498
-84.4491
-84.4485
-84.4479
-84.4473
-84.4466
-84.446
-84.4454
-84.4447
-84.4441
-84.4435
-84.4428
-84.4422
-84.4416
-84.441
-84.4403
-84.4397
-84.4391
-84.4384
-84.4378
-84.4372
-84.4366
-84.4359
-84.4353
-84.4347
-84.434
-84.4334
-84.4328
-84.4321
-84.4315
-84.4309
-84.4303
-84.4296
-84.429
-84.4284
-84.4277
-84.4271
-84.4265
-84.4258
-84.4252
-84.4246
-84.4239
-84.4233
-84.4227
-84.422
-84.4214
-84.4208
-84.4202
-84.4195
-84.4189
-84.4183
-84.4176
-84.417
-84.4164
-84.4157
-84.4151
-84.4145
-84.4138
-84.4132
-84.4126
-84.4119
-84.4113
-84.4107
-84.41
-84.4094
-84.4088
-84.4081
-84.4075
-84.4069
-84.4062
-84.4056
-84.405
-84.4043
-84.4037
-84.4031
-84.4024
-84.4018
-84.4012
-84.4005
-84.3999
-84.3993
-84.3986
-84.398
-84.3974
-84.3967
-84.3961
-84.3955
-84.3948
-84.3942
-84.3935
-84.3929
-84.3923
-84.3916
-84.391
-84.3904
-84.3897
-84.3891
-84.3885
-84.3878
-84.3872
-84.3866
-84.3859
-84.3853
-84.3846
-84.384
-84.3834
-84.3827
-84.3821
-84.3815
-84.3808
-84.3802
-84.3796
-84.3789
-84.3783
-84.3776
-84.377
-84.3764
-84.3757
-84.3751
-84.3745
-84.3738
-84.3732
-84.3725
-84.3719
-84.3713
-84.3706
-84.37
-84.3694
-84.3687
-84.3681
-84.3674
-84.3668
-84.3662
-84.3655
-84.3649
-84.3643
-84.3636
-84.363
-84.3623
-84.3617
-84.3611
-84.3604
-84.3598
-84.3591
-84.3585
-84.3579
-84.3572
-84.3566
-84.3559
-84.3553
-84.3547
-84.354
-84.3534
-84.3527
-84.3521
-84.3515
-84.3508
-84.3502
-84.3495
-84.3489
-84.3483
-84.3476
-84.347
-84.3463
-84.3457
-84.3451
-84.3444
-84.3438
-84.3431
-84.3425
-84.3418
-84.3412
-84.3406
-84.3399
-84.3393
-84.3386
-84.338
-84.3374
-84.3367
-84.3361
-84.3354
-84.3348
-84.3341
-84.3335
-84.3329
-84.3322
-84.3316
-84.3309
-84.3303
-84.3296
-84.329
-84.3284
-84.3277
-84.3271
-84.3264
-84.3258
-84.3251
-84.3245
-84.3238
-84.3232
-84.3226
-84.3219
-84.3213
-84.3206
-84.32
-84.3193
-84.3187
-84.318
-84.3174
-84.3168
-84.3161
-84.3155
-84.3148
-84.3142
-84.3135
-84.3129
-84.3122
-84.3116
-84.3109
-84.3103
-84.3097
-84.309
-84.3084
-84.3077
-84.3071
-84.3064
-84.3058
-84.3051
-84.3045
-84.3038
-84.3032
-84.3025
-84.3019
-84.3013
-84.3006
-84.3
-84.2993
-84.2987
-84.298
-84.2974
-84.2967
-84.2961
-84.2954
-84.2948
-84.2941
-84.2935
-84.2928
-84.2922
-84.2915
-84.2909
-84.2902
-84.2896
-84.2889
-84.2883
-84.2876
-84.287
-84.2863
-84.2857
-84.285
-84.2844
-84.2837
-84.2831
-84.2824
-84.2818
-84.2811
-84.2805
-84.2798
-84.2792
-84.2785
-84.2779
-84.2772
-84.2766
-84.2759
-84.2753
-84.2746
-84.274
-84.2733
-84.2727
-84.272
-84.2714
-84.2707
-84.2701
-84.2694
-84.2688
-84.2681
-84.2675
-84.2668
-84.2662
-84.2655
-84.2649
-84.2642
-84.2636
-84.2629
-84.2622
-84.2616
-84.2609
-84.2603
-84.2596
-84.259
-84.2583
-84.2577
-84.257
-84.2564
-84.2557
-84.2551
-84.2544
-84.2537
-84.2531
-84.2524
-84.2518
-84.2511
-84.2505
-84.2498
-84.2492
-84.2485
-84.2479
-84.2472
-84.2465
-84.2459
-84.2452
-84.2446
-84.2439
-84.2433
-84.2426
-84.242
-84.2413
-84.2407
-84.24
-84.2393
-84.2387
-84.238
-84.2374
-84.2367
-84.2361
-84.2354
-84.2347
-84.2341
-84.2334
-84.2328
-84.2321
-84.2315
-84.2308
-84.2301
-84.2295
-84.2288
-84.2282
-84.2275
-84.2269
-84.2262
-84.2255
-84.2249
-84.2242
-84.2236
-84.2229
-84.2223
-84.2216
-84.2209
-84.2203
-84.2196
-84.219
-84.2183
-84.2176
-84.217
-84.2163
-84.2157
-84.215
-84.2144
-84.2137
-84.213
-84.2124
-84.2117
-84.2111
-84.2104
-84.2097
-84.2091
-84.2084
-84.2078
-84.2071
-84.2064
-84.2058
-84.2051
-84.2045
-84.2038
-84.2031
-84.2025
-84.2018
-84.2012
-84.2005
-84.1998
-84.1992
-84.1985
-84.1979
-84.1972
-84.1965
-84.1959
-84.1952
-84.1946
-84.1939
-84.1932
-84.1926
-84.1919
-84.1912
-84.1906
-84.1899
-84.1893
-84.1886
-84.1879
-84.1873
-84.1866
-84.186
-84.1853
-84.1846
-84.184
-84.1833
-84.1826
-84.182
-84.1813
-84.1807
-84.18
-84.1793
-84.1787
-84.178
-84.1773
-84.1767
-84.176
-84.1754
-84.1747
-84.174
-84.1734
-84.1727
-84.172
-84.1714
-84.1707
-84.17
-84.1694
-84.1687
-84.1681
-84.1674
-84.1667
-84.1661
-84.1654
-84.1647
-84.1641
-84.1634
-84.1627
-84.1621
-84.1614
-84.1607
-84.1601
-84.1594
-84.1587
-84.1581
-84.1574
-84.1568
-84.1561
-84.1554
-84.1548
-84.1541
-84.1534
-84.1528
-84.1521
-84.1514
-84.1508
-84.1501
-84.1494
-84.1488
-84.1481
-84.1474
-84.1468
-84.1461
-84.1454
-84.1448
-84.1441
-84.1434
-84.1428
-84.1421
-84.1414
-84.1408
-84.1401
-84.1394
-84.1388
-84.1381
-84.1374
-84.1368
-84.1361
-84.1354
-84.1348
-84.1341
-84.1334
-84.1328
-84.1321
-84.1314
-84.1308
-84.1301
-84.1294
-84.1287
-84.1281
-84.1274
-84.1267
-84.1261
-84.1254
-84.1247
-84.1241
-84.1234
-84.1227
-84.1221
-84.1214
-84.1207
-84.1201
-84.1194
-84.1187
-84.118
-84.1174
-84.1167
-84.116
-84.1154
-84.1147
-84.114
-84.1134
-84.1127
-84.112
-84.1113
-84.1107
-84.11
-84.1093
-84.1087
-84.108
-84.1073
-84.1066
-84.106
-84.1053
-84.1046
-84.104
-84.1033
-84.1026
-84.1019
-84.1013
-84.1006
-84.0999
-84.0993
-84.0986
-84.0979
-84.0972
-84.0966
-84.0959
-84.0952
-84.0946
-84.0939
-84.0932
-84.0925
-84.0919
-84.0912
-84.0905
-84.0898
-84.0892
-84.0885
-84.0878
-84.0872
-84.0865
-84.0858
-84.0851
-84.0845
-84.0838
-84.0831
-84.0824
-84.0818
-84.0811
-84.0804
-84.0797
-84.0791
-84.0784
-84.0777
-84.077
-84.0764
-84.0757
-84.075
-84.0743
-84.0737
-84.073
-84.0723
-84.0716
-84.071
-84.0703
-84.0696
-84.0689
-84.0683
-84.0676
-84.0669
-84.0662
-84.0656
-84.0649
-84.0642
-84.0635
-84.0629
-84.0622
-84.0615
-84.0608
-84.0601
-84.0595
-84.0588
-84.0581
-84.0574
-84.0568
-84.0561
-84.0554
-84.0547
-84.0541
-84.0534
-84.0527
-84.052
-84.0513
-84.0507
-84.05
-84.0493
-84.0486
-84.048
-84.0473
-84.0466
-84.0459
-84.0452
-84.0446
-84.0439
-84.0432
-84.0425
-84.0418
-84.0412
-84.0405
-84.0398
-84.0391
-84.0384
-84.0378
-84.0371
-84.0364
-84.0357
-84.035
-84.0344
-84.0337
-84.033
-84.0323
-84.0316
-84.031
-84.0303
-84.0296
-84.0289
-84.0282
-84.0275
-84.0269
-84.0262
-84.0255
-84.0248
-84.0241
-84.0235
-84.0228
-84.0221
-84.0214
-84.0207
-84.02
-84.0194
-84.0187
-84.018
-84.0173
-84.0166
-84.0159
-84.0153
-84.0146
-84.0139
-84.0132
-84.0125
-84.0118
-84.0112
-84.0105
-84.0098
-84.0091
-84.0084
-84.0077
-84.0071
-84.0064
-84.0057
-84.005
-84.0043
-84.0036
-84.003
-84.0023
-84.0016
-84.0009
-84.0002
-83.9995
-83.9988
-83.9982
-83.9975
-83.9968
-83.9961
-83.9954
-83.9947
-83.994
-83.9934
-83.9927
-83.992
-83.9913
-83.9906
-83.9899
-83.9892
-83.9886
-83.9879
-83.9872
-83.9865
-83.9858
-83.9851
-83.9844
-83.9838
-83.9831
-83.9824
-83.9817
-83.981
-83.9803
-83.9796
-83.9789
-83.9783
-83.9776
-83.9769
-83.9762
-83.9755
-83.9748
-83.9741
-83.9734
-83.9728
-83.9721
-83.9714
-83.9707
-83.97
-83.9693
-83.9686
-83.9679
-83.9672
-83.9666
-83.9659
-83.9652
-83.9645
-83.9638
-83.9631
-83.9624
-83.9617
-83.961
-83.9604
-83.9597
-83.959
-83.9583
-83.9576
-83.9569
-83.9562
-83.9555
-83.9548
-83.9541
-83.9535
-83.9528
-83.9521
-83.9514
-83.9507
-83.95
-83.9493
-83.9486
-83.9479
-83.9472
-83.9466
-83.9459
-83.9452
-83.9445
-83.9438
-83.9431
-83.9424
-83.9417
-83.941
-83.9403
-83.9396
-83.9389
-83.9383
-83.9376
-83.9369
-83.9362
-83.9355
-83.9348
-83.9341
-83.9334
-83.9327
-83.932
-83.9313
-83.9306
-83.93
-83.9293
-83.9286
-83.9279
-83.9272
-83.9265
-83.9258
-83.9251
-83.9244
-83.9237
-83.923
-83.9223
-83.9216
-83.9209
-83.9202
-83.9196
-83.9189
-83.9182
-83.9175
-83.9168
-83.9161
-83.9154
-83.9147
-83.914
-83.9133
-83.9126
-83.9119
-83.9112
-83.9105
-83.9098
-83.9091
-83.9084
-83.9078
-83.9071
-83.9064
-83.9057
-83.905
-83.9043
-83.9036
-83.9029
-83.9022
-83.9015
-83.9008
-83.9001
-83.8994
-83.8987
-83.898
-83.8973
-83.8966
-83.8959
-83.8952
-83.8945
-83.8938
-83.8931
-83.8925
-83.8918
-83.8911
-83.8904
-83.8897
-83.889
-83.8883
-83.8876
-83.8869
-83.8862
-83.8855
-83.8848
-83.8841
-83.8834
-83.8827
-83.882
-83.8813
-83.8806
-83.8799
-83.8792
-83.8785
-83.8778
-83.8771
-83.8764
-83.8757
-83.875
-83.8743
-83.8736
-83.8729
-83.8722
-83.8715
-83.8708
-83.8701
-83.8694
-83.8687
-83.868
-83.8673
-83.8666
-83.8659
-83.8652
-83.8645
-83.8638
-83.8631
-83.8624
-83.8617
-83.861
-83.8603
-83.8596
-83.8589
-83.8582
-83.8575
-83.8568
-83.8561
-83.8554
-83.8547
-83.854
-83.8533
-83.8526
-83.8519
-83.8512
-83.8505
-83.8498
-83.8491
-83.8484
-83.8477
-83.847
-83.8463
-83.8456
-83.8449
-83.8442
-83.8435
-83.8428
-83.8421
-83.8414
-83.8407
-83.84
-83.8393
-83.8386
-83.8379
-83.8372
-83.8365
-83.8358
-83.8351
-83.8344
-83.8337
-83.833
-83.8323
-83.8316
-83.8309
-83.8302
-83.8294
-83.8287
-83.828
-83.8273
-83.8266
-83.8259
-83.8252
-83.8245
-83.8238
-83.8231
-83.8224
-83.8217
-83.821
-83.8203
-83.8196
-83.8189
-83.8182
-83.8175
-83.8168
-83.8161
-83.8154
-83.8146
-83.8139
-83.8132
-83.8125
-83.8118
-83.8111
-83.8104
-83.8097
-83.809
-83.8083
-83.8076
-83.8069
-83.8062
-83.8055
-83.8048
-83.8041
-83.8033
-83.8026
-83.8019
-83.8012
-83.8005
-83.7998
-83.7991
-83.7984
-83.7977
-83.797
-83.7963
-83.7956
-83.7949
-83.7941
-83.7934
-83.7927
-83.792
-83.7913
-83.7906
-83.7899
-83.7892
-83.7885
-83.7878
-83.7871
-83.7863
-83.7856
-83.7849
-83.7842
-83.7835
-83.7828
-83.7821
-83.7814
-83.7807
-83.78
-83.7792
-83.7785
-83.7778
-83.7771
-83.7764
-83.7757
-83.775
-83.7743
-83.7736
-83.7728
-83.7721
-83.7714
-83.7707
-83.77
-83.7693
-83.7686
-83.7679
-83.7671
-83.7664
-83.7657
-83.765
-83.7643
-83.7636
-83.7629
-83.7622
-83.7614
-83.7607
-83.76
-83.7593
-83.7586
-83.7579
-83.7572
-83.7565
-83.7557
-83.755
-83.7543
-83.7536
-83.7529
-83.7522
-83.7515
-83.7507
-83.75
-83.7493
-83.7486
-83.7479
-83.7472
-83.7465
-83.7457
-83.745
-83.7443
-83.7436
-83.7429
-83.7422
-83.7415
-83.7407
-83.74
-83.7393
-83.7386
-83.7379
-83.7372
-83.7364
-83.7357
-83.735
-83.7343
-83.7336
-83.7329
-83.7321
-83.7314
-83.7307
-83.73
-83.7293
-83.7286
-83.7279
-83.7271
-83.7264
-83.7257
-83.725
-83.7243
-83.7236
-83.7228
-83.7221
-83.7214
-83.7207
-83.72
-83.7192
-83.7185
-83.7178
-83.7171
-83.7164
-83.7157
-83.7149
-83.7142
-83.7135
-83.7128
-83.7121
-83.7114
-83.7106
-83.7099
-83.7092
-83.7085
-83.7078
-83.707
-83.7063
-83.7056
-83.7049
-83.7042
-83.7034
-83.7027
-83.702
-83.7013
-83.7006
-83.6998
-83.6991
-83.6984
-83.6977
-83.697
-83.6963
-83.6955
-83.6948
-83.6941
-83.6934
-83.6927
-83.6919
-83.6912
-83.6905
-83.6898
-83.6891
-83.6883
-83.6876
-83.6869
-83.6862
-83.6854
-83.6847
-83.684
-83.6833
-83.6826
-83.6818
-83.6811
-83.6804
-83.6797
-83.679
-83.6782
-83.6775
-83.6768
-83.6761
-83.6753
-83.6746
-83.6739
-83.6732
-83.6725
-83.6717
-83.671
-83.6703
-83.6696
-83.6688
-83.6681
-83.6674
-83.6667
-83.666
-83.6652
-83.6645
-83.6638
-83.6631
-83.6623
-83.6616
-83.6609
-83.6602
-83.6595
-83.6587
-83.658
-83.6573
-83.6566
-83.6558
-83.6551
-83.6544
-83.6537
-83.6529
-83.6522
-83.6515
-83.6508
-83.65
-83.6493
-83.6486
-83.6479
-83.6471
-83.6464
-83.6457
-83.645
-83.6442
-83.6435
-83.6428
-83.6421
-83.6413
-83.6406
-83.6399
-83.6392
-83.6384
-83.6377
-83.637
-83.6363
-83.6355
-83.6348
-83.6341
-83.6334
-83.6326
-83.6319
-83.6312
-83.6304
-83.6297
-83.629
-83.6283
-83.6275
-83.6268
-83.6261
-83.6254
-83.6246
-83.6239
-83.6232
-83.6224
-83.6217
-83.621
-83.6203
-83.6195
-83.6188
-83.6181
-83.6174
-83.6166
-83.6159
-83.6152
-83.6144
-83.6137
-83.613
-83.6123
-83.6115
-83.6108
-83.6101
-83.6093
-83.6086
-83.6079
-83.6072
-83.6064
-83.6057
-83.605
-83.6042
-83.6035
-83.6028
-83.602
-83.6013
-83.6006
-83.5999
-83.5991
-83.5984
-83.5977
-83.5969
-83.5962
-83.5955
-83.5947
-83.594
-83.5933
-83.5925
-83.5918
-83.5911
-83.5904
-83.5896
-83.5889
-83.5882
-83.5874
-83.5867
-83.586
-83.5852
-83.5845
-83.5838
-83.583
-83.5823
-83.5816
-83.5808
-83.5801
-83.5794
-83.5786
-83.5779
-83.5772
-83.5764
-83.5757
-83.575
-83.5742
-83.5735
-83.5728
-83.572
-83.5713
-83.5706
-83.5698
-83.5691
-83.5684
-83.5676
-83.5669
-83.5662
-83.5654
-83.5647
-83.564
-83.5632
-83.5625
-83.5618
-83.561
-83.5603
-83.5596
-83.5588
-83.5581
-83.5573
-83.5566
-83.5559
-83.5551
-83.5544
-83.5537
-83.5529
-83.5522
-83.5515
-83.5507
-83.55
-83.5492
-83.5485
-83.5478
-83.547
-83.5463
-83.5456
-83.5448
-83.5441
-83.5433
-83.5426
-83.5419
-83.5411
-83.5404
-83.5397
-83.5389
-83.5382
-83.5374
-83.5367
-83.536
-83.5352
-83.5345
-83.5337
-83.533
-83.5323
-83.5315
-83.5308
-83.53
-83.5293
-83.5286
-83.5278
-83.5271
-83.5263
-83.5256
-83.5249
-83.5241
-83.5234
-83.5226
-83.5219
-83.5212
-83.5204
-83.5197
-83.5189
-83.5182
-83.5175
-83.5167
-83.516
-83.5152
-83.5145
-83.5137
-83.513
-83.5123
-83.5115
-83.5108
-83.51
-83.5093
-83.5085
-83.5078
-83.5071
-83.5063
-83.5056
-83.5048
-83.5041
-83.5034
-83.5026
-83.5019
-83.5011
-83.5004
-83.4996
-83.4989
-83.4981
-83.4974
-83.4967
-83.4959
-83.4952
-83.4944
-83.4937
-83.4929
-83.4922
-83.4915
-83.4907
-83.49
-83.4892
-83.4885
-83.4877
-83.487
-83.4862
-83.4855
-83.4848
-83.484
-83.4833
-83.4825
-83.4818
-83.481
-83.4803
-83.4795
-83.4788
-83.478
-83.4773
-83.4766
-83.4758
-83.4751
-83.4743
-83.4736
-83.4728
-83.4721
-83.4713
-83.4706
-83.4698
-83.4691
-83.4683
-83.4676
-83.4669
-83.4661
-83.4654
-83.4646
-83.4639
-83.4631
-83.4624
-83.4616
-83.4609
-83.4601
-83.4594
-83.4586
-83.4579
-83.4571
-83.4564
-83.4556
-83.4549
-83.4542
-83.4534
-83.4527
-83.4519
-83.4512
-83.4504
-83.4497
-83.4489
-83.4482
-83.4474
-83.4467
-83.4459
-83.4452
-83.4444
-83.4437
-83.4429
-83.4422
-83.4414
-83.4407
-83.4399
-83.4392
-83.4384
-83.4377
-83.4369
-83.4362
-83.4354
-83.4347
-83.4339
-83.4332
-83.4324
-83.4317
-83.4309
-83.4302
-83.4294
-83.4287
-83.4279
-83.4272
-83.4264
-83.4257
-83.4249
-83.4242
-83.4234
-83.4227
-83.4219
-83.4212
-83.4204
-83.4197
-83.4189
-83.4182
-83.4174
-83.4167
-83.4159
-83.4152
-83.4144
-83.4137
-83.4129
-83.4121
-83.4114
-83.4106
-83.4099
-83.4091
-83.4084
-83.4076
-83.4069
-83.4061
-83.4054
-83.4046
-83.4039
-83.4031
-83.4024
-83.4016
-83.4009
-83.4001
-83.3993
-83.3986
-83.3978
-83.3971
-83.3963
-83.3956
-83.3948
-83.3941
-83.3933
-83.3926
-83.3918
-83.391
-83.3903
-83.3895
-83.3888
-83.388
-83.3873
-83.3865
-83.3858
-83.385
-83.3842
-83.3835
-83.3827
-83.382
-83.3812
-83.3805
-83.3797
-83.379
-83.3782
-83.3774
-83.3767
-83.3759
-83.3752
-83.3744
-83.3737
-83.3729
-83.3721
-83.3714
-83.3706
-83.3699
-83.3691
-83.3684
-83.3676
-83.3668
-83.3661
-83.3653
-83.3646
-83.3638
-83.3631
-83.3623
-83.3615
-83.3608
-83.36
-83.3593
-83.3585
-83.3577
-83.357
-83.3562
-83.3555
-83.3547
-83.354
-83.3532
-83.3524
-83.3517
-83.3509
-83.3502
-83.3494
-83.3486
-83.3479
-83.3471
-83.3464
-83.3456
-83.3448
-83.3441
-83.3433
-83.3426
-83.3418
-83.341
-83.3403
-83.3395
-83.3387
-83.338
-83.3372
-83.3365
-83.3357
-83.3349
-83.3342
-83.3334
-83.3327
-83.3319
-83.3311
-83.3304
-83.3296
-83.3288
-83.3281
-83.3273
-83.3266
-83.3258
-83.325
-83.3243
-83.3235
-83.3227
-83.322
-83.3212
-83.3205
-83.3197
-83.3189
-83.3182
-83.3174
-83.3166
-83.3159
-83.3151
-83.3143
-83.3136
-83.3128
-83.312
-83.3113
-83.3105
-83.3098
-83.309
-83.3082
-83.3075
-83.3067
-83.3059
-83.3052
-83.3044
-83.3036
-83.3029
-83.3021
-83.3013
-83.3006
-83.2998
-83.299
-83.2983
-83.2975
-83.2967
-83.296
-83.2952
-83.2944
-83.2937
-83.2929
-83.2921
-83.2913
-83.2906
-83.2898
-83.289
-83.2883
-83.2875
-83.2867
-83.286
-83.2852
-83.2844
-83.2837
-83.2829
-83.2821
-83.2814
-83.2806
-83.2798
-83.279
-83.2783
-83.2775
-83.2767
-83.276
-83.2752
-83.2744
-83.2737
-83.2729
-83.2721
-83.2713
-83.2706
-83.2698
-83.269
-83.2683
-83.2675
-83.2667
-83.2659
-83.2652
-83.2644
-83.2636
-83.2629
-83.2621
-83.2613
-83.2605
-83.2598
-83.259
-83.2582
-83.2575
-83.2567
-83.2559
-83.2551
-83.2544
-83.2536
-83.2528
-83.252
-83.2513
-83.2505
-83.2497
-83.249
-83.2482
-83.2474
-83.2466
-83.2459
-83.2451
-83.2443
-83.2435
-83.2428
-83.242
-83.2412
-83.2404
-83.2397
-83.2389
-83.2381
-83.2373
-83.2366
-83.2358
-83.235
-83.2342
-83.2335
-83.2327
-83.2319
-83.2311
-83.2304
-83.2296
-83.2288
-83.228
-83.2273
-83.2265
-83.2257
-83.2249
-83.2242
-83.2234
-83.2226
-83.2218
-83.2211
-83.2203
-83.2195
-83.2187
-83.218
-83.2172
-83.2164
-83.2156
-83.2149
-83.2141
-83.2133
-83.2125
-83.2117
-83.211
-83.2102
-83.2094
-83.2086
-83.2079
-83.2071
-83.2063
-83.2055
-83.2047
-83.204
-83.2032
-83.2024
-83.2016
-83.2009
-83.2001
-83.1993
-83.1985
-83.1977
-83.197
-83.1962
-83.1954
-83.1946
-83.1938
-83.1931
-83.1923
-83.1915
-83.1907
-83.1899
-83.1892
-83.1884
-83.1876
-83.1868
-83.186
-83.1853
-83.1845
-83.1837
-83.1829
-83.1821
-83.1814
-83.1806
-83.1798
-83.179
-83.1782
-83.1775
-83.1767
-83.1759
-83.1751
-83.1743
-83.1736
-83.1728
-83.172
-83.1712
-83.1704
-83.1697
-83.1689
-83.1681
-83.1673
-83.1665
-83.1657
-83.165
-83.1642
-83.1634
-83.1626
-83.1618
-83.161
-83.1603
-83.1595
-83.1587
-83.1579
-83.1571
-83.1563
-83.1556
-83.1548
-83.154
-83.1532
-83.1524
-83.1516
-83.1509
-83.1501
-83.1493
-83.1485
-83.1477
-83.1469
-83.1462
-83.1454
-83.1446
-83.1438
-83.143
-83.1422
-83.1414
-83.1407
-83.1399
-83.1391
-83.1383
-83.1375
-83.1367
-83.1359
-83.1352
-83.1344
-83.1336
-83.1328
-83.132
-83.1312
-83.1304
-83.1297
-83.1289
-83.1281
-83.1273
-83.1265
-83.1257
-83.1249
-83.1241
-83.1234
-83.1226
-83.1218
-83.121
-83.1202
-83.1194
-83.1186
-83.1178
-83.1171
-83.1163
-83.1155
-83.1147
-83.1139
-83.1131
-83.1123
-83.1115
-83.1107
-83.11
-83.1092
-83.1084
-83.1076
-83.1068
-83.106
-83.1052
-83.1044
-83.1036
-83.1028
-83.1021
-83.1013
-83.1005
-83.0997
-83.0989
-83.0981
-83.0973
-83.0965
-83.0957
-83.0949
-83.0941
-83.0934
-83.0926
-83.0918
-83.091
-83.0902
-83.0894
-83.0886
-83.0878
-83.087
-83.0862
-83.0854
-83.0846
-83.0839
-83.0831
-83.0823
-83.0815
-83.0807
-83.0799
-83.0791
-83.0783
-83.0775
-83.0767
-83.0759
-83.0751
-83.0743
-83.0735
-83.0727
-83.072
-83.0712
-83.0704
-83.0696
-83.0688
-83.068
-83.0672
-83.0664
-83.0656
-83.0648
-83.064
-83.0632
-83.0624
-83.0616
-83.0608
-83.06
-83.0592
-83.0584
-83.0576
-83.0568
-83.056
-83.0552
-83.0544
-83.0536
-83.0528
-83.052
-83.0512
-83.0504
-83.0496
-83.0488
-83.048
-83.0472
-83.0464
-83.0457
-83.0449
-83.0441
-83.0433
-83.0425
-83.0417
-83.0409
-83.0401
-83.0393
-83.0385
-83.0377
-83.0369
-83.0361
-83.0353
-83.0345
-83.0337
-83.0329
-83.0321
-83.0313
-83.0304
-83.0296
-83.0288
-83.028
-83.0272
-83.0264
-83.0256
-83.0248
-83.024
-83.0232
-83.0224
-83.0216
-83.0208
-83.02
-83.0192
-83.0184
-83.0176
-83.0168
-83.016
-83.0152
-83.0144
-83.0136
-83.0128
-83.012
-83.0112
-83.0104
-83.0096
-83.0088
-83.008
-83.0072
-83.0064
-83.0056
-83.0048
-83.004
-83.0032
-83.0024
-83.0015
-83.0007
-82.9999
-82.9991
-82.9983
-82.9975
-82.9967
-82.9959
-82.9951
-82.9943
-82.9935
-82.9927
-82.9919
-82.9911
-82.9903
-82.9895
-82.9887
-82.9879
-82.9871
-82.9862
-82.9854
-82.9846
-82.9838
-82.983
-82.9822
-82.9814
-82.9806
-82.9798
-82.979
-82.9782
-82.9774
-82.9766
-82.9758
-82.9749
-82.9741
-82.9733
-82.9725
-82.9717
-82.9709
-82.9701
-82.9693
-82.9685
-82.9677
-82.9669
-82.9661
-82.9653
-82.9644
-82.9636
-82.9628
-82.962
-82.9612
-82.9604
-82.9596
-82.9588
-82.958
-82.9572
-82.9563
-82.9555
-82.9547
-82.9539
-82.9531
-82.9523
-82.9515
-82.9507
-82.9499
-82.9491
-82.9482
-82.9474
-82.9466
-82.9458
-82.945
-82.9442
-82.9434
-82.9426
-82.9418
-82.941
-82.9401
-82.9393
-82.9385
-82.9377
-82.9369
-82.9361
-82.9353
-82.9345
-82.9336
-82.9328
-82.932
-82.9312
-82.9304
-82.9296
-82.9288
-82.928
-82.9271
-82.9263
-82.9255
-82.9247
-82.9239
-82.9231
-82.9223
-82.9214
-82.9206
-82.9198
-82.919
-82.9182
-82.9174
-82.9166
-82.9157
-82.9149
-82.9141
-82.9133
-82.9125
-82.9117
-82.9109
-82.91
-82.9092
-82.9084
-82.9076
-82.9068
-82.906
-82.9051
-82.9043
-82.9035
-82.9027
-82.9019
-82.9011
-82.9003
-82.8994
-82.8986
-82.8978
-82.897
-82.8962
-82.8953
-82.8945
-82.8937
-82.8929
-82.8921
-82.8913
-82.8904
-82.8896
-82.8888
-82.888
-82.8872
-82.8864
-82.8855
-82.8847
-82.8839
-82.8831
-82.8823
-82.8814
-82.8806
-82.8798
-82.879
-82.8782
-82.8773
-82.8765
-82.8757
-82.8749
-82.8741
-82.8732
-82.8724
-82.8716
-82.8708
-82.87
-82.8691
-82.8683
-82.8675
-82.8667
-82.8659
-82.865
-82.8642
-82.8634
-82.8626
-82.8617
-82.8609
-82.8601
-82.8593
-82.8585
-82.8576
-82.8568
-82.856
-82.8552
-82.8543
-82.8535
-82.8527
-82.8519
-82.851
-82.8502
-82.8494
-82.8486
-82.8478
-82.8469
-82.8461
-82.8453
-82.8445
-82.8436
-82.8428
-82.842
-82.8412
-82.8403
-82.8395
-82.8387
-82.8379
-82.837
-82.8362
-82.8354
-82.8346
-82.8337
-82.8329
-82.8321
-82.8313
-82.8304
-82.8296
-82.8288
-82.8279
-82.8271
-82.8263
-82.8255
-82.8246
-82.8238
-82.823
-82.8221
-82.8213
-82.8205
-82.8197
-82.8188
-82.818
-82.8172
-82.8163
-82.8155
-82.8147
-82.8139
-82.813
-82.8122
-82.8114
-82.8105
-82.8097
-82.8089
-82.808
-82.8072
-82.8064
-82.8056
-82.8047
-82.8039
-82.8031
-82.8022
-82.8014
-82.8006
-82.7997
-82.7989
-82.7981
-82.7972
-82.7964
-82.7956
-82.7947
-82.7939
-82.7931
-82.7922
-82.7914
-82.7906
-82.7897
-82.7889
-82.7881
-82.7872
-82.7864
-82.7856
-82.7847
-82.7839
-82.7831
-82.7822
-82.7814
-82.7806
-82.7797
-82.7789
-82.7781
-82.7772
-82.7764
-82.7755
-82.7747
-82.7739
-82.773
-82.7722
-82.7714
-82.7705
-82.7697
-82.7689
-82.768
-82.7672
-82.7663
-82.7655
-82.7647
-82.7638
-82.763
-82.7622
-82.7613
-82.7605
-82.7596
-82.7588
-82.758
-82.7571
-82.7563
-82.7555
-82.7546
-82.7538
-82.7529
-82.7521
-82.7513
-82.7504
-82.7496
-82.7488
-82.7479
-82.7471
-82.7462
-82.7454
-82.7446
-82.7437
-82.7429
-82.742
-82.7412
-82.7404
-82.7395
-82.7387
-82.7378
-82.737
-82.7362
-82.7353
-82.7345
-82.7336
-82.7328
-82.7319
-82.7311
-82.7303
-82.7294
-82.7286
-82.7277
-82.7269
-82.7261
-82.7252
-82.7244
-82.7235
-82.7227
-82.7218
-82.721
-82.7202
-82.7193
-82.7185
-82.7176
-82.7168
-82.7159
-82.7151
-82.7143
-82.7134
-82.7126
-82.7117
-82.7109
-82.71
-82.7092
-82.7084
-82.7075
-82.7067
-82.7058
-82.705
-82.7041
-82.7033
-82.7024
-82.7016
-82.7008
-82.6999
-82.6991
-82.6982
-82.6974
-82.6965
-82.6957
-82.6948
-82.694
-82.6932
-82.6923
-82.6915
-82.6906
-82.6898
-82.6889
-82.6881
-82.6872
-82.6864
-82.6855
-82.6847
-82.6838
-82.683
-82.6821
-82.6813
-82.6804
-82.6796
-82.6788
-82.6779
-82.6771
-82.6762
-82.6754
-82.6745
-82.6737
-82.6728
-82.672
-82.6711
-82.6703
-82.6694
-82.6686
-82.6677
-82.6669
-82.666
-82.6652
-82.6643
-82.6635
-82.6626
-82.6618
-82.6609
-82.6601
-82.6592
-82.6584
-82.6575
-82.6567
-82.6558
-82.655
-82.6541
-82.6533
-82.6524
-82.6516
-82.6507
-82.6499
-82.649
-82.6481
-82.6473
-82.6464
-82.6456
-82.6447
-82.6439
-82.643
-82.6422
-82.6413
-82.6405
-82.6396
-82.6388
-82.6379
-82.6371
-82.6362
-82.6353
-82.6345
-82.6336
-82.6328
-82.6319
-82.6311
-82.6302
-82.6294
-82.6285
-82.6277
-82.6268
-82.6259
-82.6251
-82.6242
-82.6234
-82.6225
-82.6217
-82.6208
-82.6199
-82.6191
-82.6182
-82.6174
-82.6165
-82.6157
-82.6148
-82.6139
-82.6131
-82.6122
-82.6114
-82.6105
-82.6097
-82.6088
-82.6079
-82.6071
-82.6062
-82.6054
-82.6045
-82.6036
-82.6028
-82.6019
-82.6011
-82.6002
-82.5993
-82.5985
-82.5976
-82.5968
-82.5959
-82.595
-82.5942
-82.5933
-82.5925
-82.5916
-82.5907
-82.5899
-82.589
-82.5882
-82.5873
-82.5864
-82.5856
-82.5847
-82.5838
-82.583
-82.5821
-82.5813
-82.5804
-82.5795
-82.5787
-82.5778
-82.5769
-82.5761
-82.5752
-82.5743
-82.5735
-82.5726
-82.5717
-82.5709
-82.57
-82.5692
-82.5683
-82.5674
-82.5666
-82.5657
-82.5648
-82.564
-82.5631
-82.5622
-82.5614
-82.5605
-82.5596
-82.5587
-82.5579
-82.557
-82.5561
-82.5553
-82.5544
-82.5535
-82.5527
-82.5518
-82.5509
-82.5501
-82.5492
-82.5483
-82.5475
-82.5466
-82.5457
-82.5448
-82.544
-82.5431
-82.5422
-82.5414
-82.5405
-82.5396
-82.5388
-82.5379
-82.537
-82.5361
-82.5353
-82.5344
-82.5335
-82.5327
-82.5318
-82.5309
-82.53
-82.5292
-82.5283
-82.5274
-82.5265
-82.5257
-82.5248
-82.5239
-82.5231
-82.5222
-82.5213
-82.5204
-82.5196
-82.5187
-82.5178
-82.5169
-82.5161
-82.5152
-82.5143
-82.5134
-82.5126
-82.5117
-82.5108
-82.5099
-82.5091
-82.5082
-82.5073
-82.5064
-82.5056
-82.5047
-82.5038
-82.5029
-82.5021
-82.5012
-82.5003
-82.4994
-82.4986
-82.4977
-82.4968
-82.4959
-82.495
-82.4942
-82.4933
-82.4924
-82.4915
-82.4907
-82.4898
-82.4889
-82.488
-82.4871
-82.4863
-82.4854
-82.4845
-82.4836
-82.4828
-82.4819
-82.481
-82.4801
-82.4792
-82.4784
-82.4775
-82.4766
-82.4757
-82.4748
-82.474
-82.4731
-82.4722
-82.4713
-82.4704
-82.4696
-82.4687
-82.4678
-82.4669
-82.466
-82.4652
-82.4643
-82.4634
-82.4625
-82.4616
-82.4607
-82.4599
-82.459
-82.4581
-82.4572
-82.4563
-82.4555
-82.4546
-82.4537
-82.4528
-82.4519
-82.451
-82.4502
-82.4493
-82.4484
-82.4475
-82.4466
-82.4457
-82.4449
-82.444
-82.4431
-82.4422
-82.4413
-82.4404
-82.4395
-82.4387
-82.4378
-82.4369
-82.436
-82.4351
-82.4342
-82.4333
-82.4325
-82.4316
-82.4307
-82.4298
-82.4289
-82.428
-82.4271
-82.4263
-82.4254
-82.4245
-82.4236
-82.4227
-82.4218
-82.4209
-82.42
-82.4192
-82.4183
-82.4174
-82.4165
-82.4156
-82.4147
-82.4138
-82.4129
-82.412
-82.4112
-82.4103
-82.4094
-82.4085
-82.4076
-82.4067
-82.4058
-82.4049
-82.404
-82.4031
-82.4022
-82.4014
-82.4005
-82.3996
-82.3987
-82.3978
-82.3969
-82.396
-82.3951
-82.3942
-82.3933
-82.3924
-82.3915
-82.3907
-82.3898
-82.3889
-82.388
-82.3871
-82.3862
-82.3853
-82.3844
-82.3835
-82.3826
-82.3817
-82.3808
-82.3799
-82.379
-82.3781
-82.3772
-82.3763
-82.3754
-82.3746
-82.3737
-82.3728
-82.3719
-82.371
-82.3701
-82.3692
-82.3683
-82.3674
-82.3665
-82.3656
-82.3647
-82.3638
-82.3629
-82.362
-82.3611
-82.3602
-82.3593
-82.3584
-82.3575
-82.3566
-82.3557
-82.3548
-82.3539
-82.353
-82.3521
-82.3512
-82.3503
-82.3494
-82.3485
-82.3476
-82.3467
-82.3458
-82.3449
-82.344
-82.3431
-82.3422
-82.3413
-82.3404
-82.3395
-82.3386
-82.3377
-82.3368
-82.3359
-82.335
-82.3341
-82.3332
-82.3323
-82.3314
-82.3305
-82.3296
-82.3287
-82.3277
-82.3268
-82.3259
-82.325
-82.3241
-82.3232
-82.3223
-82.3214
-82.3205
-82.3196
-82.3187
-82.3178
-82.3169
-82.316
-82.3151
-82.3141
-82.3132
-82.3123
-82.3114
-82.3105
-82.3096
-82.3087
-82.3078
-82.3069
-82.306
-82.3051
-82.3041
-82.3032
-82.3023
-82.3014
-82.3005
-82.2996
-82.2987
-82.2978
-82.2969
-82.296
-82.295
-82.2941
-82.2932
-82.2923
-82.2914
-82.2905
-82.2896
-82.2887
-82.2877
-82.2868
-82.2859
-82.285
-82.2841
-82.2832
-82.2823
-82.2814
-82.2804
-82.2795
-82.2786
-82.2777
-82.2768
-82.2759
-82.275
-82.274
-82.2731
-82.2722
-82.2713
-82.2704
-82.2695
-82.2685
-82.2676
-82.2667
-82.2658
-82.2649
-82.264
-82.2631
-82.2621
-82.2612
-82.2603
-82.2594
-82.2585
-82.2575
-82.2566
-82.2557
-82.2548
-82.2539
-82.253
-82.252
-82.2511
-82.2502
-82.2493
-82.2484
-82.2474
-82.2465
-82.2456
-82.2447
-82.2438
-82.2429
-82.2419
-82.241
-82.2401
-82.2392
-82.2383
-82.2373
-82.2364
-82.2355
-82.2346
-82.2336
-82.2327
-82.2318
-82.2309
-82.23
-82.229
-82.2281
-82.2272
-82.2263
-82.2254
-82.2244
-82.2235
-82.2226
-82.2217
-82.2207
-82.2198
-82.2189
-82.218
-82.217
-82.2161
-82.2152
-82.2143
-82.2133
-82.2124
-82.2115
-82.2106
-82.2097
-82.2087
-82.2078
-82.2069
-82.2059
-82.205
-82.2041
-82.2032
-82.2022
-82.2013
-82.2004
-82.1995
-82.1985
-82.1976
-82.1967
-82.1958
-82.1948
-82.1939
-82.193
-82.192
-82.1911
-82.1902
-82.1893
-82.1883
-82.1874
-82.1865
-82.1855
-82.1846
-82.1837
-82.1828
-82.1818
-82.1809
-82.18
-82.179
-82.1781
-82.1772
-82.1762
-82.1753
-82.1744
-82.1735
-82.1725
-82.1716
-82.1707
-82.1697
-82.1688
-82.1679
-82.1669
-82.166
-82.1651
-82.1641
-82.1632
-82.1623
-82.1613
-82.1604
-82.1595
-82.1585
-82.1576
-82.1567
-82.1557
-82.1548
-82.1539
-82.1529
-82.152
-82.151
-82.1501
-82.1492
-82.1482
-82.1473
-82.1464
-82.1454
-82.1445
-82.1436
-82.1426
-82.1417
-82.1407
-82.1398
-82.1389
-82.1379
-82.137
-82.1361
-82.1351
-82.1342
-82.1332
-82.1323
-82.1314
-82.1304
-82.1295
-82.1285
-82.1276
-82.1267
-82.1257
-82.1248
-82.1238
-82.1229
-82.122
-82.121
-82.1201
-82.1191
-82.1182
-82.1173
-82.1163
-82.1154
-82.1144
-82.1135
-82.1125
-82.1116
-82.1107
-82.1097
-82.1088
-82.1078
-82.1069
-82.1059
-82.105
-82.104
-82.1031
-82.1022
-82.1012
-82.1003
-82.0993
-82.0984
-82.0974
-82.0965
-82.0955
-82.0946
-82.0936
-82.0927
-82.0917
-82.0908
-82.0898
-82.0889
-82.0879
-82.087
-82.086
-82.0851
-82.0841
-82.0832
-82.0822
-82.0813
-82.0803
-82.0794
-82.0784
-82.0775
-82.0765
-82.0756
-82.0746
-82.0737
-82.0727
-82.0718
-82.0708
-82.0699
-82.0689
-82.068
-82.067
-82.0661
-82.0651
-82.0641
-82.0632
-82.0622
-82.0613
-82.0603
-82.0594
-82.0584
-82.0575
-82.0565
-82.0555
-82.0546
-82.0536
-82.0527
-82.0517
-82.0508
-82.0498
-82.0488
-82.0479
-82.0469
-82.046
-82.045
-82.0441
-82.0431
-82.0421
-82.0412
-82.0402
-82.0393
-82.0383
-82.0373
-82.0364
-82.0354
-82.0345
-82.0335
-82.0325
-82.0316
-82.0306
-82.0297
-82.0287
-82.0277
-82.0268
-82.0258
-82.0249
-82.0239
-82.0229
-82.022
-82.021
-82.02
-82.0191
-82.0181
-82.0171
-82.0162
-82.0152
-82.0143
-82.0133
-82.0123
-82.0114
-82.0104
-82.0094
-82.0085
-82.0075
-82.0065
-82.0056
-82.0046
-82.0036
-82.0027
-82.0017
-82.0007
-81.9998
-81.9988
-81.9978
-81.9969
-81.9959
-81.9949
-81.994
-81.993
-81.992
-81.9911
-81.9901
-81.9891
-81.9882
-81.9872
-81.9862
-81.9853
-81.9843
-81.9833
-81.9824
-81.9814
-81.9804
-81.9794
-81.9785
-81.9775
-81.9765
-81.9756
-81.9746
-81.9736
-81.9726
-81.9717
-81.9707
-81.9697
-81.9688
-81.9678
-81.9668
-81.9658
-81.9649
-81.9639
-81.9629
-81.962
-81.961
-81.96
-81.959
-81.9581
-81.9571
-81.9561
-81.9551
-81.9542
-81.9532
-81.9522
-81.9512
-81.9503
-81.9493
-81.9483
-81.9473
-81.9463
-81.9454
-81.9444
-81.9434
-81.9424
-81.9415
-81.9405
-81.9395
-81.9385
-81.9375
-81.9366
-81.9356
-81.9346
-81.9336
-81.9327
-81.9317
-81.9307
-81.9297
-81.9287
-81.9278
-81.9268
-81.9258
-81.9248
-81.9238
-81.9228
-81.9219
-81.9209
-81.9199
-81.9189
-81.9179
-81.917
-81.916
-81.915
-81.914
-81.913
-81.912
-81.9111
-81.9101
-81.9091
-81.9081
-81.9071
-81.9061
-81.9051
-81.9042
-81.9032
-81.9022
-81.9012
-81.9002
-81.8992
-81.8982
-81.8973
-81.8963
-81.8953
-81.8943
-81.8933
-81.8923
-81.8913
-81.8903
-81.8894
-81.8884
-81.8874
-81.8864
-81.8854
-81.8844
-81.8834
-81.8824
-81.8814
-81.8804
-81.8795
-81.8785
-81.8775
-81.8765
-81.8755
-81.8745
-81.8735
-81.8725
-81.8715
-81.8705
-81.8695
-81.8685
-81.8676
-81.8666
-81.8656
-81.8646
-81.8636
-81.8626
-81.8616
-81.8606
-81.8596
-81.8586
-81.8576
-81.8566
-81.8556
-81.8546
-81.8536
-81.8526
-81.8516
-81.8506
-81.8496
-81.8486
-81.8476
-81.8466
-81.8456
-81.8446
-81.8436
-81.8426
-81.8416
-81.8406
-81.8396
-81.8386
-81.8376
-81.8366
-81.8356
-81.8346
-81.8336
-81.8326
-81.8316
-81.8306
-81.8296
-81.8286
-81.8276
-81.8266
-81.8256
-81.8246
-81.8236
-81.8226
-81.8215
-81.8205
-81.8195
-81.8185
-81.8175
-81.8165
-81.8155
-81.8145
-81.8135
-81.8125
-81.8115
-81.8105
-81.8095
-81.8084
-81.8074
-81.8064
-81.8054
-81.8044
-81.8034
-81.8024
-81.8014
-81.8004
-81.7993
-81.7983
-81.7973
-81.7963
-81.7953
-81.7943
-81.7933
-81.7923
-81.7913
-81.7902
-81.7892
-81.7882
-81.7872
-81.7862
-81.7852
-81.7842
-81.7831
-81.7821
-81.7811
-81.7801
-81.7791
-81.7781
-81.777
-81.776
-81.775
-81.774
-81.773
-81.772
-81.7709
-81.7699
-81.7689
-81.7679
-81.7669
-81.7659
-81.7648
-81.7638
-81.7628
-81.7618
-81.7608
-81.7597
-81.7587
-81.7577
-81.7567
-81.7557
-81.7546
-81.7536
-81.7526
-81.7516
-81.7506
-81.7495
-81.7485
-81.7475
-81.7465
-81.7454
-81.7444
-81.7434
-81.7424
-81.7413
-81.7403
-81.7393
-81.7383
-81.7373
-81.7362
-81.7352
-81.7342
-81.7332
-81.7321
-81.7311
-81.7301
-81.729
-81.728
-81.727
-81.726
-81.7249
-81.7239
-81.7229
-81.7219
-81.7208
-81.7198
-81.7188
-81.7177
-81.7167
-81.7157
-81.7147
-81.7136
-81.7126
-81.7116
-81.7105
-81.7095
-81.7085
-81.7074
-81.7064
-81.7054
-81.7043
-81.7033
-81.7023
-81.7013
-81.7002
-81.6992
-81.6982
-81.6971
-81.6961
-81.6951
-81.694
-81.693
-81.6919
-81.6909
-81.6899
-81.6888
-81.6878
-81.6868
-81.6857
-81.6847
-81.6837
-81.6826
-81.6816
-81.6805
-81.6795
-81.6785
-81.6774
-81.6764
-81.6754
-81.6743
-81.6733
-81.6722
-81.6712
-81.6702
-81.6691
-81.6681
-81.667
-81.666
-81.665
-81.6639
-81.6629
-81.6618
-81.6608
-81.6597
-81.6587
-81.6577
-81.6566
-81.6556
-81.6545
-81.6535
-81.6524
-81.6514
-81.6504
-81.6493
-81.6483
-81.6472
-81.6462
-81.6451
-81.6441
-81.643
-81.642
-81.6409
-81.6399
-81.6388
-81.6378
-81.6367
-81.6357
-81.6346
-81.6336
-81.6325
-81.6315
-81.6304
-81.6294
-81.6283
-81.6273
-81.6262
-81.6252
-81.6241
-81.6231
-81.622
-81.621
-81.6199
-81.6189
-81.6178
-81.6168
-81.6157
-81.6147
-81.6136
-81.6126
-81.6115
-81.6104
-81.6094
-81.6083
-81.6073
-81.6062
-81.6052
-81.6041
-81.603
-81.602
-81.6009
-81.5999
-81.5988
-81.5977
-81.5967
-81.5956
-81.5946
-81.5935
-81.5924
-81.5914
-81.5903
-81.5892
-81.5882
-81.5871
-81.586
-81.585
-81.5839
-81.5829
-81.5818
-81.5807
-81.5797
-81.5786
-81.5775
-81.5765
-81.5754
-81.5743
-81.5733
-81.5722
-81.5711
-81.5701
-81.569
-81.5679
-81.5668
-81.5658
-81.5647
-81.5636
-81.5626
-81.5615
-81.5604
-81.5593
-81.5583
-81.5572
-81.5561
-81.5551
-81.554
-81.5529
-81.5518
-81.5508
-81.5497
-81.5486
-81.5475
-81.5465
-81.5454
-81.5443
-81.5432
-81.5422
-81.5411
-81.54
-81.5389
-81.5379
-81.5368
-81.5357
-81.5346
-81.5335
-81.5325
-81.5314
-81.5303
-81.5292
-81.5282
-81.5271
-81.526
-81.5249
-81.5238
-81.5228
-81.5217
-81.5206
-81.5195
-81.5184
-81.5173
-81.5163
-81.5152
-81.5141
-81.513
-81.5119
-81.5108
-81.5098
-81.5087
-81.5076
-81.5065
-81.5054
-81.5043
-81.5033
-81.5022
-81.5011
-81.5
-81.4989
-81.4978
-81.4967
-81.4956
-81.4946
-81.4935
-81.4924
-81.4913
-81.4902
-81.4891
-81.488
-81.4869
-81.4858
-81.4848
-81.4837
-81.4826
-81.4815
-81.4804
-81.4793
-81.4782
-81.4771
-81.476
-81.4749
-81.4738
-81.4727
-81.4717
-81.4706
-81.4695
-81.4684
-81.4673
-81.4662
-81.4651
-81.464
-81.4629
-81.4618
-81.4607
-81.4596
-81.4585
-81.4574
-81.4563
-81.4552
-81.4541
-81.453
-81.4519
-81.4508
-81.4497
-81.4486
-81.4475
-81.4464
-81.4453
-81.4442
-81.4431
-81.442
-81.4409
-81.4398
-81.4387
-81.4376
-81.4365
-81.4354
-81.4343
-81.4332
-81.4321
-81.431
-81.4299
-81.4288
-81.4276
-81.4265
-81.4254
-81.4243
-81.4232
-81.4221
-81.421
-81.4199
-81.4188
-81.4177
-81.4166
-81.4155
-81.4144
-81.4132
-81.4121
-81.411
-81.4099
-81.4088
-81.4077
-81.4066
-81.4055
-81.4043
-81.4032
-81.4021
-81.401
-81.3999
-81.3988
-81.3977
-81.3965
-81.3954
-81.3943
-81.3932
-81.3921
-81.391
-81.3899
-81.3887
-81.3876
-81.3865
-81.3854
-81.3843
-81.3831
-81.382
-81.3809
-81.3798
-81.3787
-81.3775
-81.3764
-81.3753
-81.3742
-81.3731
-81.3719
-81.3708
-81.3697
-81.3686
-81.3674
-81.3663
-81.3652
-81.3641
-81.3629
-81.3618
-81.3607
-81.3595
-81.3584
-81.3573
-81.3562
-81.355
-81.3539
-81.3528
-81.3516
-81.3505
-81.3494
-81.3482
-81.3471
-81.346
-81.3448
-81.3437
-81.3426
-81.3414
-81.3403
-81.3392
-81.338
-81.3369
-81.3358
-81.3346
-81.3335
-81.3323
-81.3312
-81.3301
-81.3289
-81.3278
-81.3266
-81.3255
-81.3244
-81.3232
-81.3221
-81.3209
-81.3198
-81.3187
-81.3175
-81.3164
-81.3152
-81.3141
-81.3129
-81.3118
-81.3106
-81.3095
-81.3084
-81.3072
-81.3061
-81.3049
-81.3038
-81.3026
-81.3015
-81.3003
-81.2992
-81.298
-81.2969
-81.2957
-81.2946
-81.2934
-81.2923
-81.2911
-81.29
-81.2888
-81.2877
-81.2865
-81.2854
-81.2842
-81.2831
-81.2819
-81.2808
-81.2796
-81.2784
-81.2773
-81.2761
-81.275
-81.2738
-81.2727
-81.2715
-81.2704
-81.2692
-81.268
-81.2669
-81.2657
-81.2646
-81.2634
-81.2622
-81.2611
-81.2599
-81.2588
-81.2576
-81.2564
-81.2553
-81.2541
-81.253
-81.2518
-81.2506
-81.2495
-81.2483
-81.2471
-81.246
-81.2448
-81.2437
-81.2425
-81.2413
-81.2402
-81.239
-81.2378
-81.2367
-81.2355
-81.2343
-81.2331
-81.232
-81.2308
-81.2296
-81.2285
-81.2273
-81.2261
-81.225
-81.2238
-81.2226
-81.2214
-81.2203
-81.2191
-81.2179
-81.2168
-81.2156
-81.2144
-81.2132
-81.2121
-81.2109
-81.2097
-81.2085
-81.2073
-81.2062
-81.205
-81.2038
-81.2026
-81.2015
-81.2003
-81.1991
-81.1979
-81.1967
-81.1956
-81.1944
-81.1932
-81.192
-81.1908
-81.1896
-81.1885
-81.1873
-81.1861
-81.1849
-81.1837
-81.1825
-81.1814
-81.1802
-81.179
-81.1778
-81.1766
-81.1754
-81.1742
-81.173
-81.1719
-81.1707
-81.1695
-81.1683
-81.1671
-81.1659
-81.1647
-81.1635
-81.1623
-81.1611
-81.1599
-81.1588
-81.1576
-81.1564
-81.1552
-81.154
-81.1528
-81.1516
-81.1504
-81.1492
-81.148
-81.1468
-81.1456
-81.1444
-81.1432
-81.142
-81.1408
-81.1396
-81.1384
-81.1372
-81.136
-81.1348
-81.1336
-81.1324
-81.1312
-81.13
-81.1288
-81.1276
-81.1264
-81.1252
-81.124
-81.1227
-81.1215
-81.1203
-81.1191
-81.1179
-81.1167
-81.1155
-81.1143
-81.1131
-81.1118
-81.1106
-81.1094
-81.1082
-81.107
-81.1058
-81.1046
-81.1033
-81.1021
-81.1009
-81.0997
-81.0985
-81.0973
-81.096
-81.0948
-81.0936
-81.0924
-81.0912
-81.0899
-81.0887
-81.0875
-81.0863
-81.085
-81.0838
-81.0826
-81.0814
-81.0801
-81.0789
-81.0777
-81.0765
-81.0752
-81.074
-81.0728
-81.0715
-81.0703
-81.0691
-81.0678
-81.0666
-81.0654
-81.0642
-81.0629
-81.0617
-81.0605
-81.0592
-81.058
-81.0568
-81.0555
-81.0543
-81.053
-81.0518
-81.0506
-81.0493
-81.0481
-81.0469
-81.0456
-81.0444
-81.0431
-81.0419
-81.0407
-81.0394
-81.0382
-81.0369
-81.0357
-81.0344
-81.0332
-81.032
-81.0307
-81.0295
-81.0282
-81.027
-81.0257
-81.0245
-81.0232
-81.022
-81.0207
-81.0195
-81.0183
-81.017
-81.0158
-81.0145
-81.0133
-81.012
-81.0107
-81.0095
-81.0082
-81.007
-81.0057
-81.0045
-81.0032
-81.002
-81.0007
-80.9995
-80.9982
-80.997
-80.9957
-80.9944
-80.9932
-80.9919
-80.9907
-80.9894
-80.9881
-80.9869
-80.9856
-80.9844
-80.9831
-80.9818
-80.9806
-80.9793
-80.978
-80.9768
-80.9755
-80.9742
-80.973
-80.9717
-80.9704
-80.9692
-80.9679
-80.9666
-80.9654
-80.9641
-80.9628
-80.9616
-80.9603
-80.959
-80.9577
-80.9565
-80.9552
-80.9539
-80.9527
-80.9514
-80.9501
-80.9488
-80.9476
-80.9463
-80.945
-80.9437
-80.9424
-80.9412
-80.9399
-80.9386
-80.9373
-80.936
-80.9348
-80.9335
-80.9322
-80.9309
-80.9296
-80.9283
-80.9271
-80.9258
-80.9245
-80.9232
-80.9219
-80.9206
-80.9193
-80.9181
-80.9168
-80.9155
-80.9142
-80.9129
-80.9116
-80.9103
-80.909
-80.9077
-80.9064
-80.9051
-80.9038
-80.9025
-80.9013
-80.9
-80.8987
-80.8974
-80.8961
-80.8948
-80.8935
-80.8922
-80.8909
-80.8896
-80.8883
-80.887
-80.8857
-80.8844
-80.883
-80.8817
-80.8804
-80.8791
-80.8778
-80.8765
-80.8752
-80.8739
-80.8726
-80.8713
-80.87
-80.8686
-80.8673
-80.866
-80.8647
-80.8634
-80.8621
-80.8608
-80.8594
-80.8581
-80.8568
-80.8555
-80.8542
-80.8528
-80.8515
-80.8502
-80.8489
-80.8475
-80.8462
-80.8449
-80.8436
-80.8422
-80.8409
-80.8396
-80.8383
-80.8369
-80.8356
-80.8343
-80.8329
-80.8316
-80.8303
-80.8289
-80.8276
-80.8263
-80.8249
-80.8236
-80.8223
-80.8209
-80.8196
-80.8183
-80.8169
-80.8156
-80.8143
-80.8129
-80.8116
-80.8102
-80.8089
-80.8075
-80.8062
-80.8049
-80.8035
-80.8022
-80.8008
-80.7995
-80.7981
-80.7968
-80.7954
-80.7941
-80.7927
-80.7914
-80.79
-80.7887
-80.7873
-80.786
-80.7846
-80.7833
-80.7819
-80.7806
-80.7792
-80.7779
-80.7765
-80.7751
-80.7738
-80.7724
-80.7711
-80.7697
-80.7684
-80.767
-80.7656
-80.7643
-80.7629
-80.7615
-80.7602
-80.7588
-80.7575
-80.7561
-80.7547
-80.7534
-80.752
-80.7506
-80.7492
-80.7479
-80.7465
-80.7451
-80.7438
-80.7424
-80.741
-80.7396
-80.7383
-80.7369
-80.7355
-80.7341
-80.7328
-80.7314
-80.73
-80.7286
-80.7273
-80.7259
-80.7245
-80.7231
-80.7217
-80.7203
-80.719
-80.7176
-80.7162
-80.7148
-80.7134
-80.712
-80.7106
-80.7093
-80.7079
-80.7065
-80.7051
-80.7037
-80.7023
-80.7009
-80.6995
-80.6981
-80.6967
-80.6953
-80.6939
-80.6925
-80.6911
-80.6897
-80.6884
-80.687
-80.6856
-80.6841
-80.6827
-80.6813
-80.6799
-80.6785
-80.6771
-80.6757
-80.6743
-80.6729
-80.6715
-80.6701
-80.6687
-80.6673
-80.6659
-80.6645
-80.663
-80.6616
-80.6602
-80.6588
-80.6574
-80.656
-80.6546
-80.6531
-80.6517
-80.6503
-80.6489
-80.6475
-80.646
-80.6446
-80.6432
-80.6418
-80.6403
-80.6389
-80.6375
-80.6361
-80.6346
-80.6332
-80.6318
-80.6303
-80.6289
-80.6275
-80.626
-80.6246
-80.6232
-80.6217
-80.6203
-80.6188
-80.6174
-80.616
-80.6145
-80.6131
-80.6116
-80.6102
-80.6087
-80.6073
-80.6058
-80.6044
-80.603
-80.6015
-80.6
-80.5986
-80.5971
-80.5957
-80.5942
-80.5928
-80.5913
-80.5899
-80.5884
-80.5869
-80.5855
-80.584
-80.5826
-80.5811
-80.5796
-80.5782
-80.5767
-80.5752
-80.5738
-80.5723
-80.5708
-80.5694
-80.5679
-80.5664

