-70
-52.496
38.4325
49.61
45.8792
32.9753
11.4691
-4.08936
-15.1987
-26.166
-35.7638
-54.9475
-90.1308
-94.8726
-94.9672
-94.9617
-94.929
-94.859
-94.7286
-94.5099
-94.1824
-93.744
-93.2087
-92.5965
-91.9244
-91.203
-90.4364
-89.6234
-88.7588
-87.8338
-86.8358
-85.7475
-84.5444
-83.1904
-81.6294
-79.7663
-77.4194
-74.1754
-68.7755
-54.5475
28.3359
49.8
46.8749
35.0286
13.1976
-3.45746
-14.7732
-25.7651
-35.5733
-54.4872
-89.7317
-94.8581
-94.9646
-94.9595
-94.9257
-94.8543
-94.7235
-94.5081
-94.1902
-93.7681
-93.2543
-92.667
-92.0221
-91.33
-90.5956
-89.8188
-88.9961
-88.1206
-87.1823
-86.1674
-85.0563
-83.8213
-82.4203
-80.7857
-78.7976
-76.2131
-72.4242
-65.235
-38.4236
48.6096
49.369
44.4837
29.4086
7.43577
-6.63935
-17.4543
-28.529
-39.4151
-64.0229
-93.4641
-94.9297
-94.9672
-94.9536
-94.9109
-94.8251
-94.6716
-94.4257
-94.0741
-93.6213
-93.084
-92.4811
-91.8279
-91.1335
-90.4014
-89.631
-88.8183
-87.9562
-87.035
-86.0409
-84.9554
-83.7515
-82.3889
-80.8033
-78.8811
-76.3957
-72.7913
-66.1427
-43.3183
47.4737
49.4327
44.8243
30.2207
8.26257
-6.10745
-16.9797
-28.0433
-38.5516
-61.852
-93.0078
-94.9203
-94.967
-94.9552
-94.9146
-94.8323
-94.6844
-94.4464
-94.1044
-93.662
-93.1355
-92.5442
-91.9039
-91.2243
-90.5099
-89.7608
-88.9736
-88.1426
-87.259
-86.3112
-85.283
-84.1519
-82.8845
-81.4296
-79.7005
-77.5349
-74.5732
-69.778
-58.2271
8.58852
49.9791
48.9842
41.8831
23.2044
1.82576
-10.693
-21.3428
-32.271
-46.8552
-80.4592
-94.6535
-94.9578
-94.9633
-94.9369
-94.8766
-94.7629
-94.5703
-94.2781
-93.8819
-93.3933
-92.8324
-92.2176
-91.5622
-90.8732
-90.1528
-89.3995
-88.6091
-87.7747
-86.8871
-85.9336
-84.8972
-83.7532
-82.4658
-80.9776
-79.191
-76.9165
-73.7147
-68.2106
-52.753
34.6853
49.6886
46.2009
33.4397
11.5664
-4.22197
-15.3725
-26.3812
-35.9147
-55.318
-90.3282
-94.8712
-94.9654
-94.9592
-94.9245
-94.8516
-94.7188
-94.501
-94.182
-93.7625
-93.2572
-92.6859
-92.0661
-91.4092
-90.7212
-90.0034
-89.2539
-88.4684
-87.64
-86.7595
-85.8143
-84.7871
-83.6537
-82.378
-80.903
-79.1309
-76.8717
-73.6849
-68.1893
-52.6784
34.9403
49.6862
46.1997
33.4724
11.6498
-4.1561
-15.3106
-26.3125
-35.8731
-55.2152
-90.264
-94.8704
-94.9655
-94.9593
-94.9248
-94.8521
-94.7195
-94.5021
-94.1836
-93.7648
-93.2607
-92.6914
-92.0746
-91.4221
-90.7398
-90.0294
-89.2893
-88.5153
-87.701
-86.8376
-85.9132
-84.9119
-83.8111
-82.5778
-81.1604
-79.4721
-77.3491
-74.4277
-69.651
-57.9597
10.2853
49.9764
48.8908
41.5283
22.6434
1.54085
-10.8851
-21.5491
-32.4468
-47.2347
-81.1193
-94.6722
-94.9585
-94.9631
-94.9362
-94.8751
-94.7603
-94.5663
-94.2732
-93.8771
-93.3909
-92.8351
-92.2289
-91.586
-90.914
-90.2154
-89.4894
-88.7326
-87.9393
-87.1017
-86.2091
-85.2476
-84.1977
-83.0313
-81.7059
-80.1523
-78.2467
-75.7334
-71.9597
-64.4877
-34.287
48.8767
49.3557
44.4552
29.4265
7.54039
-6.54381
-17.3598
-28.4269
-39.2278
-63.5564
-93.3831
-94.9283
-94.9671
-94.9535
-94.9108
-94.8246
-94.6704
-94.4238
-94.0726
-93.6233
-93.0948
-92.5083
-91.8804
-91.2216
-90.5367
-89.8264
-89.0884
-88.318
-87.5087
-86.6513
-85.7341
-84.7407
-83.6484
-82.4238
-81.0145
-79.3323
-77.2095
-74.2714
-69.4148
-57.2362
14.6961
49.9623
48.5517
40.2426
20.5254
0.356562
-11.7579
-22.5034
-33.2485
-49.0143
-83.9121
-94.7408
-94.9607
-94.9622
-94.9333
-94.8695
-94.7506
-94.5515
-94.2531
-93.8527
-93.3638
-92.8073
-92.2022
-91.5621
-90.8944
-90.2019
-89.4838
-88.7367
-87.9555
-87.1325
-86.2579
-85.3184
-84.2956
-83.1636
-81.8832
-80.3918
-78.5791
-76.2244
-72.7908
-66.4432
-45.0657
46.5906
49.4715
45.0635
30.8635
9.00833
-5.61426
-16.5357
-27.5794
-37.7451
-59.8299
-92.4397
-94.91
-94.9667
-94.9562
-94.917
-94.8368
-94.6921
-94.4584
-94.1222
-93.6875
-93.1717
-92.5957
-91.9771
-91.327
-90.6512
-89.9513
-89.2254
-88.4697
-87.6783
-86.8429
-85.9528
-84.9934
-83.9445
-82.7769
-81.4462
-79.8789
-77.9418
-75.3551
-71.3794
-63.0818
-25.2369
48.9938
49.3716
44.4619
29.2941
7.26029
-6.77309
-17.5806
-28.6614
-39.6586
-64.6346
-93.569
-94.9315
-94.9666
-94.9518
-94.9072
-94.8177
-94.6581
-94.4036
-94.0431
-93.5845
-93.0481
-92.4559
-91.8249
-91.1656
-90.4825
-89.7762
-89.0445
-88.2826
-87.4842
-86.6405
-85.74
-84.7673
-83.7007
-82.5088
-81.1428
-79.5213
-77.4928
-74.7276
-70.3013
-60.1035
-4.28681
49.9726
49.4334
44.1709
27.9389
5.41715
-8.15961
-18.885
-29.9924
-42.1803
-70.7467
-94.2186
-94.9449
-94.9648
-94.9446
-94.8923
-94.7905
-94.6132
-94.3375
-93.9559
-93.4798
-92.9308
-92.3301
-91.6937
-91.0306
-90.3446
-89.6356
-88.9009
-88.1355
-87.3326
-86.4833
-85.5756
-84.5933
-83.5138
-82.3037
-80.9111
-79.2479
-77.1471
-74.2353
-69.4153
-57.3303
14.0301
49.9651
48.6095
40.4517
20.8572
0.53463
-11.6252
-22.3587
-33.1306
-48.7489
-83.5259
-94.7319
-94.9603
-94.962
-94.9332
-94.8691
-94.7499
-94.55
-94.2503
-93.8484
-93.3581
-92.8006
-92.1955
-91.5566
-90.8917
-90.2039
-89.4924
-88.7543
-87.9845
-87.176
-86.3194
-85.4022
-84.4074
-83.3111
-82.0778
-80.6509
-78.9338
-76.7387
-73.6306
-68.2506
-53.1014
33.5451
49.7141
46.3822
33.963
12.2488
-3.81217
-15.0177
-26.0004
-35.6919
-54.7738
-89.9655
-94.8651
-94.9651
-94.9591
-94.9245
-94.8516
-94.7186
-94.5003
-94.1807
-93.7608
-93.2566
-92.6894
-92.0775
-91.4337
-90.7647
-90.0728
-89.357
-88.6139
-87.8382
-87.0225
-86.157
-85.2286
-84.2193
-83.1035
-81.843
-80.3765
-78.5965
-76.2892
-72.9395
-66.817
-46.899
45.2316
49.506
45.2509
31.3161
9.49039
-5.31827
-16.2765
-27.3097
-37.2896
-58.6953
-92.0387
-94.9028
-94.9664
-94.9567
-94.9183
-94.8392
-94.6961
-94.4642
-94.1294
-93.6952
-93.1793
-92.6029
-91.9841
-91.3348
-90.6611
-89.9647
-89.2444
-88.4964
-87.7151
-86.8928
-86.0192
-85.0807
-84.0584
-82.9253
-81.6405
-80.1382
-78.3007
-75.889
-72.305
-65.4025
-39.6315
48.4211
49.4025
44.7215
30.1075
8.28664
-6.04472
-16.9085
-27.9604
-38.3988
-61.4706
-92.9198
-94.9192
-94.9668
-94.9547
-94.9136
-94.8298
-94.6792
-94.4368
-94.0897
-93.6437
-93.1176
-92.5332
-91.9082
-91.254
-90.5761
-89.8759
-89.1518
-88.3997
-87.6137
-86.7857
-85.9053
-84.9581
-83.9246
-82.7766
-81.4709
-79.9374
-78.0494
-75.5441
-71.7427
-64.0591
-31.6707
48.8883
49.354
44.4529
29.4287
7.54961
-6.53556
-17.3517
-28.4182
-39.2117
-63.5159
-93.3758
-94.928
-94.9668
-94.9528
-94.9094
-94.8217
-94.6647
-94.4135
-94.0561
-93.5998
-93.0646
-92.4728
-91.842
-91.1831
-90.5012
-89.7974
-89.0695
-88.3135
-87.523
-86.6898
-85.8029
-84.8478
-83.8039
-82.6419
-81.3166
-79.7536
-77.8174
-75.2211
-71.2009
-62.6767
-22.5656
49.4672
49.3942
44.4964
29.284
7.17134
-6.85501
-17.6618
-28.7486
-39.821
-65.0385
-93.6298
-94.9324
-94.9662
-94.9507
-94.9049
-94.8132
-94.65
-94.3904
-94.0234
-93.5578
-93.0146
-92.4164
-91.7805
-91.1176
-90.4323
-89.7253
-88.9943
-88.2348
-87.4404
-86.6026
-85.71
-84.7476
-83.6943
-82.5196
-81.1764
-79.5865
-77.6054
-74.923
-70.6894
-61.2868
-12.8161
49.9271
49.4846
44.6443
29.2234
6.75099
-7.23708
-18.0392
-29.151
-40.5791
-66.9062
-93.8699
-94.9365
-94.9652
-94.9478
-94.899
-94.8023
-94.6317
-94.3628
-93.9862
-93.5121
-92.9623
-92.3593
-91.72
-91.0543
-90.3668
-89.6576
-88.9243
-88.1621
-87.3645
-86.5228
-85.6254
-84.6567
-83.5952
-82.4094
-81.0502
-79.4359
-77.4142
-74.6519
-70.2135
-59.9105
-3.03711
49.9748
49.4102
44.0256
27.5968
5.10889
-8.37012
-19.0773
-30.1788
-42.5436
-71.593
-94.2761
-94.9463
-94.9644
-94.9432
-94.8894
-94.785
-94.6038
-94.3226
-93.9347
-93.4518
-92.8963
-92.2897
-91.6482
-90.9809
-90.2918
-89.5808
-88.8451
-88.0801
-87.2788
-86.4325
-85.5293
-84.5531
-83.4817
-82.2822
-80.9035
-79.2592
-77.1863
-74.3222
-69.6146
-58.0388
9.60243
49.9773
48.9379
41.7346
23.0299
1.79408
-10.6952
-21.3387
-32.2611
-46.8303
-80.4203
-94.6531
-94.9576
-94.9626
-94.9354
-94.8736
-94.7571
-94.5601
-94.2623
-93.86
-93.3672
-92.8055
-92.1956
-91.552
-90.883
-90.192
-89.4784
-88.7395
-87.9701
-87.1635
-86.3102
-85.3981
-84.4106
-83.324
-82.1039
-80.6954
-79.0051
-76.8531
-73.8278
-68.6727
-54.7602
27.2376
49.8257
47.123
35.8606
14.4462
-2.7016
-14.122
-25.0545
-35.1137
-53.3722
-88.8639
-94.8434
-94.964
-94.9594
-94.9257
-94.8542
-94.7231
-94.5072
-94.1892
-93.7696
-93.264
-92.6941
-92.0788
-91.4313
-90.759
-90.0643
-89.3464
-88.6022
-87.8262
-87.0113
-86.1478
-85.2227
-84.2184
-83.1096
-81.8588
-80.4061
-78.6465
-76.3731
-73.0912
-67.1698
-48.5789
43.3712
49.5413
45.4324
31.7268
9.89933
-5.08422
-16.0771
-27.1039
-36.9489
-57.8515
-91.6909
-94.8964
-94.9661
-94.9569
-94.9189
-94.8402
-94.6977
-94.4663
-94.131
-93.6952
-93.1763
-92.5961
-91.9729
-91.3191
-90.6412
-89.941
-89.2173
-88.4665
-87.683
-86.8591
-85.9845
-85.0455
-84.0234
-82.891
-81.6075
-80.1068
-78.2713
-75.8613
-72.2767
-65.3608
-39.4488
48.4463
49.3999
44.7071
30.071
8.24642
-6.07137
-16.9325
-27.9853
-38.4425
-61.5801
-92.9474
-94.9196
-94.9667
-94.9542
-94.9126
-94.8278
-94.6754
-94.43
-94.0789
-93.6279
-93.0961
-92.5058
-91.875
-91.215
-90.5316
-89.8263
-89.0973
-88.3405
-87.5499
-86.7175
-85.8325
-84.8804
-83.8412
-82.6861
-81.3709
-79.8235
-77.9122
-75.3621
-71.4508
-63.3439
-27.098
48.6759
49.361
44.4511
29.3258
7.34427
-6.70194
-17.5115
-28.5878
-39.5224
-64.2946
-93.514
-94.9304
-94.9663
-94.9514
-94.9064
-94.816
-94.6545
-94.3965
-94.0307
-93.5652
-93.0208
-92.4203
-91.7813
-91.1149
-90.4261
-89.7156
-88.9813
-88.2186
-87.4213
-86.5807
-85.6855
-84.7206
-83.6648
-82.4872
-81.1406
-79.5459
-77.5569
-74.8589
-70.5841
-60.9976
-10.7699
49.9458
49.4986
44.6572
29.1689
6.6224
-7.34302
-18.1414
-29.2576
-40.7808
-67.3984
-93.9239
-94.9375
-94.9648
-94.9468
-94.8969
-94.7983
-94.6246
-94.3515
-93.9697
-93.4901
-92.9347
-92.3262
-91.6815
-91.0107
-90.3181
-89.6038
-88.8653
-88.0978
-87.2946
-86.4468
-85.5425
-84.5659
-83.4946
-82.296
-80.9193
-79.2789
-77.2131
-74.364
-69.6966
-58.3174
7.77889
49.9794
49.0421
42.1762
23.8221
2.28604
-10.341
-20.9497
-31.9145
-46.085
-79.0623
-94.6127
-94.9562
-94.9628
-94.9363
-94.8753
-94.7599
-94.5639
-94.2665
-93.8635
-93.3686
-92.8039
-92.1904
-91.5428
-90.8698
-90.1747
-89.457
-88.714
-87.9406
-87.1296
-86.2718
-85.3548
-84.3615
-83.2682
-82.0393
-80.619
-78.9112
-76.7296
-73.6439
-68.3153
-53.4221
32.4025
49.7339
46.4994
34.241
12.5415
-3.66884
-14.9035
-25.8818
-35.624
-54.6079
-89.844
-94.8624
-94.9647
-94.9586
-94.9235
-94.8497
-94.7147
-94.4933
-94.1688
-93.7422
-93.23
-92.6539
-92.0329
-91.3801
-90.7024
-90.0023
-89.2788
-88.5285
-87.7461
-86.9239
-86.052
-85.117
-84.1005
-82.9763
-81.7047
-80.2222
-78.4163
-76.061
-72.6005
-66.1058
-43.4624
47.3741
49.4487
44.9542
30.6315
8.79762
-5.73354
-16.6368
-27.6819
-37.9183
-60.2631
-92.5778
-94.9125
-94.9664
-94.955
-94.9145
-94.8316
-94.6821
-94.4407
-94.0939
-93.6464
-93.1171
-92.5278
-91.8968
-91.236
-90.5514
-89.8446
-89.114
-88.3558
-87.5639
-86.7303
-85.8443
-84.8915
-83.852
-82.697
-81.3825
-79.8367
-77.9287
-75.3855
-71.4916
-63.4522
-27.8303
48.7268
49.3578
44.4408
29.3177
7.35312
-6.69085
-17.4998
-28.5748
-39.4979
-64.2333
-93.5039
-94.9302
-94.9663
-94.9514
-94.9064
-94.8158
-94.654
-94.3955
-94.0287
-93.5618
-93.0155
-92.4128
-91.7715
-91.1025
-90.411
-89.6976
-88.9603
-88.1946
-87.394
-86.5498
-85.6505
-84.6809
-83.6194
-82.4348
-81.0785
-79.4698
-77.4582
-74.7169
-70.3327
-60.2688
-5.57446
49.9693
49.4526
44.2954
28.2334
5.68495
-7.97932
-18.7211
-29.8328
-41.8724
-70.0207
-94.1642
-94.9432
-94.9644
-94.9442
-94.8914
-94.7883
-94.6083
-94.3276
-93.9383
-93.4523
-92.8918
-92.2792
-91.631
-90.9568
-90.2607
-89.5427
-88.8
-88.0278
-87.2191
-86.3649
-85.4529
-84.4667
-83.3834
-82.1687
-80.7695
-79.095
-76.9719
-74.0079
-69.028
-56.0703
20.9671
49.9133
47.8874
38.0352
17.2434
-1.33792
-13.0546
-23.913
-34.3326
-51.5114
-87.0518
-94.8071
-94.9625
-94.96
-94.9278
-94.8583
-94.7304
-94.5181
-94.2034
-93.7852
-93.2791
-92.7066
-92.0874
-91.4354
-90.7581
-90.0582
-89.3351
-88.5855
-87.8042
-86.9838
-86.1146
-85.1832
-84.1719
-83.0549
-81.794
-80.3274
-78.5476
-76.2397
-72.8851
-66.7375
-46.6114
45.4585
49.4987
45.2075
31.2
9.35352
-5.40617
-16.3548
-27.3921
-37.4289
-59.0426
-92.1682
-94.9049
-94.9662
-94.9558
-94.9163
-94.8351
-94.6885
-94.4511
-94.1086
-93.665
-93.1384
-92.5508
-91.9205
-91.2597
-90.5747
-89.8674
-89.1362
-88.3774
-87.5851
-86.7512
-85.8653
-84.9128
-83.8741
-82.7205
-81.4085
-79.8668
-77.9661
-75.4375
-71.579
-63.6762
-29.3033
48.8107
49.3535
44.4308
29.3262
7.39453
-6.65335
-17.4627
-28.5348
-39.424
-64.0482
-93.4723
-94.9297
-94.9664
-94.9516
-94.9068
-94.8165
-94.6552
-94.3972
-94.0309
-93.5641
-93.0176
-92.4143
-91.772
-91.1017
-90.4088
-89.6939
-88.955
-88.1875
-87.385
-86.5388
-85.6373
-84.6651
-83.6006
-82.4123
-81.0511
-79.4354
-77.4128
-74.6503
-70.2127
-59.9122
-3.04991
49.9747
49.4105
44.0298
27.6106
5.12492
-8.35808
-19.0659
-30.1676
-42.5215
-71.5425
-94.2729
-94.9461
-94.9642
-94.9427
-94.8884
-94.7828
-94.5994
-94.3147
-93.9216
-93.4322
-92.869
-92.2542
-91.6039
-90.9278
-90.2296
-89.5092
-88.764
-87.9888
-87.1767
-86.3185
-85.4017
-84.4097
-83.3188
-82.0943
-80.6812
-78.9857
-76.8268
-73.7901
-68.6062
-54.544
28.0983
49.8102
47.0037
35.5237
14.011
-2.93328
-14.3121
-25.2587
-35.2463
-53.6927
-89.131
-94.8482
-94.964
-94.9589
-94.9245
-94.8517
-94.7185
-94.4991
-94.1766
-93.7512
-93.2391
-92.662
-92.0391
-91.3839
-90.7034
-90.0004
-89.2737
-88.5202
-87.7343
-86.9084
-86.0326
-85.0932
-84.0717
-82.9415
-81.6624
-80.1697
-78.3487
-75.9672
-72.4501
-65.7696
-41.725
47.9599
49.4245
44.8281
30.337
8.49787
-5.91958
-16.8005
-27.8507
-38.2092
-60.9931
-92.7909
-94.9165
-94.9664
-94.9543
-94.9129
-94.8284
-94.6763
-94.4312
-94.0797
-93.6273
-93.093
-92.499
-91.8635
-91.1982
-90.5092
-89.7978
-89.0623
-88.2988
-87.501
-86.6609
-85.7672
-84.8052
-83.7543
-82.5845
-81.2501
-79.6751
-77.7205
-75.0904
-70.9873
-62.1249
-18.7939
49.7748
49.4305
44.5551
29.2651
7.01427
-6.99941
-17.8048
-28.9019
-40.1085
-65.7505
-93.7293
-94.934
-94.9655
-94.949
-94.9013
-94.8063
-94.6376
-94.3699
-93.9927
-93.5156
-92.9603
-92.3498
-91.7019
-91.027
-90.3299
-89.611
-88.8678
-88.0955
-87.2875
-86.4346
-85.525
-84.5425
-83.4647
-82.2582
-80.8715
-79.217
-77.1292
-74.2379
-69.4598
-57.5439
12.6479
49.97
48.7208
40.8654
21.5277
0.902838
-11.3523
-22.0605
-32.8832
-48.1959
-82.6864
-94.7117
-94.9593
-94.9616
-94.9326
-94.8679
-94.7469
-94.5435
-94.2376
-93.8265
-93.3245
-92.7536
-92.1342
-91.481
-90.8022
-90.1008
-89.3764
-88.6259
-87.844
-87.0235
-86.1546
-85.2243
-84.2148
-83.1009
-81.8449
-80.3862
-78.6196
-76.3364
-73.0371
-67.0673
-48.1735
43.8579
49.5298
45.3635
31.5456
9.68723
-5.21765
-16.195
-27.2281
-37.1565
-58.3662
-91.9058
-94.9
-94.9659
-94.9561
-94.9171
-94.8368
-94.6915
-94.4559
-94.1152
-93.6729
-93.1468
-92.5589
-91.9278
-91.2657
-90.5791
-89.8699
-89.1368
-88.376
-87.5816
-86.7455
-85.8571
-84.902
-83.8602
-82.7031
-81.3865
-79.8387
-77.9289
-75.3839
-71.4883
-63.4475
-27.8254
48.7252
49.357
44.4345
29.2983
7.3289
-6.70831
-17.516
-28.5915
-39.5285
-64.3097
-93.5167
-94.9304
-94.9662
-94.9512
-94.9058
-94.8146
-94.6518
-94.3917
-94.0226
-93.5528
-93.0033
-92.397
-91.7518
-91.0787
-90.383
-89.6652
-88.9231
-88.1523
-87.346
-86.4955
-85.589
-84.6108
-83.5388
-82.3407
-80.9662
-79.3307
-77.2754
-74.4498
-69.8483
-58.7917
4.66234
49.9808
49.1893
42.8538
25.121
3.17016
-9.7097
-20.3052
-31.3285
-44.8549
-76.6487
-94.5293
-94.9535
-94.9632
-94.9381
-94.8788
-94.7659
-94.5726
-94.277
-93.874
-93.3771
-92.8086
-92.1901
-91.5368
-90.8578
-90.1564
-89.4324
-88.6827
-87.9023
-87.084
-86.218
-85.2918
-84.2879
-83.1817
-81.9363
-80.4936
-78.7524
-76.5147
-73.3139
-67.649
-50.7403
39.712
49.6022
45.7414
32.4084
10.5557
-4.7329
-15.786
-26.8053
-36.4641
-56.6578
-91.1137
-94.8857
-94.9654
-94.9571
-94.9198
-94.8421
-94.7009
-94.4707
-94.1358
-93.6987
-93.1765
-92.5913
-91.9619
-91.3009
-90.6152
-89.9068
-89.1745
-88.4146
-87.6215
-86.7871
-85.9008
-84.9487
-83.9109
-82.7592
-81.4507
-79.9149
-78.0252
-75.5182
-71.7133
-64.0154
-31.4915
48.8802
49.3515
44.4336
29.3683
7.47351
-6.59011
-17.4022
-28.4707
-39.3065
-63.7536
-93.4197
-94.9287
-94.9664
-94.9519
-94.9073
-94.8175
-94.6568
-94.3997
-94.0341
-93.5675
-93.0207
-92.4163
-91.7724
-91.1001
-90.4048
-89.6874
-88.9456
-88.175
-87.3692
-86.5193
-85.6138
-84.637
-83.5669
-82.3716
-81.0013
-79.3724
-77.3286
-74.526
-69.9863
-59.2209
1.75791
49.98
49.2928
43.3713
26.1718
3.94634
-9.16644
-19.8051
-30.8682
-43.9145
-74.6672
-94.4455
-94.951
-94.9636
-94.9398
-94.8824
-94.7721
-94.5822
-94.2901
-93.89
-93.3948
-92.827
-92.2085
-91.5549
-90.8754
-90.1737
-89.4494
-88.6996
-87.9192
-87.101
-86.2355
-85.31
-84.3071
-83.2024
-81.9593
-80.5201
-78.7846
-76.5573
-73.379
-67.783
-51.3068
38.4577
49.6238
45.8572
32.6763
10.8303
-4.5839
-15.6618
-26.6765
-36.261
-56.1604
-90.8429
-94.8808
-94.9653
-94.9574
-94.9205
-94.8435
-94.7034
-94.4745
-94.141
-93.705
-93.1836
-92.5987
-91.9693
-91.3082
-90.6222
-89.9136
-89.181
-88.4208
-87.6274
-86.7927
-85.9063
-84.954
-83.9162
-82.7647
-81.4564
-79.9212
-78.0326
-75.528
-71.7294
-64.0558
-31.7499
48.8838
49.3516
44.4348
29.374
7.48204
-6.58365
-17.3961
-28.4643
-39.2948
-63.7242
-93.4143
-94.9286
-94.9664
-94.9519
-94.9074
-94.8176
-94.6569
-94.3998
-94.0341
-93.5675
-93.0204
-92.4158
-91.7715
-91.0988
-90.403
-89.6849
-88.9425
-88.1713
-87.3648
-86.5141
-85.6076
-84.6297
-83.5582
-82.3612
-80.9887
-79.3565
-77.3073
-74.4947
-69.9285
-59.0411
2.98376
49.9806
49.2526
43.1652
25.7463
3.62419
-9.39081
-20.0113
-31.0594
-44.3025
-75.4982
-94.4827
-94.9521
-94.9634
-94.9391
-94.8808
-94.7693
-94.5778
-94.2839
-93.8821
-93.3856
-92.8169
-92.1976
-91.5434
-90.8632
-90.1607
-89.4356
-88.6848
-87.9033
-87.0838
-86.2166
-85.2891
-84.2838
-83.1759
-81.9286
-80.4833
-78.7386
-76.4952
-73.283
-67.585
-50.4726
40.2518
49.5925
45.6886
32.2826
10.4221
-4.80876
-15.8504
-26.8726
-36.5735
-56.9257
-91.2509
-94.8881
-94.9655
-94.9569
-94.9193
-94.841
-94.6991
-94.4677
-94.1316
-93.6931
-93.1696
-92.5831
-91.9525
-91.2902
-90.6032
-89.8933
-89.1595
-88.398
-87.6029
-86.7663
-85.8776
-84.9224
-83.8809
-82.7244
-81.4094
-79.8644
-77.9599
-75.426
-71.558
-63.6256
-29.0021
48.7943
49.3531
44.4237
29.2973
7.35311
-6.68451
-17.492
-28.5655
-39.4799
-64.1881
-93.4964
-94.9301
-94.9663
-94.9513
-94.9061
-94.8151
-94.6525
-94.3928
-94.024
-93.5541
-93.0043
-92.3972
-91.751
-91.0766
-90.3794
-89.6599
-88.9161
-88.1432
-87.3348
-86.4818
-85.5727
-84.5913
-83.5154
-82.3124
-80.9314
-79.2866
-77.2161
-74.3613
-69.6842
-58.268
8.11462
49.9791
49.0244
42.1015
23.6905
2.20677
-10.3968
-21.0108
-31.9691
-46.2014
-79.2804
-94.6195
-94.9563
-94.9625
-94.9357
-94.874
-94.7573
-94.5592
-94.2583
-93.8507
-93.3501
-92.7789
-92.1581
-91.5029
-90.8218
-90.1182
-89.3917
-88.6391
-87.8552
-87.0327
-86.1618
-85.2296
-84.2181
-83.1022
-81.8439
-80.3827
-78.613
-76.3255
-73.0187
-67.029
-48.0112
44.0439
49.5253
45.3371
31.4768
9.60776
-5.26744
-16.2389
-27.2743
-37.2339
-58.5575
-91.9816
-94.9013
-94.9659
-94.9558
-94.9166
-94.8358
-94.6897
-94.4528
-94.1106
-93.6666
-93.1385
-92.5485
-91.9152
-91.2507
-90.5617
-89.8498
-89.1138
-88.3498
-87.5518
-86.7117
-85.8187
-84.8581
-83.8096
-82.6439
-81.3159
-79.7515
-77.8154
-75.2221
-71.2119
-62.7292
-23.0089
49.4047
49.3882
44.4757
29.2419
7.13429
-6.87798
-17.682
-28.7688
-39.8575
-65.1296
-93.6439
-94.9326
-94.9658
-94.9499
-94.9032
-94.8096
-94.6431
-94.3779
-94.003
-93.5273
-92.9725
-92.3615
-91.7122
-91.0355
-90.3361
-89.6146
-88.8687
-88.0935
-87.2823
-86.426
-85.5127
-84.526
-83.4432
-82.2306
-80.836
-79.1703
-77.0647
-74.1392
-69.2709
-56.9048
16.426
49.9524
48.3843
39.6473
19.5871
-0.149396
-12.1421
-22.9233
-33.5854
-49.7797
-84.9669
-94.7637
-94.9609
-94.9607
-94.93
-94.8627
-94.7379
-94.5293
-94.2177
-93.8011
-93.2944
-92.7195
-92.0967
-91.4401
-90.7578
-90.0527
-89.3241
-88.5689
-87.7817
-86.9549
-86.0786
-85.1394
-84.1189
-82.9908
-81.7158
-80.2301
-78.4216
-76.0649
-72.6061
-66.1268
-43.6281
47.2952
49.4487
44.9463
30.5932
8.73638
-5.77935
-16.6797
-27.7278
-37.9987
-60.4647
-92.638
-94.9134
-94.9663
-94.9545
-94.9134
-94.8295
-94.6782
-94.4342
-94.0838
-93.6319
-93.0974
-92.5023
-91.8649
-91.1974
-90.5055
-89.791
-89.0522
-88.285
-87.4833
-86.6387
-85.7401
-84.7725
-83.7148
-82.5367
-81.1913
-79.6008
-77.6219
-74.9468
-70.7353
-61.4292
-13.8828
49.913
49.4754
44.6269
29.2235
6.78708
-7.20306
-18.0054
-29.1149
-40.5103
-66.7382
-93.8513
-94.9361
-94.9649
-94.9473
-94.8979
-94.8
-94.6268
-94.3533
-93.9698
-93.4865
-92.9257
-92.3104
-91.6581
-90.979
-90.2775
-89.5541
-88.8059
-88.0281
-87.2136
-86.3534
-85.435
-84.4417
-83.3501
-82.1257
-80.7139
-79.0216
-76.8703
-73.8516
-68.724
-54.9843
26.187
49.8417
47.239
36.1534
14.7716
-2.55985
-14.0155
-24.944
-35.0443
-53.2056
-88.7144
-94.8399
-94.9636
-94.959
-94.9249
-94.8525
-94.7199
-94.5011
-94.1786
-93.7526
-93.2388
-92.6593
-92.0335
-91.3749
-90.6907
-89.9836
-89.2527
-88.4946
-87.7037
-86.8724
-85.9903
-85.0438
-84.0137
-82.8728
-81.5798
-80.0677
-78.2169
-75.7832
-72.1503
-65.0773
-37.9195
48.6401
49.3824
44.609
29.8235
7.9771
-6.24924
-17.0926
-28.151
-38.7348
-62.316
-93.1246
-94.9229
-94.9664
-94.9532
-94.9102
-94.823
-94.6666
-94.4154
-94.0565
-93.5963
-93.0547
-92.454
-91.8124
-91.1415
-90.4468
-89.7296
-88.988
-88.2176
-87.4122
-86.5631
-85.6589
-84.684
-83.6169
-82.4261
-81.0627
-79.445
-77.4207
-74.6577
-70.2222
-59.939
-3.24859
49.9744
49.414
44.0503
27.6562
5.16338
-8.33223
-19.0424
-30.145
-42.4777
-71.4408
-94.2664
-94.9459
-94.9641
-94.9426
-94.8881
-94.7821
-94.5979
-94.3117
-93.9164
-93.424
-92.8572
-92.2384
-91.5838
-90.9031
-90.2
-89.4746
-88.7238
-87.9426
-87.1239
-86.2581
-85.3327
-84.3302
-83.2264
-81.985
-80.5487
-78.8184
-76.6009
-73.4446
-67.9163
-51.8614
37.0828
49.6476
45.9867
32.9768
11.1391
-4.41975
-15.526
-26.5357
-36.0496
-55.645
-90.5402
-94.8754
-94.9651
-94.9577
-94.9212
-94.8448
-94.7057
-94.478
-94.1455
-93.7101
-93.1887
-92.6033
-91.9731
-91.3109
-90.6237
-89.9137
-89.1797
-88.418
-87.6229
-86.7864
-85.8981
-84.9435
-83.9031
-82.7483
-81.4359
-79.8951
-77.998
-75.4784
-71.6455
-63.8477
-30.4431
48.854
49.3507
44.4212
29.3178
7.40106
-6.64444
-17.4532
-28.5241
-39.4038
-63.9974
-93.4634
-94.9295
-94.9663
-94.9515
-94.9065
-94.816
-94.6541
-94.3952
-94.0273
-93.5582
-93.0088
-92.4019
-91.7555
-91.0808
-90.3829
-89.6627
-88.918
-88.1443
-87.3349
-86.4809
-85.5706
-84.5879
-83.5106
-82.3058
-80.9225
-79.2746
-77.1993
-74.3354
-69.6353
-58.1087
9.13902
49.9779
48.9651
41.8476
23.2295
1.91564
-10.6075
-21.2425
-32.1761
-46.6462
-80.0926
-94.6436
-94.9571
-94.9623
-94.9349
-94.8724
-94.7546
-94.5548
-94.2522
-93.843
-93.3409
-92.7685
-92.1467
-91.4905
-90.8083
-90.1034
-89.3755
-88.6214
-87.8357
-87.0111
-86.1379
-85.2027
-84.1877
-83.0672
-81.8028
-80.333
-78.5499
-76.2392
-72.8825
-66.7369
-46.6497
45.4135
49.4974
45.1931
31.1474
9.27745
-5.46011
-16.4044
-27.4451
-37.5196
-59.2677
-92.2476
-94.9061
-94.966
-94.9553
-94.9154
-94.8333
-94.6852
-94.4456
-94.1002
-93.653
-93.1223
-92.5299
-91.8946
-91.2284
-90.5375
-89.8239
-89.086
-88.3198
-87.5194
-86.6764
-85.7799
-84.8151
-83.7613
-82.5884
-81.2508
-79.6719
-77.7127
-75.0758
-70.9596
-62.051
-18.2974
49.7975
49.4348
44.5585
29.2478
6.97462
-7.03201
-17.8362
-28.9349
-40.1702
-65.9025
-93.7494
-94.9343
-94.9654
-94.9486
-94.9005
-94.8047
-94.6347
-94.3651
-93.9854
-93.5053
-92.9467
-92.3327
-91.681
-91.0022
-90.3009
-89.5776
-88.8296
-88.052
-87.238
-86.3785
-85.4611
-84.4693
-83.3798
-82.1583
-80.751
-79.066
-76.9274
-73.9354
-68.8836
-55.5572
23.5299
49.8814
47.5735
37.0976
15.9783
-1.96372
-13.5439
-24.4398
-34.7055
-52.3948
-87.9622
-94.8252
-94.963
-94.9594
-94.9261
-94.8549
-94.724
-94.5076
-94.1877
-93.7637
-93.2514
-92.6727
-92.0472
-91.3886
-90.7044
-89.9972
-89.2662
-88.508
-87.7171
-86.886
-86.0042
-85.0582
-84.0289
-82.8893
-81.5981
-80.0889
-78.243
-75.8186
-72.2078
-65.2128
-38.6967
48.5477
49.3894
44.644
29.9037
8.05597
-6.19945
-17.0485
-28.1059
-38.6553
-62.1166
-93.0782
-94.922
-94.9664
-94.9533
-94.9105
-94.8237
-94.6677
-94.4172
-94.059
-93.5996
-93.0584
-92.458
-91.8165
-91.1455
-90.4506
-89.7331
-88.9911
-88.2204
-87.4145
-86.565
-85.6603
-84.685
-83.6174
-82.426
-81.0619
-79.4433
-77.4179
-74.6529
-70.2129
-59.9111
-3.05278
49.9747
49.4103
44.0274
27.6033
5.11685
-8.36405
-19.0715
-30.1731
-42.5324
-71.5677
-94.2747
-94.9461
-94.964
-94.9424
-94.8878
-94.7816
-94.597
-94.3104
-93.9146
-93.4217
-92.8545
-92.2352
-91.5802
-90.8989
-90.1953
-89.4692
-88.7178
-87.9359
-87.1163
-86.2495
-85.3228
-84.3188
-83.2132
-81.9694
-80.5297
-78.7943
-76.5682
-73.394
-67.8131
-51.4389
38.1386
49.6288
45.8827
32.7305
10.8792
-4.56076
-15.6436
-26.6583
-36.234
-56.0946
-90.8047
-94.8801
-94.9652
-94.9574
-94.9204
-94.8434
-94.7031
-94.474
-94.1399
-93.703
-93.1804
-92.5941
-91.963
-91.3001
-90.6121
-89.9013
-89.1663
-88.4036
-87.6074
-86.7695
-85.8795
-84.9228
-83.8798
-82.7216
-81.4045
-79.8569
-77.9488
-75.4089
-71.5283
-63.5507
-28.5252
48.7675
49.3539
44.4222
29.2804
7.32259
-6.7089
-17.5154
-28.5901
-39.5252
-64.3014
-93.5155
-94.9304
-94.9662
-94.9511
-94.9056
-94.8143
-94.651
-94.3903
-94.0202
-93.549
-92.9976
-92.389
-91.7412
-91.0652
-90.3662
-89.645
-88.8991
-88.1241
-87.3133
-86.4575
-85.5451
-84.5598
-83.4791
-82.2697
-80.8799
-79.2222
-77.1306
-74.2341
-69.4463
-57.4899
12.9906
49.9689
48.694
40.7655
21.3659
0.814114
-11.4174
-22.1315
-32.9425
-48.3279
-82.8919
-94.7167
-94.9594
-94.9615
-94.9322
-94.867
-94.7453
-94.5406
-94.2329
-93.8195
-93.3145
-92.7403
-92.1174
-91.4603
-90.7774
-90.0716
-89.3424
-88.5867
-87.7991
-86.9721
-86.0959
-85.1569
-84.137
-83.0099
-81.7365
-80.2536
-78.45
-76.1029
-72.666
-66.2611
-44.3194
46.9711
49.4584
44.9942
30.6979
8.83475
-5.72171
-16.6302
-27.6772
-37.9123
-60.2486
-92.5718
-94.9121
-94.9662
-94.9546
-94.9137
-94.83
-94.6792
-94.4359
-94.0861
-93.6347
-93.1004
-92.5052
-91.8676
-91.1995
-90.5071
-89.7918
-89.0521
-88.284
-87.4813
-86.6356
-85.7357
-84.7666
-83.7073
-82.5271
-81.1791
-79.5849
-77.6002
-74.9148
-70.6781
-61.2683
-12.7372
49.9278
49.4843
44.6374
29.199
6.71954
-7.25978
-18.0603
-29.1725
-40.6194
-67.005
-93.8816
-94.9366
-94.9648
-94.9469
-94.897
-94.7983
-94.624
-94.3491
-93.964
-93.4791
-92.917
-92.3005
-91.6471
-90.9669
-90.2644
-89.5397
-88.7901
-88.0107
-87.1945
-86.3322
-85.4113
-84.4149
-83.3195
-82.09
-80.671
-78.9681
-76.7986
-73.7431
-68.5111
-54.1952
29.499
49.7852
46.8265
35.0523
13.4426
-3.22372
-14.5473
-25.5086
-35.4025
-54.0703
-89.4329
-94.8539
-94.9641
-94.9585
-94.9236
-94.8498
-94.7149
-94.4931
-94.1673
-93.738
-93.2215
-92.6398
-92.0121
-91.3517
-90.666
-89.9572
-89.2245
-88.4643
-87.671
-86.8368
-85.9513
-85.0006
-83.9653
-82.8174
-81.515
-79.9891
-78.1164
-75.6427
-71.9184
-64.5216
-34.6451
48.8567
49.3596
44.4862
29.5224
7.65998
-6.45834
-17.2808
-28.3446
-39.0789
-63.1822
-93.3104
-94.9266
-94.9664
-94.9524
-94.9084
-94.8196
-94.6604
-94.4053
-94.0419
-93.5772
-93.0314
-92.4273
-91.7828
-91.1094
-90.4125
-89.6931
-88.9492
-88.1762
-87.3679
-86.5152
-85.6067
-84.6264
-83.5523
-82.3522
-80.9758
-79.3384
-77.2813
-74.4544
-69.8526
-58.8011
4.60109
49.9808
49.1918
42.8655
25.1444
3.18689
-9.6978
-20.2942
-31.3185
-44.8341
-76.6063
-94.5278
-94.9535
-94.9631
-94.938
-94.8786
-94.7653
-94.5713
-94.2746
-93.8701
-93.371
-92.8001
-92.1787
-91.5224
-90.8401
-90.1352
-89.4075
-88.6538
-87.869
-87.0456
-86.174
-85.2411
-84.2292
-83.113
-81.8546
-80.3938
-78.6253
-76.3408
-73.0415
-67.078
-48.2433
43.7626
49.53
45.3594
31.5224
9.64681
-5.24769
-16.223
-27.2584
-37.2079
-58.4931
-91.9553
-94.9007
-94.9658
-94.9558
-94.9166
-94.8357
-94.6896
-94.4527
-94.1103
-93.6658
-93.1372
-92.5464
-91.912
-91.2464
-90.556
-89.8428
-89.1052
-88.3395
-87.5396
-86.6974
-85.8019
-84.8384
-83.7864
-82.6163
-81.2824
-79.7095
-77.7602
-75.1427
-71.0744
-62.3621
-20.4809
49.6711
49.4127
44.517
29.2392
7.04414
-6.9635
-17.7674
-28.8606
-40.0298
-65.5562
-93.7037
-94.9336
-94.9656
-94.9492
-94.9017
-94.8068
-94.6382
-94.3703
-93.9924
-93.5137
-92.9562
-92.3428
-91.6915
-91.0127
-90.3113
-89.5879
-88.8397
-88.0621
-87.248
-86.3885
-85.4711
-84.4795
-83.3904
-82.1697
-80.7635
-79.0803
-76.9453
-73.9611
-68.9314
-55.7256
22.7098
49.8924
47.6754
37.3962
16.3738
-1.76823
-13.3903
-24.2747
-34.5908
-52.1218
-87.691
-94.8198
-94.9628
-94.9595
-94.9264
-94.8556
-94.7254
-94.5097
-94.1905
-93.767
-93.255
-92.6763
-92.0507
-91.3918
-90.7072
-89.9997
-89.2683
-88.5097
-87.7185
-86.8869
-86.0046
-85.0581
-84.0283
-82.8879
-81.596
-80.0858
-78.2385
-75.812
-72.1965
-65.1866
-38.5522
48.566
49.3878
44.6355
29.8825
8.03334
-6.21437
-17.062
-28.1198
-38.6799
-62.1781
-93.0927
-94.9222
-94.9664
-94.9532
-94.9103
-94.8234
-94.6672
-94.4163
-94.0578
-93.5979
-93.0562
-92.4554
-91.8134
-91.1419
-90.4465
-89.7284
-88.9859
-88.2145
-87.4079
-86.5575
-85.6518
-84.6752
-83.606
-82.4126
-81.0458
-79.4231
-77.3912
-74.6136
-70.1418
-59.6952
-1.53732
49.977
49.3791
43.8435
27.1878
4.76086
-8.60631
-19.2925
-30.3849
-42.9489
-72.5225
-94.3335
-94.9477
-94.9639
-94.9416
-94.886
-94.7784
-94.5919
-94.3032
-93.9054
-93.4111
-92.8428
-92.2228
-91.5672
-90.8854
-90.1811
-89.4543
-88.702
-87.919
-87.0981
-86.2297
-85.3011
-84.2947
-83.1858
-81.9377
-80.4918
-78.7469
-76.5042
-73.2952
-67.6098
-50.586
40.02
49.596
45.7049
32.3148
10.4477
-4.79782
-15.8424
-26.8648
-36.5614
-56.8959
-91.2351
-94.8877
-94.9654
-94.9569
-94.9191
-94.8408
-94.6986
-94.467
-94.1302
-93.6909
-93.1663
-92.5785
-91.9463
-91.2823
-90.5933
-89.8815
-89.1454
-88.3815
-87.5837
-86.744
-85.8517
-84.8923
-83.8457
-82.6829
-81.3593
-79.8021
-77.8784
-75.3094
-71.3599
-63.1177
-25.6587
48.877
49.3664
44.444
29.2555
7.22369
-6.79654
-17.6014
-28.6824
-39.6967
-64.7294
-93.5841
-94.9316
-94.966
-94.9504
-94.9043
-94.8117
-94.6466
-94.3832
-94.0101
-93.536
-92.982
-92.3714
-91.7219
-91.0445
-90.3443
-89.6219
-88.8748
-88.0984
-87.2859
-86.4282
-85.5134
-84.5251
-83.4404
-82.2256
-80.8282
-79.1588
-77.0475
-74.1116
-69.2165
-56.7166
17.4933
49.9451
48.2756
39.2789
19.0312
-0.436828
-12.3607
-23.1613
-33.7709
-50.2056
-85.5178
-94.7755
-94.9613
-94.9605
-94.9293
-94.8613
-94.7354
-94.5253
-94.2119
-93.7936
-93.2851
-92.7087
-92.0844
-91.4264
-90.7425
-90.0357
-89.3052
-88.5479
-87.7582
-86.9287
-86.0491
-85.106
-84.0807
-82.9466
-81.6633
-80.1659
-78.3395
-75.9509
-72.4217
-65.7097
-41.4474
48.0293
49.4192
44.7952
30.2476
8.39343
-5.98944
-16.8636
-27.9166
-38.3249
-61.2846
-92.8693
-94.9178
-94.9663
-94.9539
-94.9119
-94.8265
-94.6728
-94.4254
-94.0709
-93.615
-93.0767
-92.4785
-91.8384
-91.1684
-90.4742
-89.7572
-89.0157
-88.2456
-87.4406
-86.5921
-85.6887
-84.7151
-83.65
-82.4621
-81.1031
-79.4926
-77.4808
-74.7431
-70.3738
-60.3886
-6.44306
49.9668
49.4641
44.3718
28.4155
5.85238
-7.86756
-18.6199
-29.7337
-41.6822
-69.5688
-94.1281
-94.9422
-94.9643
-94.9442
-94.8915
-94.7882
-94.6075
-94.3251
-93.933
-93.4427
-92.8769
-92.2581
-91.6032
-90.9219
-90.2182
-89.4921
-88.7408
-87.9593
-87.1403
-86.2744
-85.349
-84.3469
-83.2437
-82.0036
-80.5693
-78.8426
-76.632
-73.4907
-68.0089
-52.2402
36.0562
49.6657
46.0879
33.2154
11.3891
-4.28735
-15.4167
-26.422
-35.9324
-55.3604
-90.3614
-94.8721
-94.9649
-94.9578
-94.9216
-94.8456
-94.7071
-94.4802
-94.1484
-93.7136
-93.1924
-92.607
-91.9765
-91.3138
-90.626
-89.9153
-89.1805
-88.418
-87.622
-86.7845
-85.895
-84.9392
-83.8973
-82.7407
-81.4261
-79.8822
-77.9804
-75.4528
-71.6017
-63.737
-29.7377
48.8278
49.3511
44.4177
29.2946
7.36244
-6.67462
-17.4819
-28.5544
-39.4592
-64.136
-93.4876
-94.9299
-94.9663
-94.9513
-94.9061
-94.8152
-94.6526
-94.3927
-94.0237
-93.5534
-93.0028
-92.3948
-91.7472
-91.0714
-90.3724
-89.651
-88.9051
-88.1299
-87.3189
-86.463
-85.5505
-84.5651
-83.4844
-82.2752
-80.8857
-79.2287
-77.1383
-74.2448
-69.4654
-57.5523
12.6118
49.9701
48.7242
40.8806
21.5572
0.922657
-11.3367
-22.0431
-32.8683
-48.1626
-82.6354
-94.7106
-94.9592
-94.9616
-94.9324
-94.8675
-94.7461
-94.5418
-94.2345
-93.8212
-93.3163
-92.742
-92.1188
-91.4615
-90.7781
-90.072
-89.3425
-88.5864
-87.7983
-86.9709
-86.0941
-85.1546
-84.1339
-83.0061
-81.7317
-80.2474
-78.4417
-76.0911
-72.6468
-66.2186
-44.1065
47.0756
49.455
44.9768
30.6572
8.79332
-5.74716
-16.6525
-27.7002
-37.9519
-60.3473
-92.6019
-94.9127
-94.9662
-94.9546
-94.9135
-94.8296
-94.6785
-94.4347
-94.0845
-93.6326
-93.0977
-92.502
-91.864
-91.1954
-90.5025
-89.7868
-89.0465
-88.2778
-87.4744
-86.6279
-85.7271
-84.7569
-83.6962
-82.5141
-81.1635
-79.5657
-77.575
-74.8783
-70.6135
-61.0839
-11.4183
49.9406
49.4936
44.647
29.1664
6.6388
-7.32681
-18.1251
-29.2402
-40.7475
-67.3173
-93.9158
-94.9372
-94.9647
-94.9464
-94.8961
-94.7966
-94.6211
-94.3447
-93.9581
-93.4721
-92.909
-92.2918
-91.6378
-90.957
-90.2539
-89.5287
-88.7785
-87.9983
-87.1812
-86.3177
-85.3954
-84.3973
-83.2996
-82.0671
-80.6438
-78.9344
-76.7537
-73.6754
-68.3776
-53.6877
31.4185
49.7504
46.5966
34.4635
12.7625
-3.57009
-14.8281
-25.8049
-35.581
-54.5034
-89.7629
-94.8604
-94.9644
-94.9583
-94.9229
-94.8484
-94.7124
-94.489
-94.1613
-93.7303
-93.2123
-92.6294
-92.0008
-91.3396
-90.6531
-89.9436
-89.21
-88.4489
-87.6545
-86.8191
-85.932
-84.9793
-83.9415
-82.7904
-81.4834
-79.9509
-78.0677
-75.5745
-71.8052
-64.2442
-32.947
48.8878
49.3531
44.4467
29.4134
7.5334
-6.54648
-17.3616
-28.4283
-39.2299
-63.5611
-93.384
-94.928
-94.9664
-94.952
-94.9075
-94.8179
-94.6575
-94.4006
-94.035
-93.5682
-93.0205
-92.4148
-91.769
-91.0946
-90.3967
-89.6764
-88.9315
-88.1575
-87.3479
-86.4937
-85.5833
-84.6007
-83.5237
-82.3195
-80.9373
-79.2913
-77.2197
-74.3641
-69.6866
-58.2734
8.08093
49.9792
49.0262
42.1097
23.7058
2.21677
-10.3895
-21.0027
-31.9618
-46.1858
-79.2517
-94.6187
-94.9563
-94.9625
-94.9356
-94.8738
-94.757
-94.5585
-94.2571
-93.8485
-93.3468
-92.7742
-92.1519
-91.495
-90.8121
-90.1065
-89.3778
-88.6229
-87.8365
-87.0111
-86.1369
-85.2008
-84.1847
-83.0629
-81.797
-80.3251
-78.5391
-76.2237
-72.8575
-66.6824
-46.3934
45.6266
49.4924
45.1664
31.0843
9.21159
-5.50003
-16.4392
-27.4812
-37.5804
-59.4192
-92.3003
-94.907
-94.966
-94.9552
-94.915
-94.8327
-94.6841
-94.4438
-94.0976
-93.6495
-93.1179
-92.5247
-91.8886
-91.2215
-90.5298
-89.8152
-89.0763
-88.309
-87.5072
-86.6628
-85.7645
-84.7975
-83.7411
-82.5648
-81.2224
-79.6369
-77.6667
-75.0093
-70.8433
-61.7303
-16.035
49.8719
49.4565
44.5958
29.2396
6.88168
-7.11788
-17.9214
-29.0258
-40.3415
-66.3247
-93.8024
-94.9352
-94.9651
-94.9479
-94.8991
-94.8021
-94.6303
-94.3584
-93.9763
-93.4939
-92.9335
-92.318
-91.6651
-90.9852
-90.2828
-89.5583
-88.809
-88.03
-87.2143
-86.3527
-85.4328
-84.4379
-83.3444
-82.1176
-80.7027
-79.0062
-76.8481
-73.8164
-68.6533
-54.7218
27.3363
49.8229
47.0948
35.7618
14.2911
-2.79787
-14.2051
-25.1457
-35.1747
-53.5195
-88.9847
-94.8452
-94.9638
-94.9588
-94.9244
-94.8515
-94.7179
-94.4979
-94.1739
-93.7463
-93.231
-92.6501
-92.0229
-91.3628
-90.6772
-89.9685
-89.2359
-88.4759
-87.6829
-86.8491
-85.9641
-85.014
-83.9797
-82.8333
-81.5329
-80.0101
-78.1426
-75.6788
-71.9776
-64.6649
-35.5109
48.8216
49.3642
44.5114
29.5858
7.72838
-6.41253
-17.2393
-28.3019
-39.0026
-62.99
-93.2712
-94.9258
-94.9664
-94.9525
-94.9088
-94.8203
-94.6617
-94.4074
-94.0448
-93.581
-93.0359
-92.4323
-91.7881
-91.1149
-90.418
-89.6986
-88.9546
-88.1817
-87.3733
-86.5206
-85.6121
-84.632
-83.5581
-82.3584
-80.9826
-79.3463
-77.2912
-74.4682
-69.8775
-58.8794
4.07639
49.9808
49.2125
42.9657
25.3429
3.32864
-9.59796
-20.2021
-31.2346
-44.661
-76.2499
-94.5138
-94.953
-94.9632
-94.9383
-94.8792
-94.7664
-94.573
-94.2769
-93.8728
-93.3739
-92.803
-92.1815
-91.525
-90.8425
-90.1374
-89.4095
-88.6556
-87.8705
-87.0469
-86.1751
-85.242
-84.2299
-83.1134
-81.8548
-80.3938
-78.625
-76.3399
-73.04
-67.0747
-48.2297
43.7789
49.5296
45.3571
31.5163
9.63975
-5.25212
-16.2269
-27.2625
-37.2148
-58.5101
-91.9621
-94.9008
-94.9658
-94.9558
-94.9165
-94.8356
-94.6894
-94.4524
-94.1099
-93.6653
-93.1364
-92.5454
-91.9108
-91.245
-90.5544
-89.8408
-89.103
-88.3369
-87.5367
-86.694
-85.7981
-84.834
-83.7812
-82.6102
-81.275
-79.7004
-77.7482
-75.1254
-71.0446
-62.2815
-19.9201
49.7104
49.4183
44.527
29.2398
7.02454
-6.98228
-17.7861
-28.8808
-40.0679
-65.6508
-93.7164
-94.9338
-94.9655
-94.949
-94.9013
-94.8062
-94.6372
-94.3687
-93.9902
-93.5109
-92.9528
-92.339
-91.6873
-91.0082
-90.3065
-89.5826
-88.8341
-88.056
-87.2415
-86.3813
-85.4632
-84.4708
-83.3805
-82.1582
-80.7499
-79.0636
-76.9231
-73.9278
-68.8673
-55.497
23.8226
49.8774
47.5372
36.9934
15.843
-2.0298
-13.5957
-24.4951
-34.7435
-52.4859
-88.051
-94.8269
-94.9631
-94.9593
-94.9259
-94.8545
-94.7234
-94.5066
-94.1861
-93.7616
-93.2487
-92.6693
-92.0432
-91.3839
-90.6989
-89.9909
-89.259
-88.4999
-87.708
-86.8756
-85.9924
-85.0447
-84.0133
-82.8709
-81.5762
-80.0619
-78.2081
-75.7696
-72.1272
-65.0232
-37.6175
48.6702
49.3794
44.5917
29.7798
7.92964
-6.28071
-17.121
-28.1803
-38.787
-62.4476
-93.1544
-94.9235
-94.9664
-94.953
-94.9098
-94.8224
-94.6654
-94.4133
-94.0535
-93.5922
-93.0494
-92.4476
-91.8048
-91.1327
-90.4367
-89.718
-88.9749
-88.2028
-87.3954
-86.5441
-85.6372
-84.6592
-83.5881
-82.3923
-81.0219
-79.394
-77.3531
-74.5582
-70.0416
-59.3892
0.593462
49.9792
49.3264
43.5495
26.547
4.23821
-8.96488
-19.6204
-30.6955
-43.5667
-73.9065
-94.4087
-94.9499
-94.9636
-94.9404
-94.8834
-94.7739
-94.5848
-94.2931
-93.8929
-93.3967
-92.8273
-92.2066
-91.5505
-90.8683
-90.1637
-89.4363
-88.6832
-87.8993
-87.0772
-86.2073
-85.2768
-84.2679
-83.1559
-81.9033
-80.4511
-78.6962
-76.4362
-73.1897
-67.3905
-49.6402
41.757
49.5658
45.5453
31.9464
10.0719
-5.007
-16.0187
-27.0475
-36.8597
-57.6308
-91.5877
-94.894
-94.9656
-94.9564
-94.9179
-94.8385
-94.6945
-94.4604
-94.1211
-93.6795
-93.153
-92.5638
-91.9305
-91.2657
-90.5759
-89.8633
-89.1263
-88.3614
-87.5624
-86.7213
-85.8273
-84.8657
-83.8162
-82.6496
-81.3206
-79.7554
-77.8186
-75.2249
-71.2154
-62.739
-23.0887
49.3928
49.3871
44.4713
29.2322
7.12478
-6.8842
-17.6876
-28.7745
-39.8678
-65.155
-93.6477
-94.9327
-94.9658
-94.9498
-94.903
-94.8093
-94.6424
-94.3767
-94.0011
-93.5245
-92.9685
-92.3563
-91.7057
-91.0274
-90.3264
-89.6032
-88.8554
-88.0781
-87.2645
-86.4056
-85.4891
-84.4987
-83.4112
-82.1927
-80.7898
-79.1121
-76.9863
-74.0215
-69.0459
-56.1272
20.6719
49.9165
47.9213
38.1392
17.3871
-1.26661
-12.9993
-23.8534
-34.2896
-51.4106
-86.9405
-94.8048
-94.9623
-94.9599
-94.9275
-94.8577
-94.7291
-94.5155
-94.1984
-93.7767
-93.266
-92.688
-92.0627
-91.404
-90.7196
-90.0121
-89.2809
-88.5225
-87.7316
-86.9005
-86.019
-85.0733
-84.0447
-82.9062
-81.6167
-80.1104
-78.2694
-75.8543
-72.2652
-65.3476
-39.4646
48.436
49.3967
44.681
29.9868
8.13666
-6.14909
-17.0042
-28.0606
-38.5759
-61.9166
-93.0304
-94.921
-94.9664
-94.9534
-94.9108
-94.8243
-94.6688
-94.4189
-94.0615
-93.6027
-93.062
-92.4618
-91.8202
-91.149
-90.4538
-89.7359
-88.9934
-88.2222
-87.4158
-86.5657
-85.6604
-84.6843
-83.6159
-82.4235
-81.0583
-79.4381
-77.4104
-74.6412
-70.1912
-59.8455
-2.59252
49.9755
49.4013
43.973
27.4787
5.00811
-8.4379
-19.1388
-30.2379
-42.6592
-71.8596
-94.2934
-94.9466
-94.964
-94.9422
-94.8872
-94.7805
-94.5953
-94.3078
-93.9112
-93.4176
-92.8497
-92.2298
-91.5742
-90.8923
-90.188
-89.4612
-88.7089
-87.926
-87.1053
-86.2372
-85.3089
-84.3031
-83.195
-81.948
-80.5038
-78.7616
-76.5238
-73.3253
-67.6719
-50.8493
39.4727
49.6055
45.7554
32.4315
10.5674
-4.73177
-15.7869
-26.8073
-36.4681
-56.6675
-91.1174
-94.8856
-94.9654
-94.957
-94.9195
-94.8415
-94.6998
-94.4688
-94.1328
-93.694
-93.1699
-92.5823
-91.9502
-91.2863
-90.5974
-89.8855
-89.1495
-88.3856
-87.5878
-86.7483
-85.8562
-84.897
-83.8508
-82.6884
-81.3656
-79.8096
-77.8878
-75.3226
-71.3822
-63.1759
-26.0505
48.7663
49.3639
44.442
29.2624
7.24047
-6.78258
-17.588
-28.6681
-39.6703
-64.6637
-93.5739
-94.9314
-94.966
-94.9505
-94.9045
-94.812
-94.6471
-94.384
-94.0113
-93.5374
-92.9837
-92.3731
-91.7237
-91.0463
-90.3461
-89.6236
-88.8765
-88.1001
-87.2875
-86.4298
-85.5149
-84.5266
-83.442
-82.2273
-80.83
-79.1609
-77.0501
-74.1153
-69.2233
-56.74
17.3626
49.946
48.2893
39.3249
19.1
-0.401364
-12.3336
-23.1318
-33.7481
-50.1531
-85.4512
-94.7741
-94.9613
-94.9605
-94.9294
-94.8615
-94.7356
-94.5257
-94.2124
-93.7941
-93.2857
-92.7092
-92.0848
-91.4267
-90.7427
-90.0358
-89.3052
-88.5478
-87.758
-86.9283
-86.0486
-85.1054
-84.0799
-82.9456
-81.6621
-80.1645
-78.3377
-75.9483
-72.4177
-65.7007
-41.3999
48.0413
49.4186
44.7919
30.2397
8.38542
-5.9945
-16.8681
-27.9213
-38.333
-61.3049
-92.8747
-94.9179
-94.9663
-94.9539
-94.9119
-94.8264
-94.6726
-94.4251
-94.0705
-93.6145
-93.076
-92.4776
-91.8375
-91.1673
-90.473
-89.7559
-89.0143
-88.244
-87.4388
-86.5901
-85.6865
-84.7127
-83.6473
-82.459
-81.0995
-79.4881
-77.475
-74.7347
-70.3589
-60.3447
-6.13063
49.9678
49.4599
44.3433
28.3462
5.78737
-7.91124
-18.6595
-29.7727
-41.7568
-69.7469
-94.1426
-94.9426
-94.9643
-94.944
-94.8911
-94.7875
-94.6065
-94.3237
-93.9311
-93.4405
-92.8744
-92.2555
-91.6004
-90.919
-90.2151
-89.4889
-88.7375
-87.9557
-87.1365
-86.2704
-85.3446
-84.342
-83.2383
-81.9974
-80.5621
-78.8337
-76.62
-73.4726
-67.9724
-52.0922
36.4652
49.6584
46.0463
33.1159
11.2831
-4.34383
-15.4634
-26.4708
-35.9592
-55.4261
-90.4043
-94.8729
-94.965
-94.9578
-94.9215
-94.8454
-94.7066
-94.4793
-94.1472
-93.7119
-93.1904
-92.6047
-91.9739
-91.311
-90.623
-89.9121
-89.1771
-88.4144
-87.6182
-86.7804
-85.8906
-84.9344
-83.892
-82.7348
-81.4192
-79.874
-77.97
-75.4382
-71.5773
-63.6755
-29.3422
48.8102
49.3518
44.4177
29.2865
7.34596
-6.6881
-17.4949
-28.5682
-39.4845
-64.1995
-93.4984
-94.9301
-94.9662
-94.9512
-94.9059
-94.8148
-94.652
-94.3917
-94.0223
-93.5515
-93.0005
-92.3921
-91.7443
-91.0682
-90.369
-89.6475
-88.9014
-88.126
-87.3148
-86.4586
-85.5458
-84.5601
-83.4788
-82.2689
-80.8785
-79.2199
-77.127
-74.2282
-69.4346
-57.4501
13.2324
49.968
48.6743
40.6914
21.2442
0.746411
-11.4679
-22.1868
-32.9885
-48.4308
-83.0486
-94.7205
-94.9595
-94.9614
-94.932
-94.8667
-94.7446
-94.5396
-94.2315
-93.8175
-93.3121
-92.7374
-92.1141
-91.4566
-90.7731
-90.0669
-89.3372
-88.5809
-87.7926
-86.9648
-86.0876
-85.1476
-84.1263
-82.9976
-81.7219
-80.2359
-78.4274
-76.0715
-72.6158
-66.1495
-43.7553
47.2379
49.4499
44.9507
30.5982
8.73553
-5.78199
-16.6827
-27.7313
-38.0051
-60.4807
-92.6424
-94.9135
-94.9662
-94.9545
-94.9133
-94.8292
-94.6777
-94.4334
-94.0825
-93.63
-93.0946
-92.4985
-91.8602
-91.1914
-90.4982
-89.7823
-89.0418
-88.2729
-87.4692
-86.6225
-85.7213
-84.7506
-83.6892
-82.5063
-81.1546
-79.555
-77.5613
-74.8587
-70.5794
-60.9862
-10.721
49.9461
49.4981
44.6508
29.1465
6.59408
-7.36353
-18.1605
-29.277
-40.8174
-67.4885
-93.9339
-94.9376
-94.9646
-94.9462
-94.8956
-94.7957
-94.6196
-94.3425
-93.9552
-93.4685
-92.9049
-92.2875
-91.6333
-90.9524
-90.2492
-89.5238
-88.7734
-87.9931
-87.1758
-86.312
-85.3893
-84.3908
-83.2925
-82.0591
-80.6346
-78.9232
-76.7391
-73.6535
-68.3347
-53.5239
32.0045
49.7397
46.5283
34.2915
12.5676
-3.67052
-14.91
-25.8912
-35.6318
-54.6269
-89.8537
-94.8621
-94.9645
-94.9582
-94.9227
-94.848
-94.7116
-94.4878
-94.1595
-93.728
-93.2096
-92.6264
-91.9975
-91.3362
-90.6495
-89.9398
-89.2061
-88.4448
-87.6503
-86.8146
-85.9273
-84.9743
-83.936
-82.7843
-81.4766
-79.9428
-78.0576
-75.5607
-71.7825
-64.1885
-32.6015
48.8885
49.3523
44.4409
29.3956
7.51128
-6.5622
-17.3761
-28.4434
-39.2571
-63.6294
-93.3969
-94.9282
-94.9664
-94.9519
-94.9074
-94.8176
-94.6569
-94.3997
-94.0337
-93.5665
-93.0184
-92.4124
-91.7665
-91.0918
-90.3939
-89.6734
-88.9284
-88.1544
-87.3446
-86.4903
-85.5798
-84.597
-83.5196
-82.315
-80.9323
-79.2854
-77.2122
-74.3534
-69.6672
-58.2108
8.48552
49.9787
49.0034
42.0112
23.5254
2.10153
-10.4727
-21.0941
-32.044
-46.3622
-79.5774
-94.6285
-94.9566
-94.9624
-94.9353
-94.8732
-94.756
-94.5569
-94.2549
-93.8459
-93.3439
-92.7711
-92.1487
-91.4918
-90.8088
-90.1032
-89.3745
-88.6195
-87.833
-87.0075
-86.1332
-85.1969
-84.1805
-83.0583
-81.7918
-80.3192
-78.5319
-76.2141
-72.8425
-66.65
-46.238
45.7509
49.4896
45.1523
31.0527
9.1808
-5.51784
-16.4544
-27.4968
-37.6067
-59.4849
-92.3231
-94.9075
-94.966
-94.9551
-94.9149
-94.8325
-94.6837
-94.4432
-94.0966
-93.6483
-93.1164
-92.5231
-91.8868
-91.2196
-90.5278
-89.8132
-89.0742
-88.3068
-87.5051
-86.6605
-85.7622
-84.7952
-83.7386
-82.5622
-81.2196
-79.6336
-77.6627
-75.0039
-70.8341
-61.7051
-15.857
49.8761
49.4582
44.5987
29.2388
6.87431
-7.12465
-17.9281
-29.033
-40.355
-66.3578
-93.8064
-94.9353
-94.9651
-94.9478
-94.899
-94.8019
-94.63
-94.3579
-93.9756
-93.4931
-92.9325
-92.317
-91.6641
-90.9841
-90.2818
-89.5573
-88.808
-88.029
-87.2134
-86.3518
-85.432
-84.4371
-83.3436
-82.1169
-80.7022
-79.0058
-76.8479
-73.8164
-68.6538
-54.7241
27.3262
49.823
47.096
35.7651
14.2949
-2.79603
-14.2037
-25.1442
-35.1737
-53.5172
-88.9827
-94.8452
-94.9638
-94.9588
-94.9244
-94.8515
-94.7179
-94.4979
-94.1739
-93.7463
-93.231
-92.6501
-92.0229
-91.3629
-90.6773
-89.9687
-89.2361
-88.4762
-87.6833
-86.8496
-85.9648
-85.0149
-83.9808
-82.8347
-81.5347
-80.0126
-78.146
-75.6837
-71.9861
-64.6856
-35.6339
48.8154
49.3649
44.5156
29.5966
7.73996
-6.40481
-17.2323
-28.2947
-38.9897
-62.9576
-93.2645
-94.9256
-94.9664
-94.9526
-94.9088
-94.8204
-94.6619
-94.4077
-94.0453
-93.5816
-93.0367
-92.4332
-91.7891
-91.116
-90.4193
-89.7
-88.9561
-88.1833
-87.3751
-86.5227
-85.6144
-84.6346
-83.5613
-82.3622
-80.9872
-79.3521
-77.2991
-74.4801
-69.8996
-58.9492
3.60523
49.9807
49.2302
43.053
25.5179
3.45523
-9.50914
-20.1203
-31.1597
-44.5074
-75.93
-94.5008
-94.9526
-94.9633
-94.9386
-94.8798
-94.7674
-94.5746
-94.2791
-93.8755
-93.377
-92.8062
-92.1849
-91.5285
-90.8461
-90.1411
-89.4133
-88.6596
-87.8749
-87.0516
-86.1802
-85.2477
-84.2364
-83.1208
-81.8635
-80.4043
-78.6384
-76.3584
-73.0692
-67.1372
-48.5124
43.4214
49.5362
45.3915
31.5948
9.71839
-5.20729
-16.1887
-27.2231
-37.1495
-58.3486
-91.8969
-94.8996
-94.9658
-94.9559
-94.9168
-94.8362
-94.6904
-94.4539
-94.112
-93.6679
-93.1396
-92.5489
-91.9146
-91.249
-90.5586
-89.8453
-89.1078
-88.342
-87.5421
-86.7
-85.8046
-84.8412
-83.7894
-82.6196
-81.2862
-79.7142
-77.7662
-75.1512
-71.0893
-62.4025
-20.7649
49.6489
49.4098
44.5114
29.2373
7.05204
-6.95538
-17.7591
-28.8517
-40.0129
-65.5143
-93.698
-94.9335
-94.9656
-94.9492
-94.9018
-94.8071
-94.6386
-94.3709
-93.9931
-93.5145
-92.957
-92.3437
-91.6922
-91.0134
-90.3119
-89.5883
-88.8401
-88.0623
-87.2482
-86.3885
-85.4711
-84.4795
-83.3903
-82.1695
-80.7633
-79.0801
-76.945
-73.9608
-68.9309
-55.724
22.7175
49.8923
47.6745
37.3935
16.3704
-1.76984
-13.3916
-24.276
-34.5917
-52.124
-87.6933
-94.8199
-94.9628
-94.9595
-94.9264
-94.8556
-94.7253
-94.5096
-94.1903
-93.7667
-93.2546
-92.6757
-92.0499
-91.3909
-90.7062
-89.9985
-89.267
-88.5083
-87.7169
-86.8851
-86.0027
-85.056
-84.0259
-82.8853
-81.593
-80.0824
-78.2343
-75.8062
-72.1874
-65.1657
-38.4349
48.5805
49.3866
44.6295
29.8684
8.019
-6.22365
-17.0703
-28.1283
-38.6949
-62.2159
-93.1015
-94.9224
-94.9664
-94.9532
-94.9103
-94.8232
-94.6669
-94.4158
-94.057
-93.5969
-93.055
-92.4539
-91.8117
-91.14
-90.4445
-89.7263
-88.9835
-88.212
-87.4053
-86.5547
-85.6487
-84.6719
-83.6024
-82.4086
-81.0412
-79.4177
-77.3843
-74.6038
-70.1246
-59.6433
-1.17435
49.9774
49.3709
43.7964
27.0833
4.67381
-8.66586
-19.3469
-30.4368
-43.0513
-72.7546
-94.3469
-94.9481
-94.9638
-94.9414
-94.8855
-94.7776
-94.5906
-94.3014
-93.9031
-93.4084
-92.8398
-92.2196
-91.5638
-90.8819
-90.1775
-89.4506
-88.6981
-87.9149
-87.0938
-86.2251
-85.2962
-84.2894
-83.18
-81.9312
-80.4843
-78.7377
-76.4922
-73.2769
-67.5723
-50.4272
40.3359
49.5905
45.6757
32.247
10.3782
-4.83604
-15.8745
-26.8981
-36.6156
-57.0293
-91.302
-94.8889
-94.9655
-94.9568
-94.9189
-94.8404
-94.6978
-94.4657
-94.1285
-93.6887
-93.1637
-92.5756
-91.9431
-91.2789
-90.5898
-89.8778
-89.1416
-88.3774
-87.5794
-86.7395
-85.847
-84.8872
-83.8402
-82.6768
-81.3525
-79.7941
-77.8684
-75.2956
-71.3367
-63.0577
-25.2543
48.9805
49.3692
44.4464
29.2486
7.20587
-6.81149
-17.6159
-28.6978
-39.7251
-64.8001
-93.595
-94.9318
-94.966
-94.9503
-94.9041
-94.8113
-94.6459
-94.3821
-94.0086
-93.534
-92.9796
-92.3687
-91.7189
-91.0414
-90.341
-89.6185
-88.8713
-88.0948
-87.2821
-86.4243
-85.5093
-84.5207
-83.4358
-82.2206
-80.8226
-79.1522
-77.0392
-74.0998
-69.1948
-56.6429
17.9016
49.942
48.2326
39.1354
18.8177
-0.546328
-12.4444
-23.2523
-33.8408
-50.3664
-85.7192
-94.7797
-94.9614
-94.9604
-94.929
-94.8608
-94.7345
-94.5239
-94.2101
-93.7912
-93.2824
-92.7057
-92.0813
-91.4231
-90.7392
-90.0322
-89.3017
-88.5443
-87.7545
-86.9248
-86.0451
-85.1018
-84.0763
-82.9418
-81.658
-80.1599
-78.3323
-75.9413
-72.4066
-65.6757
-41.2643
48.0754
49.417
44.784
30.2223
8.36885
-6.00452
-16.8768
-27.9302
-38.3485
-61.3441
-92.885
-94.9181
-94.9663
-94.9538
-94.9118
-94.8263
-94.6724
-94.4247
-94.07
-93.6137
-93.0752
-92.4767
-91.8365
-91.1663
-90.472
-89.755
-89.0135
-88.2433
-87.4382
-86.5897
-85.6863
-84.7127
-83.6475
-82.4595
-81.1004
-79.4896
-77.4773
-74.7384
-70.3659
-60.366
-6.28227
49.9673
49.4619
44.3573
28.3803
5.81939
-7.88978
-18.6401
-29.7535
-41.7201
-69.6594
-94.1355
-94.9424
-94.9643
-94.9441
-94.8913
-94.7878
-94.607
-94.3244
-93.932
-93.4416
-92.8756
-92.2568
-91.6018
-90.9204
-90.2167
-89.4907
-88.7394
-87.9579
-87.139
-86.2732
-85.3478
-84.3458
-83.2428
-82.0027
-80.5687
-78.8422
-76.6317
-73.4908
-68.0098
-52.2443
36.0442
49.666
46.0893
33.2187
11.3929
-4.28529
-15.4149
-26.4201
-35.9314
-55.3579
-90.3598
-94.8721
-94.9649
-94.9578
-94.9216
-94.8456
-94.7071
-94.4801
-94.1484
-93.7135
-93.1923
-92.6069
-91.9764
-91.3137
-90.6259
-89.9153
-89.1805
-88.4181
-87.6222
-86.7849
-85.8956
-84.9401
-83.8985
-82.7424
-81.4283
-79.8852
-77.9847
-75.4592
-71.6129
-63.7659
-29.9241
48.8353
49.3509
44.418
29.2991
7.3709
-6.66783
-17.4754
-28.5475
-39.4465
-64.1043
-93.4821
-94.9298
-94.9663
-94.9513
-94.9062
-94.8153
-94.6529
-94.3931
-94.0243
-93.5542
-93.0037
-92.3958
-91.7484
-91.0726
-90.3737
-89.6525
-88.9067
-88.1318
-87.321
-86.4654
-85.5533
-84.5684
-83.4883
-82.2799
-80.8916
-79.2362
-77.1487
-74.2605
-69.4953
-57.6519
12.0028
49.972
48.7711
41.0617
21.8609
1.09596
-11.2082
-21.9023
-32.7492
-47.8989
-82.2182
-94.7003
-94.9589
-94.9617
-94.9328
-94.8683
-94.7475
-94.5439
-94.2374
-93.8247
-93.3202
-92.7461
-92.1231
-91.4658
-90.7826
-90.0766
-89.3473
-88.5915
-87.8038
-86.9769
-86.1007
-85.1619
-84.1423
-83.0158
-81.7432
-80.2615
-78.4599
-76.1164
-72.6877
-66.3097
-44.5676
46.8414
49.4621
45.0125
30.738
8.87298
-5.69929
-16.6109
-27.6575
-37.8786
-60.164
-92.5451
-94.9116
-94.9662
-94.9547
-94.9138
-94.8302
-94.6796
-94.4365
-94.087
-93.6358
-93.1016
-92.5065
-91.8688
-91.2006
-90.508
-89.7925
-89.0527
-88.2844
-87.4815
-86.6357
-85.7357
-84.7665
-83.7071
-82.5268
-81.1787
-79.5845
-77.5997
-74.9142
-70.6773
-61.2666
-12.7268
49.9279
49.4843
44.6372
29.1978
6.71775
-7.26113
-18.0616
-29.1739
-40.6219
-67.011
-93.8823
-94.9366
-94.9648
-94.9469
-94.897
-94.7982
-94.6239
-94.3488
-93.9635
-93.4785
-92.9161
-92.2994
-91.6458
-90.9653
-90.2625
-89.5376
-88.7878
-88.0082
-87.1917
-86.3291
-85.4078
-84.4111
-83.3152
-82.0851
-80.6654
-78.9612
-76.7897
-73.73
-68.4856
-54.0998
29.8725
49.7785
46.781
34.9345
13.3049
-3.29346
-14.6037
-25.5682
-35.4387
-54.1583
-89.5019
-94.8553
-94.9642
-94.9585
-94.9234
-94.8495
-94.7144
-94.4922
-94.1659
-93.7361
-93.2192
-92.6371
-92.009
-91.3484
-90.6623
-89.9533
-89.2202
-88.4597
-87.6661
-86.8316
-85.9457
-84.9944
-83.9585
-82.8099
-81.5064
-79.9789
-78.1036
-75.6252
-71.8897
-64.4526
-34.2277
48.8687
49.3576
44.4748
29.4921
7.62599
-6.4816
-17.302
-28.3665
-39.1182
-63.2815
-93.33
-94.9269
-94.9664
-94.9523
-94.9082
-94.8191
-94.6596
-94.404
-94.0399
-93.5745
-93.0282
-92.4235
-91.7786
-91.1049
-90.4076
-89.6879
-88.9437
-88.1704
-87.3617
-86.5086
-85.5996
-84.6187
-83.5439
-82.3428
-80.965
-79.3254
-77.2647
-74.4306
-69.8094
-58.6656
5.5077
49.9807
49.1535
42.6839
24.789
2.93769
-9.87406
-20.457
-31.466
-45.139
-77.2254
-94.551
-94.9542
-94.963
-94.9374
-94.8774
-94.7632
-94.5681
-94.2702
-93.8645
-93.3647
-92.7931
-92.1714
-91.5149
-90.8323
-90.1272
-89.3992
-88.6452
-87.8599
-87.0361
-86.1638
-85.2302
-84.2173
-83.0998
-81.8397
-80.3764
-78.6038
-76.312
-72.997
-66.9837
-47.8113
44.2686
49.5204
45.3099
31.4096
9.53422
-5.31247
-16.2783
-27.3156
-37.3029
-58.7287
-92.0477
-94.9024
-94.9659
-94.9556
-94.9162
-94.8349
-94.6882
-94.4504
-94.1069
-93.6615
-93.1321
-92.5406
-91.9058
-91.2397
-90.549
-89.8354
-89.0975
-88.3314
-87.5311
-86.6884
-85.7923
-84.8281
-83.7752
-82.6037
-81.2681
-79.6926
-77.7389
-75.1129
-71.0237
-62.2257
-19.5298
49.7348
49.4223
44.5348
29.2423
7.01335
-6.99364
-17.7976
-28.8933
-40.0915
-65.7091
-93.7242
-94.9339
-94.9655
-94.9489
-94.9011
-94.8058
-94.6365
-94.3678
-93.9889
-93.5093
-92.9511
-92.3372
-91.6854
-91.0063
-90.3047
-89.581
-88.8326
-88.0547
-87.2404
-86.3805
-85.4628
-84.4706
-83.3809
-82.1591
-80.7516
-79.0663
-76.9273
-73.935
-68.8823
-55.552
23.5563
49.8811
47.5703
37.0888
15.9674
-1.96868
-13.5477
-24.4438
-34.7082
-52.4013
-87.9686
-94.8253
-94.963
-94.9594
-94.926
-94.8548
-94.7239
-94.5073
-94.1871
-93.7628
-93.2501
-92.671
-92.045
-91.3859
-90.7011
-89.9934
-89.2618
-88.503
-87.7115
-86.8797
-85.9971
-85.0501
-84.0197
-82.8786
-81.5856
-80.0738
-78.2238
-75.7921
-72.1647
-65.1125
-38.1317
48.6162
49.3839
44.6157
29.8365
7.98755
-6.24347
-17.0878
-28.1463
-38.7266
-62.2954
-93.1198
-94.9228
-94.9664
-94.9531
-94.9101
-94.8229
-94.6664
-94.415
-94.0558
-93.5953
-93.0531
-92.4518
-91.8095
-91.1378
-90.4422
-89.724
-88.9812
-88.2097
-87.403
-86.5525
-85.6466
-84.6698
-83.6004
-82.4066
-81.0391
-79.4155
-77.3818
-74.6006
-70.1192
-59.6275
-1.06373
49.9776
49.3684
43.782
27.0516
4.64759
-8.68383
-19.3633
-30.4524
-43.0823
-72.8244
-94.3509
-94.9482
-94.9638
-94.9413
-94.8854
-94.7774
-94.5903
-94.3009
-93.9025
-93.4077
-92.8392
-92.219
-91.5633
-90.8814
-90.1772
-89.4503
-88.6979
-87.9149
-87.094
-86.2255
-85.2968
-84.2902
-83.1813
-81.9328
-80.4865
-78.7408
-76.4967
-73.2843
-67.588
-50.4937
40.2044
49.5928
45.6881
32.2762
10.4084
-4.81923
-15.8603
-26.8833
-36.5915
-56.97
-91.2724
-94.8884
-94.9654
-94.9568
-94.919
-94.8406
-94.6982
-94.4662
-94.1292
-93.6896
-93.1648
-92.5768
-91.9444
-91.2804
-90.5914
-89.8795
-89.1435
-88.3796
-87.5818
-86.7422
-85.8501
-84.8908
-83.8444
-82.6818
-81.3585
-79.8016
-77.8783
-75.31
-71.3616
-63.123
-25.6942
48.8673
49.3662
44.444
29.2569
7.22623
-6.79453
-17.5995
-28.6804
-39.693
-64.7201
-93.5826
-94.9316
-94.966
-94.9504
-94.9043
-94.8117
-94.6466
-94.3832
-94.0102
-93.536
-92.9821
-92.3714
-91.7219
-91.0446
-90.3445
-89.6221
-88.8752
-88.099
-87.2867
-86.4293
-85.5148
-84.527
-83.4429
-82.2289
-80.8325
-79.1647
-77.0558
-74.1247
-69.242
-56.805
16.9942
49.9486
48.3272
39.4526
19.2921
-0.302264
-12.2581
-23.0497
-33.6844
-50.0064
-85.2635
-94.7701
-94.9611
-94.9606
-94.9296
-94.8619
-94.7364
-94.5269
-94.2141
-93.7962
-93.2881
-92.7118
-92.0877
-91.4298
-90.746
-90.0394
-89.3092
-88.5521
-87.7629
-86.9338
-86.0549
-85.1126
-84.0883
-82.9555
-81.6741
-80.1794
-78.3571
-75.9757
-72.4626
-65.8035
-41.9501
47.8915
49.4255
44.8275
30.3212
8.46602
-5.94485
-16.8245
-27.8766
-38.2553
-61.1091
-92.8219
-94.9169
-94.9663
-94.954
-94.9122
-94.8271
-94.6739
-94.4271
-94.0734
-93.6182
-93.0805
-92.4827
-91.8431
-91.1734
-90.4795
-89.7629
-89.0218
-88.2522
-87.4477
-86.5999
-85.6975
-84.7251
-83.6614
-82.4755
-81.1192
-79.5128
-77.5076
-74.7824
-70.4449
-60.5987
-7.94351
49.9614
49.4822
44.4995
28.7312
6.15583
-7.66351
-18.4345
-29.551
-41.3345
-68.7387
-94.0567
-94.9405
-94.9644
-94.9449
-94.893
-94.791
-94.612
-94.3316
-93.9412
-93.4522
-92.8872
-92.2689
-91.6143
-90.9332
-90.2298
-89.5041
-88.7534
-87.9726
-87.1546
-86.2899
-85.366
-84.3658
-83.2652
-82.0286
-80.5993
-78.8804
-76.6829
-73.5692
-68.1679
-52.8742
34.1717
49.6999
46.2863
33.6943
11.9062
-4.01409
-15.1912
-26.1863
-35.8015
-55.0402
-90.146
-94.8679
-94.9647
-94.958
-94.9221
-94.8467
-94.7091
-94.4836
-94.1535
-93.7202
-93.2004
-92.6161
-91.9864
-91.3245
-90.6374
-89.9274
-89.1933
-88.4316
-87.6367
-86.8005
-85.9125
-84.9586
-83.9191
-82.7658
-81.4557
-79.9183
-78.0272
-75.5189
-71.7134
-64.0179
-31.5294
48.8796
49.3507
44.4274
29.3495
7.45037
-6.6066
-17.4174
-28.4865
-39.3351
-63.8258
-93.4329
-94.9289
-94.9663
-94.9517
-94.9069
-94.8167
-94.6553
-94.3971
-94.03
-93.5616
-93.0127
-92.406
-91.7595
-91.0845
-90.3863
-89.6657
-88.9206
-88.1464
-87.3366
-86.4821
-85.5714
-84.5882
-83.5104
-82.3052
-80.9213
-79.2727
-77.1964
-74.331
-69.6269
-58.0816
9.31099
49.9777
48.9546
41.8035
23.1503
1.86643
-10.6431
-21.2817
-32.2108
-46.7212
-80.2259
-94.6474
-94.9572
-94.9623
-94.9347
-94.8721
-94.754
-94.5538
-94.2507
-93.8409
-93.3383
-92.7653
-92.1428
-91.4859
-90.8031
-90.0976
-89.3689
-88.614
-87.8275
-87.002
-86.1277
-85.1913
-84.1748
-83.0524
-81.7855
-80.3121
-78.5237
-76.2036
-72.8265
-66.6155
-46.0717
45.8792
49.4867
45.1381
31.0216
9.15137
-5.5346
-16.4687
-27.5114
-37.6311
-59.5461
-92.3441
-94.9079
-94.9661
-94.9551
-94.9148
-94.8323
-94.6833
-94.4426
-94.0958
-93.6472
-93.1151
-92.5217
-91.8853
-91.2182
-90.5265
-89.812
-89.0731
-88.306
-87.5044
-86.6601
-85.7621
-84.7955
-83.7393
-82.5635
-81.2215
-79.6366
-77.6671
-75.0109
-70.8471
-61.7419
-16.1162
49.8698
49.4558
44.595
29.2414
6.88683
-7.11351
-17.9172
-29.0214
-40.3331
-66.3042
-93.7999
-94.9351
-94.9651
-94.9479
-94.8992
-94.8022
-94.6305
-94.3587
-93.9767
-93.4944
-92.9341
-92.3188
-91.666
-90.9863
-90.2841
-89.5599
-88.8109
-88.0323
-87.2171
-86.3561
-85.4369
-84.4428
-83.3504
-82.1251
-80.7123
-79.0188
-76.8656
-73.8436
-68.7076
-54.9232
26.4584
49.8374
47.205
36.0607
14.6577
-2.61566
-14.0597
-24.991
-35.0751
-53.2795
-88.7788
-94.8412
-94.9636
-94.9589
-94.9247
-94.8522
-94.7192
-94.4999
-94.1768
-93.7499
-93.2353
-92.6549
-92.0281
-91.3684
-90.6832
-89.975
-89.2429
-88.4834
-87.6911
-86.8583
-85.9744
-85.0257
-83.9931
-82.849
-81.5517
-80.0335
-78.1731
-75.722
-72.0499
-64.8393
-36.5447
48.7602
49.3711
44.5489
29.6785
7.82654
-6.34743
-17.1806
-28.2415
-38.895
-62.7199
-93.2143
-94.9246
-94.9664
-94.9528
-94.9093
-94.8213
-94.6636
-94.4104
-94.0492
-93.5867
-93.0428
-92.4402
-91.7968
-91.1243
-90.4282
-89.7094
-88.9662
-88.1941
-87.3868
-86.5354
-85.6284
-84.6503
-83.579
-82.3827
-81.0116
-79.3824
-77.339
-74.5389
-70.0077
-59.2864
1.30076
49.9797
49.3064
43.4422
26.3195
4.05976
-9.0881
-19.7333
-30.8013
-43.7794
-74.3736
-94.4317
-94.9506
-94.9636
-94.9399
-94.8826
-94.7724
-94.5824
-94.2899
-93.8889
-93.3922
-92.8226
-92.2019
-91.5459
-90.8639
-90.1594
-89.4323
-88.6794
-87.8958
-87.074
-86.2044
-85.2741
-84.2657
-83.1541
-81.902
-80.4504
-78.6962
-76.4371
-73.1923
-67.3969
-49.6677
41.7113
49.5667
45.5504
31.959
10.086
-4.99858
-16.0114
-27.0398
-36.847
-57.5995
-91.5737
-94.8938
-94.9656
-94.9564
-94.918
-94.8386
-94.6947
-94.4607
-94.1215
-93.68
-93.1537
-92.5646
-91.9315
-91.2669
-90.5774
-89.865
-89.1285
-88.364
-87.5655
-86.7251
-85.8319
-84.8713
-83.823
-82.6579
-81.3311
-79.7688
-77.8367
-75.2515
-71.2621
-62.8627
-23.933
49.2548
49.3797
44.4604
29.2374
7.15682
-6.85509
-17.6588
-28.7436
-39.8102
-65.0122
-93.6268
-94.9323
-94.9659
-94.95
-94.9034
-94.8101
-94.6438
-94.3789
-94.0041
-93.5284
-92.9731
-92.3615
-91.7114
-91.0336
-90.333
-89.6104
-88.8631
-88.0865
-87.2738
-86.4158
-85.5006
-84.5118
-83.4263
-82.2105
-80.8114
-79.1393
-77.023
-74.0768
-69.1525
-56.4986
18.6931
49.9355
48.1468
38.8536
18.4038
-0.757224
-12.6062
-23.428
-33.9744
-50.6757
-86.0963
-94.7876
-94.9617
-94.9602
-94.9286
-94.8599
-94.7329
-94.5214
-94.2066
-93.787
-93.2777
-92.7008
-92.0762
-91.4181
-90.7342
-90.0273
-89.2969
-88.5395
-87.7498
-86.9202
-86.0405
-85.0972
-84.0716
-82.9371
-81.653
-80.1546
-78.3261
-75.9333
-72.3944
-65.6481
-41.1144
48.1119
49.4153
44.7757
30.2042
8.35196
-6.01464
-16.8856
-27.9391
-38.3639
-61.3832
-92.8954
-94.9184
-94.9663
-94.9538
-94.9117
-94.8261
-94.6722
-94.4244
-94.0694
-93.613
-93.0744
-92.4758
-91.8356
-91.1655
-90.4713
-89.7544
-89.0131
-88.2432
-87.4383
-86.5901
-85.6871
-84.714
-83.6493
-82.462
-81.1038
-79.4943
-77.484
-74.7488
-70.3853
-60.4239
-6.69587
49.966
49.4674
44.3945
28.4714
5.90576
-7.83145
-18.587
-29.7014
-41.6204
-69.422
-94.116
-94.9419
-94.9643
-94.9443
-94.8917
-94.7887
-94.6083
-94.3262
-93.9344
-93.4444
-92.8787
-92.2601
-91.6053
-90.9241
-90.2207
-89.4949
-88.744
-87.9629
-87.1446
-86.2794
-85.3549
-84.3539
-83.2522
-82.0139
-80.5823
-78.8596
-76.6556
-73.5279
-68.0852
-52.5462
35.1742
49.6817
46.1797
33.4361
11.6266
-4.16091
-15.312
-26.3127
-35.8721
-55.2128
-90.2633
-94.8702
-94.9648
-94.9579
-94.9218
-94.8461
-94.708
-94.4818
-94.1508
-93.7167
-93.1962
-92.6114
-91.9813
-91.3191
-90.6318
-89.9216
-89.1873
-88.4254
-87.6302
-86.7937
-85.9054
-84.951
-83.911
-82.7568
-81.4455
-79.9064
-78.0122
-75.4982
-71.679
-63.9327
-30.9907
48.8688
49.3504
44.423
29.3306
7.42269
-6.62747
-17.4371
-28.5071
-39.3726
-63.9197
-93.4498
-94.9292
-94.9663
-94.9516
-94.9067
-94.8162
-94.6545
-94.3958
-94.0281
-93.5592
-93.0098
-92.4027
-91.756
-91.0808
-90.3825
-89.6618
-88.9166
-88.1424
-87.3324
-86.4778
-85.5669
-84.5836
-83.5055
-82.2998
-80.9153
-79.2656
-77.1874
-74.3181
-69.6033
-58.0054
9.79546
49.9769
48.9244
41.6772
22.9254
1.72795
-10.744
-21.3927
-32.3089
-46.9341
-80.6019
-94.658
-94.9575
-94.9622
-94.9344
-94.8714
-94.7528
-94.552
-94.2483
-93.8379
-93.335
-92.7618
-92.1393
-91.4825
-90.7996
-90.0941
-89.3655
-88.6105
-87.824
-86.9984
-86.124
-85.1874
-84.1707
-83.048
-81.7807
-80.3066
-78.517
-76.1947
-72.8127
-66.5854
-45.9264
45.9873
49.4843
45.1256
30.9937
9.12439
-5.55024
-16.4821
-27.5252
-37.6543
-59.6041
-92.3637
-94.9082
-94.9661
-94.9551
-94.9147
-94.8321
-94.683
-94.442
-94.095
-93.6461
-93.1139
-92.5203
-91.8839
-91.2167
-90.525
-89.8105
-89.0716
-88.3045
-87.5029
-86.6587
-85.7607
-84.7941
-83.738
-82.5621
-81.2202
-79.6351
-77.6655
-75.0088
-70.8437
-61.7328
-16.0515
49.8714
49.4564
44.5961
29.2413
6.88449
-7.11572
-17.9194
-29.0237
-40.3376
-66.3151
-93.8012
-94.9352
-94.9651
-94.9479
-94.8991
-94.8022
-94.6304
-94.3585
-93.9765
-93.4942
-92.9338
-92.3185
-91.6658
-90.9861
-90.284
-89.5598
-88.811
-88.0324
-87.2174
-86.3565
-85.4375
-84.4436
-83.3515
-82.1265
-80.7141
-79.0212
-76.869
-73.8491
-68.7186
-54.964
26.2784
49.8403
47.2277
36.1228
14.7345
-2.57762
-14.0295
-24.9588
-35.054
-53.2287
-88.7346
-94.8403
-94.9636
-94.9589
-94.9248
-94.8523
-94.7195
-94.5003
-94.1774
-93.7507
-93.2363
-92.6559
-92.0292
-91.3696
-90.6845
-89.9764
-89.2445
-88.4852
-87.6931
-86.8604
-85.9769
-85.0286
-83.9964
-82.8528
-81.5563
-80.0392
-78.1805
-75.7326
-72.0676
-64.8818
-36.7934
48.7419
49.373
44.5588
29.7026
7.8518
-6.33079
-17.1656
-28.2261
-38.8678
-62.6516
-93.1995
-94.9244
-94.9664
-94.9528
-94.9094
-94.8216
-94.664
-94.4111
-94.0503
-93.5881
-93.0445
-92.4422
-91.799
-91.1267
-90.4307
-89.7122
-88.9691
-88.1973
-87.3902
-86.5392
-85.6326
-84.6549
-83.5843
-82.3889
-81.019
-79.3916
-77.3513
-74.5569
-70.0408
-59.3884
0.598968
49.9792
49.3263
43.5491
26.5464
4.23806
-8.9649
-19.6203
-30.6954
-43.5666
-73.9063
-94.4087
-94.9499
-94.9636
-94.9404
-94.8834
-94.7739
-94.5848
-94.2932
-93.893
-93.3969
-92.8276
-92.2071
-91.5513
-90.8694
-90.1651
-89.4382
-88.6856
-87.9023
-87.081
-86.2119
-85.2824
-84.2749
-83.1645
-81.9141
-80.4649
-78.7145
-76.4619
-73.231
-67.4778
-50.0202
41.0998
49.5774
45.6065
32.0881
10.2172
-4.9253
-15.9495
-26.9758
-36.7423
-57.3414
-91.4537
-94.8916
-94.9655
-94.9566
-94.9184
-94.8394
-94.6961
-94.463
-94.1247
-93.684
-93.1584
-92.5698
-91.9371
-91.2728
-90.5836
-89.8715
-89.1354
-88.3712
-87.5733
-86.7334
-85.8409
-84.8812
-83.8341
-82.6706
-81.3459
-79.7869
-77.8601
-75.2847
-71.3192
-63.0126
-24.9485
49.0522
49.3715
44.4496
29.2467
7.196
-6.82036
-17.6247
-28.7072
-39.7425
-64.8434
-93.6016
-94.9319
-94.9659
-94.9503
-94.9039
-94.8111
-94.6454
-94.3814
-94.0077
-93.5329
-92.9784
-92.3674
-91.7177
-91.0403
-90.34
-89.6177
-88.8708
-88.0946
-87.2824
-86.425
-85.5105
-84.5226
-83.4385
-82.2243
-80.8277
-79.1593
-77.0494
-74.1159
-69.2263
-56.7527
17.2882
49.9466
48.2969
39.3502
19.1376
-0.382403
-12.3193
-23.1162
-33.736
-50.1253
-85.4158
-94.7733
-94.9612
-94.9605
-94.9294
-94.8615
-94.7358
-94.5259
-94.2128
-93.7946
-93.2863
-92.7101
-92.0859
-91.4281
-90.7444
-90.0379
-89.3078
-88.551
-87.7619
-86.933
-86.0543
-85.1123
-84.0883
-82.9559
-81.6749
-80.1808
-78.3593
-75.9792
-72.4687
-65.8178
-42.0257
47.8694
49.4266
44.833
30.3344
8.47956
-5.93636
-16.817
-27.8689
-38.2418
-61.0753
-92.8127
-94.9167
-94.9663
-94.954
-94.9123
-94.8272
-94.6741
-94.4275
-94.0739
-93.6188
-93.0813
-92.4837
-91.8442
-91.1746
-90.4809
-89.7645
-89.0237
-88.2544
-87.4502
-86.6029
-85.7009
-84.7291
-83.6662
-82.4813
-81.1264
-79.5219
-77.5198
-74.8004
-70.4777
-60.6943
-8.62925
49.9584
49.4896
44.5537
28.8679
6.2901
-7.57361
-18.353
-29.4702
-41.1817
-68.3705
-94.0225
-94.9396
-94.9644
-94.9453
-94.8937
-94.7923
-94.6141
-94.3345
-93.945
-93.4566
-92.8921
-92.2741
-91.6197
-90.9388
-90.2356
-89.5103
-88.7599
-87.9796
-87.1621
-86.2981
-85.3751
-84.3761
-83.277
-82.0424
-80.616
-78.9013
-76.7113
-73.6128
-68.2558
-53.2204
33.0468
49.7206
46.4102
33.9983
12.2407
-3.83916
-15.0476
-26.0357
-35.7157
-54.8319
-90.0008
-94.865
-94.9646
-94.9581
-94.9224
-94.8474
-94.7104
-94.4857
-94.1566
-93.7243
-93.2053
-92.6217
-91.9926
-91.3312
-90.6445
-89.9349
-89.2013
-88.4402
-87.6459
-86.8105
-85.9236
-84.9709
-83.933
-82.7818
-81.4745
-79.9414
-78.0569
-75.5608
-71.7839
-64.1929
-32.6269
48.8885
49.3524
44.4423
29.3998
7.51665
-6.55837
-17.3725
-28.4397
-39.2504
-63.6126
-93.3937
-94.9282
-94.9664
-94.9519
-94.9074
-94.8177
-94.6571
-94.3999
-94.0341
-93.5669
-93.019
-92.4132
-91.7675
-91.0932
-90.3955
-89.6755
-88.9309
-88.1574
-87.3484
-86.4949
-85.5853
-84.6037
-83.5278
-82.3252
-80.9451
-79.302
-77.2351
-74.3882
-69.7327
-58.4233
7.10507
49.98
49.0779
42.3379
24.1295
2.49257
-10.1912
-20.7845
-31.7643
-45.7655
-78.4565
-94.5935
-94.9555
-94.9627
-94.9363
-94.8752
-94.7594
-94.5623
-94.2622
-93.8548
-93.3538
-92.7818
-92.1598
-91.5033
-90.8208
-90.1157
-89.3876
-88.6335
-87.8481
-87.0239
-86.1513
-85.2171
-84.2034
-83.0848
-81.8231
-80.3572
-78.5805
-76.2811
-72.9495
-66.8824
-47.3397
44.7691
49.5106
45.2603
31.2983
9.4249
-5.3751
-16.3317
-27.3705
-37.3945
-58.9569
-92.1342
-94.904
-94.9659
-94.9555
-94.9158
-94.8342
-94.6868
-94.4482
-94.1039
-93.6576
-93.1275
-92.5356
-91.9004
-91.2342
-90.5434
-89.8297
-89.0918
-88.3257
-87.5254
-86.6827
-85.7866
-84.8223
-83.7693
-82.5976
-81.2616
-79.6854
-77.7303
-75.1015
-71.0049
-62.1754
-19.1776
49.7548
49.4259
44.5417
29.2446
7.00324
-7.0039
-17.808
-28.9045
-40.1128
-65.7614
-93.7311
-94.934
-94.9654
-94.9488
-94.901
-94.8055
-94.636
-94.3669
-93.9878
-93.508
-92.9496
-92.3356
-91.6839
-91.0049
-90.3034
-89.5799
-88.8317
-88.0541
-87.2401
-86.3806
-85.4632
-84.4717
-83.3825
-82.1616
-80.7551
-79.0712
-76.9347
-73.9469
-68.9061
-55.6386
23.1323
49.8868
47.623
37.2417
16.1683
-1.86988
-13.4701
-24.3605
-34.6506
-52.2638
-87.8334
-94.8226
-94.9629
-94.9594
-94.9262
-94.8552
-94.7246
-94.5084
-94.1887
-93.7648
-93.2525
-92.6736
-92.0479
-91.3891
-90.7046
-89.9971
-89.2659
-88.5076
-87.7167
-86.8854
-86.0037
-85.0577
-84.0285
-82.889
-81.5982
-80.0894
-78.2442
-75.821
-72.2126
-65.2255
-38.7716
48.5375
49.39
44.6473
29.9108
8.06269
-6.1953
-17.0449
-28.1022
-38.6489
-62.1003
-93.0744
-94.9219
-94.9664
-94.9533
-94.9105
-94.8236
-94.6677
-94.417
-94.0588
-93.5992
-93.0578
-92.4572
-91.8154
-91.1442
-90.4491
-89.7314
-88.9892
-88.2184
-87.4125
-86.5629
-85.6581
-84.6828
-83.6152
-82.4239
-81.0598
-79.4414
-77.4161
-74.651
-70.2107
-59.9059
-3.01819
49.9748
49.4096
44.0233
27.5937
5.1084
-8.36984
-19.0768
-30.1782
-42.5424
-71.5907
-94.2762
-94.9461
-94.964
-94.9424
-94.8877
-94.7814
-94.5967
-94.3099
-93.9138
-93.4207
-92.8532
-92.2336
-91.5783
-90.8969
-90.1931
-89.4668
-88.7153
-87.9332
-87.1136
-86.2467
-85.3201
-84.3161
-83.2106
-81.9668
-80.5272
-78.7919
-76.5658
-73.3912
-67.8087
-51.4224
38.1771
49.6282
45.8789
32.7215
10.8698
-4.56591
-15.6479
-26.6628
-36.2408
-56.1111
-90.8142
-94.8802
-94.9652
-94.9574
-94.9204
-94.8432
-94.7029
-94.4736
-94.1393
-93.7022
-93.1794
-92.5928
-91.9615
-91.2984
-90.6102
-89.8993
-89.1642
-88.4015
-87.6052
-86.7673
-85.8773
-84.9208
-83.8779
-82.72
-81.4032
-79.856
-77.9484
-75.4094
-71.5302
-63.557
-28.5678
48.7697
49.3537
44.422
29.2809
7.32409
-6.70758
-17.5141
-28.5888
-39.5227
-64.295
-93.5144
-94.9304
-94.9662
-94.9511
-94.9056
-94.8142
-94.651
-94.3901
-94.02
-93.5486
-92.9971
-92.3883
-91.7404
-91.0643
-90.3652
-89.6439
-88.8981
-88.1232
-87.3124
-86.4569
-85.5447
-84.5597
-83.4795
-82.2707
-80.8817
-79.2252
-77.1354
-74.2423
-69.4629
-57.5469
12.6412
49.97
48.7218
40.8712
21.5412
0.913311
-11.3437
-22.0508
-32.8748
-48.1771
-82.6578
-94.7111
-94.9592
-94.9615
-94.9324
-94.8674
-94.746
-94.5417
-94.2343
-93.8211
-93.3162
-92.742
-92.119
-91.4619
-90.7789
-90.0731
-89.3441
-88.5885
-87.8012
-86.9745
-86.0988
-85.1604
-84.1413
-83.0153
-81.7434
-80.2625
-78.4621
-76.1204
-72.695
-66.3266
-44.6509
46.7966
49.4635
45.0203
30.757
8.89313
-5.68671
-16.5998
-27.646
-37.8589
-60.1144
-92.5297
-94.9113
-94.9662
-94.9547
-94.9139
-94.8304
-94.6799
-94.437
-94.0877
-93.6368
-93.1027
-92.5078
-91.8704
-91.2024
-90.5101
-89.795
-89.0556
-88.2879
-87.4856
-86.6405
-85.7413
-84.7732
-83.7152
-82.5366
-81.1908
-79.6
-77.6207
-74.9452
-70.7328
-61.4238
-13.8507
49.9135
49.4756
44.6261
29.2191
6.78073
-7.20781
-18.0098
-29.1195
-40.519
-66.7595
-93.8538
-94.9361
-94.9649
-94.9472
-94.8978
-94.7996
-94.6262
-94.3523
-93.9681
-93.4841
-92.9225
-92.3064
-91.6532
-90.9731
-90.2708
-89.5464
-88.7972
-88.0183
-87.2028
-86.3413
-85.4214
-84.4265
-83.3329
-82.1058
-80.6904
-78.9927
-76.8321
-73.7946
-68.6134
-54.5775
27.9438
49.8125
47.0184
35.5569
14.0421
-2.92254
-14.3051
-25.2521
-35.2427
-53.684
-89.1223
-94.8479
-94.9639
-94.9587
-94.9241
-94.851
-94.717
-94.4964
-94.1719
-93.7438
-93.2283
-92.6472
-92.02
-91.3601
-90.6747
-89.9664
-89.2342
-88.4747
-87.6822
-86.8491
-85.965
-85.0159
-83.9827
-82.8378
-81.5393
-80.0192
-78.1555
-75.6983
-72.0114
-64.7474
-35.9987
48.7955
49.3674
44.5295
29.6318
7.77804
-6.37937
-17.2093
-28.271
-38.9474
-62.8512
-93.2422
-94.9252
-94.9664
-94.9527
-94.9091
-94.8208
-94.6627
-94.409
-94.0471
-93.584
-93.0396
-92.4366
-91.793
-91.1204
-90.4241
-89.7054
-88.9622
-88.1902
-87.3829
-86.5317
-85.6248
-84.6467
-83.5755
-82.3792
-81.0081
-79.3787
-77.3349
-74.5336
-69.9989
-59.2599
1.48252
49.9798
49.301
43.4138
26.26
4.01347
-9.12007
-19.7626
-30.8286
-43.8346
-74.4935
-94.4374
-94.9507
-94.9635
-94.9398
-94.8824
-94.772
-94.5818
-94.2891
-93.8879
-93.3912
-92.8215
-92.2009
-91.545
-90.8631
-90.1588
-89.4319
-88.6793
-87.8959
-87.0744
-86.2051
-85.2753
-84.2674
-83.1563
-81.9051
-80.4545
-78.7019
-76.4455
-73.2059
-67.4258
-49.794
41.4972
49.5705
45.5705
32.0059
10.1342
-4.97125
-15.9882
-27.0157
-36.8075
-57.5019
-91.5288
-94.893
-94.9656
-94.9565
-94.9182
-94.8389
-94.6952
-94.4616
-94.1227
-93.6816
-93.1555
-92.5667
-91.9338
-91.2694
-90.5802
-89.8681
-89.1319
-88.3677
-87.5698
-86.7299
-85.8373
-84.8775
-83.8303
-82.6666
-81.3416
-79.782
-77.8541
-75.2767
-71.3058
-62.9779
-24.7138
49.1037
49.3733
44.452
29.2449
7.18774
-6.82773
-17.6319
-28.7149
-39.7569
-64.8792
-93.607
-94.932
-94.9659
-94.9502
-94.9038
-94.8109
-94.6451
-94.3809
-94.0069
-93.5319
-92.9773
-92.3662
-91.7165
-91.0391
-90.3389
-89.6166
-88.8698
-88.0938
-87.2816
-86.4244
-85.5101
-84.5224
-83.4385
-82.2247
-80.8284
-79.1605
-77.0514
-74.1193
-69.2334
-56.7777
17.1468
49.9476
48.3115
39.3994
19.2114
-0.344504
-12.2904
-23.0848
-33.7118
-50.0695
-85.3447
-94.7718
-94.9612
-94.9606
-94.9295
-94.8617
-94.7361
-94.5264
-94.2134
-93.7954
-93.2873
-92.7111
-92.087
-91.4293
-90.7458
-90.0394
-89.3095
-88.5528
-87.764
-86.9354
-86.0571
-85.1155
-84.0921
-82.9604
-81.6803
-80.1876
-78.3682
-75.9918
-72.4895
-65.8652
-42.2752
47.7934
49.4298
44.8498
30.3727
8.51749
-5.91305
-16.7966
-27.8479
-38.2055
-60.9842
-92.7877
-94.9163
-94.9663
-94.9541
-94.9124
-94.8275
-94.6746
-94.4284
-94.0752
-93.6206
-93.0834
-92.4861
-91.8468
-91.1775
-90.484
-89.7678
-89.0273
-88.2582
-87.4545
-86.6075
-85.7061
-84.735
-83.673
-82.4891
-81.1358
-79.5336
-77.5353
-74.8231
-70.5184
-60.8124
-9.4733
49.9541
49.4978
44.6167
29.0288
6.45099
-7.46571
-18.2551
-29.3729
-40.9987
-67.9286
-93.9792
-94.9386
-94.9645
-94.9457
-94.8946
-94.7938
-94.6166
-94.3381
-93.9496
-93.462
-92.8979
-92.2803
-91.6261
-90.9454
-90.2424
-89.5174
-88.7673
-87.9874
-87.1705
-86.3072
-85.3851
-84.3872
-83.2895
-82.0569
-80.6333
-78.923
-76.7405
-73.6576
-68.3448
-53.5648
31.8585
49.7424
46.5454
34.3346
12.6167
-3.64525
-14.8894
-25.8696
-35.6191
-54.5959
-89.8311
-94.8617
-94.9645
-94.9582
-94.9228
-94.8481
-94.7118
-94.4881
-94.16
-93.7287
-93.2106
-92.6276
-91.999
-91.338
-90.6518
-89.9426
-89.2095
-88.449
-87.6553
-86.8206
-85.9345
-84.983
-83.9466
-82.7974
-81.4928
-79.9636
-78.0853
-75.6009
-71.8506
-64.3576
-33.6461
48.8806
49.3555
44.4621
29.4579
7.58702
-6.50851
-17.3266
-28.3919
-39.1641
-63.3961
-93.3525
-94.9274
-94.9664
-94.9521
-94.9079
-94.8186
-94.6588
-94.4026
-94.0379
-93.572
-93.0252
-92.4202
-91.7752
-91.1014
-90.4042
-89.6847
-88.9407
-88.1677
-87.3594
-86.5067
-85.5982
-84.6179
-83.5438
-82.3435
-80.9668
-79.3287
-77.2701
-74.4397
-69.8275
-58.7245
5.11377
49.9808
49.1705
42.7642
24.9453
3.0467
-9.79667
-20.3854
-31.4013
-45.005
-76.9548
-94.541
-94.9539
-94.963
-94.9376
-94.8779
-94.7641
-94.5695
-94.2721
-93.8669
-93.3675
-92.7963
-92.1748
-91.5186
-90.8363
-90.1316
-89.4041
-88.6506
-87.8661
-87.0431
-86.1719
-85.2395
-84.2283
-83.1128
-81.8554
-80.3959
-78.6292
-76.3474
-73.0534
-67.105
-48.366
43.6095
49.5329
45.3751
31.5591
9.68468
-5.22559
-16.204
-27.2387
-37.1752
-58.4123
-91.9229
-94.9001
-94.9658
-94.9559
-94.9167
-94.836
-94.69
-94.4534
-94.1112
-93.6669
-93.1385
-92.5478
-91.9136
-91.2482
-90.5581
-89.8452
-89.108
-88.3428
-87.5436
-86.7022
-85.8077
-84.8455
-83.795
-82.6269
-81.2958
-79.7269
-77.7839
-75.1777
-71.1364
-62.5304
-21.6489
49.5692
49.401
44.4962
29.2371
7.08313
-6.92555
-17.7293
-28.8196
-39.9526
-65.3647
-93.6774
-94.9331
-94.9657
-94.9495
-94.9023
-94.808
-94.6401
-94.3733
-93.9964
-93.5187
-92.9619
-92.3492
-91.6983
-91.0201
-90.3192
-89.5963
-88.8488
-88.0719
-87.2589
-86.4005
-85.4847
-84.4951
-83.4085
-82.1911
-80.7896
-79.1135
-76.9902
-74.0296
-69.0641
-56.1945
20.3167
49.9202
47.9626
38.2672
17.5653
-1.1785
-12.9312
-23.78
-34.2362
-51.2857
-86.8023
-94.802
-94.9622
-94.9599
-94.9277
-94.8581
-94.7297
-94.5165
-94.1998
-93.7786
-93.2683
-92.6907
-92.0658
-91.4076
-90.7236
-90.0168
-89.2863
-88.5289
-87.739
-86.9092
-86.0292
-85.0855
-84.0592
-82.9237
-81.6383
-80.1376
-78.3054
-75.9056
-72.3502
-65.5465
-40.5601
48.2356
49.4089
44.7439
30.1327
8.28257
-6.0574
-16.9231
-27.9775
-38.4306
-61.5506
-92.939
-94.9192
-94.9664
-94.9537
-94.9115
-94.8256
-94.6711
-94.4227
-94.067
-93.6099
-93.0706
-92.4717
-91.8312
-91.161
-90.4667
-89.7499
-89.0086
-88.2388
-87.4341
-86.586
-85.6831
-84.71
-83.6455
-82.4583
-81.1001
-79.4905
-77.4798
-74.7436
-70.3769
-60.4
-6.52492
49.9665
49.4652
44.3797
28.4353
5.87169
-7.85436
-18.6078
-29.7218
-41.6594
-69.5147
-94.1237
-94.9421
-94.9643
-94.9442
-94.8915
-94.7884
-94.6078
-94.3256
-93.9336
-93.4435
-92.8778
-92.2593
-91.6046
-90.9236
-90.2203
-89.4948
-88.7442
-87.9634
-87.1454
-86.2807
-85.3567
-84.3563
-83.2554
-82.0182
-80.588
-78.8673
-76.6666
-73.5455
-68.1216
-52.6913
34.7375
49.6897
46.2262
33.549
11.7493
-4.09566
-15.2581
-26.2562
-35.8408
-55.1361
-90.212
-94.8692
-94.9648
-94.958
-94.9219
-94.8464
-94.7085
-94.4826
-94.1521
-93.7184
-93.1983
-92.6137
-91.984
-91.3221
-90.6351
-89.9252
-89.1914
-88.43
-87.6354
-86.7995
-85.912
-84.9586
-83.9198
-82.7673
-81.4582
-79.9222
-78.033
-75.528
-71.7297
-64.0592
-31.7887
48.8833
49.351
44.4309
29.3623
7.46768
-6.59386
-17.4055
-28.4741
-39.3125
-63.7689
-93.4225
-94.9287
-94.9664
-94.9517
-94.9071
-94.817
-94.6558
-94.3979
-94.0311
-93.5631
-93.0145
-92.4082
-91.762
-91.0874
-90.3896
-89.6694
-88.9248
-88.1512
-87.342
-86.4884
-85.5786
-84.5967
-83.5205
-82.3172
-80.9362
-79.2917
-77.2222
-74.3699
-69.6997
-58.3186
7.78497
49.9794
49.0423
42.1801
23.8357
2.30029
-10.3293
-20.9363
-31.902
-46.0581
-79.0124
-94.6113
-94.9561
-94.9626
-94.9358
-94.8742
-94.7577
-94.5597
-94.2587
-93.8505
-93.3491
-92.7768
-92.1548
-91.4983
-90.8159
-90.1108
-89.3828
-88.6288
-87.8433
-87.0191
-86.1464
-85.2121
-84.1982
-83.0793
-81.8171
-80.3505
-78.5726
-76.2709
-72.9338
-66.8491
-47.1837
44.9236
49.5076
45.2449
31.2641
9.39196
-5.39376
-16.3475
-27.3867
-37.4216
-59.0243
-92.1595
-94.9045
-94.966
-94.9555
-94.9157
-94.834
-94.6864
-94.4476
-94.103
-93.6565
-93.1261
-92.5341
-91.8989
-91.2326
-90.5418
-89.8282
-89.0904
-88.3244
-87.5242
-86.6817
-85.7857
-84.8217
-83.7688
-82.5975
-81.2618
-79.686
-77.7315
-75.1037
-71.0092
-62.1875
-19.2624
49.7501
49.4251
44.5404
29.2453
7.00718
-7.00037
-17.8045
-28.9008
-40.1058
-65.7442
-93.7288
-94.934
-94.9655
-94.9488
-94.901
-94.8056
-94.6362
-94.3672
-93.9882
-93.5085
-92.9502
-92.3363
-91.6847
-91.0058
-90.3045
-89.5811
-88.8332
-88.0558
-87.242
-86.3829
-85.466
-84.4749
-83.3864
-82.1663
-80.761
-79.0789
-76.9452
-73.963
-68.9377
-55.752
22.5749
49.8941
47.6916
37.4438
16.4367
-1.73777
-13.3667
-24.2494
-34.573
-52.0797
-87.6482
-94.8189
-94.9628
-94.9595
-94.9265
-94.8557
-94.7256
-94.51
-94.1908
-93.7675
-93.2556
-92.677
-92.0515
-91.3929
-90.7086
-90.0014
-89.2706
-88.5126
-87.7221
-86.8914
-86.0102
-85.0651
-84.0369
-82.8988
-81.6097
-80.1037
-78.2626
-75.8469
-72.2551
-65.3253
-39.3347
48.4566
49.3957
44.6765
29.9787
8.13094
-6.1519
-17.0064
-28.0627
-38.5794
-61.9254
-93.0326
-94.9211
-94.9664
-94.9534
-94.9108
-94.8242
-94.6688
-94.4188
-94.0614
-93.6026
-93.0619
-92.4619
-91.8206
-91.1497
-90.455
-89.7377
-88.996
-88.2256
-87.4202
-86.5714
-85.6675
-84.6932
-83.6271
-82.4376
-81.0761
-79.4616
-77.4426
-74.69
-70.2811
-60.1164
-4.50671
49.9719
49.4358
44.1857
27.9706
5.44258
-8.14331
-18.8705
-29.9785
-42.1535
-70.684
-94.2142
-94.9445
-94.9641
-94.9432
-94.8894
-94.7844
-94.6015
-94.3167
-93.9223
-93.4305
-92.8638
-92.2447
-91.5898
-90.9086
-90.2051
-89.4793
-88.7282
-87.9469
-87.1282
-86.2625
-85.3372
-84.3351
-83.232
-81.9916
-80.5568
-78.8289
-76.6156
-73.4679
-67.965
-52.063
36.5446
49.6571
46.0396
33.1015
11.2699
-4.34998
-15.4682
-26.4756
-35.9617
-55.4322
-90.4085
-94.873
-94.965
-94.9578
-94.9215
-94.8454
-94.7066
-94.4793
-94.1472
-93.712
-93.1905
-92.605
-91.9745
-91.312
-90.6244
-89.9141
-89.1797
-88.4178
-87.6226
-86.786
-85.8975
-84.943
-83.9026
-82.7481
-81.436
-79.8958
-77.9995
-75.4814
-71.6517
-63.8652
-30.5597
48.8572
49.3505
44.4209
29.3187
7.4035
-6.64234
-17.4512
-28.5219
-39.3997
-63.9873
-93.4616
-94.9295
-94.9663
-94.9515
-94.9065
-94.8159
-94.6539
-94.3949
-94.0268
-93.5575
-93.0078
-92.4005
-91.7537
-91.0785
-90.3803
-89.6598
-88.9148
-88.1408
-87.3311
-86.4769
-85.5664
-84.5835
-83.506
-82.301
-80.9174
-79.2689
-77.1927
-74.3269
-69.6208
-58.0635
9.42383
49.9775
48.9476
41.7742
23.0978
1.83359
-10.667
-21.3079
-32.2341
-46.7716
-80.3154
-94.6499
-94.9573
-94.9622
-94.9346
-94.8719
-94.7537
-94.5534
-94.2502
-93.8403
-93.3377
-92.7648
-92.1425
-91.4859
-90.8033
-90.0981
-89.3698
-88.6153
-87.8293
-87.0045
-86.1309
-85.1954
-84.1799
-83.0589
-81.7938
-80.3229
-78.5381
-76.2242
-72.8602
-66.69
-46.4285
45.5985
49.4933
45.172
31.0994
9.22948
-5.48847
-16.4288
-27.4703
-37.562
-59.3733
-92.2845
-94.9068
-94.966
-94.9552
-94.9151
-94.8328
-94.6844
-94.4443
-94.0982
-93.6503
-93.1189
-92.526
-91.8901
-91.2234
-90.5322
-89.8182
-89.08
-88.3135
-87.5128
-86.6696
-85.7728
-84.8077
-83.7535
-82.5802
-81.2419
-79.662
-77.7009
-75.0602
-70.9342
-61.9836
-17.8258
49.8166
49.4395
44.5668
29.2477
6.95702
-7.04867
-17.8529
-28.9528
-40.2037
-65.9851
-93.76
-94.9345
-94.9653
-94.9484
-94.9002
-94.8041
-94.6337
-94.3635
-93.9831
-93.5023
-92.9431
-92.3286
-91.6766
-90.9974
-90.2958
-89.5722
-88.824
-88.0463
-87.2323
-86.3726
-85.4551
-84.4632
-83.3736
-82.1521
-80.7445
-79.059
-76.9194
-73.925
-68.8653
-55.4944
23.8297
49.8773
47.5359
36.989
15.8361
-2.03397
-13.5992
-24.499
-34.7463
-52.4924
-88.0571
-94.827
-94.9631
-94.9593
-94.9259
-94.8545
-94.7234
-94.5065
-94.1861
-93.7616
-93.2489
-92.6697
-92.0439
-91.3851
-90.7006
-89.9932
-89.2621
-88.5039
-87.713
-86.8819
-86.0002
-85.0543
-84.0251
-82.8857
-81.5947
-80.0858
-78.2402
-75.8161
-72.2052
-65.2084
-38.6736
48.5505
49.3891
44.6431
29.9018
8.05438
-6.20038
-17.0493
-28.1067
-38.6567
-62.12
-93.0791
-94.922
-94.9664
-94.9533
-94.9104
-94.8236
-94.6675
-94.4168
-94.0585
-93.5988
-93.0574
-92.4568
-91.8151
-91.1439
-90.4489
-89.7314
-88.9894
-88.2188
-87.4132
-86.5639
-85.6596
-84.6847
-83.6178
-82.4272
-81.0642
-79.4472
-77.4242
-74.6634
-70.2336
-59.975
-3.50812
49.9739
49.4187
44.0788
27.7216
5.22044
-8.29358
-19.0072
-30.1111
-42.4116
-71.2869
-94.2561
-94.9456
-94.9641
-94.9427
-94.8882
-94.7824
-94.5983
-94.3122
-93.9167
-93.424
-92.8568
-92.2375
-91.5824
-90.9012
-90.1976
-89.4716
-88.7204
-87.9388
-87.1198
-86.2536
-85.3278
-84.3249
-83.2207
-81.9788
-80.5419
-78.8105
-76.5912
-73.4307
-67.8898
-51.7558
37.3523
49.6427
45.9594
32.9116
11.0695
-4.45749
-15.5575
-26.5686
-36.0989
-55.765
-90.6122
-94.8767
-94.9651
-94.9576
-94.9209
-94.8443
-94.7048
-94.4765
-94.1434
-93.7072
-93.1852
-92.5992
-91.9683
-91.3056
-90.6179
-89.9073
-89.1728
-88.4106
-87.615
-86.778
-85.8891
-84.9339
-83.8927
-82.737
-81.4234
-79.8807
-77.9803
-75.4548
-71.6071
-63.7528
-29.8366
48.8318
49.3512
44.4193
29.3015
7.37264
-6.66689
-17.4746
-28.5468
-39.4452
-64.1011
-93.4815
-94.9298
-94.9663
-94.9513
-94.9062
-94.8153
-94.6529
-94.3932
-94.0243
-93.5543
-93.0039
-92.3962
-91.749
-91.0735
-90.3751
-89.6544
-88.9092
-88.135
-87.3251
-86.4705
-85.5596
-84.5763
-83.4981
-82.2922
-80.9072
-79.2567
-77.1769
-74.3038
-69.5782
-57.9253
10.3
49.976
48.8915
41.542
22.6869
1.58303
-10.8499
-21.5089
-32.4105
-47.1547
-80.9839
-94.6684
-94.9579
-94.9621
-94.934
-94.8707
-94.7515
-94.5502
-94.2458
-93.835
-93.3318
-92.7585
-92.1361
-91.4794
-90.7968
-90.0915
-89.3631
-88.6084
-87.8222
-86.997
-86.123
-85.1869
-84.1707
-83.0486
-81.7821
-80.3091
-78.5209
-76.2009
-72.8234
-66.6097
-46.0426
45.9015
49.4864
45.137
31.0208
9.15258
-5.53313
-16.4671
-27.5097
-37.6281
-59.5385
-92.3417
-94.9078
-94.9661
-94.9551
-94.9149
-94.8323
-94.6834
-94.4427
-94.0959
-93.6473
-93.1154
-92.522
-91.8859
-91.2189
-90.5275
-89.8134
-89.075
-88.3083
-87.5074
-86.6638
-85.7667
-84.8011
-83.7463
-82.5722
-81.2326
-79.651
-77.6868
-75.0401
-70.8994
-61.8879
-17.1493
49.8404
49.4461
44.5787
29.2471
6.93149
-7.07276
-17.8769
-28.9784
-40.2522
-66.1045
-93.7751
-94.9347
-94.9652
-94.9482
-94.8998
-94.8034
-94.6325
-94.3617
-93.9807
-93.4993
-92.9397
-92.325
-91.6728
-90.9935
-90.2918
-89.5682
-88.8199
-88.0421
-87.2278
-86.368
-85.4502
-84.458
-83.368
-82.1458
-80.7374
-79.0505
-76.9083
-73.9087
-68.8344
-55.3843
24.3506
49.8698
47.4706
36.8018
15.5934
-2.15363
-13.6936
-24.6001
-34.8152
-52.6564
-88.2134
-94.8301
-94.9632
-94.9592
-94.9256
-94.854
-94.7225
-94.5052
-94.1842
-93.7592
-93.2461
-92.6668
-92.0409
-91.3819
-90.6974
-89.99
-89.2588
-88.5005
-87.7095
-86.8782
-85.9963
-85.0502
-84.0207
-82.8808
-81.5892
-80.0793
-78.2321
-75.805
-72.1871
-65.1662
-38.4335
48.5808
49.3869
44.6316
29.8752
8.02776
-6.21736
-17.0644
-28.1222
-38.684
-62.1883
-93.0952
-94.9223
-94.9664
-94.9532
-94.9103
-94.8233
-94.6671
-94.4161
-94.0575
-93.5975
-93.0558
-92.455
-91.8132
-91.1419
-90.4468
-89.7292
-88.9872
-88.2166
-87.4109
-86.5615
-85.6571
-84.6821
-83.6149
-82.4241
-81.0607
-79.443
-77.4189
-74.6558
-70.2202
-59.9352
-3.2252
49.9744
49.4135
44.0471
27.6487
5.15646
-8.33703
-19.0468
-30.1493
-42.486
-71.4602
-94.2677
-94.9459
-94.964
-94.9425
-94.8879
-94.7819
-94.5974
-94.3109
-93.9151
-93.4222
-92.8549
-92.2355
-91.5804
-90.8991
-90.1956
-89.4696
-88.7184
-87.9368
-87.1176
-86.2514
-85.3254
-84.3224
-83.218
-81.9759
-80.5385
-78.8065
-76.5859
-73.4227
-67.8737
-51.6898
37.52
49.6398
45.9431
32.8731
11.0292
-4.47916
-15.5755
-26.5873
-36.127
-55.8335
-90.6531
-94.8774
-94.9651
-94.9575
-94.9208
-94.8441
-94.7044
-94.4759
-94.1426
-93.7063
-93.1841
-92.598
-91.9671
-91.3043
-90.6166
-89.906
-89.1715
-88.4093
-87.6137
-86.7767
-85.8877
-84.9324
-83.8912
-82.7354
-81.4215
-79.8785
-77.9777
-75.4513
-71.6013
-63.7382
-29.7427
48.8279
49.3513
44.4194
29.3
7.36929
-6.66966
-17.4773
-28.5496
-39.4505
-64.1142
-93.4838
-94.9299
-94.9663
-94.9513
-94.9061
-94.8152
-94.6527
-94.393
-94.024
-93.5539
-93.0035
-92.3957
-91.7485
-91.073
-90.3745
-89.6538
-88.9087
-88.1345
-87.3246
-86.4701
-85.5592
-84.5759
-83.4977
-82.2918
-80.9069
-79.2564
-77.1767
-74.3036
-69.578
-57.9247
10.3035
49.976
48.8913
41.541
22.6852
1.58195
-10.8507
-21.5098
-32.4112
-47.1563
-80.9868
-94.6685
-94.9579
-94.9621
-94.934
-94.8707
-94.7515
-94.5502
-94.2458
-93.835
-93.3318
-92.7586
-92.1362
-91.4794
-90.7968
-90.0916
-89.3632
-88.6086
-87.8224
-86.9973
-86.1233
-85.1874
-84.1713
-83.0494
-81.783
-80.3102
-78.5225
-76.2031
-72.8271
-66.6179
-46.0815
45.8722
49.4871
45.1407
31.0291
9.1609
-5.5282
-16.4629
-27.5053
-37.6207
-59.52
-92.3355
-94.9077
-94.9661
-94.9551
-94.9149
-94.8324
-94.6835
-94.4428
-94.0961
-93.6477
-93.1158
-92.5225
-91.8864
-91.2195
-90.5281
-89.814
-89.0757
-88.3091
-87.5082
-86.6648
-85.7678
-84.8024
-83.7478
-82.5739
-81.2347
-79.6536
-77.6902
-75.0452
-70.9083
-61.9125
-17.3239
49.8346
49.4444
44.5757
29.2476
6.93847
-7.06627
-17.8704
-28.9716
-40.2392
-66.0724
-93.7711
-94.9347
-94.9653
-94.9483
-94.8999
-94.8036
-94.6328
-94.3621
-93.9813
-93.5001
-92.9407
-92.326
-91.6738
-90.9946
-90.293
-89.5694
-88.8212
-88.0435
-87.2294
-86.3697
-85.4521
-84.4601
-83.3704
-82.1485
-80.7406
-79.0545
-76.9137
-73.9168
-68.8501
-55.4406
24.085
49.8737
47.5039
36.8969
15.7162
-2.093
-13.6457
-24.5488
-34.7805
-52.5736
-88.1347
-94.8286
-94.9631
-94.9593
-94.9258
-94.8543
-94.7229
-94.5059
-94.1851
-93.7605
-93.2476
-92.6684
-92.0425
-91.3836
-90.6992
-89.9918
-89.2608
-88.5025
-87.7117
-86.8806
-85.9989
-85.053
-84.0239
-82.8845
-81.5935
-80.0846
-78.2388
-75.8144
-72.2026
-65.2025
-38.6396
48.5549
49.3889
44.6417
29.8988
8.05155
-6.2021
-17.0508
-28.1083
-38.6594
-62.1267
-93.0806
-94.922
-94.9664
-94.9533
-94.9104
-94.8235
-94.6675
-94.4168
-94.0584
-93.5987
-93.0573
-92.4567
-91.815
-91.1438
-90.4489
-89.7314
-88.9895
-88.219
-87.4135
-86.5644
-85.6602
-84.6855
-83.6187
-82.4284
-81.0658
-79.4493
-77.4272
-74.668
-70.2421
-60.0007
-3.69095
49.9736
49.4219
44.099
27.7684
5.26203
-8.26542
-18.9816
-30.0863
-42.3632
-71.1744
-94.2486
-94.9454
-94.9641
-94.9428
-94.8884
-94.7828
-94.5989
-94.313
-93.9178
-93.4253
-92.8582
-92.2389
-91.5839
-90.9028
-90.1993
-89.4734
-88.7223
-87.9409
-87.1221
-86.2561
-85.3306
-84.3281
-83.2244
-81.9833
-80.5473
-78.8174
-76.6006
-73.4453
-67.9195
-51.8776
37.0382
49.6483
45.9905
32.9854
11.1475
-4.41563
-15.5227
-26.5324
-36.0446
-55.6329
-90.5328
-94.8753
-94.965
-94.9577
-94.9212
-94.8447
-94.7055
-94.4776
-94.1449
-93.7091
-93.1873
-92.6016
-91.9709
-91.3083
-90.6207
-89.9103
-89.176
-88.414
-87.6187
-86.782
-85.8935
-84.9388
-83.8982
-82.7433
-81.4308
-79.8898
-77.9922
-75.4715
-71.6354
-63.8245
-30.2974
48.8488
49.3507
44.4203
29.3128
7.39299
-6.65067
-17.4591
-28.5304
-39.4151
-64.0258
-93.4684
-94.9296
-94.9663
-94.9514
-94.9064
-94.8157
-94.6536
-94.3943
-94.026
-93.5564
-93.0065
-92.3991
-91.7522
-91.077
-90.3788
-89.6583
-88.9133
-88.1394
-87.3298
-86.4756
-85.5652
-84.5824
-83.505
-82.3001
-80.9167
-79.2684
-77.1923
-74.3267
-69.6208
-58.0641
9.41914
49.9775
48.9479
41.7753
23.0998
1.8348
-10.6662
-21.307
-32.2333
-46.7698
-80.3121
-94.6498
-94.9573
-94.9622
-94.9346
-94.8719
-94.7537
-94.5535
-94.2503
-93.8404
-93.3378
-92.7649
-92.1427
-91.4861
-90.8036
-90.0985
-89.3704
-88.616
-87.8302
-87.0055
-86.1322
-85.197
-84.1819
-83.0613
-81.7968
-80.3267
-78.5431
-76.2313
-72.8718
-66.7155
-46.5502
45.4976
49.4956
45.1837
31.1263
9.25663
-5.4723
-16.4148
-27.4559
-37.5377
-59.3128
-92.2634
-94.9064
-94.966
-94.9553
-94.9152
-94.833
-94.6847
-94.4448
-94.099
-93.6514
-93.1202
-92.5274
-91.8917
-91.2252
-90.5341
-89.8203
-89.0822
-88.316
-87.5156
-86.6727
-85.7763
-84.8116
-83.758
-82.5856
-81.2483
-79.6701
-77.7115
-75.0756
-70.9612
-62.0576
-18.3458
49.7953
49.4344
44.5576
29.2479
6.97652
-7.03022
-17.8345
-28.933
-40.1666
-65.8937

