-70
-56.9445
21.8821
49.8948
47.7469
37.8024
17.2387
-1.14041
-12.8441
-23.6701
-34.1425
-51.0967
-86.7824
-94.8649
-94.9872
-94.9794
-94.9578
-94.9147
-94.8345
-94.6981
-94.4918
-94.2159
-93.8845
-93.518
-93.1347
-92.7479
-92.366
-91.9932
-91.6316
-91.2816
-90.9432
-90.6157
-90.2985
-89.9908
-89.6919
-89.401
-89.1174
-88.8403
-88.569
-88.3029
-88.0414
-87.7836
-87.5291
-87.277
-87.0267
-86.7776
-86.5288
-86.2796
-86.0292
-85.7768
-85.5213
-85.2617
-84.997
-84.7257
-84.4463
-84.1572
-83.8562
-83.541
-83.2086
-82.8551
-82.4762
-82.0655
-81.6153
-81.1146
-80.5479
-79.8925
-79.1128
-78.149
-76.8907
-75.103
-72.1644
-65.656
-35.9488
49.075
49.4909
45.5471
32.9694
12.4622
-3.0676
-14.189
-25.0203
-34.9914
-53.0764
-88.8752
-94.906
-94.9867
-94.9762
-94.9505
-94.8985
-94.8003
-94.6315
-94.3753
-94.0333
-93.6245
-93.1755
-92.7098
-92.2443
-91.7894
-91.3503
-90.9296
-90.5276
-90.144
-89.7778
-89.4279
-89.0931
-88.7722
-88.4641
-88.1675
-87.8814
-87.6049
-87.3368
-87.0762
-86.8223
-86.574
-86.3306
-86.0911
-85.8546
-85.6204
-85.3874
-85.1548
-84.9215
-84.6866
-84.449
-84.2073
-83.9603
-83.7063
-83.4437
-83.1703
-82.8837
-82.5809
-82.2582
-81.9108
-81.5329
-81.1164
-80.6504
-80.1193
-79.5
-78.7566
-77.8284
-76.6028
-74.8394
-71.9001
-65.2976
-34.8286
49.0916
49.4809
45.4891
32.8053
12.2388
-3.21709
-14.3214
-25.1654
-35.0891
-53.3133
-89.0769
-94.9083
-94.9854
-94.9732
-94.9442
-94.8853
-94.7736
-94.5816
-94.2909
-93.9049
-93.4473
-92.9491
-92.4375
-91.9315
-91.4424
-90.9755
-90.5329
-90.1147
-89.7199
-89.3471
-88.9947
-88.6612
-88.3449
-88.0443
-87.7582
-87.485
-87.2237
-86.9731
-86.732
-86.4996
-86.2747
-86.0565
-85.8441
-85.6367
-85.4334
-85.2335
-85.0361
-84.8405
-84.6457
-84.4511
-84.2557
-84.0586
-83.8588
-83.6553
-83.4467
-83.2319
-83.0091
-82.7768
-82.5327
-82.2742
-81.9983
-81.701
-81.3773
-81.0207
-80.6224
-80.1703
-79.6468
-79.0252
-78.2631
-77.2865
-75.9525
-73.936
-70.2807
-60.4633
0.0529749
49.9825
49.4724
44.8316
30.4979
8.94501
-5.53942
-16.4372
-27.4627
-37.5402
-59.3679
-92.4137
-94.9514
-94.9815
-94.9635
-94.9242
-94.846
-94.7013
-94.4603
-94.1082
-93.657
-93.1388
-92.5893
-92.0367
-91.4993
-90.9868
-90.5033
-90.0495
-89.6247
-89.2271
-88.8547
-88.5053
-88.1771
-87.8681
-87.5766
-87.3009
-87.0396
-86.7913
-86.5547
-86.3286
-86.1119
-85.9037
-85.703
-85.5089
-85.3205
-85.1371
-84.9577
-84.7819
-84.6087
-84.4374
-84.2673
-84.0977
-83.9279
-83.7569
-83.584
-83.4082
-83.2285
-83.0439
-82.8531
-82.6546
-82.4468
-82.2276
-81.9946
-81.7451
-81.4752
-81.1804
-80.8546
-80.4898
-80.0746
-79.5932
-79.0217
-78.3223
-77.4309
-76.2267
-74.4471
-71.3756
-64.0856
-27.0929
48.8909
49.4823
45.4755
32.6982
12.02
-3.3914
-14.4846
-25.3483
-35.2144
-53.6218
-89.3282
-94.9106
-94.9831
-94.9682
-94.9334
-94.8626
-94.728
-94.4965
-94.147
-93.6865
-93.1466
-92.5662
-91.9783
-91.4048
-90.8578
-90.3426
-89.8607
-89.4111
-88.992
-88.6011
-88.236
-87.8944
-87.5742
-87.2734
-86.9901
-86.7226
-86.4694
-86.229
-86.0001
-85.7815
-85.5721
-85.3708
-85.1766
-84.9886
-84.806
-84.6279
-84.4534
-84.2819
-84.1125
-83.9444
-83.7769
-83.6091
-83.4402
-83.2693
-83.0954
-82.9174
-82.7342
-82.5442
-82.3461
-82.138
-81.9176
-81.6823
-81.4288
-81.1529
-80.8493
-80.5109
-80.1279
-79.687
-79.1681
-78.5406
-77.7539
-76.718
-75.2492
-72.9014
-68.1959
-52.3122
39.0837
49.6939
46.6302
35.6124
15.6557
-1.21382
-12.6523
-23.3566
-33.8032
-50.253
-85.8741
-94.8552
-94.9828
-94.9697
-94.937
-94.8708
-94.7455
-94.5292
-94.1972
-93.7483
-93.207
-92.6109
-91.9958
-91.3879
-90.8034
-90.2507
-89.7329
-89.2499
-88.8005
-88.3822
-87.9926
-87.6292
-87.2896
-86.9713
-86.6724
-86.3908
-86.1248
-85.8727
-85.6329
-85.4042
-85.1852
-84.9747
-84.7715
-84.5747
-84.3832
-84.1959
-84.0121
-83.8307
-83.6508
-83.4714
-83.2915
-83.1102
-82.9263
-82.7386
-82.5457
-82.346
-82.1379
-81.9192
-81.6875
-81.4395
-81.1717
-80.879
-80.5552
-80.1915
-79.7763
-79.2924
-78.7139
-77.9997
-77.0783
-75.8118
-73.8913
-70.4245
-61.3731
-7.5707
49.9677
49.5749
45.462
32.0081
10.5541
-4.55514
-15.5793
-26.5645
-36.0706
-55.7321
-90.7617
-94.9276
-94.9793
-94.9595
-94.9153
-94.826
-94.658
-94.3735
-93.9525
-93.4095
-92.7854
-92.1265
-91.4691
-90.8364
-90.2399
-89.6838
-89.1683
-88.6914
-88.2501
-87.8412
-87.4617
-87.1086
-86.7792
-86.4711
-86.1819
-85.9097
-85.6526
-85.4089
-85.177
-84.9556
-84.7433
-84.5389
-84.3412
-84.1492
-83.9618
-83.7779
-83.5967
-83.4171
-83.238
-83.0584
-82.8773
-82.6934
-82.5054
-82.3119
-82.1112
-81.9014
-81.6801
-81.4447
-81.1916
-80.9166
-80.6142
-80.277
-79.8948
-79.4537
-78.9325
-78.2988
-77.4984
-76.4332
-74.8996
-72.3871
-67.1135
-47.3068
46.0876
49.5856
46.03
34.0899
13.7286
-2.34655
-13.5913
-24.3795
-34.5576
-52.0343
-87.8915
-94.8881
-94.9812
-94.9648
-94.9262
-94.8479
-94.6991
-94.4434
-94.0561
-93.5415
-92.9325
-92.2726
-91.6009
-90.9447
-90.3196
-89.7332
-89.1876
-88.6819
-88.2139
-87.7806
-87.3789
-87.0058
-86.6584
-86.3339
-86.03
-85.7445
-85.4752
-85.2202
-84.978
-84.7468
-84.5252
-84.3119
-84.1056
-83.905
-83.709
-83.5165
-83.3263
-83.1372
-82.9481
-82.7578
-82.5648
-82.3679
-82.1652
-81.9551
-81.7353
-81.5032
-81.2558
-80.9891
-80.6982
-80.3766
-80.0157
-79.6032
-79.1218
-78.5449
-77.8299
-76.9026
-75.6191
-73.6516
-70.0367
-60.2516
0.263394
49.981
49.452
44.6804
30.0511
8.38371
-5.93019
-16.7949
-27.8408
-38.1927
-61.0014
-92.906
-94.9554
-94.9754
-94.9503
-94.8964
-94.7894
-94.5917
-94.2647
-93.7921
-93.1947
-92.5188
-91.8133
-91.1157
-90.4488
-89.8237
-89.244
-88.7091
-88.2165
-87.7627
-87.3439
-86.9567
-86.5976
-86.2636
-85.952
-85.6603
-85.3862
-85.1276
-84.8826
-84.6497
-84.4271
-84.2135
-84.0075
-83.8079
-83.6134
-83.4228
-83.235
-83.0488
-82.863
-82.6765
-82.4878
-82.2956
-82.0983
-81.8941
-81.6809
-81.4562
-81.2171
-80.9599
-80.6799
-80.371
-80.0251
-79.631
-79.1727
-78.6262
-77.9531
-77.0886
-75.9093
-74.1465
-71.0623
-63.6253
-25.29
49.0841
49.4735
45.3532
32.2426
11.3065
-3.90592
-14.9541
-25.8657
-35.5502
-54.4458
-89.9476
-94.9171
-94.9788
-94.9586
-94.9129
-94.8199
-94.6428
-94.3392
-93.8844
-93.2921
-92.6077
-91.8838
-91.1631
-90.4721
-89.8243
-89.2242
-88.6716
-88.1636
-87.6966
-87.2666
-86.8697
-86.5023
-86.1611
-85.8433
-85.5461
-85.2671
-85.0041
-84.7553
-84.5187
-84.2927
-84.0759
-83.8668
-83.664
-83.4663
-83.2725
-83.0812
-82.8913
-82.7014
-82.5103
-82.3166
-82.1186
-81.9145
-81.7025
-81.48
-81.2442
-80.9918
-80.7181
-80.4177
-80.0831
-79.7038
-79.2654
-78.7464
-78.1133
-77.3099
-76.2334
-74.6688
-72.067
-66.4556
-44.1088
47.7482
49.539
45.7681
33.4085
12.8581
-2.88648
-14.0541
-24.8842
-34.9092
-52.8811
-88.6951
-94.8995
-94.9794
-94.9604
-94.9167
-94.8275
-94.6576
-94.3655
-93.925
-93.3453
-92.6672
-91.9416
-91.2116
-90.5059
-89.8401
-89.2207
-88.6486
-88.122
-87.6374
-87.1911
-86.7793
-86.3983
-86.0447
-85.7155
-85.4078
-85.1191
-84.847
-84.5895
-84.3447
-84.1107
-83.8859
-83.6688
-83.458
-83.2519
-83.0493
-82.8487
-82.6488
-82.448
-82.2448
-82.0375
-81.8242
-81.6027
-81.3704
-81.1241
-80.8601
-80.5735
-80.2579
-79.9049
-79.5029
-79.035
-78.4758
-77.7849
-76.8922
-75.6634
-73.7983
-70.4422
-61.8293
-12.1887
49.9392
49.57
45.487
32.0753
10.6142
-4.52542
-15.5559
-26.5412
-36.0358
-55.6471
-90.7145
-94.9256
-94.9763
-94.9529
-94.9011
-94.7963
-94.5987
-94.264
-93.7701
-93.1362
-92.4128
-91.6556
-90.9076
-90.1952
-89.5307
-88.9181
-88.3561
-87.8414
-87.3697
-86.9367
-86.5382
-86.1702
-85.8293
-85.5122
-85.2163
-84.9388
-84.6776
-84.4306
-84.1958
-83.9716
-83.7564
-83.5487
-83.347
-83.1501
-82.9565
-82.7651
-82.5744
-82.3831
-82.1896
-81.9925
-81.7898
-81.5796
-81.3594
-81.1265
-80.8773
-80.6075
-80.3113
-79.9812
-79.6071
-79.1744
-78.6618
-78.0356
-77.2398
-76.1717
-74.6162
-72.0246
-66.4262
-44.1443
47.7182
49.5363
45.7456
33.3301
12.7348
-2.97365
-14.1326
-24.9711
-34.9697
-53.0288
-88.8245
-94.9009
-94.9785
-94.9585
-94.9126
-94.8191
-94.6408
-94.3344
-93.8731
-93.2678
-92.5622
-91.81
-91.0562
-90.3303
-89.648
-89.0155
-88.4333
-87.899
-87.4089
-86.9587
-86.5444
-86.162
-85.8079
-85.4789
-85.1719
-84.8842
-84.6135
-84.3576
-84.1144
-83.8822
-83.6592
-83.4438
-83.2345
-83.0298
-82.8284
-82.6288
-82.4294
-82.2288
-82.0253
-81.8171
-81.602
-81.3778
-81.1415
-80.8897
-80.618
-80.3208
-79.9908
-79.6181
-79.1885
-78.6813
-78.0641
-77.2832
-76.241
-74.7355
-72.2607
-67.0605
-47.7253
45.6705
49.5819
45.9773
33.8682
13.3399
-2.63393
-13.8518
-24.6708
-34.7694
-52.547
-88.3831
-94.8939
-94.9783
-94.9583
-94.9123
-94.8188
-94.6411
-94.3364
-93.8777
-93.2742
-92.5677
-91.8112
-91.0501
-90.3149
-89.6224
-88.9797
-88.3876
-87.8443
-87.3461
-86.8887
-86.4682
-86.0803
-85.7214
-85.3882
-85.0776
-84.7867
-84.5132
-84.2547
-84.0091
-83.7746
-83.5495
-83.332
-83.1205
-82.9137
-82.7099
-82.5077
-82.3055
-82.1018
-81.8947
-81.6822
-81.4622
-81.232
-80.9886
-80.728
-80.4455
-80.1347
-79.7873
-79.3916
-78.9309
-78.3801
-77.6988
-76.8177
-75.6034
-73.7588
-70.4399
-61.9557
-13.5024
49.9244
49.5582
45.4474
32.0021
10.5526
-4.55505
-15.5791
-26.5645
-36.0698
-55.7297
-90.7643
-94.9259
-94.9752
-94.9507
-94.8962
-94.7861
-94.5783
-94.2268
-93.7089
-93.0458
-92.2911
-91.5035
-90.7281
-89.992
-89.3079
-88.6793
-88.1048
-87.5804
-87.1015
-86.6632
-86.2609
-85.8905
-85.5483
-85.2307
-84.9349
-84.6581
-84.3979
-84.1522
-83.9189
-83.6962
-83.4826
-83.2765
-83.0763
-82.8807
-82.6883
-82.4976
-82.3074
-82.1161
-81.9221
-81.7238
-81.519
-81.3056
-81.0809
-80.8416
-80.5838
-80.3022
-79.9901
-79.6384
-79.2344
-78.7595
-78.1852
-77.4654
-76.518
-75.1803
-73.0684
-68.9899
-56.7133
22.3105
49.9131
48.0955
39.4197
20.502
1.27629
-10.7931
-21.3589
-32.1952
-46.6556
-80.328
-94.7313
-94.9772
-94.9627
-94.9223
-94.8401
-94.6833
-94.4094
-93.9842
-93.4056
-92.7086
-91.9465
-91.1694
-90.413
-89.6979
-89.0336
-88.4223
-87.8623
-87.3499
-86.8809
-86.4507
-86.0551
-85.6902
-85.3522
-85.038
-84.7447
-84.4696
-84.2103
-83.9646
-83.7306
-83.5066
-83.2907
-83.0814
-82.8773
-82.6766
-82.4781
-82.2801
-82.081
-81.8793
-81.6729
-81.4598
-81.2374
-81.003
-80.7528
-80.4825
-80.1862
-79.8565
-79.4828
-79.0504
-78.5372
-77.9091
-77.1082
-76.0279
-74.443
-71.7697
-65.8571
-41.038
48.4829
49.4999
45.5479
32.831
12.1245
-3.35057
-14.4572
-25.3227
-35.2016
-53.5919
-89.3
-94.9073
-94.9772
-94.9554
-94.9059
-94.8048
-94.6119
-94.2804
-93.7826
-93.133
-92.3813
-91.5864
-90.7963
-90.0413
-89.3366
-88.6874
-88.0932
-87.5505
-87.0547
-86.6011
-86.1849
-85.8017
-85.4477
-85.1193
-84.8133
-84.5268
-84.2573
-84.0025
-83.7602
-83.5286
-83.3058
-83.0901
-82.88
-82.6738
-82.4699
-82.2668
-82.0629
-81.8562
-81.645
-81.427
-81.1995
-80.9596
-80.7035
-80.4266
-80.1227
-79.7838
-79.3989
-78.952
-78.4196
-77.764
-76.9211
-75.7698
-74.047
-71.0348
-63.8296
-27.6356
48.8122
49.451
45.2458
31.9649
10.9624
-4.12912
-15.1515
-26.0788
-35.6796
-54.7637
-90.1689
-94.9189
-94.976
-94.9525
-94.8998
-94.7925
-94.5883
-94.239
-93.7184
-93.0452
-92.2735
-91.4646
-90.6665
-89.9084
-89.2041
-88.5577
-87.9675
-87.4295
-86.9387
-86.49
-86.0786
-85.7
-85.3502
-85.0256
-84.7231
-84.4398
-84.1732
-83.921
-83.681
-83.4513
-83.2302
-83.016
-82.807
-82.6017
-82.3984
-82.1957
-81.9916
-81.7846
-81.5725
-81.3531
-81.1237
-80.8811
-80.6214
-80.3396
-80.0293
-79.6818
-79.2852
-78.8221
-78.2663
-77.5757
-76.6767
-75.4268
-73.5019
-69.9546
-60.3995
-1.84259
49.9772
49.478
44.7859
30.1842
8.39351
-5.96724
-16.8424
-27.899
-38.3013
-61.2739
-92.9756
-94.9542
-94.9709
-94.9405
-94.8758
-94.7472
-94.5101
-94.12
-93.5606
-92.8603
-92.0763
-91.2669
-90.4757
-89.728
-89.0353
-88.4002
-87.8208
-87.2929
-86.8113
-86.3712
-85.9677
-85.5965
-85.2537
-84.9357
-84.6395
-84.3621
-84.1012
-83.8545
-83.6199
-83.3954
-83.1794
-82.9702
-82.7662
-82.5659
-82.3678
-82.1703
-81.9716
-81.7702
-81.564
-81.3508
-81.1282
-80.8931
-80.6418
-80.3695
-80.0702
-79.7358
-79.3552
-78.9126
-78.3841
-77.7319
-76.8914
-75.7404
-74.0123
-70.9778
-63.6671
-26.4706
48.7231
49.4545
45.2527
31.9511
10.9108
-4.17544
-15.1966
-26.1295
-35.7118
-54.844
-90.2224
-94.9194
-94.9756
-94.9515
-94.8977
-94.7883
-94.5801
-94.2244
-93.6954
-93.0126
-92.2316
-91.4147
-90.6102
-89.8474
-89.14
-88.4917
-87.9007
-87.3628
-86.8727
-86.4253
-86.0155
-85.6388
-85.2912
-84.9691
-84.6691
-84.3885
-84.1247
-83.8754
-83.6384
-83.4118
-83.1939
-82.983
-82.7775
-82.5758
-82.3763
-82.1775
-81.9778
-81.7753
-81.5681
-81.354
-81.1306
-80.8946
-80.6424
-80.3692
-80.069
-79.7336
-79.352
-78.908
-78.3779
-77.7235
-76.8797
-75.7231
-73.9842
-70.9223
-63.501
-25.2591
49.0451
49.4612
45.2578
31.9303
10.8548
-4.22252
-15.2416
-26.1797
-35.7434
-54.9218
-90.2732
-94.9199
-94.9754
-94.951
-94.8967
-94.7861
-94.5759
-94.2171
-93.6838
-92.9961
-92.21
-91.3883
-90.5794
-89.8126
-89.1018
-88.4504
-87.8568
-87.3165
-86.8242
-86.3748
-85.9631
-85.5846
-85.2352
-84.9113
-84.6095
-84.327
-84.0612
-83.8098
-83.5705
-83.3415
-83.1209
-82.907
-82.6981
-82.4926
-82.2889
-82.0853
-81.8801
-81.6714
-81.4569
-81.2344
-81.0008
-80.7528
-80.486
-80.195
-79.8726
-79.5088
-79.0899
-78.5955
-77.9942
-77.2338
-76.2195
-74.7571
-72.365
-67.4079
-49.7134
43.5151
49.6117
46.1174
34.1551
13.6089
-2.51495
-13.7648
-24.5827
-34.7147
-52.4183
-88.2553
-94.8909
-94.9767
-94.9551
-94.9055
-94.8048
-94.6134
-94.2855
-93.7924
-93.1451
-92.3898
-91.5843
-90.7778
-90.0028
-89.2767
-88.6064
-87.9922
-87.4314
-86.9196
-86.4518
-86.0233
-85.6295
-85.2662
-84.9297
-84.6166
-84.3237
-84.0484
-83.7882
-83.5407
-83.3041
-83.0762
-82.8553
-82.6396
-82.4274
-82.2169
-82.0063
-81.7939
-81.5774
-81.3546
-81.1228
-80.8789
-80.619
-80.3381
-80.0301
-79.6865
-79.296
-78.8418
-78.299
-77.6278
-76.7594
-75.5625
-73.7442
-70.478
-62.1922
-15.6401
49.888
49.5371
45.3751
31.8617
10.4248
-4.62209
-15.6339
-26.6208
-36.1536
-55.9342
-90.8848
-94.9269
-94.9737
-94.9473
-94.8891
-94.7713
-94.5491
-94.1737
-93.622
-92.918
-92.12
-91.2909
-90.4784
-89.7108
-89.001
-88.3519
-87.7614
-87.2248
-86.7368
-86.292
-85.8852
-85.5118
-85.1677
-84.8493
-84.5532
-84.2766
-84.0169
-83.7717
-83.539
-83.3168
-83.1034
-82.8971
-82.6962
-82.4994
-82.305
-82.1116
-81.9175
-81.7209
-81.5201
-81.313
-81.097
-80.8694
-80.6265
-80.3641
-80.0763
-79.7556
-79.3919
-78.9707
-78.4704
-77.8573
-77.0748
-76.0189
-74.4716
-71.872
-66.1924
-43.1748
47.9914
49.5191
45.6399
33.0299
12.3267
-3.24232
-14.3693
-25.2304
-35.1443
-53.4532
-89.1845
-94.9051
-94.9763
-94.9535
-94.902
-94.7968
-94.596
-94.251
-93.7335
-93.0587
-92.279
-91.4561
-90.6402
-89.8628
-89.1396
-88.4756
-87.8699
-87.3186
-86.8166
-86.3588
-85.94
-85.5555
-85.2012
-84.8733
-84.5683
-84.2834
-84.0158
-83.7631
-83.523
-83.2937
-83.0732
-82.8598
-82.6518
-82.4476
-82.2455
-82.0438
-81.841
-81.635
-81.4238
-81.205
-80.9759
-80.733
-80.4722
-80.1884
-79.8746
-79.5215
-79.1161
-78.6395
-78.0624
-77.3372
-76.3787
-75.0164
-72.8432
-68.5641
-55.1113
29.6996
49.8154
47.3023
37.1213
17.2428
-0.554631
-12.2003
-22.8956
-33.4765
-49.5164
-84.8728
-94.8313
-94.9766
-94.9575
-94.911
-94.8171
-94.6391
-94.332
-93.8635
-93.2371
-92.4937
-91.6902
-90.878
-90.0927
-89.3544
-88.6717
-88.0461
-87.4752
-86.9547
-86.4797
-86.0454
-85.6471
-85.2804
-84.9416
-84.627
-84.3335
-84.0584
-83.7991
-83.5533
-83.319
-83.0941
-82.8768
-82.6655
-82.4584
-82.2539
-82.0504
-81.8459
-81.6387
-81.4267
-81.2075
-80.9783
-80.7358
-80.476
-80.1937
-79.8822
-79.5324
-79.1316
-78.6615
-78.0939
-77.3829
-76.4477
-75.1273
-73.0444
-69.0314
-57.0653
20.1556
49.9322
48.2913
39.9968
21.3058
1.68855
-10.5045
-21.0496
-31.9283
-46.0847
-79.2677
-94.7016
-94.9756
-94.9605
-94.9176
-94.8303
-94.6633
-94.3712
-93.9175
-93.3011
-92.5607
-91.7544
-90.936
-90.1435
-89.3982
-88.7095
-88.079
-87.5043
-86.981
-86.5041
-86.0687
-85.6698
-85.3031
-84.9646
-84.6509
-84.3587
-84.0852
-83.8279
-83.5844
-83.3527
-83.1309
-82.9171
-82.7097
-82.507
-82.3075
-82.1095
-81.9114
-81.7114
-81.5076
-81.2979
-81.0798
-80.8505
-80.6063
-80.3429
-80.0546
-79.734
-79.3708
-78.9508
-78.4526
-77.8428
-77.0655
-76.0183
-74.4868
-71.9228
-66.3611
-44.219
47.6387
49.5303
45.6957
33.1566
12.4644
-3.16507
-14.3053
-25.1625
-35.1009
-53.3484
-89.0962
-94.9036
-94.976
-94.953
-94.9009
-94.7946
-94.5919
-94.2445
-93.724
-93.0458
-92.2622
-91.435
-90.6146
-89.8328
-89.1053
-88.4376
-87.8287
-87.2749
-86.7711
-86.312
-85.8924
-85.5077
-85.1535
-84.8261
-84.5221
-84.2383
-83.9722
-83.7212
-83.4832
-83.2561
-83.038
-82.8274
-82.6224
-82.4215
-82.2231
-82.0256
-81.8272
-81.6263
-81.4207
-81.2083
-80.9865
-80.752
-80.5011
-80.229
-79.9295
-79.5941
-79.2112
-78.7643
-78.2282
-77.5626
-76.6979
-75.5006
-73.672
-70.3627
-61.8495
-13.0046
49.9275
49.5571
45.4166
31.8787
10.3613
-4.69179
-15.7048
-26.7013
-36.2817
-56.2496
-91.0572
-94.9288
-94.9729
-94.9455
-94.8855
-94.7641
-94.536
-94.152
-93.5898
-92.8749
-92.0669
-91.2293
-90.4102
-89.6376
-88.9242
-88.2728
-87.6811
-87.1442
-86.6566
-86.2128
-85.8076
-85.4362
-85.0945
-84.7787
-84.4857
-84.2123
-83.956
-83.7146
-83.4858
-83.2678
-83.0589
-82.8573
-82.6616
-82.4702
-82.2817
-82.0946
-81.9075
-81.7186
-81.5263
-81.3286
-81.1233
-80.9079
-80.6791
-80.4332
-80.1651
-79.8686
-79.535
-79.1523
-78.7032
-78.1617
-77.4851
-76.5999
-75.3621
-73.4447
-69.887
-60.2145
-0.485674
49.9784
49.4516
44.6386
29.8493
8.0666
-6.17115
-17.0222
-28.0832
-38.6224
-62.083
-93.1735
-94.9562
-94.9692
-94.9369
-94.8683
-94.7324
-94.4827
-94.0738
-93.4905
-92.7639
-91.954
-91.1216
-90.3109
-89.5478
-88.8434
-88.2
-87.6151
-87.0841
-86.6016
-86.1621
-85.7605
-85.3923
-85.0534
-84.7401
-84.4491
-84.1775
-83.9228
-83.6827
-83.4551
-83.238
-83.0298
-82.8287
-82.6334
-82.4421
-82.2536
-82.0662
-81.8785
-81.6888
-81.4953
-81.2961
-81.0889
-80.8709
-80.639
-80.389
-80.1157
-79.8125
-79.4699
-79.0754
-78.61
-78.0449
-77.333
-76.3902
-75.0486
-72.9093
-68.7117
-55.6833
27.3396
49.85
47.5549
37.8231
18.1993
-0.0269396
-11.788
-22.4462
-33.1157
-48.6953
-83.6978
-94.8082
-94.9763
-94.9577
-94.9115
-94.818
-94.6404
-94.3332
-93.863
-93.2326
-92.483
-91.6725
-90.8534
-90.0622
-89.3194
-88.6335
-88.006
-87.4341
-86.9137
-86.4395
-86.0067
-85.6103
-85.246
-84.9099
-84.5984
-84.3084
-84.037
-83.7816
-83.5401
-83.3102
-83.0902
-82.8781
-82.6724
-82.4713
-82.2734
-82.0769
-81.8803
-81.6818
-81.4795
-81.2712
-81.0545
-80.8264
-80.5835
-80.3212
-80.034
-79.7143
-79.3519
-78.9321
-78.4336
-77.8225
-77.0421
-75.9883
-74.4418
-71.8387
-66.133
-42.8649
48.0671
49.5151
45.6184
32.9753
12.2598
-3.28379
-14.4052
-25.2694
-35.1699
-53.5159
-89.2362
-94.9056
-94.9757
-94.9523
-94.8994
-94.7913
-94.5851
-94.231
-93.7005
-93.0102
-92.2143
-91.3765
-90.5478
-89.7601
-89.029
-88.3593
-87.7496
-87.1958
-86.6925
-86.2342
-85.8157
-85.432
-85.079
-84.7526
-84.4495
-84.1666
-83.9012
-83.6507
-83.4131
-83.1863
-82.9683
-82.7575
-82.5521
-82.3505
-82.1512
-81.9524
-81.7523
-81.5492
-81.3409
-81.125
-80.8989
-80.6591
-80.4015
-80.1208
-79.8101
-79.46
-79.0577
-78.5838
-78.009
-77.2853
-76.3263
-74.959
-72.768
-68.4215
-54.5374
31.9101
49.7815
47.0788
36.5288
16.4733
-0.968277
-12.5248
-23.2476
-33.7496
-50.1455
-85.7066
-94.8467
-94.9762
-94.9559
-94.9077
-94.8103
-94.6259
-94.309
-93.8277
-93.1873
-92.4304
-91.6151
-90.7933
-90.0006
-89.2568
-88.5701
-87.942
-87.3695
-86.8485
-86.3737
-85.9402
-85.5431
-85.1781
-84.8412
-84.5288
-84.2377
-83.9652
-83.7086
-83.4657
-83.2343
-83.0125
-82.7984
-82.5905
-82.387
-82.1862
-81.9865
-81.7861
-81.5833
-81.3759
-81.1618
-80.9381
-80.7018
-80.4488
-80.1743
-79.8719
-79.5327
-79.1449
-78.6913
-78.1455
-77.4651
-76.5764
-75.3355
-73.415
-69.8528
-60.1603
-0.267478
49.9784
49.4446
44.5913
29.7222
7.92164
-6.26987
-17.112
-28.1767
-38.7886
-62.501
-93.2664
-94.9573
-94.9686
-94.9355
-94.8655
-94.7267
-94.4723
-94.0565
-93.4648
-92.7293
-91.9112
-91.0715
-90.255
-89.4872
-88.7792
-88.1332
-87.5465
-87.0143
-86.531
-86.0912
-85.6897
-85.3219
-84.9835
-84.6709
-84.3808
-84.1102
-83.8566
-83.6177
-83.3913
-83.1755
-82.9686
-82.769
-82.5751
-82.3854
-82.1984
-82.0127
-81.8268
-81.639
-81.4475
-81.2504
-81.0454
-80.8298
-80.6006
-80.3535
-80.0835
-79.784
-79.4459
-79.0567
-78.5978
-78.0412
-77.3409
-76.4156
-75.1038
-73.0254
-69.0019
-56.925
21.024
49.9245
48.2111
39.755
20.9605
1.50598
-10.6335
-21.1886
-32.0496
-46.3444
-79.7566
-94.7154
-94.9755
-94.9596
-94.9156
-94.8264
-94.6559
-94.3581
-93.897
-93.2719
-92.5227
-91.7082
-90.8829
-90.0849
-89.3357
-88.6444
-88.0125
-87.4374
-86.9146
-86.4389
-86.0052
-85.6086
-85.2446
-84.9092
-84.5989
-84.3104
-84.0408
-83.7877
-83.5487
-83.3218
-83.105
-82.8966
-82.6949
-82.4984
-82.3055
-82.1148
-81.9246
-81.7333
-81.5391
-81.3402
-81.1343
-80.9189
-80.6909
-80.4464
-80.1808
-79.8878
-79.5591
-79.1833
-78.744
-78.2162
-77.5601
-76.7068
-75.5248
-73.7207
-70.4646
-62.1635
-15.3122
49.8934
49.5414
45.4001
31.9337
10.5196
-4.55874
-15.5771
-26.5598
-36.06
-55.705
-90.7521
-94.9248
-94.973
-94.9459
-94.886
-94.765
-94.5367
-94.1514
-93.5859
-92.8654
-92.0504
-91.2055
-90.3796
-89.6014
-88.8838
-88.2294
-87.6358
-87.0979
-86.6101
-86.1667
-85.7623
-85.3922
-85.0521
-84.7383
-84.4473
-84.1763
-83.9226
-83.6839
-83.4581
-83.2432
-83.0375
-82.8395
-82.6475
-82.4602
-82.276
-82.0936
-81.9115
-81.7282
-81.542
-81.3512
-81.1536
-80.9468
-80.728
-80.4936
-80.2393
-79.9592
-79.6459
-79.289
-78.8735
-78.3775
-77.7663
-76.9817
-75.9154
-74.3377
-71.6501
-65.6224
-39.7136
48.6591
49.4857
45.4718
32.639
11.8908
-3.49688
-14.5843
-25.4603
-35.2904
-53.8078
-89.4718
-94.909
-94.9755
-94.9516
-94.8979
-94.7882
-94.579
-94.2197
-93.6819
-92.9833
-92.1799
-91.3365
-90.5044
-89.7155
-88.9846
-88.3162
-87.7085
-87.1571
-86.6563
-86.2006
-85.7846
-85.4035
-85.0529
-84.7288
-84.428
-84.1473
-83.884
-83.6356
-83.4
-83.1752
-82.9592
-82.7504
-82.5471
-82.3476
-82.1505
-81.9539
-81.7562
-81.5557
-81.3501
-81.1374
-80.9146
-80.6787
-80.4254
-80.1499
-79.8455
-79.5031
-79.1103
-78.6491
-78.0919
-77.3936
-76.4751
-75.1801
-73.1436
-69.2528
-57.9085
15.2852
49.9631
48.7237
41.4694
23.6779
3.1496
-9.44948
-19.9868
-30.9671
-44.0788
-75.1859
-94.5613
-94.9738
-94.9617
-94.9202
-94.8353
-94.6717
-94.3827
-93.9292
-93.3072
-92.5552
-91.7333
-90.8981
-90.0894
-89.3298
-88.629
-87.9885
-87.4057
-86.876
-86.394
-85.9544
-85.5522
-85.183
-84.8424
-84.5269
-84.2333
-83.9585
-83.6999
-83.4552
-83.2223
-82.9991
-82.7838
-82.5747
-82.3701
-82.1682
-81.9674
-81.7659
-81.5618
-81.3531
-81.1374
-80.912
-80.6735
-80.4179
-80.1401
-79.8335
-79.4889
-79.0938
-78.6301
-78.0698
-77.3674
-76.4428
-75.1372
-73.0783
-69.1217
-57.4257
18.1432
49.9471
48.4773
40.5999
22.2334
2.22827
-10.1142
-20.6266
-31.5489
-45.2812
-77.7
-94.6542
-94.9747
-94.9601
-94.9169
-94.8287
-94.6596
-94.3629
-93.9011
-93.2725
-92.517
-91.6947
-90.8613
-90.0557
-89.2999
-88.6029
-87.9664
-87.3874
-86.8614
-86.383
-85.947
-85.5484
-85.1826
-84.8455
-84.5336
-84.2435
-83.9724
-83.7176
-83.4769
-83.2481
-83.0293
-82.8186
-82.6145
-82.4152
-82.2191
-82.0248
-81.8304
-81.6343
-81.4346
-81.2291
-81.0155
-80.7908
-80.5517
-80.2937
-80.0112
-79.6971
-79.3412
-78.9294
-78.4409
-77.8431
-77.0815
-76.0569
-74.5627
-72.0773
-66.7669
-46.462
46.5422
49.5582
45.8392
33.4937
12.8456
-2.94679
-14.123
-24.9674
-34.9736
-53.0416
-88.8312
-94.8994
-94.9756
-94.9523
-94.8994
-94.7916
-94.5865
-94.235
-93.7086
-93.0222
-92.2287
-91.3908
-90.5598
-89.7682
-89.0325
-88.3581
-87.7441
-87.1866
-86.6804
-86.22
-85.8001
-85.4158
-85.0628
-84.737
-84.4351
-84.1538
-83.8906
-83.6428
-83.4082
-83.1849
-82.971
-82.7647
-82.5644
-82.3685
-82.1756
-81.9839
-81.7918
-81.5978
-81.3998
-81.1958
-80.9834
-80.7595
-80.5209
-80.263
-79.9802
-79.6651
-79.3076
-78.8931
-78.4004
-77.7959
-77.0236
-75.9806
-74.4503
-71.8791
-66.2713
-43.7119
47.8076
49.5245
45.6671
33.0918
12.3939
-3.20492
-14.3385
-25.1979
-35.1237
-53.4035
-89.1425
-94.9041
-94.9755
-94.9519
-94.8984
-94.7896
-94.5822
-94.2267
-93.6946
-93.0023
-92.2036
-91.3622
-90.5293
-89.7372
-89.0018
-88.3281
-87.7151
-87.1585
-86.6532
-86.1934
-85.7739
-85.39
-85.037
-84.7112
-84.4091
-84.1275
-83.8637
-83.6152
-83.3799
-83.1556
-82.9406
-82.733
-82.5313
-82.3338
-82.139
-81.9452
-81.7508
-81.5539
-81.3528
-81.1452
-80.9285
-80.6997
-80.455
-80.1899
-79.8982
-79.572
-79.2
-78.7666
-78.2476
-77.6053
-76.7745
-75.6325
-73.9096
-70.8658
-63.4622
-25.2205
49.0422
49.4593
45.2453
31.8916
10.8009
-4.2598
-15.2756
-26.2168
-35.766
-54.9775
-90.3095
-94.9198
-94.9741
-94.9483
-94.8909
-94.7743
-94.5528
-94.1758
-93.617
-92.8991
-92.0816
-91.2302
-90.3954
-89.6074
-88.8798
-88.2159
-87.6134
-87.0674
-86.5721
-86.1217
-85.7109
-85.3348
-84.9889
-84.6696
-84.3733
-84.097
-83.8381
-83.5942
-83.363
-83.1426
-82.9312
-82.7271
-82.5287
-82.3344
-82.1427
-81.9521
-81.7609
-81.5674
-81.3698
-81.1659
-80.9532
-80.7289
-80.4893
-80.2301
-79.9455
-79.6278
-79.2667
-78.8473
-78.3475
-77.7327
-76.9446
-75.8746
-74.2926
-71.5985
-65.551
-39.4693
48.6809
49.4814
45.4432
32.5537
11.7722
-3.57702
-14.6559
-25.5387
-35.3413
-53.9323
-89.5682
-94.9102
-94.9752
-94.951
-94.8966
-94.7857
-94.5743
-94.2121
-93.6709
-92.9689
-92.1619
-91.3146
-90.4783
-89.6846
-88.9489
-88.2756
-87.6632
-87.1072
-86.6023
-86.1427
-85.7231
-85.3386
-84.9849
-84.6579
-84.3543
-84.0709
-83.805
-83.554
-83.3158
-83.0883
-82.8695
-82.6577
-82.4512
-82.2483
-82.0473
-81.8466
-81.6443
-81.4384
-81.2268
-81.0068
-80.7757
-80.5297
-80.2643
-79.9738
-79.6505
-79.284
-78.8593
-78.3543
-77.7343
-76.9407
-75.8647
-74.2751
-71.5683
-65.4836
-39.1157
48.7165
49.4766
45.4121
32.4635
11.65
-3.65953
-14.7296
-25.6192
-35.3928
-54.0586
-89.6639
-94.9115
-94.9751
-94.9507
-94.8959
-94.7842
-94.5713
-94.2066
-93.6622
-92.9566
-92.1462
-91.2959
-90.4571
-89.6615
-88.9241
-88.2495
-87.6359
-87.0789
-86.573
-86.1126
-85.6922
-85.3069
-84.9523
-84.6245
-84.32
-84.0356
-83.7687
-83.5166
-83.2771
-83.0483
-82.828
-82.6146
-82.4063
-82.2013
-81.998
-81.7945
-81.5891
-81.3797
-81.1639
-80.9392
-80.7022
-80.4493
-80.1754
-79.8744
-79.5378
-79.1539
-78.706
-78.1688
-77.5017
-76.6346
-75.4319
-73.5904
-70.2425
-61.5417
-10.8693
49.9454
49.5673
45.407
31.7545
10.1189
-4.8786
-15.8804
-26.8938
-36.6009
-57.037
-91.4588
-94.9336
-94.9716
-94.9426
-94.8794
-94.7522
-94.5142
-94.1158
-93.536
-92.8026
-91.9772
-91.1245
-90.2926
-89.5097
-88.788
-88.1302
-87.5335
-86.9929
-86.5026
-86.057
-85.6506
-85.2785
-84.9366
-84.621
-84.3282
-84.0553
-83.7997
-83.5589
-83.3308
-83.1134
-82.9051
-82.704
-82.5086
-82.3174
-82.1289
-81.9416
-81.7539
-81.5641
-81.3704
-81.1708
-80.9629
-80.7438
-80.5102
-80.2579
-79.9814
-79.6736
-79.3246
-78.9208
-78.4417
-77.856
-77.111
-76.1119
-74.663
-72.278
-67.2976
-49.3156
43.9543
49.6042
46.0805
34.0721
13.5187
-2.56199
-13.8026
-24.623
-34.7418
-52.4833
-88.318
-94.8914
-94.9757
-94.953
-94.901
-94.7954
-94.5953
-94.2533
-93.7409
-93.0705
-92.2909
-91.4623
-90.6353
-89.8432
-89.1036
-88.4234
-87.8025
-87.2378
-86.7245
-86.2574
-85.8312
-85.4413
-85.0832
-84.7529
-84.447
-84.1622
-83.8959
-83.6454
-83.4085
-83.1832
-82.9675
-82.7598
-82.5583
-82.3615
-82.1678
-81.9756
-81.7832
-81.5891
-81.3914
-81.1878
-80.9761
-80.7534
-80.5162
-80.2602
-79.98
-79.6683
-79.3153
-78.9067
-78.4223
-77.8297
-77.0756
-76.0627
-74.5894
-72.1508
-66.9947
-47.7786
45.5387
49.5781
45.9455
33.7532
13.1536
-2.76635
-13.9711
-24.8037
-34.8638
-52.7759
-88.5921
-94.8957
-94.9757
-94.9526
-94.9001
-94.7934
-94.5909
-94.2448
-93.7267
-93.0504
-92.2658
-91.4337
-90.6048
-89.812
-89.0727
-88.3931
-87.7733
-87.2097
-86.6975
-86.2314
-85.8063
-85.4174
-85.0601
-84.7307
-84.4255
-84.1415
-83.8758
-83.6259
-83.3897
-83.1649
-82.9498
-82.7426
-82.5417
-82.3454
-82.1522
-81.9606
-81.7689
-81.5755
-81.3784
-81.1757
-80.9648
-80.743
-80.5069
-80.2523
-79.9736
-79.6638
-79.3132
-78.9077
-78.4273
-77.8406
-77.0951
-76.0963
-74.6492
-72.2697
-67.3073
-49.4291
43.7584
49.607
46.0963
34.1123
13.5692
-2.53199
-13.7772
-24.5955
-34.7228
-52.4376
-88.2738
-94.8907
-94.9757
-94.953
-94.901
-94.7957
-94.5962
-94.2558
-93.7459
-93.0783
-92.3009
-91.4734
-90.6464
-89.8533
-89.1123
-88.4302
-87.8075
-87.2411
-86.7261
-86.2576
-85.8302
-85.4393
-85.0804
-84.7496
-84.4433
-84.1584
-83.8921
-83.6418
-83.4053
-83.1805
-82.9656
-82.7589
-82.5585
-82.3631
-82.1711
-81.9808
-81.7908
-81.5993
-81.4046
-81.2048
-80.9973
-80.7797
-80.5486
-80.3001
-80.0291
-79.7289
-79.3905
-79.0013
-78.5432
-77.9879
-77.2902
-76.369
-75.0641
-72.9998
-69.0125
-57.1032
19.7273
49.9356
48.3353
40.149
21.5591
1.852
-10.38
-20.9122
-31.804
-45.8184
-78.7566
-94.6861
-94.9749
-94.9596
-94.9159
-94.8268
-94.6565
-94.3585
-93.8954
-93.2658
-92.5095
-91.6863
-90.8516
-90.0446
-89.2872
-88.5888
-87.951
-87.3711
-86.8445
-86.3659
-85.93
-85.5318
-85.1668
-84.8308
-84.5203
-84.232
-83.9629
-83.7105
-83.4725
-83.2468
-83.0315
-82.8248
-82.6251
-82.4308
-82.2403
-82.0523
-81.8651
-81.6773
-81.4869
-81.2923
-81.0913
-80.8814
-80.6598
-80.4229
-80.1662
-79.8839
-79.5685
-79.2093
-78.7916
-78.293
-77.6785
-76.8889
-75.8142
-74.2201
-71.4898
-65.2937
-37.8939
48.8311
49.4696
45.3851
32.4197
11.625
-3.66387
-14.7298
-25.6175
-35.39
-54.0513
-89.6598
-94.9115
-94.9751
-94.9506
-94.8958
-94.7839
-94.5708
-94.2063
-93.6627
-92.9588
-92.1509
-91.3036
-90.468
-89.6754
-88.9411
-88.2694
-87.6588
-87.1049
-86.6022
-86.1451
-85.7282
-85.3467
-84.9962
-84.6727
-84.3729
-84.0935
-83.832
-83.5858
-83.3528
-83.1309
-82.9183
-82.7133
-82.5143
-82.3196
-82.1279
-81.9374
-81.7467
-81.5539
-81.3573
-81.1547
-80.9439
-80.7218
-80.485
-80.2293
-79.949
-79.6369
-79.2829
-78.8729
-78.3861
-77.7896
-77.0293
-76.0054
-74.5108
-72.0208
-66.6871
-46.1551
46.69
49.5546
45.8225
33.4594
12.8134
-2.96187
-14.1344
-24.9792
-34.9809
-53.0588
-88.8457
-94.8995
-94.9755
-94.9521
-94.8989
-94.7909
-94.5859
-94.2359
-93.7131
-93.032
-92.2435
-91.4087
-90.5782
-89.7845
-89.0446
-88.3646
-87.7444
-87.1805
-86.6678
-86.2012
-85.7755
-85.3858
-85.0277
-84.6973
-84.3911
-84.1059
-83.839
-83.5878
-83.35
-83.1236
-82.9066
-82.6974
-82.4942
-82.2955
-82.0995
-81.9048
-81.7096
-81.5122
-81.3105
-81.1024
-80.8854
-80.6564
-80.4116
-80.1464
-79.8548
-79.5286
-79.1567
-78.7233
-78.2045
-77.5622
-76.7311
-75.5879
-73.8615
-70.8061
-63.3434
-24.4856
49.1959
49.4636
45.2478
31.8745
10.7582
-4.2953
-15.3095
-26.2546
-35.7894
-55.0356
-90.3468
-94.9202
-94.9739
-94.9478
-94.8898
-94.7721
-94.5487
-94.1686
-93.6062
-92.8843
-92.0628
-91.2077
-90.3695
-89.5785
-88.8482
-88.1821
-87.5778
-87.0303
-86.534
-86.0829
-85.6717
-85.2955
-84.9499
-84.6309
-84.3353
-84.0599
-83.802
-83.5592
-83.3294
-83.1106
-82.901
-82.6989
-82.5026
-82.3108
-82.1219
-81.9343
-81.7465
-81.5568
-81.3635
-81.1646
-80.9576
-80.7398
-80.508
-80.258
-79.9846
-79.6807
-79.3372
-78.9405
-78.4715
-77.9003
-77.1776
-76.2151
-74.8344
-72.603
-68.111
-53.2819
35.929
49.7205
46.7142
35.6128
15.3489
-1.56012
-12.9902
-23.7489
-34.1232
-51.0138
-86.7643
-94.8654
-94.9759
-94.9544
-94.9045
-94.8036
-94.6131
-94.2873
-93.7951
-93.1437
-92.3769
-91.5536
-90.7255
-89.9278
-89.1802
-88.4909
-87.8609
-87.2874
-86.766
-86.2915
-85.8587
-85.4628
-85.0994
-84.7643
-84.4542
-84.1656
-83.8959
-83.6423
-83.4027
-83.1749
-82.957
-82.7471
-82.5437
-82.3451
-82.1498
-81.956
-81.7622
-81.5666
-81.3674
-81.1624
-80.9493
-80.725
-80.4862
-80.2284
-79.9461
-79.632
-79.276
-78.8637
-78.3742
-77.7746
-77.0099
-75.9795
-74.473
-71.9564
-66.5331
-45.3458
47.1267
49.5438
45.7659
33.3235
12.6554
-3.05425
-14.2122
-25.0628
-35.0361
-53.1919
-88.9623
-94.9013
-94.9754
-94.9518
-94.8983
-94.7894
-94.5826
-94.2294
-93.7018
-93.0155
-92.2223
-91.3841
-90.5515
-89.7571
-89.0175
-88.3384
-87.7195
-87.157
-86.6461
-86.1811
-85.7571
-85.369
-85.0125
-84.6837
-84.379
-84.0953
-83.8298
-83.58
-83.3437
-83.1187
-82.9033
-82.6956
-82.4939
-82.2968
-82.1025
-81.9097
-81.7164
-81.5211
-81.3218
-81.1163
-80.9022
-80.6766
-80.4358
-80.1752
-79.8892
-79.57
-79.207
-78.7851
-78.282
-77.6622
-76.8658
-75.7813
-74.1704
-71.4021
-65.0701
-36.5212
48.9161
49.4592
45.3262
32.2636
11.4282
-3.7917
-14.8425
-25.7395
-35.467
-54.2402
-89.8005
-94.9134
-94.9749
-94.9502
-94.8948
-94.7819
-94.5669
-94.1993
-93.6515
-92.9431
-92.1309
-91.2799
-90.4414
-89.6467
-88.9109
-88.2381
-87.6267
-87.0722
-86.5691
-86.1116
-85.6945
-85.3128
-84.962
-84.6383
-84.3383
-84.0587
-83.7969
-83.5504
-83.317
-83.0948
-82.8817
-82.6761
-82.4765
-82.2811
-82.0885
-81.8971
-81.7052
-81.5111
-81.313
-81.1086
-80.8955
-80.6709
-80.431
-80.1714
-79.8863
-79.568
-79.206
-78.7853
-78.2834
-77.6653
-76.8714
-75.7908
-74.1871
-71.436
-65.1677
-37.1568
48.8804
49.4632
45.3473
32.3169
11.4921
-3.75109
-14.807
-25.7012
-35.4431
-54.1814
-89.7571
-94.9128
-94.9749
-94.9503
-94.895
-94.7825
-94.5682
-94.2018
-93.6559
-92.9498
-92.1397
-91.2903
-90.4525
-89.6578
-88.9213
-88.2474
-87.6346
-87.0785
-86.5737
-86.1145
-85.6957
-85.3122
-84.9598
-84.6345
-84.3328
-84.0516
-83.7881
-83.54
-83.3049
-83.0809
-82.8661
-82.6587
-82.457
-82.2595
-82.0646
-81.8706
-81.676
-81.4789
-81.2772
-81.0689
-80.8513
-80.6214
-80.3752
-80.1081
-79.8137
-79.4838
-79.1069
-78.6664
-78.1373
-77.4796
-76.6242
-75.4381
-73.6246
-70.3413
-61.9016
-13.6544
49.9185
49.5512
45.4006
31.8583
10.3561
-4.68844
-15.6999
-26.6952
-36.2714
-56.2242
-91.0439
-94.9283
-94.9722
-94.9441
-94.8824
-94.7578
-94.5236
-94.1295
-93.5533
-92.8213
-91.9951
-91.1398
-90.3046
-89.5181
-88.7932
-88.1325
-87.5336
-86.9912
-86.4996
-86.0531
-85.6463
-85.2742
-84.9325
-84.6174
-84.3254
-84.0537
-83.7994
-83.5603
-83.3342
-83.1191
-82.9133
-82.7152
-82.5231
-82.3357
-82.1515
-81.969
-81.7867
-81.6031
-81.4165
-81.2251
-81.0267
-80.8188
-80.5985
-80.3622
-80.1051
-79.8214
-79.503
-79.139
-78.7135
-78.203
-77.5697
-76.7491
-75.6197
-73.915
-70.9066
-63.626
-26.485
48.705
49.4532
45.2493
31.9462
10.9087
-4.17559
-15.1966
-26.1295
-35.7119
-54.8442
-90.2222
-94.9187
-94.9742
-94.9485
-94.8912
-94.7749
-94.5538
-94.177
-93.6182
-92.8996
-92.0805
-91.2269
-90.3896
-89.599
-88.869
-88.203
-87.5988
-87.0514
-86.5551
-86.1042
-85.6932
-85.3172
-84.9718
-84.6532
-84.3579
-84.0828
-83.8254
-83.5832
-83.354
-83.1358
-82.9269
-82.7256
-82.5302
-82.3394
-82.1516
-81.9653
-81.779
-81.591
-81.3996
-81.2029
-80.9984
-80.7837
-80.5555
-80.3098
-80.0416
-79.7444
-79.4091
-79.0235
-78.5693
-78.019
-77.3277
-76.416
-75.1274
-73.0963
-69.2059
-57.8229
15.6134
49.9615
48.6996
41.3912
23.5627
3.08888
-9.48804
-20.0211
-30.9971
-44.1385
-75.3146
-94.5661
-94.9737
-94.9613
-94.9195
-94.834
-94.6693
-94.3785
-93.9222
-93.2965
-92.5401
-91.7135
-90.8737
-90.061
-89.298
-88.5946
-87.9522
-87.3684
-86.8382
-86.3565
-85.9177
-85.5168
-85.1493
-84.811
-84.4981
-84.2073
-83.9359
-83.681
-83.4404
-83.212
-82.9938
-82.784
-82.5809
-82.3829
-82.1885
-81.9959
-81.8036
-81.6099
-81.4131
-81.2109
-81.0011
-80.7808
-80.5469
-80.2952
-80.0204
-79.7157
-79.3717
-78.9754
-78.5076
-77.9389
-77.2209
-76.2672
-74.9034
-72.7105
-68.3402
-54.2638
32.8072
49.7675
46.9925
36.3094
16.2008
-1.11065
-12.6359
-23.3674
-33.8403
-50.3553
-85.9726
-94.8514
-94.9758
-94.9549
-94.9056
-94.8058
-94.6172
-94.2936
-93.8031
-93.152
-92.384
-91.5585
-90.7278
-89.9278
-89.1784
-88.4878
-87.8571
-87.2833
-86.762
-86.288
-85.8558
-85.4608
-85.0984
-84.7646
-84.4557
-84.1686
-83.9003
-83.6484
-83.4104
-83.1844
-82.9683
-82.7605
-82.5593
-82.363
-82.1701
-81.979
-81.7882
-81.5958
-81.4003
-81.1993
-80.9907
-80.7717
-80.539
-80.2885
-80.0149
-79.7115
-79.3688
-78.9739
-78.5078
-77.9409
-77.2252
-76.2746
-74.9157
-72.732
-68.387
-54.4513
32.1352
49.7781
47.0617
36.4953
16.4471
-0.972176
-12.5246
-23.2462
-33.7472
-50.1392
-85.6996
-94.8465
-94.9758
-94.9552
-94.9062
-94.8071
-94.6197
-94.2978
-93.8093
-93.1598
-92.393
-91.5682
-90.7378
-89.9381
-89.189
-88.4988
-87.8685
-87.2955
-86.7749
-86.3017
-85.8706
-85.4767
-85.1155
-84.783
-84.4755
-84.19
-83.9234
-83.6733
-83.4373
-83.2135
-82.9998
-82.7946
-82.5963
-82.4032
-82.2138
-82.0267
-81.8404
-81.6531
-81.4633
-81.269
-81.0681
-80.8581
-80.6361
-80.3984
-80.1405
-79.8565
-79.5384
-79.1754
-78.7522
-78.2454
-77.6184
-76.8086
-75.6983
-74.0328
-71.1243
-64.2433
-30.8013
48.9559
49.444
45.2342
31.9983
11.0721
-4.03245
-15.0582
-25.9743
-35.613
-54.5984
-90.0572
-94.9168
-94.9745
-94.9493
-94.8929
-94.778
-94.5593
-94.1856
-93.6296
-92.9127
-92.0939
-91.2395
-90.4007
-89.6086
-88.8772
-88.2101
-87.605
-87.0571
-86.5607
-86.1097
-85.6989
-85.3233
-84.9784
-84.6605
-84.3659
-84.0918
-83.8354
-83.5943
-83.3663
-83.1495
-82.9421
-82.7425
-82.549
-82.3602
-82.1747
-81.9909
-81.8073
-81.6225
-81.4347
-81.242
-81.0423
-80.8331
-80.6113
-80.3734
-80.1146
-79.8289
-79.5082
-79.1413
-78.7123
-78.197
-77.5571
-76.7265
-75.5802
-73.8424
-70.7503
-63.1242
-22.6964
49.4798
49.4791
45.2863
31.926
10.7782
-4.2977
-15.3165
-26.2647
-35.7977
-55.0568
-90.359
-94.9202
-94.9737
-94.9475
-94.8893
-94.771
-94.5469
-94.1658
-93.6022
-92.8794
-92.0574
-91.2024
-90.3648
-89.5749
-88.8461
-88.1816
-87.579
-87.0334
-86.5388
-86.0895
-85.6801
-85.3056
-84.9616
-84.6443
-84.3503
-84.0764
-83.8202
-83.579
-83.3509
-83.1338
-82.9259
-82.7256
-82.5312
-82.3414
-82.1547
-81.9694
-81.7842
-81.5973
-81.4072
-81.2117
-81.0087
-80.7956
-80.5691
-80.3255
-80.0597
-79.7652
-79.4334
-79.0521
-78.6036
-78.0611
-77.381
-76.487
-75.2297
-73.2641
-69.5586
-59.1248
7.16969
49.9803
49.2145
43.4505
27.3156
5.8002
-7.63399
-18.3285
-29.3929
-41.0011
-68.022
-94.0922
-94.9678
-94.9651
-94.9277
-94.85
-94.6982
-94.4249
-93.9867
-93.3741
-92.623
-91.7949
-90.9495
-90.1298
-89.3601
-88.6509
-88.0039
-87.4165
-86.8838
-86.4002
-85.9602
-85.5586
-85.1909
-84.8526
-84.5402
-84.2503
-83.9799
-83.7264
-83.4874
-83.2609
-83.0449
-82.8376
-82.6374
-82.4427
-82.2518
-82.0634
-81.8759
-81.6876
-81.4969
-81.3019
-81.1004
-80.89
-80.6678
-80.43
-80.1722
-79.8886
-79.5714
-79.2097
-78.7886
-78.285
-77.663
-76.8615
-75.7661
-74.1309
-71.2993
-64.7228
-34.0663
48.9875
49.4481
45.2649
32.1024
11.2269
-3.92224
-14.9577
-25.8643
-35.5441
-54.4285
-89.9382
-94.9153
-94.9747
-94.9497
-94.8938
-94.7798
-94.5626
-94.1908
-93.6368
-92.9211
-92.1025
-91.2472
-90.407
-89.6129
-88.8794
-88.2101
-87.6029
-87.0529
-86.5544
-86.1014
-85.6886
-85.3109
-84.9639
-84.6438
-84.347
-84.0705
-83.8116
-83.5678
-83.337
-83.1172
-82.9065
-82.7032
-82.5058
-82.3126
-82.1222
-81.933
-81.7433
-81.5516
-81.3558
-81.1541
-80.9438
-80.7222
-80.4857
-80.23
-79.9494
-79.6366
-79.2814
-78.8693
-78.379
-77.7771
-77.0076
-75.9678
-74.4412
-71.875
-66.2772
-43.7728
47.7814
49.5249
45.6688
33.094
12.3942
-3.2058
-14.3397
-25.1995
-35.1249
-53.4067
-89.145
-94.904
-94.9753
-94.9515
-94.8976
-94.7878
-94.5786
-94.2202
-93.6838
-92.9861
-92.1814
-91.3337
-90.4947
-89.6968
-88.9563
-88.278
-87.661
-87.101
-86.5927
-86.1304
-85.7088
-85.323
-84.9685
-84.6412
-84.3378
-84.0549
-83.79
-83.5404
-83.3039
-83.0784
-82.8621
-82.6531
-82.4498
-82.2504
-82.0535
-81.8574
-81.6602
-81.4602
-81.2553
-81.0431
-80.8209
-80.5855
-80.3327
-80.0573
-79.7526
-79.4096
-79.0153
-78.5513
-77.9889
-77.2817
-76.3466
-75.0184
-72.9058
-68.7809
-56.1299
24.9316
49.881
47.796
38.4861
19.0806
0.428129
-11.4485
-22.0801
-32.8177
-48.0288
-82.6601
-94.7852
-94.9755
-94.9571
-94.9104
-94.8158
-94.6362
-94.325
-93.8473
-93.2053
-92.4406
-91.6132
-90.7773
-89.9705
-89.2141
-88.5169
-87.8802
-87.3012
-86.7754
-86.2973
-85.8618
-85.4638
-85.0988
-84.7626
-84.4517
-84.1627
-83.8928
-83.6393
-83.3999
-83.1725
-82.9552
-82.7462
-82.5437
-82.3462
-82.1521
-81.9598
-81.7676
-81.5739
-81.3767
-81.1741
-80.9636
-80.7423
-80.507
-80.2534
-79.976
-79.6679
-79.3193
-78.9165
-78.4397
-77.8576
-77.1188
-76.1302
-74.701
-72.3602
-67.52
-50.4572
42.2886
49.6284
46.2072
34.373
13.8661
-2.37018
-13.6457
-24.4549
-34.6267
-52.2075
-88.0489
-94.887
-94.9756
-94.9529
-94.9009
-94.7955
-94.596
-94.2554
-93.7446
-93.0753
-92.2952
-91.4645
-90.6343
-89.8384
-89.095
-88.4113
-87.7875
-87.2206
-86.7056
-86.2375
-85.8109
-85.4211
-85.0635
-84.7342
-84.4296
-84.1466
-83.8823
-83.6343
-83.4002
-83.178
-82.9658
-82.762
-82.5648
-82.3728
-82.1845
-81.9983
-81.8127
-81.6262
-81.437
-81.2432
-81.0427
-80.8331
-80.6113
-80.3737
-80.1157
-79.8313
-79.5126
-79.1487
-78.7239
-78.2147
-77.5839
-76.7675
-75.6456
-73.9559
-70.9848
-63.85
-28.0423
48.817
49.4482
45.2379
31.9569
10.9653
-4.12269
-15.1447
-26.0711
-35.6745
-54.7512
-90.1606
-94.918
-94.9743
-94.9487
-94.8917
-94.7758
-94.5553
-94.1791
-93.6205
-92.9013
-92.0811
-91.2261
-90.3876
-89.5961
-88.8657
-88.1997
-87.5959
-87.0494
-86.5543
-86.1049
-85.6955
-85.3215
-84.9782
-84.6619
-84.3691
-84.0967
-83.8422
-83.6031
-83.3773
-83.1628
-82.9578
-82.7608
-82.5702
-82.3845
-82.2024
-82.0225
-81.8432
-81.6631
-81.4807
-81.2941
-81.1015
-80.9005
-80.6884
-80.4619
-80.2169
-79.9482
-79.6487
-79.3091
-78.916
-78.45
-77.881
-77.159
-76.1948
-74.8067
-72.5534
-67.982
-52.6322
37.7715
49.6945
46.5729
35.2805
14.9714
-1.74918
-13.1367
-23.9047
-34.2343
-51.2745
-87.0639
-94.8708
-94.9759
-94.9542
-94.9039
-94.8022
-94.6103
-94.282
-93.7868
-93.1324
-92.3635
-91.539
-90.7104
-89.913
-89.1662
-88.478
-87.8492
-87.2772
-86.7573
-86.2844
-85.8533
-85.4592
-85.0976
-84.7645
-84.4563
-84.1699
-83.9023
-83.6511
-83.4139
-83.1887
-82.9735
-82.7667
-82.5665
-82.3714
-82.1799
-81.9903
-81.8011
-81.6108
-81.4175
-81.2192
-81.0137
-80.7984
-80.5701
-80.3249
-80.0579
-79.7626
-79.4305
-79.0494
-78.6019
-78.0615
-77.3853
-76.4983
-75.2542
-73.3169
-69.6903
-59.6378
3.46972
49.9806
49.3497
44.0955
28.6445
6.93211
-6.89622
-17.6673
-28.7375
-39.7907
-65.019
-93.7224
-94.963
-94.9667
-94.9312
-94.8569
-94.7106
-94.4448
-94.0143
-93.4071
-92.6576
-91.828
-90.9794
-90.156
-89.3828
-88.6709
-88.0219
-87.4332
-86.8999
-86.4162
-85.9765
-85.5758
-85.2091
-84.8723
-84.5616
-84.2737
-84.0056
-83.7547
-83.5187
-83.2954
-83.083
-82.8798
-82.684
-82.4942
-82.3089
-82.1267
-81.9461
-81.7658
-81.584
-81.3992
-81.2095
-81.0129
-80.8067
-80.5881
-80.3534
-80.098
-79.8159
-79.4992
-79.1369
-78.7131
-78.2042
-77.5724
-76.7532
-75.6247
-73.9196
-70.9063
-63.5969
-26.1522
48.7993
49.4554
45.2544
31.9533
10.912
-4.17532
-15.197
-26.1303
-35.7127
-54.8464
-90.2238
-94.9187
-94.974
-94.9482
-94.8908
-94.7739
-94.5519
-94.1738
-93.6132
-92.8925
-92.0717
-91.217
-90.3793
-89.5891
-88.8602
-88.1957
-87.5934
-87.0483
-86.5544
-86.106
-85.6977
-85.3244
-84.9819
-84.6662
-84.3739
-84.102
-83.8478
-83.609
-83.3833
-83.1689
-82.9639
-82.7669
-82.5761
-82.3903
-82.2079
-82.0275
-81.8477
-81.667
-81.4838
-81.2963
-81.1025
-80.9001
-80.6863
-80.4578
-80.2103
-79.9383
-79.6349
-79.2901
-78.8901
-78.4146
-77.832
-77.0895
-76.0913
-74.6403
-72.2445
-67.2156
-48.8537
44.4897
49.5972
46.0508
34.0194
13.4821
-2.57006
-13.805
-24.6237
-34.7403
-52.4789
-88.3157
-94.8915
-94.9756
-94.9527
-94.9005
-94.7944
-94.5932
-94.2494
-93.7343
-93.0605
-92.2768
-91.444
-90.6128
-89.8168
-89.0739
-88.3907
-87.7674
-87.2007
-86.6857
-86.2173
-85.7902
-85.3995
-85.0409
-84.7103
-84.4041
-84.1193
-83.8529
-83.6025
-83.3658
-83.1407
-82.9252
-82.7178
-82.5166
-82.3201
-82.1267
-81.9348
-81.7429
-81.5491
-81.3516
-81.1484
-80.9369
-80.7143
-80.4772
-80.2212
-79.9407
-79.6284
-79.2742
-78.8639
-78.3766
-77.7793
-77.0174
-75.9903
-74.4886
-71.9804
-66.5814
-45.5659
47.0202
49.5466
45.7813
33.3611
12.6999
-3.02778
-14.1899
-25.0388
-35.0203
-53.1538
-88.9292
-94.9008
-94.9753
-94.9517
-94.8981
-94.789
-94.5817
-94.2274
-93.6977
-93.0082
-92.2113
-91.3694
-90.5336
-89.7366
-88.9952
-88.3151
-87.6957
-87.1333
-86.6227
-86.1584
-85.7352
-85.3482
-84.9929
-84.6654
-84.3621
-84.0799
-83.816
-83.5678
-83.3332
-83.1101
-82.8966
-82.6909
-82.4915
-82.2967
-82.105
-81.9149
-81.7247
-81.5326
-81.337
-81.1357
-80.9264
-80.7062
-80.4717
-80.2186
-79.9416
-79.6335
-79.2845
-78.8807
-78.4021
-77.817
-77.0732
-76.0756
-74.6287
-72.2462
-67.266
-49.2356
43.9795
49.6032
46.0757
34.0616
13.5077
-2.56763
-13.8071
-24.6279
-34.7451
-52.4914
-88.3251
-94.8914
-94.9755
-94.9525
-94.9001
-94.7937
-94.5925
-94.2493
-93.7355
-93.0634
-92.2814
-91.4495
-90.6186
-89.8224
-89.0788
-88.3949
-87.7709
-87.2037
-86.6885
-86.22
-85.7931
-85.4029
-85.045
-84.7153
-84.4104
-84.127
-83.8623
-83.6138
-83.3793
-83.1567
-82.9442
-82.7399
-82.5423
-82.3498
-82.161
-81.9743
-81.7881
-81.601
-81.4111
-81.2166
-81.0153
-80.8047
-80.5818
-80.3429
-80.0834
-79.7971
-79.4761
-79.1092
-78.6803
-78.1656
-77.5266
-76.6977
-75.554
-73.8212
-70.7391
-63.1456
-22.9757
49.4433
49.4764
45.2798
31.9184
10.7774
-4.29518
-15.3134
-26.2609
-35.795
-55.0502
-90.3551
-94.9201
-94.9737
-94.9474
-94.889
-94.7705
-94.5458
-94.1638
-93.599
-92.8747
-92.0513
-91.195
-90.3564
-89.5655
-88.8361
-88.1714
-87.5689
-87.0236
-86.5298
-86.0816
-85.6735
-85.3006
-84.9586
-84.6435
-84.352
-84.0809
-83.8277
-83.5899
-83.3655
-83.1524
-82.949
-82.7536
-82.5647
-82.3809
-82.2008
-82.0229
-81.846
-81.6686
-81.489
-81.3057
-81.1167
-80.92
-80.7128
-80.492
-80.2539
-79.9934
-79.7041
-79.3774
-79.0011
-78.5575
-78.02
-77.345
-76.4563
-75.2045
-73.2452
-69.5477
-59.1246
7.09614
49.9804
49.2197
43.4821
27.3966
5.88421
-7.57272
-18.2714
-29.3354
-40.8916
-67.7529
-94.0643
-94.9675
-94.9652
-94.928
-94.8507
-94.6997
-94.4273
-93.9904
-93.3789
-92.6286
-91.8009
-90.9558
-90.1361
-89.3665
-88.6575
-88.011
-87.4242
-86.8923
-86.4098
-85.9711
-85.571
-85.205
-84.8687
-84.5584
-84.2709
-84.0031
-83.7525
-83.5168
-83.2938
-83.0817
-82.8787
-82.6832
-82.4937
-82.3087
-82.1268
-81.9467
-81.7667
-81.5854
-81.4012
-81.2121
-81.0162
-80.8109
-80.5933
-80.3598
-80.106
-79.8258
-79.5114
-79.1522
-78.7326
-78.2295
-77.6062
-76.8002
-75.6943
-74.0344
-71.1353
-64.2826
-31.0753
48.9632
49.4443
45.2387
32.0168
11.102
-4.01046
-15.038
-25.9521
-35.599
-54.5639
-90.0333
-94.9165
-94.9745
-94.9492
-94.8928
-94.7779
-94.5593
-94.1856
-93.6298
-92.9128
-92.0935
-91.2383
-90.3983
-89.6046
-88.8716
-88.2028
-87.5961
-87.0466
-86.5486
-86.0962
-85.684
-85.3071
-84.961
-84.6418
-84.3461
-84.0708
-83.8132
-83.5709
-83.3418
-83.1237
-82.915
-82.7139
-82.5189
-82.3284
-82.141
-81.9552
-81.7694
-81.582
-81.3913
-81.1953
-80.9917
-80.7779
-80.5507
-80.3062
-80.0393
-79.7436
-79.4102
-79.0267
-78.5753
-78.0285
-77.342
-76.4374
-75.1607
-73.1534
-69.3278
-58.2727
12.831
49.9717
48.9046
42.1569
24.887
3.97818
-8.86468
-19.4469
-30.4655
-43.0707
-72.9402
-94.454
-94.9723
-94.9624
-94.9218
-94.8385
-94.6774
-94.3911
-93.939
-93.3153
-92.5581
-91.7286
-90.8849
-90.0682
-89.3016
-88.5953
-87.9508
-87.3653
-86.8342
-86.3518
-85.9129
-85.5122
-85.145
-84.8073
-84.4952
-84.2055
-83.9353
-83.6818
-83.4427
-83.216
-82.9997
-82.7919
-82.5911
-82.3957
-82.204
-82.0145
-81.8256
-81.6358
-81.4433
-81.2461
-81.0419
-80.8283
-80.6022
-80.3597
-80.096
-79.8049
-79.4781
-79.1039
-78.6658
-78.1384
-77.4813
-76.6246
-75.433
-73.6043
-70.2741
-61.617
-11.2774
49.9419
49.5669
45.426
31.8387
10.2525
-4.7823
-15.7918
-26.7978
-36.4411
-56.6436
-91.2638
-94.931
-94.9717
-94.9428
-94.8798
-94.7528
-94.5147
-94.1155
-93.534
-92.7979
-91.9694
-91.1138
-90.2798
-89.4957
-88.7739
-88.1168
-87.5217
-86.9833
-86.4959
-86.0535
-85.6509
-85.283
-84.9455
-84.6347
-84.3471
-84.0797
-83.83
-83.5955
-83.3741
-83.164
-82.9634
-82.7708
-82.5845
-82.4034
-82.2259
-82.0506
-81.8764
-81.7016
-81.5249
-81.3445
-81.1586
-80.9651
-80.7614
-80.5446
-80.3109
-80.0555
-79.7723
-79.4528
-79.0856
-78.6538
-78.1321
-77.4799
-76.6267
-75.4362
-73.6029
-70.2505
-61.4775
-9.99609
49.9508
49.5757
45.4533
31.8836
10.2837
-4.77034
-15.7836
-26.7905
-36.4305
-56.6183
-91.2497
-94.9307
-94.9717
-94.9429
-94.88
-94.7533
-94.516
-94.1182
-93.5387
-92.8053
-91.9798
-91.1273
-90.2963
-89.515
-88.7958
-88.1411
-87.5481
-87.0118
-86.5263
-86.0857
-85.6847
-85.3185
-84.9827
-84.6736
-84.3876
-84.1219
-83.8739
-83.6413
-83.4219
-83.2138
-83.0154
-82.8252
-82.6416
-82.4633
-82.2888
-82.1171
-81.9467
-81.7762
-81.6043
-81.4295
-81.25
-81.0638
-80.8688
-80.6622
-80.4408
-80.2002
-79.9354
-79.6391
-79.3017
-78.9097
-78.443
-77.8706
-77.1407
-76.1601
-74.7373
-72.3995
-67.5514
-50.4088
42.497
49.6288
46.2231
34.4474
14.0032
-2.26768
-13.5528
-24.3508
-34.55
-52.0226
-87.868
-94.8845
-94.9758
-94.9534
-94.9019
-94.7974
-94.5991
-94.2594
-93.7485
-93.0779
-92.296
-91.4636
-90.6324
-89.8364
-89.0936
-88.4111
-87.7888
-87.2235
-86.7103
-86.2438
-85.8188
-85.4304
-85.0742
-84.7462
-84.4427
-84.1607
-83.8973
-83.65
-83.4166
-83.195
-82.9834
-82.78
-82.5832
-82.3915
-82.2034
-82.0173
-81.8317
-81.6452
-81.4559
-81.2619
-81.0611
-80.8509
-80.6285
-80.39
-80.1309
-79.8451
-79.5244
-79.1578
-78.7293
-78.2149
-77.5763
-76.7477
-75.6047
-73.8729
-70.7949
-63.2275
-23.3779
49.3838
49.4739
45.2787
31.9309
10.8065
-4.27138
-15.2908
-26.2358
-35.7797
-55.0122
-90.3309
-94.9199
-94.9737
-94.9475
-94.8893
-94.771
-94.5465
-94.1644
-93.5989
-92.8733
-92.0484
-91.1907
-90.3511
-89.5598
-88.8304
-88.1659
-87.5639
-87.0191
-86.5257
-86.0778
-85.67
-85.2972
-84.9551
-84.6398
-84.3478
-84.0762
-83.8222
-83.5835
-83.3579
-83.1434
-82.9384
-82.7411
-82.55
-82.3637
-82.1807
-81.9996
-81.8189
-81.6371
-81.4526
-81.2634
-81.0676
-80.8628
-80.646
-80.4138
-80.1618
-79.8841
-79.5733
-79.2187
-78.8057
-78.3121
-77.703
-76.9197
-75.8529
-74.2704
-71.5637
-65.4487
-38.7508
48.7567
49.4768
45.4255
32.5241
11.7536
-3.58186
-14.6581
-25.54
-35.3411
-53.9315
-89.5685
-94.9102
-94.975
-94.9507
-94.8958
-94.7839
-94.5706
-94.2046
-93.6576
-92.9482
-92.1335
-91.2792
-90.4373
-89.6399
-88.9019
-88.2278
-87.6157
-87.0609
-86.5579
-86.1008
-85.6841
-85.303
-84.9529
-84.6298
-84.3304
-84.0515
-83.7903
-83.5443
-83.3114
-83.0895
-82.8768
-82.6715
-82.472
-82.2767
-82.0841
-81.8925
-81.7003
-81.5057
-81.3068
-81.1014
-80.8871
-80.6607
-80.4186
-80.1561
-79.8672
-79.5439
-79.175
-78.7448
-78.2295
-77.5913
-76.7653
-75.6294
-73.9151
-70.8874
-63.5381
-25.7829
48.8962
49.4555
45.2398
31.8927
10.8158
-4.24534
-15.2614
-26.2009
-35.7559
-54.9526
-90.2938
-94.9195
-94.9739
-94.9479
-94.89
-94.7723
-94.5487
-94.1678
-93.6032
-92.8777
-92.0518
-91.1919
-90.3494
-89.5546
-88.8215
-88.1531
-87.5471
-86.9984
-86.5011
-86.0494
-85.6377
-85.2611
-84.9151
-84.5959
-84.2999
-84.0241
-83.7658
-83.5226
-83.2922
-83.0726
-82.8622
-82.659
-82.4616
-82.2683
-82.0776
-81.888
-81.6978
-81.5053
-81.3086
-81.1056
-80.8937
-80.6701
-80.4311
-80.1721
-79.8874
-79.5692
-79.2066
-78.7846
-78.2804
-77.658
-76.8563
-75.7613
-74.1278
-71.3018
-64.7485
-34.2999
48.9833
49.4483
45.2649
32.1004
11.2222
-3.92619
-14.9616
-25.8685
-35.5469
-54.4352
-89.9425
-94.9153
-94.9747
-94.9496
-94.8936
-94.7794
-94.5619
-94.1894
-93.6343
-92.9168
-92.0957
-91.2374
-90.3937
-89.596
-88.8589
-88.1861
-87.5756
-87.0225
-86.521
-86.0652
-85.6498
-85.2696
-84.9202
-84.5977
-84.2986
-84.0198
-83.7586
-83.5124
-83.279
-83.0565
-82.843
-82.6368
-82.436
-82.2393
-82.0449
-81.8512
-81.6567
-81.4593
-81.2571
-81.0479
-80.8289
-80.5969
-80.3481
-80.0773
-79.7781
-79.4416
-79.0557
-78.6024
-78.0549
-77.3692
-76.4682
-75.2008
-73.2168
-69.4636
-58.7975
9.3416
49.9783
49.1086
42.9746
26.3684
5.03464
-8.15063
-18.7979
-29.8507
-41.8722
-70.1341
-94.2752
-94.9701
-94.9638
-94.9249
-94.8445
-94.688
-94.4078
-93.9615
-93.3413
-92.5844
-91.7526
-90.9051
-90.0842
-89.3138
-88.6042
-87.957
-87.3694
-86.8366
-86.3529
-85.913
-85.5115
-85.1438
-84.8056
-84.4933
-84.2034
-83.933
-83.6795
-83.4404
-83.2138
-82.9976
-82.79
-82.5894
-82.3942
-82.2027
-82.0135
-81.825
-81.6356
-81.4435
-81.2467
-81.0431
-80.8301
-80.6046
-80.3629
-80.1001
-79.81
-79.4844
-79.1117
-78.6755
-78.1506
-77.4971
-76.6457
-75.4631
-73.6521
-70.3681
-61.9174
-13.5684
49.9188
49.5523
45.4065
31.8738
10.3748
-4.67662
-15.6896
-26.6843
-36.2546
-56.1834
-91.0221
-94.928
-94.9722
-94.944
-94.8822
-94.7573
-94.5224
-94.1273
-93.5495
-92.8159
-91.9884
-91.1328
-90.2981
-89.5132
-88.7906
-88.1329
-87.5374
-86.9988
-86.5113
-86.069
-85.6666
-85.299
-84.962
-84.6517
-84.3646
-84.098
-83.849
-83.6154
-83.395
-83.186
-82.9866
-82.7953
-82.6106
-82.4311
-82.2554
-82.0822
-81.9103
-81.7382
-81.5644
-81.3875
-81.2055
-81.0166
-80.8183
-80.6079
-80.3818
-80.1357
-79.8639
-79.5589
-79.2103
-78.8035
-78.3164
-77.7144
-76.9396
-75.8837
-74.318
-71.6456
-65.6453
-39.8744
48.6332
49.4879
45.4889
32.6915
11.9651
-3.44591
-14.5388
-25.4107
-35.258
-53.7288
-89.4101
-94.9081
-94.9753
-94.9512
-94.897
-94.7864
-94.5752
-94.2126
-93.6698
-92.9646
-92.1537
-91.3027
-90.4638
-89.6689
-88.9333
-88.2616
-87.6518
-87.0995
-86.5989
-86.1443
-85.7302
-85.3517
-85.0044
-84.6843
-84.3879
-84.1121
-83.8543
-83.612
-83.383
-83.1653
-82.9572
-82.7569
-82.5629
-82.3737
-82.1877
-82.0036
-81.8199
-81.6348
-81.4469
-81.2541
-81.0543
-80.8451
-80.6233
-80.3854
-80.1266
-79.8409
-79.5202
-79.1532
-78.7239
-78.2081
-77.5672
-76.7348
-75.5849
-73.8392
-70.7254
-63.0086
-21.7267
49.5853
49.4874
45.3027
31.9344
10.7566
-4.32303
-15.3426
-26.2947
-35.8169
-55.1046
-90.3893
-94.9205
-94.9736
-94.9473
-94.8888
-94.77
-94.5448
-94.1619
-93.5958
-92.87
-92.0452
-91.1877
-90.3484
-89.5572
-88.8277
-88.163
-87.5605
-87.0151
-86.521
-86.0724
-85.6637
-85.29
-84.9469
-84.6305
-84.3373
-84.0645
-83.8092
-83.569
-83.3418
-83.1257
-82.9189
-82.7196
-82.5264
-82.3376
-82.152
-81.968
-81.784
-81.5985
-81.4097
-81.2157
-81.0143
-80.803
-80.5785
-80.3371
-80.0738
-79.7823
-79.4539
-79.0769
-78.6337
-78.0983
-77.4282
-76.5494
-75.3178
-73.4047
-69.8428
-60.1093
0.229366
49.9785
49.435
44.5457
29.634
7.85198
-6.30867
-17.1448
-28.2092
-38.845
-62.6435
-93.2971
-94.9575
-94.9681
-94.9344
-94.8631
-94.722
-94.4634
-94.0409
-93.44
-92.6934
-91.8636
-91.0127
-90.1861
-89.4098
-88.695
-88.0436
-87.4529
-86.9179
-86.4329
-85.9922
-85.5906
-85.2231
-84.8856
-84.5743
-84.2858
-84.0172
-83.7658
-83.5293
-83.3055
-83.0925
-82.8886
-82.6922
-82.5017
-82.3156
-82.1325
-81.9509
-81.7693
-81.5862
-81.3999
-81.2084
-81.0095
-80.8008
-80.5791
-80.3407
-80.0807
-79.7928
-79.4687
-79.0967
-78.6597
-78.1323
-77.4732
-76.6109
-75.4069
-73.5487
-70.1337
-61.0856
-7.01841
49.9644
49.5488
45.2462
31.3233
9.6186
-5.19457
-16.1596
-27.1885
-37.091
-58.2497
-91.9939
-94.9405
-94.9707
-94.9405
-94.8751
-94.7441
-94.5001
-94.0942
-93.5072
-92.7686
-91.9407
-91.0878
-90.2576
-89.4775
-88.7596
-88.1061
-87.5142
-86.9787
-86.4939
-86.0538
-85.6533
-85.2874
-84.9517
-84.6426
-84.3566
-84.0908
-83.8425
-83.6094
-83.3895
-83.1808
-82.9816
-82.7904
-82.6056
-82.426
-82.25
-82.0765
-81.904
-81.7311
-81.5564
-81.3783
-81.1949
-81.0043
-80.8038
-80.5908
-80.3615
-80.1114
-79.8346
-79.5231
-79.1661
-78.7478
-78.2448
-77.6196
-76.8083
-75.6903
-74.0024
-71.0276
-63.8684
-27.8603
48.7977
49.4509
45.2564
32.0113
11.0384
-4.07288
-15.0999
-26.0224
-35.645
-54.6784
-90.1114
-94.9174
-94.9744
-94.949
-94.8923
-94.7769
-94.5573
-94.182
-93.6241
-92.9054
-92.0855
-91.2311
-90.3934
-89.6031
-88.8742
-88.2099
-87.6079
-87.0632
-86.5698
-86.1219
-85.7141
-85.3414
-84.9994
-84.6842
-84.3924
-84.121
-83.8673
-83.6289
-83.4036
-83.1897
-82.9851
-82.7885
-82.5982
-82.4127
-82.2307
-82.0507
-81.8713
-81.6911
-81.5083
-81.3212
-81.1279
-80.9259
-80.7127
-80.4846
-80.2376
-79.9663
-79.6635
-79.3195
-78.9204
-78.446
-77.8647
-77.1239
-76.1284
-74.6817
-72.2951
-67.2976
-49.1677
44.184
49.6026
46.0804
34.0922
13.5698
-2.51945
-13.7628
-24.5782
-34.709
-52.4038
-88.2442
-94.8904
-94.9757
-94.9529
-94.9009
-94.7949
-94.5936
-94.2485
-93.7302
-93.0511
-92.2614
-91.4229
-90.5872
-89.7882
-89.0435
-88.3596
-87.7363
-87.1702
-86.6561
-86.1886
-85.7625
-85.3728
-85.015
-84.6852
-84.3797
-84.0953
-83.8293
-83.5791
-83.3423
-83.117
-82.9013
-82.6932
-82.4912
-82.2936
-82.0989
-81.9054
-81.7114
-81.5152
-81.3148
-81.1079
-80.8921
-80.6644
-80.4208
-80.1568
-79.8663
-79.541
-79.17
-78.7371
-78.2183
-77.575
-76.7413
-75.5921
-73.8513
-70.7554
-63.1231
-22.6837
49.4766
49.4774
45.2711
31.8739
10.7014
-4.35221
-15.3664
-26.3192
-35.8301
-55.1367
-90.411
-94.9208
-94.9736
-94.9472
-94.8886
-94.7695
-94.5437
-94.1596
-93.5916
-92.8636
-92.0365
-91.1771
-90.3361
-89.5436
-88.8133
-88.148
-87.5452
-86.9998
-86.5059
-86.0575
-85.6492
-85.2759
-84.9333
-84.6175
-84.325
-84.0528
-83.7982
-83.5589
-83.3325
-83.1173
-82.9113
-82.713
-82.5208
-82.3332
-82.1488
-81.9661
-81.7835
-81.5996
-81.4126
-81.2207
-81.0216
-80.8128
-80.5914
-80.3536
-80.0946
-79.8083
-79.4865
-79.1177
-78.6857
-78.1656
-77.5178
-76.6739
-75.503
-73.714
-70.4849
-62.2731
-16.2217
49.8724
49.5338
45.3863
31.9351
10.5558
-4.52349
-15.5424
-26.5207
-35.9988
-55.555
-90.6636
-94.9235
-94.9729
-94.9456
-94.8853
-94.7633
-94.533
-94.1436
-93.5712
-92.8413
-92.0152
-91.1589
-90.3224
-89.5349
-88.8095
-88.1489
-87.5505
-87.0091
-86.519
-86.0742
-85.6692
-85.2992
-84.9598
-84.6471
-84.3578
-84.0887
-83.8373
-83.6013
-83.3783
-83.1667
-82.9645
-82.7703
-82.5824
-82.3996
-82.2203
-82.0432
-81.8669
-81.6901
-81.511
-81.3279
-81.1392
-80.9424
-80.735
-80.5138
-80.275
-80.0134
-79.7225
-79.3936
-79.014
-78.5658
-78.0212
-77.3353
-76.4285
-75.1436
-73.1135
-69.2144
-57.7652
16.2121
49.9587
48.6558
41.246
23.3411
2.96492
-9.57036
-20.0956
-31.0633
-44.2725
-75.606
-94.579
-94.9739
-94.9612
-94.9193
-94.8334
-94.6681
-94.3761
-93.9182
-93.2908
-92.5329
-91.7054
-90.8653
-90.053
-89.291
-88.5891
-87.9487
-87.3672
-86.8397
-86.3608
-85.9251
-85.5274
-85.1633
-84.8285
-84.5194
-84.2326
-83.9652
-83.7147
-83.4787
-83.2551
-83.042
-82.8377
-82.6406
-82.449
-82.2616
-82.0767
-81.8929
-81.7088
-81.5225
-81.3324
-81.1364
-80.9322
-80.7171
-80.4875
-80.2395
-79.9675
-79.6646
-79.3212
-78.9236
-78.452
-77.8753
-77.1423
-76.1602
-74.7395
-72.4126
-67.6095
-50.7859
41.8246
49.6364
46.2556
34.5029
14.0372
-2.26533
-13.5565
-24.3575
-34.5574
-52.0415
-87.8847
-94.8846
-94.9757
-94.9532
-94.9015
-94.7966
-94.5977
-94.2571
-93.7454
-93.0737
-92.2906
-91.4568
-90.6239
-89.8261
-89.0817
-88.3975
-87.7737
-87.2072
-86.6929
-86.2256
-85.8
-85.4111
-85.0546
-84.7263
-84.4228
-84.1408
-83.8776
-83.6305
-83.3974
-83.1762
-82.965
-82.7621
-82.5659
-82.3749
-82.1875
-82.0023
-81.8177
-81.6321
-81.444
-81.2513
-81.052
-80.8436
-80.6231
-80.387
-80.1306
-79.8481
-79.5315
-79.17
-78.7482
-78.2428
-77.6171
-76.8081
-75.6982
-74.0313
-71.1165
-64.2055
-30.4891
48.942
49.4442
45.2344
31.9949
11.0636
-4.03961
-15.0651
-25.9821
-35.6181
-54.611
-90.0659
-94.9169
-94.9745
-94.9492
-94.8927
-94.7777
-94.5585
-94.1837
-93.6258
-92.9063
-92.0847
-91.2275
-90.3865
-89.5927
-88.8602
-88.1926
-87.5875
-87.04
-86.5441
-86.094
-85.6843
-85.3099
-84.9664
-84.6499
-84.357
-84.0845
-83.8299
-83.5908
-83.3649
-83.1503
-82.9452
-82.7481
-82.5573
-82.3714
-82.1891
-82.0087
-81.829
-81.6485
-81.4655
-81.2781
-81.0845
-80.8823
-80.6688
-80.4405
-80.1932
-79.9215
-79.6183
-79.2736
-78.8737
-78.3981
-77.815
-77.0716
-76.0714
-74.6158
-72.2079
-67.1362
-48.4614
44.8961
49.5904
46.0151
33.9339
13.3825
-2.62686
-13.8522
-24.6745
-34.775
-52.562
-88.3942
-94.8927
-94.9756
-94.9527
-94.9003
-94.7939
-94.5921
-94.2472
-93.7305
-93.0548
-92.2695
-91.4353
-90.603
-89.8064
-89.0631
-88.3797
-87.7565
-87.19
-86.6756
-86.2077
-85.7813
-85.3915
-85.0337
-84.7041
-84.3991
-84.1155
-83.8504
-83.6015
-83.3663
-83.1429
-82.9293
-82.7238
-82.5248
-82.3306
-82.1399
-81.951
-81.7623
-81.5722
-81.3789
-81.1804
-80.9744
-80.7582
-80.5286
-80.2816
-80.0121
-79.7133
-79.3765
-78.9888
-78.532
-77.978
-77.2809
-76.3596
-75.0525
-72.9802
-68.964
-56.8855
20.9907
49.9245
48.2112
39.7522
20.9507
1.49569
-10.6428
-21.1996
-32.0599
-46.3671
-79.7959
-94.7156
-94.9751
-94.9588
-94.9141
-94.8233
-94.6498
-94.3469
-93.8777
-93.2416
-92.4791
-91.6506
-90.8116
-90.0011
-89.2411
-88.5409
-87.9019
-87.3213
-86.7944
-86.316
-85.8805
-85.4831
-85.119
-84.7842
-84.475
-84.188
-83.9205
-83.6697
-83.4334
-83.2095
-82.9961
-82.7914
-82.5938
-82.4018
-82.2137
-82.0282
-81.8437
-81.6588
-81.4716
-81.2804
-81.0832
-80.8776
-80.6608
-80.4293
-80.1789
-79.904
-79.5975
-79.2492
-78.8454
-78.365
-77.7759
-77.0241
-76.0109
-74.5316
-72.0694
-66.8149
-46.8232
46.2602
49.5645
45.8777
33.5995
12.9863
-2.85689
-14.0449
-24.8823
-34.9156
-52.9007
-88.7065
-94.8975
-94.9754
-94.952
-94.8989
-94.7908
-94.5856
-94.2352
-93.7114
-93.0287
-92.238
-91.4008
-90.5681
-89.7727
-89.0319
-88.3518
-87.7322
-87.1695
-86.6588
-86.1947
-85.7719
-85.3856
-85.0314
-84.7052
-84.4036
-84.1233
-83.8617
-83.6162
-83.3846
-83.1649
-82.9552
-82.7538
-82.5592
-82.3698
-82.1842
-82.0009
-81.8183
-81.6351
-81.4496
-81.2599
-81.0639
-80.8594
-80.6436
-80.413
-80.1633
-79.889
-79.5827
-79.2345
-78.8304
-78.3493
-77.7587
-77.0041
-75.9859
-74.496
-72.0084
-66.6645
-45.9988
46.778
49.5537
45.824
33.4779
12.8541
-2.92939
-14.1043
-24.9454
-34.957
-53.0005
-88.7958
-94.8988
-94.9755
-94.952
-94.8988
-94.7905
-94.5851
-94.2342
-93.7097
-93.0263
-92.2353
-91.398
-90.5654
-89.7703
-89.0297
-88.3499
-87.7305
-87.1681
-86.6575
-86.1936
-85.7709
-85.3847
-85.0306
-84.7045
-84.403
-84.1229
-83.8614
-83.6161
-83.3847
-83.1652
-82.9557
-82.7547
-82.5604
-82.3714
-82.1863
-82.0036
-81.8217
-81.6393
-81.4547
-81.266
-81.0713
-80.8683
-80.6543
-80.4259
-80.1789
-79.9079
-79.6059
-79.2633
-78.8664
-78.3954
-77.8193
-77.0868
-76.105
-74.6839
-72.3543
-67.5354
-50.5513
42.0693
49.6326
46.237
34.4644
14.0005
-2.28118
-13.5679
-24.369
-34.5647
-52.0583
-87.9001
-94.8847
-94.9757
-94.9532
-94.9015
-94.7971
-94.5997
-94.2628
-93.7572
-93.0931
-92.317
-91.4884
-90.6586
-89.8617
-89.1166
-88.4307
-87.8048
-87.2357
-86.7188
-86.249
-85.821
-85.4301
-85.0717
-84.7418
-84.437
-84.1539
-83.8898
-83.6422
-83.4088
-83.1875
-82.9765
-82.7741
-82.5788
-82.3889
-82.203
-82.0196
-81.8373
-81.6546
-81.4699
-81.2813
-81.0869
-80.8844
-80.6712
-80.4439
-80.1984
-79.9295
-79.6303
-79.2914
-78.8997
-78.4359
-77.8703
-77.1538
-76.1987
-74.8272
-72.6095
-68.1451
-53.4249
35.4344
49.7286
46.7668
35.7604
15.5534
-1.43661
-12.8873
-23.6359
-34.038
-50.8138
-86.5313
-94.8614
-94.9758
-94.9545
-94.9046
-94.804
-94.6141
-94.2888
-93.7969
-93.1448
-92.3763
-91.5504
-90.7195
-89.9192
-89.1697
-88.479
-87.8483
-87.2749
-86.7541
-86.2808
-85.8497
-85.456
-85.0952
-84.7632
-84.4565
-84.1717
-83.9062
-83.6572
-83.4226
-83.2003
-82.9884
-82.7851
-82.5889
-82.3983
-82.2118
-82.0278
-81.8449
-81.6617
-81.4765
-81.2874
-81.0926
-80.8897
-80.676
-80.4483
-80.2023
-79.9329
-79.6332
-79.2937
-78.9013
-78.4368
-77.8702
-77.1523
-76.1951
-74.8199
-72.5945
-68.1064
-53.2422
35.9904
49.7203
46.7184
35.6387
15.4033
-1.51765
-12.952
-23.7058
-34.0896
-50.9342
-86.6731
-94.8639
-94.9758
-94.9543
-94.9042
-94.803
-94.6121
-94.2854
-93.7917
-93.138
-92.3685
-91.5421
-90.7111
-89.9111
-89.1618
-88.4715
-87.8412
-87.2681
-86.7477
-86.2746
-85.8437
-85.4501
-85.0894
-84.7574
-84.4507
-84.1659
-83.9002
-83.6511
-83.4163
-83.1937
-82.9815
-82.7779
-82.5813
-82.3902
-82.2031
-82.0184
-81.8348
-81.6507
-81.4644
-81.2741
-81.0779
-80.8733
-80.6576
-80.4275
-80.1786
-79.9056
-79.6013
-79.256
-78.8559
-78.3807
-77.7989
-77.0581
-76.0632
-74.6181
-72.2345
-67.2394
-49.0586
44.1787
49.6013
46.0712
34.0658
13.5334
-2.5428
-13.7831
-24.6004
-34.7248
-52.4418
-88.2792
-94.8908
-94.9755
-94.9525
-94.9
-94.7937
-94.5925
-94.2494
-93.7359
-93.0641
-92.2823
-91.4504
-90.6193
-89.8227
-89.0788
-88.3946
-87.7705
-87.2032
-86.6881
-86.2198
-85.7932
-85.4035
-85.0461
-84.7171
-84.4129
-84.1304
-83.8667
-83.6194
-83.3861
-83.1648
-82.9537
-82.751
-82.5552
-82.3647
-82.1781
-81.9938
-81.8104
-81.6263
-81.4399
-81.2494
-81.0526
-80.8473
-80.6306
-80.3991
-80.1485
-79.8732
-79.5658
-79.2163
-78.8106
-78.3275
-77.7341
-76.9756
-75.9507
-74.4485
-71.9319
-66.4866
-45.0372
47.2605
49.5413
45.7593
33.3231
12.675
-3.03348
-14.1917
-25.0393
-35.0192
-53.1506
-88.9272
-94.9008
-94.9753
-94.9516
-94.8979
-94.7887
-94.5815
-94.2281
-93.7008
-93.0148
-92.2218
-91.3832
-90.5498
-89.7543
-89.0136
-88.3337
-87.7143
-87.1518
-86.6413
-86.1772
-85.7545
-85.3682
-85.014
-84.6878
-84.3861
-84.1058
-83.8441
-83.5985
-83.3668
-83.147
-82.9372
-82.7358
-82.5411
-82.3516
-82.166
-81.9826
-81.8
-81.6168
-81.4313
-81.2415
-81.0456
-80.8412
-80.6254
-80.3949
-80.1454
-79.8713
-79.5653
-79.2176
-78.8141
-78.334
-77.7447
-76.9922
-75.9774
-74.494
-72.0208
-66.7226
-46.3609
46.539
49.5587
45.8491
33.5366
12.9205
-2.89158
-14.0728
-24.9117
-34.9347
-52.9465
-88.7473
-94.898
-94.9754
-94.9518
-94.8985
-94.7902
-94.5851
-94.2355
-93.7136
-93.0337
-92.2457
-91.4105
-90.5787
-89.7832
-89.0414
-88.3598
-87.7384
-87.1738
-86.6611
-86.1951
-85.7706
-85.3827
-85.0269
-84.6994
-84.3965
-84.1152
-83.8526
-83.6062
-83.3738
-83.1534
-82.9431
-82.7413
-82.5462
-82.3565
-82.1706
-81.9872
-81.8046
-81.6214
-81.436
-81.2466
-81.051
-80.8471
-80.632
-80.4024
-80.1541
-79.8815
-79.5776
-79.2325
-78.8326
-78.3573
-77.7753
-77.0339
-76.0376
-74.5893
-72.1973
-67.1715
-48.7535
44.4983
49.5959
46.0431
33.9989
13.4555
-2.5866
-13.8192
-24.6393
-34.7512
-52.5051
-88.3392
-94.8917
-94.9755
-94.9524
-94.8998
-94.7933
-94.5921
-94.2492
-93.7363
-93.0654
-92.2844
-91.4532
-90.6225
-89.8261
-89.0821
-88.3975
-87.773
-87.2052
-86.6895
-86.2208
-85.7937
-85.4035
-85.0457
-84.7164
-84.4119
-84.1291
-83.8652
-83.6177
-83.3843
-83.163
-82.9519
-82.7494
-82.5537
-82.3634
-82.177
-81.9931
-81.8102
-81.6267
-81.441
-81.2513
-81.0556
-80.8515
-80.6364
-80.4068
-80.1585
-79.8862
-79.5825
-79.2379
-78.8387
-78.3646
-77.7843
-77.0455
-76.0538
-74.6141
-72.2422
-67.2827
-49.3261
43.8156
49.6066
46.099
34.1324
13.6109
-2.49953
-13.7475
-24.5622
-34.6987
-52.3789
-88.2175
-94.8897
-94.9755
-94.9525
-94.9002
-94.7941
-94.5937
-94.2524
-93.7414
-93.0724
-92.2927
-91.4621
-90.6314
-89.8345
-89.0897
-88.4044
-87.779
-87.2104
-86.6941
-86.2246
-85.797
-85.4062
-85.0479
-84.7181
-84.4133
-84.1301
-83.8659
-83.618
-83.3843
-83.1627
-82.9514
-82.7485
-82.5525
-82.3619
-82.1753
-81.991
-81.8077
-81.6238
-81.4378
-81.2476
-81.0514
-80.8467
-80.6309
-80.4005
-80.1512
-79.8777
-79.5725
-79.226
-78.8243
-78.3468
-77.7615
-77.0154
-76.0114
-74.5488
-72.1241
-66.9901
-47.8092
45.4398
49.58
45.9602
33.8009
13.2256
-2.717
-13.9274
-24.7555
-34.8302
-52.6946
-88.5176
-94.8945
-94.9754
-94.9521
-94.8991
-94.7917
-94.5886
-94.2425
-93.7255
-93.0505
-92.2664
-91.4333
-90.6019
-89.8055
-89.0621
-88.3785
-87.7549
-87.1881
-86.6734
-86.2056
-85.7793
-85.3898
-85.0326
-84.7038
-84.3997
-84.1173
-83.8538
-83.6065
-83.3733
-83.1521
-82.941
-82.7384
-82.5427
-82.3522
-82.1657
-81.9815
-81.7981
-81.6142
-81.4279
-81.2375
-81.041
-80.8359
-80.6194
-80.3883
-80.138
-79.8632
-79.5564
-79.2078
-78.8032
-78.3217
-77.7306
-76.9755
-75.9564
-74.465
-71.9734
-66.6118
-45.7723
46.8799
49.5507
45.8077
33.4377
12.8061
-2.95774
-14.1282
-24.9713
-34.9744
-53.0425
-88.8322
-94.8993
-94.9753
-94.9516
-94.898
-94.7892
-94.583
-94.2316
-93.7076
-93.0255
-92.2359
-91.3995
-90.567
-89.7713
-89.0294
-88.3479
-87.7266
-87.1622
-86.6497
-86.1838
-85.7594
-85.3716
-85.0159
-84.6884
-84.3855
-84.1041
-83.8415
-83.595
-83.3625
-83.142
-82.9315
-82.7294
-82.5341
-82.3441
-82.1579
-81.974
-81.791
-81.6073
-81.4212
-81.2311
-81.0346
-80.8297
-80.6134
-80.3823
-80.1321
-79.8572
-79.5504
-79.2016
-78.7968
-78.3148
-77.723
-76.9668
-75.9457
-74.4505
-71.9496
-66.5556
-45.4701
47.0381
49.5468
45.7871
33.3887
12.7495
-2.99054
-14.1558
-25.0008
-34.994
-53.0897
-88.8736
-94.8999
-94.9753
-94.9516
-94.8979
-94.7889
-94.5823
-94.2305
-93.7058
-93.023
-92.2329
-91.3963
-90.5637
-89.768
-89.0263
-88.345
-87.7239
-87.1596
-86.6473
-86.1816
-85.7572
-85.3695
-85.0138
-84.6864
-84.3836
-84.1022
-83.8396
-83.5931
-83.3607
-83.1401
-82.9296
-82.7275
-82.5322
-82.3422
-82.156
-81.9721
-81.7891
-81.6053
-81.4193
-81.2291
-81.0327
-80.8277
-80.6114
-80.3804
-80.1302
-79.8554
-79.5486
-79.1999
-78.7952
-78.3135
-77.722
-76.9663
-75.946
-74.4523
-71.9551
-66.5733
-45.5758
46.9812
49.5481
45.7941
33.4052
12.7684
-2.97964
-14.1466
-24.991
-34.9875
-53.0742
-88.8599
-94.8997
-94.9753
-94.9516
-94.8979
-94.789
-94.5826
-94.2311
-93.7069
-93.0247
-92.2351
-91.3988
-90.5663
-89.7705
-89.0287
-88.3471
-87.7257
-87.1611
-86.6484
-86.1823
-85.7577
-85.3696
-85.0137
-84.6859
-84.3828
-84.1012
-83.8383
-83.5916
-83.3588
-83.138
-82.9273
-82.7249
-82.5293
-82.339
-82.1525
-81.9683
-81.7848
-81.6007
-81.4143
-81.2236
-81.0267
-80.8211
-80.604
-80.3721
-80.1209
-79.8449
-79.5366
-79.186
-78.7788
-78.2936
-77.6972
-76.9339
-75.901
-74.3835
-71.8305
-66.2548
-43.7791
47.7498
49.5261
45.68
33.1335
12.4559
-3.16189
-14.3001
-25.1558
-35.0954
-53.3346
-89.0844
-94.9031
-94.9752
-94.9512
-94.8971
-94.7871
-94.5784
-94.2228
-93.693
-93.0049
-92.2103
-91.3708
-90.537
-89.7414
-89.0006
-88.3205
-87.7009
-87.1381
-86.6272
-86.1627
-85.7395
-85.3527
-84.9978
-84.671
-84.3686
-84.0876
-83.8252
-83.5789
-83.3465
-83.1259
-82.9153
-82.7129
-82.5173
-82.3268
-82.14
-81.9554
-81.7716
-81.5869
-81.3997
-81.2082
-81.0102
-80.8034
-80.5848
-80.351
-80.0975
-79.8186
-79.5066
-79.1513
-78.7376
-78.2437
-77.6347
-76.8518
-75.786
-74.2056
-71.5014
-65.3815
-38.5056
48.7741
49.4744
45.4122
32.4903
11.7127
-3.60771
-14.6806
-25.5644
-35.3566
-53.9694
-89.597
-94.9105
-94.9749
-94.9503
-94.895
-94.7824
-94.5685
-94.2035
-93.6607
-92.9584
-92.152
-91.3049
-90.4677
-89.6721
-88.9337
-88.2575
-87.6422
-87.0839
-86.5773
-86.1169
-85.6973
-85.3137
-84.9616
-84.6372
-84.3369
-84.0577
-83.7967
-83.5516
-83.32
-83.1001
-82.8899
-82.6878
-82.4921
-82.3014
-82.1142
-81.9289
-81.7442
-81.5583
-81.3696
-81.1762
-80.9759
-80.7663
-80.5443
-80.3062
-80.0474
-79.7618
-79.4415
-79.0752
-78.6467
-78.1323
-77.4932
-76.6639
-75.5186
-73.7813
-70.6847
-63.0183
-22.0704
49.5511
49.4835
45.2906
31.9133
10.7405
-4.33003
-15.3477
-26.2997
-35.8193
-55.1103
-90.393
-94.9205
-94.9734
-94.9468
-94.8879
-94.7682
-94.5416
-94.1573
-93.5901
-92.8638
-92.0388
-91.1808
-90.3404
-89.5476
-88.8159
-88.1488
-87.5439
-86.9963
-86.5003
-86.0499
-85.6398
-85.2651
-84.9214
-84.6047
-84.3117
-84.0392
-83.7847
-83.5456
-83.3199
-83.1056
-82.9009
-82.7043
-82.514
-82.3288
-82.1473
-81.9679
-81.7892
-81.6099
-81.4283
-81.2426
-81.051
-80.851
-80.6401
-80.415
-80.1716
-79.9047
-79.6073
-79.2701
-78.88
-78.4177
-77.8535
-77.1383
-76.1844
-74.8139
-72.5973
-68.1345
-53.4254
35.4088
49.7287
46.7664
35.7563
15.544
-1.44432
-12.8943
-23.6439
-34.0443
-50.8286
-86.5477
-94.8616
-94.9757
-94.9543
-94.9043
-94.8033
-94.6128
-94.2868
-93.7941
-93.1413
-92.3721
-91.5456
-90.7139
-89.9129
-89.1624
-88.4709
-87.8392
-87.2648
-86.7431
-86.2687
-85.8367
-85.4419
-85.08
-84.747
-84.4391
-84.1532
-83.8864
-83.6362
-83.4003
-83.1766
-82.9631
-82.7583
-82.5604
-82.3678
-82.1792
-81.9929
-81.8075
-81.6215
-81.433
-81.2403
-81.0413
-80.8335
-80.6141
-80.3796
-80.1254
-79.846
-79.5337
-79.1782
-78.7647
-78.2713
-77.6634
-76.8828
-75.8216
-74.251
-71.573
-65.5573
-39.611
48.6565
49.4836
45.4598
32.6061
11.8476
-3.52514
-14.6095
-25.4879
-35.3085
-53.8524
-89.5064
-94.9092
-94.975
-94.9505
-94.8954
-94.7832
-94.5697
-94.205
-93.6616
-92.9582
-92.1501
-91.3012
-90.4626
-89.666
-88.927
-88.2505
-87.6352
-87.077
-86.5705
-86.1101
-85.6906
-85.307
-84.9548
-84.6302
-84.3297
-84.05
-83.7886
-83.5428
-83.3105
-83.0896
-82.8784
-82.675
-82.4779
-82.2856
-82.0965
-81.9091
-81.7218
-81.533
-81.341
-81.1436
-80.9388
-80.7238
-80.4953
-80.2493
-79.9809
-79.6834
-79.3477
-78.9614
-78.5061
-77.954
-77.2593
-76.3415
-75.04
-72.9786
-68.9915
-57.0551
19.9178
49.9338
48.3152
40.0825
21.4527
1.7864
-10.4291
-20.9664
-31.8529
-45.9228
-78.9572
-94.6916
-94.9747
-94.959
-94.9146
-94.8242
-94.6516
-94.3498
-93.8815
-93.2456
-92.4823
-91.6523
-90.8113
-89.9987
-89.2367
-88.5345
-87.8937
-87.3116
-86.7834
-86.3037
-85.8672
-85.4688
-85.1039
-84.7683
-84.4584
-84.1709
-83.9028
-83.6515
-83.4148
-83.1906
-82.9768
-82.7718
-82.5739
-82.3816
-82.1934
-82.0077
-81.823
-81.6379
-81.4506
-81.2593
-81.062
-80.8563
-80.6394
-80.4079
-80.1575
-79.8827
-79.5761
-79.228
-78.8242
-78.3441
-77.7553
-77.004
-75.9918
-74.5138
-72.0545
-66.8071
-46.8455
46.2217
49.5647
45.8781
33.5986
12.9828
-2.86009
-14.048
-24.8858
-34.9182
-52.907
-88.7116
-94.8974
-94.9753
-94.9518
-94.8983
-94.7897
-94.5839
-94.2332
-93.7096
-93.0277
-92.238
-91.4015
-90.5689
-89.7733
-89.0317
-88.3506
-87.7299
-87.166
-86.6541
-86.1888
-85.7649
-85.3776
-85.0224
-84.6954
-84.393
-84.112
-83.8497
-83.6036
-83.3715
-83.1513
-82.9411
-82.7393
-82.5443
-82.3545
-82.1685
-81.9849
-81.802
-81.6185
-81.4326
-81.2425
-81.0462
-80.8414
-80.6251
-80.394
-80.1437
-79.8688
-79.5618
-79.2126
-78.8073
-78.3245
-77.7315
-76.9733
-75.9488
-74.447
-71.9309
-66.4878
-45.0609
47.2504
49.5416
45.7605
33.3259
12.6779
-3.03185
-14.1904
-25.0379
-35.0183
-53.1484
-88.9253
-94.9007
-94.9753
-94.9515
-94.8978
-94.7885
-94.5811
-94.2273
-93.6992
-93.0125
-92.2187
-91.3797
-90.5461
-89.7507
-89.0102
-88.3306
-87.7116
-87.1494
-86.6392
-86.1755
-85.7532
-85.3672
-85.0132
-84.6873
-84.3859
-84.1058
-83.8444
-83.5991
-83.3677
-83.1482
-82.9387
-82.7376
-82.5433
-82.3542
-82.1689
-81.986
-81.804
-81.6213
-81.4364
-81.2474
-81.0524
-80.8489
-80.6342
-80.4051
-80.1572
-79.8851
-79.5816
-79.237
-78.8376
-78.3631
-77.7818
-77.0414
-76.0466
-74.6009
-72.2147
-67.2085
-48.9375
44.3024
49.5991
46.0601
34.0397
13.5031
-2.55964
-13.7969
-24.6153
-34.7349
-52.466
-88.3022
-94.8911
-94.9755
-94.9524
-94.8999
-94.7935
-94.5922
-94.2492
-93.736
-93.0647
-92.2832
-91.4516
-90.6206
-89.8241
-89.0801
-88.3957
-87.7713
-87.2038
-86.6885
-86.22
-85.7932
-85.4033
-85.0458
-84.7168
-84.4126
-84.1301
-83.8665
-83.6193
-83.3862
-83.1652
-82.9544
-82.7522
-82.5568
-82.3669
-82.1809
-81.9974
-81.8148
-81.6318
-81.4466
-81.2575
-81.0624
-80.8591
-80.6448
-80.4161
-80.169
-79.898
-79.596
-79.2536
-78.8571
-78.3867
-77.8116
-77.0807
-76.1018
-74.6859
-72.368
-67.5854
-50.8254
41.5626
49.6396
46.2739
34.5521
14.1024
-2.22572
-13.523
-24.3208
-34.5313
-51.9787
-87.8188
-94.8833
-94.9756
-94.953
-94.9013
-94.7966
-94.5991
-94.2622
-93.7568
-93.0926
-92.3163
-91.4871
-90.6562
-89.8583
-89.112
-88.425
-87.798
-87.2279
-86.7102
-86.2396
-85.8109
-85.4193
-85.0603
-84.7299
-84.4246
-84.1411
-83.8765
-83.6285
-83.3947
-83.1731
-82.9617
-82.7589
-82.5631
-82.3728
-82.1865
-82.0026
-81.8198
-81.6365
-81.4511
-81.2617
-81.0665
-80.863
-80.6486
-80.4198
-80.1726
-79.9015
-79.5996
-79.2572
-78.8608
-78.3906
-77.8159
-77.0856
-76.1077
-74.6939
-72.3809
-67.6142
-50.9594
41.3233
49.6431
46.2921
34.5958
14.1538
-2.19726
-13.4998
-24.2959
-34.5139
-51.9375
-87.7762
-94.8826
-94.9756
-94.953
-94.9013
-94.7967
-94.5993
-94.2626
-93.7574
-93.0934
-92.3171
-91.4878
-90.6568
-89.8586
-89.1122
-88.425
-87.7977
-87.2275
-86.7097
-86.2389
-85.8102
-85.4185
-85.0594
-84.729
-84.4236
-84.14
-83.8754
-83.6274
-83.3935
-83.1717
-82.9603
-82.7574
-82.5615
-82.3711
-82.1846
-82.0006
-81.8175
-81.634
-81.4484
-81.2587
-81.0631
-80.8592
-80.6442
-80.4149
-80.1669
-79.8949
-79.5917
-79.2477
-78.8493
-78.3763
-77.7974
-77.061
-76.0728
-74.64
-72.2835
-67.3754
-49.7754
43.2303
49.6155
46.1459
34.2445
13.7416
-2.42601
-13.687
-24.4972
-34.6539
-52.2716
-88.113
-94.8881
-94.9755
-94.9526
-94.9003
-94.7944
-94.5943
-94.2533
-93.7428
-93.0738
-92.294
-91.463
-90.6317
-89.8344
-89.0893
-88.4037
-87.7781
-87.2095
-86.6932
-86.2238
-85.7963
-85.4058
-85.0477
-84.7182
-84.4136
-84.1308
-83.8668
-83.6194
-83.386
-83.1648
-82.9538
-82.7513
-82.5558
-82.3657
-82.1795
-81.9958
-81.8131
-81.6298
-81.4444
-81.255
-81.0596
-80.8558
-80.6411
-80.4119
-80.1641
-79.8923
-79.5893
-79.2454
-78.8471
-78.3741
-77.7953
-77.0588
-76.0705
-74.6372
-72.2794
-67.3662
-49.7295
43.2928
49.6146
46.141
34.2329
13.7281
-2.43348
-13.6931
-24.5038
-34.6585
-52.2824
-88.1236
-94.8882
-94.9755
-94.9526
-94.9002
-94.7943
-94.5941
-94.253
-93.7423
-93.0733
-92.2935
-91.4625
-90.6313
-89.834
-89.089
-88.4036
-87.7781
-87.2097
-86.6935
-86.2243
-85.797
-85.4067
-85.0488
-84.7195
-84.4151
-84.1325
-83.8689
-83.6217
-83.3886
-83.1677
-82.9571
-82.755
-82.5599
-82.3702
-82.1846
-82.0014
-81.8193
-81.6368
-81.4522
-81.2637
-81.0693
-80.8669
-80.6536
-80.4261
-80.1804
-79.9111
-79.6113
-79.2715
-78.8786
-78.413
-77.8446
-77.1238
-76.1613
-74.7757
-72.5258
-67.958
-52.5832
37.7694
49.694
46.5695
35.2706
14.9571
-1.75835
-13.1446
-23.9135
-34.2409
-51.29
-87.0796
-94.8709
-94.9756
-94.9537
-94.9029
-94.8004
-94.6069
-94.2766
-93.7788
-93.1214
-92.3494
-91.5217
-90.6904
-89.8907
-89.1421
-88.4526
-87.8232
-87.251
-86.7314
-86.2592
-85.8292
-85.4365
-85.0766
-84.7455
-84.4395
-84.1556
-83.8908
-83.6426
-83.4087
-83.1871
-82.9759
-82.7734
-82.578
-82.3881
-82.2024
-82.0192
-81.8372
-81.6549
-81.4707
-81.2828
-81.0891
-80.8876
-80.6755
-80.4495
-80.2056
-79.9387
-79.642
-79.3063
-78.9187
-78.4605
-77.903
-77.1984
-76.2626
-74.9263
-72.7849
-68.5533
-55.2161
28.9348
49.8266
47.388
37.3725
17.6063
-0.338833
-12.0263
-22.7043
-33.3224
-49.1628
-84.376
-94.8209
-94.9756
-94.9558
-94.9076
-94.8104
-94.6264
-94.3096
-93.8264
-93.1807
-92.4146
-91.5876
-90.7533
-89.9487
-89.1946
-88.4998
-87.8655
-87.289
-86.7657
-86.2902
-85.8574
-85.4623
-85.1003
-84.7674
-84.4599
-84.1746
-83.9086
-83.6594
-83.4246
-83.2022
-82.9903
-82.7872
-82.5913
-82.401
-82.2148
-82.0313
-81.8491
-81.6666
-81.4821
-81.2941
-81.1004
-80.8988
-80.6867
-80.4609
-80.2172
-79.9505
-79.6542
-79.3192
-78.9325
-78.4756
-77.9198
-77.2181
-76.2871
-74.9595
-72.8375
-68.6651
-55.6736
26.9616
49.8547
47.5932
37.9349
18.3596
0.0652951
-11.7157
-22.3672
-33.0508
-48.5486
-83.4717
-94.8026
-94.9755
-94.9563
-94.9088
-94.8127
-94.6307
-94.3165
-93.8359
-93.1918
-92.4263
-91.599
-90.7639
-89.9583
-89.2032
-88.5076
-87.8727
-87.2956
-86.7719
-86.2961
-85.8631
-85.4678
-85.1057
-84.7726
-84.4651
-84.1797
-83.9136
-83.6643
-83.4295
-83.2071
-82.9952
-82.792
-82.596
-82.4057
-82.2194
-82.0359
-81.8536
-81.671
-81.4864
-81.2982
-81.1043
-80.9025
-80.6902
-80.464
-80.2198
-79.9527
-79.6557
-79.3197
-78.9318
-78.4732
-77.9151
-77.2098
-76.2728
-74.9344
-72.7889
-68.5457
-55.1515
29.273
49.8216
47.3527
37.2754
17.4748
-0.411657
-12.0834
-22.7666
-33.3723
-49.2766
-84.5387
-94.8243
-94.9756
-94.9556
-94.9072
-94.8094
-94.6244
-94.3062
-93.8214
-93.1742
-92.4074
-91.5804
-90.7465
-89.9428
-89.1898
-88.4961
-87.8629
-87.2875
-86.7651
-86.2906
-85.8586
-85.4642
-85.1029
-84.7706
-84.4637
-84.1789
-83.9134
-83.6645
-83.4301
-83.2081
-82.9965
-82.7936
-82.5979
-82.4078
-82.2218
-82.0384
-81.8562
-81.6738
-81.4894
-81.3013
-81.1075
-80.9058
-80.6935
-80.4673
-80.2232
-79.9559
-79.6589
-79.3227
-78.9345
-78.4756
-77.9169
-77.2106
-76.2719
-74.9304
-72.778
-68.5139
-55.0006
29.9234
49.812
47.2874
37.1014
17.248
-0.532049
-12.1765
-22.8674
-33.4519
-49.4584
-84.7926
-94.8292
-94.9756
-94.9554
-94.9068
-94.8085
-94.6228
-94.3034
-93.8175
-93.1694
-92.4021
-91.5752
-90.7417
-89.9386
-89.1863
-88.4934
-87.8609
-87.2861
-86.7643
-86.2903
-85.8589
-85.465
-85.1041
-84.7722
-84.4657
-84.1813
-83.9161
-83.6676
-83.4335
-83.2118
-83.0006
-82.7981
-82.6027
-82.413
-82.2274
-82.0444
-81.8628
-81.6808
-81.497
-81.3094
-81.1164
-80.9155
-80.7041
-80.4789
-80.2361
-79.9704
-79.6752
-79.3415
-78.9565
-78.5019
-77.949
-77.2517
-76.3276
-75.0122
-72.9169
-68.8241
-56.2897
24.1164
49.8916
47.8949
38.8009
19.5714
0.730301
-11.2098
-21.8166
-32.5922
-47.5265
-81.8406
-94.7668
-94.9753
-94.9573
-94.9109
-94.8169
-94.6382
-94.3284
-93.8523
-93.2113
-92.4469
-91.6193
-90.7831
-89.9763
-89.2202
-88.5238
-87.8883
-87.311
-86.7873
-86.3116
-85.8788
-85.4839
-85.1222
-84.7897
-84.4827
-84.1979
-83.9326
-83.6841
-83.4501
-83.2286
-83.0176
-82.8155
-82.6207
-82.4316
-82.2467
-82.0647
-81.8841
-81.7034
-81.521
-81.3352
-81.1441
-80.9456
-80.7369
-80.5151
-80.2763
-80.0155
-79.7265
-79.4007
-79.0261
-78.5853
-78.0521
-77.384
-76.5067
-75.2755
-73.359
-69.7796
-59.927
1.49906
49.9796
49.406
44.3936
29.3057
7.5526
-6.49454
-17.3084
-28.3745
-39.1374
-63.3795
-93.4443
-94.9592
-94.9673
-94.9326
-94.8596
-94.7155
-94.4525
-94.0248
-93.419
-92.6694
-91.8383
-90.9879
-90.163
-89.389
-88.6768
-88.0283
-87.4407
-86.9088
-86.427
-85.9895
-85.5912
-85.2273
-84.8935
-84.5859
-84.3014
-84.037
-83.7901
-83.5583
-83.3395
-83.132
-82.934
-82.744
-82.5604
-82.3819
-82.2073
-82.035
-81.8639
-81.6925
-81.5194
-81.343
-81.1615
-80.973
-80.775
-80.5647
-80.3386
-80.0923
-79.82
-79.5142
-79.1642
-78.7553
-78.2649
-77.6579
-76.8745
-75.8033
-74.2069
-71.4566
-65.1584
-36.803
48.9032
49.4646
45.3667
32.3913
11.611
-3.66448
-14.7278
-25.6141
-35.3867
-54.0426
-89.6541
-94.9114
-94.9748
-94.95
-94.8945
-94.7815
-94.5662
-94.1978
-93.6483
-92.9372
-92.122
-91.2687
-90.429
-89.6344
-88.8999
-88.2295
-87.6214
-87.0707
-86.5718
-86.1189
-85.7066
-85.3298
-84.9841
-84.6657
-84.371
-84.097
-83.841
-83.6005
-83.3735
-83.1578
-82.9518
-82.7537
-82.5621
-82.3755
-82.1924
-82.0114
-81.831
-81.6498
-81.4661
-81.2782
-81.0839
-80.881
-80.6667
-80.4376
-80.1894
-79.9167
-79.6122
-79.266
-78.8641
-78.3859
-77.7991
-77.05
-76.0405
-74.5674
-72.1187
-66.9077
-47.2208
45.9848
49.571
45.9141
33.6936
13.1048
-2.78457
-13.983
-24.8151
-34.87
-52.79
-88.6062
-94.8959
-94.9753
-94.9518
-94.8985
-94.7902
-94.5849
-94.2342
-93.7101
-93.0266
-92.2346
-91.3957
-90.5608
-89.7632
-89.0201
-88.3378
-87.7159
-87.151
-86.6381
-86.1717
-85.7467
-85.3581
-85.0014
-84.6728
-84.3686
-84.0856
-83.8211
-83.5726
-83.3377
-83.1144
-82.9008
-82.6952
-82.4959
-82.3014
-82.1101
-81.9205
-81.7308
-81.5396
-81.3448
-81.1445
-80.9364
-80.7176
-80.4848
-80.2338
-79.9593
-79.6542
-79.309
-78.9103
-78.4384
-77.8627
-77.1327
-76.1575
-74.7516
-72.461
-67.7753
-51.6937
39.9367
49.662
46.3889
34.8148
14.3913
-2.07817
-13.4068
-24.1976
-34.4462
-51.7771
-87.6079
-94.8797
-94.9755
-94.9529
-94.9012
-94.7965
-94.5989
-94.2618
-93.7556
-93.09
-92.3116
-91.4801
-90.6471
-89.8473
-89.0995
-88.4113
-87.7833
-87.2124
-86.6941
-86.2229
-85.7937
-85.4016
-85.0421
-84.7112
-84.4052
-84.121
-83.8557
-83.6068
-83.372
-83.1492
-82.9365
-82.7322
-82.5347
-82.3424
-82.1538
-81.9675
-81.7817
-81.595
-81.4057
-81.2119
-81.0113
-80.8016
-80.5796
-80.3418
-80.0835
-79.7987
-79.4793
-79.1145
-78.6882
-78.1768
-77.5424
-76.72
-75.587
-73.8742
-70.8415
-63.4464
-25.1404
49.0578
49.4607
45.2561
31.9273
10.8525
-4.22364
-15.2429
-26.1814
-35.7447
-54.9254
-90.2754
-94.9192
-94.9737
-94.9474
-94.8891
-94.7706
-94.5458
-94.1635
-93.5977
-92.8718
-92.046
-91.1871
-90.346
-89.5531
-88.822
-88.1559
-87.5525
-87.0066
-86.5124
-86.064
-85.656
-85.2832
-84.9414
-84.6267
-84.3355
-84.0649
-83.8122
-83.575
-83.3511
-83.1387
-82.936
-82.7413
-82.5532
-82.3702
-82.191
-82.0141
-81.8382
-81.6619
-81.4836
-81.3016
-81.114
-80.9189
-80.7135
-80.4948
-80.259
-80.0013
-79.7153
-79.3926
-79.0213
-78.5843
-78.0556
-77.3932
-76.5241
-75.3064
-73.4169
-69.9101
-60.4096
-2.12158
49.9759
49.4829
44.8265
30.2995
8.53136
-5.87382
-16.758
-27.811
-38.1478
-60.8895
-92.8728
-94.9518
-94.9688
-94.9362
-94.8667
-94.7287
-94.4745
-94.0568
-93.4597
-92.7149
-91.8849
-91.0325
-90.204
-89.4259
-88.7096
-88.0573
-87.4661
-86.931
-86.4462
-86.0062
-85.6055
-85.2393
-84.9034
-84.5939
-84.3075
-84.0413
-83.7927
-83.5592
-83.3389
-83.1298
-82.9302
-82.7386
-82.5533
-82.3732
-82.1968
-82.0227
-81.8496
-81.6762
-81.5008
-81.322
-81.1378
-80.9462
-80.7447
-80.5304
-80.2996
-80.0477
-79.7687
-79.4545
-79.0939
-78.6708
-78.1612
-77.5264
-76.7002
-75.5563
-73.8169
-70.7091
-62.9948
-21.658
49.5924
49.489
45.3143
31.9717
10.8098
-4.28595
-15.3089
-26.2581
-35.7952
-55.0514
-90.3548
-94.92
-94.9734
-94.9469
-94.8881
-94.7687
-94.5426
-94.1588
-93.5921
-92.8661
-92.0417
-91.1852
-90.347
-89.5574
-88.8296
-88.1667
-87.5662
-87.023
-86.5313
-86.0851
-85.6789
-85.3079
-84.9677
-84.6544
-84.3645
-84.0951
-83.8435
-83.6074
-83.3845
-83.173
-82.9712
-82.7775
-82.5903
-82.4082
-82.2299
-82.054
-81.8791
-81.7039
-81.5267
-81.346
-81.1599
-80.9664
-80.7628
-80.5463
-80.3131
-80.0585
-79.7763
-79.4585
-79.0936
-78.6651
-78.1483
-77.5035
-76.6624
-75.4936
-73.7053
-70.4725
-62.2321
-15.864
49.8808
49.5381
45.4063
31.9857
10.617
-4.48456
-15.508
-26.484
-35.9429
-55.4192
-90.5808
-94.9223
-94.9727
-94.9453
-94.8848
-94.7624
-94.5314
-94.1411
-93.5678
-92.8367
-92.0095
-91.1522
-90.3148
-89.5266
-88.8005
-88.1394
-87.5405
-86.9988
-86.5082
-86.0631
-85.6579
-85.2876
-84.9479
-84.635
-84.3454
-84.0762
-83.8246
-83.5883
-83.3652
-83.1533
-82.9509
-82.7564
-82.5683
-82.3852
-82.2056
-82.0282
-81.8516
-81.6743
-81.4947
-81.3111
-81.1216
-80.9241
-80.7158
-80.4935
-80.2533
-79.9901
-79.6971
-79.3655
-78.9823
-78.5292
-77.9776
-77.2813
-76.3576
-75.0419
-72.9455
-68.8509
-56.3366
24.0937
49.8919
47.899
38.8144
19.5927
0.743701
-11.1991
-21.8047
-32.582
-47.5041
-81.8059
-94.7666
-94.9754
-94.9575
-94.9113
-94.8176
-94.6393
-94.3298
-93.8536
-93.2121
-92.4471
-91.6186
-90.7815
-89.9737
-89.2165
-88.519
-87.8824
-87.3039
-86.7788
-86.3017
-85.8673
-85.4707
-85.1072
-84.7727
-84.4636
-84.1765
-83.9087
-83.6575
-83.4205
-83.1957
-82.9812
-82.7752
-82.576
-82.3821
-82.1919
-82.0038
-81.8164
-81.628
-81.4369
-81.2411
-81.0384
-80.8262
-80.6016
-80.3607
-80.0987
-79.8095
-79.4847
-79.1129
-78.6774
-78.1535
-77.5008
-76.6503
-75.4688
-73.659
-70.3766
-61.9308
-13.6207
49.9181
49.5527
45.4145
31.9035
10.4197
-4.64506
-15.6607
-26.6531
-36.2063
-56.0652
-90.9568
-94.9271
-94.9721
-94.9438
-94.8817
-94.7563
-94.5205
-94.1238
-93.5438
-92.8074
-91.9771
-91.1188
-90.2818
-89.495
-88.771
-88.1122
-87.5158
-86.9766
-86.4886
-86.046
-85.6433
-85.2755
-84.9383
-84.6279
-84.3408
-84.074
-83.825
-83.5913
-83.3708
-83.1616
-82.962
-82.7705
-82.5855
-82.4057
-82.2297
-82.0561
-81.8836
-81.7109
-81.5363
-81.3584
-81.1754
-80.9851
-80.7852
-80.5727
-80.3441
-80.0949
-79.8192
-79.5091
-79.1538
-78.7378
-78.2379
-77.6173
-76.8129
-75.7065
-74.0414
-71.1235
-64.1889
-30.2454
48.9332
49.446
45.2471
32.0337
11.1168
-4.00314
-15.0323
-25.9463
-35.5959
-54.5562
-90.0276
-94.9163
-94.9744
-94.949
-94.8924
-94.7771
-94.5577
-94.1827
-93.6248
-92.9055
-92.0842
-91.2277
-90.3876
-89.5949
-88.8635
-88.1971
-87.5931
-87.0466
-86.5517
-86.1025
-85.6936
-85.3199
-84.9771
-84.6612
-84.3687
-84.0968
-83.8426
-83.6038
-83.3783
-83.164
-82.9592
-82.7623
-82.5717
-82.3861
-82.2039
-82.0237
-81.8442
-81.6637
-81.4807
-81.2934
-81.0998
-80.8976
-80.684
-80.4556
-80.2081
-79.9361
-79.6324
-79.2872
-78.8864
-78.4096
-77.8248
-77.0785
-76.0737
-74.6092
-72.1812
-67.0437
-47.9228
45.4387
49.5815
45.9692
33.8254
13.258
-2.69657
-13.9097
-24.7363
-34.8169
-52.6623
-88.489
-94.8941
-94.9755
-94.9522
-94.8994
-94.7918
-94.5875
-94.238
-93.7143
-93.0302
-92.2366
-91.3957
-90.559
-89.7598
-89.0155
-88.3322
-87.7097
-87.1444
-86.6311
-86.1645
-85.7392
-85.3502
-84.9932
-84.6641
-84.3593
-84.0757
-83.8104
-83.5609
-83.325
-83.1005
-82.8855
-82.6783
-82.4773
-82.2807
-82.0871
-81.8948
-81.7022
-81.5074
-81.3086
-81.1036
-80.89
-80.6647
-80.424
-80.1635
-79.8772
-79.5572
-79.1928
-78.7688
-78.2619
-77.636
-76.8291
-75.7252
-74.0741
-71.2042
-64.4784
-32.4683
48.9853
49.4434
45.2337
32.007
11.0937
-4.01441
-15.0411
-25.9552
-35.6008
-54.568
-90.036
-94.9165
-94.9744
-94.949
-94.8923
-94.7768
-94.5569
-94.1808
-93.6211
-92.8991
-92.0742
-91.2134
-90.3684
-89.5705
-88.8339
-88.1623
-87.5534
-87.0022
-86.5028
-86.0493
-85.6363
-85.2586
-84.9118
-84.592
-84.2957
-84.0199
-83.7617
-83.5187
-83.2888
-83.0699
-82.8603
-82.6581
-82.4619
-82.27
-82.081
-81.8933
-81.7053
-81.5153
-81.3215
-81.1219
-80.914
-80.6951
-80.4616
-80.2094
-79.933
-79.6251
-79.2758
-78.8712
-78.3908
-77.8024
-77.0528
-76.0446
-74.5767
-72.1443
-66.9967
-47.7999
45.5027
49.5781
45.9448
33.7487
13.1444
-2.77364
-13.9779
-24.8115
-34.8695
-52.7898
-88.6042
-94.8957
-94.9754
-94.9519
-94.8988
-94.7907
-94.5857
-94.2358
-93.7126
-93.0301
-92.2387
-91.3999
-90.5646
-89.7661
-89.0219
-88.3383
-87.7152
-87.1491
-86.6351
-86.1677
-85.7418
-85.3524
-84.9951
-84.6659
-84.3612
-84.0778
-83.8129
-83.564
-83.3288
-83.1052
-82.8914
-82.6856
-82.4862
-82.2915
-82.1
-81.9102
-81.7204
-81.529
-81.3341
-81.1336
-80.9253
-80.7063
-80.4733
-80.222
-79.947
-79.6415
-79.2956
-78.896
-78.4227
-77.8451
-77.112
-76.1318
-74.7163
-72.404
-67.6495
-51.1265
41.0753
49.6457
46.3008
34.6011
14.138
-2.21764
-13.5204
-24.3199
-34.5325
-51.9827
-87.8217
-94.8833
-94.9756
-94.953
-94.9011
-94.7962
-94.598
-94.2597
-93.7519
-93.0849
-92.3056
-91.474
-90.6414
-89.8424
-89.0956
-88.4085
-87.7816
-87.2118
-86.6945
-86.2244
-85.7963
-85.4052
-85.0467
-84.7168
-84.4118
-84.1287
-83.8645
-83.6167
-83.383
-83.1615
-82.9502
-82.7473
-82.5514
-82.3608
-82.1741
-81.9898
-81.8063
-81.6222
-81.4359
-81.2454
-81.0487
-80.8434
-80.6268
-80.3953
-80.1447
-79.8694
-79.562
-79.2124
-78.8065
-78.3229
-77.7288
-76.969
-75.9417
-74.4345
-71.9059
-66.4203
-44.6831
47.4206
49.5368
45.7358
33.2666
12.6092
-3.07224
-14.2245
-25.0746
-35.0423
-53.2064
-88.9759
-94.9015
-94.9753
-94.9515
-94.8978
-94.7883
-94.5805
-94.2256
-93.6959
-93.007
-92.2113
-91.371
-90.5367
-89.7413
-89.0013
-88.3225
-87.7045
-87.1435
-86.6346
-86.1721
-85.751
-85.3663
-85.0135
-84.6888
-84.3886
-84.1097
-83.8495
-83.6054
-83.3752
-83.157
-82.9488
-82.749
-82.5561
-82.3685
-82.1849
-82.0037
-81.8235
-81.643
-81.4604
-81.274
-81.0818
-80.8818
-80.6711
-80.4465
-80.2041
-79.9386
-79.6435
-79.3095
-78.9239
-78.468
-77.9133
-77.2125
-76.2824
-74.9558
-72.835
-68.6649
-55.687
26.8955
49.8557
47.6014
37.9601
18.398
0.088707
-11.6969
-22.3464
-33.0336
-48.5095
-83.4117
-94.8014
-94.9756

