-70
-68.5687
-66.7714
-64.0062
-58.4784
-39.1667
37.2555
44.6113
12.6457
-12.1353
-25.6014
-39.2479
-67.7487
-94.0502
-94.9583
-94.9777
-94.9621
-94.9315
-94.8831
-94.816
-94.7328
-94.6388
-94.5396
-94.4392
-94.3401
-94.2435
-94.15
-94.0596
-93.972
-93.8873
-93.805
-93.7251
-93.6474
-93.5718
-93.498
-93.4261
-93.3558
-93.2872
-93.2201
-93.1546
-93.0904
-93.0276
-92.966
-92.9058
-92.8467
-92.7888
-92.7319
-92.6762
-92.6214
-92.5677
-92.5149
-92.463
-92.412
-92.3619
-92.3125
-92.264
-92.2162
-92.1692
-92.1228
-92.0772
-92.0322
-91.9879
-91.9441
-91.901
-91.8584
-91.8164
-91.7749
-91.734
-91.6935
-91.6535
-91.614
-91.5749
-91.5362
-91.498
-91.4602
-91.4227
-91.3857
-91.349
-91.3126
-91.2766
-91.2409
-91.2055
-91.1704
-91.1356
-91.1011
-91.0669
-91.0329
-90.9991
-90.9657
-90.9324
-90.8994
-90.8665
-90.8339
-90.8015
-90.7693
-90.7373
-90.7054
-90.6738
-90.6423
-90.6109
-90.5797
-90.5487
-90.5178
-90.487
-90.4563
-90.4258
-90.3954
-90.3651
-90.3349
-90.3049
-90.2749
-90.245
-90.2152
-90.1855
-90.1559
-90.1264
-90.0969
-90.0675
-90.0382
-90.009
-89.9798
-89.9506
-89.9215
-89.8925
-89.8635
-89.8346
-89.8057
-89.7768
-89.748
-89.7192
-89.6905
-89.6617
-89.633
-89.6044
-89.5757
-89.5471
-89.5185
-89.4899
-89.4613
-89.4327
-89.4041
-89.3756
-89.347
-89.3185
-89.2899
-89.2614
-89.2328
-89.2042
-89.1757
-89.1471
-89.1185
-89.09
-89.0614
-89.0328
-89.0041
-88.9755
-88.9468
-88.9182
-88.8895
-88.8608
-88.832
-88.8033
-88.7745
-88.7457
-88.7168
-88.688
-88.6591
-88.6302
-88.6012
-88.5722
-88.5432
-88.5142
-88.4851
-88.456
-88.4268
-88.3976
-88.3684
-88.3391
-88.3098
-88.2804
-88.251
-88.2216
-88.1921
-88.1625
-88.1329
-88.1033
-88.0736
-88.0439
-88.0141
-87.9843
-87.9544
-87.9245
-87.8945
-87.8645
-87.8344
-87.8043
-87.7741
-87.7438
-87.7135
-87.6831
-87.6527
-87.6222
-87.5917
-87.5611
-87.5304
-87.4996
-87.4688
-87.438
-87.4071
-87.3761
-87.345
-87.3139
-87.2827
-87.2514
-87.2201
-87.1887
-87.1572
-87.1257
-87.094
-87.0623
-87.0306
-86.9987
-86.9668
-86.9348
-86.9028
-86.8706
-86.8384
-86.8061
-86.7737
-86.7412
-86.7086
-86.676
-86.6433
-86.6105
-86.5776
-86.5446
-86.5115
-86.4783
-86.4451
-86.4117
-86.3783
-86.3448
-86.3112
-86.2774
-86.2436
-86.2097
-86.1757
-86.1416
-86.1074
-86.073
-86.0386
-86.0041
-85.9695
-85.9347
-85.8999
-85.8649
-85.8299
-85.7947
-85.7594
-85.724
-85.6885
-85.6528
-85.617
-85.5812
-85.5452
-85.509
-85.4728
-85.4364
-85.3999
-85.3632
-85.3264
-85.2895
-85.2525
-85.2153
-85.178
-85.1405
-85.1029
-85.0651
-85.0272
-84.9892
-84.951
-84.9126
-84.8741
-84.8354
-84.7966
-84.7576
-84.7184
-84.6791
-84.6396
-84.5999
-84.56
-84.52
-84.4797
-84.4393
-84.3987
-84.358
-84.317
-84.2758
-84.2344
-84.1928
-84.151
-84.109
-84.0668
-84.0243
-83.9817
-83.9388
-83.8957
-83.8523
-83.8087
-83.7648
-83.7207
-83.6764
-83.6318
-83.5869
-83.5418
-83.4963
-83.4506
-83.4047
-83.3584
-83.3118
-83.2649
-83.2177
-83.1702
-83.1224
-83.0742
-83.0257
-82.9769
-82.9277
-82.8781
-82.8282
-82.7779
-82.7272
-82.6761
-82.6246
-82.5727
-82.5204
-82.4676
-82.4143
-82.3607
-82.3065
-82.2519
-82.1967
-82.1411
-82.0849
-82.0282
-81.9709
-81.9131
-81.8547
-81.7956
-81.736
-81.6757
-81.6148
-81.5532
-81.4909
-81.4278
-81.364
-81.2995
-81.2342
-81.168
-81.101
-81.0331
-80.9643
-80.8945
-80.8238
-80.7521
-80.6793
-80.6055
-80.5305
-80.4543
-80.3769
-80.2982
-80.2182
-80.1369
-80.054
-79.9697
-79.8838
-79.7962
-79.7069
-79.6158
-79.5228
-79.4277
-79.3306
-79.2313
-79.1296
-79.0254
-78.9186
-78.8091
-78.6966
-78.581
-78.462
-78.3396
-78.2133
-78.0829
-77.9482
-77.8088
-77.6644
-77.5144
-77.3586
-77.1962
-77.0267
-76.8495
-76.6637
-76.4685
-76.2627
-76.0451
-75.8143
-75.5684
-75.3053
-75.0224
-74.7164
-74.3832
-74.0175
-73.6123
-73.1584
-72.6426
-72.0461
-71.3405
-70.48
-69.3848
-67.8987
-65.6601
-61.5647
-50.02
9.801
49.7107
39.2462
-0.675438
-15.8332
-29.5229
-45.3779
-80.2342
-94.6078
-94.9706
-94.9717
-94.9481
-94.9057
-94.84
-94.7501
-94.6404
-94.5183
-94.3905
-94.2621
-94.136
-94.0136
-93.8955
-93.7817
-93.6721
-93.5666
-93.4647
-93.3665
-93.2715
-93.1797
-93.0909
-93.0049
-92.9216
-92.8408
-92.7625
-92.6865
-92.6127
-92.541
-92.4713
-92.4036
-92.3377
-92.2736
-92.2112
-92.1505
-92.0912
-92.0335
-91.9772
-91.9223
-91.8687
-91.8164
-91.7653
-91.7153
-91.6665
-91.6187
-91.572
-91.5262
-91.4814
-91.4375
-91.3944
-91.3522
-91.3108
-91.2702
-91.2303
-91.1911
-91.1526
-91.1147
-91.0775
-91.0409
-91.0048
-90.9693
-90.9343
-90.8999
-90.8659
-90.8324
-90.7993
-90.7666
-90.7344
-90.7026
-90.6711
-90.64
-90.6093
-90.5788
-90.5487
-90.5189
-90.4894
-90.4602
-90.4312
-90.4024
-90.374
-90.3457
-90.3177
-90.2898
-90.2622
-90.2348
-90.2075
-90.1804
-90.1535
-90.1267
-90.1001
-90.0736
-90.0473
-90.0211
-89.995
-89.969
-89.9431
-89.9173
-89.8916
-89.866
-89.8405
-89.815
-89.7897
-89.7643
-89.7391
-89.7139
-89.6888
-89.6637
-89.6386
-89.6136
-89.5887
-89.5637
-89.5388
-89.5139
-89.4891
-89.4642
-89.4394
-89.4146
-89.3898
-89.365
-89.3402
-89.3154
-89.2906
-89.2658
-89.241
-89.2162
-89.1914
-89.1666
-89.1417
-89.1169
-89.092
-89.0671
-89.0421
-89.0172
-88.9922
-88.9672
-88.9422
-88.9171
-88.892
-88.8669
-88.8417
-88.8165
-88.7912
-88.7659
-88.7406
-88.7153
-88.6898
-88.6644
-88.6389
-88.6133
-88.5877
-88.5621
-88.5364
-88.5107
-88.4849
-88.459
-88.4331
-88.4071
-88.3811
-88.3551
-88.3289
-88.3028
-88.2765
-88.2502
-88.2238
-88.1974
-88.1709
-88.1444
-88.1178
-88.0911
-88.0644
-88.0376
-88.0107
-87.9838
-87.9568
-87.9297
-87.9026
-87.8754
-87.8481
-87.8207
-87.7933
-87.7658
-87.7383
-87.7107
-87.683
-87.6552
-87.6273
-87.5994
-87.5714
-87.5433
-87.5152
-87.487
-87.4587
-87.4303
-87.4018
-87.3733
-87.3447
-87.316
-87.2872
-87.2583
-87.2294
-87.2004
-87.1713
-87.1421
-87.1128
-87.0835
-87.054
-87.0245
-86.9949
-86.9652
-86.9354
-86.9055
-86.8756
-86.8455
-86.8154
-86.7852
-86.7548
-86.7244
-86.6939
-86.6633
-86.6326
-86.6019
-86.571
-86.54
-86.5089
-86.4778
-86.4465
-86.4151
-86.3837
-86.3521
-86.3204
-86.2887
-86.2568
-86.2248
-86.1927
-86.1606
-86.1283
-86.0959
-86.0633
-86.0307
-85.998
-85.9652
-85.9322
-85.8991
-85.866
-85.8327
-85.7993
-85.7657
-85.7321
-85.6983
-85.6644
-85.6304
-85.5963
-85.562
-85.5276
-85.4931
-85.4585
-85.4237
-85.3888
-85.3537
-85.3186
-85.2832
-85.2478
-85.2122
-85.1765
-85.1406
-85.1046
-85.0684
-85.0321
-84.9956
-84.959
-84.9222
-84.8853
-84.8482
-84.8109
-84.7735
-84.7359
-84.6982
-84.6603
-84.6222
-84.5839
-84.5455
-84.5069
-84.4681
-84.4291
-84.3899
-84.3505
-84.311
-84.2712
-84.2313
-84.1911
-84.1508
-84.1102
-84.0694
-84.0284
-83.9872
-83.9458
-83.9041
-83.8622
-83.8201
-83.7777
-83.7351
-83.6922
-83.6491
-83.6057
-83.5621
-83.5182
-83.474
-83.4295
-83.3848
-83.3398
-83.2945
-83.2488
-83.2029
-83.1567
-83.1101
-83.0632
-83.016
-82.9685
-82.9206
-82.8723
-82.8237
-82.7747
-82.7254
-82.6756
-82.6255
-82.5749
-82.5239
-82.4725
-82.4207
-82.3684
-82.3157
-82.2625
-82.2088
-82.1546
-82.0999
-82.0447
-81.9889
-81.9326
-81.8757
-81.8183
-81.7602
-81.7016
-81.6423
-81.5823
-81.5217
-81.4604
-81.3983
-81.3355
-81.272
-81.2077
-81.1425
-81.0766
-81.0097
-80.942
-80.8733
-80.8036
-80.733
-80.6613
-80.5885
-80.5147
-80.4396
-80.3634
-80.2859
-80.207
-80.1269
-80.0453
-79.9621
-79.8775
-79.7912
-79.7032
-79.6134
-79.5218
-79.4282
-79.3325
-79.2346
-79.1344
-79.0319
-78.9267
-78.8188
-78.708
-78.5942
-78.4772
-78.3566
-78.2324
-78.1042
-77.9717
-77.8346
-77.6926
-77.5453
-77.3922
-77.2328
-77.0666
-76.8928
-76.7107
-76.5195
-76.3181
-76.1054
-75.88
-75.6401
-75.3838
-75.1086
-74.8116
-74.4888
-74.1355
-73.7453
-73.3097
-72.8172
-72.2512
-71.5871
-70.7861
-69.7828
-68.4543
-66.5343
-63.2946
-55.7306
-21.3108
46.9255
44.2104
12.2625
-11.6821
-24.9164
-38.6036
-66.0851
-93.9132
-94.9574
-94.9757
-94.9557
-94.9169
-94.8533
-94.761
-94.6429
-94.5063
-94.3598
-94.2101
-94.0616
-93.9169
-93.7769
-93.6422
-93.5127
-93.3883
-93.2686
-93.1535
-93.0427
-92.936
-92.8332
-92.734
-92.6383
-92.546
-92.4568
-92.3706
-92.2873
-92.2067
-92.1288
-92.0533
-91.9803
-91.9095
-91.8409
-91.7745
-91.71
-91.6474
-91.5867
-91.5277
-91.4704
-91.4147
-91.3606
-91.3079
-91.2566
-91.2067
-91.1581
-91.1108
-91.0646
-91.0196
-90.9757
-90.9328
-90.8909
-90.85
-90.81
-90.7709
-90.7326
-90.6952
-90.6585
-90.6225
-90.5873
-90.5528
-90.5189
-90.4856
-90.4529
-90.4208
-90.3893
-90.3582
-90.3277
-90.2976
-90.2681
-90.2389
-90.2101
-90.1818
-90.1538
-90.1262
-90.099
-90.072
-90.0454
-90.0191
-89.9931
-89.9673
-89.9418
-89.9166
-89.8915
-89.8667
-89.8422
-89.8178
-89.7936
-89.7695
-89.7457
-89.722
-89.6984
-89.675
-89.6518
-89.6286
-89.6056
-89.5827
-89.5598
-89.5371
-89.5145
-89.4919
-89.4694
-89.447
-89.4247
-89.4024
-89.3802
-89.358
-89.3358
-89.3137
-89.2917
-89.2696
-89.2476
-89.2256
-89.2037
-89.1817
-89.1597
-89.1378
-89.1158
-89.0939
-89.072
-89.05
-89.028
-89.006
-88.9841
-88.962
-88.94
-88.9179
-88.8959
-88.8738
-88.8516
-88.8294
-88.8072
-88.785
-88.7627
-88.7404
-88.718
-88.6956
-88.6732
-88.6507
-88.6281
-88.6055
-88.5829
-88.5602
-88.5374
-88.5146
-88.4918
-88.4688
-88.4459
-88.4228
-88.3997
-88.3766
-88.3533
-88.3301
-88.3067
-88.2833
-88.2598
-88.2362
-88.2126
-88.1889
-88.1652
-88.1414
-88.1175
-88.0935
-88.0695
-88.0453
-88.0212
-87.9969
-87.9726
-87.9481
-87.9237
-87.8991
-87.8745
-87.8497
-87.8249
-87.8001
-87.7751
-87.7501
-87.725
-87.6998
-87.6745
-87.6491
-87.6237
-87.5982
-87.5726
-87.5469
-87.5211
-87.4952
-87.4693
-87.4433
-87.4172
-87.391
-87.3647
-87.3383
-87.3118
-87.2853
-87.2587
-87.2319
-87.2051
-87.1782
-87.1513
-87.1242
-87.097
-87.0697
-87.0424
-87.0149
-86.9874
-86.9598
-86.9321
-86.9042
-86.8763
-86.8483
-86.8202
-86.792
-86.7637
-86.7354
-86.7069
-86.6783
-86.6496
-86.6208
-86.592
-86.563
-86.5339
-86.5047
-86.4755
-86.4461
-86.4166
-86.387
-86.3573
-86.3275
-86.2976
-86.2676
-86.2375
-86.2073
-86.177
-86.1465
-86.116
-86.0853
-86.0546
-86.0237
-85.9927
-85.9616
-85.9304
-85.899
-85.8676
-85.836
-85.8043
-85.7725
-85.7406
-85.7086
-85.6764
-85.6441
-85.6117
-85.5792
-85.5465
-85.5137
-85.4808
-85.4477
-85.4145
-85.3812
-85.3478
-85.3142
-85.2805
-85.2466
-85.2126
-85.1785
-85.1442
-85.1098
-85.0752
-85.0405
-85.0057
-84.9706
-84.9355
-84.9002
-84.8647
-84.8291
-84.7933
-84.7573
-84.7212
-84.6849
-84.6485
-84.6119
-84.5751
-84.5381
-84.501
-84.4637
-84.4262
-84.3885
-84.3506
-84.3125
-84.2743
-84.2359
-84.1972
-84.1584
-84.1193
-84.0801
-84.0406
-84.0009
-83.961
-83.9209
-83.8806
-83.84
-83.7992
-83.7582
-83.7169
-83.6754
-83.6337
-83.5916
-83.5494
-83.5069
-83.4641
-83.421
-83.3776
-83.334
-83.2901
-83.2459
-83.2014
-83.1566
-83.1115
-83.0661
-83.0203
-82.9743
-82.9279
-82.8811
-82.834
-82.7865
-82.7387
-82.6905
-82.6419
-82.5929
-82.5436
-82.4938
-82.4436
-82.3929
-82.3418
-82.2903
-82.2383
-82.1858
-82.1329
-82.0794
-82.0255
-81.971
-81.916
-81.8604
-81.8042
-81.7475
-81.6901
-81.6322
-81.5736
-81.5143
-81.4544
-81.3938
-81.3324
-81.2703
-81.2074
-81.1438
-81.0793
-81.014
-80.9478
-80.8807
-80.8127
-80.7436
-80.6736
-80.6026
-80.5304
-80.4571
-80.3827
-80.3071
-80.2301
-80.1519
-80.0723
-79.9912
-79.9087
-79.8246
-79.7388
-79.6513
-79.5621
-79.4709
-79.3777
-79.2825
-79.1851
-79.0854
-78.9832
-78.8784
-78.7709
-78.6605
-78.5469
-78.4302
-78.3099
-78.1858
-78.0578
-77.9254
-77.7885
-77.6465
-77.4992
-77.346
-77.1864
-77.0199
-76.8458
-76.6632
-76.4714
-76.2693
-76.0556
-75.829
-75.5877
-75.3297
-75.0524
-74.7527
-74.4267
-74.0693
-73.674
-73.2318
-72.7307
-72.1531
-71.473
-70.6486
-69.6088
-68.2175
-66.172
-62.6057
-53.6299
-9.33011
49.6067
44.7229
11.7083
-12.1771
-25.6116
-39.2318
-67.6969
-94.0523
-94.9585
-94.9724
-94.9489
-94.9039
-94.8304
-94.7245
-94.5899
-94.4352
-94.2702
-94.1025
-93.9368
-93.7757
-93.6204
-93.4713
-93.3283
-93.1912
-93.0597
-92.9335
-92.8123
-92.6959
-92.5841
-92.4765
-92.373
-92.2734
-92.1775
-92.0852
-91.9962
-91.9104
-91.8276
-91.7478
-91.6708
-91.5965
-91.5247
-91.4553
-91.3883
-91.3235
-91.2609
-91.2003
-91.1416
-91.0848
-91.0298
-90.9765
-90.9248
-90.8747
-90.8261
-90.7789
-90.7331
-90.6886
-90.6454
-90.6033
-90.5624
-90.5227
-90.4839
-90.4462
-90.4094
-90.3736
-90.3386
-90.3045
-90.2712
-90.2387
-90.2069
-90.1758
-90.1453
-90.1155
-90.0864
-90.0578
-90.0298
-90.0023
-89.9753
-89.9488
-89.9227
-89.8971
-89.872
-89.8472
-89.8228
-89.7988
-89.7751
-89.7517
-89.7287
-89.7059
-89.6834
-89.6612
-89.6392
-89.6175
-89.596
-89.5747
-89.5536
-89.5327
-89.512
-89.4915
-89.4711
-89.4508
-89.4307
-89.4107
-89.3908
-89.371
-89.3514
-89.3318
-89.3123
-89.2929
-89.2736
-89.2543
-89.2351
-89.216
-89.1969
-89.1778
-89.1588
-89.1398
-89.1208
-89.1018
-89.0829
-89.064
-89.0451
-89.0261
-89.0072
-88.9883
-88.9694
-88.9504
-88.9315
-88.9125
-88.8935
-88.8745
-88.8554
-88.8363
-88.8172
-88.7981
-88.7789
-88.7596
-88.7403
-88.721
-88.7016
-88.6822
-88.6627
-88.6432
-88.6236
-88.604
-88.5843
-88.5645
-88.5447
-88.5248
-88.5049
-88.4849
-88.4648
-88.4446
-88.4244
-88.4041
-88.3837
-88.3633
-88.3428
-88.3222
-88.3016
-88.2808
-88.26
-88.2391
-88.2181
-88.1971
-88.1759
-88.1547
-88.1334
-88.112
-88.0906
-88.069
-88.0474
-88.0257
-88.0039
-87.982
-87.96
-87.9379
-87.9158
-87.8936
-87.8712
-87.8488
-87.8263
-87.8037
-87.781
-87.7583
-87.7354
-87.7124
-87.6894
-87.6663
-87.643
-87.6197
-87.5963
-87.5728
-87.5492
-87.5255
-87.5017
-87.4779
-87.4539
-87.4298
-87.4057
-87.3814
-87.3571
-87.3326
-87.3081
-87.2834
-87.2587
-87.2339
-87.2089
-87.1839
-87.1588
-87.1336
-87.1083
-87.0829
-87.0574
-87.0317
-87.006
-86.9802
-86.9543
-86.9283
-86.9022
-86.876
-86.8497
-86.8233
-86.7968
-86.7702
-86.7435
-86.7167
-86.6898
-86.6628
-86.6356
-86.6084
-86.5811
-86.5537
-86.5261
-86.4985
-86.4707
-86.4429
-86.4149
-86.3869
-86.3587
-86.3304
-86.302
-86.2735
-86.2449
-86.2162
-86.1874
-86.1584
-86.1294
-86.1002
-86.0709
-86.0415
-86.012
-85.9824
-85.9527
-85.9228
-85.8929
-85.8628
-85.8326
-85.8022
-85.7718
-85.7412
-85.7105
-85.6797
-85.6488
-85.6177
-85.5866
-85.5552
-85.5238
-85.4922
-85.4605
-85.4287
-85.3967
-85.3646
-85.3324
-85.3001
-85.2676
-85.2349
-85.2021
-85.1692
-85.1362
-85.103
-85.0696
-85.0361
-85.0025
-84.9687
-84.9347
-84.9006
-84.8664
-84.832
-84.7974
-84.7627
-84.7278
-84.6928
-84.6576
-84.6222
-84.5867
-84.5509
-84.5151
-84.479
-84.4428
-84.4063
-84.3697
-84.3329
-84.296
-84.2588
-84.2215
-84.1839
-84.1462
-84.1082
-84.07
-84.0317
-83.9931
-83.9543
-83.9153
-83.8761
-83.8367
-83.797
-83.7571
-83.717
-83.6766
-83.636
-83.5951
-83.554
-83.5127
-83.471
-83.4292
-83.387
-83.3446
-83.3019
-83.2589
-83.2156
-83.172
-83.1281
-83.084
-83.0395
-82.9947
-82.9495
-82.9041
-82.8582
-82.8121
-82.7656
-82.7187
-82.6715
-82.6239
-82.5759
-82.5275
-82.4787
-82.4295
-82.3798
-82.3298
-82.2793
-82.2283
-82.1769
-82.125
-82.0726
-82.0197
-81.9663
-81.9123
-81.8579
-81.8028
-81.7472
-81.691
-81.6342
-81.5768
-81.5187
-81.4599
-81.4005
-81.3404
-81.2795
-81.2179
-81.1556
-81.0924
-81.0284
-80.9636
-80.8979
-80.8313
-80.7637
-80.6951
-80.6256
-80.555
-80.4833
-80.4104
-80.3364
-80.2612
-80.1847
-80.1068
-80.0276
-79.947
-79.8648
-79.781
-79.6956
-79.6085
-79.5196
-79.4287
-79.3359
-79.2409
-79.1438
-79.0443
-78.9423
-78.8378
-78.7304
-78.6202
-78.5068
-78.3901
-78.2699
-78.1459
-78.0179
-77.8855
-77.7484
-77.6063
-77.4587
-77.3052
-77.1453
-76.9783
-76.8036
-76.6204
-76.4277
-76.2246
-76.0097
-75.7817
-75.5387
-75.2786
-74.9988
-74.6961
-74.3664
-74.0045
-73.6035
-73.1541
-72.6435
-72.0533
-71.3553
-70.5049
-69.424
-67.9611
-65.7681
-61.7961
-50.8671
5.62544
49.789
41.2906
2.8151
-14.1209
-27.6126
-41.8249
-73.4948
-94.3844
-94.9637
-94.9681
-94.9401
-94.888
-94.8044
-94.6858
-94.5369
-94.3676
-94.1879
-94.0057
-93.8259
-93.6513
-93.4831
-93.3216
-93.1669
-93.0187
-92.8768
-92.7408
-92.6104
-92.4854
-92.3655
-92.2504
-92.1399
-92.0337
-91.9317
-91.8337
-91.7395
-91.6488
-91.5617
-91.4777
-91.397
-91.3192
-91.2443
-91.1721
-91.1026
-91.0355
-90.9708
-90.9084
-90.8482
-90.7901
-90.7339
-90.6797
-90.6273
-90.5766
-90.5276
-90.4802
-90.4344
-90.3899
-90.3469
-90.3052
-90.2648
-90.2257
-90.1876
-90.1507
-90.1149
-90.0801
-90.0462
-90.0133
-89.9813
-89.9501
-89.9198
-89.8902
-89.8614
-89.8332
-89.8058
-89.779
-89.7527
-89.7271
-89.7021
-89.6775
-89.6535
-89.63
-89.6069
-89.5842
-89.562
-89.5401
-89.5187
-89.4975
-89.4768
-89.4563
-89.4361
-89.4162
-89.3966
-89.3773
-89.3582
-89.3393
-89.3206
-89.3021
-89.2838
-89.2657
-89.2477
-89.2299
-89.2123
-89.1948
-89.1774
-89.1601
-89.1429
-89.1258
-89.1088
-89.0919
-89.075
-89.0582
-89.0415
-89.0248
-89.0082
-88.9916
-88.975
-88.9584
-88.9419
-88.9254
-88.9089
-88.8924
-88.8759
-88.8594
-88.8429
-88.8264
-88.8099
-88.7933
-88.7767
-88.7601
-88.7435
-88.7268
-88.7101
-88.6933
-88.6766
-88.6597
-88.6428
-88.6259
-88.6089
-88.5918
-88.5747
-88.5575
-88.5403
-88.523
-88.5056
-88.4882
-88.4707
-88.4531
-88.4355
-88.4178
-88.4
-88.3821
-88.3641
-88.3461
-88.328
-88.3098
-88.2915
-88.2732
-88.2547
-88.2362
-88.2176
-88.1988
-88.1801
-88.1612
-88.1422
-88.1231
-88.104
-88.0847
-88.0654
-88.0459
-88.0264
-88.0068
-87.9871
-87.9673
-87.9474
-87.9274
-87.9073
-87.8871
-87.8668
-87.8464
-87.8259
-87.8053
-87.7846
-87.7638
-87.7429
-87.722
-87.7009
-87.6797
-87.6584
-87.637
-87.6156
-87.594
-87.5723
-87.5505
-87.5286
-87.5066
-87.4846
-87.4624
-87.4401
-87.4177
-87.3952
-87.3726
-87.3499
-87.3271
-87.3042
-87.2812
-87.2581
-87.2349
-87.2116
-87.1882
-87.1647
-87.141
-87.1173
-87.0935
-87.0695
-87.0455
-87.0214
-86.9971
-86.9728
-86.9483
-86.9238
-86.8991
-86.8743
-86.8495
-86.8245
-86.7994
-86.7742
-86.7489
-86.7235
-86.698
-86.6724
-86.6467
-86.6208
-86.5949
-86.5688
-86.5427
-86.5164
-86.4901
-86.4636
-86.437
-86.4103
-86.3835
-86.3566
-86.3295
-86.3024
-86.2751
-86.2477
-86.2203
-86.1927
-86.165
-86.1371
-86.1092
-86.0812
-86.053
-86.0247
-85.9963
-85.9678
-85.9392
-85.9104
-85.8815
-85.8526
-85.8234
-85.7942
-85.7649
-85.7354
-85.7058
-85.6761
-85.6462
-85.6162
-85.5861
-85.5559
-85.5256
-85.4951
-85.4645
-85.4337
-85.4028
-85.3718
-85.3407
-85.3094
-85.278
-85.2464
-85.2148
-85.1829
-85.151
-85.1188
-85.0866
-85.0542
-85.0216
-84.989
-84.9561
-84.9231
-84.89
-84.8567
-84.8232
-84.7896
-84.7559
-84.7219
-84.6878
-84.6536
-84.6192
-84.5846
-84.5498
-84.5149
-84.4798
-84.4446
-84.4091
-84.3735
-84.3377
-84.3017
-84.2655
-84.2291
-84.1926
-84.1558
-84.1189
-84.0817
-84.0444
-84.0068
-83.969
-83.9311
-83.8929
-83.8545
-83.8158
-83.777
-83.7379
-83.6986
-83.659
-83.6192
-83.5792
-83.5389
-83.4984
-83.4576
-83.4166
-83.3753
-83.3337
-83.2918
-83.2497
-83.2073
-83.1645
-83.1215
-83.0782
-83.0346
-82.9907
-82.9464
-82.9019
-82.857
-82.8117
-82.7661
-82.7202
-82.6739
-82.6272
-82.5802
-82.5327
-82.4849
-82.4367
-82.388
-82.3389
-82.2894
-82.2395
-82.1891
-82.1382
-82.0869
-82.035
-81.9827
-81.9299
-81.8765
-81.8226
-81.7681
-81.713
-81.6574
-81.6012
-81.5443
-81.4868
-81.4286
-81.3698
-81.3102
-81.25
-81.1889
-81.1271
-81.0646
-81.0012
-80.9369
-80.8718
-80.8058
-80.7388
-80.6708
-80.6019
-80.5319
-80.4608
-80.3886
-80.3152
-80.2406
-80.1647
-80.0875
-80.0089
-79.9289
-79.8474
-79.7643
-79.6796
-79.5932
-79.5049
-79.4148
-79.3227
-79.2285
-79.132
-79.0333
-78.9321
-78.8284
-78.7218
-78.6124
-78.4999
-78.3841
-78.2648
-78.1417
-78.0146
-77.8832
-77.7472
-77.6062
-77.4597
-77.3074
-77.1488
-76.9831
-76.8098
-76.6281
-76.437
-76.2356
-76.0227
-75.7967
-75.556
-75.2985
-75.0216
-74.7222
-74.3963
-74.0388
-73.6431
-73.2002
-72.6978
-72.1181
-71.4346
-70.6048
-69.5557
-68.1474
-66.0659
-62.4002
-52.9549
-5.53391
49.7336
44.2482
10.0252
-12.3589
-25.7783
-39.3704
-68.0487
-94.0764
-94.9575
-94.9696
-94.9431
-94.8924
-94.8092
-94.689
-94.5357
-94.3593
-94.1707
-93.9788
-93.7891
-93.6046
-93.4269
-93.2564
-93.0931
-92.9369
-92.7874
-92.6442
-92.5071
-92.3758
-92.25
-92.1293
-92.0135
-91.9025
-91.7959
-91.6936
-91.5954
-91.501
-91.4104
-91.3232
-91.2394
-91.1589
-91.0814
-91.0068
-90.9351
-90.866
-90.7995
-90.7354
-90.6737
-90.6142
-90.5569
-90.5016
-90.4482
-90.3967
-90.347
-90.299
-90.2526
-90.2078
-90.1645
-90.1227
-90.0821
-90.0429
-90.005
-89.9682
-89.9326
-89.898
-89.8646
-89.832
-89.8005
-89.7699
-89.7401
-89.7111
-89.683
-89.6556
-89.6289
-89.6029
-89.5775
-89.5528
-89.5287
-89.5051
-89.4821
-89.4595
-89.4375
-89.4159
-89.3948
-89.3741
-89.3538
-89.3338
-89.3143
-89.295
-89.2761
-89.2575
-89.2391
-89.2211
-89.2032
-89.1857
-89.1683
-89.1512
-89.1342
-89.1175
-89.1009
-89.0844
-89.0682
-89.052
-89.036
-89.0201
-89.0043
-88.9886
-88.973
-88.9575
-88.9421
-88.9267
-88.9114
-88.8961
-88.8809
-88.8657
-88.8506
-88.8355
-88.8204
-88.8053
-88.7902
-88.7751
-88.76
-88.7449
-88.7298
-88.7147
-88.6996
-88.6844
-88.6693
-88.654
-88.6388
-88.6235
-88.6082
-88.5928
-88.5774
-88.5619
-88.5463
-88.5308
-88.5151
-88.4994
-88.4836
-88.4678
-88.4519
-88.4359
-88.4199
-88.4038
-88.3876
-88.3713
-88.3549
-88.3385
-88.322
-88.3054
-88.2887
-88.272
-88.2551
-88.2382
-88.2211
-88.204
-88.1868
-88.1695
-88.1521
-88.1346
-88.117
-88.0994
-88.0816
-88.0637
-88.0457
-88.0277
-88.0095
-87.9912
-87.9729
-87.9544
-87.9359
-87.9172
-87.8984
-87.8796
-87.8606
-87.8415
-87.8224
-87.8031
-87.7837
-87.7642
-87.7446
-87.7249
-87.7051
-87.6852
-87.6652
-87.6451
-87.6249
-87.6046
-87.5842
-87.5636
-87.543
-87.5223
-87.5014
-87.4805
-87.4594
-87.4382
-87.417
-87.3956
-87.3741
-87.3525
-87.3308
-87.309
-87.2871
-87.2651
-87.243
-87.2208
-87.1984
-87.176
-87.1534
-87.1308
-87.108
-87.0852
-87.0622
-87.0391
-87.0159
-86.9926
-86.9692
-86.9457
-86.9221
-86.8983
-86.8745
-86.8505
-86.8265
-86.8023
-86.7781
-86.7537
-86.7292
-86.7046
-86.6799
-86.6551
-86.6301
-86.6051
-86.5799
-86.5547
-86.5293
-86.5038
-86.4783
-86.4526
-86.4267
-86.4008
-86.3748
-86.3486
-86.3224
-86.296
-86.2695
-86.2429
-86.2162
-86.1894
-86.1624
-86.1354
-86.1082
-86.0809
-86.0535
-86.026
-85.9983
-85.9706
-85.9427
-85.9147
-85.8866
-85.8583
-85.83
-85.8015
-85.7729
-85.7442
-85.7153
-85.6864
-85.6573
-85.628
-85.5987
-85.5692
-85.5396
-85.5099
-85.48
-85.45
-85.4199
-85.3897
-85.3593
-85.3288
-85.2981
-85.2673
-85.2364
-85.2053
-85.1741
-85.1428
-85.1113
-85.0796
-85.0479
-85.016
-84.9839
-84.9517
-84.9193
-84.8868
-84.8541
-84.8213
-84.7883
-84.7552
-84.7219
-84.6885
-84.6549
-84.6211
-84.5871
-84.553
-84.5187
-84.4843
-84.4497
-84.4149
-84.3799
-84.3448
-84.3094
-84.2739
-84.2382
-84.2023
-84.1662
-84.1299
-84.0935
-84.0568
-84.0199
-83.9828
-83.9456
-83.9081
-83.8703
-83.8324
-83.7943
-83.7559
-83.7173
-83.6785
-83.6394
-83.6001
-83.5605
-83.5208
-83.4807
-83.4404
-83.3999
-83.3591
-83.318
-83.2766
-83.235
-83.1931
-83.1509
-83.1084
-83.0656
-83.0225
-82.9791
-82.9353
-82.8913
-82.8469
-82.8022
-82.7571
-82.7117
-82.666
-82.6198
-82.5733
-82.5265
-82.4792
-82.4315
-82.3834
-82.3349
-82.286
-82.2366
-82.1868
-82.1365
-82.0858
-82.0346
-81.9829
-81.9306
-81.8779
-81.8246
-81.7708
-81.7164
-81.6614
-81.6058
-81.5496
-81.4928
-81.4353
-81.3772
-81.3184
-81.2588
-81.1986
-81.1375
-81.0757
-81.0131
-80.9497
-80.8854
-80.8202
-80.754
-80.687
-80.6189
-80.5498
-80.4797
-80.4084
-80.336
-80.2624
-80.1876
-80.1114
-80.034
-79.9551
-79.8748
-79.7929
-79.7094
-79.6243
-79.5373
-79.4486
-79.3579
-79.2652
-79.1704
-79.0733
-78.9738
-78.8718
-78.7672
-78.6597
-78.5493
-78.4356
-78.3186
-78.198
-78.0735
-77.9449
-77.8118
-77.674
-77.5309
-77.3823
-77.2276
-77.0662
-76.8976
-76.721
-76.5356
-76.3404
-76.1344
-75.9162
-75.6842
-75.4367
-75.1712
-74.8851
-74.5748
-74.2359
-73.8627
-73.4476
-72.9803
-72.4465
-71.8249
-71.083
-70.1675
-68.9823
-67.3315
-64.7297
-59.5064
-41.3146
35.8191
45.8908
18.0211
-11.468
-24.8074
-38.4626
-65.6719
-93.8332
-94.9464
-94.9716
-94.951
-94.9082
-94.8366
-94.7302
-94.5894
-94.4212
-94.2353
-94.0411
-93.8455
-93.6528
-93.4656
-93.285
-93.1116
-92.9452
-92.7859
-92.6333
-92.4872
-92.3473
-92.2132
-92.0846
-91.9614
-91.8432
-91.7299
-91.6211
-91.5167
-91.4165
-91.3202
-91.2278
-91.1389
-91.0536
-90.9715
-90.8925
-90.8166
-90.7436
-90.6733
-90.6056
-90.5405
-90.4777
-90.4173
-90.359
-90.3029
-90.2487
-90.1965
-90.1461
-90.0975
-90.0506
-90.0052
-89.9615
-89.9191
-89.8782
-89.8387
-89.8004
-89.7633
-89.7275
-89.6927
-89.659
-89.6264
-89.5947
-89.564
-89.5342
-89.5052
-89.4771
-89.4497
-89.4231
-89.3972
-89.3719
-89.3473
-89.3234
-89.3
-89.2771
-89.2548
-89.233
-89.2117
-89.1909
-89.1704
-89.1504
-89.1308
-89.1116
-89.0927
-89.0741
-89.0559
-89.0379
-89.0202
-89.0028
-88.9857
-88.9688
-88.9521
-88.9356
-88.9193
-88.9032
-88.8872
-88.8714
-88.8558
-88.8403
-88.8249
-88.8096
-88.7945
-88.7794
-88.7644
-88.7495
-88.7347
-88.7199
-88.7052
-88.6906
-88.676
-88.6614
-88.6468
-88.6323
-88.6178
-88.6033
-88.5888
-88.5743
-88.5598
-88.5453
-88.5308
-88.5162
-88.5016
-88.487
-88.4724
-88.4578
-88.4431
-88.4283
-88.4135
-88.3987
-88.3838
-88.3689
-88.3539
-88.3389
-88.3237
-88.3086
-88.2933
-88.278
-88.2626
-88.2472
-88.2316
-88.216
-88.2003
-88.1846
-88.1687
-88.1528
-88.1368
-88.1207
-88.1045
-88.0882
-88.0719
-88.0554
-88.0388
-88.0222
-88.0055
-87.9886
-87.9717
-87.9547
-87.9376
-87.9203
-87.903
-87.8856
-87.8681
-87.8505
-87.8327
-87.8149
-87.797
-87.779
-87.7608
-87.7426
-87.7243
-87.7058
-87.6873
-87.6686
-87.6499
-87.631
-87.612
-87.5929
-87.5737
-87.5545
-87.5351
-87.5155
-87.4959
-87.4762
-87.4564
-87.4364
-87.4164
-87.3962
-87.376
-87.3556
-87.3351
-87.3145
-87.2938
-87.273
-87.2521
-87.2311
-87.21
-87.1887
-87.1674
-87.1459
-87.1243
-87.1027
-87.0809
-87.059
-87.037
-87.0148
-86.9926
-86.9703
-86.9478
-86.9253
-86.9026
-86.8798
-86.8569
-86.8339
-86.8108
-86.7876
-86.7642
-86.7408
-86.7172
-86.6936
-86.6698
-86.6459
-86.6219
-86.5978
-86.5736
-86.5492
-86.5248
-86.5002
-86.4755
-86.4508
-86.4259
-86.4008
-86.3757
-86.3505
-86.3251
-86.2996
-86.2741
-86.2484
-86.2225
-86.1966
-86.1706
-86.1444
-86.1181
-86.0917
-86.0652
-86.0386
-86.0118
-85.985
-85.958
-85.9309
-85.9036
-85.8763
-85.8488
-85.8212
-85.7935
-85.7657
-85.7377
-85.7097
-85.6814
-85.6531
-85.6247
-85.5961
-85.5674
-85.5385
-85.5096
-85.4805
-85.4512
-85.4219
-85.3924
-85.3628
-85.333
-85.3031
-85.2731
-85.2429
-85.2126
-85.1822
-85.1516
-85.1209
-85.09
-85.059
-85.0279
-84.9966
-84.9651
-84.9335
-84.9018
-84.8699
-84.8379
-84.8057
-84.7733
-84.7408
-84.7082
-84.6754
-84.6424
-84.6092
-84.5759
-84.5424
-84.5088
-84.475
-84.441
-84.4068
-84.3725
-84.338
-84.3033
-84.2684
-84.2334
-84.1981
-84.1627
-84.127
-84.0912
-84.0552
-84.019
-83.9826
-83.9459
-83.9091
-83.8721
-83.8348
-83.7973
-83.7596
-83.7217
-83.6836
-83.6452
-83.6066
-83.5677
-83.5286
-83.4893
-83.4497
-83.4099
-83.3698
-83.3294
-83.2888
-83.2479
-83.2067
-83.1652
-83.1235
-83.0815
-83.0391
-82.9965
-82.9535
-82.9103
-82.8667
-82.8228
-82.7785
-82.7339
-82.689
-82.6437
-82.598
-82.552
-82.5056
-82.4588
-82.4116
-82.364
-82.316
-82.2675
-82.2187
-82.1693
-82.1196
-82.0693
-82.0186
-81.9674
-81.9156
-81.8634
-81.8106
-81.7573
-81.7034
-81.649
-81.5939
-81.5383
-81.482
-81.4251
-81.3675
-81.3092
-81.2502
-81.1905
-81.1301
-81.0689
-81.0068
-80.944
-80.8803
-80.8157
-80.7502
-80.6838
-80.6164
-80.548
-80.4785
-80.4079
-80.3362
-80.2633
-80.1892
-80.1138
-80.0371
-79.959
-79.8795
-79.7984
-79.7158
-79.6315
-79.5455
-79.4577
-79.3679
-79.2762
-79.1824
-79.0863
-78.988
-78.8871
-78.7837
-78.6774
-78.5683
-78.456
-78.3405
-78.2213
-78.0984
-77.9715
-77.8402
-77.7042
-77.5632
-77.4167
-77.2643
-77.1054
-76.9395
-76.7659
-76.5837
-76.3921
-76.19
-75.9761
-75.749
-75.507
-75.2478
-74.9689
-74.667
-74.3381
-73.9768
-73.5763
-73.1272
-72.6167
-72.0262
-71.3272
-70.4748
-69.39
-67.9191
-65.7078
-61.6813
-50.4684
7.58235
49.7612
40.3974
1.17323
-14.8531
-28.427
-43.3039
-76.4764
-94.4949
-94.9645
-94.9643
-94.9324
-94.8736
-94.7791
-94.6454
-94.4774
-94.2861
-94.0827
-93.8762
-93.6723
-93.4741
-93.283
-93.0998
-92.9244
-92.7566
-92.5962
-92.4427
-92.2959
-92.1555
-92.021
-91.8923
-91.7691
-91.651
-91.5379
-91.4294
-91.3255
-91.2258
-91.1303
-91.0386
-90.9506
-90.8662
-90.7852
-90.7074
-90.6327
-90.5609
-90.492
-90.4257
-90.3621
-90.3009
-90.242
-90.1854
-90.131
-90.0786
-90.0281
-89.9796
-89.9328
-89.8878
-89.8443
-89.8025
-89.7622
-89.7233
-89.6857
-89.6495
-89.6145
-89.5807
-89.5481
-89.5165
-89.486
-89.4565
-89.4279
-89.4002
-89.3734
-89.3474
-89.3222
-89.2978
-89.274
-89.251
-89.2286
-89.2068
-89.1856
-89.1649
-89.1448
-89.1252
-89.106
-89.0874
-89.0691
-89.0512
-89.0338
-89.0167
-88.9999
-88.9835
-88.9674
-88.9516
-88.936
-88.9207
-88.9057
-88.8908
-88.8762
-88.8618
-88.8475
-88.8335
-88.8196
-88.8058
-88.7922
-88.7787
-88.7653
-88.752
-88.7388
-88.7257
-88.7127
-88.6997
-88.6868
-88.674
-88.6612
-88.6484
-88.6357
-88.6229
-88.6102
-88.5975
-88.5849
-88.5722
-88.5595
-88.5468
-88.5341
-88.5213
-88.5085
-88.4957
-88.4829
-88.47
-88.4571
-88.4441
-88.4311
-88.4181
-88.4049
-88.3918
-88.3785
-88.3652
-88.3518
-88.3384
-88.3249
-88.3113
-88.2976
-88.2838
-88.27
-88.2561
-88.242
-88.228
-88.2138
-88.1995
-88.1851
-88.1707
-88.1561
-88.1415
-88.1267
-88.1119
-88.0969
-88.0819
-88.0667
-88.0515
-88.0361
-88.0206
-88.0051
-87.9894
-87.9736
-87.9577
-87.9417
-87.9256
-87.9094
-87.8931
-87.8767
-87.8601
-87.8435
-87.8267
-87.8099
-87.7929
-87.7758
-87.7586
-87.7412
-87.7238
-87.7063
-87.6886
-87.6708
-87.6529
-87.6349
-87.6168
-87.5986
-87.5803
-87.5618
-87.5432
-87.5245
-87.5057
-87.4868
-87.4678
-87.4487
-87.4294
-87.41
-87.3906
-87.371
-87.3512
-87.3314
-87.3115
-87.2914
-87.2713
-87.251
-87.2306
-87.2101
-87.1894
-87.1687
-87.1479
-87.1269
-87.1058
-87.0846
-87.0633
-87.0419
-87.0204
-86.9987
-86.9769
-86.9551
-86.9331
-86.911
-86.8888
-86.8664
-86.844
-86.8214
-86.7988
-86.776
-86.7531
-86.7301
-86.7069
-86.6837
-86.6604
-86.6369
-86.6133
-86.5896
-86.5658
-86.5419
-86.5178
-86.4937
-86.4694
-86.445
-86.4205
-86.3959
-86.3712
-86.3464
-86.3214
-86.2963
-86.2711
-86.2458
-86.2204
-86.1949
-86.1692
-86.1434
-86.1175
-86.0915
-86.0654
-86.0391
-86.0128
-85.9863
-85.9597
-85.933
-85.9061
-85.8791
-85.8521
-85.8248
-85.7975
-85.77
-85.7425
-85.7148
-85.6869
-85.659
-85.6309
-85.6027
-85.5743
-85.5459
-85.5173
-85.4886
-85.4597
-85.4307
-85.4016
-85.3724
-85.343
-85.3135
-85.2838
-85.254
-85.2241
-85.194
-85.1638
-85.1335
-85.103
-85.0724
-85.0416
-85.0107
-84.9797
-84.9485
-84.9171
-84.8856
-84.8539
-84.8221
-84.7902
-84.7581
-84.7258
-84.6934
-84.6608
-84.628
-84.5951
-84.5621
-84.5288
-84.4954
-84.4618
-84.4281
-84.3942
-84.3601
-84.3258
-84.2913
-84.2567
-84.2219
-84.1869
-84.1517
-84.1163
-84.0807
-84.0449
-84.0089
-83.9728
-83.9364
-83.8998
-83.863
-83.826
-83.7887
-83.7513
-83.7136
-83.6757
-83.6376
-83.5992
-83.5606
-83.5218
-83.4827
-83.4434
-83.4038
-83.364
-83.3239
-83.2835
-83.2429
-83.2019
-83.1607
-83.1193
-83.0775
-83.0354
-82.9931
-82.9504
-82.9074
-82.8641
-82.8204
-82.7765
-82.7322
-82.6875
-82.6425
-82.5971
-82.5514
-82.5053
-82.4588
-82.4119
-82.3646
-82.3169
-82.2688
-82.2202
-82.1712
-82.1217
-82.0718
-82.0214
-81.9705
-81.9191
-81.8673
-81.8148
-81.7619
-81.7083
-81.6543
-81.5996
-81.5443
-81.4884
-81.4319
-81.3747
-81.3168
-81.2583
-81.199
-81.1389
-81.0782
-81.0166
-80.9542
-80.8909
-80.8268
-80.7618
-80.6959
-80.629
-80.5611
-80.4921
-80.4221
-80.351
-80.2787
-80.2051
-80.1304
-80.0543
-79.9768
-79.898
-79.8176
-79.7357
-79.6522
-79.5669
-79.4799
-79.391
-79.3001
-79.2072
-79.1121
-79.0147
-78.9149
-78.8125
-78.7075
-78.5995
-78.4885
-78.3743
-78.2565
-78.1351
-78.0098
-77.8802
-77.746
-77.607
-77.4626
-77.3124
-77.156
-76.9927
-76.822
-76.643
-76.4548
-76.2566
-76.0471
-75.8249
-75.5884
-75.3355
-75.0638
-74.7703
-74.4513
-74.1018
-73.7157
-73.2845
-72.7967
-72.2359
-71.5778
-70.7841
-69.79
-68.4746
-66.5769
-63.3864
-56.0035
-22.8561
45.84
44.1749
12.3833
-11.6316
-24.8495
-38.5433
-65.9335
-93.8976
-94.9549
-94.9709
-94.9456
-94.8964
-94.8141
-94.6928
-94.5346
-94.3488
-94.147
-93.9391
-93.7317
-93.5288
-93.3327
-93.1441
-92.9633
-92.7903
-92.6249
-92.4666
-92.3152
-92.1703
-92.0316
-91.8988
-91.7717
-91.6498
-91.5331
-91.4212
-91.314
-91.2111
-91.1125
-91.0178
-90.927
-90.8398
-90.7562
-90.6758
-90.5986
-90.5245
-90.4532
-90.3848
-90.319
-90.2557
-90.1948
-90.1363
-90.08
-90.0257
-89.9736
-89.9233
-89.8749
-89.8283
-89.7834
-89.74
-89.6983
-89.658
-89.6191
-89.5816
-89.5454
-89.5104
-89.4766
-89.4439
-89.4123
-89.3818
-89.3522
-89.3235
-89.2958
-89.2689
-89.2428
-89.2175
-89.193
-89.1692
-89.146
-89.1235
-89.1016
-89.0802
-89.0595
-89.0392
-89.0195
-89.0002
-88.9814
-88.963
-88.9451
-88.9275
-88.9102
-88.8934
-88.8768
-88.8606
-88.8446
-88.8289
-88.8135
-88.7983
-88.7834
-88.7686
-88.7541
-88.7397
-88.7255
-88.7115
-88.6976
-88.6839
-88.6703
-88.6568
-88.6434
-88.6301
-88.6169
-88.6037
-88.5907
-88.5777
-88.5647
-88.5518
-88.539
-88.5261
-88.5133
-88.5005
-88.4877
-88.475
-88.4622
-88.4494
-88.4366
-88.4238
-88.411
-88.3982
-88.3853
-88.3724
-88.3594
-88.3465
-88.3334
-88.3204
-88.3072
-88.294
-88.2808
-88.2675
-88.2541
-88.2407
-88.2272
-88.2136
-88.2
-88.1862
-88.1724
-88.1586
-88.1446
-88.1305
-88.1164
-88.1022
-88.0879
-88.0735
-88.059
-88.0444
-88.0297
-88.0149
-88
-87.985
-87.9699
-87.9548
-87.9395
-87.9241
-87.9086
-87.893
-87.8773
-87.8615
-87.8456
-87.8296
-87.8135
-87.7972
-87.7809
-87.7644
-87.7479
-87.7312
-87.7144
-87.6975
-87.6805
-87.6634
-87.6462
-87.6288
-87.6114
-87.5938
-87.5762
-87.5584
-87.5405
-87.5224
-87.5043
-87.4861
-87.4677
-87.4492
-87.4306
-87.4119
-87.3931
-87.3742
-87.3552
-87.336
-87.3167
-87.2973
-87.2778
-87.2582
-87.2385
-87.2187
-87.1987
-87.1786
-87.1585
-87.1381
-87.1177
-87.0972
-87.0766
-87.0558
-87.0349
-87.0139
-86.9928
-86.9716
-86.9503
-86.9289
-86.9073
-86.8856
-86.8638
-86.8419
-86.8199
-86.7978
-86.7756
-86.7532
-86.7307
-86.7081
-86.6854
-86.6626
-86.6397
-86.6166
-86.5935
-86.5702
-86.5468
-86.5233
-86.4997
-86.476
-86.4521
-86.4281
-86.4041
-86.3799
-86.3556
-86.3311
-86.3066
-86.2819
-86.2571
-86.2322
-86.2072
-86.1821
-86.1569
-86.1315
-86.106
-86.0804
-86.0547
-86.0288
-86.0029
-85.9768
-85.9506
-85.9243
-85.8978
-85.8713
-85.8446
-85.8178
-85.7908
-85.7638
-85.7366
-85.7093
-85.6819
-85.6543
-85.6266
-85.5988
-85.5709
-85.5428
-85.5147
-85.4863
-85.4579
-85.4293
-85.4006
-85.3718
-85.3428
-85.3137
-85.2844
-85.255
-85.2255
-85.1959
-85.1661
-85.1361
-85.1061
-85.0759
-85.0455
-85.015
-84.9844
-84.9536
-84.9226
-84.8915
-84.8603
-84.8289
-84.7974
-84.7657
-84.7338
-84.7018
-84.6697
-84.6374
-84.6049
-84.5722
-84.5394
-84.5064
-84.4733
-84.44
-84.4065
-84.3728
-84.339
-84.305
-84.2708
-84.2364
-84.2018
-84.1671
-84.1322
-84.097
-84.0617
-84.0262
-83.9905
-83.9546
-83.9184
-83.8821
-83.8456
-83.8088
-83.7719
-83.7347
-83.6973
-83.6596
-83.6218
-83.5837
-83.5454
-83.5068
-83.468
-83.4289
-83.3896
-83.35
-83.3102
-83.2701
-83.2297
-83.1891
-83.1481
-83.1069
-83.0654
-83.0237
-82.9816
-82.9392
-82.8965
-82.8534
-82.8101
-82.7664
-82.7224
-82.678
-82.6333
-82.5882
-82.5428
-82.4969
-82.4507
-82.4041
-82.3571
-82.3097
-82.2619
-82.2137
-82.165
-82.1158
-82.0662
-82.0161
-81.9656
-81.9145
-81.8629
-81.8108
-81.7582
-81.705
-81.6513
-81.5969
-81.542
-81.4865
-81.4303
-81.3734
-81.316
-81.2578
-81.1988
-81.1392
-81.0788
-81.0176
-80.9556
-80.8928
-80.8291
-80.7645
-80.699
-80.6326
-80.5651
-80.4966
-80.4271
-80.3564
-80.2846
-80.2116
-80.1373
-80.0618
-79.9849
-79.9065
-79.8268
-79.7454
-79.6625
-79.5779
-79.4916
-79.4033
-79.3132
-79.221
-79.1266
-79.03
-78.9311
-78.8295
-78.7254
-78.6184
-78.5083
-78.3951
-78.2785
-78.1583
-78.0342
-77.9059
-77.7731
-77.6355
-77.4927
-77.3443
-77.1897
-77.0285
-76.8599
-76.6833
-76.4978
-76.3025
-76.0962
-75.8776
-75.645
-75.3967
-75.1303
-74.8429
-74.531
-74.1901
-73.8142
-73.3957
-72.9239
-72.384
-71.7539
-70.9998
-70.0656
-68.8493
-67.1402
-64.4037
-58.7232
-37.5101
39.8455
44.9463
15.2113
-11.3877
-24.6128
-38.3042
-65.3149
-93.8273
-94.9508
-94.9712
-94.9482
-94.9022
-94.825
-94.7101
-94.5582
-94.3767
-94.1766
-93.968
-93.7581
-93.5516
-93.3513
-93.1583
-92.9732
-92.7958
-92.6262
-92.464
-92.3088
-92.1603
-92.0183
-91.8823
-91.7522
-91.6275
-91.5081
-91.3937
-91.2841
-91.179
-91.0782
-90.9816
-90.8889
-90.8
-90.7147
-90.6327
-90.5541
-90.4786
-90.4061
-90.3364
-90.2695
-90.2051
-90.1433
-90.0838
-90.0267
-89.9717
-89.9187
-89.8678
-89.8188
-89.7716
-89.7262
-89.6824
-89.6402
-89.5995
-89.5603
-89.5225
-89.486
-89.4508
-89.4168
-89.384
-89.3522
-89.3216
-89.2919
-89.2632
-89.2355
-89.2086
-89.1826
-89.1573
-89.1328
-89.1091
-89.0861
-89.0637
-89.0419
-89.0208
-89.0002
-88.9802
-88.9606
-88.9416
-88.923
-88.9049
-88.8872
-88.8699
-88.853
-88.8364
-88.8202
-88.8043
-88.7887
-88.7733
-88.7582
-88.7434
-88.7288
-88.7145
-88.7003
-88.6863
-88.6726
-88.6589
-88.6455
-88.6321
-88.6189
-88.6059
-88.5929
-88.58
-88.5672
-88.5545
-88.5419
-88.5294
-88.5169
-88.5044
-88.492
-88.4796
-88.4673
-88.4549
-88.4426
-88.4303
-88.418
-88.4057
-88.3933
-88.381
-88.3686
-88.3563
-88.3438
-88.3314
-88.3189
-88.3064
-88.2938
-88.2812
-88.2686
-88.2558
-88.2431
-88.2302
-88.2173
-88.2043
-88.1913
-88.1782
-88.165
-88.1517
-88.1384
-88.1249
-88.1114
-88.0978
-88.0841
-88.0704
-88.0565
-88.0426
-88.0285
-88.0144
-88.0001
-87.9858
-87.9713
-87.9568
-87.9422
-87.9274
-87.9126
-87.8976
-87.8826
-87.8674
-87.8521
-87.8367
-87.8213
-87.8057
-87.79
-87.7742
-87.7582
-87.7422
-87.7261
-87.7098
-87.6934
-87.677
-87.6604
-87.6437
-87.6268
-87.6099
-87.5928
-87.5757
-87.5584
-87.541
-87.5235
-87.5059
-87.4881
-87.4703
-87.4523
-87.4342
-87.4161
-87.3977
-87.3793
-87.3608
-87.3421
-87.3233
-87.3044
-87.2854
-87.2663
-87.2471
-87.2277
-87.2082
-87.1887
-87.169
-87.1491
-87.1292
-87.1092
-87.089
-87.0687
-87.0483
-87.0278
-87.0072
-86.9864
-86.9656
-86.9446
-86.9235
-86.9023
-86.881
-86.8596
-86.838
-86.8163
-86.7946
-86.7727
-86.7507
-86.7285
-86.7063
-86.6839
-86.6615
-86.6389
-86.6162
-86.5934
-86.5704
-86.5474
-86.5242
-86.5009
-86.4775
-86.454
-86.4304
-86.4066
-86.3828
-86.3588
-86.3347
-86.3105
-86.2862
-86.2617
-86.2372
-86.2125
-86.1877
-86.1628
-86.1377
-86.1126
-86.0873
-86.0619
-86.0364
-86.0108
-85.985
-85.9592
-85.9332
-85.9071
-85.8808
-85.8545
-85.828
-85.8014
-85.7747
-85.7478
-85.7209
-85.6938
-85.6666
-85.6392
-85.6117
-85.5841
-85.5564
-85.5286
-85.5006
-85.4725
-85.4442
-85.4159
-85.3874
-85.3587
-85.33
-85.301
-85.272
-85.2428
-85.2135
-85.1841
-85.1545
-85.1248
-85.0949
-85.0649
-85.0347
-85.0045
-84.974
-84.9434
-84.9127
-84.8818
-84.8508
-84.8196
-84.7883
-84.7568
-84.7252
-84.6934
-84.6614
-84.6293
-84.597
-84.5646
-84.532
-84.4992
-84.4663
-84.4332
-84.3999
-84.3665
-84.3329
-84.2991
-84.2651
-84.2309
-84.1966
-84.1621
-84.1274
-84.0924
-84.0573
-84.0221
-83.9866
-83.9509
-83.915
-83.8789
-83.8426
-83.806
-83.7693
-83.7324
-83.6952
-83.6578
-83.6202
-83.5823
-83.5442
-83.5059
-83.4673
-83.4285
-83.3894
-83.3501
-83.3105
-83.2707
-83.2305
-83.1902
-83.1495
-83.1085
-83.0673
-83.0258
-82.984
-82.9418
-82.8994
-82.8566
-82.8136
-82.7702
-82.7264
-82.6823
-82.6379
-82.5931
-82.548
-82.5024
-82.4565
-82.4102
-82.3636
-82.3165
-82.269
-82.221
-82.1726
-82.1238
-82.0746
-82.0248
-81.9746
-81.9239
-81.8727
-81.821
-81.7687
-81.7159
-81.6625
-81.6086
-81.554
-81.4989
-81.4431
-81.3867
-81.3297
-81.2719
-81.2134
-81.1543
-81.0943
-81.0336
-80.9721
-80.9098
-80.8466
-80.7826
-80.7176
-80.6517
-80.5848
-80.5169
-80.448
-80.378
-80.3068
-80.2345
-80.1609
-80.0861
-80.0099
-79.9323
-79.8534
-79.7729
-79.6908
-79.6071
-79.5216
-79.4344
-79.3452
-79.2541
-79.1609
-79.0654
-78.9676
-78.8674
-78.7646
-78.659
-78.5504
-78.4388
-78.3239
-78.2054
-78.0832
-77.9569
-77.8263
-77.6911
-77.5508
-77.405
-77.2534
-77.0953
-76.9302
-76.7574
-76.5761
-76.3854
-76.1843
-75.9714
-75.7455
-75.5046
-75.2467
-74.9691
-74.6687
-74.3415
-73.9821
-73.5838
-73.1373
-72.63
-72.0434
-71.3498
-70.5047
-69.4311
-67.9794
-65.807
-61.8889
-51.2179
3.79551
49.8024
41.9877
4.21177
-13.6069
-27.0524
-40.8372
-71.3837
-94.2843
-94.96
-94.9651
-94.9338
-94.875
-94.779
-94.6412
-94.4663
-94.2657
-94.0516
-93.8337
-93.6184
-93.4092
-93.2076
-93.0144
-92.8296
-92.6529
-92.4842
-92.3229
-92.1688
-92.0215
-91.8807
-91.7459
-91.617
-91.4937
-91.3756
-91.2626
-91.1544
-91.0508
-90.9515
-90.8564
-90.7652
-90.6779
-90.5942
-90.5139
-90.4369
-90.3631
-90.2923
-90.2244
-90.1592
-90.0967
-90.0366
-89.979
-89.9236
-89.8705
-89.8194
-89.7703
-89.7232
-89.6779
-89.6343
-89.5924
-89.5521
-89.5133
-89.476
-89.44
-89.4054
-89.3721
-89.34
-89.3091
-89.2792
-89.2504
-89.2226
-89.1958
-89.1699
-89.1449
-89.1207
-89.0973
-89.0747
-89.0527
-89.0315
-89.0109
-88.991
-88.9716
-88.9528
-88.9345
-88.9168
-88.8995
-88.8827
-88.8663
-88.8503
-88.8347
-88.8195
-88.8046
-88.79
-88.7758
-88.7618
-88.7481
-88.7347
-88.7215
-88.7085
-88.6957
-88.6831
-88.6707
-88.6585
-88.6464
-88.6345
-88.6227
-88.611
-88.5994
-88.5879
-88.5765
-88.5652
-88.554
-88.5428
-88.5317
-88.5206
-88.5095
-88.4985
-88.4875
-88.4765
-88.4655
-88.4545
-88.4436
-88.4326
-88.4216
-88.4105
-88.3995
-88.3884
-88.3773
-88.3661
-88.3549
-88.3437
-88.3324
-88.321
-88.3096
-88.2982
-88.2866
-88.275
-88.2633
-88.2516
-88.2397
-88.2278
-88.2158
-88.2038
-88.1916
-88.1793
-88.167
-88.1546
-88.142
-88.1294
-88.1167
-88.1039
-88.0909
-88.0779
-88.0648
-88.0516
-88.0382
-88.0248
-88.0112
-87.9975
-87.9838
-87.9699
-87.9559
-87.9418
-87.9276
-87.9132
-87.8988
-87.8842
-87.8695
-87.8547
-87.8398
-87.8248
-87.8096
-87.7944
-87.779
-87.7635
-87.7479
-87.7321
-87.7163
-87.7003
-87.6842
-87.668
-87.6517
-87.6352
-87.6186
-87.6019
-87.5851
-87.5682
-87.5511
-87.5339
-87.5166
-87.4992
-87.4817
-87.464
-87.4463
-87.4284
-87.4104
-87.3922
-87.374
-87.3556
-87.3371
-87.3185
-87.2997
-87.2809
-87.2619
-87.2428
-87.2236
-87.2043
-87.1849
-87.1653
-87.1456
-87.1258
-87.1059
-87.0858
-87.0657
-87.0454
-87.025
-87.0045
-86.9839
-86.9631
-86.9423
-86.9213
-86.9002
-86.879
-86.8577
-86.8362
-86.8147
-86.793
-86.7712
-86.7493
-86.7272
-86.7051
-86.6828
-86.6605
-86.638
-86.6153
-86.5926
-86.5698
-86.5468
-86.5237
-86.5005
-86.4772
-86.4538
-86.4302
-86.4066
-86.3828
-86.3589
-86.3349
-86.3108
-86.2865
-86.2621
-86.2377
-86.2131
-86.1883
-86.1635
-86.1386
-86.1135
-86.0883
-86.063
-86.0375
-86.012
-85.9863
-85.9605
-85.9346
-85.9086
-85.8824
-85.8561
-85.8297
-85.8032
-85.7765
-85.7498
-85.7229
-85.6959
-85.6687
-85.6415
-85.6141
-85.5865
-85.5589
-85.5311
-85.5032
-85.4752
-85.447
-85.4187
-85.3903
-85.3617
-85.333
-85.3042
-85.2752
-85.2461
-85.2169
-85.1875
-85.158
-85.1284
-85.0986
-85.0687
-85.0386
-85.0084
-84.978
-84.9475
-84.9169
-84.8861
-84.8552
-84.8241
-84.7928
-84.7614
-84.7299
-84.6982
-84.6663
-84.6343
-84.6021
-84.5698
-84.5373
-84.5046
-84.4717
-84.4387
-84.4056
-84.3722
-84.3387
-84.305
-84.2711
-84.2371
-84.2028
-84.1684
-84.1338
-84.099
-84.064
-84.0288
-83.9934
-83.9578
-83.9221
-83.8861
-83.8499
-83.8135
-83.7768
-83.74
-83.703
-83.6657
-83.6282
-83.5904
-83.5525
-83.5143
-83.4758
-83.4371
-83.3982
-83.359
-83.3195
-83.2798
-83.2399
-83.1996
-83.1591
-83.1183
-83.0772
-83.0358
-82.9942
-82.9522
-82.9099
-82.8673
-82.8244
-82.7812
-82.7376
-82.6937
-82.6494
-82.6048
-82.5598
-82.5145
-82.4688
-82.4227
-82.3762
-82.3293
-82.282
-82.2343
-82.1861
-82.1375
-82.0885
-82.0389
-81.989
-81.9385
-81.8875
-81.836
-81.784
-81.7314
-81.6783
-81.6247
-81.5704
-81.5156
-81.4601
-81.404
-81.3472
-81.2897
-81.2316
-81.1727
-81.1131
-81.0528
-80.9916
-80.9297
-80.8669
-80.8032
-80.7387
-80.6732
-80.6067
-80.5393
-80.4708
-80.4012
-80.3305
-80.2587
-80.1856
-80.1113
-80.0357
-79.9588
-79.8804
-79.8005
-79.7191
-79.6361
-79.5513
-79.4648
-79.3765
-79.2861
-79.1937
-79.0992
-79.0024
-78.9031
-78.8013
-78.6968
-78.5895
-78.4791
-78.3655
-78.2484
-78.1277
-78.003
-77.8741
-77.7407
-77.6024
-77.4588
-77.3095
-77.1539
-76.9916
-76.8218
-76.6438
-76.4568
-76.2597
-76.0514
-75.8306
-75.5955
-75.3442
-75.0744
-74.7829
-74.4662
-74.1194
-73.7365
-73.3091
-72.826
-72.2713
-71.6212
-70.8386
-69.8613
-68.5736
-66.7289
-63.6686
-56.7985
-27.2976
41.9941
44.3477
13.305
-11.4968
-24.6982
-38.4038
-65.5843
-93.8639
-94.9541
-94.9707
-94.9454
-94.896
-94.8131
-94.6902
-94.5289
-94.3384
-94.1303
-93.9149
-93.6994
-93.4883
-93.2839
-93.0873
-92.8988
-92.7185
-92.5461
-92.3812
-92.2235
-92.0728
-91.9286
-91.7906
-91.6585
-91.5321
-91.4111
-91.2951
-91.1841
-91.0776
-90.9756
-90.8779
-90.7841
-90.6942
-90.608
-90.5253
-90.4459
-90.3697
-90.2966
-90.2264
-90.159
-90.0943
-90.0321
-89.9723
-89.9149
-89.8597
-89.8066
-89.7556
-89.7065
-89.6593
-89.6139
-89.5702
-89.5281
-89.4875
-89.4485
-89.4108
-89.3746
-89.3396
-89.3059
-89.2734
-89.242
-89.2116
-89.1824
-89.1541
-89.1267
-89.1003
-89.0747
-89.0499
-89.026
-89.0027
-88.9802
-88.9584
-88.9372
-88.9166
-88.8966
-88.8771
-88.8582
-88.8398
-88.8218
-88.8044
-88.7873
-88.7706
-88.7544
-88.7385
-88.7229
-88.7076
-88.6927
-88.6781
-88.6637
-88.6496
-88.6357
-88.622
-88.6086
-88.5953
-88.5823
-88.5693
-88.5566
-88.544
-88.5315
-88.5192
-88.5069
-88.4948
-88.4828
-88.4708
-88.4589
-88.4471
-88.4353
-88.4236
-88.4119
-88.4003
-88.3887
-88.3771
-88.3655
-88.3539
-88.3423
-88.3307
-88.3192
-88.3075
-88.2959
-88.2843
-88.2726
-88.2609
-88.2491
-88.2373
-88.2254
-88.2135
-88.2016
-88.1896
-88.1775
-88.1654
-88.1532
-88.1409
-88.1286
-88.1161
-88.1036
-88.0911
-88.0784
-88.0657
-88.0528
-88.0399
-88.0269
-88.0138
-88.0006
-87.9873
-87.9739
-87.9605
-87.9469
-87.9332
-87.9194
-87.9055
-87.8915
-87.8774
-87.8632
-87.8489
-87.8345
-87.82
-87.8053
-87.7906
-87.7757
-87.7608
-87.7457
-87.7305
-87.7152
-87.6997
-87.6842
-87.6686
-87.6528
-87.6369
-87.6209
-87.6048
-87.5886
-87.5722
-87.5558
-87.5392
-87.5225
-87.5057
-87.4887
-87.4717
-87.4545
-87.4372
-87.4198
-87.4023
-87.3847
-87.3669
-87.349
-87.331
-87.3129
-87.2947
-87.2763
-87.2579
-87.2393
-87.2206
-87.2018
-87.1828
-87.1638
-87.1446
-87.1253
-87.1059
-87.0864
-87.0667
-87.047
-87.0271
-87.0071
-86.987
-86.9667
-86.9464
-86.9259
-86.9053
-86.8846
-86.8638
-86.8429
-86.8218
-86.8007
-86.7794
-86.758
-86.7364
-86.7148
-86.6931
-86.6712
-86.6492
-86.6271
-86.6049
-86.5825
-86.5601
-86.5375
-86.5148
-86.492
-86.4691
-86.4461
-86.4229
-86.3996
-86.3762
-86.3527
-86.3291
-86.3054
-86.2815
-86.2575
-86.2334
-86.2092
-86.1849
-86.1604
-86.1359
-86.1112
-86.0864
-86.0614
-86.0364
-86.0112
-85.9859
-85.9605
-85.935
-85.9093
-85.8836
-85.8577
-85.8317
-85.8055
-85.7792
-85.7529
-85.7264
-85.6997
-85.673
-85.6461
-85.6191
-85.5919
-85.5647
-85.5373
-85.5097
-85.4821
-85.4543
-85.4264
-85.3984
-85.3702
-85.3419
-85.3135
-85.2849
-85.2562
-85.2273
-85.1984
-85.1692
-85.14
-85.1106
-85.0811
-85.0514
-85.0216
-84.9916
-84.9615
-84.9313
-84.9009
-84.8703
-84.8396
-84.8088
-84.7778
-84.7467
-84.7154
-84.6839
-84.6523
-84.6205
-84.5886
-84.5565
-84.5242
-84.4918
-84.4592
-84.4265
-84.3936
-84.3605
-84.3272
-84.2937
-84.2601
-84.2263
-84.1923
-84.1582
-84.1238
-84.0892
-84.0545
-84.0196
-83.9845
-83.9491
-83.9136
-83.8779
-83.8419
-83.8058
-83.7694
-83.7329
-83.6961
-83.659
-83.6218
-83.5843
-83.5466
-83.5087
-83.4705
-83.4321
-83.3934
-83.3545
-83.3153
-83.2759
-83.2362
-83.1962
-83.156
-83.1155
-83.0747
-83.0336
-82.9922
-82.9505
-82.9085
-82.8662
-82.8236
-82.7806
-82.7374
-82.6938
-82.6498
-82.6055
-82.5608
-82.5158
-82.4704
-82.4246
-82.3784
-82.3319
-82.2849
-82.2375
-82.1897
-82.1414
-82.0927
-82.0435
-81.9939
-81.9438
-81.8931
-81.842
-81.7904
-81.7382
-81.6855
-81.6322
-81.5783
-81.5239
-81.4688
-81.4131
-81.3568
-81.2997
-81.242
-81.1836
-81.1245
-81.0646
-81.0039
-80.9425
-80.8802
-80.817
-80.753
-80.688
-80.6221
-80.5552
-80.4873
-80.4183
-80.3482
-80.277
-80.2046
-80.131
-80.0561
-79.9798
-79.9021
-79.823
-79.7424
-79.6602
-79.5763
-79.4907
-79.4032
-79.3139
-79.2225
-79.129
-79.0332
-78.9351
-78.8346
-78.7313
-78.6253
-78.5163
-78.4042
-78.2887
-78.1697
-78.0468
-77.9198
-77.7884
-77.6523
-77.511
-77.3642
-77.2114
-77.052
-76.8855
-76.7111
-76.528
-76.3353
-76.1319
-75.9164
-75.6875
-75.4432
-75.1813
-74.8992
-74.5933
-74.2596
-73.8923
-73.4842
-73.0255
-72.5023
-71.8945
-71.1715
-70.2833
-69.141
-67.5671
-65.1343
-60.4471
-45.5555
26.788
47.8456
25.2421
-11.1088
-24.4907
-38.2302
-64.9998
-93.5763
-94.9243
-94.9685
-94.9489
-94.9046
-94.8296
-94.7171
-94.5666
-94.3849
-94.1826
-93.9699
-93.7546
-93.5418
-93.3346
-93.1344
-92.9419
-92.7574
-92.5807
-92.4116
-92.2499
-92.0951
-91.947
-91.8053
-91.6697
-91.5398
-91.4155
-91.2964
-91.1824
-91.0731
-90.9684
-90.8681
-90.7719
-90.6797
-90.5913
-90.5064
-90.4251
-90.347
-90.2721
-90.2003
-90.1313
-90.065
-90.0014
-89.9403
-89.8816
-89.8252
-89.7711
-89.719
-89.6689
-89.6208
-89.5745
-89.5299
-89.4871
-89.4458
-89.4061
-89.3679
-89.331
-89.2956
-89.2614
-89.2284
-89.1966
-89.1659
-89.1363
-89.1077
-89.0801
-89.0534
-89.0276
-89.0027
-88.9786
-88.9552
-88.9326
-88.9106
-88.8894
-88.8688
-88.8488
-88.8293
-88.8104
-88.7921
-88.7742
-88.7568
-88.7398
-88.7233
-88.7071
-88.6914
-88.6759
-88.6609
-88.6461
-88.6317
-88.6175
-88.6036
-88.5899
-88.5765
-88.5633
-88.5503
-88.5375
-88.5248
-88.5124
-88.5
-88.4879
-88.4758
-88.4639
-88.452
-88.4403
-88.4287
-88.4171
-88.4056
-88.3942
-88.3828
-88.3715
-88.3602
-88.3489
-88.3376
-88.3264
-88.3152
-88.304
-88.2927
-88.2815
-88.2703
-88.259
-88.2477
-88.2364
-88.225
-88.2137
-88.2022
-88.1908
-88.1792
-88.1677
-88.156
-88.1443
-88.1326
-88.1208
-88.1089
-88.0969
-88.0849
-88.0727
-88.0605
-88.0483
-88.0359
-88.0235
-88.0109
-87.9983
-87.9856
-87.9727
-87.9598
-87.9468
-87.9337
-87.9205
-87.9072
-87.8938
-87.8803
-87.8667
-87.8529
-87.8391
-87.8251
-87.8111
-87.7969
-87.7827
-87.7683
-87.7538
-87.7392
-87.7244
-87.7096
-87.6947
-87.6796
-87.6644
-87.6491
-87.6337
-87.6182
-87.6025
-87.5868
-87.5709
-87.5549
-87.5388
-87.5225
-87.5062
-87.4897
-87.4731
-87.4564
-87.4396
-87.4226
-87.4055
-87.3884
-87.371
-87.3536
-87.3361
-87.3184
-87.3006
-87.2827
-87.2647
-87.2466
-87.2283
-87.2099
-87.1914
-87.1728
-87.1541
-87.1352
-87.1162
-87.0971
-87.0779
-87.0586
-87.0391
-87.0196
-86.9999
-86.9801
-86.9602
-86.9401
-86.92
-86.8997
-86.8793
-86.8588
-86.8381
-86.8174
-86.7965
-86.7755
-86.7544
-86.7332
-86.7119
-86.6904
-86.6688
-86.6471
-86.6253
-86.6034
-86.5813
-86.5592
-86.5369
-86.5145
-86.492
-86.4694
-86.4466
-86.4237
-86.4008
-86.3777
-86.3544
-86.3311
-86.3076
-86.2841
-86.2604
-86.2366
-86.2126
-86.1886
-86.1644
-86.1401
-86.1157
-86.0912
-86.0665
-86.0418
-86.0169
-85.9919
-85.9667
-85.9415
-85.9161
-85.8906
-85.865
-85.8393
-85.8134
-85.7874
-85.7613
-85.7351
-85.7087
-85.6823
-85.6557
-85.6289
-85.6021
-85.5751
-85.548
-85.5207
-85.4934
-85.4659
-85.4383
-85.4105
-85.3826
-85.3546
-85.3264
-85.2981
-85.2697
-85.2412
-85.2125
-85.1837
-85.1547
-85.1256
-85.0963
-85.067
-85.0374
-85.0078
-84.978
-84.948
-84.9179
-84.8877
-84.8573
-84.8267
-84.796
-84.7652
-84.7342
-84.7031
-84.6718
-84.6403
-84.6087
-84.5769
-84.5449
-84.5128
-84.4806
-84.4481
-84.4155
-84.3827
-84.3498
-84.3167
-84.2834
-84.2499
-84.2163
-84.1824
-84.1484
-84.1142
-84.0798
-84.0452
-84.0104
-83.9755
-83.9403
-83.9049
-83.8693
-83.8335
-83.7976
-83.7614
-83.7249
-83.6883
-83.6514
-83.6143
-83.577
-83.5395
-83.5017
-83.4637
-83.4254
-83.3869
-83.3482
-83.3091
-83.2699
-83.2303
-83.1905
-83.1504
-83.1101
-83.0695
-83.0285
-82.9873
-82.9458
-82.904
-82.8618
-82.8194
-82.7766
-82.7335
-82.6901
-82.6463
-82.6022
-82.5577
-82.5128
-82.4676
-82.422
-82.376
-82.3297
-82.2829
-82.2357
-82.188
-82.14
-82.0914
-82.0425
-81.993
-81.9431
-81.8927
-81.8418
-81.7904
-81.7384
-81.6859
-81.6328
-81.5792
-81.525
-81.4701
-81.4146
-81.3585
-81.3018
-81.2443
-81.1861
-81.1272
-81.0676
-81.0072
-80.946
-80.884
-80.8211
-80.7573
-80.6927
-80.6271
-80.5605
-80.4929
-80.4242
-80.3545
-80.2836
-80.2115
-80.1383
-80.0637
-79.9878
-79.9106
-79.8319
-79.7517
-79.6699
-79.5865
-79.5013
-79.4143
-79.3254
-79.2346
-79.1416
-79.0464
-78.9489
-78.849
-78.7464
-78.641
-78.5328
-78.4214
-78.3067
-78.1885
-78.0665
-77.9405
-77.8101
-77.6751
-77.535
-77.3895
-77.238
-77.0801
-76.9152
-76.7425
-76.5613
-76.3707
-76.1696
-75.9568
-75.7308
-75.4899
-75.2319
-74.9541
-74.6535
-74.3258
-73.9658
-73.5667
-73.1192
-72.6103
-72.0216
-71.3248
-70.4749
-69.3935
-67.9276
-65.7251
-61.72
-50.602
6.9093
49.7721
40.7119
1.723
-14.5947
-28.1395
-42.7775
-75.4434
-94.459
-94.9631
-94.963
-94.9296
-94.8677
-94.7677
-94.6253
-94.4457
-94.2405
-94.022
-93.7998
-93.5801
-93.3666
-93.1609
-92.9637
-92.775
-92.5947
-92.4224
-92.2578
-92.1006
-91.9503
-91.8066
-91.6692
-91.5379
-91.4122
-91.2919
-91.1769
-91.0668
-90.9614
-90.8604
-90.7638
-90.6712
-90.5825
-90.4976
-90.4162
-90.3382
-90.2634
-90.1918
-90.1231
-90.0572
-89.994
-89.9334
-89.8752
-89.8195
-89.7659
-89.7145
-89.6652
-89.6179
-89.5724
-89.5287
-89.4867
-89.4464
-89.4076
-89.3704
-89.3346
-89.3001
-89.2669
-89.235
-89.2043
-89.1747
-89.1462
-89.1188
-89.0923
-89.0668
-89.0421
-89.0184
-88.9954
-88.9732
-88.9518
-88.9311
-88.911
-88.8916
-88.8728
-88.8546
-88.8369
-88.8197
-88.8031
-88.7869
-88.7711
-88.7558
-88.7408
-88.7263
-88.7121
-88.6982
-88.6846
-88.6714
-88.6584
-88.6457
-88.6332
-88.6209
-88.6089
-88.597
-88.5854
-88.5739
-88.5626
-88.5514
-88.5403
-88.5294
-88.5186
-88.5079
-88.4972
-88.4867
-88.4762
-88.4658
-88.4554
-88.4451
-88.4349
-88.4246
-88.4144
-88.4042
-88.394
-88.3838
-88.3736
-88.3633
-88.3531
-88.3429
-88.3326
-88.3223
-88.3119
-88.3015
-88.2911
-88.2806
-88.2701
-88.2595
-88.2489
-88.2381
-88.2274
-88.2165
-88.2056
-88.1946
-88.1835
-88.1723
-88.1611
-88.1497
-88.1383
-88.1268
-88.1152
-88.1035
-88.0917
-88.0798
-88.0678
-88.0557
-88.0435
-88.0311
-88.0187
-88.0062
-87.9936
-87.9808
-87.968
-87.955
-87.9419
-87.9287
-87.9154
-87.902
-87.8884
-87.8748
-87.861
-87.8471
-87.8331
-87.819
-87.8047
-87.7904
-87.7759
-87.7613
-87.7465
-87.7317
-87.7167
-87.7016
-87.6864
-87.6711
-87.6556
-87.64
-87.6243
-87.6085
-87.5925
-87.5765
-87.5603
-87.5439
-87.5275
-87.5109
-87.4943
-87.4774
-87.4605
-87.4435
-87.4263
-87.409
-87.3916
-87.374
-87.3564
-87.3386
-87.3207
-87.3026
-87.2845
-87.2662
-87.2478
-87.2293
-87.2107
-87.1919
-87.1731
-87.1541
-87.1349
-87.1157
-87.0964
-87.0769
-87.0573
-87.0376
-87.0177
-86.9978
-86.9777
-86.9575
-86.9372
-86.9168
-86.8962
-86.8756
-86.8548
-86.8339
-86.8129
-86.7917
-86.7705
-86.7491
-86.7276
-86.706
-86.6843
-86.6624
-86.6405
-86.6184
-86.5962
-86.5739
-86.5514
-86.5289
-86.5062
-86.4835
-86.4606
-86.4375
-86.4144
-86.3912
-86.3678
-86.3443
-86.3207
-86.297
-86.2731
-86.2492
-86.2251
-86.2009
-86.1766
-86.1522
-86.1276
-86.1029
-86.0782
-86.0533
-86.0282
-86.0031
-85.9778
-85.9524
-85.9269
-85.9013
-85.8755
-85.8497
-85.8237
-85.7976
-85.7713
-85.745
-85.7185
-85.6919
-85.6651
-85.6383
-85.6113
-85.5842
-85.5569
-85.5296
-85.5021
-85.4745
-85.4467
-85.4188
-85.3908
-85.3627
-85.3344
-85.306
-85.2775
-85.2488
-85.22
-85.1911
-85.162
-85.1328
-85.1034
-85.0739
-85.0443
-85.0145
-84.9846
-84.9545
-84.9243
-84.894
-84.8635
-84.8328
-84.802
-84.7711
-84.74
-84.7087
-84.6773
-84.6457
-84.614
-84.5821
-84.5501
-84.5179
-84.4855
-84.453
-84.4203
-84.3874
-84.3544
-84.3212
-84.2878
-84.2542
-84.2205
-84.1865
-84.1524
-84.1181
-84.0836
-84.049
-84.0141
-83.979
-83.9438
-83.9083
-83.8726
-83.8368
-83.8007
-83.7644
-83.7279
-83.6912
-83.6542
-83.6171
-83.5797
-83.5421
-83.5042
-83.4661
-83.4278
-83.3892
-83.3503
-83.3112
-83.2719
-83.2323
-83.1924
-83.1522
-83.1118
-83.0711
-83.0301
-82.9888
-82.9472
-82.9053
-82.8631
-82.8206
-82.7778
-82.7346
-82.6911
-82.6472
-82.603
-82.5585
-82.5136
-82.4683
-82.4226
-82.3765
-82.3301
-82.2832
-82.236
-82.1882
-82.1401
-82.0915
-82.0425
-81.993
-81.943
-81.8925
-81.8415
-81.79
-81.738
-81.6854
-81.6323
-81.5786
-81.5243
-81.4694
-81.4138
-81.3576
-81.3008
-81.2433
-81.185
-81.1261
-81.0663
-81.0059
-80.9446
-80.8825
-80.8195
-80.7557
-80.6909
-80.6252
-80.5586
-80.4909
-80.4221
-80.3523
-80.2813
-80.2092
-80.1358
-80.0612
-79.9852
-79.9078
-79.829
-79.7487
-79.6668
-79.5832
-79.4979
-79.4108
-79.3218
-79.2308
-79.1377
-79.0424
-78.9447
-78.8446
-78.7418
-78.6363
-78.5278
-78.4163
-78.3014
-78.1829
-78.0607
-77.9344
-77.8037
-77.6684
-77.5279
-77.3821
-77.2302
-77.0719
-76.9065
-76.7333
-76.5516
-76.3604
-76.1586
-75.945
-75.7182
-75.4762
-75.2171
-74.938
-74.6358
-74.3063
-73.9441
-73.5423
-73.0913
-72.5781
-71.9835
-71.2788
-70.4172
-69.3173
-67.8189
-65.5479
-61.3455
-49.1874
13.5505
49.5512
36.789
-3.98976
-18.0155
-31.9535
-50.3418
-86.8797
-94.761
-94.9674
-94.9572
-94.9191
-94.8512
-94.745
-94.598
-94.4162
-94.2108
-93.9933
-93.7726
-93.5544
-93.342
-93.1371
-92.9404
-92.7521
-92.5719
-92.3996
-92.2349
-92.0775
-91.927
-91.7831
-91.6454
-91.5137
-91.3877
-91.2672
-91.1518
-91.0413
-90.9355
-90.8342
-90.7372
-90.6443
-90.5553
-90.4699
-90.3882
-90.3098
-90.2347
-90.1626
-90.0936
-90.0273
-89.9638
-89.9028
-89.8443
-89.7882
-89.7343
-89.6826
-89.6329
-89.5852
-89.5394
-89.4954
-89.4531
-89.4124
-89.3734
-89.3358
-89.2997
-89.2649
-89.2314
-89.1992
-89.1682
-89.1384
-89.1096
-89.0819
-89.0551
-89.0293
-89.0045
-88.9804
-88.9572
-88.9348
-88.9131
-88.8922
-88.8719
-88.8523
-88.8332
-88.8148
-88.7969
-88.7795
-88.7627
-88.7463
-88.7303
-88.7148
-88.6997
-88.6849
-88.6706
-88.6565
-88.6428
-88.6294
-88.6162
-88.6033
-88.5907
-88.5783
-88.5661
-88.5541
-88.5423
-88.5307
-88.5193
-88.508
-88.4968
-88.4857
-88.4748
-88.464
-88.4532
-88.4426
-88.432
-88.4215
-88.411
-88.4006
-88.3903
-88.3799
-88.3696
-88.3593
-88.349
-88.3388
-88.3285
-88.3182
-88.3079
-88.2976
-88.2872
-88.2769
-88.2665
-88.256
-88.2455
-88.235
-88.2244
-88.2138
-88.2031
-88.1923
-88.1815
-88.1706
-88.1596
-88.1486
-88.1374
-88.1262
-88.115
-88.1036
-88.0921
-88.0806
-88.0689
-88.0572
-88.0454
-88.0335
-88.0214
-88.0093
-87.9971
-87.9847
-87.9723
-87.9598
-87.9471
-87.9344
-87.9215
-87.9085
-87.8954
-87.8822
-87.8689
-87.8554
-87.8419
-87.8282
-87.8145
-87.8006
-87.7865
-87.7724
-87.7581
-87.7438
-87.7293
-87.7147
-87.6999
-87.6851
-87.6701
-87.655
-87.6398
-87.6245
-87.609
-87.5934
-87.5777
-87.5619
-87.546
-87.5299
-87.5137
-87.4974
-87.481
-87.4644
-87.4477
-87.4309
-87.414
-87.397
-87.3798
-87.3625
-87.3451
-87.3276
-87.3099
-87.2921
-87.2742
-87.2562
-87.2381
-87.2198
-87.2014
-87.1829
-87.1643
-87.1456
-87.1267
-87.1077
-87.0886
-87.0694
-87.05
-87.0306
-87.011
-86.9913
-86.9714
-86.9515
-86.9314
-86.9113
-86.891
-86.8705
-86.85
-86.8294
-86.8086
-86.7877
-86.7667
-86.7455
-86.7243
-86.7029
-86.6815
-86.6599
-86.6381
-86.6163
-86.5944
-86.5723
-86.5501
-86.5278
-86.5054
-86.4828
-86.4602
-86.4374
-86.4145
-86.3915
-86.3684
-86.3451
-86.3217
-86.2983
-86.2747
-86.2509
-86.2271
-86.2032
-86.1791
-86.1549
-86.1306
-86.1061
-86.0816
-86.0569
-86.0321
-86.0072
-85.9822
-85.9571
-85.9318
-85.9064
-85.8809
-85.8553
-85.8295
-85.8036
-85.7776
-85.7515
-85.7252
-85.6989
-85.6724
-85.6458
-85.619
-85.5921
-85.5651
-85.538
-85.5108
-85.4834
-85.4559
-85.4282
-85.4005
-85.3726
-85.3445
-85.3164
-85.2881
-85.2597
-85.2311
-85.2024
-85.1736
-85.1446
-85.1155
-85.0862
-85.0569
-85.0273
-84.9977
-84.9679
-84.9379
-84.9078
-84.8776
-84.8472
-84.8166
-84.7859
-84.7551
-84.7241
-84.6929
-84.6616
-84.6302
-84.5986
-84.5668
-84.5348
-84.5027
-84.4705
-84.4381
-84.4055
-84.3727
-84.3397
-84.3066
-84.2733
-84.2399
-84.2062
-84.1724
-84.1384
-84.1042
-84.0698
-84.0353
-84.0005
-83.9655
-83.9304
-83.895
-83.8595
-83.8237
-83.7877
-83.7515
-83.7151
-83.6785
-83.6417
-83.6046
-83.5673
-83.5298
-83.492
-83.454
-83.4158
-83.3773
-83.3385
-83.2996
-83.2603
-83.2208
-83.181
-83.1409
-83.1006
-83.06
-83.0191
-82.9779
-82.9364
-82.8946
-82.8525
-82.8101
-82.7673
-82.7243
-82.6809
-82.6371
-82.593
-82.5486
-82.5037
-82.4586
-82.413
-82.367
-82.3207
-82.2739
-82.2267
-82.1791
-82.1311
-82.0826
-82.0337
-81.9843
-81.9344
-81.884
-81.8331
-81.7817
-81.7298
-81.6773
-81.6242
-81.5706
-81.5164
-81.4616
-81.4062
-81.3501
-81.2934
-81.2359
-81.1778
-81.1189
-81.0593
-80.9989
-80.9378
-80.8758
-80.8129
-80.7492
-80.6845
-80.6189
-80.5524
-80.4848
-80.4161
-80.3464
-80.2756
-80.2035
-80.1302
-80.0557
-79.9798
-79.9026
-79.8239
-79.7437
-79.6619
-79.5784
-79.4933
-79.4063
-79.3174
-79.2265
-79.1335
-79.0383
-78.9408
-78.8408
-78.7381
-78.6328
-78.5244
-78.413
-78.2982
-78.1799
-78.0578
-77.9317
-77.8012
-77.666
-77.5257
-77.38
-77.2283
-77.0702
-76.905
-76.732
-76.5505
-76.3595
-76.158
-75.9446
-75.718
-75.4764
-75.2175
-74.9388
-74.637
-74.308
-73.9463
-73.5451
-73.0949
-72.5826
-71.9893
-71.2861
-70.4268
-69.3305
-67.8382
-65.58
-61.4148
-49.4542
12.356
49.6129
37.6213
-2.97265
-17.2928
-31.1569
-48.6638
-85.0034
-94.7197
-94.9669
-94.9583
-94.921
-94.8541
-94.7487
-94.6019
-94.4197
-94.2135
-93.9948
-93.7728
-93.5534
-93.3399
-93.134
-92.9363
-92.7471
-92.5662
-92.3932
-92.2279
-92.0699
-91.9188
-91.7744
-91.6363
-91.5042
-91.3778
-91.2569
-91.1412
-91.0305
-90.9244
-90.8229
-90.7257
-90.6326
-90.5434
-90.458
-90.3761
-90.2976
-90.2224
-90.1503
-90.0812
-90.0149
-89.9513
-89.8904
-89.8319
-89.7758
-89.7219
-89.6702
-89.6206
-89.573
-89.5272
-89.4833
-89.4411
-89.4005
-89.3616
-89.3241
-89.2881
-89.2534
-89.2201
-89.1881
-89.1572
-89.1275
-89.0989
-89.0713
-89.0447
-89.0191
-88.9943
-88.9705
-88.9475
-88.9252
-88.9037
-88.883
-88.8629
-88.8434
-88.8246
-88.8063
-88.7886
-88.7714
-88.7548
-88.7386
-88.7228
-88.7075
-88.6926
-88.678
-88.6638
-88.65
-88.6365
-88.6232
-88.6103
-88.5976
-88.5852
-88.573
-88.561
-88.5492
-88.5377
-88.5262
-88.515
-88.5039
-88.4929
-88.4821
-88.4713
-88.4607
-88.4502
-88.4397
-88.4293
-88.419
-88.4088
-88.3986
-88.3884
-88.3783
-88.3682
-88.3581
-88.348
-88.3379
-88.3278
-88.3177
-88.3076
-88.2975
-88.2873
-88.2771
-88.2669
-88.2567
-88.2464
-88.236
-88.2256
-88.2152
-88.2046
-88.1941
-88.1834
-88.1727
-88.1619
-88.1511
-88.1401
-88.1291
-88.118
-88.1068
-88.0955
-88.0841
-88.0727
-88.0611
-88.0495
-88.0377
-88.0259
-88.0139
-88.0018
-87.9897
-87.9774
-87.965
-87.9526
-87.94
-87.9273
-87.9144
-87.9015
-87.8885
-87.8753
-87.862
-87.8486
-87.8351
-87.8215
-87.8078
-87.7939
-87.7799
-87.7658
-87.7516
-87.7373
-87.7228
-87.7082
-87.6935
-87.6787
-87.6638
-87.6487
-87.6335
-87.6182
-87.6028
-87.5872
-87.5716
-87.5558
-87.5398
-87.5238
-87.5076
-87.4913
-87.4749
-87.4584
-87.4417
-87.4249
-87.408
-87.391
-87.3739
-87.3566
-87.3392
-87.3217
-87.3041
-87.2863
-87.2684
-87.2504
-87.2323
-87.2141
-87.1957
-87.1772
-87.1586
-87.1399
-87.121
-87.102
-87.083
-87.0637
-87.0444
-87.025
-87.0054
-86.9857
-86.9659
-86.946
-86.9259
-86.9058
-86.8855
-86.8651
-86.8446
-86.8239
-86.8032
-86.7823
-86.7613
-86.7402
-86.719
-86.6976
-86.6761
-86.6546
-86.6329
-86.611
-86.5891
-86.567
-86.5449
-86.5226
-86.5002
-86.4777
-86.455
-86.4323
-86.4094
-86.3864
-86.3633
-86.3401
-86.3167
-86.2932
-86.2697
-86.246
-86.2221
-86.1982
-86.1742
-86.15
-86.1257
-86.1013
-86.0768
-86.0521
-86.0273
-86.0025
-85.9774
-85.9523
-85.9271
-85.9017
-85.8762
-85.8506
-85.8249
-85.799
-85.773
-85.7469
-85.7207
-85.6944
-85.6679
-85.6413
-85.6146
-85.5877
-85.5608
-85.5337
-85.5064
-85.4791
-85.4516
-85.424
-85.3962
-85.3684
-85.3404
-85.3122
-85.284
-85.2556
-85.227
-85.1984
-85.1696
-85.1406
-85.1115
-85.0823
-85.053
-85.0235
-84.9938
-84.9641
-84.9341
-84.9041
-84.8739
-84.8435
-84.813
-84.7823
-84.7515
-84.7206
-84.6894
-84.6582
-84.6268
-84.5952
-84.5634
-84.5315
-84.4995
-84.4672
-84.4348
-84.4023
-84.3696
-84.3366
-84.3036
-84.2703
-84.2369
-84.2033
-84.1695
-84.1355
-84.1014
-84.0671
-84.0325
-83.9978
-83.9629
-83.9278
-83.8925
-83.8569
-83.8212
-83.7853
-83.7491
-83.7128
-83.6762
-83.6394
-83.6024
-83.5651
-83.5277
-83.49
-83.452
-83.4138
-83.3754
-83.3367
-83.2978
-83.2586
-83.2191
-83.1794
-83.1394
-83.0991
-83.0585
-83.0177
-82.9765
-82.9351
-82.8934
-82.8513
-82.809
-82.7663
-82.7233
-82.6799
-82.6362
-82.5922
-82.5478
-82.5031
-82.4579
-82.4124
-82.3665
-82.3202
-82.2736
-82.2264
-82.1789
-82.131
-82.0825
-82.0337
-81.9843
-81.9345
-81.8842
-81.8334
-81.7821
-81.7303
-81.6779
-81.6249
-81.5714
-81.5173
-81.4626
-81.4072
-81.3512
-81.2946
-81.2373
-81.1792
-81.1205
-81.061
-81.0007
-80.9396
-80.8777
-80.815
-80.7514
-80.6868
-80.6214
-80.5549
-80.4875
-80.419
-80.3494
-80.2787
-80.2068
-80.1337
-80.0593
-79.9836
-79.9065
-79.828
-79.7479
-79.6663
-79.5831
-79.4981
-79.4113
-79.3227
-79.232
-79.1393
-79.0443
-78.947
-78.8473
-78.7449
-78.6398
-78.5318
-78.4207
-78.3063
-78.1883
-78.0666
-77.9409
-77.8108
-77.6761
-77.5364
-77.3912
-77.2401
-77.0826
-76.9181
-76.7459
-76.5652
-76.3751
-76.1746
-75.9624
-75.7371
-75.4969
-75.2397
-74.963
-74.6634
-74.3369
-73.9784
-73.5811
-73.1357
-72.6295
-72.0443
-71.3522
-70.5091
-69.4382
-67.9904
-65.8253
-61.9242
-51.3248
3.24555
49.8044
42.1786
4.6188
-13.4751
-26.9107
-40.5907
-70.8441
-94.2551
-94.9591
-94.9646
-94.9328
-94.8728
-94.7745
-94.6331
-94.4533
-94.2466
-94.0258
-93.8011
-93.5788
-93.3628
-93.1548
-92.9554
-92.7647
-92.5826
-92.4086
-92.2425
-92.0838
-91.9322
-91.7872
-91.6487
-91.5163
-91.3896
-91.2684
-91.1525
-91.0416
-90.9354
-90.8338
-90.7366
-90.6434
-90.5543
-90.4688
-90.387
-90.3086
-90.2335
-90.1615
-90.0926
-90.0264
-89.963
-89.9023
-89.844
-89.7881
-89.7345
-89.683
-89.6337
-89.5863
-89.5408
-89.4971
-89.4552
-89.415
-89.3763
-89.3391
-89.3034
-89.2691
-89.2361
-89.2043
-89.1738
-89.1444
-89.1161
-89.0889
-89.0626
-89.0373
-89.013
-88.9894
-88.9668
-88.9449
-88.9237
-88.9033
-88.8835
-88.8644
-88.8459
-88.828
-88.8106
-88.7938
-88.7775
-88.7616
-88.7462
-88.7312
-88.7166
-88.7024
-88.6885
-88.675
-88.6618
-88.6489
-88.6363
-88.624
-88.6118
-88.6
-88.5883
-88.5768
-88.5656
-88.5545
-88.5435
-88.5327
-88.522
-88.5115
-88.5011
-88.4907
-88.4805
-88.4703
-88.4602
-88.4502
-88.4402
-88.4303
-88.4204
-88.4106
-88.4007
-88.3909
-88.3811
-88.3713
-88.3615
-88.3516
-88.3418
-88.3319
-88.322
-88.3121
-88.3021
-88.2921
-88.2821
-88.272
-88.2618
-88.2516
-88.2413
-88.231
-88.2206
-88.2101
-88.1995
-88.1889
-88.1782
-88.1674
-88.1565
-88.1455
-88.1345
-88.1233
-88.1121
-88.1007
-88.0893
-88.0777
-88.0661
-88.0543
-88.0425
-88.0305
-88.0185
-88.0063
-87.994
-87.9816
-87.9691
-87.9565
-87.9437
-87.9309
-87.9179
-87.9048
-87.8916
-87.8783
-87.8649
-87.8513
-87.8377
-87.8239
-87.8099
-87.7959
-87.7817
-87.7675
-87.7531
-87.7385
-87.7239
-87.7091
-87.6942
-87.6792
-87.6641
-87.6488
-87.6334
-87.6179
-87.6023
-87.5865
-87.5707
-87.5547
-87.5385
-87.5223
-87.5059
-87.4894
-87.4728
-87.4561
-87.4392
-87.4222
-87.4051
-87.3879
-87.3705
-87.353
-87.3354
-87.3177
-87.2999
-87.2819
-87.2638
-87.2456
-87.2273
-87.2088
-87.1903
-87.1716
-87.1528
-87.1338
-87.1148
-87.0956
-87.0763
-87.0569
-87.0374
-87.0177
-86.998
-86.9781
-86.9581
-86.9379
-86.9177
-86.8973
-86.8768
-86.8562
-86.8355
-86.8147
-86.7937
-86.7727
-86.7515
-86.7302
-86.7087
-86.6872
-86.6655
-86.6438
-86.6219
-86.5999
-86.5777
-86.5555
-86.5331
-86.5107
-86.4881
-86.4654
-86.4425
-86.4196
-86.3965
-86.3734
-86.3501
-86.3267
-86.3031
-86.2795
-86.2557
-86.2318
-86.2078
-86.1837
-86.1595
-86.1351
-86.1107
-86.0861
-86.0614
-86.0366
-86.0116
-85.9865
-85.9614
-85.9361
-85.9106
-85.8851
-85.8594
-85.8337
-85.8077
-85.7817
-85.7556
-85.7293
-85.7029
-85.6764
-85.6497
-85.623
-85.5961
-85.5691
-85.5419
-85.5147
-85.4873
-85.4597
-85.4321
-85.4043
-85.3764
-85.3484
-85.3202
-85.2919
-85.2635
-85.2349
-85.2062
-85.1773
-85.1484
-85.1193
-85.09
-85.0606
-85.0311
-85.0014
-84.9716
-84.9417
-84.9116
-84.8813
-84.851
-84.8204
-84.7897
-84.7589
-84.7279
-84.6968
-84.6655
-84.6341
-84.6025
-84.5707
-84.5388
-84.5067
-84.4745
-84.4421
-84.4095
-84.3768
-84.3438
-84.3108
-84.2775
-84.2441
-84.2105
-84.1767
-84.1427
-84.1085
-84.0742
-84.0397
-84.0049
-83.97
-83.9349
-83.8996
-83.8641
-83.8283
-83.7924
-83.7563
-83.7199
-83.6834
-83.6466
-83.6096
-83.5723
-83.5349
-83.4972
-83.4592
-83.4211
-83.3826
-83.344
-83.305
-83.2659
-83.2264
-83.1867
-83.1467
-83.1065
-83.066
-83.0251
-82.984
-82.9426
-82.9009
-82.8589
-82.8166
-82.7739
-82.731
-82.6877
-82.644
-82.6
-82.5557
-82.511
-82.4659
-82.4204
-82.3746
-82.3284
-82.2817
-82.2347
-82.1872
-82.1393
-82.091
-82.0422
-81.9929
-81.9432
-81.893
-81.8422
-81.791
-81.7392
-81.6869
-81.6341
-81.5806
-81.5266
-81.472
-81.4167
-81.3609
-81.3043
-81.2471
-81.1892
-81.1305
-81.0712
-81.011
-80.9501
-80.8883
-80.8258
-80.7623
-80.6979
-80.6326
-80.5663
-80.4991
-80.4307
-80.3614
-80.2908
-80.2191
-80.1463
-80.0721
-79.9966
-79.9198
-79.8415
-79.7617
-79.6804
-79.5975
-79.5128
-79.4263
-79.338
-79.2477
-79.1553
-79.0608
-78.9639
-78.8646
-78.7627
-78.6581
-78.5506
-78.44
-78.3262
-78.2089
-78.0879
-77.9629
-77.8336
-77.6997
-77.5609
-77.4167
-77.2667
-77.1103
-76.9471
-76.7762
-76.5971
-76.4087
-76.2101
-76
-75.7771
-75.5396
-75.2856
-75.0124
-74.717
-74.3955
-74.0429
-73.6528
-73.2164
-72.7218
-72.1517
-71.4806
-70.6676
-69.6436
-68.2765
-66.2755
-62.818
-54.2999
-13.151
49.3122
44.6334
12.0226
-12.0301
-25.4117
-39.0515
-67.2274
-94.014
-94.9557
-94.9679
-94.9395
-94.8845
-94.7932
-94.6592
-94.4859
-94.2843
-94.0669
-93.8443
-93.6233
-93.4081
-93.2005
-93.0013
-92.8107
-92.6286
-92.4546
-92.2884
-92.1295
-91.9777
-91.8326
-91.6938
-91.5611
-91.4341
-91.3126
-91.1964
-91.0851
-90.9785
-90.8765
-90.7787
-90.6851
-90.5954
-90.5095
-90.4271
-90.3482
-90.2725
-90.2
-90.1304
-90.0637
-89.9997
-89.9383
-89.8794
-89.8228
-89.7686
-89.7165
-89.6665
-89.6184
-89.5723
-89.528
-89.4854
-89.4445
-89.4051
-89.3673
-89.3309
-89.2959
-89.2622
-89.2298
-89.1985
-89.1685
-89.1395
-89.1116
-89.0847
-89.0587
-89.0336
-89.0095
-88.9861
-88.9635
-88.9417
-88.9206
-88.9002
-88.8804
-88.8613
-88.8427
-88.8247
-88.8073
-88.7903
-88.7738
-88.7577
-88.7421
-88.7269
-88.7121
-88.6976
-88.6835
-88.6697
-88.6562
-88.643
-88.6301
-88.6174
-88.6049
-88.5927
-88.5806
-88.5688
-88.5571
-88.5456
-88.5343
-88.5231
-88.512
-88.501
-88.4901
-88.4794
-88.4687
-88.4581
-88.4475
-88.4371
-88.4266
-88.4162
-88.4059
-88.3956
-88.3853
-88.375
-88.3647
-88.3544
-88.3441
-88.3338
-88.3234
-88.3131
-88.3027
-88.2923
-88.2819
-88.2714
-88.2608
-88.2503
-88.2396
-88.2289
-88.2182
-88.2074
-88.1965
-88.1855
-88.1745
-88.1634
-88.1522
-88.1409
-88.1296
-88.1181
-88.1066
-88.095
-88.0833
-88.0715
-88.0596
-88.0476
-88.0355
-88.0233
-88.011
-87.9985
-87.986
-87.9734
-87.9607
-87.9478
-87.9349
-87.9218
-87.9087
-87.8954
-87.882
-87.8685
-87.8549
-87.8411
-87.8273
-87.8133
-87.7992
-87.785
-87.7707
-87.7562
-87.7416
-87.727
-87.7122
-87.6972
-87.6822
-87.667
-87.6517
-87.6363
-87.6208
-87.6052
-87.5894
-87.5735
-87.5575
-87.5414
-87.5251
-87.5087
-87.4923
-87.4756
-87.4589
-87.442
-87.4251
-87.408
-87.3908
-87.3734
-87.3559
-87.3384
-87.3207
-87.3028
-87.2849
-87.2668
-87.2486
-87.2303
-87.2119
-87.1934
-87.1747
-87.1559
-87.137
-87.118
-87.0989
-87.0796
-87.0602
-87.0407
-87.0211
-87.0014
-86.9815
-86.9616
-86.9415
-86.9213
-86.901
-86.8805
-86.86
-86.8393
-86.8185
-86.7976
-86.7766
-86.7554
-86.7342
-86.7128
-86.6913
-86.6697
-86.648
-86.6261
-86.6042
-86.5821
-86.5599
-86.5376
-86.5152
-86.4927
-86.47
-86.4472
-86.4244
-86.4014
-86.3782
-86.355
-86.3317
-86.3082
-86.2846
-86.2609
-86.2371
-86.2132
-86.1891
-86.1649
-86.1406
-86.1162
-86.0917
-86.0671
-86.0423
-86.0174
-85.9925
-85.9673
-85.9421
-85.9168
-85.8913
-85.8657
-85.84
-85.8141
-85.7882
-85.7621
-85.7359
-85.7096
-85.6832
-85.6566
-85.6299
-85.6031
-85.5761
-85.5491
-85.5219
-85.4946
-85.4671
-85.4396
-85.4119
-85.384
-85.3561
-85.328
-85.2998
-85.2714
-85.2429
-85.2143
-85.1856
-85.1567
-85.1276
-85.0985
-85.0692
-85.0398
-85.0102
-84.9805
-84.9506
-84.9206
-84.8905
-84.8602
-84.8297
-84.7991
-84.7684
-84.7375
-84.7065
-84.6753
-84.644
-84.6125
-84.5808
-84.549
-84.517
-84.4849
-84.4526
-84.4201
-84.3875
-84.3547
-84.3217
-84.2886
-84.2552
-84.2217
-84.1881
-84.1542
-84.1202
-84.0859
-84.0515
-84.0169
-83.9821
-83.9472
-83.912
-83.8766
-83.841
-83.8052
-83.7692
-83.733
-83.6965
-83.6599
-83.623
-83.5859
-83.5486
-83.5111
-83.4733
-83.4352
-83.397
-83.3585
-83.3197
-83.2807
-83.2414
-83.2019
-83.1621
-83.122
-83.0816
-83.041
-83
-82.9588
-82.9173
-82.8755
-82.8333
-82.7909
-82.7481
-82.705
-82.6615
-82.6178
-82.5736
-82.5291
-82.4843
-82.4391
-82.3934
-82.3474
-82.301
-82.2542
-82.207
-82.1594
-82.1113
-82.0627
-82.0138
-81.9643
-81.9143
-81.8639
-81.813
-81.7615
-81.7095
-81.657
-81.6039
-81.5502
-81.4959
-81.441
-81.3855
-81.3293
-81.2725
-81.2149
-81.1567
-81.0977
-81.038
-80.9775
-80.9162
-80.8541
-80.7911
-80.7272
-80.6625
-80.5967
-80.53
-80.4622
-80.3934
-80.3235
-80.2525
-80.1802
-80.1067
-80.032
-79.9559
-79.8784
-79.7994
-79.7189
-79.6368
-79.5531
-79.4676
-79.3802
-79.291
-79.1997
-79.1063
-79.0106
-78.9126
-78.8121
-78.7089
-78.603
-78.494
-78.3819
-78.2664
-78.1473
-78.0244
-77.8973
-77.7659
-77.6296
-77.4882
-77.3412
-77.1882
-77.0285
-76.8617
-76.6868
-76.5032
-76.31
-76.1059
-75.8897
-75.6598
-75.4143
-75.1511
-74.8674
-74.5596
-74.2234
-73.8532
-73.4414
-72.9778
-72.4483
-71.8319
-71.0967
-70.1901
-69.0183
-67.3902
-64.8365
-59.7644
-42.5082
33.842
46.3313
19.43
-11.5112
-24.9015
-38.5401
-65.8406
-93.8253
-94.9424
-94.9694
-94.9473
-94.901
-94.8231
-94.7065
-94.5513
-94.3646
-94.1573
-93.94
-93.7205
-93.504
-93.2935
-93.0905
-92.8955
-92.7087
-92.5299
-92.359
-92.1956
-92.0393
-91.8899
-91.7469
-91.6101
-91.4793
-91.354
-91.2341
-91.1193
-91.0094
-90.9041
-90.8032
-90.7065
-90.6139
-90.5251
-90.44
-90.3583
-90.2801
-90.205
-90.133
-90.0639
-89.9976
-89.9339
-89.8729
-89.8142
-89.7579
-89.7038
-89.6519
-89.602
-89.554
-89.5079
-89.4636
-89.421
-89.3801
-89.3407
-89.3027
-89.2662
-89.2311
-89.1973
-89.1647
-89.1333
-89.103
-89.0738
-89.0457
-89.0185
-88.9923
-88.967
-88.9426
-88.9189
-88.8961
-88.874
-88.8526
-88.8319
-88.8118
-88.7923
-88.7734
-88.7551
-88.7373
-88.72
-88.7032
-88.6868
-88.6708
-88.6553
-88.6401
-88.6253
-88.6108
-88.5967
-88.5828
-88.5693
-88.556
-88.5429
-88.5301
-88.5175
-88.5052
-88.493
-88.481
-88.4691
-88.4574
-88.4459
-88.4344
-88.4231
-88.4119
-88.4008
-88.3898
-88.3789
-88.368
-88.3572
-88.3465
-88.3358
-88.3251
-88.3144
-88.3038
-88.2932
-88.2826
-88.272
-88.2614
-88.2508
-88.2402
-88.2296
-88.2189
-88.2082
-88.1975
-88.1867
-88.1759
-88.165
-88.1541
-88.1431
-88.1321
-88.121
-88.1099
-88.0987
-88.0874
-88.076
-88.0646
-88.053
-88.0414
-88.0298
-88.018
-88.0061
-87.9942
-87.9821
-87.97
-87.9578
-87.9454
-87.933
-87.9205
-87.9079
-87.8951
-87.8823
-87.8693
-87.8563
-87.8431
-87.8299
-87.8165
-87.803
-87.7894
-87.7757
-87.7618
-87.7479
-87.7339
-87.7197
-87.7054
-87.691
-87.6765
-87.6619
-87.6471
-87.6322
-87.6173
-87.6022
-87.5869
-87.5716
-87.5561
-87.5405
-87.5248
-87.509
-87.4931
-87.477
-87.4609
-87.4446
-87.4281
-87.4116
-87.3949
-87.3782
-87.3613
-87.3442
-87.3271
-87.3098
-87.2925
-87.275
-87.2573
-87.2396
-87.2217
-87.2038
-87.1857
-87.1675
-87.1491
-87.1307
-87.1121
-87.0934
-87.0746
-87.0556
-87.0366
-87.0174
-86.9981
-86.9787
-86.9592
-86.9395
-86.9198
-86.8999
-86.8799
-86.8598
-86.8396
-86.8192
-86.7987
-86.7781
-86.7574
-86.7366
-86.7157
-86.6946
-86.6735
-86.6522
-86.6308
-86.6092
-86.5876
-86.5658
-86.544
-86.522
-86.4999
-86.4776
-86.4553
-86.4328
-86.4103
-86.3876
-86.3647
-86.3418
-86.3188
-86.2956
-86.2723
-86.2489
-86.2254
-86.2018
-86.1781
-86.1542
-86.1302
-86.1061
-86.0819
-86.0575
-86.0331
-86.0085
-85.9838
-85.959
-85.9341
-85.909
-85.8838
-85.8585
-85.8331
-85.8076
-85.7819
-85.7561
-85.7302
-85.7042
-85.6781
-85.6518
-85.6254
-85.5989
-85.5722
-85.5455
-85.5186
-85.4915
-85.4644
-85.4371
-85.4097
-85.3822
-85.3545
-85.3267
-85.2988
-85.2707
-85.2425
-85.2142
-85.1857
-85.1571
-85.1284
-85.0995
-85.0705
-85.0414
-85.0121
-84.9827
-84.9531
-84.9234
-84.8936
-84.8636
-84.8334
-84.8031
-84.7727
-84.7421
-84.7114
-84.6805
-84.6494
-84.6182
-84.5869
-84.5554
-84.5237
-84.4919
-84.4599
-84.4277
-84.3954
-84.3629
-84.3302
-84.2974
-84.2644
-84.2312
-84.1978
-84.1643
-84.1305
-84.0966
-84.0625
-84.0283
-83.9938
-83.9591
-83.9243
-83.8892
-83.8539
-83.8185
-83.7828
-83.7469
-83.7108
-83.6745
-83.638
-83.6012
-83.5643
-83.5271
-83.4896
-83.452
-83.414
-83.3759
-83.3375
-83.2988
-83.2599
-83.2208
-83.1813
-83.1416
-83.1017
-83.0614
-83.0209
-82.98
-82.9389
-82.8975
-82.8558
-82.8137
-82.7714
-82.7287
-82.6857
-82.6424
-82.5987
-82.5546
-82.5102
-82.4655
-82.4203
-82.3748
-82.3289
-82.2826
-82.2359
-82.1887
-82.1412
-82.0931
-82.0447
-81.9958
-81.9464
-81.8965
-81.8462
-81.7953
-81.7439
-81.692
-81.6395
-81.5865
-81.5328
-81.4786
-81.4238
-81.3683
-81.3122
-81.2554
-81.1979
-81.1398
-81.0808
-81.0212
-80.9607
-80.8995
-80.8374
-80.7744
-80.7106
-80.6458
-80.5801
-80.5134
-80.4456
-80.3768
-80.3069
-80.2359
-80.1636
-80.0901
-80.0154
-79.9392
-79.8617
-79.7827
-79.7022
-79.62
-79.5362
-79.4507
-79.3633
-79.2739
-79.1825
-79.089
-78.9932
-78.8951
-78.7944
-78.6911
-78.5849
-78.4758
-78.3635
-78.2478
-78.1284
-78.0052
-77.8778
-77.746
-77.6094
-77.4675
-77.3201
-77.1665
-77.0063
-76.8388
-76.6632
-76.4788
-76.2846
-76.0795
-75.8621
-75.6308
-75.3838
-75.1188
-74.8329
-74.5226
-74.1834
-73.8095
-73.3931
-72.9238
-72.3867
-71.7603
-71.0108
-70.0829
-68.8765
-67.1845
-64.4862
-58.9332
-38.5657
38.9934
45.1492
15.7885
-11.4032
-24.6538
-38.3381
-65.3939
-93.8305
-94.9495
-94.9703
-94.9467
-94.8992
-94.8194
-94.7003
-94.5423
-94.3531
-94.144
-93.9255
-93.7054
-93.4887
-93.2784
-93.0758
-92.8814
-92.6954
-92.5175
-92.3474
-92.1848
-92.0294
-91.8809
-91.7388
-91.6029
-91.4729
-91.3484
-91.2293
-91.1153
-91.0061
-90.9016
-90.8014
-90.7054
-90.6134
-90.5253
-90.4408
-90.3598
-90.2821
-90.2076
-90.1362
-90.0676
-90.0018
-89.9387
-89.8781
-89.8199
-89.7641
-89.7105
-89.6589
-89.6095
-89.5619
-89.5162
-89.4723
-89.4301
-89.3894
-89.3504
-89.3128
-89.2766
-89.2418
-89.2083
-89.176
-89.1449
-89.1149
-89.086
-89.0581
-89.0312
-89.0052
-88.9802
-88.956
-88.9326
-88.9099
-88.888
-88.8668
-88.8463
-88.8264
-88.8072
-88.7885
-88.7703
-88.7527
-88.7355
-88.7189
-88.7027
-88.6869
-88.6714
-88.6564
-88.6418
-88.6274
-88.6134
-88.5997
-88.5863
-88.5731
-88.5602
-88.5475
-88.535
-88.5227
-88.5106
-88.4987
-88.487
-88.4754
-88.4639
-88.4526
-88.4414
-88.4303
-88.4192
-88.4083
-88.3975
-88.3867
-88.3759
-88.3652
-88.3546
-88.344
-88.3334
-88.3229
-88.3123
-88.3018
-88.2913
-88.2807
-88.2702
-88.2596
-88.249
-88.2384
-88.2277
-88.2171
-88.2063
-88.1956
-88.1848
-88.1739
-88.163
-88.152
-88.1409
-88.1298
-88.1186
-88.1074
-88.0961
-88.0847
-88.0732
-88.0616
-88.05
-88.0382
-88.0264
-88.0145
-88.0025
-87.9904
-87.9782
-87.9659
-87.9535
-87.941
-87.9283
-87.9156
-87.9028
-87.8899
-87.8769
-87.8638
-87.8505
-87.8372
-87.8237
-87.8101
-87.7964
-87.7826
-87.7687
-87.7547
-87.7405
-87.7263
-87.7119
-87.6974
-87.6828
-87.6681
-87.6532
-87.6383
-87.6232
-87.608
-87.5927
-87.5772
-87.5617
-87.546
-87.5302
-87.5143
-87.4983
-87.4821
-87.4658
-87.4494
-87.4329
-87.4163
-87.3995
-87.3827
-87.3657
-87.3486
-87.3313
-87.314
-87.2965
-87.2789
-87.2612
-87.2433
-87.2254
-87.2073
-87.1891
-87.1708
-87.1524
-87.1338
-87.1152
-87.0964
-87.0775
-87.0585
-87.0393
-87.0201
-87.0007
-86.9812
-86.9616
-86.9418
-86.922
-86.902
-86.8819
-86.8617
-86.8414
-86.821
-86.8004
-86.7798
-86.759
-86.7381
-86.717
-86.6959
-86.6747
-86.6533
-86.6318
-86.6102
-86.5885
-86.5666
-86.5447
-86.5226
-86.5004
-86.4781
-86.4557
-86.4332
-86.4105
-86.3878
-86.3649
-86.3419
-86.3188
-86.2955
-86.2722
-86.2487
-86.2251
-86.2014
-86.1776
-86.1537
-86.1296
-86.1055
-86.0812
-86.0568
-86.0323
-86.0076
-85.9829
-85.958
-85.933
-85.9079
-85.8826
-85.8573
-85.8318
-85.8062
-85.7805
-85.7546
-85.7287
-85.7026
-85.6764
-85.6501
-85.6236
-85.597
-85.5703
-85.5435
-85.5165
-85.4895
-85.4623
-85.4349
-85.4075
-85.3799
-85.3522
-85.3243
-85.2963
-85.2682
-85.24
-85.2116
-85.1831
-85.1545
-85.1257
-85.0968
-85.0677
-85.0385
-85.0092
-84.9797
-84.9501
-84.9203
-84.8904
-84.8604
-84.8302
-84.7999
-84.7694
-84.7388
-84.708
-84.6771
-84.646
-84.6147
-84.5833
-84.5518
-84.52
-84.4882
-84.4561
-84.4239
-84.3916
-84.359
-84.3263
-84.2934
-84.2604
-84.2272
-84.1938
-84.1602
-84.1264
-84.0925
-84.0583
-84.024
-83.9895
-83.9548
-83.9199
-83.8848
-83.8495
-83.814
-83.7783
-83.7423
-83.7062
-83.6699
-83.6333
-83.5965
-83.5595
-83.5223
-83.4848
-83.4471
-83.4091
-83.3709
-83.3325
-83.2938
-83.2549
-83.2157
-83.1762
-83.1364
-83.0964
-83.0561
-83.0156
-82.9747
-82.9335
-82.8921
-82.8503
-82.8082
-82.7658
-82.7231
-82.6801
-82.6367
-82.5929
-82.5489
-82.5044
-82.4596
-82.4144
-82.3689
-82.3229
-82.2766
-82.2298
-82.1826
-82.135
-82.0869
-82.0384
-81.9895
-81.94
-81.8901
-81.8397
-81.7888
-81.7373
-81.6853
-81.6328
-81.5797
-81.526
-81.4717
-81.4168
-81.3613
-81.3051
-81.2483
-81.1907
-81.1325
-81.0735
-81.0137
-80.9532
-80.8918
-80.8297
-80.7666
-80.7027
-80.6378
-80.572
-80.5052
-80.4374
-80.3684
-80.2984
-80.2273
-80.1549
-80.0813
-80.0064
-79.9301
-79.8524
-79.7733
-79.6926
-79.6103
-79.5263
-79.4406
-79.353
-79.2634
-79.1718
-79.0781
-78.9821
-78.8837
-78.7828
-78.6792
-78.5727
-78.4633
-78.3506
-78.2345
-78.1148
-77.9912
-77.8634
-77.7311
-77.5939
-77.4515
-77.3035
-77.1493
-76.9883
-76.82
-76.6436
-76.4582
-76.2629
-76.0566
-75.8378
-75.6051
-75.3563
-75.0893
-74.801
-74.488
-74.1454
-73.7674
-73.3461
-72.8705
-72.3253
-71.6877
-70.9227
-69.9716
-68.727
-66.9636
-64.0983
-57.9584
-33.5944
41.6763
44.4596
13.8123
-11.4011
-24.5797
-38.2823
-65.2701
-93.8296
-94.9524
-94.9706
-94.9458
-94.897
-94.815
-94.693
-94.5316
-94.3394
-94.128
-93.908
-93.6872
-93.4703
-93.26
-93.0576
-92.8636
-92.678
-92.5005
-92.3309
-92.1689
-92.014
-91.8659
-91.7243
-91.5888
-91.4592
-91.3352
-91.2166
-91.1029
-90.9941
-90.8899
-90.7901
-90.6945
-90.6029
-90.515
-90.4308
-90.3501
-90.2727
-90.1985
-90.1273
-90.059
-89.9935
-89.9306
-89.8702
-89.8123
-89.7567
-89.7032
-89.6519
-89.6026
-89.5553
-89.5098
-89.466
-89.424
-89.3835
-89.3446
-89.3072
-89.2712
-89.2365
-89.2031
-89.171
-89.14
-89.1101
-89.0813
-89.0536
-89.0268
-89.0009
-88.976
-88.9519
-88.9286
-88.906
-88.8843
-88.8632
-88.8427
-88.8229
-88.8038
-88.7852
-88.7671
-88.7495
-88.7325
-88.7159
-88.6998
-88.684
-88.6687
-88.6537
-88.6391
-88.6249
-88.6109
-88.5973
-88.5839
-88.5708
-88.5579
-88.5453
-88.5329
-88.5207
-88.5087
-88.4968
-88.4851
-88.4736
-88.4622
-88.4509
-88.4397
-88.4286
-88.4177
-88.4068
-88.396
-88.3852
-88.3746
-88.3639
-88.3533
-88.3428
-88.3322
-88.3217
-88.3112
-88.3007
-88.2902
-88.2797
-88.2692
-88.2587
-88.2481
-88.2376
-88.227
-88.2163
-88.2056
-88.1949
-88.1841
-88.1733
-88.1624
-88.1514
-88.1404
-88.1294
-88.1182
-88.107
-88.0957
-88.0843
-88.0729
-88.0613
-88.0497
-88.038
-88.0262
-88.0143
-88.0024
-87.9903
-87.9781
-87.9658
-87.9535
-87.941
-87.9284
-87.9158
-87.903
-87.8901
-87.8771
-87.864
-87.8508
-87.8374
-87.824
-87.8105
-87.7968
-87.783
-87.7692
-87.7552
-87.741
-87.7268
-87.7125
-87.698
-87.6834
-87.6687
-87.6539
-87.639
-87.6239
-87.6087
-87.5935
-87.578
-87.5625
-87.5469
-87.5311
-87.5152
-87.4992
-87.4831
-87.4668
-87.4505
-87.434
-87.4174
-87.4007
-87.3838
-87.3668
-87.3498
-87.3325
-87.3152
-87.2978
-87.2802
-87.2625
-87.2447
-87.2268
-87.2088
-87.1906
-87.1723
-87.1539
-87.1354
-87.1168
-87.098
-87.0791
-87.0601
-87.041
-87.0218
-87.0024
-86.983
-86.9634
-86.9437
-86.9239
-86.9039
-86.8839
-86.8637
-86.8434
-86.823
-86.8025
-86.7818
-86.7611
-86.7402
-86.7192
-86.6981
-86.6769
-86.6556
-86.6341
-86.6125
-86.5909
-86.5691
-86.5471
-86.5251
-86.503
-86.4807
-86.4583
-86.4358
-86.4132
-86.3905
-86.3676
-86.3446
-86.3216
-86.2984
-86.2751
-86.2516
-86.2281
-86.2044
-86.1806
-86.1567
-86.1327
-86.1086
-86.0843
-86.06
-86.0355
-86.0109
-85.9862
-85.9613
-85.9364
-85.9113
-85.8861
-85.8608
-85.8353
-85.8098
-85.7841
-85.7583
-85.7324
-85.7064
-85.6802
-85.6539
-85.6275
-85.601
-85.5743
-85.5475
-85.5206
-85.4936
-85.4664
-85.4391
-85.4117
-85.3842
-85.3565
-85.3287
-85.3008
-85.2727
-85.2445
-85.2162
-85.1877
-85.1591
-85.1304
-85.1015
-85.0725
-85.0434
-85.0141
-84.9847
-84.9551
-84.9254
-84.8956
-84.8656
-84.8355
-84.8052
-84.7748
-84.7442
-84.7135
-84.6826
-84.6515
-84.6204
-84.589
-84.5575
-84.5259
-84.4941
-84.4621
-84.4299
-84.3976
-84.3652
-84.3325
-84.2997
-84.2667
-84.2336
-84.2002
-84.1667
-84.133
-84.0991
-84.0651
-84.0308
-83.9964
-83.9618
-83.9269
-83.8919
-83.8567
-83.8213
-83.7856
-83.7498
-83.7137
-83.6775
-83.641
-83.6043
-83.5674
-83.5302
-83.4928
-83.4552
-83.4173
-83.3792
-83.3409
-83.3023
-83.2634
-83.2243
-83.185
-83.1453
-83.1054
-83.0652
-83.0248
-82.984
-82.9429
-82.9016
-82.8599
-82.818
-82.7757
-82.7331
-82.6902
-82.6469
-82.6033
-82.5594
-82.515
-82.4704
-82.4253
-82.3799
-82.3341
-82.2879
-82.2413
-82.1942
-82.1468
-82.0989
-82.0505
-82.0017
-81.9524
-81.9027
-81.8525
-81.8017
-81.7504
-81.6986
-81.6463
-81.5934
-81.5399
-81.4858
-81.4312
-81.3758
-81.3199
-81.2633
-81.206
-81.148
-81.0892
-81.0297
-80.9695
-80.9084
-80.8465
-80.7837
-80.7201
-80.6556
-80.5901
-80.5236
-80.4561
-80.3875
-80.3179
-80.2471
-80.1751
-80.1019
-80.0275
-79.9516
-79.8744
-79.7958
-79.7156
-79.6338
-79.5504
-79.4652
-79.3782
-79.2893
-79.1984
-79.1054
-79.0101
-78.9125
-78.8124
-78.7096
-78.6041
-78.4956
-78.384
-78.269
-78.1504
-78.0281
-77.9016
-77.7707
-77.6351
-77.4944
-77.3482
-77.1959
-77.0371
-76.8711
-76.6973
-76.5148
-76.3227
-76.1199
-75.9051
-75.6768
-75.4332
-75.172
-74.8906
-74.5856
-74.2526
-73.8862
-73.4791
-73.0214
-72.4994
-71.8929
-71.1716
-70.2856
-69.1464
-67.5775
-65.1548
-60.4973
-45.7778
26.1282
47.9733
25.8284
-10.9902
-24.3452
-38.114
-64.7108
-93.5206
-94.9215
-94.968
-94.9483
-94.9034
-94.8274
-94.7131
-94.56
-94.3749
-94.1687
-93.9516
-93.7318
-93.5146
-93.303
-93.0986
-92.9021
-92.7138
-92.5335
-92.361
-92.196
-92.0382
-91.8873
-91.743
-91.6048
-91.4727
-91.3462
-91.2251
-91.1092
-90.9982
-90.8918
-90.79
-90.6924
-90.599
-90.5094
-90.4235
-90.3412
-90.2622
-90.1865
-90.114
-90.0443
-89.9775
-89.9134
-89.8519
-89.7929
-89.7362
-89.6818
-89.6296
-89.5794
-89.5312
-89.4848
-89.4403
-89.3976
-89.3564
-89.3169
-89.2788
-89.2423
-89.207
-89.1731
-89.1405
-89.1091
-89.0788
-89.0496
-89.0215
-88.9944
-88.9682
-88.9429
-88.9185
-88.895
-88.8722
-88.8502
-88.8289
-88.8083
-88.7883
-88.769
-88.7503
-88.7321
-88.7144
-88.6973
-88.6806
-88.6644
-88.6486
-88.6333
-88.6183
-88.6037
-88.5894
-88.5755
-88.5618
-88.5485
-88.5354
-88.5226
-88.51
-88.4976
-88.4855
-88.4735
-88.4618
-88.4501
-88.4387
-88.4274
-88.4162
-88.4052
-88.3942
-88.3834
-88.3726
-88.3619
-88.3513
-88.3408
-88.3303
-88.3198
-88.3094
-88.299
-88.2887
-88.2783
-88.268
-88.2577
-88.2473
-88.237
-88.2266
-88.2163
-88.2059
-88.1954
-88.185
-88.1745
-88.1639
-88.1533
-88.1427
-88.132
-88.1212
-88.1104
-88.0995
-88.0886
-88.0775
-88.0664
-88.0553
-88.044
-88.0327
-88.0213
-88.0097
-87.9982
-87.9865
-87.9747
-87.9628
-87.9508
-87.9388
-87.9266
-87.9143
-87.902
-87.8895
-87.8769
-87.8642
-87.8514
-87.8385
-87.8255
-87.8124
-87.7992
-87.7858
-87.7723
-87.7588
-87.7451
-87.7313
-87.7174
-87.7033
-87.6892
-87.6749
-87.6605
-87.646
-87.6314
-87.6167
-87.6018
-87.5868
-87.5717
-87.5565
-87.5412
-87.5257
-87.5101
-87.4944
-87.4786
-87.4627
-87.4466
-87.4305
-87.4142
-87.3977
-87.3812
-87.3645
-87.3477
-87.3308
-87.3138
-87.2967
-87.2794
-87.262
-87.2445
-87.2269
-87.2091
-87.1913
-87.1733
-87.1552
-87.137
-87.1186
-87.1002
-87.0816
-87.0629
-87.0441
-87.0251
-87.006
-86.9869
-86.9676
-86.9482
-86.9286
-86.909
-86.8892
-86.8693
-86.8493
-86.8292
-86.8089
-86.7886
-86.7681
-86.7475
-86.7268
-86.706
-86.685
-86.664
-86.6428
-86.6215
-86.6001
-86.5786
-86.5569
-86.5351
-86.5133
-86.4913
-86.4692
-86.4469
-86.4246
-86.4021
-86.3795
-86.3568
-86.334
-86.3111
-86.2881
-86.2649
-86.2416
-86.2182
-86.1947
-86.1711
-86.1473
-86.1235
-86.0995
-86.0754
-86.0511
-86.0268
-86.0024
-85.9778
-85.9531
-85.9283
-85.9033
-85.8783
-85.8531
-85.8278
-85.8024
-85.7769
-85.7512
-85.7254
-85.6995
-85.6735
-85.6474
-85.6211
-85.5947
-85.5682
-85.5415
-85.5148
-85.4879
-85.4608
-85.4337
-85.4064
-85.379
-85.3515
-85.3238
-85.296
-85.2681
-85.24
-85.2119
-85.1835
-85.1551
-85.1265
-85.0978
-85.0689
-85.0399
-85.0107
-84.9815
-84.952
-84.9225
-84.8928
-84.8629
-84.8329
-84.8028
-84.7725
-84.7421
-84.7115
-84.6807
-84.6499
-84.6188
-84.5876
-84.5562
-84.5247
-84.4931
-84.4612
-84.4292
-84.3971
-84.3647
-84.3322
-84.2996
-84.2667
-84.2337
-84.2005
-84.1671
-84.1336
-84.0998
-84.0659
-84.0318
-83.9975
-83.9631
-83.9284
-83.8935
-83.8584
-83.8231
-83.7877
-83.752
-83.7161
-83.68
-83.6436
-83.6071
-83.5703
-83.5333
-83.4961
-83.4586
-83.4209
-83.383
-83.3448
-83.3064
-83.2677
-83.2288
-83.1895
-83.1501
-83.1103
-83.0703
-83.03
-82.9894
-82.9486
-82.9074
-82.8659
-82.8241
-82.7821
-82.7396
-82.6969
-82.6538
-82.6104
-82.5667
-82.5225
-82.4781
-82.4332
-82.388
-82.3424
-82.2964
-82.25
-82.2032
-82.1559
-82.1083
-82.0601
-82.0116
-81.9625
-81.913
-81.863
-81.8125
-81.7615
-81.71
-81.6579
-81.6053
-81.5521
-81.4983
-81.4439
-81.3888
-81.3332
-81.2769
-81.2199
-81.1622
-81.1038
-81.0446
-80.9847
-80.9239
-80.8624
-80.8
-80.7368
-80.6726
-80.6075
-80.5415
-80.4744
-80.4063
-80.3371
-80.2668
-80.1953
-80.1226
-80.0486
-79.9733
-79.8967
-79.8186
-79.739
-79.6579
-79.5751
-79.4906
-79.4043
-79.3161
-79.226
-79.1338
-79.0394
-78.9426
-78.8435
-78.7417
-78.6372
-78.5299
-78.4194
-78.3057
-78.1884
-78.0675
-77.9425
-77.8133
-77.6794
-77.5406
-77.3964
-77.2463
-77.0899
-76.9265
-76.7556
-76.5762
-76.3876
-76.1887
-75.9782
-75.7549
-75.5168
-75.2621
-74.988
-74.6916
-74.3688
-74.0147
-73.6226
-73.1837
-72.6856
-72.111
-71.4335
-70.6113
-69.5727
-68.1805
-66.1284
-62.5359
-53.4116
-8.12705
49.6565
44.5807
11.1631
-12.2366
-25.6689
-39.2818
-67.8246
-94.06
-94.956
-94.9668
-94.9372
-94.8803
-94.7862
-94.649
-94.4725
-94.268
-94.0483
-93.8239
-93.6016
-93.3853
-93.1768
-92.977
-92.7858
-92.6032
-92.4288
-92.2622
-92.1031
-91.9511
-91.8057
-91.6668
-91.534
-91.4069
-91.2854
-91.1691
-91.0578
-90.9513
-90.8494
-90.7517
-90.6583
-90.5688
-90.483
-90.4009
-90.3222
-90.2468
-90.1745
-90.1052
-90.0388
-89.9751
-89.9141
-89.8555
-89.7994
-89.7455
-89.6938
-89.6442
-89.5966
-89.5509
-89.507
-89.4648
-89.4243
-89.3854
-89.3481
-89.3121
-89.2776
-89.2444
-89.2125
-89.1817
-89.1522
-89.1237
-89.0963
-89.0698
-89.0444
-89.0198
-88.9962
-88.9733
-88.9513
-88.93
-88.9094
-88.8895
-88.8702
-88.8516
-88.8335
-88.8161
-88.7991
-88.7826
-88.7667
-88.7511
-88.736
-88.7213
-88.707
-88.6931
-88.6794
-88.6661
-88.6531
-88.6404
-88.628
-88.6158
-88.6038
-88.5921

