-70
-56.9322
21.9669
49.9814
49.7667
48.6538
45.5379
39.2098
29.1038
16.4811
4.47497
-5.61177
-14.5521
-23.0631
-29.9476
-36.9056
-50.9502
-82.6207
-94.4918
-94.9504
-94.9659
-94.9462
-94.9114
-94.8654
-94.814
-94.7633
-94.7179
-94.6796
-94.6484
-94.6233
-94.6032
-94.5869
-94.5735
-94.5624
-94.5529
-94.5447
-94.5374
-94.5309
-94.5249
-94.5193
-94.514
-94.509
-94.5041
-94.4994
-94.4948
-94.4902
-94.4857
-94.4812
-94.4768
-94.4723
-94.4679
-94.4634
-94.459
-94.4545
-94.4501
-94.4456
-94.441
-94.4365
-94.4319
-94.4274
-94.4227
-94.4181
-94.4134
-94.4087
-94.404
-94.3993
-94.3945
-94.3897
-94.3848
-94.3799
-94.375
-94.3701
-94.3651
-94.3601
-94.3551
-94.35
-94.3449
-94.3397
-94.3345
-94.3293
-94.324
-94.3187
-94.3134
-94.308
-94.3026
-94.2972
-94.2917
-94.2861
-94.2806
-94.275
-94.2693
-94.2636
-94.2579
-94.2521
-94.2463
-94.2404
-94.2345
-94.2285
-94.2225
-94.2165
-94.2104
-94.2043
-94.1981
-94.1918
-94.1856
-94.1792
-94.1729
-94.1665
-94.16
-94.1535
-94.1469
-94.1403
-94.1336
-94.1269
-94.1201
-94.1133
-94.1064
-94.0995
-94.0925
-94.0855
-94.0784
-94.0713
-94.0641
-94.0568
-94.0495
-94.0422
-94.0347
-94.0273
-94.0197
-94.0122
-94.0045
-93.9968
-93.989
-93.9812
-93.9733
-93.9654
-93.9574
-93.9493
-93.9412
-93.933
-93.9248
-93.9164
-93.9081
-93.8996
-93.8911
-93.8826
-93.8739
-93.8652
-93.8564
-93.8476
-93.8387
-93.8297
-93.8207
-93.8116
-93.8024
-93.7932
-93.7839
-93.7745
-93.765
-93.7555
-93.7459
-93.7362
-93.7265
-93.7167
-93.7068
-93.6968
-93.6868
-93.6767
-93.6665
-93.6562
-93.6459
-93.6354
-93.6249
-93.6144
-93.6037
-93.593
-93.5821
-93.5712
-93.5603
-93.5492
-93.538
-93.5268
-93.5155
-93.5041
-93.4926
-93.4811
-93.4694
-93.4577
-93.4459
-93.4339
-93.4219
-93.4098
-93.3977
-93.3854
-93.373
-93.3606
-93.348
-93.3354
-93.3227
-93.3099
-93.2969
-93.2839
-93.2708
-93.2576
-93.2443
-93.2309
-93.2174
-93.2038
-93.1901
-93.1764
-93.1625
-93.1485
-93.1344
-93.1202
-93.1059
-93.0915
-93.0769
-93.0623
-93.0476
-93.0328
-93.0178
-93.0028
-92.9876
-92.9723
-92.957
-92.9415
-92.9259
-92.9101
-92.8943
-92.8784
-92.8623
-92.8461
-92.8298
-92.8134
-92.7969
-92.7802
-92.7635
-92.7466
-92.7295
-92.7124
-92.6951
-92.6777
-92.6602
-92.6426
-92.6248
-92.6069
-92.5889
-92.5707
-92.5524
-92.534
-92.5155
-92.4968
-92.4779
-92.459
-92.4399
-92.4206
-92.4012
-92.3817
-92.362
-92.3422
-92.3223
-92.3022
-92.2819
-92.2615
-92.241
-92.2203
-92.1995
-92.1785
-92.1573
-92.136
-92.1145
-92.0929
-92.0711
-92.0492
-92.0271
-92.0048
-91.9824
-91.9598
-91.937
-91.9141
-91.8909
-91.8677
-91.8442
-91.8206
-91.7968
-91.7728
-91.7486
-91.7242
-91.6997
-91.675
-91.65
-91.6249
-91.5996
-91.5741
-91.5485
-91.5226
-91.4965
-91.4702
-91.4437
-91.417
-91.3901
-91.363
-91.3356
-91.3081
-91.2803
-91.2523
-91.2241
-91.1956
-91.167
-91.1381
-91.1089
-91.0795
-91.0499
-91.0201
-90.99
-90.9596
-90.929
-90.8981
-90.867
-90.8356
-90.8039
-90.772
-90.7398
-90.7073
-90.6745
-90.6415
-90.6081
-90.5745
-90.5405
-90.5063
-90.4717
-90.4368
-90.4016
-90.3661
-90.3302
-90.2941
-90.2575
-90.2206
-90.1834
-90.1458
-90.1079
-90.0695
-90.0308
-89.9917
-89.9522
-89.9123
-89.872
-89.8313
-89.7901
-89.7485
-89.7065
-89.664
-89.621
-89.5776
-89.5337
-89.4893
-89.4444
-89.399
-89.353
-89.3065
-89.2594
-89.2118
-89.1636
-89.1147
-89.0653
-89.0152
-88.9645
-88.9131
-88.861
-88.8083
-88.7548
-88.7005
-88.6455
-88.5897
-88.533
-88.4755
-88.4172
-88.3579
-88.2977
-88.2366
-88.1744
-88.1112
-88.047
-87.9816
-87.9151
-87.8474
-87.7784
-87.7081
-87.6365
-87.5635
-87.489
-87.413
-87.3353
-87.256
-87.1749
-87.092
-87.0071
-86.9202
-86.8311
-86.7398
-86.646
-86.5497
-86.4507
-86.3489
-86.244
-86.1359
-86.0243
-85.909
-85.7897
-85.6661
-85.5379
-85.4048
-85.2662
-85.1218
-84.9709
-84.8129
-84.6472
-84.4729
-84.289
-84.0944
-83.8878
-83.6676
-83.4318
-83.1781
-82.9036
-82.6046
-82.2763
-81.9127
-81.5055
-81.0433
-80.5099
-79.881
-79.1182
-78.1563
-76.8717
-74.9936
-71.7664
-63.9202
-21.4804
49.6979
49.9537
49.5732
48.1641
44.7521
38.3604
28.6134
16.6491
5.07505
-4.89835
-13.855
-22.4704
-29.722
-36.7983
-51.1464
-83.3851
-94.589
-94.9644
-94.9709
-94.951
-94.9179
-94.8743
-94.8258
-94.7786
-94.737
-94.7026
-94.6751
-94.6536
-94.6367
-94.6233
-94.6126
-94.6039
-94.5967
-94.5906
-94.5853
-94.5805
-94.5762
-94.5723
-94.5686
-94.565
-94.5616
-94.5583
-94.5551
-94.5519
-94.5487
-94.5455
-94.5423
-94.5392
-94.536
-94.5328
-94.5295
-94.5263
-94.523
-94.5197
-94.5164
-94.513
-94.5096
-94.5062
-94.5028
-94.4993
-94.4958
-94.4923
-94.4887
-94.4851
-94.4814
-94.4778
-94.4741
-94.4703
-94.4666
-94.4628
-94.4589
-94.4551
-94.4512
-94.4472
-94.4432
-94.4392
-94.4352
-94.4311
-94.427
-94.4229
-94.4187
-94.4144
-94.4102
-94.4059
-94.4016
-94.3972
-94.3928
-94.3883
-94.3839
-94.3793
-94.3748
-94.3702
-94.3655
-94.3609
-94.3562
-94.3514
-94.3466
-94.3418
-94.3369
-94.332
-94.327
-94.322
-94.317
-94.3119
-94.3068
-94.3016
-94.2964
-94.2912
-94.2859
-94.2805
-94.2752
-94.2697
-94.2643
-94.2588
-94.2532
-94.2476
-94.2419
-94.2363
-94.2305
-94.2247
-94.2189
-94.213
-94.2071
-94.2011
-94.1951
-94.189
-94.1829
-94.1767
-94.1705
-94.1642
-94.1579
-94.1515
-94.1451
-94.1387
-94.1321
-94.1256
-94.1189
-94.1123
-94.1055
-94.0987
-94.0919
-94.085
-94.0781
-94.0711
-94.064
-94.0569
-94.0498
-94.0425
-94.0353
-94.0279
-94.0205
-94.0131
-94.0056
-93.998
-93.9904
-93.9827
-93.975
-93.9672
-93.9593
-93.9514
-93.9435
-93.9354
-93.9273
-93.9191
-93.9109
-93.9026
-93.8943
-93.8859
-93.8774
-93.8688
-93.8602
-93.8516
-93.8428
-93.834
-93.8252
-93.8162
-93.8072
-93.7981
-93.789
-93.7798
-93.7705
-93.7612
-93.7517
-93.7423
-93.7327
-93.7231
-93.7134
-93.7036
-93.6937
-93.6838
-93.6738
-93.6638
-93.6536
-93.6434
-93.6331
-93.6227
-93.6123
-93.6018
-93.5912
-93.5805
-93.5697
-93.5589
-93.548
-93.537
-93.5259
-93.5147
-93.5035
-93.4922
-93.4808
-93.4693
-93.4577
-93.4461
-93.4343
-93.4225
-93.4106
-93.3986
-93.3865
-93.3743
-93.3621
-93.3497
-93.3373
-93.3248
-93.3121
-93.2994
-93.2866
-93.2737
-93.2608
-93.2477
-93.2345
-93.2212
-93.2079
-93.1944
-93.1809
-93.1672
-93.1535
-93.1396
-93.1257
-93.1116
-93.0975
-93.0832
-93.0689
-93.0545
-93.0399
-93.0253
-93.0105
-92.9956
-92.9807
-92.9656
-92.9504
-92.9351
-92.9197
-92.9042
-92.8886
-92.8729
-92.857
-92.8411
-92.825
-92.8088
-92.7926
-92.7762
-92.7596
-92.743
-92.7262
-92.7094
-92.6924
-92.6753
-92.658
-92.6407
-92.6232
-92.6056
-92.5879
-92.57
-92.552
-92.5339
-92.5157
-92.4973
-92.4788
-92.4602
-92.4415
-92.4226
-92.4036
-92.3844
-92.3651
-92.3457
-92.3261
-92.3064
-92.2866
-92.2666
-92.2464
-92.2262
-92.2057
-92.1852
-92.1645
-92.1436
-92.1226
-92.1014
-92.0801
-92.0587
-92.037
-92.0153
-91.9933
-91.9712
-91.949
-91.9266
-91.904
-91.8812
-91.8583
-91.8352
-91.812
-91.7886
-91.765
-91.7412
-91.7173
-91.6932
-91.6689
-91.6444
-91.6197
-91.5949
-91.5698
-91.5446
-91.5192
-91.4936
-91.4678
-91.4418
-91.4156
-91.3892
-91.3626
-91.3358
-91.3088
-91.2816
-91.2542
-91.2265
-91.1986
-91.1705
-91.1422
-91.1137
-91.0849
-91.0559
-91.0267
-90.9972
-90.9675
-90.9376
-90.9074
-90.8769
-90.8462
-90.8152
-90.784
-90.7525
-90.7208
-90.6887
-90.6564
-90.6238
-90.591
-90.5578
-90.5244
-90.4906
-90.4566
-90.4222
-90.3875
-90.3525
-90.3172
-90.2816
-90.2456
-90.2093
-90.1726
-90.1356
-90.0982
-90.0605
-90.0223
-89.9838
-89.9449
-89.9057
-89.866
-89.8259
-89.7854
-89.7444
-89.7031
-89.6612
-89.619
-89.5762
-89.533
-89.4893
-89.4451
-89.4003
-89.3551
-89.3093
-89.263
-89.2161
-89.1686
-89.1206
-89.0719
-89.0226
-88.9727
-88.9221
-88.8708
-88.8188
-88.7661
-88.7127
-88.6585
-88.6036
-88.5478
-88.4912
-88.4337
-88.3753
-88.316
-88.2558
-88.1945
-88.1323
-88.069
-88.0046
-87.939
-87.8723
-87.8043
-87.735
-87.6644
-87.5924
-87.519
-87.444
-87.3674
-87.2892
-87.2092
-87.1274
-87.0437
-86.9579
-86.8701
-86.7799
-86.6874
-86.5924
-86.4947
-86.3942
-86.2907
-86.184
-86.0739
-85.9601
-85.8424
-85.7204
-85.594
-85.4626
-85.3259
-85.1835
-85.0347
-84.879
-84.7157
-84.544
-84.3629
-84.1715
-83.9683
-83.7519
-83.5205
-83.2717
-83.0029
-82.7105
-82.3902
-82.0362
-81.6409
-81.1939
-80.6804
-80.0787
-79.3549
-78.4525
-77.2683
-75.5852
-72.8405
-66.917
-41.5262
48.6395
49.955
49.5959
48.2667
45.0428
38.9747
29.625
17.9198
6.3076
-3.78112
-12.8054
-21.4654
-29.0575
-35.7597
-48.7777
-79.579
-94.4242
-94.9567
-94.9715
-94.9536
-94.9218
-94.8786
-94.8292
-94.78
-94.7358
-94.6988
-94.6691
-94.6457
-94.6275
-94.6132
-94.602
-94.5929
-94.5856
-94.5795
-94.5744
-94.5699
-94.566
-94.5624
-94.5591
-94.556
-94.5531
-94.5502
-94.5475
-94.5447
-94.542
-94.5393
-94.5366
-94.5339
-94.5312
-94.5285
-94.5257
-94.5229
-94.5201
-94.5172
-94.5143
-94.5114
-94.5085
-94.5055
-94.5024
-94.4994
-94.4963
-94.4931
-94.4899
-94.4867
-94.4835
-94.4802
-94.4769
-94.4735
-94.4701
-94.4667
-94.4632
-94.4597
-94.4561
-94.4525
-94.4489
-94.4452
-94.4415
-94.4378
-94.434
-94.4302
-94.4263
-94.4224
-94.4185
-94.4145
-94.4105
-94.4064
-94.4024
-94.3982
-94.3941
-94.3898
-94.3856
-94.3813
-94.377
-94.3726
-94.3682
-94.3637
-94.3592
-94.3547
-94.3501
-94.3455
-94.3409
-94.3362
-94.3314
-94.3266
-94.3218
-94.317
-94.312
-94.3071
-94.3021
-94.2971
-94.292
-94.2869
-94.2817
-94.2765
-94.2712
-94.2659
-94.2606
-94.2552
-94.2497
-94.2443
-94.2387
-94.2331
-94.2275
-94.2219
-94.2161
-94.2104
-94.2046
-94.1987
-94.1928
-94.1869
-94.1809
-94.1748
-94.1687
-94.1626
-94.1564
-94.1501
-94.1438
-94.1375
-94.1311
-94.1246
-94.1181
-94.1116
-94.105
-94.0983
-94.0916
-94.0849
-94.0781
-94.0712
-94.0643
-94.0573
-94.0503
-94.0432
-94.0361
-94.0289
-94.0216
-94.0143
-94.007
-93.9995
-93.9921
-93.9845
-93.977
-93.9693
-93.9616
-93.9539
-93.946
-93.9381
-93.9302
-93.9222
-93.9142
-93.906
-93.8978
-93.8896
-93.8813
-93.8729
-93.8645
-93.856
-93.8475
-93.8388
-93.8302
-93.8214
-93.8126
-93.8037
-93.7948
-93.7858
-93.7767
-93.7676
-93.7583
-93.7491
-93.7397
-93.7303
-93.7208
-93.7113
-93.7017
-93.692
-93.6822
-93.6724
-93.6625
-93.6525
-93.6425
-93.6323
-93.6221
-93.6119
-93.6015
-93.5911
-93.5806
-93.5701
-93.5594
-93.5487
-93.5379
-93.5271
-93.5161
-93.5051
-93.494
-93.4828
-93.4716
-93.4602
-93.4488
-93.4373
-93.4257
-93.414
-93.4023
-93.3905
-93.3786
-93.3666
-93.3545
-93.3423
-93.3301
-93.3177
-93.3053
-93.2928
-93.2802
-93.2676
-93.2548
-93.2419
-93.229
-93.2159
-93.2028
-93.1896
-93.1763
-93.1629
-93.1494
-93.1358
-93.1221
-93.1084
-93.0945
-93.0805
-93.0665
-93.0523
-93.0381
-93.0237
-93.0093
-92.9947
-92.9801
-92.9653
-92.9505
-92.9355
-92.9205
-92.9053
-92.8901
-92.8747
-92.8593
-92.8437
-92.828
-92.8122
-92.7964
-92.7804
-92.7643
-92.7481
-92.7317
-92.7153
-92.6988
-92.6821
-92.6653
-92.6484
-92.6314
-92.6143
-92.5971
-92.5798
-92.5623
-92.5447
-92.527
-92.5092
-92.4913
-92.4732
-92.455
-92.4367
-92.4183
-92.3997
-92.3811
-92.3623
-92.3433
-92.3243
-92.3051
-92.2857
-92.2663
-92.2467
-92.227
-92.2071
-92.1871
-92.167
-92.1468
-92.1263
-92.1058
-92.0851
-92.0643
-92.0433
-92.0222
-92.001
-91.9796
-91.958
-91.9363
-91.9145
-91.8925
-91.8703
-91.848
-91.8255
-91.8029
-91.7802
-91.7572
-91.7341
-91.7108
-91.6874
-91.6638
-91.6401
-91.6161
-91.592
-91.5678
-91.5433
-91.5187
-91.4939
-91.4689
-91.4438
-91.4184
-91.3929
-91.3672
-91.3413
-91.3152
-91.2889
-91.2624
-91.2358
-91.2089
-91.1818
-91.1545
-91.127
-91.0993
-91.0714
-91.0433
-91.015
-90.9864
-90.9576
-90.9286
-90.8994
-90.8699
-90.8402
-90.8103
-90.7801
-90.7497
-90.719
-90.6881
-90.6569
-90.6255
-90.5938
-90.5618
-90.5296
-90.4971
-90.4643
-90.4313
-90.3979
-90.3643
-90.3304
-90.2961
-90.2616
-90.2267
-90.1916
-90.1561
-90.1203
-90.0841
-90.0476
-90.0108
-89.9736
-89.9361
-89.8981
-89.8599
-89.8212
-89.7821
-89.7427
-89.7028
-89.6626
-89.6219
-89.5808
-89.5392
-89.4972
-89.4548
-89.4118
-89.3684
-89.3245
-89.2801
-89.2351
-89.1897
-89.1437
-89.0971
-89.05
-89.0023
-88.9539
-88.905
-88.8554
-88.8052
-88.7543
-88.7027
-88.6504
-88.5973
-88.5435
-88.4889
-88.4335
-88.3773
-88.3202
-88.2622
-88.2033
-88.1435
-88.0826
-88.0208
-87.9578
-87.8938
-87.8286
-87.7622
-87.6946
-87.6257
-87.5555
-87.4838
-87.4107
-87.336
-87.2597
-87.1818
-87.1021
-87.0205
-86.937
-86.8514
-86.7636
-86.6736
-86.5812
-86.4862
-86.3885
-86.2879
-86.1842
-86.0773
-85.9668
-85.8526
-85.7344
-85.6119
-85.4847
-85.3524
-85.2146
-85.0709
-84.9206
-84.7631
-84.5977
-84.4236
-84.2396
-84.0448
-83.8377
-83.6166
-83.3795
-83.124
-82.847
-82.5448
-82.2123
-81.8431
-81.4285
-80.9563
-80.4093
-79.7611
-78.9696
-77.9623
-76.5983
-74.5567
-70.8821
-60.8513
0.781857
49.985
49.9475
49.4953
47.8697
44.0114
36.9255
26.42
14.0945
2.71714
-7.01539
-15.8444
-24.3169
-30.7891
-38.526
-55.2662
-87.9906
-94.7349
-94.9667
-94.9661
-94.9424
-94.9051
-94.8578
-94.8067
-94.7581
-94.7159
-94.6814
-94.6542
-94.633
-94.6166
-94.6039
-94.5939
-94.586
-94.5796
-94.5743
-94.5698
-94.566
-94.5626
-94.5595
-94.5567
-94.5541
-94.5516
-94.5491
-94.5468
-94.5444
-94.5421
-94.5397
-94.5374
-94.535
-94.5326
-94.5302
-94.5277
-94.5253
-94.5227
-94.5202
-94.5176
-94.5149
-94.5122
-94.5095
-94.5068
-94.504
-94.5011
-94.4982
-94.4953
-94.4923
-94.4893
-94.4863
-94.4832
-94.4801
-94.4769
-94.4737
-94.4705
-94.4672
-94.4638
-94.4605
-94.4571
-94.4536
-94.4501
-94.4466
-94.443
-94.4394
-94.4357
-94.4321
-94.4283
-94.4245
-94.4207
-94.4169
-94.413
-94.409
-94.4051
-94.4011
-94.397
-94.3929
-94.3888
-94.3846
-94.3804
-94.3761
-94.3718
-94.3674
-94.3631
-94.3586
-94.3542
-94.3497
-94.3451
-94.3405
-94.3359
-94.3312
-94.3265
-94.3217
-94.3169
-94.312
-94.3071
-94.3022
-94.2972
-94.2922
-94.2871
-94.282
-94.2768
-94.2716
-94.2664
-94.2611
-94.2558
-94.2504
-94.245
-94.2395
-94.234
-94.2284
-94.2228
-94.2171
-94.2114
-94.2057
-94.1999
-94.194
-94.1881
-94.1822
-94.1762
-94.1702
-94.1641
-94.158
-94.1518
-94.1455
-94.1393
-94.1329
-94.1265
-94.1201
-94.1136
-94.1071
-94.1005
-94.0939
-94.0872
-94.0804
-94.0737
-94.0668
-94.0599
-94.053
-94.046
-94.0389
-94.0318
-94.0246
-94.0174
-94.0101
-94.0028
-93.9954
-93.988
-93.9805
-93.9729
-93.9653
-93.9577
-93.95
-93.9422
-93.9343
-93.9264
-93.9185
-93.9105
-93.9024
-93.8943
-93.8861
-93.8778
-93.8695
-93.8611
-93.8527
-93.8442
-93.8357
-93.827
-93.8184
-93.8096
-93.8008
-93.792
-93.783
-93.774
-93.765
-93.7558
-93.7466
-93.7374
-93.7281
-93.7187
-93.7092
-93.6997
-93.6901
-93.6805
-93.6707
-93.6609
-93.6511
-93.6411
-93.6311
-93.6211
-93.6109
-93.6007
-93.5904
-93.5801
-93.5696
-93.5591
-93.5486
-93.5379
-93.5272
-93.5164
-93.5056
-93.4946
-93.4836
-93.4725
-93.4613
-93.4501
-93.4388
-93.4274
-93.4159
-93.4043
-93.3927
-93.381
-93.3692
-93.3573
-93.3454
-93.3334
-93.3213
-93.3091
-93.2968
-93.2844
-93.272
-93.2595
-93.2469
-93.2342
-93.2214
-93.2086
-93.1956
-93.1826
-93.1695
-93.1563
-93.143
-93.1296
-93.1161
-93.1026
-93.0889
-93.0752
-93.0614
-93.0475
-93.0335
-93.0194
-93.0052
-92.9909
-92.9765
-92.962
-92.9475
-92.9328
-92.9181
-92.9032
-92.8883
-92.8732
-92.8581
-92.8428
-92.8275
-92.8121
-92.7965
-92.7809
-92.7651
-92.7493
-92.7334
-92.7173
-92.7012
-92.6849
-92.6686
-92.6521
-92.6355
-92.6188
-92.6021
-92.5852
-92.5682
-92.5511
-92.5339
-92.5165
-92.4991
-92.4815
-92.4639
-92.4461
-92.4282
-92.4102
-92.3921
-92.3738
-92.3555
-92.337
-92.3184
-92.2997
-92.2809
-92.2619
-92.2428
-92.2236
-92.2043
-92.1849
-92.1653
-92.1456
-92.1258
-92.1058
-92.0857
-92.0655
-92.0452
-92.0247
-92.0041
-91.9834
-91.9625
-91.9415
-91.9203
-91.899
-91.8776
-91.856
-91.8343
-91.8125
-91.7905
-91.7684
-91.7461
-91.7236
-91.7011
-91.6783
-91.6554
-91.6324
-91.6092
-91.5859
-91.5624
-91.5387
-91.5149
-91.4909
-91.4667
-91.4424
-91.418
-91.3933
-91.3685
-91.3435
-91.3184
-91.293
-91.2675
-91.2418
-91.216
-91.1899
-91.1637
-91.1372
-91.1106
-91.0838
-91.0568
-91.0297
-91.0023
-90.9747
-90.9469
-90.9189
-90.8907
-90.8623
-90.8337
-90.8049
-90.7758
-90.7465
-90.717
-90.6873
-90.6574
-90.6272
-90.5968
-90.5661
-90.5352
-90.504
-90.4726
-90.441
-90.4091
-90.3769
-90.3445
-90.3118
-90.2788
-90.2455
-90.212
-90.1781
-90.144
-90.1096
-90.0748
-90.0398
-90.0045
-89.9688
-89.9328
-89.8965
-89.8598
-89.8228
-89.7854
-89.7477
-89.7096
-89.6712
-89.6324
-89.5931
-89.5535
-89.5135
-89.473
-89.4322
-89.3909
-89.3492
-89.307
-89.2643
-89.2212
-89.1776
-89.1335
-89.0889
-89.0437
-88.998
-88.9518
-88.905
-88.8576
-88.8097
-88.7611
-88.7119
-88.662
-88.6115
-88.5602
-88.5083
-88.4556
-88.4022
-88.348
-88.293
-88.2372
-88.1805
-88.1229
-88.0644
-88.0049
-87.9445
-87.883
-87.8204
-87.7568
-87.692
-87.626
-87.5587
-87.4901
-87.4202
-87.3489
-87.2761
-87.2017
-87.1257
-87.048
-86.9685
-86.8871
-86.8038
-86.7183
-86.6307
-86.5407
-86.4483
-86.3532
-86.2554
-86.1546
-86.0507
-85.9434
-85.8325
-85.7177
-85.5988
-85.4754
-85.3472
-85.2137
-85.0744
-84.929
-84.7767
-84.6169
-84.4488
-84.2714
-84.0837
-83.8844
-83.672
-83.4446
-83.2
-82.9355
-82.6477
-82.3321
-81.983
-81.5929
-81.1513
-80.6437
-80.0483
-79.3313
-78.4366
-77.2612
-75.5885
-72.855
-66.9247
-41.1825
48.6863
49.9547
49.5941
48.2609
45.0293
38.9498
29.5879
17.8762
6.26692
-3.8171
-12.8389
-21.498
-29.0804
-35.7962
-48.8613
-79.7283
-94.4304
-94.9563
-94.9705
-94.9517
-94.9183
-94.8729
-94.8208
-94.7688
-94.7219
-94.6826
-94.6511
-94.6264
-94.6072
-94.5924
-94.5808
-94.5718
-94.5646
-94.5587
-94.5539
-94.5498
-94.5463
-94.5433
-94.5405
-94.538
-94.5356
-94.5333
-94.5311
-94.5289
-94.5268
-94.5246
-94.5225
-94.5203
-94.5181
-94.5159
-94.5136
-94.5113
-94.509
-94.5066
-94.5042
-94.5018
-94.4993
-94.4967
-94.4941
-94.4915
-94.4888
-94.4861
-94.4833
-94.4805
-94.4777
-94.4748
-94.4718
-94.4689
-94.4658
-94.4628
-94.4597
-94.4565
-94.4533
-94.4501
-94.4468
-94.4434
-94.4401
-94.4367
-94.4332
-94.4297
-94.4262
-94.4226
-94.419
-94.4153
-94.4116
-94.4078
-94.404
-94.4002
-94.3963
-94.3924
-94.3885
-94.3845
-94.3804
-94.3763
-94.3722
-94.368
-94.3638
-94.3596
-94.3553
-94.3509
-94.3465
-94.3421
-94.3376
-94.3331
-94.3286
-94.324
-94.3193
-94.3146
-94.3099
-94.3051
-94.3003
-94.2955
-94.2906
-94.2856
-94.2806
-94.2756
-94.2705
-94.2654
-94.2602
-94.255
-94.2498
-94.2445
-94.2391
-94.2337
-94.2283
-94.2228
-94.2173
-94.2117
-94.2061
-94.2004
-94.1947
-94.189
-94.1832
-94.1773
-94.1714
-94.1654
-94.1594
-94.1534
-94.1473
-94.1412
-94.135
-94.1287
-94.1224
-94.1161
-94.1097
-94.1033
-94.0968
-94.0903
-94.0837
-94.077
-94.0704
-94.0636
-94.0568
-94.05
-94.0431
-94.0361
-94.0291
-94.0221
-94.015
-94.0078
-94.0006
-93.9934
-93.986
-93.9787
-93.9712
-93.9638
-93.9562
-93.9486
-93.941
-93.9333
-93.9255
-93.9177
-93.9098
-93.9019
-93.8939
-93.8859
-93.8778
-93.8696
-93.8614
-93.8531
-93.8448
-93.8364
-93.8279
-93.8194
-93.8108
-93.8022
-93.7935
-93.7847
-93.7759
-93.767
-93.7581
-93.7491
-93.74
-93.7309
-93.7217
-93.7125
-93.7031
-93.6938
-93.6843
-93.6748
-93.6652
-93.6556
-93.6459
-93.6361
-93.6262
-93.6163
-93.6063
-93.5963
-93.5862
-93.576
-93.5658
-93.5554
-93.5451
-93.5346
-93.5241
-93.5135
-93.5028
-93.4921
-93.4813
-93.4704
-93.4594
-93.4484
-93.4373
-93.4262
-93.4149
-93.4036
-93.3922
-93.3807
-93.3692
-93.3576
-93.3459
-93.3341
-93.3223
-93.3104
-93.2984
-93.2863
-93.2742
-93.2619
-93.2496
-93.2372
-93.2248
-93.2122
-93.1996
-93.1869
-93.1741
-93.1612
-93.1483
-93.1353
-93.1221
-93.109
-93.0957
-93.0823
-93.0689
-93.0553
-93.0417
-93.028
-93.0142
-93.0004
-92.9864
-92.9724
-92.9582
-92.944
-92.9297
-92.9153
-92.9008
-92.8862
-92.8715
-92.8568
-92.8419
-92.827
-92.812
-92.7968
-92.7816
-92.7663
-92.7509
-92.7354
-92.7198
-92.7041
-92.6883
-92.6724
-92.6565
-92.6404
-92.6242
-92.6079
-92.5916
-92.5751
-92.5585
-92.5418
-92.5251
-92.5082
-92.4912
-92.4741
-92.4569
-92.4396
-92.4222
-92.4047
-92.3871
-92.3694
-92.3516
-92.3337
-92.3156
-92.2975
-92.2792
-92.2609
-92.2424
-92.2238
-92.2051
-92.1863
-92.1673
-92.1483
-92.1291
-92.1099
-92.0905
-92.0709
-92.0513
-92.0316
-92.0117
-91.9917
-91.9716
-91.9514
-91.931
-91.9105
-91.8899
-91.8692
-91.8483
-91.8273
-91.8062
-91.7849
-91.7635
-91.742
-91.7204
-91.6986
-91.6767
-91.6546
-91.6324
-91.6101
-91.5876
-91.565
-91.5422
-91.5193
-91.4963
-91.4731
-91.4498
-91.4263
-91.4026
-91.3788
-91.3549
-91.3308
-91.3065
-91.2821
-91.2576
-91.2328
-91.2079
-91.1829
-91.1577
-91.1323
-91.1067
-91.081
-91.0551
-91.029
-91.0028
-90.9763
-90.9497
-90.9229
-90.8959
-90.8688
-90.8414
-90.8139
-90.7861
-90.7582
-90.7301
-90.7017
-90.6732
-90.6444
-90.6155
-90.5863
-90.5569
-90.5273
-90.4975
-90.4675
-90.4372
-90.4067
-90.3759
-90.345
-90.3138
-90.2823
-90.2506
-90.2186
-90.1864
-90.1539
-90.1212
-90.0882
-90.0549
-90.0213
-89.9875
-89.9533
-89.9189
-89.8842
-89.8492
-89.8138
-89.7782
-89.7422
-89.7059
-89.6692
-89.6323
-89.5949
-89.5573
-89.5192
-89.4808
-89.442
-89.4028
-89.3633
-89.3233
-89.2829
-89.2421
-89.2009
-89.1592
-89.117
-89.0744
-89.0314
-88.9878
-88.9438
-88.8992
-88.8541
-88.8085
-88.7623
-88.7155
-88.6682
-88.6202
-88.5716
-88.5224
-88.4726
-88.422
-88.3708
-88.3188
-88.2661
-88.2126
-88.1584
-88.1033
-88.0473
-87.9905
-87.9328
-87.8741
-87.8144
-87.7538
-87.692
-87.6292
-87.5652
-87.5001
-87.4337
-87.366
-87.2969
-87.2265
-87.1545
-87.081
-87.0059
-86.9291
-86.8505
-86.7701
-86.6876
-86.6031
-86.5163
-86.4272
-86.3357
-86.2415
-86.1446
-86.0446
-85.9415
-85.8351
-85.725
-85.611
-85.4928
-85.3701
-85.2425
-85.1096
-84.9709
-84.8259
-84.6739
-84.5143
-84.3462
-84.1687
-83.9807
-83.7808
-83.5675
-83.3388
-83.0925
-82.8256
-82.5346
-82.2147
-81.8599
-81.4622
-81.0103
-80.4882
-79.8724
-79.1251
-78.1827
-76.925
-75.0892
-71.9447
-64.3326
-23.8171
49.4738
49.9522
49.5698
48.1616
44.7603
38.3966
28.6924
16.7637
5.1946
-4.78613
-13.7486
-22.3707
-29.6614
-36.7081
-50.948
-83.1096
-94.5789
-94.9631
-94.9692
-94.9477
-94.9118
-94.864
-94.8102
-94.7576
-94.7109
-94.6722
-94.6414
-94.6175
-94.599
-94.5847
-94.5737
-94.5651
-94.5582
-94.5527
-94.5482
-94.5444
-94.5412
-94.5383
-94.5358
-94.5335
-94.5313
-94.5292
-94.5271
-94.5252
-94.5232
-94.5212
-94.5192
-94.5172
-94.5152
-94.5131
-94.511
-94.5088
-94.5066
-94.5044
-94.5021
-94.4998
-94.4974
-94.495
-94.4926
-94.4901
-94.4875
-94.4849
-94.4823
-94.4796
-94.4768
-94.4741
-94.4712
-94.4683
-94.4654
-94.4625
-94.4595
-94.4564
-94.4533
-94.4502
-94.447
-94.4437
-94.4405
-94.4372
-94.4338
-94.4304
-94.4269
-94.4234
-94.4199
-94.4163
-94.4127
-94.4091
-94.4053
-94.4016
-94.3978
-94.394
-94.3901
-94.3862
-94.3822
-94.3782
-94.3742
-94.3701
-94.366
-94.3618
-94.3576
-94.3533
-94.349
-94.3447
-94.3403
-94.3358
-94.3314
-94.3269
-94.3223
-94.3177
-94.313
-94.3084
-94.3036
-94.2989
-94.294
-94.2892
-94.2843
-94.2793
-94.2743
-94.2693
-94.2642
-94.2591
-94.2539
-94.2487
-94.2435
-94.2382
-94.2328
-94.2274
-94.222
-94.2165
-94.211
-94.2054
-94.1998
-94.1941
-94.1884
-94.1826
-94.1768
-94.171
-94.1651
-94.1592
-94.1532
-94.1471
-94.141
-94.1349
-94.1287
-94.1225
-94.1162
-94.1099
-94.1035
-94.0971
-94.0906
-94.0841
-94.0775
-94.0709
-94.0643
-94.0575
-94.0508
-94.0439
-94.0371
-94.0302
-94.0232
-94.0162
-94.0091
-94.002
-93.9948
-93.9876
-93.9803
-93.9729
-93.9655
-93.9581
-93.9506
-93.9431
-93.9355
-93.9278
-93.9201
-93.9123
-93.9045
-93.8966
-93.8887
-93.8807
-93.8727
-93.8646
-93.8564
-93.8482
-93.8399
-93.8316
-93.8232
-93.8148
-93.8063
-93.7977
-93.7891
-93.7804
-93.7717
-93.7629
-93.754
-93.7451
-93.7361
-93.7271
-93.718
-93.7089
-93.6996
-93.6904
-93.681
-93.6716
-93.6622
-93.6526
-93.643
-93.6334
-93.6237
-93.6139
-93.604
-93.5941
-93.5842
-93.5741
-93.564
-93.5538
-93.5436
-93.5333
-93.5229
-93.5125
-93.502
-93.4914
-93.4808
-93.4701
-93.4593
-93.4485
-93.4376
-93.4266
-93.4156
-93.4044
-93.3932
-93.382
-93.3707
-93.3593
-93.3478
-93.3363
-93.3246
-93.313
-93.3012
-93.2894
-93.2775
-93.2655
-93.2534
-93.2413
-93.2291
-93.2168
-93.2045
-93.1921
-93.1796
-93.167
-93.1543
-93.1416
-93.1288
-93.1159
-93.103
-93.0899
-93.0768
-93.0636
-93.0503
-93.037
-93.0236
-93.01
-92.9965
-92.9828
-92.969
-92.9552
-92.9413
-92.9273
-92.9132
-92.899
-92.8848
-92.8704
-92.856
-92.8415
-92.8269
-92.8123
-92.7975
-92.7827
-92.7677
-92.7527
-92.7376
-92.7224
-92.7071
-92.6918
-92.6763
-92.6608
-92.6451
-92.6294
-92.6136
-92.5977
-92.5817
-92.5656
-92.5494
-92.5331
-92.5168
-92.5003
-92.4838
-92.4671
-92.4504
-92.4335
-92.4166
-92.3995
-92.3824
-92.3652
-92.3479
-92.3304
-92.3129
-92.2953
-92.2776
-92.2597
-92.2418
-92.2238
-92.2057
-92.1874
-92.1691
-92.1507
-92.1321
-92.1135
-92.0947
-92.0758
-92.0569
-92.0378
-92.0186
-91.9993
-91.9799
-91.9604
-91.9407
-91.921
-91.9011
-91.8812
-91.8611
-91.8409
-91.8206
-91.8002
-91.7796
-91.7589
-91.7382
-91.7173
-91.6962
-91.6751
-91.6538
-91.6324
-91.6109
-91.5893
-91.5675
-91.5456
-91.5236
-91.5014
-91.4791
-91.4567
-91.4341
-91.4115
-91.3886
-91.3657
-91.3426
-91.3194
-91.296
-91.2725
-91.2488
-91.225
-91.2011
-91.177
-91.1527
-91.1283
-91.1038
-91.0791
-91.0543
-91.0293
-91.0041
-90.9788
-90.9533
-90.9277
-90.9019
-90.8759
-90.8498
-90.8235
-90.797
-90.7703
-90.7435
-90.7165
-90.6893
-90.6619
-90.6344
-90.6067
-90.5787
-90.5506
-90.5223
-90.4938
-90.4651
-90.4362
-90.4071
-90.3777
-90.3482
-90.3185
-90.2885
-90.2583
-90.2279
-90.1973
-90.1664
-90.1353
-90.104
-90.0724
-90.0406
-90.0085
-89.9762
-89.9436
-89.9108
-89.8777
-89.8443
-89.8106
-89.7767
-89.7425
-89.708
-89.6731
-89.638
-89.6026
-89.5669
-89.5308
-89.4944
-89.4577
-89.4206
-89.3832
-89.3455
-89.3073
-89.2688
-89.2299
-89.1907
-89.151
-89.1109
-89.0704
-89.0295
-88.9882
-88.9463
-88.9041
-88.8614
-88.8181
-88.7744
-88.7302
-88.6855
-88.6402
-88.5944
-88.548
-88.501
-88.4534
-88.4052
-88.3563
-88.3068
-88.2567
-88.2058
-88.1542
-88.1018
-88.0487
-87.9948
-87.94
-87.8844
-87.8279
-87.7705
-87.7122
-87.6528
-87.5924
-87.531
-87.4684
-87.4047
-87.3397
-87.2735
-87.206
-87.1371
-87.0668
-86.9949
-86.9215
-86.8464
-86.7696
-86.6909
-86.6103
-86.5277
-86.4429
-86.3558
-86.2663
-86.1743
-86.0795
-85.9819
-85.8811
-85.7771
-85.6695
-85.5581
-85.4426
-85.3228
-85.1981
-85.0683
-84.9328
-84.7912
-84.6428
-84.487
-84.323
-84.1498
-83.9664
-83.7715
-83.5636
-83.3409
-83.1012
-82.8416
-82.5589
-82.2485
-81.9048
-81.5203
-81.0845
-80.5828
-79.9934
-79.2827
-78.3942
-77.2242
-75.5544
-72.813
-66.8017
-40.1366
48.8304
49.9538
49.589
48.245
44.9938
38.886
29.4945
17.7681
6.16733
-3.90479
-12.9205
-21.5774
-29.1365
-35.8861
-49.0687
-80.0976
-94.4481
-94.9568
-94.9698
-94.9503
-94.9159
-94.869
-94.8152
-94.7615
-94.7131
-94.6726
-94.64
-94.6146
-94.595
-94.5798
-94.5681
-94.5591
-94.5519
-94.5462
-94.5416
-94.5377
-94.5345
-94.5317
-94.5292
-94.527
-94.5249
-94.5229
-94.521
-94.5191
-94.5173
-94.5154
-94.5136
-94.5117
-94.5098
-94.5078
-94.5059
-94.5038
-94.5018
-94.4997
-94.4975
-94.4953
-94.4931
-94.4908
-94.4884
-94.486
-94.4836
-94.4811
-94.4785
-94.4759
-94.4733
-94.4706
-94.4679
-94.4651
-94.4623
-94.4594
-94.4565
-94.4536
-94.4506
-94.4475
-94.4444
-94.4413
-94.4381
-94.4349
-94.4316
-94.4283
-94.4249
-94.4215
-94.4181
-94.4146
-94.411
-94.4075
-94.4038
-94.4002
-94.3965
-94.3927
-94.3889
-94.3851
-94.3812
-94.3773
-94.3733
-94.3693
-94.3653
-94.3612
-94.357
-94.3529
-94.3486
-94.3444
-94.3401
-94.3357
-94.3313
-94.3269
-94.3224
-94.3179
-94.3133
-94.3087
-94.3041
-94.2994
-94.2947
-94.2899
-94.2851
-94.2802
-94.2753
-94.2704
-94.2654
-94.2603
-94.2552
-94.2501
-94.245
-94.2397
-94.2345
-94.2292
-94.2239
-94.2185
-94.213
-94.2076
-94.202
-94.1965
-94.1909
-94.1852
-94.1795
-94.1737
-94.168
-94.1621
-94.1562
-94.1503
-94.1443
-94.1383
-94.1322
-94.1261
-94.12
-94.1137
-94.1075
-94.1012
-94.0948
-94.0884
-94.082
-94.0755
-94.0689
-94.0624
-94.0557
-94.049
-94.0423
-94.0355
-94.0287
-94.0218
-94.0148
-94.0079
-94.0008
-93.9937
-93.9866
-93.9794
-93.9722
-93.9649
-93.9575
-93.9501
-93.9427
-93.9352
-93.9276
-93.92
-93.9124
-93.9047
-93.8969
-93.8891
-93.8812
-93.8733
-93.8653
-93.8573
-93.8492
-93.8411
-93.8329
-93.8246
-93.8163
-93.808
-93.7996
-93.7911
-93.7826
-93.774
-93.7653
-93.7567
-93.7479
-93.7391
-93.7302
-93.7213
-93.7123
-93.7033
-93.6942
-93.685
-93.6758
-93.6665
-93.6571
-93.6477
-93.6383
-93.6288
-93.6192
-93.6095
-93.5998
-93.5901
-93.5802
-93.5704
-93.5604
-93.5504
-93.5403
-93.5302
-93.52
-93.5097
-93.4994
-93.489
-93.4786
-93.468
-93.4575
-93.4468
-93.4361
-93.4253
-93.4145
-93.4036
-93.3926
-93.3815
-93.3704
-93.3593
-93.348
-93.3367
-93.3253
-93.3139
-93.3024
-93.2908
-93.2792
-93.2674
-93.2556
-93.2438
-93.2319
-93.2199
-93.2078
-93.1957
-93.1835
-93.1712
-93.1588
-93.1464
-93.1339
-93.1213
-93.1087
-93.096
-93.0832
-93.0704
-93.0574
-93.0444
-93.0314
-93.0182
-93.005
-92.9917
-92.9783
-92.9648
-92.9513
-92.9377
-92.924
-92.9103
-92.8964
-92.8825
-92.8685
-92.8545
-92.8403
-92.8261
-92.8118
-92.7974
-92.783
-92.7684
-92.7538
-92.7391
-92.7243
-92.7095
-92.6945
-92.6795
-92.6644
-92.6492
-92.634
-92.6186
-92.6032
-92.5877
-92.5721
-92.5564
-92.5406
-92.5247
-92.5088
-92.4928
-92.4767
-92.4605
-92.4442
-92.4278
-92.4113
-92.3948
-92.3781
-92.3614
-92.3446
-92.3277
-92.3107
-92.2936
-92.2764
-92.2592
-92.2418
-92.2243
-92.2068
-92.1892
-92.1714
-92.1536
-92.1357
-92.1177
-92.0995
-92.0813
-92.063
-92.0446
-92.0261
-92.0075
-91.9888
-91.97
-91.9511
-91.9321
-91.913
-91.8938
-91.8745
-91.8551
-91.8356
-91.816
-91.7963
-91.7765
-91.7566
-91.7365
-91.7164
-91.6961
-91.6758
-91.6553
-91.6347
-91.614
-91.5932
-91.5723
-91.5513
-91.5302
-91.5089
-91.4875
-91.466
-91.4444
-91.4227
-91.4009
-91.3789
-91.3568
-91.3346
-91.3123
-91.2898
-91.2672
-91.2445
-91.2217
-91.1987
-91.1756
-91.1524
-91.129
-91.1055
-91.0819
-91.0581
-91.0342
-91.0102
-90.986
-90.9617
-90.9372
-90.9126
-90.8879
-90.863
-90.8379
-90.8127
-90.7874
-90.7619
-90.7362
-90.7104
-90.6844
-90.6583
-90.632
-90.6055
-90.5789
-90.5521
-90.5251
-90.498
-90.4706
-90.4431
-90.4155
-90.3876
-90.3596
-90.3313
-90.3029
-90.2743
-90.2455
-90.2165
-90.1873
-90.1578
-90.1282
-90.0984
-90.0684
-90.0381
-90.0076
-89.9769
-89.946
-89.9148
-89.8834
-89.8518
-89.8199
-89.7878
-89.7554
-89.7228
-89.6899
-89.6567
-89.6233
-89.5896
-89.5556
-89.5213
-89.4867
-89.4519
-89.4167
-89.3812
-89.3454
-89.3093
-89.2729
-89.2361
-89.199
-89.1615
-89.1237
-89.0855
-89.0469
-89.0079
-88.9686
-88.9288
-88.8886
-88.848
-88.807
-88.7655
-88.7236
-88.6811
-88.6383
-88.5949
-88.551
-88.5066
-88.4616
-88.4161
-88.37
-88.3233
-88.2761
-88.2282
-88.1796
-88.1304
-88.0806
-88.03
-87.9786
-87.9266
-87.8737
-87.82
-87.7655
-87.7101
-87.6539
-87.5966
-87.5385
-87.4793
-87.419
-87.3577
-87.2952
-87.2315
-87.1666
-87.1004
-87.0328
-86.9638
-86.8934
-86.8213
-86.7477
-86.6723
-86.5951
-86.516
-86.4349
-86.3516
-86.2662
-86.1783
-86.0879
-85.9948
-85.8989
-85.7999
-85.6976
-85.5919
-85.4824
-85.3688
-85.2509
-85.1283
-85.0005
-84.8672
-84.7277
-84.5816
-84.4281
-84.2664
-84.0958
-83.9149
-83.7227
-83.5176
-83.2978
-83.0611
-82.8049
-82.5256
-82.2189
-81.8793
-81.4992
-81.0684
-80.5724
-79.9898
-79.2874
-78.4098
-77.2556
-75.612
-72.9254
-67.0952
-41.809
48.5539
49.9552
49.5964
48.267
45.0408
38.9667
29.6078
17.8946
6.28089
-3.8062
-12.8291
-21.4882
-29.0727
-35.7824
-48.8269
-79.6592
-94.4238
-94.9551
-94.9696
-94.9503
-94.9158
-94.8688
-94.8146
-94.7603
-94.7114
-94.6703
-94.6374
-94.6116
-94.5917
-94.5764
-94.5646
-94.5554
-94.5483
-94.5426
-94.538
-94.5342
-94.5311
-94.5284
-94.526
-94.5238
-94.5218
-94.52
-94.5181
-94.5164
-94.5146
-94.5129
-94.5111
-94.5093
-94.5075
-94.5057
-94.5038
-94.5019
-94.4999
-94.4979
-94.4958
-94.4937
-94.4915
-94.4893
-94.487
-94.4847
-94.4823
-94.4799
-94.4775
-94.475
-94.4724
-94.4698
-94.4672
-94.4645
-94.4617
-94.4589
-94.4561
-94.4532
-94.4502
-94.4473
-94.4442
-94.4412
-94.4381
-94.4349
-94.4317
-94.4284
-94.4252
-94.4218
-94.4184
-94.415
-94.4115
-94.408
-94.4045
-94.4009
-94.3972
-94.3936
-94.3898
-94.3861
-94.3822
-94.3784
-94.3745
-94.3705
-94.3666
-94.3625
-94.3585
-94.3544
-94.3502
-94.346
-94.3418
-94.3375
-94.3332
-94.3288
-94.3244
-94.3199
-94.3155
-94.3109
-94.3063
-94.3017
-94.2971
-94.2924
-94.2876
-94.2828
-94.278
-94.2731
-94.2682
-94.2632
-94.2582
-94.2532
-94.2481
-94.243
-94.2378
-94.2326
-94.2273
-94.222
-94.2167
-94.2113
-94.2059
-94.2004
-94.1948
-94.1893
-94.1837
-94.178
-94.1723
-94.1666
-94.1608
-94.1549
-94.1491
-94.1431
-94.1372
-94.1311
-94.1251
-94.119
-94.1128
-94.1066
-94.1004
-94.0941
-94.0878
-94.0814
-94.0749
-94.0685
-94.0619
-94.0554
-94.0487
-94.0421
-94.0354
-94.0286
-94.0218
-94.0149
-94.008
-94.0011
-93.9941
-93.987
-93.9799
-93.9728
-93.9656
-93.9583
-93.951
-93.9437
-93.9363
-93.9288
-93.9213
-93.9138
-93.9061
-93.8985
-93.8908
-93.883
-93.8752
-93.8674
-93.8594
-93.8515
-93.8435
-93.8354
-93.8273
-93.8191
-93.8108
-93.8026
-93.7942
-93.7858
-93.7774
-93.7689
-93.7603
-93.7517
-93.7431
-93.7343
-93.7256
-93.7167
-93.7079
-93.6989
-93.6899
-93.6809
-93.6717
-93.6626
-93.6534
-93.6441
-93.6347
-93.6253
-93.6159
-93.6064
-93.5968
-93.5872
-93.5775
-93.5677
-93.5579
-93.5481
-93.5381
-93.5282
-93.5181
-93.508
-93.4979
-93.4876
-93.4773
-93.467
-93.4566
-93.4461
-93.4356
-93.425
-93.4143
-93.4036
-93.3929
-93.382
-93.3711
-93.3601
-93.3491
-93.338
-93.3269
-93.3157
-93.3044
-93.293
-93.2816
-93.2701
-93.2586
-93.247
-93.2353
-93.2236
-93.2118
-93.1999
-93.188
-93.176
-93.1639
-93.1518
-93.1396
-93.1273
-93.115
-93.1026
-93.0901
-93.0775
-93.0649
-93.0523
-93.0395
-93.0267
-93.0138
-93.0009
-92.9879
-92.9748
-92.9616
-92.9484
-92.9351
-92.9217
-92.9082
-92.8947
-92.8811
-92.8675
-92.8538
-92.8399
-92.8261
-92.8121
-92.7981
-92.784
-92.7699
-92.7556
-92.7413
-92.7269
-92.7124
-92.6979
-92.6833
-92.6686
-92.6538
-92.639
-92.6241
-92.6091
-92.594
-92.5789
-92.5637
-92.5484
-92.533
-92.5176
-92.502
-92.4864
-92.4707
-92.455
-92.4391
-92.4232
-92.4072
-92.3911
-92.3749
-92.3587
-92.3424
-92.326
-92.3095
-92.2929
-92.2763
-92.2595
-92.2427
-92.2258
-92.2088
-92.1917
-92.1746
-92.1573
-92.14
-92.1226
-92.1051
-92.0875
-92.0699
-92.0521
-92.0343
-92.0163
-91.9983
-91.9802
-91.962
-91.9437
-91.9253
-91.9069
-91.8883
-91.8696
-91.8509
-91.8321
-91.8131
-91.7941
-91.775
-91.7558
-91.7365
-91.7171
-91.6976
-91.678
-91.6583
-91.6385
-91.6186
-91.5986
-91.5785
-91.5583
-91.5381
-91.5177
-91.4972
-91.4766
-91.4559
-91.4351
-91.4141
-91.3931
-91.372
-91.3508
-91.3294
-91.308
-91.2864
-91.2648
-91.243
-91.2211
-91.1991
-91.1769
-91.1547
-91.1324
-91.1099
-91.0873
-91.0646
-91.0418
-91.0188
-90.9957
-90.9725
-90.9492
-90.9257
-90.9022
-90.8785
-90.8546
-90.8307
-90.8066
-90.7823
-90.758
-90.7335
-90.7088
-90.684
-90.6591
-90.634
-90.6088
-90.5835
-90.558
-90.5323
-90.5065
-90.4805
-90.4544
-90.4282
-90.4017
-90.3751
-90.3484
-90.3215
-90.2944
-90.2671
-90.2397
-90.2121
-90.1843
-90.1563
-90.1282
-90.0999
-90.0714
-90.0427
-90.0138
-89.9847
-89.9554
-89.9259
-89.8962
-89.8663
-89.8362
-89.8059
-89.7753
-89.7445
-89.7135
-89.6823
-89.6508
-89.6191
-89.5872
-89.555
-89.5225
-89.4898
-89.4569
-89.4236
-89.3901
-89.3563
-89.3223
-89.2879
-89.2533
-89.2183
-89.183
-89.1475
-89.1116
-89.0754
-89.0388
-89.0019
-88.9646
-88.927
-88.889
-88.8507
-88.8119
-88.7728
-88.7333
-88.6933
-88.6529
-88.6121
-88.5708
-88.5291
-88.4869
-88.4442
-88.401
-88.3573
-88.313
-88.2682
-88.2229
-88.1769
-88.1304
-88.0833
-88.0355
-87.987
-87.9379
-87.8881
-87.8376
-87.7863
-87.7342
-87.6813
-87.6276
-87.573
-87.5176
-87.4612
-87.4038
-87.3454
-87.286
-87.2255
-87.1638
-87.101
-87.0369
-86.9715
-86.9047
-86.8366
-86.7669
-86.6957
-86.6228
-86.5482
-86.4718
-86.3935
-86.3132
-86.2306
-86.1459
-86.0587
-85.969
-85.8765
-85.7812
-85.6828
-85.581
-85.4757
-85.3666
-85.2533
-85.1356
-85.0131
-84.8854
-84.7519
-84.6122
-84.4656
-84.3114
-84.1488
-83.9769
-83.7944
-83.6002
-83.3926
-83.1696
-82.9289
-82.6676
-82.3819
-82.0673
-81.7174
-81.3239
-80.8754
-80.3554
-79.739
-78.9871
-78.0319
-76.7444
-74.8354
-71.4669
-62.6898
-11.8727
49.9518
49.9599
49.5842
48.1567
44.6616
38.0862
28.0787
15.9188
4.33859
-5.58101
-14.4996
-23.0713
-30.0762
-37.3388
-52.3796
-84.9872
-94.6405
-94.9641
-94.9669
-94.9436
-94.9054
-94.8556
-94.8006
-94.7474
-94.7007
-94.6623
-94.632
-94.6086
-94.5906
-94.5769
-94.5664
-94.5582
-94.5519
-94.5468
-94.5427
-94.5394
-94.5366
-94.5341
-94.532
-94.53
-94.5282
-94.5264
-94.5248
-94.5231
-94.5214
-94.5198
-94.5181
-94.5164
-94.5147
-94.5129
-94.5111
-94.5092
-94.5073
-94.5054
-94.5034
-94.5013
-94.4992
-94.4971
-94.4949
-94.4926
-94.4903
-94.488
-94.4856
-94.4831
-94.4806
-94.4781
-94.4755
-94.4729
-94.4702
-94.4675
-94.4647
-94.4619
-94.459
-94.4561
-94.4531
-94.4501
-94.4471
-94.444
-94.4408
-94.4376
-94.4344
-94.4312
-94.4278
-94.4245
-94.4211
-94.4176
-94.4142
-94.4106
-94.4071
-94.4034
-94.3998
-94.3961
-94.3924
-94.3886
-94.3848
-94.3809
-94.377
-94.373
-94.369
-94.365
-94.3609
-94.3568
-94.3527
-94.3485
-94.3442
-94.3399
-94.3356
-94.3313
-94.3269
-94.3224
-94.3179
-94.3134
-94.3088
-94.3042
-94.2996
-94.2949
-94.2901
-94.2853
-94.2805
-94.2757
-94.2708
-94.2658
-94.2608
-94.2558
-94.2507
-94.2456
-94.2405
-94.2353
-94.23
-94.2247
-94.2194
-94.214
-94.2086
-94.2032
-94.1977
-94.1921
-94.1866
-94.1809
-94.1753
-94.1695
-94.1638
-94.158
-94.1521
-94.1463
-94.1403
-94.1343
-94.1283
-94.1223
-94.1161
-94.11
-94.1038
-94.0975
-94.0913
-94.0849
-94.0785
-94.0721
-94.0657
-94.0591
-94.0526
-94.046
-94.0393
-94.0326
-94.0259
-94.0191
-94.0122
-94.0053
-93.9984
-93.9914
-93.9844
-93.9773
-93.9702
-93.963
-93.9558
-93.9485
-93.9412
-93.9338
-93.9264
-93.919
-93.9114
-93.9039
-93.8963
-93.8886
-93.8809
-93.8731
-93.8653
-93.8575
-93.8495
-93.8416
-93.8336
-93.8255
-93.8174
-93.8092
-93.801
-93.7927
-93.7844
-93.776
-93.7676
-93.7591
-93.7506
-93.742
-93.7334
-93.7247
-93.7159
-93.7071
-93.6983
-93.6894
-93.6804
-93.6714
-93.6623
-93.6532
-93.644
-93.6348
-93.6255
-93.6162
-93.6068
-93.5973
-93.5878
-93.5783
-93.5687
-93.559
-93.5493
-93.5395
-93.5296
-93.5197
-93.5098
-93.4998
-93.4897
-93.4796
-93.4694
-93.4591
-93.4488
-93.4385
-93.428
-93.4176
-93.407
-93.3964
-93.3858
-93.3751
-93.3643
-93.3535
-93.3426
-93.3316
-93.3206
-93.3095
-93.2984
-93.2872
-93.276
-93.2646
-93.2533
-93.2418
-93.2303
-93.2188
-93.2071
-93.1955
-93.1837
-93.1719
-93.16
-93.1481
-93.1361
-93.1241
-93.1119
-93.0998
-93.0875
-93.0752
-93.0628
-93.0504
-93.0379
-93.0253
-93.0127
-93
-92.9872
-92.9744
-92.9615
-92.9486
-92.9355
-92.9225
-92.9093
-92.8961
-92.8828
-92.8695
-92.856
-92.8426
-92.829
-92.8154
-92.8017
-92.788
-92.7741
-92.7603
-92.7463
-92.7323
-92.7182
-92.704
-92.6898
-92.6755
-92.6611
-92.6467
-92.6322
-92.6176
-92.603
-92.5883
-92.5735
-92.5586
-92.5437
-92.5287
-92.5137
-92.4985
-92.4833
-92.468
-92.4527
-92.4373
-92.4218
-92.4062
-92.3906
-92.3748
-92.3591
-92.3432
-92.3273
-92.3113
-92.2952
-92.279
-92.2628
-92.2465
-92.2301
-92.2136
-92.1971
-92.1805
-92.1638
-92.1471
-92.1302
-92.1133
-92.0963
-92.0792
-92.0621
-92.0449
-92.0276
-92.0102
-91.9927
-91.9752
-91.9576
-91.9399
-91.9221
-91.9042
-91.8863
-91.8682
-91.8501
-91.8319
-91.8137
-91.7953
-91.7769
-91.7583
-91.7397
-91.721
-91.7023
-91.6834
-91.6644
-91.6454
-91.6263
-91.6071
-91.5878
-91.5684
-91.5489
-91.5293
-91.5097
-91.4899
-91.4701
-91.4501
-91.4301
-91.41
-91.3898
-91.3695
-91.3491
-91.3286
-91.308
-91.2873
-91.2665
-91.2456
-91.2246
-91.2036
-91.1824
-91.1611
-91.1397
-91.1182
-91.0966
-91.0749
-91.0531
-91.0312
-91.0092
-90.9871
-90.9648
-90.9425
-90.92
-90.8975
-90.8748
-90.852
-90.8291
-90.8061
-90.7829
-90.7597
-90.7363
-90.7128
-90.6892
-90.6654
-90.6416
-90.6176
-90.5935
-90.5692
-90.5448
-90.5203
-90.4957
-90.4709
-90.446
-90.4209
-90.3958
-90.3704
-90.345
-90.3193
-90.2936
-90.2677
-90.2416
-90.2154
-90.189
-90.1625
-90.1358
-90.109
-90.082
-90.0548
-90.0275
-90
-89.9723
-89.9444
-89.9164
-89.8882
-89.8598
-89.8312
-89.8024
-89.7735
-89.7443
-89.7149
-89.6854
-89.6556
-89.6257
-89.5955
-89.5651
-89.5345
-89.5036
-89.4725
-89.4412
-89.4097
-89.3779
-89.3459
-89.3136
-89.281
-89.2482
-89.2152
-89.1818
-89.1482
-89.1143
-89.0802
-89.0457
-89.0109
-88.9758
-88.9404
-88.9046
-88.8686
-88.8322
-88.7954
-88.7583
-88.7209
-88.683
-88.6448
-88.6062
-88.5672
-88.5278
-88.4879
-88.4476
-88.4069
-88.3657
-88.3241
-88.2819
-88.2393
-88.1961
-88.1524
-88.1082
-88.0634
-88.018
-87.9721
-87.9255
-87.8783
-87.8304
-87.7818
-87.7326
-87.6826
-87.6318
-87.5803
-87.528
-87.4748
-87.4207
-87.3658
-87.3099
-87.253
-87.1951
-87.1361
-87.076
-87.0148
-86.9524
-86.8887
-86.8237
-86.7573
-86.6894
-86.62
-86.5491
-86.4764
-86.402
-86.3257
-86.2474
-86.1671
-86.0845
-85.9996
-85.9123
-85.8222
-85.7294
-85.6336
-85.5345
-85.432
-85.3258
-85.2156
-85.101
-84.9818
-84.8576
-84.7278
-84.5919
-84.4495
-84.2997
-84.1418
-83.9749
-83.7979
-83.6097
-83.4085
-83.1927
-82.96
-82.7077
-82.4324
-82.1297
-81.7939
-81.4174
-80.9899
-80.4965
-79.9156
-79.2132
-78.3321
-77.1672
-75.4953
-72.7245
-66.5138
-37.8145
49.0472
49.9521
49.5793
48.2147
44.9252
38.7622
29.3124
17.5568
5.97238
-4.07687
-13.081
-21.7331
-29.2451
-36.0597
-49.4698
-80.7919
-94.4808
-94.9581
-94.9692
-94.9489
-94.9134
-94.8652
-94.8101
-94.7552
-94.7058
-94.6645
-94.6315
-94.6057
-94.5859
-94.5707
-94.559
-94.55
-94.543
-94.5374
-94.533
-94.5294
-94.5264
-94.5238
-94.5216
-94.5196
-94.5177
-94.516
-94.5143
-94.5127
-94.5111
-94.5095
-94.5078
-94.5062
-94.5045
-94.5028
-94.501
-94.4992
-94.4974
-94.4955
-94.4935
-94.4915
-94.4895
-94.4874
-94.4852
-94.483
-94.4808
-94.4785
-94.4761
-94.4737
-94.4713
-94.4688
-94.4662
-94.4636
-94.461
-94.4583
-94.4555
-94.4527
-94.4499
-94.447
-94.4441
-94.4411
-94.4381
-94.4351
-94.4319
-94.4288
-94.4256
-94.4224
-94.4191
-94.4157
-94.4124
-94.409
-94.4055
-94.402
-94.3985
-94.3949
-94.3912
-94.3876
-94.3838
-94.3801
-94.3763
-94.3725
-94.3686
-94.3646
-94.3607
-94.3567
-94.3526
-94.3485
-94.3444
-94.3402
-94.336
-94.3317
-94.3274
-94.3231
-94.3187
-94.3143
-94.3098
-94.3053
-94.3008
-94.2962
-94.2916
-94.2869
-94.2822
-94.2774
-94.2726
-94.2678
-94.2629
-94.258
-94.2531
-94.2481
-94.243
-94.2379
-94.2328
-94.2276
-94.2224
-94.2172
-94.2119
-94.2065
-94.2012
-94.1957
-94.1903
-94.1848
-94.1792
-94.1736
-94.168
-94.1623
-94.1566
-94.1508
-94.145
-94.1392
-94.1333
-94.1274
-94.1214
-94.1154
-94.1093
-94.1032
-94.097
-94.0908
-94.0846
-94.0783
-94.072
-94.0656
-94.0592
-94.0527
-94.0462
-94.0397
-94.0331
-94.0265
-94.0198
-94.013
-94.0063
-93.9994
-93.9926
-93.9857
-93.9787
-93.9717
-93.9646
-93.9575
-93.9504
-93.9432
-93.9359
-93.9287
-93.9213
-93.9139
-93.9065
-93.899
-93.8915
-93.8839
-93.8763
-93.8686
-93.8609
-93.8532
-93.8453
-93.8375
-93.8296
-93.8216
-93.8136
-93.8055
-93.7974
-93.7893
-93.7811
-93.7728
-93.7645
-93.7561
-93.7477
-93.7393
-93.7307
-93.7222
-93.7136
-93.7049
-93.6962
-93.6874
-93.6786
-93.6697
-93.6608
-93.6518
-93.6428
-93.6337
-93.6246
-93.6154
-93.6062
-93.5969
-93.5876
-93.5782
-93.5687
-93.5592
-93.5497
-93.5401
-93.5304
-93.5207
-93.5109
-93.5011
-93.4912
-93.4813
-93.4713
-93.4613
-93.4512
-93.441
-93.4308
-93.4205
-93.4102
-93.3998
-93.3894
-93.3789
-93.3684
-93.3578
-93.3471
-93.3364
-93.3257
-93.3148
-93.304
-93.293
-93.282
-93.271
-93.2599
-93.2487
-93.2375
-93.2262
-93.2149
-93.2035
-93.192
-93.1805
-93.169
-93.1573
-93.1456
-93.1339
-93.1221
-93.1102
-93.0983
-93.0863
-93.0743
-93.0622
-93.05
-93.0378
-93.0256
-93.0132
-93.0008
-92.9884
-92.9759
-92.9633
-92.9506
-92.9379
-92.9252
-92.9124
-92.8995
-92.8865
-92.8735
-92.8605
-92.8474
-92.8342
-92.8209
-92.8076
-92.7942
-92.7808
-92.7673
-92.7538
-92.7401
-92.7265
-92.7127
-92.6989
-92.685
-92.6711
-92.6571
-92.643
-92.6289
-92.6147
-92.6005
-92.5862
-92.5718
-92.5573
-92.5428
-92.5283
-92.5136
-92.4989
-92.4842
-92.4693
-92.4544
-92.4395
-92.4244
-92.4093
-92.3942
-92.379
-92.3637
-92.3483
-92.3329
-92.3174
-92.3019
-92.2862
-92.2705
-92.2548
-92.239
-92.2231
-92.2071
-92.1911
-92.175
-92.1588
-92.1426
-92.1263
-92.1099
-92.0934
-92.0769
-92.0604
-92.0437
-92.027
-92.0102
-91.9933
-91.9764
-91.9594
-91.9423
-91.9252
-91.9079
-91.8906
-91.8733
-91.8558
-91.8383
-91.8208
-91.8031
-91.7854
-91.7676
-91.7497
-91.7317
-91.7137
-91.6956
-91.6774
-91.6591
-91.6408
-91.6224
-91.6039
-91.5853
-91.5667
-91.548
-91.5292
-91.5103
-91.4913
-91.4723
-91.4532
-91.434
-91.4147
-91.3953
-91.3759
-91.3563
-91.3367
-91.317
-91.2972
-91.2774
-91.2574
-91.2374
-91.2172
-91.197
-91.1767
-91.1563
-91.1359
-91.1153
-91.0946
-91.0739
-91.053
-91.0321
-91.0111
-90.99
-90.9687
-90.9474
-90.926
-90.9045
-90.8829
-90.8612
-90.8394
-90.8175
-90.7955
-90.7734
-90.7512
-90.7289
-90.7065
-90.684
-90.6613
-90.6386
-90.6158
-90.5928
-90.5697
-90.5466
-90.5233
-90.4998
-90.4763
-90.4527
-90.4289
-90.405
-90.381
-90.3569
-90.3327
-90.3083
-90.2838
-90.2591
-90.2344
-90.2095
-90.1845
-90.1593
-90.134
-90.1085
-90.083
-90.0572
-90.0314
-90.0053
-89.9792
-89.9529
-89.9264
-89.8997
-89.873
-89.846
-89.8189
-89.7916
-89.7642
-89.7366
-89.7088
-89.6808
-89.6527
-89.6243
-89.5958
-89.5671
-89.5382
-89.5092
-89.4799
-89.4504
-89.4207
-89.3908
-89.3607
-89.3303
-89.2998
-89.269
-89.238
-89.2067
-89.1753
-89.1435
-89.1116
-89.0793
-89.0468
-89.0141
-88.981
-88.9477
-88.9141
-88.8803
-88.8461
-88.8116
-88.7768
-88.7417
-88.7063
-88.6705
-88.6344
-88.598
-88.5612
-88.524
-88.4865
-88.4485
-88.4102
-88.3715
-88.3323
-88.2927
-88.2527
-88.2122
-88.1713
-88.1298
-88.0879
-88.0455
-88.0025
-87.959
-87.915
-87.8703
-87.8251
-87.7793
-87.7328
-87.6857
-87.6379
-87.5893
-87.5401
-87.4901
-87.4393
-87.3878
-87.3353
-87.282
-87.2278
-87.1727
-87.1165
-87.0594
-87.0011
-86.9418
-86.8813
-86.8196
-86.7566
-86.6923
-86.6265
-86.5593
-86.4906
-86.4203
-86.3482
-86.2744
-86.1987
-86.1209
-86.0411
-85.959
-85.8745
-85.7875
-85.6978
-85.6052
-85.5095
-85.4106
-85.3081
-85.2018
-85.0914
-84.9766
-84.857
-84.7321
-84.6015
-84.4646
-84.3208
-84.1694
-84.0096
-83.8403
-83.6605
-83.4687
-83.2634
-83.0425
-82.8037
-82.5438
-82.2591
-81.9447
-81.5942
-81.1987
-80.7463
-80.2193
-79.5914
-78.8199
-77.8305
-76.4777
-74.4243
-70.6277
-59.4741
9.87548
49.989
49.9174
49.3395
47.4368
43.1335
35.5043
24.5739
12.245
1.1496
-8.39173
-17.1421
-25.4883
-31.394
-39.5908
-57.9643
-89.9903
-94.7969
-94.9671
-94.9621
-94.9352
-94.8939
-94.842
-94.7864
-94.7338
-94.6884
-94.6514
-94.6222
-94.5998
-94.5826
-94.5695
-94.5594
-94.5517
-94.5456
-94.5408
-94.537
-94.5339
-94.5312
-94.5289
-94.5269
-94.5251
-94.5234
-94.5218
-94.5202
-94.5187
-94.5171
-94.5156
-94.514
-94.5124
-94.5108
-94.5091
-94.5073
-94.5056
-94.5038
-94.5019
-94.5
-94.498
-94.496
-94.4939
-94.4918
-94.4896
-94.4874
-94.4851
-94.4828
-94.4804
-94.478
-94.4755
-94.473
-94.4705
-94.4678
-94.4652
-94.4625
-94.4597
-94.4569
-94.4541
-94.4512
-94.4483
-94.4453
-94.4423
-94.4392
-94.4361
-94.4329
-94.4297
-94.4265
-94.4232
-94.4199
-94.4165
-94.4131
-94.4096
-94.4061
-94.4026
-94.399
-94.3954
-94.3917
-94.388
-94.3843
-94.3805
-94.3766
-94.3728
-94.3689
-94.3649
-94.3609
-94.3569
-94.3528
-94.3487
-94.3445
-94.3403
-94.3361
-94.3318
-94.3275
-94.3231
-94.3187
-94.3143
-94.3098
-94.3053
-94.3007
-94.2961
-94.2915
-94.2868
-94.282
-94.2773
-94.2725
-94.2676
-94.2627
-94.2578
-94.2528
-94.2478
-94.2428
-94.2377
-94.2326
-94.2274
-94.2222
-94.2169
-94.2116
-94.2063
-94.2009
-94.1955
-94.1901
-94.1846
-94.179
-94.1734
-94.1678
-94.1621
-94.1564
-94.1507
-94.1449
-94.1391
-94.1332
-94.1273
-94.1213
-94.1153
-94.1093
-94.1032
-94.097
-94.0909
-94.0847
-94.0784
-94.0721
-94.0657
-94.0594
-94.0529
-94.0465
-94.0399
-94.0334
-94.0268
-94.0201
-94.0134
-94.0067
-93.9999
-93.9931
-93.9862
-93.9793
-93.9723
-93.9653
-93.9583
-93.9512
-93.944
-93.9368
-93.9296
-93.9223
-93.915
-93.9076
-93.9002
-93.8928
-93.8853
-93.8777
-93.8701
-93.8625
-93.8548
-93.847
-93.8392
-93.8314
-93.8235
-93.8156
-93.8076
-93.7996
-93.7915
-93.7834
-93.7752
-93.767
-93.7587
-93.7504
-93.7421
-93.7337
-93.7252
-93.7167
-93.7081
-93.6995
-93.6909
-93.6822
-93.6734
-93.6646
-93.6558
-93.6469
-93.6379
-93.6289
-93.6198
-93.6107
-93.6016
-93.5924
-93.5831
-93.5738
-93.5645
-93.5551
-93.5456
-93.5361
-93.5265
-93.5169
-93.5073
-93.4976
-93.4878
-93.478
-93.4681
-93.4582
-93.4482
-93.4382
-93.4281
-93.418
-93.4078
-93.3976
-93.3873
-93.3769
-93.3665
-93.3561
-93.3456
-93.335
-93.3244
-93.3138
-93.3031
-93.2923
-93.2815
-93.2706
-93.2597
-93.2487
-93.2377
-93.2266
-93.2154
-93.2042
-93.193
-93.1817
-93.1703
-93.1589
-93.1474
-93.1359
-93.1243
-93.1127
-93.101
-93.0892
-93.0774
-93.0656
-93.0537
-93.0417
-93.0297
-93.0176
-93.0055
-92.9933
-92.9811
-92.9688
-92.9564
-92.944
-92.9315
-92.919
-92.9064
-92.8938
-92.8811
-92.8683
-92.8555
-92.8427
-92.8297
-92.8168
-92.8037
-92.7906
-92.7775
-92.7643
-92.751
-92.7377
-92.7243
-92.7109
-92.6974
-92.6838
-92.6702
-92.6566
-92.6428
-92.629
-92.6152
-92.6013
-92.5874
-92.5733
-92.5593
-92.5451
-92.5309
-92.5167
-92.5024
-92.488
-92.4736
-92.4591
-92.4446
-92.43
-92.4153
-92.4006
-92.3858
-92.3709
-92.356
-92.3411
-92.326
-92.311
-92.2958
-92.2806
-92.2654
-92.25
-92.2346
-92.2192
-92.2037
-92.1881
-92.1725
-92.1568
-92.141
-92.1252
-92.1094
-92.0934
-92.0774
-92.0614
-92.0452
-92.029
-92.0128
-91.9965
-91.9801
-91.9637
-91.9472
-91.9306
-91.914
-91.8973
-91.8805
-91.8637
-91.8468
-91.8298
-91.8128
-91.7957
-91.7786
-91.7614
-91.7441
-91.7268
-91.7093
-91.6919
-91.6743
-91.6567
-91.639
-91.6213
-91.6035
-91.5856
-91.5676
-91.5496
-91.5315
-91.5133
-91.4951
-91.4768
-91.4584
-91.44
-91.4215
-91.4029
-91.3842
-91.3655
-91.3467
-91.3278
-91.3089
-91.2899
-91.2708
-91.2516
-91.2324
-91.2131
-91.1937
-91.1742
-91.1546
-91.135
-91.1153
-91.0955
-91.0757
-91.0557
-91.0357
-91.0156
-90.9954
-90.9751
-90.9548
-90.9344
-90.9139
-90.8933
-90.8726
-90.8518
-90.831
-90.81
-90.789
-90.7679
-90.7467
-90.7254
-90.704
-90.6825
-90.6609
-90.6392
-90.6175
-90.5956
-90.5737
-90.5516
-90.5295
-90.5072
-90.4849
-90.4625
-90.4399
-90.4173
-90.3945
-90.3716
-90.3487
-90.3256
-90.3024
-90.2791
-90.2557
-90.2322
-90.2086
-90.1848
-90.1609
-90.137
-90.1128
-90.0886
-90.0643
-90.0398
-90.0152
-89.9905
-89.9656
-89.9406
-89.9155
-89.8902
-89.8648
-89.8393
-89.8136
-89.7878
-89.7618
-89.7357
-89.7094
-89.683
-89.6564
-89.6297
-89.6028
-89.5757
-89.5485
-89.5211
-89.4936
-89.4658
-89.4379
-89.4098
-89.3815
-89.3531
-89.3244
-89.2956
-89.2665
-89.2373
-89.2078
-89.1781
-89.1483
-89.1182
-89.0879
-89.0573
-89.0265
-88.9955
-88.9643
-88.9328
-88.901
-88.8691
-88.8368
-88.8043
-88.7714
-88.7384
-88.705
-88.6713
-88.6374
-88.6031
-88.5685
-88.5336
-88.4984
-88.4628
-88.4268
-88.3906
-88.3539
-88.3169
-88.2795
-88.2417
-88.2035
-88.1648
-88.1258
-88.0863
-88.0463
-88.0059
-87.965
-87.9236
-87.8816
-87.8392
-87.7962
-87.7526
-87.7085
-87.6637
-87.6184
-87.5724
-87.5257
-87.4783
-87.4303
-87.3815
-87.3319
-87.2815
-87.2303
-87.1783
-87.1253
-87.0715
-87.0166
-86.9608
-86.9039
-86.8459
-86.7868
-86.7264
-86.6649
-86.602
-86.5377
-86.472
-86.4048
-86.336
-86.2655
-86.1933
-86.1192
-86.0431
-85.9649
-85.8845
-85.8018
-85.7166
-85.6287
-85.538
-85.4443
-85.3473
-85.2468
-85.1426
-85.0344
-84.9217
-84.8044
-84.6818
-84.5537
-84.4193
-84.2782
-84.1296
-83.9726
-83.8064
-83.6298
-83.4414
-83.2397
-83.0228
-82.7881
-82.533
-82.2534
-81.9448
-81.6009
-81.2132
-80.7699
-80.2544
-79.6412
-78.8898
-77.9301
-76.6266
-74.6704
-71.1382
-61.3591
-2.41298
49.9816
49.9528
49.5278
47.9656
44.2127
37.261
26.8692
14.5591
3.11467
-6.66808
-15.5187
-24.0166
-30.6212
-38.2378
-54.5532
-87.3329
-94.7135
-94.9653
-94.9646
-94.9395
-94.8997
-94.8486
-94.7929
-94.7397
-94.6933
-94.6554
-94.6255
-94.6025
-94.5849
-94.5715
-94.5613
-94.5534
-94.5473
-94.5425
-94.5387
-94.5355
-94.5329
-94.5307
-94.5287
-94.5269
-94.5252
-94.5237
-94.5222
-94.5207
-94.5192
-94.5177
-94.5161
-94.5146
-94.513
-94.5114
-94.5097
-94.508
-94.5062
-94.5044
-94.5025
-94.5006
-94.4986
-94.4966
-94.4945
-94.4924
-94.4902
-94.488
-94.4857
-94.4834
-94.481
-94.4786
-94.4761
-94.4736
-94.471
-94.4684
-94.4658
-94.4631
-94.4603
-94.4575
-94.4547
-94.4518
-94.4489
-94.4459
-94.4429
-94.4398
-94.4367
-94.4336
-94.4304
-94.4271
-94.4239
-94.4205
-94.4172
-94.4138
-94.4103
-94.4068
-94.4033
-94.3997
-94.3961
-94.3925
-94.3888
-94.385
-94.3813
-94.3774
-94.3736
-94.3697
-94.3658
-94.3618
-94.3578
-94.3537
-94.3496
-94.3455
-94.3413
-94.3371
-94.3328
-94.3285
-94.3242
-94.3198
-94.3154
-94.3109
-94.3064
-94.3019
-94.2973
-94.2927
-94.288
-94.2834
-94.2786
-94.2738
-94.269
-94.2642
-94.2593
-94.2544
-94.2494
-94.2444
-94.2393
-94.2342
-94.2291
-94.2239
-94.2187
-94.2135
-94.2082
-94.2028
-94.1975
-94.192
-94.1866
-94.1811
-94.1756
-94.17
-94.1644
-94.1587
-94.153
-94.1473
-94.1415
-94.1357
-94.1298
-94.1239
-94.118
-94.112
-94.106
-94.0999
-94.0938
-94.0876
-94.0814
-94.0752
-94.0689
-94.0626
-94.0563
-94.0499
-94.0434
-94.0369
-94.0304
-94.0238
-94.0172
-94.0106
-94.0038
-93.9971
-93.9903
-93.9835
-93.9766
-93.9697
-93.9627
-93.9557
-93.9487
-93.9416
-93.9344
-93.9273
-93.92
-93.9128
-93.9055
-93.8981
-93.8907
-93.8832
-93.8758
-93.8682
-93.8606
-93.853
-93.8453
-93.8376
-93.8299
-93.822
-93.8142
-93.8063
-93.7983
-93.7903
-93.7823
-93.7742
-93.7661
-93.7579
-93.7497
-93.7414
-93.7331
-93.7247
-93.7163
-93.7079
-93.6994
-93.6908
-93.6822
-93.6736
-93.6649
-93.6561
-93.6474
-93.6385
-93.6296
-93.6207
-93.6117
-93.6027
-93.5936
-93.5845
-93.5753
-93.5661
-93.5568
-93.5475
-93.5381
-93.5287
-93.5193
-93.5097
-93.5002
-93.4906
-93.4809
-93.4712
-93.4614
-93.4516
-93.4418
-93.4319
-93.4219
-93.4119
-93.4018
-93.3917
-93.3816
-93.3714
-93.3611
-93.3508
-93.3404
-93.33
-93.3196
-93.3091
-93.2985
-93.2879
-93.2772
-93.2665
-93.2558
-93.245
-93.2341
-93.2232
-93.2122
-93.2012
-93.1901
-93.179
-93.1679
-93.1566
-93.1454
-93.134
-93.1227
-93.1112
-93.0998
-93.0882
-93.0767
-93.065
-93.0534
-93.0416
-93.0298
-93.018
-93.0061
-92.9942
-92.9822
-92.9701
-92.958
-92.9459
-92.9337
-92.9214
-92.9091
-92.8968
-92.8844
-92.8719
-92.8594
-92.8468
-92.8342
-92.8215
-92.8088
-92.796
-92.7832
-92.7703
-92.7574
-92.7444
-92.7314
-92.7183
-92.7051
-92.6919
-92.6787
-92.6654
-92.652
-92.6386
-92.6251
-92.6116
-92.598
-92.5844
-92.5707
-92.557
-92.5432
-92.5294
-92.5155
-92.5016
-92.4876
-92.4735
-92.4594
-92.4453
-92.431
-92.4168
-92.4025
-92.3881
-92.3737
-92.3592
-92.3446
-92.3301
-92.3154
-92.3007
-92.286
-92.2712
-92.2563
-92.2414
-92.2264
-92.2114
-92.1963
-92.1812
-92.166
-92.1507
-92.1355
-92.1201
-92.1047
-92.0892
-92.0737
-92.0581
-92.0425
-92.0268
-92.0111
-91.9953
-91.9794
-91.9635
-91.9475
-91.9315
-91.9154
-91.8993
-91.8831
-91.8669
-91.8506
-91.8342
-91.8178
-91.8013
-91.7848
-91.7682
-91.7515
-91.7348
-91.718
-91.7012
-91.6843
-91.6674
-91.6504
-91.6333
-91.6162
-91.599
-91.5818
-91.5645
-91.5471
-91.5297
-91.5122
-91.4947
-91.4771
-91.4594
-91.4417
-91.4239
-91.406
-91.3881
-91.3701
-91.3521
-91.334
-91.3158
-91.2976
-91.2793
-91.261
-91.2425
-91.224
-91.2055
-91.1869
-91.1682
-91.1494
-91.1306
-91.1117
-91.0928
-91.0738
-91.0547
-91.0355
-91.0163
-90.997
-90.9776
-90.9582
-90.9387
-90.9191
-90.8994
-90.8797
-90.8599
-90.84
-90.8201
-90.8
-90.7799
-90.7598
-90.7395
-90.7192
-90.6988
-90.6783
-90.6577
-90.6371
-90.6163
-90.5955
-90.5746
-90.5537
-90.5326
-90.5114
-90.4902
-90.4689
-90.4475
-90.426
-90.4044
-90.3827
-90.361
-90.3391
-90.3172
-90.2951
-90.273
-90.2508
-90.2284
-90.206
-90.1835
-90.1609
-90.1381
-90.1153
-90.0924
-90.0693
-90.0462
-90.0229
-89.9995
-89.9761
-89.9525
-89.9287
-89.9049
-89.881
-89.8569
-89.8328
-89.8085
-89.784
-89.7595
-89.7348
-89.71
-89.685
-89.66
-89.6348
-89.6094
-89.5839
-89.5583
-89.5325
-89.5066
-89.4805
-89.4543
-89.4279
-89.4014
-89.3747
-89.3478
-89.3208
-89.2936
-89.2662
-89.2387
-89.211
-89.1831
-89.155
-89.1267
-89.0982
-89.0696
-89.0407
-89.0117
-88.9824
-88.9529
-88.9232
-88.8933
-88.8631
-88.8328
-88.8022
-88.7713
-88.7402
-88.7088
-88.6772
-88.6454
-88.6132
-88.5808
-88.5481
-88.5151
-88.4819
-88.4483
-88.4144
-88.3802
-88.3457
-88.3108
-88.2756
-88.24
-88.2041
-88.1678
-88.1311
-88.094
-88.0566
-88.0187
-87.9803
-87.9416
-87.9024
-87.8627
-87.8226
-87.7819
-87.7407
-87.6991
-87.6568
-87.6141
-87.5707
-87.5267
-87.4821
-87.4369
-87.391
-87.3444
-87.2971
-87.2491
-87.2003
-87.1507
-87.1003
-87.049
-86.9968
-86.9437
-86.8896
-86.8345
-86.7784
-86.7211
-86.6627
-86.6031
-86.5422
-86.48
-86.4165
-86.3514
-86.2849
-86.2167
-86.1468
-86.0751
-86.0016
-85.926
-85.8483
-85.7684
-85.6861
-85.6012
-85.5137
-85.4232
-85.3296
-85.2327
-85.1323
-85.028
-84.9195
-84.8065
-84.6887
-84.5655
-84.4365
-84.301
-84.1586
-84.0083
-83.8494
-83.6807
-83.5011
-83.3092
-83.1032
-82.881
-82.64
-82.3769
-82.0877
-81.7669
-81.4075
-80.9997
-80.5299
-79.978
-79.3133
-78.4845
-77.3994
-75.8673
-73.407
-68.2748
-47.8746
45.7737
49.961
49.6313
48.3687
45.2539
39.3244
30.1004
18.4351
6.75794
-3.39698
-12.4517
-21.1177
-28.8011
-35.3414
-47.8002
-77.6716
-94.2916
-94.9458
-94.9687
-94.9507
-94.9168
-94.8697
-94.815
-94.7596
-94.7093
-94.6668
-94.6327
-94.6059
-94.5853
-94.5695
-94.5574
-94.5482
-94.541
-94.5354
-94.5309
-94.5273
-94.5244
-94.5219
-94.5198
-94.5179
-94.5161
-94.5145
-94.513
-94.5115
-94.51
-94.5085
-94.507
-94.5055
-94.5039
-94.5023
-94.5007
-94.499
-94.4973
-94.4955
-94.4937
-94.4918
-94.4899
-94.4879
-94.4859
-94.4838
-94.4817
-94.4795
-94.4773
-94.475
-94.4726
-94.4703
-94.4678
-94.4653
-94.4628
-94.4602
-94.4576
-94.4549
-94.4522
-94.4495
-94.4466
-94.4438
-94.4409
-94.4379
-94.435
-94.4319
-94.4288
-94.4257
-94.4226
-94.4193
-94.4161
-94.4128
-94.4095
-94.4061
-94.4027
-94.3992
-94.3957
-94.3921
-94.3886
-94.3849
-94.3812
-94.3775
-94.3738
-94.37
-94.3662
-94.3623
-94.3584
-94.3544
-94.3504
-94.3464
-94.3423
-94.3382
-94.334
-94.3298
-94.3256
-94.3213
-94.317
-94.3127
-94.3083
-94.3038
-94.2994
-94.2948
-94.2903
-94.2857
-94.2811
-94.2764
-94.2717
-94.2669
-94.2622
-94.2573
-94.2525
-94.2476
-94.2426
-94.2376
-94.2326
-94.2275
-94.2224
-94.2173
-94.2121
-94.2069
-94.2016
-94.1963
-94.191
-94.1856
-94.1802
-94.1747
-94.1692
-94.1637
-94.1581
-94.1525
-94.1468
-94.1411
-94.1354
-94.1296
-94.1238
-94.1179
-94.112
-94.1061
-94.1001
-94.0941
-94.088
-94.0819
-94.0757
-94.0695
-94.0633
-94.0571
-94.0507
-94.0444
-94.038
-94.0316
-94.0251
-94.0186
-94.012
-94.0054
-93.9988
-93.9921
-93.9854
-93.9786
-93.9718
-93.9649
-93.958
-93.9511
-93.9441
-93.9371
-93.93
-93.9229
-93.9157
-93.9085
-93.9013
-93.894
-93.8867
-93.8793
-93.8719
-93.8645
-93.857
-93.8494
-93.8418
-93.8342
-93.8265
-93.8188
-93.811
-93.8032
-93.7954
-93.7875
-93.7796
-93.7716
-93.7635
-93.7555
-93.7474
-93.7392
-93.731
-93.7227
-93.7144
-93.7061
-93.6977
-93.6893
-93.6808
-93.6723
-93.6637
-93.6551
-93.6464
-93.6377
-93.629
-93.6202
-93.6113
-93.6024
-93.5935
-93.5845
-93.5755
-93.5664
-93.5573
-93.5481
-93.5389
-93.5296
-93.5203
-93.511
-93.5016
-93.4921
-93.4826
-93.4731
-93.4635
-93.4539
-93.4442
-93.4345
-93.4247
-93.4149
-93.405
-93.3951
-93.3851
-93.3751
-93.365
-93.3549
-93.3448
-93.3346
-93.3243
-93.314
-93.3037
-93.2933
-93.2829
-93.2724
-93.2618
-93.2513
-93.2406
-93.23
-93.2192
-93.2085
-93.1976
-93.1868
-93.1758
-93.1649
-93.1539
-93.1428
-93.1317
-93.1205
-93.1093
-93.0981
-93.0868
-93.0754
-93.064
-93.0526
-93.0411
-93.0295
-93.018
-93.0063
-92.9946
-92.9829
-92.9711
-92.9593
-92.9474
-92.9355
-92.9235
-92.9115
-92.8994
-92.8873
-92.8751
-92.8629
-92.8506
-92.8383
-92.8259
-92.8135
-92.801
-92.7885
-92.776
-92.7634
-92.7507
-92.738
-92.7252
-92.7124
-92.6996
-92.6867
-92.6737
-92.6608
-92.6477
-92.6346
-92.6215
-92.6083
-92.595
-92.5818
-92.5684
-92.555
-92.5416
-92.5281
-92.5146
-92.501
-92.4874
-92.4737
-92.46
-92.4462
-92.4324
-92.4185
-92.4046
-92.3906
-92.3766
-92.3626
-92.3484
-92.3343
-92.3201
-92.3058
-92.2915
-92.2771
-92.2627
-92.2483
-92.2338
-92.2192
-92.2046
-92.19
-92.1753
-92.1605
-92.1457
-92.1309
-92.116
-92.101
-92.086
-92.071
-92.0559
-92.0407
-92.0256
-92.0103
-91.995
-91.9797
-91.9643
-91.9488
-91.9333
-91.9178
-91.9022
-91.8866
-91.8709
-91.8551
-91.8393
-91.8235
-91.8076
-91.7917
-91.7757
-91.7596
-91.7435
-91.7274
-91.7112
-91.6949
-91.6786
-91.6623
-91.6459
-91.6294
-91.6129
-91.5964
-91.5798
-91.5631
-91.5464
-91.5296
-91.5128
-91.4959
-91.479
-91.462
-91.445
-91.4279
-91.4108
-91.3936
-91.3763
-91.359
-91.3417
-91.3242
-91.3068
-91.2893
-91.2717
-91.2541
-91.2364
-91.2186
-91.2008
-91.183
-91.165
-91.1471
-91.129
-91.1109
-91.0928
-91.0746
-91.0563
-91.038
-91.0196
-91.0012
-90.9827
-90.9641
-90.9455
-90.9268
-90.9081
-90.8893
-90.8704
-90.8515
-90.8325
-90.8134
-90.7943
-90.7751
-90.7558
-90.7365
-90.7171
-90.6977
-90.6781
-90.6586
-90.6389
-90.6192
-90.5994
-90.5795
-90.5596
-90.5396
-90.5195
-90.4993
-90.4791
-90.4588
-90.4384
-90.418
-90.3975
-90.3769
-90.3562
-90.3354
-90.3146
-90.2937
-90.2727
-90.2516
-90.2304
-90.2092
-90.1878
-90.1664
-90.1449
-90.1233
-90.1016
-90.0799
-90.058
-90.036
-90.014
-89.9918
-89.9696
-89.9473
-89.9248
-89.9023
-89.8797
-89.8569
-89.8341
-89.8112
-89.7881
-89.765
-89.7417
-89.7183
-89.6948
-89.6712
-89.6475
-89.6237
-89.5997
-89.5756
-89.5514
-89.5271
-89.5027
-89.4781
-89.4534
-89.4285
-89.4036
-89.3784
-89.3532
-89.3278
-89.3022
-89.2765
-89.2507
-89.2247
-89.1986
-89.1722
-89.1458
-89.1192
-89.0924
-89.0654
-89.0382
-89.0109
-88.9834
-88.9557
-88.9278
-88.8998
-88.8715
-88.8431
-88.8144
-88.7855
-88.7564
-88.7271
-88.6976
-88.6678
-88.6379
-88.6077
-88.5772
-88.5465
-88.5155
-88.4843
-88.4528
-88.421
-88.389
-88.3567
-88.3241
-88.2911
-88.2579
-88.2244
-88.1905
-88.1563
-88.1218
-88.0869
-88.0516
-88.016
-87.98
-87.9436
-87.9069
-87.8697
-87.832
-87.7939
-87.7554
-87.7164
-87.677
-87.637
-87.5965
-87.5555
-87.514
-87.4719
-87.4292
-87.3859
-87.342
-87.2974
-87.2522
-87.2063
-87.1596
-87.1122
-87.0641
-87.0151
-86.9653
-86.9146
-86.8631
-86.8105
-86.757
-86.7025
-86.6469
-86.5902
-86.5323
-86.4732
-86.4128
-86.3511
-86.2879
-86.2232
-86.157
-86.0892
-86.0196
-85.9482
-85.8748
-85.7994
-85.7218
-85.6419
-85.5595
-85.4745
-85.3867
-85.2959
-85.2019
-85.1045
-85.0033
-84.8982
-84.7887
-84.6745
-84.5552
-84.4303
-84.2992
-84.1615
-84.0162
-83.8627
-83.7
-83.5269
-83.3421
-83.144
-82.9306
-82.6996
-82.448
-82.1721
-81.867
-81.5265
-81.1419
-80.7016
-80.1883
-79.5764
-78.8243
-77.8601
-76.5438
-74.5529
-70.901
-60.3633
4.25373
49.987
49.9385
49.4442
47.7194
43.6919
36.3858
25.6898
13.3352
2.06144
-7.59357
-16.3884
-24.8106
-31.0508
-38.9795
-56.4072
-88.913
-94.7624
-94.9661
-94.963
-94.9367
-94.8957
-94.8438
-94.7878
-94.7347
-94.6886
-94.651
-94.6215
-94.5987
-94.5814
-94.5682
-94.5581
-94.5504
-94.5444
-94.5397
-94.5359
-94.5329
-94.5304
-94.5282
-94.5263
-94.5246
-94.523
-94.5215
-94.5201
-94.5186
-94.5172
-94.5157
-94.5143
-94.5128
-94.5113
-94.5097
-94.5081
-94.5064
-94.5047
-94.5029
-94.5011
-94.4992
-94.4973
-94.4953
-94.4933
-94.4912
-94.4891
-94.4869
-94.4847
-94.4824
-94.4801
-94.4777
-94.4753
-94.4729
-94.4704
-94.4678
-94.4652
-94.4625
-94.4598
-94.4571
-94.4543
-94.4515
-94.4486
-94.4457
-94.4427
-94.4397
-94.4366
-94.4335
-94.4304
-94.4272
-94.424
-94.4207
-94.4174
-94.4141
-94.4107
-94.4073
-94.4038
-94.4003
-94.3967
-94.3931
-94.3895
-94.3858
-94.3821
-94.3783
-94.3745
-94.3707
-94.3668
-94.3629
-94.359
-94.355
-94.3509
-94.3469
-94.3428
-94.3386
-94.3344
-94.3302
-94.3259
-94.3216
-94.3173
-94.3129
-94.3085
-94.304
-94.2995
-94.295
-94.2904
-94.2858
-94.2812
-94.2765
-94.2717
-94.267
-94.2622
-94.2573
-94.2524
-94.2475
-94.2426
-94.2376
-94.2325
-94.2275
-94.2223
-94.2172
-94.212
-94.2068
-94.2015
-94.1962
-94.1909
-94.1855
-94.1801
-94.1746
-94.1691
-94.1635
-94.158
-94.1524
-94.1467
-94.141
-94.1353
-94.1295
-94.1237
-94.1178
-94.1119
-94.106
-94.1
-94.094
-94.088
-94.0819
-94.0757
-94.0696
-94.0634
-94.0571
-94.0508
-94.0445
-94.0381
-94.0317
-94.0252
-94.0188
-94.0122
-94.0056
-93.999
-93.9924
-93.9857
-93.9789
-93.9722
-93.9653
-93.9585
-93.9516
-93.9446
-93.9377
-93.9306
-93.9236
-93.9165
-93.9093
-93.9021
-93.8949
-93.8876
-93.8803
-93.8729
-93.8655
-93.8581
-93.8506
-93.8431
-93.8355
-93.8279
-93.8202
-93.8125
-93.8048
-93.797
-93.7892
-93.7813
-93.7734
-93.7654
-93.7574
-93.7494
-93.7413
-93.7332
-93.725
-93.7168
-93.7085
-93.7002
-93.6919
-93.6835
-93.6751
-93.6666
-93.6581
-93.6495
-93.6409
-93.6322
-93.6235
-93.6148
-93.606
-93.5972
-93.5883
-93.5794
-93.5704
-93.5614
-93.5524
-93.5433
-93.5341
-93.525
-93.5157
-93.5065
-93.4972
-93.4878
-93.4784
-93.4689
-93.4594
-93.4499
-93.4403
-93.4307
-93.421
-93.4113
-93.4015
-93.3917
-93.3819
-93.372
-93.362
-93.352
-93.342
-93.3319
-93.3218
-93.3116
-93.3014
-93.2912
-93.2809
-93.2705
-93.2601
-93.2497
-93.2392
-93.2287
-93.2181
-93.2075
-93.1968
-93.1861
-93.1754
-93.1646
-93.1537
-93.1428
-93.1319
-93.1209
-93.1099
-93.0988
-93.0877
-93.0766
-93.0653
-93.0541
-93.0428
-93.0315
-93.0201
-93.0087
-92.9972
-92.9857
-92.9741
-92.9625
-92.9508
-92.9391
-92.9274
-92.9156
-92.9038
-92.8919
-92.88
-92.868
-92.856
-92.8439
-92.8318
-92.8197
-92.8075
-92.7952
-92.7829
-92.7706
-92.7582
-92.7458
-92.7334
-92.7209
-92.7083
-92.6957
-92.6831
-92.6704
-92.6577
-92.6449
-92.6321
-92.6192
-92.6063
-92.5934
-92.5804
-92.5673
-92.5542
-92.5411
-92.5279
-92.5147
-92.5015
-92.4882
-92.4748
-92.4614
-92.448
-92.4345
-92.421
-92.4074
-92.3938
-92.3801
-92.3664
-92.3527
-92.3389
-92.3251
-92.3112
-92.2973
-92.2833
-92.2693
-92.2553
-92.2412
-92.227
-92.2128
-92.1986
-92.1843
-92.17
-92.1557
-92.1413
-92.1268
-92.1123
-92.0978
-92.0832
-92.0686
-92.0539
-92.0392
-92.0245
-92.0097
-91.9948
-91.98
-91.965
-91.95
-91.935
-91.92
-91.9049
-91.8897
-91.8745
-91.8593
-91.844
-91.8287
-91.8133
-91.7979
-91.7824
-91.7669
-91.7514
-91.7358
-91.7202
-91.7045
-91.6888
-91.673
-91.6572
-91.6413
-91.6254
-91.6095
-91.5935
-91.5774
-91.5614
-91.5452
-91.5291
-91.5128
-91.4966
-91.4802
-91.4639
-91.4475
-91.431
-91.4145
-91.398
-91.3814
-91.3648
-91.3481
-91.3314
-91.3146
-91.2978
-91.2809
-91.264
-91.247
-91.23
-91.2129
-91.1958
-91.1786
-91.1614
-91.1442
-91.1269
-91.1095
-91.0921
-91.0746
-91.0571
-91.0396
-91.022
-91.0043
-90.9866
-90.9688
-90.951
-90.9332
-90.9152
-90.8973
-90.8792
-90.8612
-90.843
-90.8249
-90.8066
-90.7883
-90.77
-90.7516
-90.7331
-90.7146
-90.696
-90.6774
-90.6587
-90.64
-90.6212
-90.6023
-90.5834
-90.5644
-90.5454
-90.5263
-90.5071
-90.4879
-90.4686
-90.4492
-90.4298
-90.4103
-90.3908
-90.3712
-90.3515
-90.3318
-90.3119
-90.2921
-90.2721
-90.2521
-90.232
-90.2119
-90.1916
-90.1713
-90.1509
-90.1305
-90.11
-90.0894
-90.0687
-90.0479
-90.0271
-90.0062
-89.9852
-89.9641
-89.943
-89.9217
-89.9004
-89.879
-89.8575
-89.8359
-89.8143
-89.7925
-89.7706
-89.7487
-89.7266
-89.7045
-89.6823
-89.6599
-89.6375
-89.615
-89.5923
-89.5696
-89.5467
-89.5238
-89.5007
-89.4775
-89.4543
-89.4309
-89.4073
-89.3837
-89.36
-89.3361
-89.3121
-89.288
-89.2637
-89.2393
-89.2148
-89.1901
-89.1654
-89.1404
-89.1154
-89.0901
-89.0648
-89.0393
-89.0136
-88.9878
-88.9618
-88.9356
-88.9093
-88.8828
-88.8562
-88.8294
-88.8024
-88.7752
-88.7478
-88.7202
-88.6924
-88.6645
-88.6363
-88.608
-88.5794
-88.5506
-88.5216
-88.4923
-88.4628
-88.4331
-88.4032
-88.3729
-88.3425
-88.3118
-88.2808
-88.2495
-88.2179
-88.1861
-88.154
-88.1216
-88.0888
-88.0558
-88.0224
-87.9886
-87.9546
-87.9202
-87.8854
-87.8502
-87.8147
-87.7787
-87.7424
-87.7056
-87.6684
-87.6307
-87.5926
-87.554
-87.5149
-87.4753
-87.4352
-87.3946
-87.3534
-87.3116
-87.2692
-87.2262
-87.1825
-87.1382
-87.0932
-87.0475
-87.0011
-86.9538
-86.9058
-86.857
-86.8072
-86.7566
-86.7051
-86.6525
-86.5989
-86.5443
-86.4885
-86.4316
-86.3735
-86.314
-86.2533
-86.1911
-86.1274
-86.0622
-85.9953
-85.9266
-85.8562
-85.7837
-85.7093
-85.6326
-85.5536
-85.4721
-85.388
-85.3011
-85.2112
-85.118
-85.0214
-84.9211
-84.8166
-84.7078
-84.5943
-84.4756
-84.3512
-84.2206
-84.0831
-83.9381
-83.7847
-83.6219
-83.4485
-83.2631
-83.0642
-82.8496
-82.617
-82.3631
-82.0841
-81.775
-81.4289
-81.0369
-80.5863
-80.0587
-79.4259
-78.6421
-77.6258
-76.2142
-74.0141
-69.717
-55.1238
31.2934
49.9773
49.7428
48.7022
45.9548
40.4924
31.6928
20.1689
8.26646
-2.13092
-11.2997
-19.975
-27.9107
-33.9289
-44.6362
-70.6817
-93.6652
-94.9159
-94.9683
-94.9545
-94.923
-94.8778
-94.8239
-94.7681
-94.7167
-94.6729
-94.6374
-94.6095
-94.5881
-94.5716
-94.5591
-94.5495
-94.5421
-94.5363
-94.5318
-94.5282
-94.5252
-94.5227
-94.5206
-94.5187
-94.5171
-94.5155
-94.514
-94.5126
-94.5111
-94.5097
-94.5083
-94.5068
-94.5053
-94.5038
-94.5022
-94.5006
-94.4989
-94.4972
-94.4954
-94.4936
-94.4917
-94.4898
-94.4878
-94.4858
-94.4837
-94.4816
-94.4794
-94.4772
-94.4749
-94.4726
-94.4702
-94.4678
-94.4653
-94.4628
-94.4602
-94.4576
-94.455
-94.4523
-94.4495
-94.4467
-94.4439
-94.441
-94.438
-94.4351
-94.4321
-94.429
-94.4259
-94.4227
-94.4195
-94.4163
-94.413
-94.4097
-94.4064
-94.403
-94.3995
-94.396
-94.3925
-94.389
-94.3853
-94.3817
-94.378
-94.3743
-94.3705
-94.3667
-94.3629
-94.359
-94.3551
-94.3511
-94.3471
-94.3431
-94.339
-94.3349
-94.3307
-94.3265
-94.3223
-94.318
-94.3137
-94.3093
-94.305
-94.3005
-94.2961
-94.2916
-94.287
-94.2824
-94.2778
-94.2732
-94.2685
-94.2637
-94.259
-94.2542
-94.2493
-94.2444
-94.2395
-94.2345
-94.2295
-94.2245
-94.2194
-94.2143
-94.2092
-94.204
-94.1987
-94.1935
-94.1882
-94.1828
-94.1774
-94.172
-94.1666
-94.1611
-94.1555
-94.15
-94.1443
-94.1387
-94.133
-94.1273
-94.1215
-94.1157
-94.1099
-94.104
-94.0981
-94.0921
-94.0861
-94.0801
-94.074
-94.0679
-94.0617
-94.0555
-94.0493
-94.043
-94.0367
-94.0303
-94.024
-94.0175
-94.0111
-94.0045
-93.998
-93.9914
-93.9848
-93.9781
-93.9714
-93.9646
-93.9578
-93.951
-93.9441
-93.9372
-93.9303
-93.9233
-93.9163
-93.9092
-93.9021
-93.8949
-93.8877
-93.8805
-93.8732
-93.8659
-93.8585
-93.8511
-93.8437
-93.8362
-93.8287
-93.8211
-93.8135
-93.8059
-93.7982
-93.7905
-93.7827
-93.7749
-93.767
-93.7591
-93.7512
-93.7432
-93.7352
-93.7271
-93.719
-93.7109
-93.7027
-93.6945
-93.6862
-93.6779
-93.6695
-93.6611
-93.6527
-93.6442
-93.6357
-93.6271
-93.6185
-93.6099
-93.6012
-93.5924
-93.5837
-93.5748
-93.566
-93.5571
-93.5481
-93.5391
-93.5301
-93.521
-93.5119
-93.5028
-93.4935
-93.4843
-93.475
-93.4657
-93.4563
-93.4469
-93.4374
-93.4279
-93.4184
-93.4088
-93.3992
-93.3895
-93.3798
-93.37
-93.3602
-93.3504
-93.3405
-93.3306
-93.3206
-93.3106
-93.3005
-93.2904
-93.2803
-93.2701
-93.2599
-93.2496
-93.2393
-93.2289
-93.2185
-93.2081
-93.1976
-93.1871
-93.1765
-93.1659
-93.1552
-93.1446
-93.1338
-93.123
-93.1122
-93.1013
-93.0904
-93.0795
-93.0685
-93.0575
-93.0464
-93.0353
-93.0241
-93.0129
-93.0017
-92.9904
-92.979
-92.9677
-92.9563
-92.9448
-92.9333
-92.9218
-92.9102
-92.8986
-92.8869
-92.8752
-92.8634
-92.8516
-92.8398
-92.8279
-92.816
-92.8041
-92.7921
-92.78
-92.768
-92.7558
-92.7437
-92.7315
-92.7192
-92.7069
-92.6946
-92.6823
-92.6698
-92.6574
-92.6449
-92.6324
-92.6198
-92.6072
-92.5945
-92.5818
-92.5691
-92.5563
-92.5435
-92.5307
-92.5178
-92.5048
-92.4919
-92.4789
-92.4658
-92.4527
-92.4396
-92.4264
-92.4132
-92.3999
-92.3866
-92.3733
-92.3599
-92.3465
-92.3331
-92.3196
-92.306
-92.2925
-92.2789
-92.2652
-92.2515
-92.2378
-92.224
-92.2102
-92.1964
-92.1825
-92.1685
-92.1546
-92.1406
-92.1265
-92.1124
-92.0983
-92.0842
-92.07
-92.0557
-92.0415
-92.0271
-92.0128
-91.9984
-91.984
-91.9695
-91.955
-91.9404
-91.9259
-91.9112
-91.8966
-91.8819
-91.8671
-91.8523
-91.8375
-91.8227
-91.8078
-91.7928
-91.7779
-91.7628
-91.7478
-91.7327
-91.7176
-91.7024
-91.6872
-91.672
-91.6567
-91.6413
-91.626
-91.6106
-91.5951
-91.5797
-91.5642
-91.5486
-91.533
-91.5174
-91.5017
-91.486
-91.4702
-91.4544
-91.4386
-91.4227
-91.4068
-91.3908
-91.3748
-91.3588
-91.3427
-91.3266
-91.3105
-91.2943
-91.2781
-91.2618
-91.2455
-91.2291
-91.2127
-91.1963
-91.1798
-91.1633
-91.1467
-91.1301
-91.1134
-91.0968
-91.08
-91.0633
-91.0464
-91.0296
-91.0127
-90.9957
-90.9787
-90.9617
-90.9446
-90.9275
-90.9103
-90.8931
-90.8759
-90.8586
-90.8412
-90.8238
-90.8064
-90.7889
-90.7714
-90.7538
-90.7362
-90.7185
-90.7008
-90.683
-90.6652
-90.6473
-90.6294
-90.6115
-90.5935
-90.5754
-90.5573
-90.5391
-90.5209
-90.5026
-90.4843
-90.466
-90.4475
-90.429
-90.4105
-90.3919
-90.3733
-90.3546
-90.3358
-90.317
-90.2982
-90.2792
-90.2603
-90.2412
-90.2221
-90.203
-90.1837
-90.1644
-90.1451
-90.1257
-90.1062
-90.0867
-90.0671
-90.0474
-90.0277
-90.0079
-89.988
-89.9681
-89.9481
-89.928
-89.9079
-89.8876
-89.8674
-89.847
-89.8266
-89.806
-89.7854
-89.7648
-89.744
-89.7232
-89.7023
-89.6813
-89.6602
-89.639
-89.6178
-89.5965
-89.575
-89.5535
-89.5319
-89.5102
-89.4884
-89.4665
-89.4446
-89.4225
-89.4003
-89.378
-89.3556
-89.3332
-89.3106
-89.2878
-89.265
-89.2421
-89.2191
-89.1959
-89.1726
-89.1492
-89.1257
-89.1021
-89.0783
-89.0544
-89.0304
-89.0063
-88.982
-88.9575
-88.933
-88.9083
-88.8834
-88.8584
-88.8332
-88.8079
-88.7824
-88.7568
-88.731
-88.705
-88.6789
-88.6526
-88.6261
-88.5994
-88.5726
-88.5455
-88.5183
-88.4908
-88.4632
-88.4353
-88.4072
-88.379
-88.3505
-88.3217
-88.2927
-88.2635
-88.2341
-88.2044
-88.1744
-88.1442
-88.1137
-88.083
-88.0519
-88.0206
-87.9889
-87.957
-87.9247
-87.8921
-87.8592
-87.826
-87.7924
-87.7584
-87.7241
-87.6893
-87.6542
-87.6187
-87.5828
-87.5464
-87.5096
-87.4724
-87.4346
-87.3964
-87.3577
-87.3185
-87.2787
-87.2383
-87.1974
-87.1559
-87.1138
-87.0711
-87.0277
-86.9836
-86.9388
-86.8932
-86.8469
-86.7998
-86.7519
-86.7031
-86.6534
-86.6027
-86.5511
-86.4985
-86.4448
-86.3899
-86.334
-86.2767
-86.2182
-86.1584
-86.0971
-86.0344
-85.9701
-85.9041
-85.8364
-85.7668
-85.6953
-85.6217
-85.546
-85.4678
-85.3873
-85.304
-85.2179
-85.1288
-85.0364
-84.9406
-84.8409
-84.7372
-84.629
-84.5161
-84.3979
-84.2739
-84.1437
-84.0066
-83.8617
-83.7083
-83.5453
-83.3715
-83.1856
-82.9857
-82.7698
-82.5353
-82.279
-81.9968
-81.6834
-81.3316
-80.9319
-80.4707
-79.9281
-79.2734
-78.4556
-77.3831
-75.8655
-73.4213
-68.29
-47.6025
45.9537
49.9606
49.6289
48.361
45.2361
39.2916
30.0511
18.3766
6.7033
-3.44518
-12.4965
-21.1614
-28.8327
-35.3909
-47.912
-77.8881
-94.3033
-94.9461
-94.9685
-94.9503
-94.9161
-94.8687
-94.8136
-94.7579
-94.7074
-94.6648
-94.6305
-94.6037
-94.5831
-94.5674
-94.5553
-94.5461
-94.539
-94.5335
-94.5291
-94.5257
-94.5228
-94.5204
-94.5184
-94.5166
-94.5149
-94.5134
-94.5119
-94.5105
-94.5091
-94.5077
-94.5063
-94.5049
-94.5034
-94.5019
-94.5003
-94.4987
-94.4971
-94.4954
-94.4936
-94.4918
-94.4899
-94.488
-94.4861
-94.4841
-94.482
-94.4799
-94.4777
-94.4755
-94.4733
-94.4709
-94.4686
-94.4662
-94.4637
-94.4612
-94.4587
-94.4561
-94.4534
-94.4507
-94.448
-94.4452
-94.4424
-94.4395
-94.4366
-94.4336
-94.4306
-94.4276
-94.4245
-94.4214
-94.4182
-94.415
-94.4117
-94.4084
-94.4051
-94.4017
-94.3983
-94.3948
-94.3913
-94.3878
-94.3842
-94.3806
-94.3769
-94.3732
-94.3695
-94.3657
-94.3619
-94.358
-94.3541
-94.3502
-94.3462
-94.3422
-94.3381
-94.334
-94.3299
-94.3257
-94.3215
-94.3173
-94.313
-94.3086
-94.3043
-94.2999
-94.2954
-94.291
-94.2865
-94.2819
-94.2773
-94.2727
-94.268
-94.2633
-94.2586
-94.2538
-94.249
-94.2442
-94.2393
-94.2343
-94.2294
-94.2244
-94.2193
-94.2143
-94.2091
-94.204
-94.1988
-94.1936
-94.1883
-94.183
-94.1777
-94.1723
-94.1669
-94.1614
-94.1559
-94.1504
-94.1448
-94.1392
-94.1336
-94.1279
-94.1222
-94.1164
-94.1106
-94.1048
-94.0989
-94.093
-94.0871
-94.0811
-94.0751
-94.069
-94.0629
-94.0568
-94.0506
-94.0444
-94.0381
-94.0319
-94.0255
-94.0192
-94.0127
-94.0063
-93.9998
-93.9933
-93.9867
-93.9801
-93.9735
-93.9668
-93.9601
-93.9533
-93.9465
-93.9397
-93.9328
-93.9259
-93.919
-93.912
-93.9049
-93.8979
-93.8908
-93.8836
-93.8764
-93.8692
-93.8619
-93.8546
-93.8473
-93.8399
-93.8324
-93.825
-93.8175
-93.8099
-93.8023
-93.7947
-93.787
-93.7793
-93.7716
-93.7638
-93.7559
-93.7481
-93.7402
-93.7322
-93.7242
-93.7162
-93.7081
-93.7
-93.6919
-93.6837
-93.6754
-93.6672
-93.6588
-93.6505
-93.6421
-93.6336
-93.6252
-93.6166
-93.6081
-93.5995
-93.5908
-93.5822
-93.5734
-93.5647
-93.5559
-93.547
-93.5381
-93.5292
-93.5203
-93.5113
-93.5022
-93.4931
-93.484
-93.4748
-93.4656
-93.4563
-93.4471
-93.4377
-93.4283
-93.4189
-93.4095
-93.4
-93.3904
-93.3809
-93.3712
-93.3616
-93.3519
-93.3421
-93.3324
-93.3225
-93.3127
-93.3028
-93.2928
-93.2828
-93.2728
-93.2628
-93.2526
-93.2425
-93.2323
-93.2221
-93.2118
-93.2015
-93.1912
-93.1808
-93.1703
-93.1599
-93.1494
-93.1388
-93.1282
-93.1176
-93.1069
-93.0962
-93.0855
-93.0747
-93.0639
-93.053
-93.0421
-93.0312
-93.0202
-93.0091
-92.9981
-92.987
-92.9758
-92.9647
-92.9534
-92.9422
-92.9309
-92.9195
-92.9082
-92.8967
-92.8853
-92.8738
-92.8623
-92.8507
-92.8391
-92.8274
-92.8157
-92.804
-92.7923
-92.7805
-92.7686
-92.7567
-92.7448
-92.7329
-92.7209
-92.7089
-92.6968
-92.6847
-92.6725
-92.6604
-92.6481
-92.6359
-92.6236
-92.6113
-92.5989
-92.5865
-92.5741
-92.5616
-92.5491
-92.5365
-92.5239
-92.5113
-92.4987
-92.486
-92.4732
-92.4605
-92.4476
-92.4348
-92.4219
-92.409
-92.3961
-92.3831
-92.37
-92.357
-92.3439
-92.3308
-92.3176
-92.3044
-92.2912
-92.2779
-92.2646
-92.2512
-92.2379
-92.2245
-92.211
-92.1975
-92.184
-92.1705
-92.1569
-92.1432
-92.1296
-92.1159
-92.1022
-92.0884
-92.0746
-92.0608
-92.0469
-92.033
-92.0191
-92.0051
-91.9911
-91.9771
-91.963
-91.9489
-91.9348
-91.9206
-91.9064
-91.8922
-91.8779
-91.8636
-91.8492
-91.8349
-91.8204
-91.806
-91.7915
-91.777
-91.7625
-91.7479
-91.7333
-91.7186
-91.704
-91.6893
-91.6745
-91.6597
-91.6449
-91.6301
-91.6152
-91.6003
-91.5853
-91.5704
-91.5553
-91.5403
-91.5252
-91.5101
-91.4949
-91.4798
-91.4645
-91.4493
-91.434
-91.4187
-91.4033
-91.3879
-91.3725
-91.3571
-91.3416
-91.3261
-91.3105
-91.2949
-91.2793
-91.2636
-91.2479
-91.2322
-91.2164
-91.2006
-91.1848
-91.1689
-91.153
-91.1371
-91.1211
-91.1051
-91.0891
-91.073
-91.0569
-91.0407
-91.0245
-91.0083
-90.9921
-90.9758
-90.9594
-90.943
-90.9266
-90.9102
-90.8937
-90.8772
-90.8606
-90.844
-90.8274
-90.8107
-90.794
-90.7773
-90.7605
-90.7437
-90.7268
-90.7099
-90.6929
-90.6759
-90.6589
-90.6419
-90.6247
-90.6076
-90.5904
-90.5732
-90.5559
-90.5386
-90.5212
-90.5038
-90.4864
-90.4689
-90.4513
-90.4338
-90.4161
-90.3985
-90.3807
-90.363
-90.3452
-90.3273
-90.3094
-90.2915
-90.2735
-90.2554
-90.2373
-90.2192
-90.201
-90.1827
-90.1644
-90.1461
-90.1277
-90.1092
-90.0907
-90.0721
-90.0535
-90.0348
-90.0161
-89.9973
-89.9785
-89.9596
-89.9406
-89.9216
-89.9025
-89.8834
-89.8642
-89.8449
-89.8256
-89.8062
-89.7867
-89.7672
-89.7476
-89.7279
-89.7082
-89.6884
-89.6686
-89.6486
-89.6286
-89.6085
-89.5884
-89.5682
-89.5479
-89.5275
-89.507
-89.4865
-89.4658
-89.4451
-89.4243
-89.4035
-89.3825
-89.3615
-89.3403
-89.3191
-89.2978
-89.2764
-89.2549
-89.2333
-89.2116
-89.1898
-89.1679
-89.1459
-89.1238
-89.1016
-89.0792
-89.0568
-89.0342
-89.0116
-88.9888
-88.9659
-88.9429
-88.9198
-88.8965
-88.8731
-88.8496
-88.826
-88.8022
-88.7782
-88.7542
-88.73
-88.7056
-88.6811
-88.6565
-88.6317
-88.6067
-88.5816
-88.5563
-88.5308
-88.5052
-88.4794
-88.4534
-88.4272
-88.4009
-88.3743
-88.3476
-88.3206
-88.2935
-88.2661
-88.2386
-88.2108
-88.1828
-88.1545
-88.126
-88.0973
-88.0683
-88.0391
-88.0096
-87.9799
-87.9499
-87.9196
-87.889
-87.8581
-87.8269
-87.7954
-87.7636
-87.7314
-87.6989
-87.6661
-87.6329
-87.5993
-87.5654
-87.531
-87.4963
-87.4611
-87.4256
-87.3895
-87.3531
-87.3161
-87.2787
-87.2407
-87.2023
-87.1633
-87.1238
-87.0837
-87.0429
-87.0016
-86.9597
-86.917
-86.8737
-86.8297
-86.785
-86.7394
-86.6931
-86.646
-86.5979
-86.549
-86.4991
-86.4483
-86.3964
-86.3435
-86.2894
-86.2342
-86.1777
-86.1199
-86.0608
-86.0002
-85.9382
-85.8745
-85.8092
-85.7422
-85.6732
-85.6023
-85.5293
-85.4541
-85.3765
-85.2964
-85.2136
-85.1279
-85.0391
-84.947
-84.8514
-84.7519
-84.6482
-84.54
-84.4269
-84.3085
-84.1841
-84.0533
-83.9154
-83.7695
-83.6148
-83.4502
-83.2744
-83.086
-82.8831
-82.6635
-82.4243
-82.1622
-81.8727
-81.55
-81.1863
-80.7709
-80.2886
-79.7166
-79.0192
-78.1355
-76.9515
-75.2175
-72.2378
-64.9412
-26.7721
48.9958
49.9502
49.565
48.1539
44.7548
38.4041
28.7249
16.8209
5.25947
-4.72334
-13.6887
-22.3148
-29.6282
-36.6606
-50.8485
-82.9693
-94.5725
-94.962
-94.968
-94.9457
-94.9081
-94.858
-94.8014
-94.7458
-94.6965
-94.6555
-94.623
-94.5978
-94.5785
-94.5638
-94.5526
-94.544
-94.5374
-94.5323
-94.5282
-94.525
-94.5223
-94.52
-94.5181
-94.5163
-94.5147
-94.5133
-94.5118
-94.5104
-94.5091
-94.5077
-94.5063
-94.5048
-94.5034
-94.5019
-94.5003
-94.4987
-94.4971
-94.4954
-94.4936
-94.4918
-94.49
-94.4881
-94.4861
-94.4841
-94.482
-94.4799
-94.4778
-94.4756
-94.4733
-94.471
-94.4686
-94.4662
-94.4638
-94.4613
-94.4587
-94.4561
-94.4535
-94.4508
-94.4481
-94.4453
-94.4425
-94.4396
-94.4367
-94.4337
-94.4308
-94.4277
-94.4246
-94.4215
-94.4183
-94.4151
-94.4119
-94.4086
-94.4053
-94.4019
-94.3985
-94.395
-94.3915
-94.388
-94.3844
-94.3808
-94.3771
-94.3735
-94.3697
-94.366
-94.3621
-94.3583
-94.3544
-94.3505
-94.3465
-94.3425
-94.3385
-94.3344
-94.3303
-94.3261
-94.3219
-94.3177
-94.3134
-94.3091
-94.3048
-94.3004
-94.296
-94.2915
-94.287
-94.2825
-94.2779
-94.2733
-94.2687
-94.264
-94.2593
-94.2545
-94.2497
-94.2449
-94.24
-94.2351
-94.2302
-94.2252
-94.2202
-94.2152
-94.2101
-94.205
-94.1998
-94.1946
-94.1894
-94.1841
-94.1788
-94.1734
-94.168
-94.1626
-94.1572
-94.1517
-94.1461
-94.1406
-94.135
-94.1293
-94.1236
-94.1179
-94.1122
-94.1064
-94.1006
-94.0947
-94.0888
-94.0828
-94.0769
-94.0708
-94.0648
-94.0587
-94.0526
-94.0464
-94.0402
-94.034
-94.0277
-94.0214
-94.015
-94.0086
-94.0022
-93.9957
-93.9892
-93.9827
-93.9761
-93.9695
-93.9628
-93.9561
-93.9494
-93.9426
-93.9358
-93.9289
-93.922
-93.9151
-93.9082
-93.9011
-93.8941
-93.887
-93.8799
-93.8727
-93.8655
-93.8583
-93.851
-93.8437
-93.8364
-93.829
-93.8216
-93.8141
-93.8066
-93.799
-93.7914
-93.7838
-93.7762
-93.7685
-93.7607
-93.7529
-93.7451
-93.7373
-93.7294
-93.7214
-93.7135
-93.7054
-93.6974
-93.6893
-93.6812
-93.673
-93.6648
-93.6565
-93.6483
-93.6399
-93.6316
-93.6231
-93.6147
-93.6062
-93.5977
-93.5891
-93.5805
-93.5719
-93.5632
-93.5545
-93.5457
-93.5369
-93.5281
-93.5192
-93.5103
-93.5014
-93.4924
-93.4833
-93.4743
-93.4651
-93.456
-93.4468
-93.4376
-93.4283
-93.419
-93.4096
-93.4003
-93.3908
-93.3814
-93.3719
-93.3623
-93.3528
-93.3431
-93.3335
-93.3238
-93.3141
-93.3043
-93.2945
-93.2846
-93.2747
-93.2648
-93.2549
-93.2448
-93.2348
-93.2247
-93.2146
-93.2045
-93.1943
-93.184
-93.1738
-93.1634
-93.1531
-93.1427
-93.1323
-93.1218
-93.1113
-93.1008
-93.0902
-93.0796
-93.069
-93.0583
-93.0476
-93.0368
-93.026
-93.0152
-93.0043
-92.9934
-92.9825
-92.9715
-92.9605
-92.9494
-92.9383
-92.9272
-92.916
-92.9048
-92.8936
-92.8823
-92.871
-92.8597
-92.8483
-92.8369
-92.8254
-92.814
-92.8024
-92.7909
-92.7793
-92.7677
-92.756
-92.7443
-92.7326
-92.7208
-92.709
-92.6972
-92.6853
-92.6734
-92.6614
-92.6495
-92.6374
-92.6254
-92.6133
-92.6012
-92.5891
-92.5769
-92.5647
-92.5524
-92.5401
-92.5278
-92.5155
-92.5031
-92.4907
-92.4782
-92.4657
-92.4532
-92.4407
-92.4281
-92.4155
-92.4028
-92.3902
-92.3774
-92.3647
-92.3519
-92.3391
-92.3263
-92.3134
-92.3005
-92.2876
-92.2746
-92.2616
-92.2486
-92.2355
-92.2224
-92.2093
-92.1961
-92.1829
-92.1697
-92.1565
-92.1432
-92.1299
-92.1165
-92.1032
-92.0898
-92.0763
-92.0629
-92.0494
-92.0358
-92.0223
-92.0087
-91.9951
-91.9814
-91.9678
-91.954
-91.9403
-91.9265
-91.9127
-91.8989
-91.8851
-91.8712
-91.8573
-91.8433
-91.8293
-91.8153
-91.8013
-91.7873
-91.7732
-91.759
-91.7449
-91.7307
-91.7165
-91.7023
-91.688
-91.6737
-91.6594
-91.645
-91.6306
-91.6162
-91.6018
-91.5873
-91.5728
-91.5583
-91.5438
-91.5292
-91.5146
-91.4999
-91.4853
-91.4706
-91.4558
-91.4411
-91.4263
-91.4115
-91.3966
-91.3818
-91.3669
-91.3519
-91.337
-91.322
-91.307
-91.292
-91.2769
-91.2618
-91.2466
-91.2315
-91.2163
-91.2011
-91.1858
-91.1706
-91.1552
-91.1399
-91.1245
-91.1092
-91.0937
-91.0783
-91.0628
-91.0473
-91.0317
-91.0162
-91.0006
-90.9849
-90.9693
-90.9536
-90.9378
-90.9221
-90.9063
-90.8905
-90.8746
-90.8587
-90.8428
-90.8269
-90.8109
-90.7949
-90.7789
-90.7628
-90.7467
-90.7305
-90.7144
-90.6982
-90.6819
-90.6657
-90.6494
-90.633
-90.6167
-90.6003
-90.5838
-90.5673
-90.5508
-90.5343
-90.5177
-90.5011
-90.4844
-90.4677
-90.451
-90.4343
-90.4175
-90.4006
-90.3837
-90.3668
-90.3499
-90.3329
-90.3159
-90.2988
-90.2817
-90.2645
-90.2473
-90.2301
-90.2128
-90.1955
-90.1782
-90.1608
-90.1433
-90.1258
-90.1083
-90.0908
-90.0731
-90.0555
-90.0378
-90.02
-90.0022
-89.9843
-89.9664
-89.9485
-89.9305
-89.9124
-89.8943
-89.8762
-89.858
-89.8397
-89.8214
-89.8031
-89.7847
-89.7662
-89.7477
-89.7291
-89.7104
-89.6917
-89.673
-89.6542
-89.6353
-89.6164
-89.5974
-89.5783
-89.5592
-89.54
-89.5207
-89.5014
-89.482
-89.4625
-89.443
-89.4234
-89.4037
-89.384
-89.3642
-89.3443
-89.3243
-89.3043
-89.2842
-89.2639
-89.2436
-89.2233
-89.2028
-89.1823
-89.1617
-89.1409
-89.1201
-89.0992
-89.0783
-89.0572
-89.036
-89.0147
-88.9933
-88.9718
-88.9503
-88.9286
-88.9068
-88.8849
-88.8629
-88.8408
-88.8185
-88.7961
-88.7737
-88.7511
-88.7283
-88.7055
-88.6825
-88.6594
-88.6362
-88.6128
-88.5893
-88.5656
-88.5418
-88.5178
-88.4937
-88.4694
-88.445
-88.4204
-88.3957
-88.3708
-88.3457
-88.3204
-88.295
-88.2694
-88.2435
-88.2175
-88.1913
-88.1649
-88.1383
-88.1115
-88.0845
-88.0572
-88.0297
-88.002
-87.974
-87.9459
-87.9174
-87.8887
-87.8597
-87.8305
-87.801
-87.7712
-87.7411
-87.7107
-87.68
-87.649
-87.6177
-87.586
-87.554
-87.5216
-87.4888
-87.4557
-87.4222
-87.3884
-87.354
-87.3193
-87.2841
-87.2485
-87.2124
-87.1759
-87.1388
-87.1012
-87.0631
-87.0245
-86.9852
-86.9454
-86.905
-86.8639
-86.8222
-86.7798
-86.7367
-86.6929
-86.6483
-86.6029
-86.5567
-86.5096
-86.4616
-86.4127
-86.3628
-86.3119
-86.2599
-86.2068
-86.1525
-86.097
-86.0402
-85.9821
-85.9225
-85.8615
-85.7988
-85.7345
-85.6684
-85.6005
-85.5306
-85.4586
-85.3844
-85.3078
-85.2287
-85.1469
-85.0622
-84.9745
-84.8834
-84.7888
-84.6903
-84.5876
-84.4804
-84.3682
-84.2507
-84.1273
-83.9973
-83.8602
-83.7152
-83.5612
-83.3973
-83.2221
-83.0342
-82.8316
-82.6122
-82.373
-82.1105
-81.8203
-81.4963
-81.1306
-80.7122
-80.2253
-79.6463
-78.9378
-78.036
-76.8188
-75.0156
-71.8468
-63.6326
-17.818
49.8615
49.956
49.576
48.1543
44.6967
38.2103
28.3331
16.2737
4.6995
-5.24503
-14.1823
-22.7773
-29.9071
-37.0839
-51.8055
-84.2761
-94.6178
-94.9633
-94.967
-94.9436
-94.9051
-94.8544
-94.798
-94.7431
-94.6947
-94.6549
-94.6234
-94.5991
-94.5806
-94.5665
-94.5559
-94.5477
-94.5414
-94.5365
-94.5326
-94.5295
-94.5269
-94.5248
-94.5229
-94.5212
-94.5197
-94.5183
-94.5169
-94.5155
-94.5142
-94.5128
-94.5115
-94.5101
-94.5086
-94.5071
-94.5056
-94.504
-94.5024
-94.5007
-94.499
-94.4972
-94.4954
-94.4935
-94.4915
-94.4896
-94.4875
-94.4854
-94.4833
-94.4811
-94.4789
-94.4766
-94.4743
-94.4719
-94.4694
-94.467
-94.4644
-94.4619
-94.4593
-94.4566
-94.4539
-94.4512
-94.4484
-94.4455
-94.4427
-94.4397
-94.4368
-94.4338
-94.4307
-94.4276
-94.4245
-94.4213
-94.4181
-94.4148
-94.4115
-94.4082
-94.4048
-94.4014
-94.3979
-94.3944
-94.3909
-94.3873
-94.3837
-94.3801
-94.3764
-94.3726
-94.3689
-94.3651
-94.3612
-94.3573
-94.3534
-94.3495
-94.3455
-94.3414
-94.3374
-94.3332
-94.3291
-94.3249
-94.3207
-94.3164
-94.3121
-94.3078
-94.3034
-94.299
-94.2946
-94.2901
-94.2856
-94.281
-94.2764
-94.2718
-94.2672
-94.2625
-94.2577
-94.253
-94.2482
-94.2433
-94.2384
-94.2335
-94.2286
-94.2236
-94.2185
-94.2135
-94.2084
-94.2032
-94.1981
-94.1929
-94.1876
-94.1823
-94.177
-94.1717
-94.1663
-94.1609
-94.1554
-94.1499
-94.1444
-94.1388
-94.1332
-94.1275
-94.1219
-94.1161
-94.1104
-94.1046
-94.0988
-94.0929
-94.087
-94.0811
-94.0751
-94.0691
-94.063
-94.057
-94.0508
-94.0447
-94.0385
-94.0323
-94.026
-94.0197
-94.0133
-94.007
-94.0005
-93.9941
-93.9876
-93.9811
-93.9745
-93.9679
-93.9613
-93.9546
-93.9479
-93.9411
-93.9343
-93.9275
-93.9206
-93.9137
-93.9068
-93.8998
-93.8928
-93.8858
-93.8787
-93.8715
-93.8644
-93.8572
-93.8499
-93.8427
-93.8353
-93.828
-93.8206
-93.8132
-93.8057
-93.7982
-93.7907
-93.7831
-93.7755
-93.7678
-93.7601
-93.7524
-93.7446
-93.7368
-93.729
-93.7211
-93.7132
-93.7052
-93.6972
-93.6892
-93.6811
-93.673
-93.6648
-93.6567
-93.6484
-93.6402
-93.6319
-93.6235
-93.6152
-93.6067
-93.5983
-93.5898
-93.5813
-93.5727
-93.5641
-93.5555
-93.5468
-93.5381
-93.5293
-93.5205
-93.5117
-93.5028
-93.4939
-93.485
-93.476
-93.467
-93.4579
-93.4488
-93.4397
-93.4305
-93.4213
-93.4121
-93.4028
-93.3935
-93.3841
-93.3748
-93.3653
-93.3559
-93.3464
-93.3368
-93.3272
-93.3176
-93.308
-93.2983
-93.2886
-93.2788
-93.269
-93.2592
-93.2493
-93.2394
-93.2295
-93.2195
-93.2095
-93.1994
-93.1893
-93.1792
-93.169
-93.1588
-93.1486
-93.1383
-93.128
-93.1177
-93.1073
-93.0969
-93.0865
-93.076
-93.0655
-93.0549
-93.0443
-93.0337
-93.0231
-93.0124
-93.0016
-92.9909
-92.9801
-92.9693
-92.9584
-92.9475
-92.9366
-92.9256
-92.9146
-92.9035
-92.8925
-92.8814
-92.8702
-92.8591
-92.8479
-92.8366
-92.8254
-92.8141
-92.8027
-92.7914
-92.78
-92.7685
-92.757
-92.7455
-92.734
-92.7224
-92.7109
-92.6992
-92.6876
-92.6759
-92.6641
-92.6524
-92.6406
-92.6288
-92.6169
-92.605
-92.5931
-92.5812
-92.5692
-92.5572
-92.5451
-92.5331
-92.521
-92.5088
-92.4967
-92.4845
-92.4723
-92.46
-92.4477
-92.4354
-92.4231
-92.4107
-92.3983
-92.3859
-92.3734
-92.3609
-92.3484
-92.3359
-92.3233
-92.3107
-92.298
-92.2854
-92.2727
-92.26
-92.2472
-92.2345
-92.2216
-92.2088
-92.196
-92.1831
-92.1701
-92.1572
-92.1442
-92.1312
-92.1182
-92.1052
-92.0921
-92.079
-92.0658
-92.0527
-92.0395
-92.0263
-92.013
-91.9998
-91.9865
-91.9731
-91.9598
-91.9464
-91.933
-91.9196
-91.9061
-91.8927
-91.8792
-91.8656
-91.8521
-91.8385
-91.8249
-91.8113
-91.7976
-91.7839
-91.7702
-91.7565
-91.7427
-91.7289
-91.7151
-91.7013
-91.6874
-91.6735
-91.6596
-91.6457
-91.6317
-91.6178
-91.6038
-91.5897
-91.5757
-91.5616
-91.5475
-91.5334
-91.5192
-91.505
-91.4908
-91.4766
-91.4623
-91.4481
-91.4338
-91.4194
-91.4051
-91.3907
-91.3763
-91.3619
-91.3475
-91.333
-91.3185
-91.304
-91.2894
-91.2749
-91.2603
-91.2457
-91.231
-91.2163
-91.2017
-91.1869
-91.1722
-91.1574
-91.1427
-91.1278
-91.113
-91.0982
-91.0833
-91.0684
-91.0534
-91.0385
-91.0235
-91.0085
-90.9934
-90.9784
-90.9633
-90.9482
-90.933
-90.9179
-90.9027
-90.8875
-90.8723
-90.857
-90.8417
-90.8264
-90.8111
-90.7957
-90.7803
-90.7649
-90.7494
-90.734
-90.7185
-90.7029
-90.6874
-90.6718
-90.6562
-90.6405
-90.6249
-90.6092
-90.5935
-90.5777
-90.5619
-90.5461
-90.5303
-90.5144
-90.4985
-90.4826
-90.4667
-90.4507
-90.4347
-90.4186
-90.4025

