-70
-67.9926
-65.3905
-60.9465
-49.3042
10.2127
49.6268
37.1076
-5.42417
-19.2729
-33.49
-53.9281
-89.7975
-94.8021
-94.9645
-94.9607
-94.9313
-94.8791
-94.8009
-94.6974
-94.5741
-94.4384
-94.2966
-94.1535
-94.0115
-93.8719
-93.7352
-93.6016
-93.4708
-93.3428
-93.2172
-93.094
-92.9729
-92.8539
-92.7369
-92.6216
-92.5081
-92.3962
-92.2859
-92.177
-92.0696
-91.9635
-91.8588
-91.7552
-91.6529
-91.5517
-91.4515
-91.3524
-91.2543
-91.1571
-91.0608
-90.9654
-90.8708
-90.777
-90.684
-90.5916
-90.5
-90.4089
-90.3185
-90.2287
-90.1394
-90.0507
-89.9624
-89.8746
-89.7873
-89.7003
-89.6138
-89.5276
-89.4417
-89.3562
-89.2709
-89.1859
-89.1011
-89.0166
-88.9322
-88.8481
-88.7641
-88.6802
-88.5964
-88.5127
-88.4291
-88.3456
-88.262
-88.1785
-88.095
-88.0115
-87.9279
-87.8443
-87.7605
-87.6767
-87.5928
-87.5087
-87.4245
-87.34
-87.2554
-87.1706
-87.0856
-87.0003
-86.9147
-86.8288
-86.7427
-86.6562
-86.5693
-86.4821
-86.3945
-86.3065
-86.2181
-86.1292
-86.0398
-85.9499
-85.8595
-85.7686
-85.6771
-85.585
-85.4923
-85.399
-85.3049
-85.2102
-85.1148
-85.0186
-84.9216
-84.8238
-84.7251
-84.6255
-84.5251
-84.4236
-84.3212
-84.2177
-84.1132
-84.0075
-83.9007
-83.7926
-83.6833
-83.5727
-83.4607
-83.3472
-83.2323
-83.1158
-82.9976
-82.8778
-82.7562
-82.6327
-82.5072
-82.3798
-82.2502
-82.1183
-81.9841
-81.8473
-81.708
-81.5659
-81.4209
-81.2728
-81.1214
-80.9667
-80.8082
-80.6458
-80.4793
-80.3084
-80.1327
-79.9519
-79.7657
-79.5736
-79.3751
-79.1698
-78.957
-78.7361
-78.5062
-78.2665
-78.016
-77.7534
-77.4774
-77.1864
-76.8782
-76.5506
-76.2005
-75.8245
-75.4178
-74.9746
-74.487
-73.9447
-73.333
-72.6308
-71.8058
-70.8057
-69.5382
-67.8195
-65.2112
-60.3063
-45.3383
27.8955
47.7263
25.0291
-10.8446
-24.1167
-37.8753
-64.098
-93.4448
-94.9149
-94.9705
-94.959
-94.9263
-94.8706
-94.7884
-94.6802
-94.5515
-94.4096
-94.2612
-94.111
-93.9621
-93.8159
-93.6732
-93.534
-93.3985
-93.2665
-93.1378
-93.0123
-92.8897
-92.77
-92.653
-92.5384
-92.4264
-92.3166
-92.209
-92.1035
-92
-91.8984
-91.7987
-91.7007
-91.6043
-91.5095
-91.4163
-91.3245
-91.2341
-91.145
-91.0572
-90.9705
-90.8851
-90.8007
-90.7174
-90.6351
-90.5538
-90.4734
-90.3938
-90.3151
-90.2372
-90.16
-90.0835
-90.0077
-89.9326
-89.8581
-89.7841
-89.7107
-89.6378
-89.5655
-89.4935
-89.4221
-89.351
-89.2803
-89.2099
-89.1399
-89.0703
-89.0009
-88.9317
-88.8628
-88.7942
-88.7257
-88.6574
-88.5893
-88.5214
-88.4535
-88.3858
-88.3182
-88.2506
-88.1831
-88.1156
-88.0481
-87.9807
-87.9132
-87.8457
-87.7782
-87.7106
-87.643
-87.5752
-87.5073
-87.4394
-87.3713
-87.303
-87.2346
-87.166
-87.0972
-87.0283
-86.959
-86.8896
-86.8199
-86.75
-86.6797
-86.6092
-86.5384
-86.4672
-86.3957
-86.3239
-86.2517
-86.1791
-86.1061
-86.0327
-85.9588
-85.8846
-85.8098
-85.7346
-85.6588
-85.5826
-85.5058
-85.4285
-85.3505
-85.272
-85.1929
-85.1132
-85.0327
-84.9517
-84.8699
-84.7874
-84.7041
-84.6201
-84.5352
-84.4496
-84.3631
-84.2757
-84.1874
-84.0981
-84.0079
-83.9167
-83.8244
-83.7311
-83.6366
-83.5409
-83.4441
-83.346
-83.2466
-83.1458
-83.0437
-82.9401
-82.8349
-82.7282
-82.6199
-82.5099
-82.3981
-82.2844
-82.1688
-82.0511
-81.9313
-81.8093
-81.685
-81.5582
-81.4288
-81.2968
-81.1619
-81.0239
-80.8828
-80.7384
-80.5903
-80.4385
-80.2827
-80.1226
-79.958
-79.7884
-79.6136
-79.4332
-79.2467
-79.0536
-78.8534
-78.6455
-78.4291
-78.2034
-77.9676
-77.7205
-77.4607
-77.1869
-76.8973
-76.5897
-76.2615
-75.9096
-75.5298
-75.1173
-74.6652
-74.165
-73.6046
-72.9671
-72.2274
-71.3464
-70.2586
-68.8433
-66.8434
-63.5792
-56.4267
-26.1924
42.4759
44.4897
13.9161
-11.3766
-24.5465
-38.2519
-65.1712
-93.7882
-94.9447
-94.9723
-94.9547
-94.9161
-94.8512
-94.7561
-94.6328
-94.4884
-94.3317
-94.1697
-94.0075
-93.8477
-93.6918
-93.5404
-93.3934
-93.2508
-93.1124
-92.978
-92.8472
-92.72
-92.5962
-92.4755
-92.3577
-92.2428
-92.1306
-92.021
-91.9138
-91.809
-91.7063
-91.6058
-91.5073
-91.4107
-91.316
-91.223
-91.1317
-91.042
-90.9538
-90.867
-90.7817
-90.6977
-90.6149
-90.5334
-90.453
-90.3737
-90.2954
-90.2181
-90.1418
-90.0664
-89.9918
-89.9181
-89.8451
-89.7729
-89.7013
-89.6304
-89.5602
-89.4905
-89.4214
-89.3529
-89.2848
-89.2172
-89.15
-89.0833
-89.0169
-88.9509
-88.8853
-88.8199
-88.7549
-88.6901
-88.6255
-88.5612
-88.4971
-88.4331
-88.3694
-88.3057
-88.2422
-88.1788
-88.1154
-88.0522
-87.989
-87.9258
-87.8626
-87.7995
-87.7363
-87.6731
-87.6098
-87.5465
-87.4831
-87.4197
-87.3561
-87.2924
-87.2285
-87.1645
-87.1004
-87.0361
-86.9715
-86.9068
-86.8419
-86.7767
-86.7112
-86.6455
-86.5796
-86.5133
-86.4468
-86.3799
-86.3127
-86.2451
-86.1772
-86.1089
-86.0402
-85.9712
-85.9017
-85.8317
-85.7613
-85.6905
-85.6191
-85.5473
-85.4749
-85.4021
-85.3286
-85.2546
-85.18
-85.1048
-85.029
-84.9525
-84.8754
-84.7975
-84.719
-84.6397
-84.5597
-84.4789
-84.3973
-84.3148
-84.2315
-84.1474
-84.0622
-83.9762
-83.8892
-83.8011
-83.7121
-83.6219
-83.5306
-83.4382
-83.3445
-83.2496
-83.1535
-83.056
-82.9571
-82.8567
-82.7549
-82.6515
-82.5465
-82.4398
-82.3314
-82.2211
-82.1089
-81.9947
-81.8784
-81.76
-81.6392
-81.5161
-81.3904
-81.2621
-81.131
-80.997
-80.8598
-80.7194
-80.5755
-80.428
-80.2765
-80.1209
-79.9609
-79.7961
-79.6263
-79.4511
-79.27
-79.0825
-78.8883
-78.6866
-78.4768
-78.2582
-78.0299
-77.7908
-77.5398
-77.2755
-76.9964
-76.7003
-76.3851
-76.0477
-75.6847
-75.2916
-74.8625
-74.39
-73.8637
-73.2695
-72.5869
-71.7849
-70.8133
-69.5844
-67.9258
-65.4338
-60.8566
-47.7071
19.9345
49.0147
32.0313
-7.99989
-21.2468
-35.2868
-57.8191
-91.7273
-94.8584
-94.9669
-94.9583
-94.925
-94.8663
-94.7772
-94.6576
-94.5129
-94.3517
-94.1822
-94.0102
-93.8396
-93.6724
-93.5096
-93.3516
-93.1983
-93.0496
-92.9055
-92.7655
-92.6296
-92.4976
-92.3691
-92.2442
-92.1225
-92.0039
-91.8883
-91.7755
-91.6655
-91.558
-91.4529
-91.3502
-91.2498
-91.1514
-91.0551
-90.9607
-90.8682
-90.7774
-90.6883
-90.6008
-90.5149
-90.4304
-90.3473
-90.2655
-90.1849
-90.1056
-90.0274
-89.9503
-89.8743
-89.7992
-89.7251
-89.6519
-89.5795
-89.5079
-89.4371
-89.367
-89.2976
-89.2288
-89.1607
-89.0931
-89.0261
-88.9595
-88.8935
-88.8279
-88.7628
-88.698
-88.6336
-88.5696
-88.5058
-88.4424
-88.3792
-88.3163
-88.2536
-88.1911
-88.1288
-88.0666
-88.0046
-87.9426
-87.8808
-87.8191
-87.7574
-87.6958
-87.6342
-87.5726
-87.511
-87.4494
-87.3877
-87.326
-87.2642
-87.2023
-87.1403
-87.0782
-87.0159
-86.9535
-86.891
-86.8283
-86.7653
-86.7022
-86.6388
-86.5752
-86.5114
-86.4473
-86.3829
-86.3182
-86.2532
-86.1879
-86.1222
-86.0562
-85.9899
-85.9231
-85.856
-85.7884
-85.7204
-85.652
-85.5831
-85.5137
-85.4439
-85.3735
-85.3026
-85.2312
-85.1592
-85.0866
-85.0134
-84.9396
-84.8652
-84.7901
-84.7143
-84.6378
-84.5606
-84.4827
-84.404
-84.3245
-84.2442
-84.163
-84.081
-83.998
-83.9141
-83.8293
-83.7435
-83.6566
-83.5687
-83.4796
-83.3895
-83.2981
-83.2056
-83.1117
-83.0166
-82.9201
-82.8221
-82.7228
-82.6219
-82.5194
-82.4152
-82.3093
-82.2017
-82.0922
-81.9807
-81.8672
-81.7516
-81.6337
-81.5135
-81.3908
-81.2656
-81.1377
-81.0069
-80.8731
-80.7361
-80.5958
-80.4519
-80.3043
-80.1526
-79.9967
-79.8362
-79.6709
-79.5004
-79.3242
-79.142
-78.9532
-78.7574
-78.5539
-78.342
-78.1209
-77.8896
-77.6472
-77.3922
-77.1233
-76.8387
-76.5363
-76.2135
-75.8672
-75.4934
-75.0872
-74.642
-74.1493
-73.5973
-72.9696
-72.2415
-71.3753
-70.3077
-68.9229
-66.9772
-63.8373
-57.1361
-30.2217
42.307
44.4546
13.9851
-11.3051
-24.4451
-38.1504
-64.912
-93.7591
-94.9432
-94.9709
-94.9519
-94.9105
-94.8405
-94.7372
-94.6021
-94.4426
-94.2682
-94.0872
-93.9054
-93.7261
-93.5513
-93.3817
-93.2174
-93.0585
-92.9048
-92.7559
-92.6117
-92.4718
-92.3361
-92.2043
-92.0763
-91.9518
-91.8307
-91.7128
-91.5979
-91.4859
-91.3767
-91.2701
-91.166
-91.0642
-90.9648
-90.8675
-90.7723
-90.6791
-90.5877
-90.4981
-90.4103
-90.324
-90.2393
-90.1561
-90.0743
-89.9939
-89.9147
-89.8367
-89.7599
-89.6842
-89.6095
-89.5359
-89.4631
-89.3913
-89.3204
-89.2502
-89.1808
-89.1121
-89.0442
-88.9768
-88.9101
-88.844
-88.7784
-88.7133
-88.6487
-88.5845
-88.5208
-88.4575
-88.3945
-88.3318
-88.2695
-88.2074
-88.1456
-88.0841
-88.0227
-87.9616
-87.9006
-87.8398
-87.7791
-87.7185
-87.658
-87.5976
-87.5372
-87.4769
-87.4165
-87.3562
-87.2958
-87.2354
-87.175
-87.1145
-87.0539
-86.9932
-86.9324
-86.8714
-86.8103
-86.7491
-86.6876
-86.626
-86.5642
-86.5021
-86.4398
-86.3772
-86.3144
-86.2513
-86.1879
-86.1242
-86.0602
-85.9958
-85.9311
-85.866
-85.8006
-85.7347
-85.6684
-85.6017
-85.5345
-85.4669
-85.3988
-85.3301
-85.261
-85.1914
-85.1212
-85.0504
-84.9791
-84.9071
-84.8346
-84.7614
-84.6875
-84.6129
-84.5377
-84.4617
-84.3849
-84.3074
-84.2291
-84.15
-84.07
-83.9891
-83.9073
-83.8246
-83.7409
-83.6563
-83.5705
-83.4838
-83.3959
-83.3068
-83.2166
-83.1252
-83.0325
-82.9384
-82.843
-82.7462
-82.6479
-82.5481
-82.4467
-82.3436
-82.2388
-82.1322
-82.0237
-81.9133
-81.8008
-81.6862
-81.5694
-81.4502
-81.3285
-81.2043
-81.0774
-80.9476
-80.8147
-80.6787
-80.5393
-80.3964
-80.2497
-80.0989
-79.9439
-79.7843
-79.6198
-79.45
-79.2747
-79.0932
-78.9052
-78.7101
-78.5073
-78.296
-78.0755
-77.8447
-77.6027
-77.3481
-77.0795
-76.795
-76.4926
-76.1697
-75.823
-75.4486
-75.0413
-74.5947
-74.1
-73.5452
-72.9133
-72.1793
-71.3043
-70.2228
-68.8145
-66.823
-63.5726
-56.465
-26.5769
42.0755
44.5015
13.9546
-11.3798
-24.553
-38.2587
-65.1895
-93.7899
-94.9437
-94.97
-94.9499
-94.9063
-94.8327
-94.724
-94.582
-94.4147
-94.232
-94.0427
-93.8528
-93.6658
-93.4837
-93.3072
-93.1364
-92.9714
-92.812
-92.6577
-92.5085
-92.3639
-92.2239
-92.088
-91.9562
-91.8282
-91.7038
-91.5828
-91.4651
-91.3505
-91.2389
-91.1301
-91.024
-90.9204
-90.8193
-90.7205
-90.6239
-90.5294
-90.437
-90.3464
-90.2577
-90.1708
-90.0855
-90.0017
-89.9195
-89.8387
-89.7593
-89.6812
-89.6043
-89.5286
-89.454
-89.3805
-89.308
-89.2364
-89.1658
-89.096
-89.0271
-88.9589
-88.8914
-88.8247
-88.7586
-88.6931
-88.6283
-88.5639
-88.5001
-88.4367
-88.3739
-88.3114
-88.2493
-88.1876
-88.1262
-88.0651
-88.0044
-87.9438
-87.8836
-87.8235
-87.7636
-87.7039
-87.6443
-87.5848
-87.5255
-87.4662
-87.407
-87.3479
-87.2887
-87.2296
-87.1705
-87.1113
-87.0521
-86.9929
-86.9335
-86.8741
-86.8146
-86.7549
-86.6951
-86.6352
-86.575
-86.5147
-86.4542
-86.3934
-86.3325
-86.2712
-86.2097
-86.148
-86.0859
-86.0236
-85.9609
-85.8979
-85.8345
-85.7708
-85.7067
-85.6422
-85.5772
-85.5119
-85.4461
-85.3798
-85.3131
-85.2459
-85.1781
-85.1099
-85.0411
-84.9717
-84.9017
-84.8312
-84.76
-84.6882
-84.6158
-84.5426
-84.4688
-84.3942
-84.3189
-84.2428
-84.1659
-84.0882
-84.0097
-83.9302
-83.8499
-83.7687
-83.6864
-83.6032
-83.519
-83.4337
-83.3473
-83.2598
-83.1711
-83.0812
-82.99
-82.8975
-82.8037
-82.7084
-82.6117
-82.5135
-82.4137
-82.3123
-82.2092
-82.1043
-81.9975
-81.8888
-81.7781
-81.6653
-81.5503
-81.4329
-81.3131
-81.1908
-81.0658
-80.938
-80.8073
-80.6734
-80.5361
-80.3954
-80.251
-80.1026
-79.95
-79.793
-79.6311
-79.4641
-79.2916
-79.1132
-78.9284
-78.7366
-78.5374
-78.3298
-78.1133
-77.8869
-77.6496
-77.4001
-77.137
-76.8587
-76.5632
-76.248
-75.91
-75.5456
-75.1502
-74.7175
-74.2396
-73.7056
-73.1003
-72.4018
-71.576
-70.5674
-69.2771
-67.5049
-64.7616
-59.4099
-41.7404
35.5089
46.0874
18.9107
-11.3109
-24.6046
-38.2684
-65.1504
-93.7392
-94.9342
-94.9687
-94.9508
-94.9093
-94.8388
-94.7336
-94.5942
-94.4273
-94.2425
-94.0489
-93.8531
-93.6593
-93.4698
-93.2858
-93.1077
-92.9356
-92.7691
-92.6083
-92.4527
-92.3021
-92.1563
-92.015
-91.878
-91.745
-91.616
-91.4906
-91.3687
-91.2501
-91.1347
-91.0224
-90.9129
-90.8061
-90.7019
-90.6003
-90.501
-90.4039
-90.309
-90.2162
-90.1253
-90.0362
-89.949
-89.8634
-89.7794
-89.697
-89.616
-89.5365
-89.4582
-89.3812
-89.3054
-89.2307
-89.1571
-89.0846
-89.013
-88.9424
-88.8726
-88.8036
-88.7355
-88.668
-88.6013
-88.5353
-88.4698
-88.405
-88.3407
-88.277
-88.2137
-88.1508
-88.0884
-88.0264
-87.9648
-87.9034
-87.8424
-87.7817
-87.7212
-87.661
-87.601
-87.5411
-87.4815
-87.4219
-87.3625
-87.3032
-87.2439
-87.1847
-87.1256
-87.0664
-87.0073
-86.9481
-86.8889
-86.8297
-86.7704
-86.711
-86.6514
-86.5918
-86.532
-86.4721
-86.412
-86.3517
-86.2912
-86.2305
-86.1695
-86.1083
-86.0469
-85.9851
-85.9231
-85.8607
-85.798
-85.735
-85.6716
-85.6078
-85.5437
-85.4791
-85.4141
-85.3487
-85.2828
-85.2164
-85.1496
-85.0822
-85.0144
-84.9459
-84.877
-84.8074
-84.7372
-84.6664
-84.595
-84.5229
-84.4502
-84.3767
-84.3025
-84.2275
-84.1518
-84.0753
-83.9979
-83.9197
-83.8407
-83.7607
-83.6797
-83.5978
-83.5149
-83.431
-83.346
-83.2599
-83.1726
-83.0842
-82.9945
-82.9035
-82.8113
-82.7176
-82.6226
-82.526
-82.4279
-82.3282
-82.2269
-82.1238
-82.019
-81.9122
-81.8035
-81.6927
-81.5798
-81.4647
-81.3472
-81.2272
-81.1046
-80.9793
-80.8512
-80.72
-80.5856
-80.4478
-80.3064
-80.1613
-80.0121
-79.8586
-79.7005
-79.5375
-79.3692
-79.1953
-79.0153
-78.8287
-78.6349
-78.4333
-78.2232
-78.0038
-77.7742
-77.5331
-77.2794
-77.0115
-76.7277
-76.4256
-76.1028
-75.756
-75.3811
-74.9728
-74.5245
-74.0272
-73.4685
-72.831
-72.0887
-71.2009
-70.0989
-68.6543
-66.5907
-63.1592
-55.3398
-20.0852
47.6289
44.3889
12.7916
-11.6123
-24.8365
-38.5185
-65.8409
-93.856
-94.9442
-94.9683
-94.946
-94.8987
-94.8187
-94.7005
-94.5464
-94.3656
-94.169
-93.9662
-93.7634
-93.5643
-93.3708
-93.1836
-93.0029
-92.8286
-92.6604
-92.498
-92.3412
-92.1895
-92.0428
-91.9008
-91.7632
-91.6298
-91.5005
-91.3749
-91.253
-91.1345
-91.0193
-90.9073
-90.7982
-90.6919
-90.5883
-90.4873
-90.3888
-90.2926
-90.1986
-90.1067
-90.0168
-89.9289
-89.8427
-89.7584
-89.6757
-89.5945
-89.5149
-89.4367
-89.3599
-89.2844
-89.2101
-89.1369
-89.0649
-88.994
-88.924
-88.855
-88.787
-88.7197
-88.6533
-88.5877
-88.5227
-88.4585
-88.3949
-88.3319
-88.2695
-88.2076
-88.1462
-88.0853
-88.0248
-87.9647
-87.905
-87.8457
-87.7866
-87.7279
-87.6694
-87.6112
-87.5532
-87.4954
-87.4378
-87.3803
-87.3229
-87.2657
-87.2085
-87.1515
-87.0944
-87.0374
-86.9804
-86.9234
-86.8663
-86.8092
-86.7521
-86.6948
-86.6375
-86.5801
-86.5225
-86.4648
-86.4069
-86.3488
-86.2906
-86.2321
-86.1734
-86.1145
-86.0554
-85.9959
-85.9362
-85.8762
-85.8158
-85.7552
-85.6942
-85.6328
-85.5711
-85.509
-85.4464
-85.3835
-85.3201
-85.2562
-85.1919
-85.1271
-85.0618
-84.996
-84.9297
-84.8628
-84.7953
-84.7272
-84.6586
-84.5893
-84.5193
-84.4487
-84.3774
-84.3054
-84.2326
-84.1591
-84.0848
-84.0097
-83.9338
-83.857
-83.7794
-83.7008
-83.6213
-83.5408
-83.4593
-83.3767
-83.2931
-83.2084
-83.1226
-83.0355
-82.9472
-82.8577
-82.7668
-82.6746
-82.5809
-82.4858
-82.3892
-82.2909
-82.191
-82.0894
-81.986
-81.8807
-81.7735
-81.6642
-81.5528
-81.4391
-81.3232
-81.2047
-81.0837
-80.96
-80.8335
-80.704
-80.5712
-80.4352
-80.2956
-80.1522
-80.0049
-79.8533
-79.6971
-79.5361
-79.3699
-79.1982
-79.0204
-78.8361
-78.6447
-78.4458
-78.2384
-78.0219
-77.7953
-77.5575
-77.3074
-77.0434
-76.7637
-76.4664
-76.1488
-75.8079
-75.4397
-75.0392
-74.6002
-74.114
-73.5692
-72.9492
-72.2302
-71.3749
-70.3213
-68.9565
-67.0445
-63.978
-57.5302
-32.4404
42.1047
44.5069
14.1726
-11.2831
-24.4207
-38.1244
-64.8446
-93.7506
-94.9418
-94.9689
-94.9479
-94.9025
-94.8253
-94.7106
-94.5595
-94.3798
-94.1823
-93.9764
-93.7692
-93.5648
-93.3657
-93.1727
-92.9863
-92.8065
-92.633
-92.4656
-92.3039
-92.1478
-91.9968
-91.8508
-91.7094
-91.5724
-91.4397
-91.3109
-91.186
-91.0646
-90.9467
-90.8321
-90.7205
-90.6119
-90.5062
-90.4031
-90.3026
-90.2045
-90.1088
-90.0152
-89.9238
-89.8344
-89.7468
-89.6611
-89.5772
-89.4948
-89.4141
-89.3349
-89.257
-89.1806
-89.1054
-89.0314
-88.9586
-88.8869
-88.8163
-88.7467
-88.678
-88.6102
-88.5432
-88.4771
-88.4117
-88.347
-88.283
-88.2196
-88.1568
-88.0946
-88.0329
-87.9717
-87.911
-87.8507
-87.7908
-87.7313
-87.6721
-87.6132
-87.5546
-87.4962
-87.4381
-87.3802
-87.3225
-87.2649
-87.2075
-87.1502
-87.093
-87.0358
-86.9788
-86.9217
-86.8647
-86.8077
-86.7506
-86.6935
-86.6364
-86.5791
-86.5218
-86.4644
-86.4068
-86.3491
-86.2912
-86.2332
-86.175
-86.1165
-86.0578
-85.9989
-85.9398
-85.8803
-85.8206
-85.7606
-85.7002
-85.6396
-85.5785
-85.5171
-85.4554
-85.3932
-85.3306
-85.2676
-85.2042
-85.1403
-85.0759
-85.011
-84.9456
-84.8797
-84.8132
-84.7462
-84.6786
-84.6103
-84.5415
-84.472
-84.4018
-84.331
-84.2594
-84.1872
-84.1141
-84.0403
-83.9657
-83.8903
-83.814
-83.7368
-83.6588
-83.5798
-83.4998
-83.4188
-83.3368
-83.2537
-83.1695
-83.0842
-82.9976
-82.9099
-82.8209
-82.7305
-82.6388
-82.5457
-82.4511
-82.355
-82.2573
-82.158
-82.0569
-81.9541
-81.8493
-81.7427
-81.6339
-81.5231
-81.41
-81.2946
-81.1768
-81.0564
-80.9333
-80.8073
-80.6784
-80.5462
-80.4108
-80.2718
-80.1291
-79.9823
-79.8313
-79.6758
-79.5155
-79.3499
-79.1788
-79.0017
-78.8181
-78.6274
-78.4291
-78.2225
-78.0067
-77.7809
-77.5439
-77.2945
-77.0313
-76.7526
-76.4561
-76.1395
-75.7996
-75.4325
-75.0332
-74.5955
-74.1108
-73.5676
-72.9497
-72.2332
-71.3811
-70.3322
-68.9746
-67.0756
-64.0389
-57.6967
-33.367
41.9207
44.5587
14.3313
-11.2749
-24.415
-38.1176
-64.8263
-93.748
-94.9414
-94.9685
-94.9473
-94.9014
-94.8232
-94.7069
-94.5533
-94.3705
-94.1691
-93.9591
-93.7476
-93.5389
-93.3354
-93.1384
-92.9481
-92.7646
-92.5876
-92.4169
-92.2522
-92.0931
-91.9394
-91.7908
-91.6471
-91.5079
-91.373
-91.2423
-91.1155
-90.9924
-90.8729
-90.7568
-90.6439
-90.534
-90.4271
-90.3229
-90.2214
-90.1223
-90.0257
-89.9314
-89.8392
-89.7491
-89.661
-89.5748
-89.4903
-89.4076
-89.3264
-89.2469
-89.1687
-89.092
-89.0166
-88.9425
-88.8696
-88.7978
-88.7271
-88.6575
-88.5888
-88.521
-88.4541
-88.388
-88.3228
-88.2582
-88.1944
-88.1312
-88.0686
-88.0066
-87.9452
-87.8843
-87.8238
-87.7638
-87.7042
-87.6449
-87.5861
-87.5275
-87.4693
-87.4113
-87.3536
-87.296
-87.2387
-87.1816
-87.1246
-87.0677
-87.0109
-86.9542
-86.8976
-86.841
-86.7844
-86.7278
-86.6713
-86.6146
-86.558
-86.5012
-86.4444
-86.3874
-86.3304
-86.2731
-86.2158
-86.1582
-86.1005
-86.0425
-85.9844
-85.926
-85.8673
-85.8084
-85.7492
-85.6897
-85.6298
-85.5697
-85.5092
-85.4483
-85.387
-85.3254
-85.2633
-85.2008
-85.1379
-85.0745
-85.0106
-84.9462
-84.8813
-84.8159
-84.7499
-84.6834
-84.6162
-84.5485
-84.4801
-84.4111
-84.3414
-84.2711
-84.2
-84.1282
-84.0556
-83.9823
-83.9082
-83.8332
-83.7574
-83.6806
-83.603
-83.5244
-83.4449
-83.3644
-83.2828
-83.2001
-83.1163
-83.0314
-82.9453
-82.8579
-82.7693
-82.6794
-82.588
-82.4953
-82.4011
-82.3053
-82.2079
-82.1089
-82.0082
-81.9056
-81.8012
-81.6948
-81.5864
-81.4758
-81.363
-81.2478
-81.1302
-81.01
-80.887
-80.7612
-80.6324
-80.5004
-80.365
-80.2261
-80.0834
-79.9366
-79.7856
-79.63
-79.4695
-79.3037
-79.1323
-78.9549
-78.7709
-78.5798
-78.3809
-78.1736
-77.957
-77.7302
-77.4921
-77.2415
-76.9767
-76.6961
-76.3975
-76.0783
-75.7353
-75.3644
-74.9606
-74.5172
-74.0254
-73.4731
-72.8431
-72.1101
-71.2345
-70.1496
-68.7323
-66.7191
-63.4084
-56.0584
-24.3352
44.5786
44.3297
13.2374
-11.4568
-24.6325
-38.3324
-65.3742
-93.8081
-94.943
-94.9677
-94.9448
-94.8962
-94.8136
-94.6912
-94.5305
-94.3408
-94.1335
-93.9186
-93.7031
-93.4912
-93.285
-93.0857
-92.8933
-92.7079
-92.5293
-92.3571
-92.191
-92.0306
-91.8758
-91.7261
-91.5814
-91.4414
-91.3058
-91.1744
-91.047
-90.9235
-90.8036
-90.6871
-90.5739
-90.4639
-90.3568
-90.2525
-90.151
-90.052
-89.9555
-89.8613
-89.7693
-89.6794
-89.5916
-89.5056
-89.4215
-89.3392
-89.2585
-89.1794
-89.1017
-89.0255
-88.9507
-88.8771
-88.8048
-88.7336
-88.6636
-88.5946
-88.5266
-88.4595
-88.3933
-88.328
-88.2635
-88.1997
-88.1366
-88.0743
-88.0125
-87.9513
-87.8907
-87.8306
-87.771
-87.7119
-87.6532
-87.5948
-87.5369
-87.4792
-87.4219
-87.3648
-87.308
-87.2515
-87.1951
-87.1389
-87.0828
-87.0269
-86.9711
-86.9154
-86.8598
-86.8042
-86.7486
-86.693
-86.6375
-86.5818
-86.5262
-86.4705
-86.4147
-86.3587
-86.3027
-86.2465
-86.1902
-86.1337
-86.0771
-86.0202
-85.9631
-85.9058
-85.8482
-85.7904
-85.7322
-85.6738
-85.6151
-85.556
-85.4967
-85.4369
-85.3768
-85.3163
-85.2553
-85.194
-85.1322
-85.07
-85.0073
-84.9441
-84.8804
-84.8162
-84.7514
-84.6861
-84.6202
-84.5537
-84.4866
-84.4189
-84.3505
-84.2814
-84.2117
-84.1412
-84.07
-83.998
-83.9252
-83.8516
-83.7772
-83.7019
-83.6257
-83.5486
-83.4706
-83.3916
-83.3115
-83.2304
-83.1483
-83.065
-82.9805
-82.8948
-82.808
-82.7198
-82.6302
-82.5394
-82.447
-82.3532
-82.2578
-82.1608
-82.0622
-81.9618
-81.8596
-81.7555
-81.6494
-81.5413
-81.431
-81.3184
-81.2035
-81.0861
-80.9661
-80.8433
-80.7177
-80.589
-80.4571
-80.3218
-80.1829
-80.0402
-79.8934
-79.7423
-79.5866
-79.426
-79.26
-79.0884
-78.9106
-78.7261
-78.5345
-78.335
-78.127
-77.9095
-77.6817
-77.4424
-77.1904
-76.924
-76.6415
-76.3406
-76.0186
-75.6724
-75.2976
-74.8889
-74.4395
-73.9401
-73.378
-72.7351
-71.9842
-71.0829
-69.9586
-68.4745
-66.3303
-62.6901
-54.0092
-12.327
49.4096
44.8075
12.6413
-11.9539
-25.3249
-38.9595
-66.9569
-93.9599
-94.9451
-94.9657
-94.9404
-94.8878
-94.799
-94.6683
-94.4987
-94.3008
-94.0868
-93.867
-93.648
-93.4338
-93.226
-93.0255
-92.8323
-92.6463
-92.4672
-92.2946
-92.1282
-91.9677
-91.8127
-91.663
-91.5183
-91.3783
-91.2428
-91.1116
-90.9844
-90.8612
-90.7416
-90.6255
-90.5127
-90.4031
-90.2965
-90.1928
-90.0919
-89.9935
-89.8977
-89.8041
-89.7129
-89.6238
-89.5367
-89.4516
-89.3683
-89.2868
-89.207
-89.1288
-89.0521
-88.9768
-88.903
-88.8304
-88.7591
-88.6889
-88.6199
-88.5519
-88.485
-88.419
-88.3539
-88.2896
-88.2262
-88.1635
-88.1016
-88.0403
-87.9797
-87.9197
-87.8603
-87.8013
-87.7429
-87.6849
-87.6274
-87.5703
-87.5135
-87.457
-87.4009
-87.3451
-87.2895
-87.2342
-87.179
-87.1241
-87.0693
-87.0146
-86.96
-86.9056
-86.8512
-86.7969
-86.7426
-86.6883
-86.634
-86.5797
-86.5253
-86.4709
-86.4164
-86.3618
-86.3071
-86.2522
-86.1973
-86.1421
-86.0868
-86.0313
-85.9755
-85.9196
-85.8634
-85.8069
-85.7502
-85.6932
-85.6359
-85.5782
-85.5203
-85.4619
-85.4033
-85.3442
-85.2847
-85.2249
-85.1646
-85.1039
-85.0427
-84.981
-84.9189
-84.8562
-84.793
-84.7293
-84.665
-84.6002
-84.5347
-84.4687
-84.402
-84.3346
-84.2666
-84.1979
-84.1285
-84.0583
-83.9874
-83.9157
-83.8431
-83.7698
-83.6956
-83.6205
-83.5445
-83.4675
-83.3896
-83.3106
-83.2307
-83.1496
-83.0675
-82.9842
-82.8997
-82.814
-82.727
-82.6387
-82.549
-82.4579
-82.3654
-82.2713
-82.1756
-82.0783
-81.9793
-81.8785
-81.7758
-81.6712
-81.5646
-81.4558
-81.3449
-81.2316
-81.1158
-80.9976
-80.8766
-80.7528
-80.6261
-80.4962
-80.3629
-80.2262
-80.0858
-79.9414
-79.7927
-79.6396
-79.4817
-79.3187
-79.1501
-78.9756
-78.7947
-78.6069
-78.4114
-78.2078
-77.9951
-77.7725
-77.5389
-77.2932
-77.0338
-76.7591
-76.4671
-76.1552
-75.8205
-75.4592
-75.0665
-74.6364
-74.1605
-73.6279
-73.0231
-72.3235
-71.4943
-70.4784
-69.1731
-67.3688
-64.5461
-58.9229
-39.466
38.3975
45.4306
16.8675
-11.2804
-24.508
-38.1899
-64.985
-93.7487
-94.9374
-94.9673
-94.9466
-94.9005
-94.8219
-94.7042
-94.5479
-94.3603
-94.1525
-93.9346
-93.7144
-93.4967
-93.2842
-93.0782
-92.8793
-92.6876
-92.5027
-92.3246
-92.1528
-91.9871
-91.8271
-91.6726
-91.5232
-91.3788
-91.239
-91.1037
-90.9725
-90.8454
-90.7221
-90.6023
-90.4861
-90.3731
-90.2632
-90.1563
-90.0522
-89.9509
-89.8521
-89.7557
-89.6617
-89.5698
-89.4801
-89.3924
-89.3067
-89.2227
-89.1405
-89.0599
-88.9809
-88.9034
-88.8273
-88.7526
-88.6791
-88.6069
-88.5359
-88.4659
-88.397
-88.3291
-88.2621
-88.196
-88.1307
-88.0663
-88.0025
-87.9395
-87.8772
-87.8155
-87.7543
-87.6937
-87.6337
-87.5741
-87.5149
-87.4562
-87.3978
-87.3398
-87.2822
-87.2248
-87.1677
-87.1108
-87.0542
-86.9977
-86.9414
-86.8853
-86.8292
-86.7733
-86.7174
-86.6616
-86.6059
-86.5501
-86.4944
-86.4386
-86.3828
-86.3269
-86.2709
-86.2148
-86.1586
-86.1023
-86.0458
-85.9892
-85.9324
-85.8753
-85.8181
-85.7606
-85.7028
-85.6448
-85.5865
-85.5279
-85.469
-85.4098
-85.3502
-85.2902
-85.2298
-85.1691
-85.1079
-85.0463
-84.9843
-84.9218
-84.8588
-84.7953
-84.7313
-84.6667
-84.6016
-84.5359
-84.4696
-84.4027
-84.3352
-84.267
-84.1981
-84.1286
-84.0583
-83.9873
-83.9155
-83.8429
-83.7695
-83.6952
-83.6201
-83.5441
-83.4672
-83.3893
-83.3104
-83.2305
-83.1495
-83.0674
-82.9842
-82.8998
-82.8142
-82.7274
-82.6392
-82.5497
-82.4588
-82.3665
-82.2726
-82.1772
-82.0801
-81.9814
-81.8808
-81.7784
-81.6741
-81.5678
-81.4594
-81.3488
-81.2359
-81.1206
-81.0028
-80.8822
-80.7589
-80.6327
-80.5033
-80.3707
-80.2345
-80.0947
-79.951
-79.8031
-79.6507
-79.4937
-79.3315
-79.1638
-78.9903
-78.8105
-78.6238
-78.4296
-78.2273
-78.0161
-77.7951
-77.5633
-77.3195
-77.0623
-76.79
-76.5007
-76.192
-75.861
-75.5039
-75.1162
-74.6919
-74.2233
-73.6998
-73.1066
-72.4225
-71.6148
-70.6305
-69.3758
-67.6632
-65.0432
-60.062
-44.5854
29.7152
47.3216
23.2622
-11.182
-24.5329
-38.2235
-64.9776
-93.6131
-94.9204
-94.9654
-94.9471
-94.9025
-94.8258
-94.7105
-94.5561
-94.3696
-94.1617
-93.9428
-93.7207
-93.5005
-93.2852
-93.0762
-92.8741
-92.6791
-92.4911
-92.3099
-92.1351
-91.9665
-91.8037
-91.6465
-91.4946
-91.3477
-91.2056
-91.0681
-90.9348
-90.8057
-90.6805
-90.5589
-90.441
-90.3263
-90.2149
-90.1066
-90.0011
-89.8985
-89.7984
-89.7009
-89.6057
-89.5129
-89.4222
-89.3336
-89.2469
-89.1621
-89.0791
-88.9978
-88.9181
-88.84
-88.7633
-88.688
-88.614
-88.5413
-88.4698
-88.3994
-88.3301
-88.2618
-88.1945
-88.1281
-88.0625
-87.9978
-87.9338
-87.8706
-87.808
-87.7461
-87.6848
-87.624
-87.5638
-87.5041
-87.4449
-87.3861
-87.3276
-87.2696
-87.2118
-87.1544
-87.0973
-87.0404
-86.9838
-86.9273
-86.871
-86.8149
-86.7589
-86.703
-86.6472
-86.5914
-86.5357
-86.48
-86.4243
-86.3686
-86.3129
-86.2571
-86.2012
-86.1452
-86.0891
-86.0329
-85.9765
-85.9199
-85.8632
-85.8062
-85.7491
-85.6917
-85.6341
-85.5761
-85.5179
-85.4594
-85.4006
-85.3415
-85.2819
-85.2221
-85.1618
-85.1011
-85.0401
-84.9785
-84.9166
-84.8541
-84.7912
-84.7278
-84.6638
-84.5993
-84.5343
-84.4686
-84.4024
-84.3355
-84.268
-84.1998
-84.131
-84.0614
-83.9912
-83.9201
-83.8483
-83.7757
-83.7022
-83.6279
-83.5528
-83.4767
-83.3997
-83.3216
-83.2426
-83.1626
-83.0815
-82.9993
-82.9159
-82.8313
-82.7455
-82.6584
-82.57
-82.4803
-82.3891
-82.2964
-82.2022
-82.1064
-82.0089
-81.9097
-81.8087
-81.7058
-81.601
-81.4941
-81.385
-81.2738
-81.1601
-81.044
-80.9254
-80.8039
-80.6797
-80.5524
-80.4219
-80.2881
-80.1506
-80.0094
-79.8642
-79.7146
-79.5605
-79.4015
-79.2372
-79.0673
-78.8913
-78.7087
-78.519
-78.3215
-78.1156
-77.9003
-77.6748
-77.4379
-77.1885
-76.9249
-76.6453
-76.3477
-76.0294
-75.6871
-75.3167
-74.9131
-74.4696
-73.9772
-73.4236
-72.7913
-72.0545
-71.1725
-70.0769
-68.6397
-66.5856
-63.1689
-55.3888
-20.3963
47.4709
44.3621
12.7488
-11.6099
-24.831
-38.5142
-65.8309
-93.8545
-94.9432
-94.9663
-94.9419
-94.8903
-94.8028
-94.673
-94.503
-94.3027
-94.0845
-93.8589
-93.6333
-93.4118
-93.1968
-92.989
-92.7888
-92.5961
-92.4106
-92.2319
-92.0598
-91.8939
-91.7337
-91.5792
-91.4299
-91.2856
-91.1461
-91.0111
-90.8803
-90.7536
-90.6308
-90.5117
-90.3961
-90.2838
-90.1747
-90.0687
-89.9655
-89.865
-89.7672
-89.6718
-89.5788
-89.4881
-89.3995
-89.3129
-89.2283
-89.1456
-89.0646
-88.9853
-88.9076
-88.8314
-88.7567
-88.6833
-88.6113
-88.5404
-88.4708
-88.4023
-88.3348
-88.2683
-88.2028
-88.1382
-88.0745
-88.0115
-87.9493
-87.8879
-87.8271
-87.7669
-87.7074
-87.6484
-87.5899
-87.5319
-87.4743
-87.4172
-87.3605
-87.3041
-87.2481
-87.1924
-87.1369
-87.0817
-87.0267
-86.972
-86.9174
-86.8629
-86.8086
-86.7543
-86.7002
-86.6461
-86.5921
-86.538
-86.484
-86.43
-86.3759
-86.3218
-86.2676
-86.2133
-86.1589
-86.1043
-86.0497
-85.9948
-85.9398
-85.8846
-85.8292
-85.7735
-85.7176
-85.6615
-85.6051
-85.5483
-85.4913
-85.434
-85.3763
-85.3183
-85.2599
-85.2011
-85.1419
-85.0823
-85.0223
-84.9618
-84.9009
-84.8394
-84.7775
-84.7151
-84.6521
-84.5885
-84.5244
-84.4598
-84.3945
-84.3285
-84.2619
-84.1947
-84.1268
-84.0581
-83.9888
-83.9186
-83.8477
-83.776
-83.7035
-83.6301
-83.5558
-83.4806
-83.4045
-83.3274
-83.2493
-83.1701
-83.0899
-83.0086
-82.9261
-82.8425
-82.7576
-82.6715
-82.5841
-82.4953
-82.4051
-82.3134
-82.2202
-82.1254
-82.029
-81.9308
-81.8309
-81.7291
-81.6254
-81.5197
-81.4118
-81.3018
-81.1894
-81.0746
-80.9572
-80.8372
-80.7144
-80.5886
-80.4596
-80.3274
-80.1916
-80.0522
-79.9088
-79.7612
-79.6091
-79.4522
-79.2903
-79.1228
-78.9494
-78.7696
-78.5829
-78.3886
-78.1861
-77.9747
-77.7534
-77.5211
-77.2767
-77.0188
-76.7456
-76.4551
-76.145
-75.8121
-75.4527
-75.0622
-74.6345
-74.1613
-73.6319
-73.031
-72.3362
-71.5133
-70.5062
-69.2145
-67.4343
-64.6641
-59.2094
-40.834
36.7713
45.7929
17.9585
-11.3109
-24.5807
-38.2507
-65.1215
-93.7497
-94.9351
-94.9665
-94.9458
-94.8992
-94.8195
-94.6999
-94.5407
-94.3492
-94.1365
-93.9133
-93.6874
-93.464
-93.2458
-93.0343
-92.8301
-92.6333
-92.4436
-92.2609
-92.0849
-91.9151
-91.7513
-91.5932
-91.4404
-91.2928
-91.1501
-91.0119
-90.8782
-90.7486
-90.623
-90.5011
-90.3829
-90.268
-90.1564
-90.0479
-89.9423
-89.8396
-89.7395
-89.642
-89.5468
-89.454
-89.3634
-89.2749
-89.1884
-89.1037
-89.0209
-88.9398
-88.8603
-88.7824
-88.706
-88.6309
-88.5572
-88.4848
-88.4136
-88.3435
-88.2746
-88.2066
-88.1396
-88.0736
-88.0084
-87.9441
-87.8805
-87.8177
-87.7555
-87.694
-87.6332
-87.5729
-87.5131
-87.4538
-87.3951
-87.3367
-87.2787
-87.2212
-87.1639
-87.107
-87.0503
-86.9939
-86.9378
-86.8818
-86.8261
-86.7704
-86.7149
-86.6596
-86.6043
-86.549
-86.4938
-86.4387
-86.3835
-86.3283
-86.2731
-86.2178
-86.1625
-86.107
-86.0515
-85.9958
-85.9399
-85.8839
-85.8277
-85.7713
-85.7147
-85.6579
-85.6008
-85.5434
-85.4858
-85.4278
-85.3696
-85.311
-85.252
-85.1927
-85.133
-85.0729
-85.0124
-84.9514
-84.89
-84.8282
-84.7658
-84.7029
-84.6396
-84.5756
-84.5112
-84.4461
-84.3804
-84.3142
-84.2473
-84.1797
-84.1114
-84.0425
-83.9728
-83.9024
-83.8311
-83.7592
-83.6863
-83.6126
-83.5381
-83.4626
-83.3862
-83.3089
-83.2305
-83.1511
-83.0707
-82.9891
-82.9064
-82.8225
-82.7374
-82.651
-82.5633
-82.4743
-82.3838
-82.2918
-82.1984
-82.1033
-82.0066
-81.9082
-81.808
-81.706
-81.6019
-81.4959
-81.3877
-81.2774
-81.1646
-81.0495
-80.9318
-80.8114
-80.6881
-80.5619
-80.4325
-80.2998
-80.1635
-80.0236
-79.8796
-79.7314
-79.5787
-79.4211
-79.2584
-79.0901
-78.9159
-78.7351
-78.5474
-78.352
-78.1483
-77.9355
-77.7127
-77.4788
-77.2325
-76.9725
-76.6969
-76.4037
-76.0904
-75.7539
-75.3902
-74.9946
-74.5606
-74.0799
-73.5409
-72.9274
-72.2158
-71.3694
-70.3271
-68.9781
-67.0919
-64.0794
-57.8084
-33.9357
41.7515
44.5954
14.4289
-11.276
-24.4204
-38.1223
-64.8381
-93.7486
-94.9406
-94.9672
-94.9446
-94.8959
-94.8129
-94.6889
-94.5246
-94.3284
-94.1118
-93.8855
-93.6574
-93.4323
-93.213
-93.0007
-92.796
-92.5988
-92.409
-92.2262
-92.0501
-91.8804
-91.7168
-91.5588
-91.4063
-91.259
-91.1165
-90.9787
-90.8453
-90.7161
-90.5909
-90.4694
-90.3516
-90.2372
-90.1261
-90.0181
-89.913
-89.8108
-89.7112
-89.6142
-89.5196
-89.4273
-89.3373
-89.2493
-89.1634
-89.0793
-88.9971
-88.9166
-88.8377
-88.7604
-88.6845
-88.6101
-88.5371
-88.4653
-88.3947
-88.3252
-88.2569
-88.1896
-88.1232
-88.0578
-87.9933
-87.9296
-87.8667
-87.8045
-87.743
-87.6822
-87.622
-87.5623
-87.5032
-87.4446
-87.3865
-87.3288
-87.2715
-87.2146
-87.1581
-87.1018
-87.0458
-86.9901
-86.9346
-86.8794
-86.8243
-86.7693
-86.7145
-86.6598
-86.6052
-86.5507
-86.4962
-86.4417
-86.3873
-86.3328
-86.2783
-86.2237
-86.1691
-86.1143
-86.0595
-86.0045
-85.9494
-85.8941
-85.8387
-85.783
-85.7271
-85.671
-85.6147
-85.5581
-85.5012
-85.444
-85.3865
-85.3287
-85.2705
-85.212
-85.1531
-85.0938
-85.0341
-84.9739
-84.9134
-84.8523
-84.7908
-84.7288
-84.6663
-84.6032
-84.5396
-84.4754
-84.4107
-84.3453
-84.2793
-84.2127
-84.1454
-84.0774
-84.0086
-83.9392
-83.869
-83.798
-83.7262
-83.6536
-83.5801
-83.5058
-83.4305
-83.3543
-83.2771
-83.1989
-83.1196
-83.0393
-82.9579
-82.8753
-82.7915
-82.7065
-82.6202
-82.5326
-82.4436
-82.3532
-82.2613
-82.1679
-82.0729
-81.9762
-81.8778
-81.7776
-81.6755
-81.5714
-81.4653
-81.357
-81.2466
-81.1337
-81.0185
-80.9006
-80.78
-80.6565
-80.5301
-80.4004
-80.2674
-80.1309
-79.9905
-79.8461
-79.6975
-79.5443
-79.3862
-79.2228
-79.0539
-78.8789
-78.6973
-78.5086
-78.3122
-78.1074
-77.8933
-77.669
-77.4334
-77.1853
-76.9232
-76.6452
-76.3492
-76.0327
-75.6924
-75.3243
-74.9233
-74.4827
-73.9938
-73.4444
-72.8175
-72.0877
-71.2154
-70.1341
-68.7207
-66.7122
-63.4078
-56.0709
-24.4225
44.4783
44.3255
13.2245
-11.4602
-24.637
-38.337
-65.3862
-93.8091
-94.9424
-94.9665
-94.9423
-94.8911
-94.804
-94.6745
-94.5042
-94.3026
-94.082
-93.8531
-93.6235
-93.3977
-93.1782
-92.966
-92.7616
-92.5648
-92.3754
-92.1931
-92.0175
-91.8483
-91.6851
-91.5277
-91.3757
-91.2289
-91.0869
-90.9496
-90.8168
-90.6881
-90.5634
-90.4426
-90.3253
-90.2115
-90.1009
-89.9935
-89.889
-89.7874
-89.6884
-89.592
-89.498
-89.4064
-89.317
-89.2296
-89.1443
-89.0609
-88.9793
-88.8994
-88.8212
-88.7445
-88.6693
-88.5956
-88.5232
-88.452
-88.3821
-88.3133
-88.2456
-88.179
-88.1133
-88.0486
-87.9847
-87.9217
-87.8594
-87.7979
-87.7371
-87.6769
-87.6174
-87.5584
-87.5
-87.4421
-87.3846
-87.3276
-87.271
-87.2148
-87.1589
-87.1033
-87.048
-86.993
-86.9382
-86.8836
-86.8292
-86.775
-86.7209
-86.6669
-86.6129
-86.5591
-86.5053
-86.4515
-86.3978
-86.344
-86.2902
-86.2363
-86.1824
-86.1284
-86.0743
-86.02
-85.9656
-85.9111
-85.8563
-85.8014
-85.7463
-85.6909
-85.6353
-85.5794
-85.5233
-85.4669
-85.4102
-85.3531
-85.2957
-85.238
-85.1799
-85.1213
-85.0624
-85.0031
-84.9434
-84.8831
-84.8224
-84.7613
-84.6996
-84.6374
-84.5747
-84.5114
-84.4475
-84.3831
-84.318
-84.2523
-84.1859
-84.1189
-84.0511
-83.9827
-83.9135
-83.8435
-83.7728
-83.7012
-83.6288
-83.5556
-83.4814
-83.4063
-83.3303
-83.2533
-83.1753
-83.0962
-83.016
-82.9348
-82.8523
-82.7687
-82.6838
-82.5976
-82.5101
-82.4213
-82.3309
-82.2391
-82.1458
-82.0508
-81.9542
-81.8558
-81.7557
-81.6536
-81.5496
-81.4435
-81.3352
-81.2247
-81.1119
-80.9965
-80.8786
-80.7579
-80.6344
-80.5078
-80.378
-80.2448
-80.1081
-79.9675
-79.8229
-79.674
-79.5204
-79.362
-79.1983
-79.0289
-78.8534
-78.6712
-78.482
-78.2849
-78.0792
-77.8643
-77.639
-77.4023
-77.1529
-76.8892
-76.6095
-76.3116
-75.9927
-75.6497
-75.2783
-74.8734
-74.4281
-73.9332
-73.3762
-72.7393
-71.9958
-71.104
-69.9929
-68.5293
-66.4232
-62.8758
-54.573
-15.6813
48.9632
44.615
12.6486
-11.813
-25.1207
-38.7768
-66.4931
-93.918
-94.944
-94.9651
-94.9393
-94.8853
-94.7939
-94.6587
-94.4822
-94.2752
-94.0507
-93.8193
-93.5885
-93.3624
-93.1432
-92.9317
-92.7281
-92.5322
-92.3438
-92.1624
-91.9878
-91.8195
-91.6572
-91.5007
-91.3496
-91.2037
-91.0626
-90.9261
-90.7941
-90.6663
-90.5425
-90.4224
-90.306
-90.193
-90.0832
-89.9766
-89.8729
-89.7721
-89.674
-89.5784
-89.4852
-89.3944
-89.3057
-89.2192
-89.1347
-89.052
-88.9712
-88.8921
-88.8147
-88.7388
-88.6644
-88.5915
-88.5198
-88.4494
-88.3803
-88.3123
-88.2454
-88.1795
-88.1146
-88.0506
-87.9875
-87.9253
-87.8638
-87.8031
-87.743
-87.6836
-87.6248
-87.5666
-87.509
-87.4518
-87.3951
-87.3389
-87.283
-87.2276
-87.1724
-87.1176
-87.0631
-87.0088
-86.9548
-86.901
-86.8473
-86.7939
-86.7405
-86.6873
-86.6341
-86.5811
-86.528
-86.475
-86.422
-86.369
-86.316
-86.2629
-86.2098
-86.1565
-86.1032
-86.0497
-85.9961
-85.9424
-85.8885
-85.8343
-85.78
-85.7255
-85.6707
-85.6157
-85.5604
-85.5048
-85.4489
-85.3927
-85.3362
-85.2793
-85.222
-85.1644
-85.1064
-85.048
-84.9891
-84.9298
-84.8701
-84.8098
-84.7491
-84.6879
-84.6261
-84.5638
-84.5009
-84.4375
-84.3734
-84.3088
-84.2435
-84.1775
-84.1109
-84.0435
-83.9755
-83.9066
-83.8371
-83.7667
-83.6955
-83.6235
-83.5506
-83.4768
-83.4021
-83.3265
-83.2498
-83.1722
-83.0934
-83.0136
-82.9327
-82.8507
-82.7674
-82.6829
-82.5971
-82.5099
-82.4214
-82.3315
-82.2401
-82.1471
-82.0525
-81.9563
-81.8583
-81.7585
-81.6569
-81.5532
-81.4476
-81.3397
-81.2296
-81.1172
-81.0023
-80.8848
-80.7646
-80.6416
-80.5155
-80.3862
-80.2535
-80.1173
-79.9773
-79.8333
-79.6849
-79.532
-79.3742
-79.2112
-79.0425
-78.8678
-78.6865
-78.4981
-78.3019
-78.0973
-77.8834
-77.6592
-77.4238
-77.1758
-76.9137
-76.6357
-76.3397
-76.023
-75.6825
-75.3141
-74.9126
-74.4713
-73.9814
-73.4307
-72.8019
-72.0694
-71.193
-70.1053
-68.6807
-66.6499
-63.2899
-55.7338
-22.4338
46.2293
44.3012
12.8928
-11.5324
-24.7257
-38.4181
-65.5893
-93.8299
-94.9426
-94.9661
-94.9414
-94.8893
-94.8008
-94.6691
-94.4963
-94.2922
-94.0692
-93.8383
-93.607
-93.3799
-93.1592
-92.946
-92.7407
-92.543
-92.3529
-92.1699
-91.9936
-91.8238
-91.6601
-91.5021
-91.3497
-91.2024
-91.06
-90.9224
-90.7892
-90.6602
-90.5353
-90.4142
-90.2967
-90.1827
-90.072
-89.9644
-89.8599
-89.7581
-89.6591
-89.5627
-89.4687
-89.377
-89.2876
-89.2003
-89.115
-89.0316
-88.9501
-88.8703
-88.7922
-88.7156
-88.6406
-88.5669
-88.4947
-88.4237
-88.3539
-88.2853
-88.2178
-88.1513
-88.0858
-88.0213
-87.9576
-87.8948
-87.8328
-87.7715
-87.7109
-87.651
-87.5917
-87.533
-87.4748
-87.4172
-87.36
-87.3032
-87.2469
-87.1909
-87.1353
-87.08
-87.025
-86.9703
-86.9158
-86.8615
-86.8073
-86.7534
-86.6996
-86.6459
-86.5923
-86.5387
-86.4853
-86.4318
-86.3783
-86.3249
-86.2714
-86.2178
-86.1642
-86.1105
-86.0567
-86.0028
-85.9487
-85.8945
-85.8401
-85.7855
-85.7307
-85.6756
-85.6204
-85.5648
-85.509
-85.453
-85.3966
-85.3398
-85.2828
-85.2254
-85.1676
-85.1095
-85.0509
-84.9919
-84.9325
-84.8726
-84.8123
-84.7515
-84.6902
-84.6283
-84.5659
-84.503
-84.4395
-84.3754
-84.3107
-84.2454
-84.1794
-84.1127
-84.0453
-83.9773
-83.9085
-83.8389
-83.7685
-83.6974
-83.6254
-83.5525
-83.4787
-83.4041
-83.3284
-83.2519
-83.1742
-83.0956
-83.0159
-82.935
-82.853
-82.7698
-82.6854
-82.5997
-82.5127
-82.4243
-82.3344
-82.2431
-82.1503
-82.0559
-81.9598
-81.8619
-81.7623
-81.6608
-81.5574
-81.4518
-81.3442
-81.2343
-81.1221
-81.0074
-80.8902
-80.7702
-80.6474
-80.5216
-80.3926
-80.2602
-80.1243
-79.9847
-79.841
-79.693
-79.5406
-79.3832
-79.2206
-79.0525
-78.8782
-78.6975
-78.5097
-78.3142
-78.1103
-77.8972
-77.674
-77.4395
-77.1926
-76.9317
-76.6551
-76.3607
-76.0458
-75.7073
-75.3413
-74.9427
-74.5049
-74.0193
-73.474
-72.8521
-72.1291
-71.2661
-70.1986
-68.8077
-66.8415
-63.6394
-56.6864
-27.8929
42.165
44.4441
13.825
-11.3703
-24.5334
-38.2391
-65.1392
-93.7836
-94.9419
-94.9666
-94.9428
-94.8919
-94.8054
-94.6765
-94.5064
-94.3044
-94.0825
-93.8517
-93.6197
-93.3913
-93.169
-92.9542
-92.7471
-92.5478
-92.356
-92.1715
-91.9937
-91.8225
-91.6574
-91.4981
-91.3444
-91.196
-91.0525
-90.9138
-90.7796
-90.6496
-90.5237
-90.4017
-90.2834
-90.1685
-90.057
-89.9487
-89.8434
-89.7409
-89.6412
-89.544
-89.4494
-89.3571
-89.2671
-89.1792
-89.0933
-89.0094
-88.9273
-88.847
-88.7684
-88.6913
-88.6158
-88.5417
-88.469
-88.3975
-88.3273
-88.2583
-88.1904
-88.1235
-88.0577
-87.9927
-87.9287
-87.8655
-87.8032
-87.7415
-87.6806
-87.6204
-87.5607
-87.5017
-87.4432
-87.3852
-87.3277
-87.2707
-87.214
-87.1578
-87.1019
-87.0463
-86.991
-86.936
-86.8812
-86.8267
-86.7723
-86.7181
-86.664
-86.61
-86.5562
-86.5024
-86.4486
-86.3949
-86.3412
-86.2875
-86.2337
-86.1799
-86.1261
-86.0721
-86.018
-85.9638
-85.9095
-85.855
-85.8004
-85.7455
-85.6904
-85.6351
-85.5796
-85.5238
-85.4677
-85.4114
-85.3547
-85.2977
-85.2404
-85.1827
-85.1246
-85.0661
-85.0073
-84.948
-84.8883
-84.8281
-84.7674
-84.7063
-84.6446
-84.5825
-84.5197
-84.4564
-84.3926
-84.3281
-84.263
-84.1973
-84.1309
-84.0638
-83.9961
-83.9276
-83.8583
-83.7883
-83.7175
-83.6458
-83.5733
-83.5
-83.4257
-83.3505
-83.2744
-83.1972
-83.119
-83.0398
-82.9594
-82.8779
-82.7953
-82.7114
-82.6263
-82.5398
-82.452
-82.3628
-82.2722
-82.18
-82.0863
-81.9909
-81.8939
-81.795
-81.6944
-81.5918
-81.4872
-81.3805
-81.2716
-81.1604
-81.0468
-80.9306
-80.8119
-80.6903
-80.5657
-80.4381
-80.3072
-80.1728
-80.0348
-79.8928
-79.7467
-79.5962
-79.4409
-79.2805
-79.1147
-78.9431
-78.7652
-78.5803
-78.3881
-78.1878
-77.9786
-77.7596
-77.5299
-77.2883
-77.0333
-76.7633
-76.4764
-76.1702
-75.8417
-75.4874
-75.1027
-74.6817
-74.2166
-73.6971
-73.1086
-72.4301
-71.6294
-70.6547
-69.4141
-67.7254
-65.1555
-60.324
-45.7197
26.5931
47.9436
25.9156
-10.7509
-24.0153
-37.806
-63.9271
-93.3895
-94.9085
-94.9641
-94.9463
-94.9011
-94.8228
-94.7044
-94.5451
-94.3521
-94.1363
-93.9086
-93.6774
-93.448
-93.2236
-93.0058
-92.7954
-92.5925
-92.397
-92.2086
-92.0271
-91.8522
-91.6836
-91.5208
-91.3638
-91.212
-91.0654
-90.9236
-90.7864
-90.6537
-90.525
-90.4003
-90.2794
-90.1621
-90.0482
-89.9376
-89.83
-89.7254
-89.6236
-89.5245
-89.4279
-89.3338
-89.242
-89.1523
-89.0648
-88.9792
-88.8955
-88.8137
-88.7335
-88.655
-88.5781
-88.5026
-88.4286
-88.3558
-88.2844
-88.2141
-88.145
-88.077
-88.01
-87.944
-87.8789
-87.8147
-87.7513
-87.6887
-87.6268
-87.5656
-87.505
-87.4451
-87.3857
-87.3268
-87.2685
-87.2106
-87.1531
-87.0961
-87.0394
-86.983
-86.9269
-86.8712
-86.8156
-86.7603
-86.7052
-86.6503
-86.5955
-86.5408
-86.4862
-86.4317
-86.3773
-86.3229
-86.2685
-86.2141
-86.1597
-86.1052
-86.0507
-85.9961
-85.9413
-85.8865
-85.8315
-85.7764
-85.721
-85.6655
-85.6098
-85.5538
-85.4976
-85.4411
-85.3844
-85.3273
-85.27
-85.2123
-85.1543
-85.0959
-85.0371
-84.9779
-84.9183
-84.8583
-84.7978
-84.7369
-84.6755
-84.6135
-84.5511
-84.4881
-84.4246
-84.3604
-84.2957
-84.2304
-84.1644
-84.0978
-84.0305
-83.9625
-83.8937
-83.8242
-83.754
-83.6829
-83.6111
-83.5383
-83.4647
-83.3902
-83.3148
-83.2383
-83.1609
-83.0825
-83.003
-82.9223
-82.8406
-82.7576
-82.6735
-82.588
-82.5013
-82.4132
-82.3236
-82.2327
-82.1401
-82.046
-81.9503
-81.8528
-81.7536
-81.6524
-81.5494
-81.4443
-81.3371
-81.2276
-81.1159
-81.0017
-80.8849
-80.7654
-80.6432
-80.5179
-80.3894
-80.2577
-80.1224
-79.9834
-79.8404
-79.6931
-79.5414
-79.3848
-79.223
-79.0557
-78.8824
-78.7027
-78.5159
-78.3215
-78.1188
-77.907
-77.6851
-77.4522
-77.2069
-76.9479
-76.6733
-76.3811
-76.0687
-75.7332
-75.3706
-74.9759
-74.5428
-74.0629
-73.5248
-72.9121
-72.2012
-71.3551
-70.3129
-68.963
-67.074
-64.0531
-57.7482
-33.624
41.8289
44.5687
14.3444
-11.2824
-24.4264
-38.1284
-64.8541
-93.7506
-94.9406
-94.9668
-94.9437
-94.8941
-94.8095
-94.6829
-94.5151
-94.3147
-94.0933
-93.8621
-93.629
-93.399
-93.175
-92.9583
-92.7493
-92.5481
-92.3545
-92.1682
-91.9888
-91.816
-91.6494
-91.4888
-91.3337
-91.184
-91.0394
-90.8995
-90.7642
-90.6333
-90.5064
-90.3835
-90.2643
-90.1486
-90.0363
-89.9272
-89.8211
-89.718
-89.6176
-89.5199
-89.4247
-89.3318
-89.2413
-89.1529
-89.0665
-88.9822
-88.8997
-88.8189
-88.7399
-88.6625
-88.5866
-88.5122
-88.4391
-88.3674
-88.2969
-88.2276
-88.1594
-88.0923
-88.0262
-87.9611
-87.8969
-87.8335
-87.7709
-87.7091
-87.648
-87.5876
-87.5278
-87.4687
-87.41
-87.3519
-87.2943
-87.2372
-87.1804
-87.1241
-87.0681
-87.0124
-86.9571
-86.902
-86.8471
-86.7925
-86.738
-86.6838
-86.6296
-86.5756
-86.5217
-86.4679
-86.4141
-86.3603
-86.3066
-86.2528
-86.199
-86.1452
-86.0913
-86.0373
-85.9832
-85.929
-85.8747
-85.8202
-85.7655
-85.7106
-85.6555
-85.6002
-85.5446
-85.4888
-85.4327
-85.3763
-85.3196
-85.2626
-85.2052
-85.1475
-85.0894
-85.0309
-84.972
-84.9127
-84.853
-84.7927
-84.732
-84.6709
-84.6092
-84.5469
-84.4842
-84.4208
-84.3569
-84.2924
-84.2272
-84.1614
-84.095
-84.0278
-83.96
-83.8914
-83.822
-83.7519
-83.681
-83.6092
-83.5366
-83.4632
-83.3887
-83.3134
-83.2371
-83.1598
-83.0814
-83.002
-82.9215
-82.8398
-82.757
-82.6729
-82.5875
-82.5008
-82.4128
-82.3233
-82.2324
-82.1399
-82.0459
-81.9502
-81.8528
-81.7536
-81.6525
-81.5495
-81.4444
-81.3372
-81.2278
-81.1161
-81.002
-80.8852
-80.7658
-80.6435
-80.5183
-80.3899
-80.2582
-80.1229
-79.9839
-79.8409
-79.6937
-79.5419
-79.3854
-79.2236
-79.0564
-78.8831
-78.7033
-78.5166
-78.3222
-78.1195
-77.9077
-77.6859
-77.453
-77.2078
-76.9488
-76.6742
-76.3821
-76.0698
-75.7344
-75.3718
-74.9773
-74.5444
-74.0647
-73.5269
-72.9146
-72.2043
-71.3591
-70.3182
-68.9708
-67.0868
-64.0782
-57.8205
-34.0529
41.7147
44.6006
14.4397
-11.2779
-24.4236
-38.1252
-64.8455
-93.7493
-94.9404
-94.9667
-94.9437
-94.8942
-94.8096
-94.6831
-94.5154
-94.3148
-94.0933
-93.8618
-93.6284
-93.3981
-93.1737
-92.9566
-92.7473
-92.5458
-92.3519
-92.1653
-91.9856
-91.8125
-91.6457
-91.4848
-91.3296
-91.1797
-91.0348
-90.8947
-90.7592
-90.6281
-90.5011
-90.378
-90.2586
-90.1428
-90.0303
-89.9211
-89.8149
-89.7116
-89.6111
-89.5132
-89.4179
-89.3249
-89.2343
-89.1458
-89.0593
-88.9748
-88.8922
-88.8114
-88.7323
-88.6548
-88.5788
-88.5043
-88.4312
-88.3593
-88.2888
-88.2194
-88.1511
-88.084
-88.0178
-87.9526
-87.8883
-87.8248
-87.7622
-87.7003
-87.6392
-87.5787
-87.5189
-87.4596
-87.401
-87.3428
-87.2852
-87.2279
-87.1711
-87.1147
-87.0587
-87.003
-86.9476
-86.8924
-86.8375
-86.7828
-86.7283
-86.674
-86.6198
-86.5658
-86.5118
-86.4579
-86.4041
-86.3503
-86.2965
-86.2427
-86.1888
-86.1349
-86.081
-86.027
-85.9728
-85.9185
-85.8641
-85.8096
-85.7548
-85.6999
-85.6448
-85.5894
-85.5338
-85.4779
-85.4217
-85.3653
-85.3085
-85.2515
-85.194
-85.1363
-85.0781
-85.0196
-84.9606
-84.9012
-84.8414
-84.7811
-84.7203
-84.6591
-84.5973
-84.535
-84.4722
-84.4087
-84.3447
-84.2801
-84.2149
-84.149
-84.0825
-84.0152
-83.9473
-83.8786
-83.8091
-83.7389
-83.6679
-83.596
-83.5233
-83.4497
-83.3752
-83.2997
-83.2233
-83.1459
-83.0674
-82.9878
-82.9071
-82.8253
-82.7423
-82.658
-82.5725
-82.4856
-82.3974
-82.3078
-82.2166
-82.124
-82.0297
-81.9338
-81.8361
-81.7367
-81.6354
-81.5321
-81.4267
-81.3193
-81.2096
-81.0975
-80.983
-80.8659
-80.7461
-80.6234
-80.4978
-80.3689
-80.2367
-80.1009
-79.9613
-79.8178
-79.6699
-79.5176
-79.3603
-79.1978
-79.0297
-78.8555
-78.6748
-78.487
-78.2915
-78.0875
-77.8743
-77.651
-77.4163
-77.1692
-76.908
-76.6311
-76.3361
-76.0207
-75.6816
-75.3146
-74.9149
-74.4757
-73.9883
-73.4406
-72.8156
-72.0881
-71.2188
-70.1415
-68.734
-66.7361
-63.4565
-56.2114
-25.2497
43.5836
44.3657
13.4233
-11.4359
-24.6109
-38.3135
-65.3277
-93.8031
-94.9422
-94.9662
-94.9417
-94.8899
-94.8017
-94.6703
-94.4973
-94.2923
-94.0677
-93.8344
-93.6002
-93.3698
-93.1459
-92.9295
-92.721
-92.5203
-92.3273
-92.1415
-91.9627
-91.7905
-91.6245
-91.4644
-91.31
-91.1608
-91.0167
-90.8774
-90.7426
-90.6122
-90.4859
-90.3635
-90.2448
-90.1297
-90.0179
-89.9094
-89.8038
-89.7012
-89.6014
-89.5042
-89.4095
-89.3172
-89.2272
-89.1393
-89.0535
-88.9697
-88.8877
-88.8075
-88.729
-88.6521
-88.5767
-88.5028
-88.4303
-88.3591
-88.2891
-88.2203
-88.1527
-88.0861
-88.0205
-87.9559
-87.8922
-87.8293
-87.7672
-87.7059
-87.6454
-87.5855
-87.5262
-87.4675
-87.4094
-87.3519
-87.2948
-87.2381
-87.1819
-87.126
-87.0706
-87.0154
-86.9605
-86.906
-86.8516
-86.7975
-86.7435
-86.6898
-86.6362
-86.5827
-86.5293
-86.4759
-86.4227
-86.3694
-86.3162
-86.2629
-86.2097
-86.1564
-86.103
-86.0495
-85.9959
-85.9423
-85.8884
-85.8344
-85.7803
-85.7259
-85.6714
-85.6166
-85.5616
-85.5063
-85.4508
-85.395
-85.3388
-85.2824
-85.2256
-85.1684
-85.1109
-85.053
-84.9947
-84.9359
-84.8768
-84.8172
-84.7571
-84.6965
-84.6354
-84.5738
-84.5117
-84.449
-84.3857
-84.3218
-84.2574
-84.1922
-84.1265
-84.06
-83.9929
-83.925
-83.8564
-83.787
-83.7169
-83.6459
-83.5741
-83.5014
-83.4278
-83.3533
-83.2779
-83.2014
-83.124
-83.0455
-82.9659
-82.8851
-82.8033
-82.7202
-82.6359
-82.5502
-82.4633
-82.375
-82.2852
-82.1939
-82.1011
-82.0067
-81.9106
-81.8128
-81.7131
-81.6116
-81.508
-81.4024
-81.2947
-81.1847
-81.0723
-80.9575
-80.84
-80.7198
-80.5967
-80.4706
-80.3412
-80.2085
-80.0721
-79.9319
-79.7877
-79.6392
-79.486
-79.3279
-79.1645
-78.9954
-78.8201
-78.6382
-78.4491
-78.2522
-78.0467
-77.8318
-77.6065
-77.3697
-77.1202
-76.8563
-76.5762
-76.2777
-75.9582
-75.6143
-75.2417
-74.8352
-74.3878
-73.8902
-73.3295
-72.6876
-71.937
-71.0347
-69.907
-68.4148
-66.2514
-62.5558
-53.6262
-10.1191
49.5701
44.8938
12.5232
-12.0516
-25.4626
-39.0846
-67.2811
-93.9869
-94.9447
-94.9637
-94.9364
-94.8798
-94.7844
-94.6437
-94.4613
-94.2485
-94.0185
-93.7824
-93.5473
-93.3174
-93.0947
-92.88
-92.6734
-92.4748
-92.2839
-92.1002
-91.9233
-91.7531
-91.589
-91.4307
-91.278
-91.1306
-90.9882
-90.8506
-90.7175
-90.5886
-90.4639
-90.3431
-90.2259
-90.1123
-90.002
-89.895
-89.7909
-89.6898
-89.5914
-89.4956
-89.4023
-89.3114
-89.2227
-89.1362
-89.0518
-88.9693
-88.8886
-88.8098
-88.7326
-88.657
-88.5829
-88.5103
-88.4391
-88.3691
-88.3004
-88.2329
-88.1665
-88.1011
-88.0368
-87.9734
-87.9109
-87.8493
-87.7884
-87.7283
-87.669
-87.6103
-87.5522
-87.4947
-87.4378
-87.3814
-87.3255
-87.27
-87.215
-87.1603
-87.106
-87.052
-86.9983
-86.9449
-86.8917
-86.8387
-86.786
-86.7334
-86.6809
-86.6286
-86.5763
-86.5242
-86.4721
-86.42
-86.3679
-86.3159
-86.2638
-86.2117
-86.1595
-86.1072
-86.0548
-86.0023
-85.9497
-85.8969
-85.844
-85.7909
-85.7375
-85.684
-85.6302
-85.5762
-85.5219
-85.4674
-85.4125
-85.3573
-85.3018
-85.246
-85.1898
-85.1332
-85.0763
-85.0189
-84.9611
-84.9029
-84.8442
-84.7851
-84.7255
-84.6653
-84.6047
-84.5435
-84.4817
-84.4194
-84.3565
-84.293
-84.2289
-84.1641
-84.0986
-84.0324
-83.9656
-83.898
-83.8296
-83.7605
-83.6906
-83.6198
-83.5482
-83.4757
-83.4023
-83.328
-83.2527
-83.1764
-83.099
-83.0206
-82.9412
-82.8605
-82.7787
-82.6957
-82.6114
-82.5258
-82.4389
-82.3506
-82.2608
-82.1695
-82.0767
-81.9822
-81.886
-81.7881
-81.6883
-81.5866
-81.4829
-81.3772
-81.2692
-81.159
-81.0464
-80.9313
-80.8135
-80.693
-80.5695
-80.443
-80.3132
-80.18
-80.0431
-79.9024
-79.7575
-79.6083
-79.4544
-79.2954
-79.1311
-78.9611
-78.7848
-78.6017
-78.4113
-78.2129
-78.0058
-77.7891
-77.5619
-77.3228
-77.0708
-76.804
-76.5206
-76.2184
-75.8945
-75.5454
-75.1667
-74.7528
-74.2963
-73.7874
-73.2123
-72.5511
-71.7743
-70.8338
-69.6469
-68.0522
-65.6799
-61.4183
-49.8421
10.5263
49.6932
39.052
-0.733019
-15.8292
-29.4897
-45.2679
-80.0033
-94.58
-94.958
-94.958
-94.9232
-94.857
-94.7499
-94.5982
-94.4074
-94.1895
-93.9571
-93.7201
-93.4849
-93.2551
-93.0325
-92.8178
-92.6111
-92.4123
-92.2211
-92.0371
-91.86
-91.6894
-91.5249
-91.3664
-91.2134
-91.0657
-90.923
-90.7851
-90.6517
-90.5226
-90.3977
-90.2766
-90.1593
-90.0455
-89.9351
-89.8278
-89.7237
-89.6224
-89.5239
-89.428
-89.3346
-89.2436
-89.1549
-89.0683
-88.9838
-88.9012
-88.8206
-88.7417
-88.6644
-88.5888
-88.5147
-88.4421
-88.3708
-88.3009
-88.2322
-88.1647
-88.0983
-88.033
-87.9686
-87.9053
-87.8428
-87.7812
-87.7204
-87.6603
-87.601
-87.5423
-87.4843
-87.4268
-87.37
-87.3136
-87.2577
-87.2023
-87.1473
-87.0926
-87.0384
-86.9844
-86.9308
-86.8774
-86.8243
-86.7713
-86.7186
-86.666
-86.6136
-86.5613
-86.5091
-86.457
-86.4049
-86.3528
-86.3008
-86.2488
-86.1967
-86.1446
-86.0924
-86.0401
-85.9878
-85.9353
-85.8827
-85.8299
-85.7769
-85.7238
-85.6704
-85.6169
-85.5631
-85.509
-85.4547
-85.4001
-85.3452
-85.29
-85.2344
-85.1785
-85.1223
-85.0656
-85.0086
-84.9511
-84.8932
-84.8349
-84.7761
-84.7169
-84.6571
-84.5968
-84.536
-84.4747
-84.4128
-84.3503
-84.2872
-84.2235
-84.1591
-84.0941
-84.0284
-83.962
-83.8949
-83.827
-83.7584
-83.6889
-83.6187
-83.5476
-83.4756
-83.4028
-83.329
-83.2542
-83.1785
-83.1017
-83.0239
-82.9451
-82.865
-82.7839
-82.7015
-82.6179
-82.533
-82.4467
-82.3591
-82.2701
-82.1795
-82.0874
-81.9937
-81.8983
-81.8012
-81.7023
-81.6015
-81.4987
-81.3939
-81.2869
-81.1777
-81.0661
-80.952
-80.8353
-80.716
-80.5937
-80.4684
-80.3399
-80.2081
-80.0726
-79.9334
-79.7901
-79.6425
-79.4904
-79.3333
-79.171
-79.003
-78.829
-78.6483
-78.4605
-78.265
-78.0609
-77.8476
-77.6239
-77.389
-77.1413
-76.8795
-76.6018
-76.3059
-75.9892
-75.6485
-75.2797
-74.8775
-74.4352
-73.9438
-73.3908
-72.7587
-72.0212
-71.1373
-70.0374
-68.5913
-66.5172
-63.0464
-55.0384
-18.3231
48.3025
44.4604
12.6661
-11.7008
-24.9588
-38.631
-66.1263
-93.8833
-94.9433
-94.9652
-94.9394
-94.8854
-94.7937
-94.6576
-94.4796
-94.2701
-94.0422
-93.807
-93.572
-93.3417
-93.1183
-92.9027
-92.6952
-92.4956
-92.3037
-92.119
-91.9413
-91.77
-91.605
-91.4459
-91.2924
-91.1441
-91.0009
-90.8625
-90.7286
-90.599
-90.4735
-90.3519
-90.2341
-90.1197
-90.0087
-89.9009
-89.7962
-89.6944
-89.5953
-89.4988
-89.4049
-89.3133
-89.224
-89.1369
-89.0518
-88.9687
-88.8875
-88.808
-88.7302
-88.654
-88.5793
-88.5061
-88.4343
-88.3638
-88.2945
-88.2264
-88.1595
-88.0936
-88.0287
-87.9647
-87.9017
-87.8395
-87.7781
-87.7175
-87.6576
-87.5983
-87.5397
-87.4817
-87.4243
-87.3673
-87.3109
-87.2549
-87.1993
-87.1442
-87.0893
-87.0348
-86.9806
-86.9267
-86.873
-86.8195
-86.7662
-86.7131
-86.6602
-86.6073
-86.5546
-86.5019
-86.4493
-86.3967
-86.3441
-86.2916
-86.239
-86.1863
-86.1336
-86.0808
-86.0279
-85.9749
-85.9218
-85.8685
-85.815
-85.7614
-85.7075
-85.6534
-85.5991
-85.5446
-85.4897
-85.4346
-85.3792
-85.3235
-85.2674
-85.211
-85.1542
-85.0971
-85.0396
-84.9816
-84.9232
-84.8644
-84.8051
-84.7454
-84.6851
-84.6243
-84.563
-84.5012
-84.4388
-84.3758
-84.3122
-84.248
-84.1832
-84.1177
-84.0515
-83.9846
-83.917
-83.8486
-83.7795
-83.7096
-83.6388
-83.5672
-83.4948
-83.4214
-83.3471
-83.2719
-83.1957
-83.1184
-83.0401
-82.9607
-82.8802
-82.7985
-82.7156
-82.6314
-82.546
-82.4593
-82.3711
-82.2815
-82.1904
-82.0978
-82.0035
-81.9076
-81.8099
-81.7104
-81.609
-81.5057
-81.4002
-81.2926
-81.1828
-81.0705
-80.9558
-80.8385
-80.7184
-80.5955
-80.4695
-80.3403
-80.2077
-80.0715
-79.9314
-79.7873
-79.6389
-79.4859
-79.3279
-79.1646
-78.9956
-78.8205
-78.6387
-78.4497
-78.2529
-78.0475
-77.8326
-77.6074
-77.3707
-77.1212
-76.8574
-76.5773
-76.2789
-75.9594
-75.6153
-75.2427
-74.836
-74.3884
-73.8905
-73.3294
-72.6868
-71.9351
-71.0312
-69.9009
-68.4039
-66.23
-62.5055
-53.4405
-8.95969
49.6273
44.8013
12.128
-12.0932
-25.5037
-39.1211
-67.3747
-93.9941
-94.9447
-94.9635
-94.9359
-94.8788
-94.7827
-94.6411
-94.4577
-94.2438
-94.013
-93.776
-93.5402
-93.3097
-93.0864
-92.8712
-92.6642
-92.4651
-92.2737
-92.0896
-91.9124
-91.7418
-91.5774
-91.4188
-91.2658
-91.1181
-90.9755
-90.8376
-90.7043
-90.5753
-90.4504
-90.3294
-90.2121
-90.0983
-89.9879
-89.8807
-89.7766
-89.6753
-89.5768
-89.481
-89.3876
-89.2967
-89.208
-89.1214
-89.037
-88.9544
-88.8738
-88.7949
-88.7177
-88.6421
-88.5681
-88.4955
-88.4243
-88.3544
-88.2857
-88.2182
-88.1519
-88.0866
-88.0223
-87.9589
-87.8965
-87.8349
-87.7741
-87.7141
-87.6548
-87.5962
-87.5382
-87.4808
-87.424
-87.3677
-87.3118
-87.2564
-87.2015
-87.1469
-87.0927
-87.0388
-86.9852
-86.9319
-86.8788
-86.826
-86.7733
-86.7208
-86.6685
-86.6162
-86.5641
-86.512
-86.46
-86.4081
-86.3561
-86.3042
-86.2522
-86.2002
-86.1481
-86.096
-86.0437
-85.9913
-85.9388
-85.8862
-85.8334
-85.7804
-85.7272
-85.6737
-85.6201
-85.5662
-85.512
-85.4576
-85.4029
-85.3478
-85.2924
-85.2367
-85.1807
-85.1242
-85.0674
-85.0101
-84.9525
-84.8944
-84.8358
-84.7768
-84.7173
-84.6573
-84.5968
-84.5357
-84.4741
-84.4119
-84.3492
-84.2858
-84.2218
-84.1571
-84.0918
-84.0257
-83.959
-83.8915
-83.8233
-83.7543
-83.6845
-83.6139
-83.5424
-83.4701
-83.3968
-83.3226
-83.2474
-83.1713
-83.0941
-83.0158
-82.9364
-82.856
-82.7743
-82.6914
-82.6073
-82.5218
-82.4351
-82.3469
-82.2572
-82.1661
-82.0734
-81.9791
-81.883
-81.7853
-81.6856
-81.5841
-81.4806
-81.375
-81.2672
-81.1571
-81.0447
-80.9297
-80.8121
-80.6918
-80.5685
-80.4421
-80.3125
-80.1795
-80.0428
-79.9023
-79.7576
-79.6086
-79.4549
-79.2962
-79.1322
-78.9623
-78.7863
-78.6034
-78.4133
-78.2152
-78.0084
-77.7921
-77.5651
-77.3265
-77.0748
-76.8084
-76.5255
-76.2238
-75.9005
-75.552
-75.174
-74.761
-74.3055
-73.7978
-73.2241
-72.5649
-71.7905
-70.8536
-69.6721
-68.0867
-65.7331
-61.5228
-50.1953
8.81359
49.7403
40.0054
0.764358
-15.0112
-28.572
-43.524
-76.8512
-94.4858
-94.9558
-94.9591
-94.9257
-94.861
-94.7555
-94.6047
-94.4141
-94.1957
-93.9624
-93.7242
-93.4878
-93.2569
-93.0333
-92.8177
-92.6103
-92.4108
-92.2189
-92.0344
-91.8567
-91.6856
-91.5208
-91.3618
-91.2085
-91.0605
-90.9175
-90.7794
-90.6458
-90.5165
-90.3914
-90.2702
-90.1528
-90.0389
-89.9284
-89.8211
-89.7168
-89.6155
-89.517
-89.4211
-89.3277
-89.2368
-89.1481
-89.0615
-88.9771
-88.8946
-88.814
-88.7352
-88.6581
-88.5826
-88.5086
-88.4361
-88.365
-88.2952
-88.2266
-88.1593
-88.093
-88.0279
-87.9637
-87.9005
-87.8382
-87.7768
-87.7162
-87.6563
-87.5972
-87.5387
-87.4809
-87.4237
-87.367
-87.3109
-87.2552
-87.2
-87.1453
-87.0909
-87.0368
-86.9831
-86.9297
-86.8766
-86.8237
-86.771
-86.7186
-86.6663
-86.6141
-86.562
-86.5101
-86.4582
-86.4064
-86.3547
-86.3029
-86.2511
-86.1993
-86.1475
-86.0956
-86.0436
-85.9916
-85.9394
-85.887
-85.8346
-85.7819
-85.7291
-85.676
-85.6228
-85.5693
-85.5156
-85.4616
-85.4073
-85.3527
-85.2978
-85.2426
-85.187
-85.1311
-85.0748
-85.0181
-84.961
-84.9034
-84.8454
-84.787
-84.7281
-84.6687
-84.6088
-84.5484
-84.4874
-84.4259
-84.3638
-84.3011
-84.2378
-84.1738
-84.1092
-84.0439
-83.978
-83.9113
-83.8438
-83.7757
-83.7067
-83.6369
-83.5663
-83.4948
-83.4224
-83.3491
-83.2749
-83.1997
-83.1235
-83.0462
-82.9679
-82.8884
-82.8078
-82.7261
-82.643
-82.5588
-82.4732
-82.3862
-82.2978
-82.208
-82.1166
-82.0237
-81.9291
-81.8327
-81.7347
-81.6347
-81.5328
-81.4289
-81.3228
-81.2146
-81.104
-80.9911
-80.8755
-80.7573
-80.6363
-80.5123
-80.3852
-80.2547
-80.1208
-79.9831
-79.8416
-79.6958
-79.5455
-79.3905
-79.2303
-79.0647
-78.8931
-78.7151
-78.5303
-78.3379
-78.1372
-77.9276
-77.7082
-77.4778
-77.2352
-76.9792
-76.7078
-76.4192
-76.1109
-75.7799
-75.4224
-75.0337
-74.6077
-74.1363
-73.6085
-73.0091
-72.3156
-71.4935
-70.4865
-69.1935
-67.4085
-64.6239
-59.1132
-40.3388
37.3828
45.6512
17.5164
-11.3056
-24.5615
-38.2357
-65.0907
-93.752
-94.9356
-94.966
-94.9444
-94.8962
-94.8138
-94.69
-94.525
-94.3264
-94.1058
-93.8742
-93.6398
-93.408
-93.1817
-92.9626
-92.7511
-92.5474
-92.3513
-92.1625
-91.9807
-91.8057
-91.6369
-91.4742
-91.3171
-91.1655
-91.0191
-90.8775
-90.7405
-90.6079
-90.4796
-90.3552
-90.2346
-90.1177
-90.0041
-89.8938
-89.7867
-89.6825
-89.5811
-89.4824
-89.3862
-89.2925
-89.2011
-89.1119
-89.0249
-88.9398
-88.8566
-88.7752
-88.6956
-88.6176
-88.5411
-88.4661
-88.3926
-88.3204
-88.2495
-88.1797
-88.1112
-88.0437
-87.9772
-87.9117
-87.8472
-87.7835
-87.7206
-87.6585
-87.5972
-87.5365
-87.4765
-87.4171
-87.3583
-87.3
-87.2422
-87.1849
-87.128
-87.0715
-87.0153
-86.9595
-86.9041
-86.8488
-86.7939
-86.7391
-86.6846
-86.6302
-86.576
-86.5219
-86.4679
-86.414
-86.3602
-86.3063
-86.2525
-86.1987
-86.1449
-86.091
-86.0371
-85.983
-85.9289
-85.8747
-85.8203
-85.7657
-85.711
-85.6561
-85.6009
-85.5456
-85.49
-85.4341
-85.378
-85.3216
-85.2648
-85.2078
-85.1504
-85.0926
-85.0345
-84.9759
-84.917
-84.8576
-84.7978
-84.7375
-84.6767
-84.6155
-84.5537
-84.4914
-84.4285
-84.3651
-84.3011
-84.2365
-84.1712
-84.1053
-84.0387
-83.9714
-83.9034
-83.8347
-83.7652
-83.6949
-83.6238
-83.5519
-83.4791
-83.4054
-83.3308
-83.2552
-83.1786
-83.101
-83.0224
-82.9427
-82.8619
-82.7799
-82.6967
-82.6122
-82.5265
-82.4394
-82.3509
-82.261
-82.1696
-82.0766
-81.982
-81.8857
-81.7877
-81.6879
-81.5861
-81.4824
-81.3765
-81.2686
-81.1583
-81.0457
-80.9305
-80.8128
-80.6922
-80.5688
-80.4423
-80.3125
-80.1794
-80.0426
-79.9019
-79.7571
-79.608
-79.4542
-79.2954
-79.1313
-78.9613
-78.7852
-78.6024
-78.4122
-78.2141
-78.0073
-77.7909
-77.564
-77.3254
-77.0738
-76.8076
-76.5248
-76.2233
-75.9002
-75.552
-75.1744
-74.7618
-74.307
-73.8001
-73.2275
-72.5697
-71.7975
-70.8637
-69.6871
-68.1104
-65.7748
-61.6151
-50.5376
7.06499
49.7736
40.8603
2.24828
-14.3117
-27.7922
-42.1011
-74.0189
-94.382
-94.9533
-94.9601
-94.9279
-94.8646
-94.7604
-94.6107
-94.4204
-94.2016
-93.9675
-93.7284
-93.491
-93.2591
-93.0346
-92.8182
-92.6101
-92.4099
-92.2175
-92.0324
-91.8542
-91.6827
-91.5174
-91.3581
-91.2044
-91.0561
-90.9128
-90.7744
-90.6405
-90.5111
-90.3857
-90.2643
-90.1467
-90.0327
-89.922
-89.8146
-89.7102
-89.6088
-89.5102
-89.4143
-89.3208
-89.2298
-89.1411
-89.0545
-88.9701
-88.8876
-88.807
-88.7282
-88.6511
-88.5756
-88.5016
-88.4292
-88.3581
-88.2883
-88.2198
-88.1525
-88.0864
-88.0213
-87.9572
-87.8941
-87.8319
-87.7705
-87.71
-87.6502
-87.5912
-87.5328
-87.4751
-87.418
-87.3615
-87.3054
-87.2499
-87.1948
-87.1402
-87.0859
-87.032
-86.9784
-86.9251
-86.8721
-86.8194
-86.7669
-86.7145
-86.6624
-86.6104
-86.5585
-86.5067
-86.455
-86.4033
-86.3517
-86.3001
-86.2485
-86.1968
-86.1452
-86.0934
-86.0416
-85.9897
-85.9377
-85.8855
-85.8332
-85.7807
-85.7281
-85.6752
-85.6222
-85.5689
-85.5153
-85.4615
-85.4074
-85.353
-85.2983
-85.2432
-85.1879
-85.1321
-85.076
-85.0195
-84.9626
-84.9053
-84.8475
-84.7893
-84.7306
-84.6714
-84.6117
-84.5515
-84.4908
-84.4295
-84.3676
-84.3051
-84.242
-84.1783
-84.114
-84.0489
-83.9832
-83.9168
-83.8496
-83.7816
-83.7129
-83.6434
-83.573
-83.5018
-83.4297
-83.3567
-83.2828
-83.2079
-83.132
-83.055
-82.977
-82.8979
-82.8176
-82.7362
-82.6535
-82.5696
-82.4844
-82.3978
-82.3098
-82.2203
-82.1294
-82.0368
-81.9427
-81.8468
-81.7492
-81.6497
-81.5483
-81.4449
-81.3394
-81.2317
-81.1217
-81.0093
-80.8944
-80.7768
-80.6565
-80.5332
-80.4068
-80.2772
-80.1441
-80.0073
-79.8666
-79.7218
-79.5726
-79.4187
-79.2597
-79.0953
-78.9251
-78.7486
-78.5653
-78.3746
-78.1758
-77.9682
-77.751
-77.5231
-77.2833
-77.0302
-76.7623
-76.4776
-76.1737
-75.8478
-75.4963
-75.1146
-74.6971
-74.2361
-73.7213
-73.1384
-72.467
-71.6757
-70.7139
-69.493
-67.8377
-65.3366
-60.7025
-47.1578
21.8458
48.7485
30.2069
-9.15487
-22.2925
-36.289
-60.2194
-92.517
-94.8779
-94.9629
-94.9478
-94.904
-94.8272
-94.7098
-94.5505
-94.3563
-94.1384
-93.908
-93.6737
-93.4411
-93.2135
-92.9927
-92.7793
-92.5736
-92.3754
-92.1846
-92.0008
-91.8238
-91.6532
-91.4886
-91.3298
-91.1766
-91.0286
-90.8855
-90.7472
-90.6133
-90.4838
-90.3583
-90.2366
-90.1187
-90.0043
-89.8931
-89.7852
-89.6803
-89.5783
-89.479
-89.3823
-89.2881
-89.1963
-89.1068
-89.0193
-88.934
-88.8505
-88.769
-88.6891
-88.611
-88.5345
-88.4594
-88.3858
-88.3136
-88.2427
-88.173
-88.1046
-88.0372
-87.9708
-87.9055
-87.8411
-87.7776
-87.715
-87.6531
-87.592
-87.5316
-87.4719
-87.4128
-87.3543
-87.2964
-87.2389
-87.182
-87.1254
-87.0693
-87.0136
-86.9582
-86.9032
-86.8484
-86.7939
-86.7396
-86.6855
-86.6317
-86.5779
-86.5243
-86.4709
-86.4175
-86.3642
-86.3109
-86.2576
-86.2044
-86.1511
-86.0978
-86.0444
-85.991
-85.9375
-85.8838
-85.8301
-85.7761
-85.7221
-85.6678
-85.6133
-85.5586
-85.5037
-85.4485
-85.3931
-85.3373
-85.2813
-85.225
-85.1683
-85.1112
-85.0538
-84.996
-84.9379
-84.8792
-84.8202
-84.7607
-84.7008
-84.6403
-84.5794
-84.5179
-84.4559
-84.3933
-84.3302
-84.2664
-84.2021
-84.1371
-84.0714
-84.0051
-83.938
-83.8703
-83.8018
-83.7325
-83.6624
-83.5915
-83.5198
-83.4472
-83.3737
-83.2993
-83.2239
-83.1475
-83.0701
-82.9916
-82.912
-82.8313
-82.7495
-82.6664
-82.5821
-82.4964
-82.4094
-82.321
-82.2312
-82.1399
-82.047
-81.9524
-81.8562
-81.7582
-81.6584
-81.5566
-81.4529
-81.347
-81.239
-81.1287
-81.0159
-80.9007
-80.7828
-80.6622
-80.5386
-80.4119
-80.2819
-80.1485
-80.0114
-79.8704
-79.7253
-79.5758
-79.4216
-79.2623
-79.0976
-78.9271
-78.7503
-78.5666
-78.3756
-78.1765
-77.9687
-77.7511
-77.5228
-77.2827
-77.0293
-76.761
-76.476
-76.1717
-75.8453
-75.4934
-75.1113
-74.6932
-74.2316
-73.7161
-73.1325
-72.4601
-71.6675
-70.704
-69.4805
-67.8208
-65.3103
-60.6486
-46.9519
22.573
48.64
29.5451
-9.48563
-22.5958
-36.5663
-60.8897
-92.7012
-94.8836
-94.963
-94.9474
-94.9033
-94.826
-94.7081
-94.5485
-94.3539
-94.1358
-93.9052
-93.6707
-93.4379
-93.2101
-92.989
-92.7754
-92.5694
-92.371
-92.1799
-91.9959
-91.8186
-91.6477
-91.4829
-91.3239
-91.1704
-91.0222
-90.8789
-90.7404
-90.6063
-90.4765
-90.3508
-90.229
-90.1109
-89.9963
-89.885
-89.7768
-89.6718
-89.5696
-89.4701
-89.3733
-89.2789
-89.1869
-89.0972
-89.0096
-88.9241
-88.8405
-88.7588
-88.6788
-88.6005
-88.5239
-88.4487
-88.375
-88.3026
-88.2316
-88.1618
-88.0931
-88.0256
-87.9591
-87.8937
-87.8292
-87.7655
-87.7028
-87.6408
-87.5796
-87.5191
-87.4592
-87.4
-87.3414
-87.2833
-87.2258
-87.1687
-87.112
-87.0558
-87
-86.9445
-86.8893
-86.8344
-86.7798
-86.7254
-86.6712
-86.6172
-86.5633
-86.5096
-86.456
-86.4025
-86.3491
-86.2957
-86.2423
-86.189
-86.1356
-86.0821
-86.0287
-85.9751
-85.9215
-85.8677
-85.8138
-85.7597
-85.7055
-85.6511
-85.5965
-85.5417
-85.4866
-85.4313
-85.3757
-85.3199
-85.2637
-85.2072
-85.1504
-85.0932
-85.0356
-84.9777
-84.9194
-84.8606
-84.8014
-84.7418
-84.6816
-84.621
-84.5599
-84.4983
-84.4361
-84.3733
-84.31
-84.2461
-84.1815
-84.1163
-84.0505
-83.9839
-83.9167
-83.8487
-83.78
-83.7105
-83.6402
-83.5691
-83.4971
-83.4243
-83.3505
-83.2758
-83.2002
-83.1235
-83.0458
-82.967
-82.8871
-82.8061
-82.7239
-82.6405
-82.5558
-82.4698
-82.3825
-82.2937
-82.2035
-82.1117
-82.0184
-81.9234
-81.8267
-81.7282
-81.6279
-81.5256
-81.4213
-81.3149
-81.2062
-81.0953
-80.9819
-80.866
-80.7474
-80.6259
-80.5015
-80.3739
-80.2431
-80.1087
-79.9706
-79.8285
-79.6822
-79.5315
-79.3759
-79.2152
-79.049
-78.8768
-78.6982
-78.5126
-78.3195
-78.1181
-77.9076
-77.6873
-77.4559
-77.2123
-76.955
-76.6823
-76.3922
-76.0822
-75.7493
-75.3896
-74.9982
-74.5691
-74.0939
-73.5614
-72.9559
-72.2542
-71.4208
-70.3972
-69.0771
-67.2424
-64.3452
-58.4611
-37.2223
40.2356
44.9853
15.5508
-11.2687
-24.4505
-38.1439
-64.8844
-93.7478
-94.9388
-94.9664
-94.9439
-94.8947
-94.8108
-94.685
-94.5177
-94.317
-94.0946
-93.8617
-93.6263
-93.3938
-93.1672
-92.9478
-92.7361
-92.5324
-92.3363
-92.1476
-91.966
-91.791
-91.6224
-91.4598
-91.303
-91.1516
-91.0053
-90.8639
-90.7272
-90.5949
-90.4667
-90.3426
-90.2223
-90.1055
-89.9922
-89.8822
-89.7753
-89.6714
-89.5702
-89.4718
-89.3759
-89.2825
-89.1913
-89.1024
-89.0156
-88.9308
-88.8478
-88.7667
-88.6874
-88.6096
-88.5335
-88.4588
-88.3855
-88.3136
-88.2429
-88.1734
-88.1051
-88.0379
-87.9717
-87.9065
-87.8423
-87.7788
-87.7163
-87.6545
-87.5934
-87.533
-87.4733
-87.4142
-87.3556
-87.2976
-87.2401
-87.183
-87.1264
-87.0702
-87.0143
-86.9588
-86.9036
-86.8487
-86.794
-86.7395
-86.6853
-86.6312
-86.5773
-86.5235
-86.4698
-86.4161
-86.3626
-86.3091
-86.2555
-86.202
-86.1485
-86.0949
-86.0412
-85.9875
-85.9337
-85.8797
-85.8256
-85.7714
-85.717
-85.6623
-85.6075
-85.5525
-85.4972
-85.4417
-85.3858
-85.3297
-85.2733
-85.2166
-85.1595
-85.1021
-85.0443
-84.9861
-84.9275
-84.8684
-84.8089
-84.749
-84.6886
-84.6277
-84.5663
-84.5044
-84.4419
-84.3788
-84.3152
-84.2509
-84.1861
-84.1206
-84.0544
-83.9875
-83.9199
-83.8516
-83.7826
-83.7127
-83.6421
-83.5706
-83.4983
-83.425
-83.3509
-83.2758
-83.1998
-83.1227
-83.0446
-82.9655
-82.8852
-82.8037
-82.7211
-82.6373
-82.5521
-82.4657
-82.3779
-82.2886
-82.1979
-82.1056
-82.0118
-81.9163
-81.8191
-81.72
-81.6191
-81.5163
-81.4114
-81.3044
-81.1951
-81.0835
-80.9694
-80.8528
-80.7335
-80.6113
-80.4861
-80.3577
-80.226
-80.0907
-79.9517
-79.8087
-79.6614
-79.5095
-79.3528
-79.1909
-79.0234
-78.8498
-78.6697
-78.4826
-78.2878
-78.0846
-77.8721
-77.6495
-77.4157
-77.1695
-76.9093
-76.6333
-76.3395
-76.0253
-75.6875
-75.3221
-74.9241
-74.4869
-74.0019
-73.457
-72.8356
-72.1128
-71.2497
-70.1817
-68.7892
-66.819
-63.6051
-56.6014
-27.4127
42.112
44.4542
13.8258
-11.3827
-24.5516
-38.257
-65.1852
-93.7885
-94.9419
-94.9663
-94.9419
-94.8903
-94.8024
-94.6713
-94.4984
-94.2929
-94.0672
-93.8324
-93.5964
-93.3641
-93.1381
-92.9197
-92.7092
-92.5067
-92.3119
-92.1245
-91.9441
-91.7704
-91.603
-91.4416
-91.2859
-91.1356
-90.9904
-90.8501
-90.7144
-90.583
-90.4559
-90.3327
-90.2132
-90.0974
-89.985
-89.8758
-89.7697
-89.6666
-89.5662
-89.4685
-89.3734
-89.2807
-89.1903
-89.1021
-89.016
-88.9318
-88.8496
-88.7691
-88.6904
-88.6133
-88.5377
-88.4637
-88.391
-88.3197
-88.2496
-88.1807
-88.113
-88.0463
-87.9807
-87.916
-87.8523
-87.7894
-87.7273
-87.666
-87.6055
-87.5456
-87.4864
-87.4278
-87.3697
-87.3122
-87.2551
-87.1986
-87.1424
-87.0867
-87.0313
-86.9762
-86.9215
-86.867
-86.8128
-86.7588
-86.705
-86.6514
-86.5979
-86.5445
-86.4913
-86.4381
-86.385
-86.3319
-86.2788
-86.2257
-86.1726
-86.1195
-86.0663
-86.013
-85.9596
-85.9061
-85.8525
-85.7986
-85.7447
-85.6905
-85.6362
-85.5816
-85.5267
-85.4717
-85.4163
-85.3607
-85.3047
-85.2485
-85.1919
-85.1349
-85.0776
-85.0199
-84.9617
-84.9032
-84.8442
-84.7848
-84.7249
-84.6646
-84.6037
-84.5423
-84.4803
-84.4178
-84.3547
-84.2911
-84.2268
-84.1619
-84.0963
-84.03
-83.9631
-83.8954
-83.827
-83.7578
-83.6878
-83.617
-83.5454
-83.4729
-83.3995
-83.3251
-83.2499
-83.1736
-83.0963
-83.018
-82.9385
-82.858
-82.7763
-82.6933
-82.6091
-82.5237
-82.4369
-82.3487
-82.2591
-82.1679
-82.0752
-81.9809
-81.885
-81.7872
-81.6877
-81.5862
-81.4828
-81.3773
-81.2696
-81.1597
-81.0474
-80.9326
-80.8151
-80.695
-80.5719
-80.4457
-80.3164
-80.1836
-80.0472
-79.907
-79.7627
-79.614
-79.4607
-79.3024
-79.1388
-78.9695
-78.794
-78.6118
-78.4223
-78.2249
-78.0189
-77.8034
-77.5775
-77.3399
-77.0895
-76.8245
-76.5432
-76.2434
-75.9221
-75.5761
-75.2011
-74.7916
-74.3405
-73.8382
-73.2715
-72.6214
-71.8597
-70.9412
-69.7885
-68.2531
-66.0024
-62.0756
-52.1143
-1.41814
49.7948
43.634
8.38855
-12.5294
-25.8992
-39.4288
-68.1457
-94.0517
-94.9451
-94.9622
-94.9332
-94.8739
-94.7744
-94.6289
-94.4417
-94.2245
-93.9909
-93.7517
-93.514
-93.2819
-93.0572
-92.8406
-92.6324
-92.4322
-92.2398
-92.0548
-91.8767
-91.7053
-91.5402
-91.381
-91.2274
-91.0792
-90.9361
-90.7978
-90.6642
-90.5348
-90.4097
-90.2884
-90.171
-90.0571
-89.9466
-89.8393
-89.7351
-89.6339
-89.5354
-89.4396
-89.3463
-89.2555
-89.1669
-89.0805
-88.9962
-88.9139
-88.8335
-88.7548
-88.6779
-88.6025
-88.5288
-88.4565
-88.3855
-88.3159
-88.2476
-88.1805
-88.1145
-88.0495
-87.9856
-87.9227
-87.8606
-87.7994
-87.7391
-87.6795
-87.6206
-87.5624
-87.5049
-87.4479
-87.3915
-87.3357
-87.2803
-87.2254
-87.1709
-87.1168
-87.0631
-87.0097
-86.9566
-86.9038
-86.8512
-86.7989
-86.7467
-86.6947
-86.6429
-86.5912
-86.5396
-86.4881
-86.4366
-86.3852
-86.3338
-86.2824
-86.231
-86.1795
-86.128
-86.0764
-86.0247
-85.9729
-85.9209
-85.8688
-85.8166
-85.7642
-85.7115
-85.6587
-85.6056
-85.5523
-85.4988
-85.4449
-85.3908
-85.3363
-85.2816
-85.2265
-85.171
-85.1152
-85.059
-85.0024
-84.9453
-84.8879
-84.83
-84.7716
-84.7127
-84.6534
-84.5935
-84.5331
-84.4722
-84.4107
-84.3486
-84.2859
-84.2226
-84.1586
-84.094
-84.0287
-83.9627
-83.8959
-83.8284
-83.7602
-83.6912
-83.6213
-83.5506
-83.479
-83.4066
-83.3332
-83.2589
-83.1835
-83.1072
-83.0298
-82.9514
-82.8718
-82.791
-82.7091
-82.6259
-82.5415
-82.4557
-82.3685
-82.28
-82.1899
-82.0983
-82.0051
-81.9103
-81.8137
-81.7153
-81.6151
-81.5129
-81.4086
-81.3023
-81.1936
-81.0827
-80.9693
-80.8534
-80.7347
-80.6132
-80.4887
-80.361
-80.2301
-80.0955
-79.9572
-79.815
-79.6684
-79.5174
-79.3616
-79.2005
-79.0339
-78.8613
-78.6822
-78.4961
-78.3023
-78.1002
-77.889
-77.6677
-77.4353
-77.1906
-76.932
-76.6579
-76.3661
-76.0541
-75.7189
-75.3564
-74.9618
-74.5286
-74.0484
-73.5096
-72.8959
-72.1833
-71.3344
-70.2875
-68.9295
-67.0243
-63.964
-57.5169
-32.371
42.0833
44.4909
14.1019
-11.2979
-24.4392
-38.1426
-64.8915
-93.7555
-94.9409
-94.9666
-94.9431
-94.8927
-94.8068
-94.6783
-94.5082
-94.3051
-94.0812
-93.8474
-93.6119
-93.3797
-93.1536
-92.9349
-92.7242
-92.5213
-92.3262
-92.1384
-91.9577
-91.7837
-91.616
-91.4543
-91.2983
-91.1477
-91.0022
-90.8616
-90.7256
-90.594
-90.4666
-90.3432
-90.2235
-90.1074
-89.9948
-89.8854
-89.7791
-89.6757
-89.5751
-89.4772
-89.3819
-89.289
-89.1984
-89.1099
-89.0236
-88.9393
-88.8568
-88.7762
-88.6973
-88.62
-88.5442
-88.4699
-88.3971
-88.3256
-88.2553
-88.1862
-88.1183
-88.0515
-87.9857
-87.9208
-87.8569
-87.7939
-87.7316
-87.6702
-87.6094
-87.5494
-87.49
-87.4312
-87.373
-87.3153
-87.2581
-87.2014
-87.1451
-87.0892
-87.0336
-86.9784
-86.9235
-86.8689
-86.8145
-86.7603
-86.7064
-86.6526
-86.5989
-86.5454
-86.492
-86.4387
-86.3854
-86.3322
-86.2789
-86.2257
-86.1725
-86.1192
-86.0658
-86.0124
-85.9588
-85.9052
-85.8514
-85.7974
-85.7433
-85.689
-85.6344
-85.5797
-85.5247
-85.4695
-85.414
-85.3582
-85.3021
-85.2457
-85.1889
-85.1318
-85.0743
-85.0164
-84.9582
-84.8995
-84.8403
-84.7807
-84.7207
-84.6602
-84.5991
-84.5375
-84.4754
-84.4127
-84.3495
-84.2856
-84.2212
-84.1561
-84.0903
-84.0239
-83.9567
-83.8889
-83.8202
-83.7509
-83.6807
-83.6097
-83.5378
-83.4651
-83.3915
-83.317
-83.2415
-83.165
-83.0875
-83.0089
-82.9292
-82.8484
-82.7664
-82.6833
-82.5988
-82.5131
-82.426
-82.3375
-82.2476
-82.1562
-82.0632
-81.9686
-81.8722
-81.7742
-81.6743
-81.5725
-81.4686
-81.3627
-81.2547
-81.1443
-81.0315
-80.9163
-80.7983
-80.6777
-80.554
-80.4273
-80.2974
-80.164
-80.0269
-79.886
-79.741
-79.5915
-79.4374
-79.2782
-79.1136
-78.9433
-78.7666
-78.5832
-78.3925
-78.1937
-77.9861
-77.769
-77.5411
-77.3015
-77.0487
-76.7812
-76.497
-76.1937
-75.8686
-75.518
-75.1377
-74.7217
-74.2628
-73.7507
-73.1716
-72.5052
-71.721
-70.77
-69.5665
-67.9428
-65.51
-61.0782
-48.6401
15.9781
49.4018
35.2653
-5.37735
-19.0433
-33.0336
-52.6505
-88.8807
-94.7892
-94.9616
-94.9525
-94.9127
-94.8403
-94.7269
-94.5702
-94.3766
-94.1578
-93.9255
-93.6889
-93.4542
-93.2246
-93.002
-92.7871
-92.58
-92.3807
-92.1888
-92.0042
-91.8263
-91.655
-91.4898
-91.3305
-91.1768
-91.0283
-90.8849
-90.7463
-90.6122
-90.4824
-90.3567
-90.235
-90.1169
-90.0025
-89.8913
-89.7834
-89.6786
-89.5766
-89.4774
-89.3809
-89.2869
-89.1952
-89.1058
-89.0187
-88.9335
-88.8503
-88.7691
-88.6895
-88.6117
-88.5355
-88.4608
-88.3876
-88.3157
-88.2452
-88.1759
-88.1079
-88.0409
-87.975
-87.9101
-87.8462
-87.7831
-87.7209
-87.6596
-87.599
-87.5391
-87.4799
-87.4213
-87.3633
-87.3059
-87.2489
-87.1925
-87.1365
-87.081
-87.0258
-86.971
-86.9165
-86.8623
-86.8084
-86.7547
-86.7012
-86.648
-86.5948
-86.5419
-86.489
-86.4362
-86.3835
-86.3309
-86.2783
-86.2257
-86.1731
-86.1204
-86.0677
-86.015
-85.9621
-85.9091
-85.8561
-85.8028
-85.7494
-85.6959
-85.6421
-85.5882
-85.534
-85.4795
-85.4248
-85.3698
-85.3146
-85.259
-85.2031
-85.1468
-85.0902
-85.0332
-84.9759
-84.9181
-84.8599
-84.8012
-84.7421
-84.6826
-84.6225
-84.5619
-84.5008
-84.4392
-84.3769
-84.3141
-84.2507
-84.1867
-84.1221
-84.0567
-83.9908
-83.924
-83.8566
-83.7884
-83.7195
-83.6497
-83.5791
-83.5077
-83.4354
-83.3622
-83.2881
-83.213
-83.1369
-83.0598
-82.9816
-82.9023
-82.8219
-82.7404
-82.6576
-82.5735
-82.4882
-82.4015
-82.3134
-82.2238
-82.1328
-82.0401
-81.9459
-81.8499
-81.7522
-81.6527
-81.5512
-81.4478
-81.3422
-81.2345
-81.1245
-81.0121
-80.8971
-80.7796
-80.6592
-80.536
-80.4096
-80.28
-80.1469
-80.0102
-79.8695
-79.7248
-79.5757
-79.4218
-79.2629
-79.0987
-78.9286
-78.7522
-78.5691
-78.3786
-78.18
-77.9727
-77.7558
-77.5281
-77.2887
-77.0361
-76.7686
-76.4845
-76.1812
-75.856
-75.5054
-75.1248
-74.7085
-74.2491
-73.7362
-73.156
-72.4879
-71.7013
-70.7464
-69.5363
-67.9004
-65.4406
-60.9275
-48.0419
18.4665
49.1731
33.2063
-7.20318
-20.5564
-34.6076
-56.2325
-91.0469
-94.8389
-94.9622
-94.9501
-94.9083
-94.8336
-94.7181
-94.56
-94.366
-94.1475
-93.916
-93.6804
-93.4466
-93.2178
-92.9959
-92.7816
-92.575
-92.376
-92.1845
-92.0001
-91.8225
-91.6514
-91.4864
-91.3272
-91.1736
-91.0253
-90.882
-90.7434
-90.6094
-90.4797
-90.354
-90.2323
-90.1143
-89.9998
-89.8887
-89.7808
-89.6759
-89.5739
-89.4747
-89.3781
-89.2841
-89.1924
-89.103
-89.0157
-88.9305
-88.8473
-88.7659
-88.6863
-88.6084
-88.5321
-88.4573
-88.384
-88.3121
-88.2414
-88.1721
-88.1039
-88.0368
-87.9708
-87.9058
-87.8417
-87.7786
-87.7163
-87.6548
-87.594
-87.534
-87.4747
-87.416
-87.3578
-87.3003
-87.2432
-87.1867
-87.1305
-87.0748
-87.0195
-86.9646
-86.9099
-86.8556
-86.8015
-86.7477
-86.694
-86.6406
-86.5873
-86.5342
-86.4812
-86.4283
-86.3754
-86.3226
-86.2698
-86.2171
-86.1643
-86.1115
-86.0586
-86.0057
-85.9526
-85.8995
-85.8462
-85.7928
-85.7393
-85.6855
-85.6316
-85.5774
-85.523
-85.4684
-85.4135
-85.3583
-85.3029
-85.2471
-85.191
-85.1345
-85.0777
-85.0205
-84.963
-84.905
-84.8465
-84.7877
-84.7284
-84.6686
-84.6083
-84.5474
-84.4861
-84.4242
-84.3618
-84.2987
-84.2351
-84.1708
-84.1059
-84.0403
-83.974
-83.9071
-83.8394
-83.7709
-83.7016
-83.6316
-83.5607
-83.489
-83.4164
-83.3429
-83.2684
-83.193
-83.1165
-83.0391
-82.9605
-82.8809
-82.8001
-82.7181
-82.6349
-82.5504
-82.4647
-82.3775
-82.289
-82.1989
-82.1074
-82.0143
-81.9195
-81.823
-81.7247
-81.6246
-81.5225
-81.4185
-81.3122
-81.2038
-81.0931
-80.9799
-80.8642
-80.7458
-80.6246
-80.5004
-80.3731
-80.2425
-80.1083
-79.9705
-79.8287
-79.6826
-79.5321
-79.3768
-79.2164
-79.0505
-78.8786
-78.7003
-78.5151
-78.3223
-78.1213
-77.9112
-77.6912
-77.4603
-77.2172
-76.9604
-76.6883
-76.3989
-76.0896
-75.7574
-75.3986
-75.0083
-74.5804
-74.1067
-73.5761
-72.9729
-72.2743
-71.4451
-70.4277
-69.1178
-67.3015
-64.4464
-58.703
-38.4086
39.3494
45.1982
16.1676
-11.276
-24.4808
-38.1688
-64.9407
-93.7493
-94.9378
-94.9662
-94.944
-94.8951
-94.8117
-94.6864
-94.5197
-94.3195
-94.0974
-93.8646
-93.6292
-93.3966
-93.1698
-92.9501
-92.7382
-92.5342
-92.3378
-92.1488
-91.9669
-91.7917
-91.6228
-91.46
-91.3029
-91.1512
-91.0047
-90.8631
-90.7261
-90.5936
-90.4653
-90.341
-90.2204
-90.1035
-89.9901
-89.8799
-89.7728
-89.6687
-89.5674
-89.4689
-89.3728
-89.2793
-89.188
-89.099
-89.012
-88.9271
-88.8441
-88.7629
-88.6834
-88.6056
-88.5293
-88.4546
-88.3812
-88.3092
-88.2385
-88.1689
-88.1006
-88.0333
-87.967
-87.9018
-87.8374
-87.774
-87.7113
-87.6495
-87.5883
-87.5279
-87.4681
-87.409
-87.3504
-87.2923
-87.2348
-87.1777
-87.121
-87.0648
-87.0089
-86.9533
-86.8981
-86.8431
-86.7884
-86.734
-86.6797
-86.6256
-86.5716
-86.5178
-86.4641
-86.4104
-86.3568
-86.3033
-86.2497
-86.1962
-86.1426
-86.089
-86.0354
-85.9816
-85.9278
-85.8738
-85.8197
-85.7654
-85.711
-85.6564
-85.6015
-85.5465
-85.4912
-85.4356
-85.3798
-85.3237
-85.2673
-85.2105
-85.1534
-85.096
-85.0382
-84.98
-84.9213
-84.8623
-84.8028
-84.7429
-84.6824
-84.6215
-84.5601
-84.4982
-84.4357
-84.3726
-84.3089
-84.2447
-84.1798
-84.1143
-84.0481
-83.9812
-83.9136
-83.8453
-83.7762
-83.7063
-83.6357
-83.5642
-83.4918
-83.4186
-83.3444
-83.2693
-83.1933
-83.1162
-83.038
-82.9589
-82.8785
-82.7971
-82.7144
-82.6305
-82.5454
-82.4589
-82.371
-82.2817
-82.191
-82.0987
-82.0048
-81.9092
-81.8119
-81.7128
-81.6119
-81.509
-81.404
-81.2969
-81.1875
-81.0758
-80.9617
-80.845
-80.7255
-80.6032
-80.4779
-80.3494
-80.2175
-80.0821
-79.9429
-79.7997
-79.6522
-79.5002
-79.3433
-79.1811
-79.0134
-78.8395
-78.6591
-78.4717
-78.2765
-78.0728
-77.8599
-77.6369
-77.4025
-77.1556
-76.8947
-76.6179
-76.3232
-76.0079
-75.6688
-75.3019
-74.9021
-74.4627
-73.9749
-73.4267
-72.8007
-72.0717
-71.2
-70.1188
-68.7042
-66.6916
-63.3743
-55.9778
-23.8566
45.0353
44.3045
13.0916
-11.4831
-24.6639
-38.3617
-65.4482
-93.8153
-94.9422
-94.9659
-94.941
-94.8884
-94.7989
-94.6657
-94.4904
-94.2829
-94.0558
-93.8202
-93.5839
-93.3516
-93.1259
-92.9079
-92.6978
-92.4958
-92.3014
-92.1145
-91.9345
-91.7612
-91.5942
-91.4332
-91.2779
-91.128
-90.9831
-90.8432
-90.7078
-90.5768
-90.45
-90.3271
-90.208
-90.0925
-89.9804
-89.8715
-89.7658
-89.6629
-89.5629
-89.4656
-89.3707
-89.2783
-89.1882
-89.1003
-89.0145
-88.9307
-88.8487
-88.7686
-88.6901
-88.6133
-88.5381
-88.4643
-88.3919
-88.3208
-88.251
-88.1824
-88.115
-88.0486
-87.9833
-87.9189
-87.8554
-87.7928
-87.731
-87.67
-87.6097
-87.5501
-87.4912
-87.4329
-87.3751
-87.3178
-87.2611
-87.2048
-87.1489
-87.0934
-87.0383
-86.9835
-86.9291
-86.8749
-86.8209
-86.7672
-86.7137
-86.6603
-86.6071
-86.554
-86.501
-86.4481
-86.3953
-86.3425
-86.2897
-86.2369
-86.1841
-86.1312
-86.0783
-86.0253
-85.9722
-85.919
-85.8656
-85.8121
-85.7584
-85.7046
-85.6505
-85.5962
-85.5417
-85.4869
-85.4319
-85.3766
-85.3209
-85.265
-85.2087
-85.1521
-85.0951
-85.0377
-84.9799
-84.9217
-84.8631
-84.804
-84.7444
-84.6844
-84.6239
-84.5629
-84.5013
-84.4392
-84.3765
-84.3132
-84.2493
-84.1848
-84.1196
-84.0537
-83.9872
-83.9199
-83.852
-83.7832
-83.7137
-83.6433
-83.5722
-83.5002
-83.4273
-83.3534
-83.2787
-83.2029
-83.1262
-83.0484
-82.9695
-82.8895
-82.8084
-82.7261
-82.6426
-82.5577
-82.4716
-82.3841
-82.2952
-82.2048
-82.1129
-82.0194
-81.9242
-81.8273
-81.7286
-81.6281
-81.5256
-81.4211
-81.3145
-81.2056
-81.0944
-80.9808
-80.8646
-80.7457
-80.6239
-80.4992
-80.3713
-80.2401
-80.1054
-79.9669
-79.8245
-79.6778
-79.5267
-79.3706
-79.2095
-79.0427
-78.87
-78.6908
-78.5047
-78.3109
-78.1088
-77.8976
-77.6764
-77.4441
-77.1995
-76.9411
-76.6672
-76.3757
-76.0642
-75.7294
-75.3676
-74.9739
-74.5419
-74.0631
-73.5263
-72.9152
-72.2061
-71.3626
-70.3238
-68.9795
-67.1005
-64.1029
-57.882
-34.3664
41.6172
44.6266
14.5148
-11.2763
-24.4242
-38.1254
-64.8455
-93.749
-94.9402
-94.9665
-94.9434
-94.8935
-94.8083
-94.6808
-94.5117
-94.3093
-94.0857
-93.852
-93.6162
-93.3836
-93.157
-92.9377
-92.7264
-92.523
-92.3272
-92.1389
-91.9577
-91.7831
-91.6149
-91.4527
-91.2962
-91.1451
-90.9992
-90.8582
-90.7218
-90.5898
-90.462
-90.3381
-90.2181
-90.1016
-89.9886
-89.8788
-89.7722
-89.6685
-89.5676
-89.4694
-89.3737
-89.2805
-89.1896
-89.1008
-89.0142
-88.9296
-88.8469
-88.7659
-88.6867
-88.6092
-88.5332
-88.4587
-88.3855
-88.3138
-88.2433
-88.174
-88.1058
-88.0387
-87.9727
-87.9076
-87.8435
-87.7802
-87.7177
-87.6561
-87.5951
-87.5349
-87.4753
-87.4163
-87.3578
-87.2999
-87.2425
-87.1856
-87.1291
-87.073
-87.0172
-86.9618
-86.9067
-86.8519
-86.7973
-86.743
-86.6888
-86.6348
-86.581
-86.5273
-86.4737
-86.4202
-86.3667
-86.3133
-86.2599
-86.2065
-86.153
-86.0995
-86.046
-85.9923
-85.9386
-85.8848
-85.8308
-85.7766
-85.7223
-85.6678
-85.6131
-85.5581
-85.5029
-85.4475
-85.3918
-85.3358
-85.2795
-85.2229
-85.1659
-85.1086
-85.0509
-84.9928
-84.9343
-84.8754
-84.816
-84.7562
-84.6959
-84.6351
-84.5738
-84.512
-84.4496
-84.3867
-84.3232
-84.2591
-84.1944
-84.129
-84.0629
-83.9962
-83.9288
-83.8606
-83.7917
-83.722
-83.6515
-83.5802
-83.508
-83.435
-83.361
-83.2861
-83.2102
-83.1333
-83.0554
-82.9765
-82.8964
-82.8151
-82.7327
-82.6491
-82.5642
-82.478
-82.3904
-82.3014
-82.2109
-82.1189
-82.0253
-81.9301
-81.8332
-81.7345
-81.6339
-81.5313
-81.4268
-81.3201
-81.2112
-81.1
-80.9864
-80.8701
-80.7513
-80.6295
-80.5048
-80.377
-80.2458
-80.1111
-79.9727
-79.8303
-79.6837
-79.5326
-79.3767
-79.2156
-79.049
-78.8764
-78.6974
-78.5114
-78.3178
-78.1159
-77.905
-77.6841
-77.4521
-77.2079
-76.95
-76.6766
-76.3857
-76.0748
-75.7409
-75.3801
-74.9875
-74.5568
-74.0799
-73.5453
-72.9371
-72.2321
-71.3941
-70.3638
-69.0334
-67.1804
-64.243
-58.2305
-36.1671
40.8669
44.8261
15.0929
-11.2674
-24.4328
-38.13
-64.8533
-93.7473
-94.9394
-94.9665
-94.9437
-94.8942
-94.8098
-94.6832
-94.5151
-94.3135
-94.0905
-93.857
-93.6212
-93.3885
-93.1616
-92.9421
-92.7304
-92.5266
-92.3305
-92.1418
-91.9602
-91.7853
-91.6167
-91.4542
-91.2974
-91.146
-90.9998
-90.8584
-90.7217
-90.5894
-90.4613
-90.3372
-90.2169
-90.1002
-89.9869
-89.8769
-89.77
-89.666
-89.5649
-89.4664
-89.3705
-89.2771
-89.1859
-89.097
-89.0102
-88.9253
-88.8424
-88.7613
-88.6819
-88.6041
-88.5279
-88.4532
-88.3799
-88.3079
-88.2372
-88.1677
-88.0994
-88.0322
-87.9659
-87.9007
-87.8364
-87.7729
-87.7103
-87.6484
-87.5873
-87.5269
-87.4671
-87.408
-87.3494
-87.2913
-87.2338
-87.1767
-87.12
-87.0638
-87.0078
-86.9523
-86.897
-86.8421
-86.7873
-86.7328
-86.6785
-86.6244
-86.5704
-86.5165
-86.4628
-86.4091
-86.3555
-86.3019
-86.2484
-86.1948
-86.1412
-86.0876
-86.0338
-85.9801
-85.9262
-85.8722
-85.818
-85.7637
-85.7092
-85.6546
-85.5997
-85.5446
-85.4892
-85.4337
-85.3778
-85.3216
-85.2651
-85.2083
-85.1512
-85.0937
-85.0358
-84.9776
-84.9189
-84.8598
-84.8002
-84.7402
-84.6798
-84.6188
-84.5573
-84.4953
-84.4327
-84.3696
-84.3059
-84.2416
-84.1766
-84.111
-84.0448
-83.9778
-83.9101
-83.8417
-83.7726
-83.7027
-83.6319
-83.5603
-83.4879
-83.4146
-83.3403
-83.2652
-83.189
-83.1118
-83.0336
-82.9543
-82.8739
-82.7923
-82.7096
-82.6256
-82.5403
-82.4537
-82.3657
-82.2763
-82.1854
-82.093
-81.999
-81.9033
-81.8059
-81.7067
-81.6055
-81.5025
-81.3974
-81.2901
-81.1806
-81.0687
-80.9544
-80.8374
-80.7178
-80.5953
-80.4697
-80.341
-80.2089
-80.0732
-79.9338
-79.7903
-79.6425
-79.4901
-79.3328
-79.1703
-79.0021
-78.8279
-78.647
-78.459
-78.2633
-78.0591
-77.8455
-77.6217
-77.3866
-77.1388
-76.8768
-76.599
-76.303
-75.9862
-75.6454
-75.2766
-74.8744
-74.4322
-73.9409
-73.3882
-72.7566
-72.0199
-71.1372
-70.0394
-68.5974
-66.5319
-63.085
-55.1834
-19.2875
47.9594
44.4048
12.6735
-11.6612
-24.9018
-38.5791
-65.9949
-93.8704
-94.943
-94.9652
-94.9395
-94.8856
-94.794
-94.6579
-94.4796
-94.2695
-94.0407
-93.8042
-93.5677
-93.3356
-93.1105
-92.8932
-92.6839
-92.4827
-92.2892
-92.1031
-91.924
-91.7514
-91.5852
-91.425
-91.2703
-91.1211
-90.9769
-90.8376
-90.7029
-90.5725
-90.4463
-90.324
-90.2055
-90.0906
-89.979
-89.8707
-89.7655
-89.6632
-89.5637
-89.4669
-89.3726
-89.2807
-89.1911
-89.1037
-89.0183
-88.935
-88.8535
-88.7738
-88.6958
-88.6195
-88.5447
-88.4713
-88.3994
-88.3288
-88.2594
-88.1913
-88.1243
-88.0583
-87.9934
-87.9294
-87.8664
-87.8042
-87.7428
-87.6822
-87.6223
-87.5631
-87.5046
-87.4466
-87.3893
-87.3324
-87.2761
-87.2202
-87.1647
-87.1096
-87.0549
-87.0005
-86.9464
-86.8926
-86.839
-86.7857
-86.7325
-86.6796
-86.6268
-86.5741
-86.5215
-86.469
-86.4165
-86.3641
-86.3117
-86.2593
-86.2069
-86.1544
-86.1019
-86.0493
-85.9966
-85.9437
-85.8908
-85.8377
-85.7844
-85.731
-85.6773
-85.6234
-85.5693
-85.515
-85.4603
-85.4054
-85.3502
-85.2947
-85.2389
-85.1827
-85.1261
-85.0692
-85.0119
-84.9541
-84.896
-84.8374
-84.7783
-84.7188
-84.6587
-84.5982
-84.5371
-84.4755
-84.4134
-84.3506
-84.2872
-84.2233
-84.1586
-84.0934
-84.0274
-83.9607
-83.8934
-83.8252
-83.7563
-83.6866
-83.6161
-83.5448
-83.4725
-83.3994
-83.3254
-83.2504
-83.1744
-83.0973
-83.0193
-82.9401
-82.8598
-82.7784
-82.6957
-82.6118
-82.5267
-82.4401
-82.3522
-82.2629
-82.172
-82.0796
-81.9856
-81.8899
-81.7925
-81.6932
-81.5921
-81.489
-81.3838
-81.2765
-81.1669
-81.0549
-80.9404
-80.8234
-80.7036
-80.5809
-80.4551
-80.3262
-80.1938
-80.0579
-79.9181
-79.7743
-79.6261
-79.4733
-79.3156
-79.1526
-78.9839
-78.8091
-78.6276
-78.4389
-78.2423
-78.0372
-77.8227
-77.5978
-77.3614
-77.1122
-76.8487
-76.569
-76.2709
-75.9518
-75.6081
-75.2359
-74.8297
-74.3826
-73.8852
-73.3247
-72.6827
-71.932
-71.0293
-69.9006
-68.4064
-66.2379
-62.5277
-53.5284
-9.51625
49.6016
44.8543
12.3365
-12.0741
-25.4863
-39.1059
-67.3361
-93.9912
-94.9447
-94.9634
-94.9358
-94.8787
-94.7824
-94.6405
-94.4565
-94.2419
-94.0101
-93.7722
-93.5353
-93.3038
-93.0795
-92.8633
-92.6554
-92.4554
-92.2632
-92.0784
-91.9005
-91.7292
-91.5642
-91.405
-91.2516
-91.1034
-90.9603
-90.822
-90.6883
-90.559
-90.4337
-90.3124
-90.1949
-90.0809
-89.9703
-89.8629
-89.7586
-89.6572
-89.5586
-89.4626
-89.3692
-89.2781
-89.1894
-89.1028
-89.0183
-88.9358
-88.8551
-88.7762
-88.6991
-88.6235
-88.5495
-88.477
-88.4058
-88.336
-88.2674
-88.2
-88.1337
-88.0685
-88.0044
-87.9411
-87.8788
-87.8174
-87.7568
-87.6969
-87.6378
-87.5793
-87.5215
-87.4642
-87.4076
-87.3515
-87.2958
-87.2406
-87.1858
-87.1315
-87.0775
-87.0238
-86.9704
-86.9173
-86.8644
-86.8118
-86.7593
-86.7071
-86.655
-86.603
-86.5511
-86.4993
-86.4475
-86.3958
-86.3441
-86.2924
-86.2407
-86.1889
-86.1371
-86.0852
-86.0332
-85.9811
-85.9289
-85.8765
-85.824
-85.7713
-85.7184
-85.6652
-85.6119
-85.5582
-85.5044
-85.4502
-85.3958
-85.3411
-85.286
-85.2306
-85.1748
-85.1187
-85.0622
-85.0053
-84.9479
-84.8902
-84.8319
-84.7733
-84.7141
-84.6544
-84.5943
-84.5335
-84.4723
-84.4105
-84.348
-84.285
-84.2214
-84.1571
-84.0921
-84.0265
-83.9601
-83.8931
-83.8253
-83.7567
-83.6873
-83.6171
-83.546
-83.4741
-83.4013
-83.3275
-83.2528
-83.1771
-83.1004
-83.0226
-82.9437
-82.8637
-82.7826
-82.7002
-82.6166
-82.5317
-82.4455
-82.3579
-82.2689
-82.1783
-82.0862
-81.9925
-81.8972
-81.8001
-81.7012
-81.6003
-81.4976
-81.3927
-81.2857
-81.1765
-81.0649
-80.9508
-80.8341
-80.7147
-80.5925
-80.4672
-80.3387
-80.2068
-80.0713
-79.9321
-79.7888
-79.6412
-79.489
-79.3319
-79.1695
-79.0015
-78.8274
-78.6467
-78.4588
-78.2632
-78.0591
-77.8456
-77.6219
-77.3868
-77.139
-76.8771
-76.5991
-76.303
-75.9862
-75.6452
-75.276
-74.8735
-74.4307
-73.9387
-73.385
-72.752
-72.0132
-71.1274
-70.0248
-68.5742
-66.4915
-62.9996
-54.9097
-17.591
48.5236
44.5015
12.6553
-11.7322
-25.0038
-38.6719
-66.2289
-93.8932
-94.9434
-94.9649
-94.9389
-94.8845
-94.792
-94.6549
-94.4755
-94.2646
-94.0353
-93.7988
-93.5625
-93.3311
-93.1066
-92.8901
-92.6816
-92.4812
-92.2884
-92.103
-91.9245
-91.7527
-91.5871
-91.4274
-91.2733
-91.1246
-90.9809
-90.842
-90.7077
-90.5778
-90.452
-90.3301
-90.2119
-90.0973
-89.9861
-89.8781
-89.7732
-89.6712
-89.572
-89.4754
-89.3813
-89.2897
-89.2003
-89.1131
-89.028
-88.9448
-88.8635
-88.784
-88.7062
-88.6301
-88.5554
-88.4823
-88.4105
-88.34
-88.2708
-88.2028
-88.1359
-88.0701
-88.0053
-87.9414
-87.8785
-87.8164
-87.7551
-87.6947
-87.6349
-87.5758
-87.5173
-87.4595
-87.4022
-87.3454
-87.2892
-87.2333
-87.1779
-87.1229
-87.0683
-87.014
-86.96
-86.9062
-86.8527
-86.7995
-86.7464
-86.6935
-86.6407
-86.5881
-86.5356
-86.4831
-86.4307
-86.3784
-86.326
-86.2737
-86.2213
-86.1689
-86.1164
-86.0639
-86.0112
-85.9585
-85.9056
-85.8525
-85.7993
-85.7459
-85.6923
-85.6385
-85.5844
-85.5301
-85.4756
-85.4207
-85.3656
-85.3101
-85.2543
-85.1982
-85.1417
-85.0849
-85.0276
-84.9699
-84.9118
-84.8533
-84.7943
-84.7348
-84.6749
-84.6144
-84.5534
-84.4919
-84.4298
-84.3671
-84.3038
-84.24
-84.1754
-84.1102
-84.0444
-83.9778
-83.9105
-83.8425
-83.7737
-83.7041
-83.6337
-83.5625
-83.4904
-83.4174
-83.3435
-83.2686
-83.1928
-83.1159
-83.038
-82.959
-82.8788
-82.7976
-82.7151
-82.6314
-82.5464
-82.46
-82.3723
-82.2832
-82.1925
-82.1004
-82.0066
-81.9112
-81.814
-81.715
-81.6142
-81.5114
-81.4065
-81.2995
-81.1902
-81.0786
-80.9645
-80.8479
-80.7285
-80.6063
-80.481
-80.3526
-80.2208
-80.0854
-79.9462
-79.8031
-79.6556
-79.5036
-79.3467
-79.1845
-79.0168
-78.8429
-78.6625
-78.475
-78.2798
-78.0761
-77.8631
-77.64
-77.4055
-77.1585
-76.8974
-76.6205
-76.3255
-76.01
-75.6706
-75.3033
-74.9031
-74.4631
-73.9746
-73.4254
-72.7982
-72.0675
-71.1933
-70.1084
-68.6875
-66.6629
-63.3161
-55.806
-22.8395
45.9189
44.2958
12.9326
-11.5189
-24.708
-38.4021
-65.5495
-93.8257
-94.9424
-94.9657
-94.9407
-94.8878
-94.7979
-94.664
-94.488
-94.2799
-94.0524
-93.8167
-93.5806
-93.3486
-93.1232
-92.9056
-92.696
-92.4944
-92.3004
-92.1138
-91.9343
-91.7613
-91.5947
-91.434
-91.2789
-91.1293
-90.9847
-90.845
-90.7098
-90.5791
-90.4524
-90.3298
-90.2109
-90.0955
-89.9836
-89.8749
-89.7693
-89.6666
-89.5667
-89.4695
-89.3748
-89.2825
-89.1925
-89.1047
-89.019
-88.9353
-88.8534
-88.7733
-88.695
-88.6183
-88.5431
-88.4694
-88.3971
-88.3261
-88.2563
-88.1878
-88.1204
-88.0541
-87.9888
-87.9245
-87.8611
-87.7985
-87.7368
-87.6758
-87.6156
-87.556
-87.4971
-87.4388
-87.3811
-87.3239
-87.2671
-87.2109
-87.155

