-70
-62.8349
-49.5778
9.11969
49.8484
48.6991
40.9965
22.043
1.39692
-10.9409
-21.542
-32.3249
-46.6651
-78.4596
-93.3313
-94.5234
-94.6637
-94.5753
-94.3737
-94.1014
-93.7928
-93.4763
-93.1713
-92.8878
-92.6291
-92.3951
-92.1839
-91.9927
-91.8191
-91.6608
-91.5155
-91.3816
-91.2576
-91.1421
-91.0341
-90.9326
-90.8367
-90.7457
-90.659
-90.5761
-90.4965
-90.4196
-90.3452
-90.273
-90.2025
-90.1336
-90.0661
-89.9996
-89.9341
-89.8693
-89.8051
-89.7414
-89.678
-89.6148
-89.5517
-89.4885
-89.4253
-89.362
-89.2983
-89.2344
-89.17
-89.1052
-89.0399
-88.974
-88.9074
-88.8402
-88.7722
-88.7034
-88.6338
-88.5633
-88.4918
-88.4193
-88.3458
-88.2712
-88.1955
-88.1186
-88.0404
-87.9609
-87.88
-87.7978
-87.7141
-87.6288
-87.542
-87.4535
-87.3633
-87.2713
-87.1774
-87.0816
-86.9837
-86.8838
-86.7816
-86.6771
-86.5702
-86.4607
-86.3487
-86.2338
-86.1161
-85.9952
-85.8712
-85.7438
-85.6128
-85.4781
-85.3393
-85.1964
-85.049
-84.8968
-84.7396
-84.577
-84.4087
-84.2342
-84.053
-83.8649
-83.6689
-83.4647
-83.2515
-83.0285
-82.7947
-82.5493
-82.2909
-82.0182
-81.7295
-81.4231
-81.0968
-80.748
-80.3733
-79.9692
-79.5308
-79.0522
-78.5261
-77.9428
-77.2897
-76.5493
-75.6975
-74.699
-73.4993
-72.009
-70.0657
-67.3313
-62.9235
-53.409
-12.7478
49.2526
49.4251
45.1544
31.7617
10.7522
-4.26738
-15.2489
-26.1103
-35.6396
-54.2684
-88.0113
-94.1289
-94.6673
-94.6936
-94.5681
-94.3602
-94.1092
-93.8484
-93.6014
-93.3807
-93.1898
-93.0275
-92.8902
-92.774
-92.6751
-92.5904
-92.5171
-92.4532
-92.3967
-92.3464
-92.3011
-92.2598
-92.2219
-92.1865
-92.1534
-92.122
-92.092
-92.0631
-92.0352
-92.0079
-91.9812
-91.9548
-91.9287
-91.9028
-91.877
-91.8513
-91.8255
-91.7997
-91.7737
-91.7477
-91.7214
-91.6949
-91.6682
-91.6413
-91.6141
-91.5866
-91.5589
-91.5309
-91.5025
-91.4738
-91.4448
-91.4155
-91.3858
-91.3557
-91.3253
-91.2946
-91.2635
-91.2319
-91.2
-91.1677
-91.135
-91.1019
-91.0684
-91.0345
-91.0001
-90.9654
-90.9301
-90.8945
-90.8584
-90.8219
-90.7849
-90.7474
-90.7094
-90.671
-90.6321
-90.5927
-90.5528
-90.5124
-90.4714
-90.4299
-90.3879
-90.3454
-90.3023
-90.2586
-90.2143
-90.1695
-90.1241
-90.0781
-90.0314
-89.9842
-89.9362
-89.8877
-89.8385
-89.7886
-89.738
-89.6867
-89.6347
-89.582
-89.5286
-89.4743
-89.4193
-89.3635
-89.3069
-89.2494
-89.1911
-89.132
-89.0719
-89.011
-88.949
-88.8862
-88.8224
-88.7575
-88.6916
-88.6247
-88.5567
-88.4876
-88.4173
-88.3458
-88.2731
-88.1992
-88.124
-88.0475
-87.9695
-87.8902
-87.8094
-87.7271
-87.6433
-87.5578
-87.4707
-87.3819
-87.2912
-87.1987
-87.1043
-87.0079
-86.9094
-86.8088
-86.7058
-86.6006
-86.4928
-86.3826
-86.2696
-86.1538
-86.0351
-85.9133
-85.7882
-85.6597
-85.5276
-85.3917
-85.2518
-85.1077
-84.959
-84.8055
-84.647
-84.4829
-84.3131
-84.1371
-83.9543
-83.7644
-83.5667
-83.3606
-83.1454
-82.9202
-82.6841
-82.4361
-82.175
-81.8993
-81.6075
-81.2975
-80.9672
-80.6137
-80.2339
-79.8238
-79.3785
-78.8919
-78.3561
-77.761
-77.0932
-76.3342
-75.4582
-74.4267
-73.1803
-71.6191
-69.5576
-66.5944
-61.614
-49.7232
7.45175
49.8234
49.002
42.9674
26.9222
5.9587
-7.39691
-18.0318
-28.9742
-40.021
-64.6173
-91.8491
-94.3804
-94.6803
-94.6523
-94.4975
-94.2709
-94.0102
-93.7466
-93.5007
-93.2826
-93.0947
-92.9352
-92.8005
-92.6867
-92.5902
-92.5077
-92.4368
-92.3752
-92.3211
-92.2733
-92.2304
-92.1916
-92.1561
-92.1232
-92.0926
-92.0637
-92.0361
-92.0097
-91.9842
-91.9593
-91.9349
-91.9109
-91.8872
-91.8636
-91.8401
-91.8167
-91.7932
-91.7696
-91.7459
-91.722
-91.6979
-91.6736
-91.6491
-91.6243
-91.5993
-91.574
-91.5484
-91.5225
-91.4962
-91.4697
-91.4428
-91.4155
-91.3879
-91.36
-91.3317
-91.3031
-91.2741
-91.2447
-91.2149
-91.1847
-91.1542
-91.1232
-91.0919
-91.0602
-91.028
-90.9955
-90.9625
-90.9291
-90.8952
-90.8609
-90.8263
-90.7911
-90.7555
-90.7194
-90.6829
-90.6459
-90.6084
-90.5705
-90.5321
-90.4931
-90.4537
-90.4137
-90.3732
-90.3323
-90.2908
-90.2487
-90.2061
-90.1629
-90.1192
-90.0749
-90.03
-89.9845
-89.9384
-89.8917
-89.8444
-89.7964
-89.7478
-89.6985
-89.6485
-89.5979
-89.5466
-89.4945
-89.4417
-89.3882
-89.3339
-89.2789
-89.223
-89.1663
-89.1089
-89.0505
-88.9913
-88.9313
-88.8703
-88.8084
-88.7455
-88.6817
-88.6169
-88.551
-88.4841
-88.4161
-88.3471
-88.2768
-88.2054
-88.1328
-88.059
-87.9839
-87.9074
-87.8297
-87.7505
-87.6699
-87.5878
-87.5041
-87.4188
-87.3319
-87.2433
-87.1529
-87.0607
-86.9666
-86.8705
-86.7723
-86.672
-86.5695
-86.4646
-86.3573
-86.2474
-86.1349
-86.0196
-85.9014
-85.7801
-85.6556
-85.5277
-85.3963
-85.261
-85.1218
-84.9784
-84.8305
-84.6778
-84.52
-84.3569
-84.188
-84.0129
-83.8312
-83.6423
-83.4457
-83.2407
-83.0266
-82.8027
-82.568
-82.3214
-82.0617
-81.7875
-81.4972
-81.1888
-80.8601
-80.5085
-80.1305
-79.7224
-79.2791
-78.7945
-78.2609
-77.6681
-77.0026
-76.2461
-75.3725
-74.3433
-73.0989
-71.5389
-69.4765
-66.5071
-61.5004
-49.465
8.58236
49.8271
48.9397
42.7067
26.4207
5.54907
-7.67676
-18.2872
-29.2273
-40.4803
-65.6975
-92.0404
-94.3973
-94.678
-94.6417
-94.4791
-94.2441
-93.9747
-93.7025
-93.4489
-93.2241
-93.0306
-92.8668
-92.7288
-92.6126
-92.5145
-92.4312
-92.36
-92.2986
-92.2451
-92.1981
-92.1564
-92.1189
-92.0849
-92.0538
-92.0248
-91.9977
-91.9721
-91.9476
-91.924
-91.9011
-91.8787
-91.8567
-91.835
-91.8134
-91.792
-91.7705
-91.749
-91.7274
-91.7057
-91.6838
-91.6617
-91.6394
-91.6169
-91.5941
-91.571
-91.5477
-91.524
-91.5
-91.4757
-91.4511
-91.4261
-91.4008
-91.3752
-91.3492
-91.3228
-91.2961
-91.2691
-91.2416
-91.2138
-91.1856
-91.157
-91.128
-91.0987
-91.0689
-91.0388
-91.0082
-90.9773
-90.9459
-90.9141
-90.8819
-90.8493
-90.8163
-90.7828
-90.7489
-90.7145
-90.6797
-90.6445
-90.6088
-90.5727
-90.536
-90.4989
-90.4613
-90.4233
-90.3847
-90.3457
-90.3062
-90.2661
-90.2255
-90.1844
-90.1427
-90.1006
-90.0579
-90.0146
-89.9707
-89.9263
-89.8813
-89.8358
-89.7896
-89.7428
-89.6953
-89.6473
-89.5986
-89.5492
-89.4992
-89.4485
-89.3971
-89.345
-89.2922
-89.2386
-89.1842
-89.1292
-89.0733
-89.0167
-88.9592
-88.9008
-88.8417
-88.7817
-88.7207
-88.6589
-88.5961
-88.5324
-88.4676
-88.4019
-88.3351
-88.2673
-88.1983
-88.1283
-88.0571
-87.9847
-87.9111
-87.8362
-87.76
-87.6825
-87.6037
-87.5234
-87.4416
-87.3583
-87.2735
-87.187
-87.0988
-87.0089
-86.9172
-86.8236
-86.728
-86.6305
-86.5307
-86.4288
-86.3247
-86.2181
-86.109
-85.9973
-85.8828
-85.7655
-85.6452
-85.5216
-85.3948
-85.2644
-85.1303
-84.9923
-84.8501
-84.7035
-84.5522
-84.3959
-84.2343
-84.067
-83.8936
-83.7136
-83.5266
-83.332
-83.1292
-82.9174
-82.6958
-82.4636
-82.2196
-81.9628
-81.6917
-81.4047
-81.1
-80.7752
-80.4278
-80.0546
-79.6515
-79.214
-78.736
-78.2097
-77.6255
-76.9699
-76.2253
-75.3664
-74.356
-73.1367
-71.6126
-69.6068
-66.7413
-61.9866
-51.0048
0.370178
49.7795
49.2616
44.1345
29.2839
8.03012
-6.04896
-16.835
-27.7759
-37.9429
-59.689
-90.6009
-94.2732
-94.6632
-94.6518
-94.4976
-94.2626
-93.987
-93.705
-93.4404
-93.2053
-93.0031
-92.8321
-92.6886
-92.5684
-92.4675
-92.3824
-92.3102
-92.2483
-92.195
-92.1485
-92.1076
-92.0712
-92.0385
-92.0087
-91.9813
-91.9558
-91.9319
-91.9092
-91.8874
-91.8663
-91.8459
-91.8258
-91.806
-91.7863
-91.7668
-91.7472
-91.7277
-91.708
-91.6882
-91.6682
-91.648
-91.6276
-91.607
-91.5861
-91.5649
-91.5435
-91.5217
-91.4996
-91.4772
-91.4545
-91.4314
-91.408
-91.3843
-91.3602
-91.3358
-91.311
-91.2859
-91.2604
-91.2345
-91.2082
-91.1816
-91.1546
-91.1272
-91.0995
-91.0713
-91.0428
-91.0139
-90.9846
-90.9549
-90.9248
-90.8943
-90.8634
-90.8321
-90.8003
-90.7682
-90.7356
-90.7026
-90.6692
-90.6353
-90.6011
-90.5664
-90.5312
-90.4956
-90.4595
-90.4229
-90.3859
-90.3485
-90.3105
-90.2721
-90.2332
-90.1938
-90.1539
-90.1135
-90.0725
-90.0311
-89.9891
-89.9466
-89.9035
-89.8599
-89.8158
-89.771
-89.7257
-89.6798
-89.6333
-89.5863
-89.5385
-89.4902
-89.4412
-89.3916
-89.3413
-89.2904
-89.2387
-89.1863
-89.1333
-89.0795
-89.025
-88.9697
-88.9137
-88.8569
-88.7992
-88.7407
-88.6814
-88.6213
-88.5602
-88.4982
-88.4354
-88.3716
-88.3068
-88.241
-88.1742
-88.1063
-88.0374
-87.9673
-87.8962
-87.8238
-87.7503
-87.6755
-87.5994
-87.522
-87.4433
-87.3631
-87.2815
-87.1984
-87.1138
-87.0275
-86.9396
-86.85
-86.7585
-86.6653
-86.57
-86.4728
-86.3735
-86.272
-86.1683
-86.0622
-85.9536
-85.8424
-85.7285
-85.6117
-85.492
-85.3691
-85.2429
-85.1132
-84.9798
-84.8426
-84.7012
-84.5554
-84.405
-84.2496
-84.0889
-83.9226
-83.7501
-83.5712
-83.3853
-83.1918
-82.9901
-82.7794
-82.559
-82.3281
-82.0855
-81.8299
-81.5602
-81.2745
-80.971
-80.6475
-80.3015
-79.9294
-79.5276
-79.0911
-78.6139
-78.0882
-77.5041
-76.8483
-76.1025
-75.2411
-74.2262
-72.9989
-71.4602
-69.427
-66.5025
-61.5868
-49.8821
6.22105
49.8205
49.0526
43.1669
27.2852
6.23339
-7.22701
-17.8868
-28.8363
-39.7793
-64.0483
-91.724
-94.3617
-94.6672
-94.6325
-94.4643
-94.2189
-93.936
-93.6493
-93.3817
-93.1445
-92.9409
-92.7691
-92.6252
-92.5051
-92.4045
-92.32
-92.2487
-92.188
-92.1359
-92.0908
-92.0515
-92.0168
-91.9857
-91.9577
-91.9321
-91.9084
-91.8863
-91.8654
-91.8455
-91.8263
-91.8076
-91.7894
-91.7714
-91.7535
-91.7358
-91.718
-91.7002
-91.6823
-91.6643
-91.646
-91.6276
-91.609
-91.5901
-91.571
-91.5516
-91.5318
-91.5118
-91.4914
-91.4708
-91.4498
-91.4284
-91.4068
-91.3847
-91.3624
-91.3397
-91.3167
-91.2933
-91.2696
-91.2454
-91.221
-91.1961
-91.1709
-91.1453
-91.1194
-91.0931
-91.0665
-91.0394
-91.012
-90.9841
-90.9559
-90.9274
-90.8984
-90.8691
-90.8393
-90.8092
-90.7787
-90.7477
-90.7164
-90.6846
-90.6525
-90.6199
-90.587
-90.5536
-90.5198
-90.4855
-90.4508
-90.4157
-90.3802
-90.3442
-90.3078
-90.2709
-90.2335
-90.1957
-90.1574
-90.1187
-90.0795
-90.0397
-89.9995
-89.9588
-89.9176
-89.8759
-89.8336
-89.7909
-89.7476
-89.7037
-89.6593
-89.6144
-89.5689
-89.5228
-89.4761
-89.4288
-89.381
-89.3325
-89.2834
-89.2337
-89.1833
-89.1323
-89.0806
-89.0282
-88.9751
-88.9213
-88.8668
-88.8115
-88.7555
-88.6987
-88.6411
-88.5828
-88.5236
-88.4635
-88.4026
-88.3408
-88.2782
-88.2145
-88.15
-88.0845
-88.0179
-87.9504
-87.8818
-87.8121
-87.7413
-87.6694
-87.5963
-87.522
-87.4464
-87.3696
-87.2914
-87.2119
-87.1309
-87.0485
-86.9645
-86.8791
-86.7919
-86.7031
-86.6126
-86.5202
-86.426
-86.3298
-86.2315
-86.1312
-86.0286
-85.9237
-85.8164
-85.7066
-85.5941
-85.4788
-85.3606
-85.2394
-85.1149
-84.987
-84.8555
-84.7202
-84.5809
-84.4373
-84.2892
-84.1363
-83.9782
-83.8145
-83.645
-83.4691
-83.2864
-83.0963
-82.8982
-82.6914
-82.4752
-82.2486
-82.0107
-81.7603
-81.4961
-81.2165
-80.9196
-80.6035
-80.2654
-79.9023
-79.5106
-79.0855
-78.6213
-78.1108
-77.5445
-76.9101
-76.1905
-75.3622
-74.3907
-73.2226
-71.7706
-69.8764
-67.2108
-62.9189
-53.7107
-14.9777
48.9243
49.4104
45.1333
31.7853
10.8533
-4.18229
-15.1739
-26.0329
-35.5955
-54.1721
-87.9427
-94.118
-94.6512
-94.6656
-94.5208
-94.2854
-94.0003
-93.702
-93.4181
-93.1636
-92.9437
-92.7577
-92.602
-92.4723
-92.3641
-92.2737
-92.1977
-92.1335
-92.0789
-92.032
-91.9914
-91.9559
-91.9245
-91.8965
-91.8711
-91.8479
-91.8264
-91.8063
-91.7873
-91.7691
-91.7515
-91.7344
-91.7176
-91.701
-91.6845
-91.668
-91.6516
-91.635
-91.6183
-91.6015
-91.5845
-91.5672
-91.5497
-91.532
-91.5139
-91.4956
-91.4769
-91.458
-91.4387
-91.4191
-91.3992
-91.3789
-91.3583
-91.3374
-91.3162
-91.2945
-91.2726
-91.2502
-91.2275
-91.2045
-91.1811
-91.1573
-91.1332
-91.1088
-91.0839
-91.0588
-91.0332
-91.0073
-90.981
-90.9543
-90.9272
-90.8998
-90.872
-90.8439
-90.8154
-90.7865
-90.7572
-90.7275
-90.6974
-90.6669
-90.6361
-90.6048
-90.5732
-90.5412
-90.5087
-90.4759
-90.4426
-90.4089
-90.3749
-90.3404
-90.3055
-90.2701
-90.2343
-90.1981
-90.1615
-90.1244
-90.0869
-90.0489
-90.0104
-89.9715
-89.9321
-89.8922
-89.8519
-89.8111
-89.7698
-89.7279
-89.6856
-89.6428
-89.5995
-89.5556
-89.5112
-89.4662
-89.4207
-89.3747
-89.3281
-89.2809
-89.2331
-89.1847
-89.1357
-89.0861
-89.0359
-88.985
-88.9335
-88.8813
-88.8285
-88.7749
-88.7207
-88.6657
-88.61
-88.5536
-88.4964
-88.4384
-88.3797
-88.3201
-88.2597
-88.1984
-88.1363
-88.0732
-88.0093
-87.9444
-87.8785
-87.8117
-87.7438
-87.6749
-87.605
-87.5339
-87.4617
-87.3883
-87.3137
-87.2379
-87.1608
-87.0824
-87.0026
-86.9214
-86.8387
-86.7545
-86.6688
-86.5815
-86.4924
-86.4017
-86.3091
-86.2146
-86.1182
-86.0197
-85.9191
-85.8163
-85.7111
-85.6036
-85.4934
-85.3806
-85.265
-85.1465
-85.0249
-84.9
-84.7716
-84.6397
-84.5038
-84.3639
-84.2196
-84.0708
-83.917
-83.7579
-83.5932
-83.4225
-83.2453
-83.0611
-82.8693
-82.6693
-82.4604
-82.2417
-82.0123
-81.7711
-81.517
-81.2485
-80.9639
-80.6613
-80.3384
-79.9924
-79.6199
-79.217
-78.7785
-78.298
-77.7674
-77.1761
-76.5098
-75.7491
-74.8659
-73.8185
-72.541
-70.92
-68.739
-65.5051
-59.7293
-43.7886
29.6235
49.6504
46.8365
36.2539
16.5658
-0.700011
-12.2374
-22.8499
-33.322
-48.7947
-81.94
-93.6649
-94.5821
-94.6743
-94.568
-94.3577
-94.0847
-93.7856
-93.4908
-93.2199
-92.9819
-92.7783
-92.6069
-92.4636
-92.3443
-92.2448
-92.1617
-92.0919
-92.033
-91.983
-91.9401
-91.903
-91.8707
-91.8422
-91.8169
-91.794
-91.773
-91.7537
-91.7355
-91.7184
-91.7019
-91.6861
-91.6706
-91.6554
-91.6404
-91.6254
-91.6105
-91.5955
-91.5804
-91.5651
-91.5497
-91.534
-91.5181
-91.5019
-91.4855
-91.4687
-91.4517
-91.4344
-91.4167
-91.3987
-91.3804
-91.3618
-91.3429
-91.3236
-91.304
-91.284
-91.2637
-91.243
-91.222
-91.2006
-91.1789
-91.1568
-91.1344
-91.1116
-91.0885
-91.0651
-91.0413
-91.0171
-90.9925
-90.9676
-90.9424
-90.9168
-90.8908
-90.8645
-90.8379
-90.8108
-90.7834
-90.7557
-90.7275
-90.699
-90.6702
-90.6409
-90.6114
-90.5814
-90.5511
-90.5203
-90.4892
-90.4577
-90.4258
-90.3936
-90.3609
-90.3279
-90.2945
-90.2606
-90.2264
-90.1917
-90.1567
-90.1212
-90.0854
-90.0491
-90.0124
-89.9752
-89.9376
-89.8996
-89.8611
-89.8223
-89.7829
-89.7431
-89.7028
-89.6621
-89.6209
-89.5792
-89.537
-89.4943
-89.4512
-89.4075
-89.3633
-89.3187
-89.2734
-89.2277
-89.1813
-89.1345
-89.0871
-89.0391
-88.9905
-88.9414
-88.8916
-88.8413
-88.7903
-88.7386
-88.6864
-88.6335
-88.5799
-88.5256
-88.4706
-88.4149
-88.3586
-88.3014
-88.2435
-88.1848
-88.1253
-88.065
-88.0039
-87.9419
-87.8791
-87.8154
-87.7507
-87.6851
-87.6186
-87.551
-87.4824
-87.4128
-87.3422
-87.2704
-87.1974
-87.1233
-87.048
-86.9714
-86.8936
-86.8144
-86.7338
-86.6518
-86.5683
-86.4833
-86.3967
-86.3085
-86.2185
-86.1268
-86.0332
-85.9377
-85.8403
-85.7407
-85.6389
-85.5349
-85.4285
-85.3195
-85.208
-85.0937
-84.9765
-84.8563
-84.7329
-84.6061
-84.4757
-84.3416
-84.2034
-84.0609
-83.914
-83.7622
-83.6052
-83.4427
-83.2742
-83.0993
-82.9176
-82.7284
-82.5311
-82.325
-82.1094
-81.8832
-81.6455
-81.395
-81.1303
-80.8498
-80.5516
-80.2333
-79.8923
-79.5254
-79.1284
-78.6964
-78.2233
-77.7011
-77.1193
-76.464
-75.7163
-74.8489
-73.8217
-72.571
-70.9884
-68.8682
-65.7498
-60.2769
-45.8396
23.4148
49.7524
47.5811
38.22
19.1653
0.737903
-11.1351
-21.6611
-32.3413
-46.6415
-78.493
-93.3982
-94.544
-94.6704
-94.5748
-94.3689
-94.0965
-93.7952
-93.4965
-93.2211
-92.9787
-92.7713
-92.597
-92.4517
-92.331
-92.2309
-92.1476
-92.0782
-92.02
-91.9709
-91.9292
-91.8935
-91.8627
-91.8357
-91.812
-91.7907
-91.7715
-91.7538
-91.7374
-91.7219
-91.7072
-91.693
-91.6793
-91.6658
-91.6524
-91.6391
-91.6259
-91.6125
-91.5991
-91.5855
-91.5717
-91.5576
-91.5434
-91.5288
-91.514
-91.4989
-91.4835
-91.4678
-91.4518
-91.4355
-91.4188
-91.4019
-91.3846
-91.3669
-91.349
-91.3307
-91.312
-91.2931
-91.2738
-91.2541
-91.2341
-91.2138
-91.1931
-91.1721
-91.1507
-91.1291
-91.1071
-91.0847
-91.0621
-91.0391
-91.0157
-90.992
-90.9679
-90.9435
-90.9188
-90.8938
-90.8684
-90.8427
-90.8166
-90.7902
-90.7635
-90.7364
-90.7089
-90.6811
-90.653
-90.6245
-90.5957
-90.5666
-90.537
-90.5072
-90.4769
-90.4463
-90.4154
-90.3841
-90.3524
-90.3204
-90.288
-90.2552
-90.2221
-90.1886
-90.1547
-90.1204
-90.0858
-90.0508
-90.0153
-89.9795
-89.9433
-89.9067
-89.8697
-89.8323
-89.7944
-89.7562
-89.7175
-89.6784
-89.6389
-89.5989
-89.5585
-89.5177
-89.4764
-89.4346
-89.3924
-89.3497
-89.3066
-89.2629
-89.2188
-89.1742
-89.1291
-89.0834
-89.0373
-88.9906
-88.9434
-88.8956
-88.8473
-88.7985
-88.749
-88.699
-88.6484
-88.5972
-88.5454
-88.4929
-88.4398
-88.3861
-88.3317
-88.2766
-88.2208
-88.1643
-88.1071
-88.0492
-87.9905
-87.931
-87.8708
-87.8097
-87.7478
-87.685
-87.6215
-87.5569
-87.4915
-87.4251
-87.3578
-87.2895
-87.2201
-87.1497
-87.0783
-87.0056
-86.9319
-86.857
-86.7808
-86.7034
-86.6247
-86.5446
-86.4631
-86.3802
-86.2957
-86.2097
-86.1221
-86.0328
-85.9418
-85.849
-85.7542
-85.6576
-85.5588
-85.4579
-85.3547
-85.2492
-85.1413
-85.0307
-84.9175
-84.8014
-84.6823
-84.5599
-84.4343
-84.3051
-84.1723
-84.0353
-83.8943
-83.7486
-83.5982
-83.4427
-83.2816
-83.1147
-82.9414
-82.7612
-82.5736
-82.378
-82.1736
-81.9597
-81.7352
-81.4992
-81.2504
-80.9874
-80.7087
-80.4122
-80.0957
-79.7563
-79.3908
-78.9953
-78.5645
-78.0921
-77.5702
-76.988
-76.3316
-75.5813
-74.7093
-73.6738
-72.4089
-70.8014
-68.6336
-65.4096
-59.6261
-43.5395
30.1059
49.6416
46.7646
36.0549
16.2914
-0.867264
-12.375
-23.0006
-33.4423
-49.0607
-82.2836
-93.6735
-94.5776
-94.6664
-94.5553
-94.3385
-94.0579
-93.7509
-93.4487
-93.1711
-92.9274
-92.7193
-92.5447
-92.3994
-92.2789
-92.1793
-92.0966
-92.028
-91.9706
-91.9225
-91.8819
-91.8473
-91.8176
-91.7919
-91.7693
-91.7492
-91.7312
-91.7148
-91.6996
-91.6854
-91.672
-91.6591
-91.6466
-91.6343
-91.6223
-91.6102
-91.5982
-91.5861
-91.5739
-91.5615
-91.5489
-91.5361
-91.5231
-91.5098
-91.4962
-91.4823
-91.4681
-91.4536
-91.4389
-91.4237
-91.4083
-91.3926
-91.3765
-91.3601
-91.3434
-91.3263
-91.3089
-91.2912
-91.2732
-91.2548
-91.236
-91.217
-91.1976
-91.1779
-91.1578
-91.1375
-91.1168
-91.0958
-91.0745
-91.0528
-91.0308
-91.0085
-90.9859
-90.9629
-90.9396
-90.916
-90.8921
-90.8678
-90.8433
-90.8184
-90.7932
-90.7676
-90.7417
-90.7155
-90.689
-90.6622
-90.635
-90.6075
-90.5797
-90.5516
-90.5231
-90.4943
-90.4651
-90.4356
-90.4058
-90.3757
-90.3452
-90.3144
-90.2833
-90.2518
-90.2199
-90.1877
-90.1552
-90.1223
-90.0891
-90.0555
-90.0215
-89.9872
-89.9525
-89.9175
-89.8821
-89.8463
-89.8102
-89.7736
-89.7367
-89.6994
-89.6617
-89.6236
-89.5852
-89.5463
-89.507
-89.4673
-89.4272
-89.3866
-89.3457
-89.3043
-89.2625
-89.2202
-89.1775
-89.1343
-89.0907
-89.0466
-89.0021
-88.957
-88.9115
-88.8655
-88.8189
-88.7719
-88.7243
-88.6762
-88.6276
-88.5785
-88.5287
-88.4784
-88.4276
-88.3761
-88.3241
-88.2714
-88.2181
-88.1642
-88.1097
-88.0544
-87.9985
-87.9419
-87.8847
-87.8266
-87.7679
-87.7084
-87.6481
-87.587
-87.5251
-87.4624
-87.3989
-87.3344
-87.269
-87.2028
-87.1356
-87.0674
-86.9981
-86.9279
-86.8566
-86.7842
-86.7106
-86.636
-86.56
-86.4828
-86.4044
-86.3246
-86.2434
-86.1608
-86.0767
-85.9911
-85.9039
-85.815
-85.7243
-85.6319
-85.5376
-85.4413
-85.343
-85.2425
-85.1398
-85.0347
-84.9273
-84.8172
-84.7044
-84.5887
-84.47
-84.3482
-84.223
-84.0942
-83.9617
-83.8252
-83.6845
-83.5391
-83.389
-83.2337
-83.0728
-82.906
-82.7326
-82.5524
-82.3646
-82.1686
-81.9637
-81.749
-81.5236
-81.2863
-81.036
-80.771
-80.4898
-80.1903
-79.87
-79.5261
-79.155
-78.7523
-78.3128
-77.8295
-77.2936
-76.6936
-76.0137
-75.2323
-74.3175
-73.2214
-71.8653
-70.1108
-67.6773
-63.8733
-56.2817
-28.9614
41.7092
49.3898
45.3405
32.5747
12.0612
-3.31522
-14.3878
-25.1743
-35.0249
-52.7929
-86.8002
-94.0354
-94.6328
-94.6599
-94.5181
-94.2781
-93.9802
-93.6627
-93.3557
-93.0777
-92.8362
-92.6315
-92.4607
-92.3192
-92.2023
-92.1059
-92.0261
-91.96
-91.905
-91.8589
-91.8201
-91.7872
-91.7591
-91.7348
-91.7135
-91.6948
-91.678
-91.6627
-91.6487
-91.6356
-91.6233
-91.6114
-91.6
-91.5887
-91.5777
-91.5667
-91.5556
-91.5445
-91.5332
-91.5218
-91.5102
-91.4984
-91.4863
-91.4739
-91.4613
-91.4484
-91.4351
-91.4216
-91.4078
-91.3937
-91.3792
-91.3644
-91.3493
-91.3339
-91.3181
-91.3021
-91.2856
-91.2689
-91.2518
-91.2344
-91.2167
-91.1986
-91.1802
-91.1615
-91.1425
-91.1232
-91.1036
-91.0836
-91.0634
-91.0428
-91.0218
-91.0006
-90.9791
-90.9572
-90.935
-90.9126
-90.8898
-90.8667
-90.8433
-90.8196
-90.7956
-90.7713
-90.7466
-90.7217
-90.6964
-90.6708
-90.645
-90.6188
-90.5924
-90.5656
-90.5385
-90.5111
-90.4834
-90.4553
-90.427
-90.3983
-90.3694
-90.3401
-90.3105
-90.2806
-90.2504
-90.2198
-90.189
-90.1578
-90.1263
-90.0945
-90.0623
-90.0298
-89.997
-89.9639
-89.9304
-89.8966
-89.8624
-89.8279
-89.7931
-89.7579
-89.7223
-89.6864
-89.6502
-89.6136
-89.5766
-89.5393
-89.5016
-89.4635
-89.425
-89.3862
-89.347
-89.3074
-89.2674
-89.227
-89.1862
-89.145
-89.1034
-89.0613
-89.0189
-88.976
-88.9326
-88.8889
-88.8447
-88.8
-88.7548
-88.7092
-88.6631
-88.6166
-88.5696
-88.522
-88.4739
-88.4254
-88.3763
-88.3266
-88.2764
-88.2257
-88.1744
-88.1226
-88.0701
-88.017
-87.9633
-87.909
-87.8541
-87.7985
-87.7422
-87.6853
-87.6277
-87.5693
-87.5102
-87.4504
-87.3898
-87.3285
-87.2663
-87.2032
-87.1394
-87.0747
-87.009
-86.9425
-86.875
-86.8065
-86.737
-86.6665
-86.595
-86.5223
-86.4485
-86.3735
-86.2973
-86.2198
-86.1411
-86.0609
-85.9794
-85.8965
-85.812
-85.726
-85.6384
-85.5491
-85.458
-85.3651
-85.2703
-85.1735
-85.0746
-84.9735
-84.8701
-84.7643
-84.656
-84.5451
-84.4314
-84.3146
-84.1949
-84.0718
-83.9453
-83.815
-83.6809
-83.5426
-83.3998
-83.2523
-83.0997
-82.9418
-82.7779
-82.6077
-82.4308
-82.2464
-82.054
-81.8528
-81.6422
-81.421
-81.1882
-80.9426
-80.6827
-80.4069
-80.1132
-79.7992
-79.462
-79.0983
-78.7038
-78.2734
-77.8003
-77.2761
-76.6896
-76.0257
-75.2636
-74.373
-73.3083
-71.9958
-70.3066
-67.9844
-64.4152
-57.5592
-35.0611
40.7261
49.4206
45.5108
33.0357
12.6693
-2.91951
-14.0423
-24.7975
-34.7626
-52.1471
-86.1147
-93.97
-94.6191
-94.6587
-94.5231
-94.287
-93.9908
-93.6726
-93.3631
-93.0817
-92.8364
-92.6284
-92.4547
-92.311
-92.1926
-92.0952
-92.015
-91.9488
-91.894
-91.8484
-91.8104
-91.7784
-91.7512
-91.728
-91.7079
-91.6903
-91.6747
-91.6607
-91.648
-91.6362
-91.6251
-91.6146
-91.6044
-91.5945
-91.5847
-91.575
-91.5652
-91.5554
-91.5454
-91.5353
-91.5249
-91.5143
-91.5035
-91.4924
-91.4811
-91.4694
-91.4575
-91.4452
-91.4326
-91.4198
-91.4066
-91.3931
-91.3792
-91.3651
-91.3506
-91.3359
-91.3208
-91.3053
-91.2896
-91.2735
-91.2571
-91.2404
-91.2234
-91.206
-91.1884
-91.1705
-91.1522
-91.1337
-91.1148
-91.0956
-91.0762
-91.0564
-91.0364
-91.016
-90.9953
-90.9744
-90.9531
-90.9316
-90.9098
-90.8876
-90.8652
-90.8426
-90.8196
-90.7963
-90.7728
-90.7489
-90.7248
-90.7003
-90.6756
-90.6506
-90.6254
-90.5998
-90.574
-90.5479
-90.5214
-90.4947
-90.4677
-90.4405
-90.4129
-90.3851
-90.357
-90.3286
-90.2999
-90.2709
-90.2416
-90.212
-90.1821
-90.1519
-90.1215
-90.0908
-90.0597
-90.0284
-89.9967
-89.9648
-89.9325
-89.9
-89.8671
-89.834
-89.8005
-89.7667
-89.7326
-89.6982
-89.6634
-89.6284
-89.593
-89.5573
-89.5213
-89.4849
-89.4482
-89.4111
-89.3738
-89.3361
-89.298
-89.2595
-89.2207
-89.1816
-89.1421
-89.1022
-89.062
-89.0213
-88.9803
-88.9389
-88.8971
-88.8549
-88.8123
-88.7693
-88.7259
-88.6821
-88.6378
-88.5932
-88.548
-88.5024
-88.4564
-88.4099
-88.363
-88.3155
-88.2676
-88.2192
-88.1703
-88.1209
-88.0709
-88.0204
-87.9694
-87.9178
-87.8657
-87.813
-87.7597
-87.7058
-87.6513
-87.5962
-87.5404
-87.484
-87.4269
-87.3691
-87.3106
-87.2514
-87.1915
-87.1308
-87.0694
-87.0071
-86.944
-86.8801
-86.8153
-86.7496
-86.6831
-86.6156
-86.5471
-86.4776
-86.4071
-86.3355
-86.2628
-86.189
-86.114
-86.0378
-85.9603
-85.8816
-85.8014
-85.7199
-85.637
-85.5525
-85.4665
-85.3788
-85.2894
-85.1982
-85.1052
-85.0103
-84.9133
-84.8142
-84.7129
-84.6092
-84.5031
-84.3945
-84.2831
-84.1689
-84.0516
-83.9313
-83.8074
-83.6801
-83.5489
-83.4137
-83.2742
-83.13
-82.981
-82.8266
-82.6666
-82.5005
-82.3277
-82.1479
-81.9602
-81.764
-81.5586
-81.343
-81.1163
-80.8772
-80.6243
-80.356
-80.0704
-79.7652
-79.4379
-79.0851
-78.7028
-78.2862
-77.8289
-77.323
-76.7581
-76.1203
-75.3903
-74.5407
-73.5305
-72.2946
-70.7214
-68.5971
-65.4352
-59.7696
-44.1437
28.4785
49.6699
46.9423
36.4832
16.8023
-0.607401
-12.1798
-22.7933
-33.2807
-48.6952
-81.7171
-93.6117
-94.562
-94.657
-94.5447
-94.3234
-94.0364
-93.7221
-93.4126
-93.1285
-92.8795
-92.6676
-92.4905
-92.3441
-92.2238
-92.1252
-92.0443
-91.9781
-91.9236
-91.8786
-91.8414
-91.8105
-91.7845
-91.7626
-91.7439
-91.7277
-91.7135
-91.701
-91.6897
-91.6794
-91.6697
-91.6606
-91.6519
-91.6434
-91.635
-91.6267
-91.6183
-91.6099
-91.6013
-91.5925
-91.5836
-91.5744
-91.5649
-91.5552
-91.5452
-91.5349
-91.5244
-91.5135
-91.5023
-91.4907
-91.4789
-91.4668
-91.4543
-91.4416
-91.4285
-91.4151
-91.4014
-91.3874
-91.373
-91.3584
-91.3435
-91.3283
-91.3127
-91.2969
-91.2807
-91.2643
-91.2475
-91.2305
-91.2132
-91.1955
-91.1776
-91.1595
-91.141
-91.1223
-91.1032
-91.084
-91.0644
-91.0445
-91.0244
-91.004
-90.9833
-90.9624
-90.9411
-90.9197
-90.8979
-90.8759
-90.8537
-90.8311
-90.8084
-90.7853
-90.762
-90.7384
-90.7145
-90.6904
-90.6661
-90.6414
-90.6166
-90.5915
-90.5661
-90.5404
-90.5145
-90.4883
-90.4619
-90.4352
-90.4083
-90.3811
-90.3537
-90.326
-90.298
-90.2698
-90.2413
-90.2125
-90.1835
-90.1542
-90.1247
-90.0949
-90.0648
-90.0345
-90.0039
-89.973
-89.9418
-89.9104
-89.8788
-89.8468
-89.8146
-89.7821
-89.7493
-89.7162
-89.6828
-89.6492
-89.6153
-89.5811
-89.5466
-89.5118
-89.4767
-89.4413
-89.4056
-89.3697
-89.3334
-89.2968
-89.2599
-89.2226
-89.1851
-89.1472
-89.109
-89.0705
-89.0317
-88.9925
-88.9529
-88.9131
-88.8729
-88.8323
-88.7914
-88.7501
-88.7084
-88.6664
-88.624
-88.5812
-88.538
-88.4944
-88.4505
-88.4061
-88.3614
-88.3161
-88.2705
-88.2244
-88.1779
-88.131
-88.0836
-88.0357
-87.9874
-87.9386
-87.8893
-87.8395
-87.7892
-87.7383
-87.6869
-87.6351
-87.5826
-87.5296
-87.4759
-87.4218
-87.367
-87.3116
-87.2555
-87.1988
-87.1415
-87.0835
-87.0247
-86.9653
-86.9051
-86.8442
-86.7825
-86.72
-86.6567
-86.5926
-86.5275
-86.4616
-86.3948
-86.327
-86.2583
-86.1886
-86.1178
-86.0459
-85.9729
-85.8989
-85.8235
-85.747
-85.6692
-85.5901
-85.5096
-85.4277
-85.3442
-85.2593
-85.1727
-85.0845
-84.9945
-84.9026
-84.8089
-84.7132
-84.6153
-84.5153
-84.413
-84.3083
-84.201
-84.091
-83.9782
-83.8624
-83.7434
-83.6211
-83.4953
-83.3656
-83.232
-83.094
-82.9515
-82.804
-82.6513
-82.4929
-82.3284
-82.1573
-81.979
-81.7929
-81.5983
-81.3944
-81.1803
-80.955
-80.7171
-80.4653
-80.1981
-79.9133
-79.6089
-79.2818
-78.9288
-78.5459
-78.1279
-77.6683
-77.159
-76.5889
-75.9436
-75.2027
-74.3372
-73.3031
-72.03
-70.3949
-68.157
-64.7482
-58.3429
-38.5047
38.2278
49.4751
45.7937
33.6904
13.417
-2.49096
-13.6884
-24.4176
-34.4984
-51.5064
-85.3676
-93.8945
-94.6022
-94.6535
-94.5216
-94.2866
-93.9896
-93.6691
-93.3567
-93.072
-92.8238
-92.6134
-92.4382
-92.2938
-92.1754
-92.0785
-91.9995
-91.9348
-91.8818
-91.8383
-91.8025
-91.7728
-91.7481
-91.7273
-91.7097
-91.6946
-91.6816
-91.6701
-91.6598
-91.6505
-91.6418
-91.6337
-91.626
-91.6184
-91.611
-91.6036
-91.5962
-91.5887
-91.581
-91.5732
-91.5652
-91.5569
-91.5483
-91.5395
-91.5304
-91.5211
-91.5114
-91.5014
-91.4911
-91.4805
-91.4696
-91.4584
-91.4468
-91.435
-91.4228
-91.4104
-91.3976
-91.3845
-91.3711
-91.3574
-91.3435
-91.3292
-91.3146
-91.2997
-91.2846
-91.2691
-91.2533
-91.2373
-91.2209
-91.2043
-91.1875
-91.1703
-91.1529
-91.1352
-91.1172
-91.099
-91.0805
-91.0618
-91.0427
-91.0234
-91.0039
-90.9841
-90.964
-90.9437
-90.9231
-90.9023
-90.8812
-90.8599
-90.8384
-90.8166
-90.7945
-90.7722
-90.7497
-90.7269
-90.7039
-90.6806
-90.6571
-90.6333
-90.6094
-90.5852
-90.5607
-90.536
-90.5111
-90.4859
-90.4605
-90.4348
-90.4089
-90.3828
-90.3565
-90.3299
-90.3031
-90.276
-90.2487
-90.2212
-90.1934
-90.1654
-90.1372
-90.1087
-90.08
-90.051
-90.0218
-89.9924
-89.9627
-89.9328
-89.9026
-89.8722
-89.8416
-89.8106
-89.7795
-89.7481
-89.7164
-89.6845
-89.6524
-89.62
-89.5873
-89.5544
-89.5212
-89.4877
-89.454
-89.4201
-89.3858
-89.3514
-89.3166
-89.2815
-89.2462
-89.2106
-89.1747
-89.1385
-89.1021
-89.0653
-89.0283
-88.991
-88.9533
-88.9154
-88.8772
-88.8387
-88.7998
-88.7606
-88.7211
-88.6813
-88.6412
-88.6007
-88.5599
-88.5188
-88.4772
-88.4354
-88.3932
-88.3507
-88.3078
-88.2644
-88.2208
-88.1767
-88.1323
-88.0874
-88.0422
-87.9965
-87.9504
-87.904
-87.857
-87.8097
-87.7618
-87.7135
-87.6648
-87.6156
-87.5659
-87.5157
-87.465
-87.4138
-87.3621
-87.3098
-87.2569
-87.2035
-87.1496
-87.095
-87.0398
-86.984
-86.9277
-86.8706
-86.8128
-86.7544
-86.6953
-86.6355
-86.5749
-86.5136
-86.4514
-86.3885
-86.3248
-86.2601
-86.1947
-86.1283
-86.0609
-85.9926
-85.9234
-85.853
-85.7816
-85.7091
-85.6355
-85.5606
-85.4846
-85.4072
-85.3286
-85.2485
-85.1671
-85.0841
-84.9996
-84.9135
-84.8257
-84.7361
-84.6447
-84.5513
-84.456
-84.3585
-84.2588
-84.1568
-84.0522
-83.9452
-83.8354
-83.7227
-83.6069
-83.4879
-83.3655
-83.2394
-83.1095
-82.9754
-82.8369
-82.6937
-82.5453
-82.3915
-82.2319
-82.0658
-81.8929
-81.7125
-81.5239
-81.3264
-81.1191
-80.9011
-80.6711
-80.4279
-80.1698
-79.8951
-79.6016
-79.2866
-78.9472
-78.5795
-78.1787
-77.739
-77.2529
-76.7105
-76.0985
-75.3989
-74.5863
-73.6228
-72.4487
-70.9636
-68.9788
-66.0806
-61.0948
-48.7057
11.7533
49.8318
48.7114
41.766
24.6172
4.10848
-8.70235
-19.2376
-30.1518
-42.2195
-69.6776
-92.5502
-94.4274
-94.6484
-94.5777
-94.3772
-94.0993
-93.7853
-93.4709
-93.1798
-92.9241
-92.7067
-92.5258
-92.3772
-92.2559
-92.1573
-92.0773
-92.0125
-91.9598
-91.917
-91.882
-91.8535
-91.83
-91.8106
-91.7944
-91.7807
-91.7691
-91.759
-91.7501
-91.7422
-91.735
-91.7282
-91.7218
-91.7156
-91.7095
-91.7034
-91.6973
-91.691
-91.6847
-91.6781
-91.6713
-91.6643
-91.657
-91.6495
-91.6417
-91.6336
-91.6252
-91.6165
-91.6075
-91.5982
-91.5886
-91.5786
-91.5684
-91.5579
-91.547
-91.5359
-91.5244
-91.5126
-91.5006
-91.4882
-91.4756
-91.4626
-91.4494
-91.4359
-91.4222
-91.4081
-91.3938
-91.3792
-91.3643
-91.3492
-91.3338
-91.3182
-91.3022
-91.2861
-91.2696
-91.2529
-91.236
-91.2188
-91.2013
-91.1837
-91.1657
-91.1476
-91.1292
-91.1106
-91.0917
-91.0726
-91.0533
-91.0338
-91.014
-90.9939
-90.9737
-90.9532
-90.9325
-90.9116
-90.8905
-90.8691
-90.8476
-90.8258
-90.8038
-90.7816
-90.7592
-90.7365
-90.7137
-90.6906
-90.6673
-90.6438
-90.6202
-90.5963
-90.5722
-90.5479
-90.5233
-90.4986
-90.4736
-90.4485
-90.4231
-90.3975
-90.3718
-90.3458
-90.3197
-90.2933
-90.2667
-90.2399
-90.2128
-90.1856
-90.1582
-90.1306
-90.1028
-90.0747
-90.0465
-90.018
-89.9893
-89.9604
-89.9313
-89.902
-89.8725
-89.8428
-89.8128
-89.7827
-89.7523
-89.7217
-89.6908
-89.6598
-89.6286
-89.5971
-89.5654
-89.5335
-89.5013
-89.4689
-89.4363
-89.4035
-89.3705
-89.3372
-89.3036
-89.2698
-89.2358
-89.2016
-89.1671
-89.1323
-89.0974
-89.0621
-89.0266
-88.9909
-88.9548
-88.9186
-88.8821
-88.8453
-88.8082
-88.7709
-88.7333
-88.6954
-88.6572
-88.6188
-88.5801
-88.541
-88.5017
-88.4621
-88.4221
-88.3819
-88.3414
-88.3005
-88.2593
-88.2178
-88.1759
-88.1338
-88.0913
-88.0484
-88.0051
-87.9616
-87.9176
-87.8733
-87.8286
-87.7835
-87.7381
-87.6922
-87.646
-87.5993
-87.5521
-87.5046
-87.4566
-87.4082
-87.3593
-87.31
-87.2601
-87.2098
-87.1591
-87.1078
-87.0559
-87.0035
-86.9506
-86.8972
-86.8431
-86.7885
-86.7333
-86.6775
-86.621
-86.5639
-86.5061
-86.4476
-86.3885
-86.3286
-86.2679
-86.2065
-86.1443
-86.0813
-86.0175
-85.9528
-85.8872
-85.8207
-85.7532
-85.6848
-85.6153
-85.5448
-85.4732
-85.4005
-85.3265
-85.2514
-85.175
-85.0973
-85.0183
-84.9378
-84.8558
-84.7723
-84.6872
-84.6004
-84.5119
-84.4215
-84.3292
-84.2348
-84.1384
-84.0397
-83.9387
-83.8352
-83.7291
-83.6203
-83.5085
-83.3937
-83.2756
-83.1541
-83.0289
-82.8997
-82.7664
-82.6285
-82.4859
-82.338
-82.1847
-82.0253
-81.8594
-81.6865
-81.5059
-81.3169
-81.1187
-80.9105
-80.6911
-80.4593
-80.2137
-79.9528
-79.6744
-79.3765
-79.056
-78.7096
-78.3334
-77.9219
-77.4687
-76.9656
-76.4013
-75.7609
-75.0237
-74.1597
-73.1235
-71.8417
-70.1851
-67.8972
-64.3598
-57.5142
-34.8174
40.6798
49.4147
45.4733
32.9196
12.4996
-3.0394
-14.1502
-24.9159
-34.848
-52.3502
-86.2796
-93.966
-94.6113
-94.648
-94.5069
-94.2636
-93.9596
-93.6339
-93.3184
-93.0323
-92.7843
-92.575
-92.4016
-92.2593
-92.1434
-92.0492
-91.9728
-91.9109
-91.8606
-91.8198
-91.7865
-91.7594
-91.7371
-91.7188
-91.7035
-91.6908
-91.68
-91.6707
-91.6626
-91.6554
-91.6489
-91.6428
-91.6371
-91.6316
-91.6261
-91.6207
-91.6152
-91.6097
-91.6039
-91.598
-91.5919
-91.5855
-91.5789
-91.572
-91.5648
-91.5573
-91.5495
-91.5414
-91.533
-91.5243
-91.5153
-91.506
-91.4963
-91.4864
-91.4761
-91.4656
-91.4548
-91.4436
-91.4322
-91.4204
-91.4084
-91.3961
-91.3835
-91.3707
-91.3575
-91.3441
-91.3305
-91.3165
-91.3023
-91.2878
-91.273
-91.258
-91.2427
-91.2272
-91.2114
-91.1954
-91.1792
-91.1627
-91.1459
-91.1289
-91.1117
-91.0943
-91.0767
-91.0588
-91.0406
-91.0223
-91.0037
-90.9849
-90.9658
-90.9466
-90.9271
-90.9075
-90.8876
-90.8675
-90.8472
-90.8267
-90.806
-90.7851
-90.764
-90.7426
-90.7211
-90.6994
-90.6774
-90.6553
-90.633
-90.6105
-90.5878
-90.5649
-90.5418
-90.5185
-90.495
-90.4713
-90.4474
-90.4233
-90.399
-90.3746
-90.35
-90.3252
-90.3002
-90.2749
-90.2495
-90.2239
-90.1982
-90.1722
-90.1461
-90.1197
-90.0932
-90.0665
-90.0396
-90.0125
-89.9852
-89.9578
-89.9301
-89.9023
-89.8742
-89.846
-89.8176
-89.789
-89.7602
-89.7312
-89.702
-89.6726
-89.6431
-89.6133
-89.5834
-89.5532
-89.5229
-89.4923
-89.4615
-89.4306
-89.3994
-89.3681
-89.3366
-89.3048
-89.2728
-89.2406
-89.2082
-89.1756
-89.1428
-89.1098
-89.0766
-89.0431
-89.0094
-88.9755
-88.9414
-88.907
-88.8725
-88.8377
-88.8026
-88.7674
-88.7318
-88.6961
-88.6601
-88.6239
-88.5874
-88.5507
-88.5137
-88.4765
-88.439
-88.4012
-88.3632
-88.3249
-88.2864
-88.2475
-88.2084
-88.169
-88.1294
-88.0894
-88.0491
-88.0085
-87.9676
-87.9264
-87.8849
-87.8431
-87.801
-87.7585
-87.7156
-87.6725
-87.629
-87.5851
-87.5409
-87.4963
-87.4513
-87.406
-87.3603
-87.3141
-87.2676
-87.2206
-87.1733
-87.1255
-87.0772
-87.0285
-86.9794
-86.9298
-86.8797
-86.8291
-86.778
-86.7264
-86.6743
-86.6216
-86.5683
-86.5145
-86.4602
-86.4052
-86.3496
-86.2934
-86.2365
-86.179
-86.1208
-86.0618
-86.0021
-85.9418
-85.8806
-85.8186
-85.7558
-85.6922
-85.6277
-85.5623
-85.4959
-85.4286
-85.3603
-85.2909
-85.2205
-85.149
-85.0763
-85.0024
-84.9273
-84.8508
-84.773
-84.6939
-84.6132
-84.531
-84.4473
-84.3618
-84.2746
-84.1856
-84.0947
-84.0017
-83.9067
-83.8094
-83.7098
-83.6077
-83.503
-83.3956
-83.2852
-83.1718
-83.0551
-82.935
-82.8111
-82.6833
-82.5513
-82.4147
-82.2733
-82.1267
-81.9744
-81.8161
-81.6512
-81.4791
-81.2992
-81.1108
-80.9131
-80.7051
-80.4856
-80.2535
-80.0073
-79.7452
-79.4652
-79.1649
-78.8414
-78.491
-78.1094
-77.691
-77.2289
-76.714
-76.1341
-75.4729
-74.7073
-73.8035
-72.7094
-71.3386
-69.5342
-66.968
-62.7829
-53.6587
-14.7234
48.912
49.4013
45.0422
31.4932
10.4439
-4.4733
-15.4398
-26.3208
-35.7796
-54.6188
-88.1916
-94.1011
-94.6262
-94.6319
-94.4702
-94.2112
-93.8991
-93.5741
-93.2665
-92.993
-92.7595
-92.5651
-92.4059
-92.2765
-92.172
-92.0878
-92.0201
-91.9656
-91.9218
-91.8865
-91.858
-91.835
-91.8163
-91.8011
-91.7886
-91.7782
-91.7695
-91.7622
-91.7558
-91.7501
-91.745
-91.7402
-91.7357
-91.7313
-91.7269
-91.7225
-91.718
-91.7134
-91.7085
-91.7035
-91.6982
-91.6927
-91.6869
-91.6808
-91.6744
-91.6678
-91.6608
-91.6536
-91.646
-91.6381
-91.63
-91.6215
-91.6127
-91.6037
-91.5943
-91.5847
-91.5747
-91.5645
-91.554
-91.5432
-91.5321
-91.5207
-91.509
-91.4971
-91.4849
-91.4725
-91.4598
-91.4468
-91.4336
-91.4202
-91.4065
-91.3925
-91.3783
-91.3639
-91.3492
-91.3344
-91.3193
-91.3039
-91.2883
-91.2725
-91.2565
-91.2402
-91.2238
-91.2071
-91.1902
-91.1731
-91.1558
-91.1383
-91.1206
-91.1027
-91.0846
-91.0663
-91.0478
-91.0291
-91.0102
-90.9912
-90.9719
-90.9524
-90.9328
-90.9129
-90.8929
-90.8728
-90.8524
-90.8319
-90.8112
-90.7903
-90.7692
-90.7479
-90.7265
-90.7048
-90.6831
-90.6611
-90.639
-90.6167
-90.5943
-90.5717
-90.5489
-90.5259
-90.5028
-90.4795
-90.456
-90.4324
-90.4086
-90.3847
-90.3606
-90.3364
-90.3119
-90.2874
-90.2626
-90.2377
-90.2126
-90.1873
-90.1619
-90.1364
-90.1107
-90.0848
-90.0588
-90.0326
-90.0062
-89.9796
-89.9529
-89.9261
-89.8991
-89.8719
-89.8446
-89.8171
-89.7895
-89.7617
-89.7337
-89.7055
-89.6772
-89.6487
-89.6201
-89.5913
-89.5623
-89.5332
-89.5039
-89.4744
-89.4447
-89.4149
-89.3849
-89.3548
-89.3245
-89.2939
-89.2632
-89.2324
-89.2013
-89.1701
-89.1387
-89.1072
-89.0754
-89.0435
-89.0113
-88.979
-88.9465
-88.9138
-88.8809
-88.8479
-88.8146
-88.7811
-88.7474
-88.7136
-88.6795
-88.6452
-88.6108
-88.5761
-88.5412
-88.506
-88.4707
-88.4352
-88.3994
-88.3634
-88.3272
-88.2907
-88.2541
-88.2171
-88.18
-88.1426
-88.105
-88.0671
-88.0289
-87.9905
-87.9519
-87.913
-87.8738
-87.8344
-87.7946
-87.7546
-87.7143
-87.6737
-87.6329
-87.5917
-87.5502
-87.5084
-87.4663
-87.4239
-87.3811
-87.3381
-87.2946
-87.2508
-87.2067
-87.1623
-87.1174
-87.0722
-87.0266
-86.9806
-86.9342
-86.8875
-86.8402
-86.7926
-86.7445
-86.696
-86.647
-86.5976
-86.5477
-86.4973
-86.4464
-86.395
-86.343
-86.2905
-86.2375
-86.1839
-86.1297
-86.0749
-86.0194
-85.9634
-85.9067
-85.8493
-85.7912
-85.7324
-85.6729
-85.6126
-85.5515
-85.4896
-85.4269
-85.3633
-85.2987
-85.2333
-85.167
-85.0996
-85.0311
-84.9617
-84.8911
-84.8193
-84.7464
-84.6722
-84.5967
-84.5198
-84.4416
-84.3618
-84.2805
-84.1977
-84.1131
-84.0267
-83.9386
-83.8484
-83.7563
-83.662
-83.5654
-83.4665
-83.3651
-83.261
-83.1541
-83.0442
-82.9312
-82.8147
-82.6948
-82.571
-82.4432
-82.311
-82.1741
-82.0322
-81.8848
-81.7317
-81.5721
-81.4057
-81.2319
-81.0497
-80.8586
-80.6577
-80.4459
-80.2219
-79.9844
-79.7318
-79.4622
-79.1732
-78.8622
-78.5257
-78.1597
-77.7592
-77.3176
-76.8267
-76.2755
-75.6494
-74.9277
-74.0809
-73.0643
-71.8052
-70.1766
-67.9262
-64.4493
-57.7461
-35.8092
40.112
49.4247
45.5253
33.0317
12.6152
-2.97897
-14.1022
-24.8654
-34.815
-52.2682
-86.1688
-93.9473
-94.6046
-94.6435
-94.5022
-94.2576
-93.9517
-93.6241
-93.3067
-93.0193
-92.7704
-92.561
-92.388
-92.2467
-92.1321
-92.0395
-91.965
-91.905
-91.8568
-91.8181
-91.787
-91.7621
-91.7419
-91.7257
-91.7126
-91.7019
-91.6931
-91.6858
-91.6797
-91.6744
-91.6698
-91.6656
-91.6617
-91.658
-91.6544
-91.6507
-91.647
-91.6432
-91.6392
-91.635
-91.6306
-91.6259
-91.621
-91.6158
-91.6103
-91.6046
-91.5985
-91.5921
-91.5854
-91.5784
-91.5711
-91.5635
-91.5556
-91.5474
-91.5389
-91.53
-91.5209
-91.5115
-91.5018
-91.4918
-91.4816
-91.471
-91.4602
-91.4491
-91.4378
-91.4262
-91.4143
-91.4022
-91.3898
-91.3772
-91.3643
-91.3512
-91.3379
-91.3243
-91.3105
-91.2965
-91.2822
-91.2677
-91.2529
-91.238
-91.2228
-91.2074
-91.1918
-91.176
-91.16
-91.1438
-91.1274
-91.1108
-91.094
-91.077
-91.0599
-91.0425
-91.0249
-91.0071
-90.9892
-90.971
-90.9527
-90.9342
-90.9156
-90.8967
-90.8777
-90.8585
-90.8392
-90.8197
-90.8
-90.7801
-90.7601
-90.7399
-90.7195
-90.699
-90.6783
-90.6574
-90.6365
-90.6153
-90.594
-90.5726
-90.5509
-90.5292
-90.5072
-90.4851
-90.4629
-90.4405
-90.418
-90.3953
-90.3725
-90.3495
-90.3264
-90.3031
-90.2797
-90.2562
-90.2324
-90.2086
-90.1846
-90.1604
-90.1362
-90.1118
-90.0872
-90.0625
-90.0376
-90.0126
-89.9875
-89.9622
-89.9368
-89.9112
-89.8855
-89.8597
-89.8337
-89.8076
-89.7813
-89.7549
-89.7283
-89.7016
-89.6748
-89.6478
-89.6207
-89.5935
-89.5661
-89.5385
-89.5108
-89.4829
-89.4549
-89.4268
-89.3985
-89.3701
-89.3416
-89.3128
-89.284
-89.2549
-89.2257
-89.1964
-89.167
-89.1374
-89.1076
-89.0777
-89.0476
-89.0173
-88.9869
-88.9563
-88.9256
-88.8948
-88.8638
-88.8326
-88.8012
-88.7696
-88.7379
-88.7061
-88.674
-88.6419
-88.6095
-88.5769
-88.5442
-88.5113
-88.4782
-88.4449
-88.4115
-88.3779
-88.3441
-88.31
-88.2758
-88.2414
-88.2068
-88.172
-88.1371
-88.1019
-88.0665
-88.0308
-87.995
-87.959
-87.9227
-87.8863
-87.8496
-87.8127
-87.7755
-87.7381
-87.7005
-87.6626
-87.6245
-87.5862
-87.5476
-87.5087
-87.4696
-87.4302
-87.3905
-87.3506
-87.3104
-87.2699
-87.2291
-87.188
-87.1467
-87.105
-87.0629
-87.0206
-86.978
-86.935
-86.8917
-86.8481
-86.804
-86.7597
-86.7149
-86.6699
-86.6244
-86.5785
-86.5322
-86.4855
-86.4384
-86.3908
-86.3428
-86.2944
-86.2455
-86.1961
-86.1463
-86.0959
-86.045
-85.9936
-85.9417
-85.8892
-85.8361
-85.7824
-85.7281
-85.6733
-85.6177
-85.5615
-85.5046
-85.4471
-85.3888
-85.3297
-85.2698
-85.2093
-85.1478
-85.0855
-85.0223
-84.9582
-84.8931
-84.8271
-84.76
-84.6919
-84.6226
-84.5522
-84.4807
-84.4079
-84.3338
-84.2583
-84.1815
-84.1031
-84.0233
-83.9418
-83.8586
-83.7737
-83.687
-83.5982
-83.5075
-83.4146
-83.3194
-83.2219
-83.1218
-83.019
-82.9134
-82.8048
-82.693
-82.5778
-82.4591
-82.3364
-82.2096
-82.0783
-81.9424
-81.8012
-81.6546
-81.5019
-81.3428
-81.1766
-81.0027
-80.8204
-80.6288
-80.4271
-80.2141
-79.9884
-79.7487
-79.4933
-79.22
-78.9265
-78.6097
-78.266
-77.891
-77.4791
-77.0232
-76.514
-75.9392
-75.2817
-74.5181
-73.6131
-72.5124
-71.125
-69.2838
-66.6326
-62.213
-52.1001
-5.77114
49.6496
49.3671
44.6659
30.3987
9.06131
-5.42191
-16.2954
-27.2292
-37.0631
-57.6436
-89.7762
-94.1851
-94.6245
-94.6104
-94.4355
-94.1676
-93.8517
-93.5279
-93.2251
-92.9582
-92.732
-92.545
-92.3926
-92.2697
-92.1711
-92.0923
-92.0294
-91.9794
-91.9396
-91.908
-91.8829
-91.8631
-91.8473
-91.8348
-91.8249
-91.817
-91.8106
-91.8054
-91.8011
-91.7974
-91.7942
-91.7913
-91.7885
-91.7859
-91.7832
-91.7805
-91.7776
-91.7746
-91.7713
-91.7679
-91.7642
-91.7602
-91.7559
-91.7514
-91.7465
-91.7414
-91.736
-91.7302
-91.7242
-91.7179
-91.7112
-91.7043
-91.6971
-91.6895
-91.6817
-91.6736
-91.6652
-91.6566
-91.6476
-91.6384
-91.6289
-91.6192
-91.6092
-91.5989
-91.5884
-91.5776
-91.5666
-91.5553
-91.5438
-91.532
-91.5201
-91.5078
-91.4954
-91.4827
-91.4698
-91.4567
-91.4434
-91.4298
-91.4161
-91.4021
-91.388
-91.3737
-91.3591
-91.3444
-91.3295
-91.3144
-91.299
-91.2835
-91.2679
-91.252
-91.2359
-91.2197
-91.2033
-91.1868
-91.17
-91.1531
-91.1361
-91.1188
-91.1014
-91.0839
-91.0662
-91.0483
-91.0303
-91.0121
-90.9938
-90.9753
-90.9566
-90.9378
-90.9189
-90.8998
-90.8806
-90.8612
-90.8418
-90.8221
-90.8023
-90.7824
-90.7623
-90.7421
-90.7218
-90.7013
-90.6807
-90.66
-90.6391
-90.6181
-90.597
-90.5758
-90.5544
-90.5329
-90.5112
-90.4894
-90.4675
-90.4455
-90.4234
-90.4011
-90.3787
-90.3562
-90.3336
-90.3109
-90.288
-90.265
-90.2419
-90.2186
-90.1953
-90.1718
-90.1482
-90.1245
-90.1007
-90.0768
-90.0527
-90.0285
-90.0042
-89.9798
-89.9553
-89.9306
-89.9059
-89.881
-89.856
-89.8309
-89.8057
-89.7803
-89.7549
-89.7293
-89.7036
-89.6777
-89.6518
-89.6258
-89.5997
-89.5734
-89.547
-89.5204
-89.4938
-89.467
-89.4401
-89.4131
-89.3861
-89.3588
-89.3315
-89.304
-89.2764
-89.2487
-89.2208
-89.1928
-89.1648
-89.1366
-89.1082
-89.0798
-89.0512
-89.0224
-88.9936
-88.9646
-88.9355
-88.9063
-88.8769
-88.8474
-88.8178
-88.788
-88.7581
-88.7281
-88.6979
-88.6676
-88.6372
-88.6066
-88.5758
-88.5449
-88.5139
-88.4827
-88.4514
-88.4199
-88.3884
-88.3566
-88.3247
-88.2926
-88.2603
-88.2279
-88.1954
-88.1627
-88.1298
-88.0968
-88.0635
-88.0301
-87.9966
-87.9628
-87.9289
-87.8949
-87.8606
-87.8261
-87.7915
-87.7566
-87.7216
-87.6864
-87.651
-87.6154
-87.5796
-87.5435
-87.5073
-87.4708
-87.4342
-87.3973
-87.3602
-87.3228
-87.2853
-87.2474
-87.2094
-87.1711
-87.1326
-87.0938
-87.0547
-87.0154
-86.9758
-86.936
-86.8959
-86.8555
-86.8147
-86.7737
-86.7324
-86.6909
-86.649
-86.6067
-86.5641
-86.5212
-86.478
-86.4344
-86.3905
-86.3461
-86.3014
-86.2563
-86.2109
-86.165
-86.1187
-86.072
-86.0248
-85.9772
-85.9292
-85.8807
-85.8317
-85.7822
-85.7322
-85.6817
-85.6306
-85.579
-85.5268
-85.474
-85.4207
-85.3667
-85.312
-85.2567
-85.2008
-85.1441
-85.0866
-85.0285
-84.9696
-84.9098
-84.8492
-84.7877
-84.7254
-84.6622
-84.5979
-84.5327
-84.4664
-84.3991
-84.3306
-84.2609
-84.1901
-84.1179
-84.0445
-83.9697
-83.8934
-83.8156
-83.7362
-83.6552
-83.5724
-83.4879
-83.4013
-83.3128
-83.2222
-83.1293
-83.034
-82.9363
-82.8358
-82.7327
-82.6265
-82.5171
-82.4044
-82.2881
-82.168
-82.0437
-81.915
-81.7816
-81.6431
-81.4991
-81.3491
-81.1927
-81.0292
-80.858
-80.6784
-80.4896
-80.2905
-80.08
-79.857
-79.6199
-79.3669
-79.0961
-78.8047
-78.49
-78.1482
-77.7747
-77.3638
-76.9082
-76.3984
-75.8218
-75.161
-74.3911
-73.4759
-72.3579
-70.9414
-69.0468
-66.2847
-61.5729
-50.1987
4.6233
49.8086
49.0936
43.2877
27.404
6.21849
-7.2795
-17.9508
-28.9104
-39.9343
-64.4475
-91.7403
-94.3327
-94.6321
-94.5817
-94.3872
-94.108
-93.7883
-93.4665
-93.1687
-92.908
-92.6879
-92.5063
-92.3586
-92.2397
-92.1445
-92.0686
-92.0082
-91.9604
-91.9225
-91.8926
-91.8691
-91.8506
-91.8362
-91.8249
-91.8161
-91.8092
-91.8038
-91.7996
-91.7962
-91.7934
-91.791
-91.7889
-91.787
-91.7851
-91.7832
-91.7812
-91.779
-91.7767
-91.7742
-91.7715
-91.7684
-91.7652
-91.7616
-91.7577
-91.7536
-91.7491
-91.7444
-91.7393
-91.734
-91.7283
-91.7223
-91.716
-91.7095
-91.7026
-91.6955
-91.688
-91.6803
-91.6723
-91.6641
-91.6555
-91.6467
-91.6377
-91.6283
-91.6188
-91.6089
-91.5988
-91.5885
-91.578
-91.5672
-91.5562
-91.5449
-91.5334
-91.5217
-91.5097
-91.4976
-91.4852
-91.4726
-91.4598
-91.4468
-91.4336
-91.4203
-91.4067
-91.3929
-91.379
-91.3648
-91.3505
-91.336
-91.3214
-91.3065
-91.2915
-91.2763
-91.2609
-91.2454
-91.2297
-91.2138
-91.1978
-91.1816
-91.1652
-91.1487
-91.1321
-91.1153
-91.0984
-91.0813
-91.0641
-91.0467
-91.0292
-91.0115
-90.9937
-90.9758
-90.9577
-90.9395
-90.9211
-90.9027
-90.8841
-90.8654
-90.8465
-90.8276
-90.8085
-90.7892
-90.7699
-90.7504
-90.7308
-90.711
-90.6912
-90.6712
-90.6512
-90.631
-90.6107
-90.5903
-90.5698
-90.5492
-90.5284
-90.5075
-90.4866
-90.4655
-90.4443
-90.423
-90.4016
-90.3801
-90.3585
-90.3368
-90.315
-90.293
-90.271
-90.2488
-90.2266
-90.2042
-90.1818
-90.1593
-90.1366
-90.1139
-90.0911
-90.0681
-90.0451
-90.0219
-89.9987
-89.9753
-89.9519
-89.9283
-89.9047
-89.881
-89.8572
-89.8333
-89.8092
-89.7851
-89.7609
-89.7365
-89.7121
-89.6876
-89.663
-89.6383
-89.6135
-89.5886
-89.5636
-89.5385
-89.5133
-89.488
-89.4626
-89.4371
-89.4115
-89.3859
-89.3601
-89.3342
-89.3083
-89.2822
-89.256
-89.2297
-89.2033
-89.1768
-89.1503
-89.1236
-89.0968
-89.0699
-89.0429
-89.0158
-88.9886
-88.9613
-88.9339
-88.9064
-88.8788
-88.8511
-88.8233
-88.7953
-88.7673
-88.7391
-88.7109
-88.6825
-88.654
-88.6254
-88.5967
-88.5679
-88.5389
-88.5099
-88.4807
-88.4514
-88.422
-88.3925
-88.3628
-88.333
-88.3031
-88.2731
-88.2429
-88.2126
-88.1822
-88.1517
-88.1211
-88.0903
-88.0593
-88.0282
-87.997
-87.9656
-87.9342
-87.9026
-87.8708
-87.8388
-87.8068
-87.7745
-87.7421
-87.7096
-87.6769
-87.6441
-87.6111
-87.5779
-87.5446
-87.511
-87.4774
-87.4435
-87.4095
-87.3754
-87.341
-87.3064
-87.2716
-87.2367
-87.2015
-87.1662
-87.1307
-87.095
-87.059
-87.0228
-86.9865
-86.9499
-86.9131
-86.8761
-86.8388
-86.8013
-86.7635
-86.7256
-86.6874
-86.6489
-86.6101
-86.5711
-86.5318
-86.4923
-86.4525
-86.4124
-86.3719
-86.3312
-86.2902
-86.2488
-86.2072
-86.1652
-86.1229
-86.0802
-86.0372
-85.9938
-85.9501
-85.906
-85.8614
-85.8165
-85.7712
-85.7254
-85.6793
-85.6327
-85.5856
-85.538
-85.49
-85.4415
-85.3925
-85.3429
-85.2928
-85.2422
-85.191
-85.1392
-85.0868
-85.0338
-84.9801
-84.9258
-84.8707
-84.815
-84.7585
-84.7013
-84.6432
-84.5843
-84.5246
-84.464
-84.4025
-84.3401
-84.2766
-84.2122
-84.1466
-84.08
-84.0122
-83.9432
-83.873
-83.8014
-83.7285
-83.6541
-83.5783
-83.5009
-83.4218
-83.3409
-83.2583
-83.1738
-83.0873
-82.9986
-82.9077
-82.8145
-82.7188
-82.6203
-82.5192
-82.415
-82.3076
-82.1969
-82.0825
-81.9644
-81.842
-81.7153
-81.5838
-81.4471
-81.3049
-81.1566
-81.0018
-80.8399
-80.6701
-80.4919
-80.3042
-80.106
-79.8964
-79.674
-79.4371
-79.184
-78.9125
-78.62
-78.3032
-77.9584
-77.5809
-77.1643
-76.7011
-76.181
-75.5903
-74.91
-74.1129
-73.1584
-71.9813
-70.4696
-68.4072
-65.2979
-59.628
-43.5319
29.8957
49.6343
46.7136
35.8507
15.9201
-1.14449
-12.6214
-23.2774
-33.6647
-49.5594
-82.8678
-93.6643
-94.5551
-94.6386
-94.5158
-94.282
-93.9819
-93.6557
-93.3368
-93.0465
-92.7944
-92.5823
-92.4074
-92.2652
-92.1505
-92.0586
-91.9854
-91.9271
-91.881
-91.8446
-91.816
-91.7936
-91.7762
-91.7626
-91.7522
-91.7442
-91.7381
-91.7335
-91.7299
-91.7272
-91.7252
-91.7235
-91.7221
-91.7208
-91.7196
-91.7184
-91.717
-91.7155
-91.7139
-91.712
-91.7099
-91.7075
-91.7048
-91.7019
-91.6987
-91.6951
-91.6913
-91.6871
-91.6827
-91.6779
-91.6728
-91.6675
-91.6618
-91.6558
-91.6496
-91.643
-91.6362
-91.629
-91.6216
-91.6139
-91.606
-91.5978
-91.5893
-91.5805
-91.5715
-91.5623
-91.5528
-91.543
-91.533
-91.5228
-91.5123
-91.5017
-91.4907
-91.4796
-91.4683
-91.4567
-91.4449
-91.433
-91.4208
-91.4084
-91.3958
-91.3831
-91.3701
-91.357
-91.3437
-91.3302
-91.3165
-91.3027
-91.2886
-91.2744
-91.26
-91.2455
-91.2308
-91.2159
-91.2008
-91.1857
-91.1703
-91.1548
-91.1392
-91.1234
-91.1075
-91.0915
-91.0753
-91.0589
-91.0424
-91.0258
-91.009
-90.9921
-90.9751
-90.9579
-90.9406
-90.9232
-90.9057
-90.888
-90.8703
-90.8524
-90.8344
-90.8163
-90.798
-90.7796
-90.7611
-90.7425
-90.7238
-90.705
-90.6861
-90.667
-90.6479
-90.6287
-90.6094
-90.5899
-90.5704
-90.5507
-90.531
-90.5111
-90.4912
-90.4711
-90.4509
-90.4307
-90.4103
-90.3899
-90.3694
-90.3488
-90.3281
-90.3073
-90.2864
-90.2654
-90.2443
-90.2231
-90.2019
-90.1805
-90.1591
-90.1376
-90.116
-90.0943
-90.0725
-90.0507
-90.0287
-90.0067
-89.9845
-89.9623
-89.94
-89.9177
-89.8952
-89.8727
-89.8501
-89.8274
-89.8046
-89.7818
-89.7588
-89.7358
-89.7126
-89.6895
-89.6662
-89.6429
-89.6194
-89.596
-89.5724
-89.5487
-89.5249
-89.5011
-89.4772
-89.4532
-89.4291
-89.405
-89.3808
-89.3565
-89.3321
-89.3076
-89.283
-89.2584
-89.2337
-89.2089
-89.184
-89.1591
-89.1341
-89.109
-89.0838
-89.0585
-89.0331
-89.0076
-88.9821
-88.9565
-88.9308
-88.905
-88.8792
-88.8533
-88.8272
-88.8011
-88.7749
-88.7486
-88.7222
-88.6958
-88.6692
-88.6426
-88.6159
-88.5891
-88.5622
-88.5352
-88.5081
-88.4809
-88.4536
-88.4263
-88.3988
-88.3713
-88.3436
-88.3159
-88.288
-88.2601
-88.232
-88.2039
-88.1757
-88.1474
-88.1189
-88.0904
-88.0617
-88.0329
-88.004
-87.9751
-87.946
-87.9168
-87.8875
-87.8581
-87.8286
-87.7989
-87.7691
-87.7392
-87.7092
-87.6791
-87.6489
-87.6185
-87.588
-87.5574
-87.5266
-87.4957
-87.4647
-87.4335
-87.4022
-87.3708
-87.3392
-87.3075
-87.2756
-87.2436
-87.2114
-87.1791
-87.1467
-87.114
-87.0812
-87.0482
-87.0151
-86.9818
-86.9484
-86.9148
-86.8809
-86.8469
-86.8127
-86.7783
-86.7438
-86.7091
-86.6741
-86.639
-86.6036
-86.568
-86.5323
-86.4963
-86.4601
-86.4237
-86.387
-86.3501
-86.3129
-86.2755
-86.2378
-86.2
-86.1618
-86.1234
-86.0847
-86.0457
-86.0064
-85.9668
-85.927
-85.8868
-85.8463
-85.8055
-85.7643
-85.7229
-85.6811
-85.6389
-85.5963
-85.5534
-85.5101
-85.4665
-85.4224
-85.3778
-85.3329
-85.2875
-85.2417
-85.1954
-85.1486
-85.1013
-85.0535
-85.0052
-84.9564
-84.907
-84.8571
-84.8065
-84.7553
-84.7036
-84.6511
-84.598
-84.5442
-84.4897
-84.4344
-84.3783
-84.3214
-84.2638
-84.2053
-84.1458
-84.0854
-84.0241
-83.9618
-83.8984
-83.8339
-83.7684
-83.7016
-83.6336
-83.5643
-83.4937
-83.4216
-83.3481
-83.273
-83.1963
-83.1179
-83.0377
-82.9557
-82.8716
-82.7854
-82.6971
-82.6064
-82.5133
-82.4175
-82.319
-82.2175
-82.1128
-82.0049
-81.8933
-81.778
-81.6585
-81.5346
-81.4059
-81.2722
-81.133
-80.9878
-80.836
-80.6771
-80.5105
-80.3353
-80.1507
-79.9559
-79.7494
-79.5301
-79.2964
-79.0464
-78.778
-78.4885
-78.1748
-77.833
-77.4581
-77.0441
-76.583
-76.0645
-75.4746
-74.7939
-73.9946
-73.0346
-71.8468
-70.3145
-68.2097
-65.0016
-59.021
-41.1189
34.5633
49.5389
46.1418
34.4513
14.2196
-2.08714
-13.3768
-24.0901
-34.273
-50.9691
-84.6463
-93.7977
-94.5726
-94.6354
-94.5032
-94.2628
-93.9581
-93.6295
-93.3099
-93.02
-92.7691
-92.5584
-92.3852
-92.2445
-92.1314
-92.041
-91.9691
-91.9121
-91.8672
-91.832
-91.8045
-91.7832
-91.7667
-91.7541
-91.7446
-91.7374
-91.7321
-91.7283
-91.7255
-91.7236
-91.7222
-91.7213
-91.7206
-91.72
-91.7195
-91.7189
-91.7182
-91.7174
-91.7163
-91.7151
-91.7136
-91.7118
-91.7098
-91.7075
-91.7048
-91.7019
-91.6987
-91.6951
-91.6913
-91.6871
-91.6827
-91.6779
-91.6728
-91.6674
-91.6618
-91.6558
-91.6496
-91.643
-91.6362
-91.6292
-91.6218
-91.6142
-91.6063
-91.5982
-91.5898
-91.5812
-91.5723
-91.5632
-91.5539
-91.5443
-91.5344
-91.5244
-91.5141
-91.5036
-91.4929
-91.482
-91.4709
-91.4596
-91.4481
-91.4364
-91.4245
-91.4124
-91.4001
-91.3877
-91.375
-91.3622
-91.3493
-91.3361
-91.3228
-91.3094
-91.2957
-91.2819
-91.2679
-91.2538
-91.2395
-91.2251
-91.2105
-91.1958
-91.1809
-91.1659
-91.1508
-91.1355
-91.1201
-91.1046
-91.0889
-91.0731
-91.0572
-91.0412
-91.025
-91.0087
-90.9923
-90.9757
-90.959
-90.9423
-90.9254
-90.9084
-90.8913
-90.8741
-90.8568
-90.8394
-90.8219
-90.8042
-90.7865
-90.7686
-90.7507
-90.7327
-90.7145
-90.6963
-90.6779
-90.6595
-90.641
-90.6224
-90.6038
-90.585
-90.5661
-90.5472
-90.5281
-90.509
-90.4897
-90.4704
-90.451
-90.4316
-90.412
-90.3924
-90.3727
-90.3529
-90.3331
-90.3131
-90.2931
-90.273
-90.2528
-90.2325
-90.2122
-90.1918
-90.1713
-90.1508
-90.1302
-90.1095
-90.0887
-90.0679
-90.047
-90.026
-90.0049
-89.9838
-89.9626
-89.9413
-89.92
-89.8986
-89.8772
-89.8557
-89.8341
-89.8124
-89.7907
-89.7689
-89.747
-89.7251
-89.7031
-89.6811
-89.659
-89.6368
-89.6146
-89.5923
-89.5699
-89.5475
-89.5249
-89.5024
-89.4797
-89.457
-89.4343
-89.4115
-89.3886
-89.3657
-89.3427
-89.3196
-89.2965
-89.2733
-89.25
-89.2267
-89.2033
-89.1799
-89.1564
-89.1328
-89.1092
-89.0855
-89.0617
-89.0379
-89.014
-88.99
-88.966
-88.9419
-88.9178
-88.8936
-88.8694
-88.845
-88.8206
-88.7961
-88.7716
-88.747
-88.7223
-88.6976
-88.6728
-88.648
-88.6231
-88.5981
-88.573
-88.5478
-88.5226
-88.4973
-88.472
-88.4466
-88.4211
-88.3956
-88.37
-88.3443
-88.3185
-88.2926
-88.2667
-88.2407
-88.2146
-88.1885
-88.1623
-88.136
-88.1096
-88.0831
-88.0566
-88.03
-88.0033
-87.9765
-87.9496
-87.9227
-87.8957
-87.8686
-87.8414
-87.8141
-87.7867
-87.7592
-87.7316
-87.704
-87.6763
-87.6485
-87.6206
-87.5925
-87.5644
-87.5362
-87.5078
-87.4794
-87.4509
-87.4223
-87.3936
-87.3648
-87.3358
-87.3067
-87.2776
-87.2483
-87.2189
-87.1894
-87.1598
-87.1301
-87.1002
-87.0702
-87.0401
-87.0098
-86.9795
-86.949
-86.9184
-86.8876
-86.8567
-86.8257
-86.7945
-86.7631
-86.7317
-86.7001
-86.6683
-86.6364
-86.6042
-86.572
-86.5395
-86.5069
-86.4742
-86.4413
-86.4082
-86.3749
-86.3414
-86.3077
-86.2739
-86.2398
-86.2056
-86.1712
-86.1365
-86.1016
-86.0665
-86.0312
-85.9957
-85.96
-85.924
-85.8877
-85.8512
-85.8144
-85.7774
-85.7402
-85.7027
-85.6649
-85.6268
-85.5883
-85.5497
-85.5107
-85.4714
-85.4318
-85.3918
-85.3515
-85.3109
-85.2699
-85.2285
-85.1868
-85.1447
-85.1021
-85.0592
-85.0159
-84.9721
-84.9279
-84.8832
-84.8381
-84.7924
-84.7463
-84.6997
-84.6525
-84.6048
-84.5565
-84.5076
-84.4582
-84.4081
-84.3573
-84.3059
-84.2538
-84.201
-84.1475
-84.0931
-84.038
-83.9821
-83.9253
-83.8675
-83.8089
-83.7494
-83.6888
-83.6271
-83.5644
-83.5006
-83.4355
-83.3692
-83.3016
-83.2327
-83.1624
-83.0905
-83.0172
-82.9421
-82.8653
-82.7868
-82.7063
-82.6238
-82.5392
-82.4524
-82.3632
-82.2715
-82.1771
-82.0799
-81.9797
-81.8762
-81.7694
-81.6588
-81.5444
-81.4257
-81.3025
-81.1744
-81.0411
-80.902
-80.7567
-80.6046
-80.4452
-80.2777
-80.1012
-79.9149
-79.7178
-79.5084
-79.2855
-79.0473
-78.7918
-78.5166
-78.2188
-77.8949
-77.5404
-77.1499
-76.7163
-76.2305
-75.6803
-75.049
-74.3133
-73.4384
-72.37
-71.0183
-69.2167
-66.6103
-62.2416
-52.1741
-5.83112
49.6372
49.3606
44.6297
30.2888
8.91745
-5.5244
-16.3898
-27.3295
-37.232
-58.0589
-89.9374
-94.1877
-94.6184
-94.6004
-94.4208
-94.1477
-93.8274
-93.5008
-93.1964
-92.9294
-92.7042
-92.519
-92.3692
-92.2493
-92.154
-92.0787
-92.0196
-91.9733
-91.9372
-91.9093
-91.8878
-91.8715
-91.8592
-91.8501
-91.8435
-91.8387
-91.8355
-91.8334
-91.832
-91.8313
-91.831
-91.8309
-91.831
-91.8311
-91.8311
-91.831
-91.8308
-91.8304
-91.8298
-91.8289
-91.8277
-91.8263
-91.8246
-91.8225
-91.8202
-91.8176
-91.8147
-91.8114
-91.8079
-91.804
-91.7999
-91.7954
-91.7907
-91.7856
-91.7803
-91.7747
-91.7688
-91.7626
-91.7562
-91.7495
-91.7425
-91.7353
-91.7278
-91.7201
-91.7121
-91.7039
-91.6955
-91.6868
-91.6779
-91.6688
-91.6595
-91.6499
-91.6401
-91.6302
-91.62
-91.6097
-91.5991
-91.5883
-91.5774
-91.5663
-91.555
-91.5435
-91.5318
-91.5199
-91.5079
-91.4957
-91.4834
-91.4708
-91.4582
-91.4453
-91.4323
-91.4192
-91.4059
-91.3925
-91.3789
-91.3652
-91.3514
-91.3374
-91.3233
-91.3091
-91.2947
-91.2802
-91.2655
-91.2508
-91.2359
-91.2209
-91.2057
-91.1905
-91.1751
-91.1597
-91.1441
-91.1284
-91.1127
-91.0968
-91.0808
-91.0647
-91.0485
-91.0322
-91.0158
-90.9993
-90.9826
-90.9659
-90.9492
-90.9323
-90.9153
-90.8982
-90.8811
-90.8639
-90.8466
-90.8292
-90.8117
-90.7942
-90.7765
-90.7588
-90.7409
-90.723
-90.7051
-90.687
-90.6689
-90.6507
-90.6325
-90.6141
-90.5958
-90.5773
-90.5587
-90.5401
-90.5214
-90.5026
-90.4838
-90.4649
-90.4459
-90.4269
-90.4078
-90.3887
-90.3695
-90.3502
-90.3309
-90.3115
-90.292
-90.2725
-90.2529
-90.2333
-90.2136
-90.1938
-90.174
-90.1541
-90.1342
-90.1142
-90.0942
-90.0741
-90.054
-90.0338
-90.0135
-89.9932
-89.9728
-89.9524
-89.9319
-89.9114
-89.8908
-89.8702
-89.8496
-89.8288
-89.8081
-89.7872
-89.7663
-89.7454
-89.7244
-89.7034
-89.6823
-89.6612
-89.64
-89.6188
-89.5976
-89.5763
-89.5549
-89.5335
-89.512
-89.4905
-89.4689
-89.4473
-89.4256
-89.404
-89.3822
-89.3605
-89.3386
-89.3167
-89.2948
-89.2728
-89.2508
-89.2287
-89.2066
-89.1844
-89.1622
-89.14
-89.1177
-89.0954
-89.073
-89.0505
-89.028
-89.0055
-88.9829
-88.9603
-88.9376
-88.9149
-88.8922
-88.8694
-88.8465
-88.8236
-88.8006
-88.7776
-88.7546
-88.7314
-88.7083
-88.6851
-88.6619
-88.6386
-88.6153
-88.5919
-88.5685
-88.545
-88.5214
-88.4978
-88.4742
-88.4505
-88.4268
-88.403
-88.3792
-88.3553
-88.3313
-88.3073
-88.2832
-88.2591
-88.2349
-88.2107
-88.1865
-88.1622
-88.1378
-88.1134
-88.0889
-88.0643
-88.0397
-88.015
-87.9903
-87.9655
-87.9406
-87.9158
-87.8908
-87.8658
-87.8407
-87.8155
-87.7903
-87.765
-87.7396
-87.7142
-87.6887
-87.6632
-87.6376
-87.6119
-87.5861
-87.5603
-87.5344
-87.5084
-87.4824
-87.4562
-87.4301
-87.4038
-87.3775
-87.351
-87.3245
-87.2979
-87.2712
-87.2444
-87.2176
-87.1907
-87.1637
-87.1366
-87.1094
-87.0821
-87.0547
-87.0273
-86.9997
-86.9721
-86.9443
-86.9165
-86.8885
-86.8605
-86.8323
-86.804
-86.7756
-86.7471
-86.7186
-86.6899
-86.6611
-86.6321
-86.603
-86.5738
-86.5445
-86.5151
-86.4855
-86.4559
-86.4261
-86.3961
-86.366
-86.3357
-86.3053
-86.2748
-86.2441
-86.2133
-86.1824
-86.1512
-86.1199
-86.0884
-86.0568
-86.025
-85.993
-85.9609
-85.9286
-85.896
-85.8633
-85.8304
-85.7973
-85.764
-85.7305
-85.6968
-85.6628
-85.6287
-85.5943
-85.5596
-85.5248
-85.4897
-85.4544
-85.4188
-85.3829
-85.3468
-85.3103
-85.2737
-85.2367
-85.1995
-85.1619
-85.124
-85.0858
-85.0473
-85.0084
-84.9693
-84.9297
-84.8898
-84.8495
-84.8088
-84.7677
-84.7263
-84.6843
-84.642
-84.5992
-84.5559
-84.5123
-84.4681
-84.4234
-84.3781
-84.3323
-84.286
-84.2392
-84.1917
-84.1436
-84.0948
-84.0455
-83.9955
-83.9447
-83.8932
-83.8409
-83.7879
-83.7341
-83.6794
-83.6238
-83.5673
-83.5099
-83.4515
-83.392
-83.3315
-83.2699
-83.207
-83.143
-83.0776
-83.011
-82.9429
-82.8733
-82.8022
-82.7295
-82.655
-82.5787
-82.5006
-82.4204
-82.3382
-82.2537
-82.1668
-82.0775
-81.9855
-81.8906
-81.7927
-81.6916
-81.5871
-81.4789
-81.3667
-81.2504
-81.1295
-81.0037
-80.8725
-80.7356
-80.5925
-80.4425
-80.285
-80.1193
-79.9447
-79.7601
-79.5644
-79.3563
-79.1344
-78.897
-78.6419
-78.3667
-78.0683
-77.743
-77.3863
-76.9924
-76.5539
-76.0611
-75.5011
-74.856
-74.1005
-73.1966
-72.0845
-70.6626
-68.7382
-65.8834
-60.8598
-47.8608
15.7636
49.813
48.3462
40.4547
22.3413
2.51553
-9.86125
-20.3203
-31.1586
-44.2087
-73.9111
-92.9593
-94.4611
-94.6342
-94.5422
-94.3238
-94.0301
-93.704
-93.3816
-93.0867
-92.8305
-92.6155
-92.439
-92.2964
-92.1823
-92.0917
-92.0201
-91.964
-91.9202
-91.8863
-91.8602
-91.8403
-91.8254
-91.8143
-91.8063
-91.8007
-91.797
-91.7946
-91.7933
-91.7927
-91.7928
-91.7932
-91.7938
-91.7945
-91.7952
-91.7959
-91.7965
-91.7969
-91.7971
-91.797
-91.7967
-91.7961
-91.7953
-91.7941
-91.7926
-91.7909
-91.7888
-91.7864
-91.7837
-91.7807
-91.7773
-91.7737
-91.7698
-91.7655
-91.761
-91.7562
-91.7511
-91.7457
-91.74
-91.7341
-91.7279
-91.7215
-91.7147
-91.7078
-91.7005
-91.6931
-91.6854
-91.6775
-91.6693
-91.6609
-91.6523
-91.6435
-91.6344
-91.6252
-91.6157
-91.6061
-91.5962
-91.5862
-91.576
-91.5655
-91.5549
-91.5441
-91.5332
-91.522
-91.5107
-91.4992
-91.4875
-91.4757
-91.4637
-91.4516
-91.4393
-91.4269
-91.4143
-91.4016
-91.3888
-91.3758
-91.3626
-91.3494
-91.336
-91.3225
-91.3088
-91.295
-91.2811
-91.2671
-91.2529
-91.2386
-91.2242
-91.2097
-91.1951
-91.1804
-91.1655
-91.1506
-91.1356
-91.1205
-91.1052
-91.0899
-91.0745
-91.059
-91.0433
-91.0276
-91.0118
-90.9959
-90.9799
-90.9638
-90.9477
-90.9314
-90.9151
-90.8987
-90.8822
-90.8656
-90.849
-90.8323
-90.8155
-90.7986
-90.7817
-90.7647
-90.7476
-90.7304
-90.7131
-90.6958
-90.6785
-90.661
-90.6435
-90.626
-90.6084
-90.5907
-90.573
-90.5552
-90.5373
-90.5193
-90.5013
-90.4833
-90.4652
-90.447
-90.4288
-90.4105
-90.3922
-90.3738
-90.3554
-90.3369
-90.3184
-90.2998
-90.2812
-90.2625
-90.2437
-90.2249
-90.2061
-90.1872
-90.1682
-90.1493
-90.1303
-90.1112
-90.0921
-90.0729
-90.0537
-90.0345
-90.0152
-89.9958
-89.9764
-89.957
-89.9375
-89.918
-89.8985
-89.8789
-89.8593
-89.8397
-89.82
-89.8002
-89.7804
-89.7606
-89.7407
-89.7208
-89.7009
-89.6809
-89.6609
-89.6408
-89.6208
-89.6007
-89.5805
-89.5603
-89.5401
-89.5198
-89.4995
-89.4791
-89.4587
-89.4383
-89.4179
-89.3974
-89.377
-89.3564
-89.3358
-89.3152
-89.2946
-89.2739
-89.2531
-89.2324
-89.2116
-89.1908
-89.1699
-89.1491
-89.1282
-89.1073
-89.0863
-89.0653
-89.0442
-89.0231
-89.002
-88.9808
-88.9596
-88.9384
-88.9172
-88.896
-88.8747
-88.8533
-88.8319
-88.8105
-88.7891
-88.7676
-88.7461
-88.7245
-88.703
-88.6814
-88.6597
-88.6381
-88.6164
-88.5946
-88.5729
-88.551
-88.5292
-88.5073
-88.4854
-88.4634
-88.4415
-88.4195
-88.3974
-88.3754
-88.3532
-88.3311
-88.3088
-88.2866
-88.2643
-88.242
-88.2197
-88.1973
-88.1749
-88.1525
-88.13
-88.1075
-88.0849
-88.0623
-88.0396
-88.0169
-87.9942
-87.9714
-87.9486
-87.9258
-87.9029
-87.88
-87.857
-87.834
-87.8109
-87.7878
-87.7646
-87.7414
-87.7182
-87.6949
-87.6716
-87.6482
-87.6248
-87.6013
-87.5778
-87.5542
-87.5306
-87.5069
-87.4832
-87.4594
-87.4356
-87.4118
-87.3878
-87.3638
-87.3398
-87.3157
-87.2915
-87.2673
-87.243
-87.2187
-87.1944
-87.1699
-87.1454
-87.1208
-87.0962
-87.0715
-87.0467
-87.0219
-86.997
-86.972
-86.947
-86.9219
-86.8968
-86.8715
-86.8462
-86.8208
-86.7953
-86.7697
-86.7441
-86.7184
-86.6927
-86.6668
-86.6409
-86.6148
-86.5887
-86.5624
-86.5361
-86.5097
-86.4833
-86.4567
-86.4301
-86.4033
-86.3764
-86.3494
-86.3223
-86.2951
-86.2679
-86.2405
-86.213
-86.1854
-86.1577
-86.1298
-86.1018
-86.0737
-86.0455
-86.0171
-85.9887
-85.9601
-85.9314
-85.9025
-85.8735
-85.8443
-85.815
-85.7855
-85.756
-85.7262
-85.6963
-85.6662
-85.636
-85.6056
-85.575
-85.5442
-85.5133
-85.4822
-85.4509
-85.4194
-85.3877
-85.3557
-85.3236
-85.2913
-85.2588
-85.2261
-85.1931
-85.1599
-85.1264
-85.0927
-85.0587
-85.0245
-84.9901
-84.9554
-84.9204
-84.885
-84.8494
-84.8136
-84.7774
-84.7409
-84.7041
-84.6669
-84.6294
-84.5915
-84.5533
-84.5148
-84.4758
-84.4365
-84.3967
-84.3565
-84.3158
-84.2748
-84.2333
-84.1913
-84.1488
-84.1058
-84.0623
-84.0183
-83.9737
-83.9286
-83.8828
-83.8364
-83.7894
-83.7418
-83.6934
-83.6443
-83.5945
-83.544
-83.4926
-83.4405
-83.3874
-83.3335
-83.2787
-83.2229
-83.166
-83.1081
-83.0492
-82.9891
-82.9278
-82.8652
-82.8014
-82.7361
-82.6694
-82.6012
-82.5315
-82.46
-82.3868
-82.3118
-82.2348
-82.1556
-82.0744
-81.9908
-81.9048
-81.8162
-81.7248
-81.6304
-81.533
-81.4321
-81.3277
-81.2194
-81.107
-80.9901
-80.8684
-80.7416
-80.6091
-80.4705
-80.3252
-80.1726
-80.0121
-79.8427
-79.6636
-79.4738
-79.2719
-79.0565
-78.8259
-78.5782
-78.3108
-78.021
-77.7052
-77.3589
-76.9765
-76.5511
-76.0734
-75.5311
-74.9074
-74.1782
-73.3083
-72.2424
-70.8877
-69.0718
-66.4225
-61.9173
-51.2002
-0.319909
49.7548
49.2448
43.9963
28.8365
7.45304
-6.48017
-17.2408
-28.2032
-38.7015
-61.5553
-91.0765
-94.2664
-94.6199
-94.5817
-94.3901
-94.1094
-93.7858
-93.4593
-93.1573
-92.8937
-92.6722
-92.4907
-92.3442
-92.2275
-92.1351
-92.0625
-92.0057
-91.9617
-91.9277
-91.9018
-91.8822
-91.8676
-91.857
-91.8494
-91.8443
-91.841
-91.8392
-91.8384
-91.8384
-91.8389
-91.8398
-91.8409
-91.8421
-91.8434
-91.8445
-91.8456
-91.8464
-91.8471
-91.8475
-91.8477
-91.8476
-91.8472
-91.8465
-91.8455
-91.8442
-91.8425
-91.8406
-91.8384
-91.8358
-91.8329
-91.8298
-91.8263
-91.8226
-91.8185
-91.8142
-91.8095
-91.8046
-91.7995
-91.794
-91.7883
-91.7823
-91.7761
-91.7696
-91.7629
-91.7559
-91.7487
-91.7412
-91.7336
-91.7257
-91.7175
-91.7092
-91.7007
-91.6919
-91.683
-91.6738
-91.6645
-91.655
-91.6453
-91.6354
-91.6253
-91.615
-91.6046
-91.594
-91.5833
-91.5724
-91.5613
-91.55
-91.5386
-91.5271
-91.5153
-91.5035
-91.4915
-91.4793
-91.4671
-91.4546
-91.4421
-91.4294
-91.4166
-91.4037
-91.3906
-91.3775
-91.3642
-91.3508
-91.3373
-91.3237
-91.3099
-91.2961
-91.2821
-91.268
-91.2539
-91.2396
-91.2252
-91.2107
-91.1962
-91.1815
-91.1668
-91.1519
-91.137
-91.122
-91.1069
-91.0918
-91.0765
-91.0612
-91.0457
-91.0302
-91.0146
-90.9989
-90.9832
-90.9674
-90.9515
-90.9355
-90.9195
-90.9034
-90.8872
-90.871
-90.8547
-90.8384
-90.822
-90.8055
-90.789
-90.7723
-90.7557
-90.7389
-90.7221
-90.7053
-90.6884
-90.6714
-90.6544
-90.6374
-90.6203
-90.6031
-90.5859
-90.5687
-90.5513
-90.534
-90.5165
-90.4991
-90.4816
-90.464
-90.4464
-90.4287
-90.4111
-90.3933
-90.3756
-90.3578
-90.34
-90.3221
-90.3041
-90.2861
-90.2681
-90.25
-90.2319
-90.2138
-90.1956
-90.1774
-90.1592
-90.1409
-90.1226
-90.1043
-90.0859
-90.0675
-90.0491
-90.0306
-90.012
-89.9935
-89.9749
-89.9563
-89.9376
-89.919
-89.9003
-89.8816
-89.8628
-89.8441
-89.8252
-89.8064
-89.7875
-89.7686
-89.7496
-89.7307
-89.7117
-89.6926
-89.6736
-89.6546
-89.6355
-89.6164
-89.5973
-89.5781
-89.5589
-89.5397
-89.5204
-89.5011
-89.4818
-89.4625
-89.4431
-89.4238
-89.4044
-89.385
-89.3656
-89.3462
-89.3267
-89.3072
-89.2876
-89.2681
-89.2485
-89.2289
-89.2093
-89.1896
-89.17
-89.1503
-89.1306
-89.1109
-89.0912
-89.0714
-89.0516
-89.0318
-89.0119
-88.9921
-88.9722
-88.9523
-88.9324
-88.9125
-88.8926
-88.8726
-88.8526
-88.8326
-88.8125
-88.7925
-88.7724
-88.7523
-88.7321
-88.712
-88.6918
-88.6717
-88.6515
-88.6313
-88.611
-88.5908
-88.5705
-88.5501
-88.5298
-88.5094
-88.4891
-88.4687
-88.4483
-88.4278
-88.4074
-88.3869
-88.3665
-88.3459
-88.3254
-88.3048
-88.2842
-88.2636
-88.2429
-88.2223
-88.2016
-88.1809
-88.1602
-88.1395
-88.1187
-88.0979
-88.0771
-88.0562
-88.0353
-88.0144
-87.9935
-87.9725
-87.9516
-87.9306
-87.9096
-87.8886
-87.8675
-87.8464
-87.8253
-87.8041
-87.7829
-87.7617
-87.7404
-87.7192
-87.6979
-87.6766
-87.6553
-87.6339
-87.6125
-87.591
-87.5695
-87.548
-87.5265
-87.5049
-87.4833
-87.4617
-87.44
-87.4184
-87.3966
-87.3748
-87.353
-87.3312
-87.3093
-87.2874
-87.2654
-87.2434
-87.2214
-87.1994
-87.1773
-87.1551
-87.1329
-87.1107
-87.0884
-87.0661
-87.0437
-87.0213
-86.9989
-86.9764
-86.9539
-86.9313
-86.9087
-86.886
-86.8633
-86.8405
-86.8177
-86.7948
-86.7719
-86.7489
-86.7259
-86.7028
-86.6797
-86.6565
-86.6332
-86.6099
-86.5865
-86.563
-86.5395
-86.516
-86.4924
-86.4687
-86.445
-86.4212
-86.3973
-86.3733
-86.3492
-86.3251
-86.3009
-86.2767
-86.2524
-86.228
-86.2035
-86.179
-86.1543
-86.1296
-86.1048
-86.0799
-86.0549
-86.0298
-86.0046
-85.9794
-85.9541
-85.9286
-85.9031
-85.8774
-85.8516
-85.8258
-85.7998
-85.7738
-85.7476
-85.7213
-85.6949
-85.6684
-85.6418
-85.615
-85.5881
-85.561
-85.5339
-85.5066
-85.4792
-85.4517
-85.424
-85.3961
-85.3681
-85.3399
-85.3116
-85.2832
-85.2546
-85.2258
-85.1969
-85.1678
-85.1384
-85.1089
-85.0793
-85.0494
-85.0194
-84.9892
-84.9587
-84.928
-84.8971
-84.866
-84.8347
-84.8031
-84.7714
-84.7394
-84.7071
-84.6746
-84.6418
-84.6087
-84.5754
-84.5418
-84.5079
-84.4737
-84.4392
-84.4043
-84.3692
-84.3337
-84.2979
-84.2617
-84.2252
-84.1883
-84.151
-84.1133
-84.0752
-84.0367
-83.9978
-83.9584
-83.9185
-83.8781
-83.8373
-83.7959
-83.7541
-83.7117
-83.6687
-83.6251
-83.581
-83.5362
-83.4908
-83.4447
-83.3979
-83.3503
-83.3021
-83.2531
-83.2032
-83.1525
-83.1009
-83.0484
-82.995
-82.9406
-82.8851
-82.8285
-82.7709
-82.712
-82.6519
-82.5905
-82.5278
-82.4636
-82.3979
-82.3307
-82.2618
-82.1912
-82.1187
-82.0443
-81.9679
-81.8892
-81.8084
-81.725
-81.6391
-81.5504
-81.4588
-81.3641
-81.2661
-81.1644
-81.0589
-80.9494
-80.8353
-80.7165
-80.5925
-80.4629
-80.3272
-80.1848
-80.0352
-79.8775
-79.7111
-79.5349
-79.3479
-79.1488
-78.9363
-78.7086
-78.4636
-78.199
-77.9116
-77.598
-77.2536
-76.873
-76.4487
-75.9715
-75.4287
-74.8031
-74.0701
-73.1931
-72.1146
-70.7375
-68.8793
-66.1398
-61.3884
-49.5485
8.17613
49.8168
48.9062
42.481
25.8002
4.88493
-8.19756
-18.7892
-29.7331
-41.453
-67.9876
-92.2957
-94.3801
-94.6265
-94.5571
-94.349
-94.0593
-93.7329
-93.4078
-93.1095
-92.8503
-92.6331
-92.4552
-92.312
-92.198
-92.1078
-92.0372
-91.9821
-91.9395
-91.9068
-91.882
-91.8634
-91.8498
-91.8401
-91.8334
-91.829
-91.8265
-91.8253
-91.8252
-91.8258
-91.827
-91.8285
-91.8302
-91.832
-91.8337
-91.8355
-91.837
-91.8384
-91.8396
-91.8405
-91.8412
-91.8415
-91.8416
-91.8414
-91.8409
-91.84
-91.8389
-91.8374
-91.8356
-91.8335
-91.8311
-91.8284
-91.8254
-91.8221
-91.8185
-91.8146
-91.8104
-91.8059
-91.8012
-91.7962
-91.7909
-91.7854
-91.7796
-91.7735
-91.7672
-91.7607
-91.7539
-91.7469
-91.7397
-91.7322
-91.7245
-91.7166
-91.7085
-91.7002
-91.6917
-91.683
-91.6741
-91.6651
-91.6558
-91.6463
-91.6367
-91.6269
-91.617
-91.6068
-91.5965
-91.5861
-91.5754
-91.5647
-91.5537
-91.5427
-91.5314
-91.52
-91.5085
-91.4968
-91.485
-91.4731
-91.4611
-91.4489
-91.4366
-91.4241
-91.4116
-91.3989
-91.3861
-91.3732
-91.3602
-91.3471
-91.3339
-91.3206
-91.3072
-91.2937
-91.28
-91.2663
-91.2525
-91.2385
-91.2245
-91.2104
-91.1962
-91.1819
-91.1676
-91.1531
-91.1386
-91.124
-91.1093
-91.0946
-91.0798
-91.0649
-91.0499
-91.0348
-91.0197
-91.0045
-90.9892
-90.9739
-90.9584
-90.943
-90.9274
-90.9119
-90.8962
-90.8805
-90.8648
-90.8489
-90.8331
-90.8172
-90.8012
-90.7851
-90.769
-90.7528
-90.7366
-90.7204
-90.7041
-90.6877
-90.6713
-90.6549
-90.6384
-90.6219
-90.6053
-90.5887
-90.572
-90.5553
-90.5386
-90.5218
-90.5049
-90.4881
-90.4711
-90.4542
-90.4372
-90.4202
-90.4032
-90.3861
-90.369
-90.3518
-90.3347
-90.3174
-90.3002
-90.2829
-90.2656
-90.2482
-90.2308
-90.2134
-90.1959
-90.1785
-90.161
-90.1435
-90.1259
-90.1084
-90.0908
-90.0732
-90.0555
-90.0378
-90.0201
-90.0024
-89.9846
-89.9668
-89.949
-89.9312
-89.9134
-89.8955
-89.8776
-89.8598
-89.8418
-89.8239
-89.8059
-89.7879
-89.7699
-89.7518
-89.7338
-89.7157
-89.6976
-89.6795
-89.6614
-89.6433
-89.6251
-89.607
-89.5888
-89.5706
-89.5523
-89.5341
-89.5158
-89.4975
-89.4792
-89.4609
-89.4426
-89.4243
-89.4059
-89.3876
-89.3692
-89.3508
-89.3324
-89.314
-89.2956
-89.2771
-89.2586
-89.2401
-89.2216
-89.2031
-89.1846
-89.1661
-89.1476
-89.1291
-89.1105
-89.0919
-89.0733
-89.0547
-89.0361
-89.0175
-88.9988
-88.9802
-88.9615
-88.9429
-88.9242
-88.9055
-88.8868
-88.8681
-88.8494
-88.8307
-88.8119
-88.7931
-88.7744
-88.7556
-88.7368
-88.718
-88.6992
-88.6803
-88.6615
-88.6427
-88.6239
-88.605
-88.5861
-88.5672
-88.5483
-88.5294
-88.5105
-88.4915
-88.4726
-88.4536
-88.4347
-88.4157
-88.3968
-88.3778
-88.3588
-88.3398
-88.3207
-88.3017
-88.2826
-88.2636
-88.2445
-88.2254
-88.2063
-88.1872
-88.1681
-88.149
-88.1299
-88.1107
-88.0916
-88.0724
-88.0532
-88.034
-88.0147
-87.9955
-87.9763
-87.957
-87.9378
-87.9185
-87.8993
-87.8799
-87.8606
-87.8413
-87.8219
-87.8025
-87.7832
-87.7638
-87.7444
-87.7249
-87.7055
-87.6861
-87.6667
-87.6472
-87.6277
-87.6082
-87.5886
-87.5691
-87.5495
-87.5299
-87.5103
-87.4907
-87.4711
-87.4514
-87.4318
-87.4121
-87.3924
-87.3727
-87.3529
-87.3331
-87.3133
-87.2935
-87.2737
-87.2538
-87.2339
-87.2141
-87.1942
-87.1742
-87.1543
-87.1343
-87.1143
-87.0942
-87.0741
-87.054
-87.0339
-87.0138
-86.9936
-86.9734
-86.9532
-86.933
-86.9127
-86.8924
-86.8721
-86.8517
-86.8313
-86.8108
-86.7904
-86.7699
-86.7494
-86.7288
-86.7083
-86.6877
-86.667
-86.6463
-86.6255
-86.6048
-86.5839
-86.5631
-86.5422
-86.5213
-86.5003
-86.4793
-86.4583
-86.4372
-86.4161
-86.3949
-86.3736
-86.3524
-86.331
-86.3097
-86.2882
-86.2668
-86.2453
-86.2237
-86.2022
-86.1805
-86.1588
-86.137
-86.1151
-86.0932
-86.0712
-86.0492
-86.0271
-86.005
-85.9829
-85.9606
-85.9383
-85.9159
-85.8934
-85.8709
-85.8483
-85.8256
-85.8028
-85.78
-85.7572
-85.7342
-85.7112
-85.6881
-85.6648
-85.6415
-85.6181
-85.5946
-85.5711
-85.5474
-85.5237
-85.4999
-85.476
-85.452
-85.4278
-85.4036
-85.3792
-85.3548
-85.3302
-85.3055
-85.2808
-85.2559
-85.2309
-85.2058
-85.1805
-85.1551
-85.1296
-85.1039
-85.0781
-85.0522
-85.0262
-85
-84.9737
-84.9472
-84.9205
-84.8937
-84.8667
-84.8395
-84.8122
-84.7848
-84.7571
-84.7293
-84.7013
-84.6731
-84.6446
-84.616
-84.5872
-84.5582
-84.529
-84.4995
-84.4699
-84.4399
-84.4098
-84.3793
-84.3487
-84.3178
-84.2866
-84.2552
-84.2235
-84.1915
-84.1592
-84.1266
-84.0937
-84.0604
-84.0269
-83.993
-83.9588
-83.9242
-83.8892
-83.8538
-83.818
-83.7819
-83.7454
-83.7084
-83.6709
-83.633
-83.5946
-83.5557
-83.5164
-83.4765
-83.436
-83.395
-83.3534
-83.3112
-83.2685
-83.225
-83.1809
-83.136
-83.0905
-83.0442
-82.9971
-82.9492
-82.9005
-82.8509
-82.8004
-82.7489
-82.6964
-82.6428
-82.5882
-82.5325
-82.4756
-82.4174
-82.3579
-82.2971
-82.2348
-82.1709
-82.1055
-82.0385
-81.9696
-81.8989
-81.8263
-81.7515
-81.6745
-81.5953
-81.5135
-81.4291
-81.3419
-81.2517
-81.1583
-81.0616
-80.9611
-80.8567
-80.7481
-80.6348
-80.5168
-80.3933
-80.264
-80.1284
-79.9859
-79.8358
-79.6774
-79.5099
-79.3321
-79.143
-78.9412
-78.7253
-78.4932
-78.2428
-77.9715
-77.676
-77.3521
-76.995
-76.5985
-76.1541
-75.6512
-75.075
-74.4053
-73.612
-72.65
-71.4452
-69.8667
-67.6505
-64.1502
-57.1441
-32.4105
40.8075
49.382
45.3025
32.4244
11.8079
-3.51456
-14.574
-25.379
-35.1721
-53.1362
-86.9501
-93.9843
-94.598
-94.6243
-94.4708
-94.213
-93.8954
-93.5595
-93.2381
-92.9507
-92.705
-92.5011
-92.3354
-92.2025
-92.097
-92.0139
-91.9488
-91.8983
-91.8593
-91.8297
-91.8073
-91.7908
-91.7788
-91.7705
-91.765
-91.7616
-91.76
-91.7596
-91.7602
-91.7615
-91.7632
-91.7653
-91.7675
-91.7698
-91.7721
-91.7743
-91.7763
-91.7781
-91.7797
-91.7811
-91.7822
-91.783
-91.7834
-91.7836
-91.7835
-91.783
-91.7823
-91.7812
-91.7798
-91.7781
-91.776
-91.7737
-91.771
-91.7681
-91.7648
-91.7613
-91.7575
-91.7534
-91.749
-91.7443
-91.7394
-91.7342
-91.7288
-91.7231
-91.7171
-91.711
-91.7045
-91.6979
-91.691
-91.6839
-91.6766
-91.6691
-91.6613
-91.6534
-91.6453
-91.6369
-91.6284
-91.6197
-91.6108
-91.6017
-91.5925
-91.583
-91.5734
-91.5637
-91.5537
-91.5436
-91.5334
-91.523
-91.5124
-91.5017
-91.4908
-91.4798
-91.4687
-91.4574
-91.446
-91.4345
-91.4228
-91.411
-91.3991
-91.3871
-91.375
-91.3627
-91.3504
-91.3379
-91.3253
-91.3127
-91.2999
-91.287
-91.274
-91.2608
-91.2476
-91.2344
-91.221
-91.2075
-91.1939
-91.1803
-91.1666
-91.1527
-91.1389
-91.1249
-91.1109
-91.0968
-91.0826
-91.0683
-91.054
-91.0395
-91.025
-91.0105
-90.9959
-90.9812
-90.9664
-90.9516
-90.9367
-90.9218
-90.9068
-90.8917
-90.8766
-90.8615
-90.8463
-90.831
-90.8157
-90.8003
-90.7849
-90.7694
-90.7539
-90.7383
-90.7227
-90.707
-90.6913
-90.6756
-90.6598
-90.6439
-90.6281
-90.6122
-90.5962
-90.5803
-90.5642
-90.5482
-90.5321
-90.5159
-90.4997
-90.4835
-90.4672
-90.451
-90.4347
-90.4183
-90.4019
-90.3856
-90.3691
-90.3527
-90.3362
-90.3197
-90.3032
-90.2866
-90.27
-90.2534
-90.2367
-90.22
-90.2033
-90.1866
-90.1699
-90.1531
-90.1363
-90.1195
-90.1027
-90.0859
-90.069
-90.0521
-90.0352
-90.0183
-90.0013
-89.9843
-89.9674
-89.9504
-89.9333
-89.9163
-89.8993
-89.8822
-89.8652
-89.8481
-89.831
-89.8139
-89.7967
-89.7795
-89.7624
-89.7452
-89.728
-89.7108
-89.6935
-89.6763
-89.6591
-89.6418
-89.6246
-89.6074
-89.5901
-89.5728
-89.5555
-89.5381
-89.5208
-89.5034
-89.4861
-89.4687
-89.4514
-89.434
-89.4166
-89.3993
-89.3819
-89.3645
-89.3471
-89.3297
-89.3123
-89.2948
-89.2774
-89.2599
-89.2425
-89.225
-89.2075
-89.1901
-89.1726
-89.1551
-89.1377
-89.1202
-89.1027
-89.0852
-89.0677
-89.0502
-89.0326
-89.0151
-88.9976
-88.98
-88.9625
-88.945
-88.9274
-88.9099
-88.8924
-88.8749
-88.8573
-88.8397
-88.8222
-88.8046
-88.787
-88.7694
-88.7518
-88.7342
-88.7167
-88.6991
-88.6815
-88.6639
-88.6464
-88.6288
-88.6112
-88.5936
-88.576
-88.5583
-88.5407
-88.5231
-88.5055
-88.4878
-88.4702
-88.4526
-88.435
-88.4174
-88.3998
-88.3821
-88.3645
-88.3469
-88.3292
-88.3116
-88.2939
-88.2762
-88.2586
-88.2409
-88.2233
-88.2056
-88.188
-88.1703
-88.1527
-88.135
-88.1173
-88.0996
-88.0819
-88.0643
-88.0466
-88.0289
-88.0112
-87.9935
-87.9758
-87.9581
-87.9404
-87.9227
-87.905
-87.8873
-87.8696
-87.8518
-87.8341
-87.8163
-87.7986
-87.7808
-87.7631
-87.7453
-87.7276
-87.7098
-87.6921
-87.6743
-87.6566
-87.6388
-87.621
-87.6032
-87.5854
-87.5675
-87.5497
-87.5319
-87.514
-87.4962
-87.4784
-87.4606
-87.4427
-87.4249
-87.407
-87.3892
-87.3713
-87.3534
-87.3354
-87.3175
-87.2996
-87.2816
-87.2637
-87.2458
-87.2278
-87.2099
-87.1919
-87.174
-87.156
-87.138
-87.1199
-87.1019
-87.0838
-87.0658
-87.0477
-87.0296
-87.0115
-86.9934
-86.9753
-86.9572
-86.9391
-86.9209
-86.9027
-86.8845
-86.8663
-86.8481
-86.8298
-86.8116
-86.7933
-86.775
-86.7567
-86.7384
-86.7201
-86.7018
-86.6834
-86.665
-86.6466
-86.6281
-86.6096
-86.5911
-86.5726
-86.5541
-86.5355
-86.517
-86.4984
-86.4798
-86.4612
-86.4426
-86.4239
-86.4051
-86.3864
-86.3676
-86.3488
-86.33
-86.3111
-86.2922
-86.2733
-86.2544
-86.2354
-86.2165
-86.1974
-86.1784
-86.1593
-86.1401
-86.1209
-86.1017
-86.0824
-86.0631
-86.0438
-86.0245
-86.0051
-85.9857
-85.9662
-85.9467
-85.9272
-85.9076
-85.8879
-85.8682
-85.8484
-85.8286
-85.8088
-85.7889
-85.769
-85.7491
-85.7291
-85.709
-85.6889
-85.6687
-85.6484
-85.6281
-85.6077
-85.5873
-85.5668
-85.5463
-85.5257
-85.505
-85.4843
-85.4636
-85.4427
-85.4218
-85.4007
-85.3796
-85.3585
-85.3372
-85.3159
-85.2946
-85.2731
-85.2516
-85.2301
-85.2084
-85.1866
-85.1647
-85.1427
-85.1206
-85.0984
-85.0762
-85.0539
-85.0314
-85.0089
-84.9863
-84.9636
-84.9407
-84.9177
-84.8946
-84.8714
-84.8481
-84.8246
-84.8011
-84.7774
-84.7537
-84.7297
-84.7056
-84.6814
-84.657
-84.6325
-84.6079
-84.5831
-84.5581
-84.533
-84.5078
-84.4824
-84.4568
-84.431
-84.405
-84.3789
-84.3525
-84.326
-84.2993
-84.2725
-84.2454
-84.2181
-84.1905
-84.1627
-84.1347
-84.1065
-84.078
-84.0494
-84.0204
-83.9912
-83.9618
-83.932
-83.9019
-83.8716
-83.841
-83.81
-83.7788
-83.7473
-83.7154
-83.6831
-83.6505
-83.6175
-83.5842
-83.5505
-83.5164
-83.4819
-83.4469
-83.4115
-83.3756
-83.3393
-83.3025
-83.2652
-83.2274
-83.189
-83.1501
-83.1106
-83.0705
-83.0299
-82.9885
-82.9465
-82.9038
-82.8604
-82.8163
-82.7714
-82.7256
-82.679
-82.6316
-82.5832
-82.534
-82.4837
-82.4323
-82.3799
-82.3264
-82.2717
-82.2157
-82.1584
-82.0998
-82.0398
-81.9782
-81.9151
-81.8502
-81.7837
-81.7152
-81.6448
-81.5724
-81.4977
-81.4207
-81.3412
-81.2591
-81.1741
-81.0862
-80.9951
-80.9005
-80.8023
-80.7001
-80.5937
-80.4827
-80.3667
-80.2453
-80.1181
-79.9846
-79.844
-79.6958
-79.5393
-79.3734
-79.1972
-79.0096
-78.8092
-78.5942
-78.3628
-78.1129
-77.8415
-77.5454
-77.2205
-76.8616
-76.4619
-76.0131
-75.5038
-74.9184
-74.2353
-73.4226
-72.4313
-71.1806
-69.5246
-67.1603
-63.3122
-55.0792
-21.6249
46.0463
49.3505
44.9936
31.5182
10.59
-4.3401
-15.3106
-26.1769
-35.6904
-54.4085
-88.0045
-94.0679
-94.6093
-94.6161
-94.4494
-94.1818
-93.8592
-93.5238
-93.2075
-92.928
-92.6913
-92.4967
-92.3395
-92.2143
-92.1155
-92.0381
-91.978
-91.9316
-91.8961
-91.8693
-91.8494
-91.835
-91.8248
-91.8179
-91.8137
-91.8114
-91.8107
-91.8111
-91.8123
-91.8142
-91.8165
-91.819
-91.8216
-91.8243
-91.8269
-91.8294
-91.8317
-91.8338
-91.8357
-91.8373
-91.8386
-91.8396
-91.8403
-91.8407
-91.8408
-91.8405
-91.84
-91.8391
-91.8379
-91.8364
-91.8346
-91.8325
-91.83
-91.8273
-91.8243
-91.821
-91.8174
-91.8136
-91.8094
-91.805
-91.8003
-91.7954
-91.7902
-91.7847
-91.7791
-91.7731
-91.767
-91.7606
-91.754
-91.7472
-91.7401
-91.7329
-91.7254
-91.7177
-91.7099
-91.7018
-91.6936
-91.6852
-91.6766
-91.6678
-91.6588
-91.6497
-91.6404
-91.631
-91.6213
-91.6116
-91.6017
-91.5916
-91.5814
-91.571
-91.5605
-91.5499
-91.5391
-91.5282
-91.5171
-91.506
-91.4947
-91.4832
-91.4717
-91.46
-91.4483
-91.4364
-91.4244
-91.4123
-91.4001
-91.3878
-91.3754
-91.3629
-91.3503
-91.3376
-91.3249
-91.312
-91.299
-91.286
-91.2728
-91.2596
-91.2463
-91.2329
-91.2194
-91.2059
-91.1923
-91.1786
-91.1648
-91.151
-91.1371
-91.1232
-91.1092
-91.0951
-91.0809
-91.0667
-91.0524
-91.0381
-91.0237
-91.0092
-90.9947
-90.9801
-90.9655
-90.9508
-90.9361
-90.9213
-90.9065
-90.8916
-90.8767
-90.8618
-90.8468
-90.8318
-90.8167
-90.8015
-90.7864
-90.7711
-90.7559
-90.7405
-90.7252
-90.7098
-90.6944
-90.679
-90.6635
-90.648
-90.6324
-90.6169
-90.6013
-90.5857
-90.57
-90.5543
-90.5386
-90.5228
-90.507
-90.4912
-90.4753
-90.4595
-90.4436
-90.4276
-90.4117
-90.3958
-90.3798
-90.3638
-90.3478
-90.3318
-90.3157
-90.2996
-90.2835
-90.2673
-90.2512
-90.235
-90.2188
-90.2026
-90.1864
-90.1702
-90.1539
-90.1377
-90.1214
-90.1051
-90.0888
-90.0725
-90.0562
-90.0398
-90.0234
-90.0071
-89.9907
-89.9743
-89.9578
-89.9414
-89.925
-89.9086
-89.8921
-89.8757
-89.8593
-89.8428
-89.8263
-89.8098
-89.7933
-89.7768
-89.7603
-89.7437
-89.7272
-89.7107
-89.6941
-89.6776
-89.661
-89.6445
-89.6279
-89.6114
-89.5948
-89.5783
-89.5617
-89.5451
-89.5285
-89.5119
-89.4953
-89.4787
-89.462
-89.4454
-89.4288
-89.4122
-89.3957
-89.3791
-89.3625
-89.3459
-89.3292
-89.3126
-89.296
-89.2794
-89.2627
-89.2461
-89.2295
-89.2128
-89.1962
-89.1796
-89.163
-89.1464
-89.1298
-89.1132
-89.0966
-89.08
-89.0633
-89.0467
-89.0301
-89.0135
-88.9968
-88.9802
-88.9636
-88.947
-88.9304
-88.9138
-88.8973
-88.8807
-88.8641
-88.8475
-88.8309
-88.8143
-88.7977
-88.7811
-88.7646
-88.748
-88.7314
-88.7148
-88.6983
-88.6817
-88.6652
-88.6487
-88.6321
-88.6156
-88.599
-88.5825
-88.5659
-88.5494
-88.5328
-88.5163
-88.4998
-88.4832
-88.4667
-88.4502
-88.4337
-88.4173
-88.4008
-88.3843
-88.3678
-88.3513
-88.3348
-88.3183
-88.3018
-88.2854
-88.2689
-88.2524
-88.2359
-88.2195
-88.2031
-88.1866
-88.1702
-88.1538
-88.1374
-88.1209
-88.1045
-88.088
-88.0716
-88.0552
-88.0388
-88.0223
-88.0059
-87.9895
-87.9731
-87.9568
-87.9404
-87.924
-87.9077
-87.8913
-87.8749
-87.8585
-87.8421
-87.8257
-87.8094
-87.793
-87.7766
-87.7603
-87.7439
-87.7276
-87.7112
-87.6949
-87.6786
-87.6623
-87.6459
-87.6296
-87.6133
-87.5969
-87.5806
-87.5642
-87.5479
-87.5315
-87.5152
-87.4989
-87.4826
-87.4663
-87.45
-87.4337
-87.4174
-87.4011
-87.3848
-87.3684
-87.3521
-87.3358
-87.3195
-87.3031
-87.2868
-87.2705
-87.2542
-87.2379
-87.2216
-87.2053
-87.189
-87.1727
-87.1563
-87.14
-87.1237
-87.1073
-87.091
-87.0746
-87.0583
-87.042
-87.0256
-87.0093
-86.9929
-86.9766
-86.9603
-86.9439
-86.9276
-86.9112
-86.8948
-86.8784
-86.8621
-86.8457
-86.8292
-86.8128
-86.7964
-86.78
-86.7636
-86.7472
-86.7308
-86.7144
-86.6979
-86.6815
-86.665
-86.6486
-86.6321
-86.6156
-86.5991
-86.5825
-86.566
-86.5495
-86.533
-86.5164
-86.4999
-86.4833
-86.4668
-86.4502
-86.4336
-86.417
-86.4003
-86.3837
-86.367
-86.3503
-86.3336
-86.3169
-86.3002
-86.2835
-86.2667
-86.25
-86.2332
-86.2165
-86.1997
-86.1829
-86.166
-86.1491
-86.1322
-86.1153
-86.0983
-86.0814
-86.0644
-86.0474
-86.0304
-86.0134
-85.9964
-85.9793
-85.9622
-85.9451
-85.9279
-85.9107
-85.8935
-85.8763
-85.859
-85.8417
-85.8244
-85.807
-85.7896
-85.7722
-85.7548
-85.7374
-85.7199
-85.7024
-85.6848
-85.6672
-85.6495
-85.6318
-85.6141
-85.5963
-85.5785
-85.5607
-85.5428
-85.525
-85.507
-85.4891
-85.4711
-85.453
-85.4349
-85.4167
-85.3984
-85.3802
-85.3618
-85.3435
-85.325
-85.3066
-85.2881
-85.2695
-85.2509
-85.2323
-85.2136
-85.1948
-85.1759
-85.157
-85.138
-85.1189
-85.0998
-85.0806
-85.0614
-85.0421
-85.0228
-85.0034
-84.9839
-84.9643
-84.9446
-84.9248
-84.905
-84.8851
-84.8651
-84.845
-84.8249
-84.8046
-84.7843
-84.764
-84.7435
-84.7229
-84.7022
-84.6813
-84.6604
-84.6394
-84.6183
-84.597
-84.5757
-84.5543
-84.5328
-84.5111
-84.4894
-84.4674
-84.4454
-84.4232
-84.4009
-84.3784
-84.3559
-84.3331
-84.3103
-84.2873
-84.2642
-84.2409
-84.2175
-84.1938
-84.17
-84.146
-84.1219
-84.0976
-84.0731
-84.0484
-84.0236
-83.9986
-83.9733
-83.9478
-83.9221
-83.8962
-83.8701
-83.8437
-83.8172
-83.7904
-83.7633
-83.736
-83.7084
-83.6805
-83.6524
-83.624
-83.5952
-83.5663
-83.537
-83.5074
-83.4774
-83.4471
-83.4165
-83.3854
-83.3541
-83.3223
-83.2903
-83.2577
-83.2248
-83.1914
-83.1575
-83.1232
-83.0884
-83.0532
-83.0175
-82.9812
-82.9443
-82.9069
-82.8689
-82.8303
-82.7911
-82.7512
-82.7107
-82.6694
-82.6274
-82.5847
-82.5412
-82.4968
-82.4515
-82.4054
-82.3583
-82.3104
-82.2613
-82.2112
-82.1599
-82.1076
-82.054
-81.9991
-81.9428
-81.8852
-81.8261
-81.7654
-81.703
-81.639
-81.5731
-81.5053
-81.4354
-81.3633
-81.289
-81.2122
-81.1328
-81.0507
-80.9655
-80.8772
-80.7856
-80.6903
-80.5912
-80.4878
-80.3799
-80.2672
-80.1491
-80.0253
-79.8952
-79.7582
-79.6137
-79.4609
-79.299
-79.1269
-78.9435
-78.7476
-78.5373
-78.311
-78.0663
-77.8006
-77.5106
-77.1924
-76.8407
-76.4491
-76.0094
-75.5106
-74.9377
-74.2695
-73.4757
-72.5091
-71.2931
-69.6902
-67.4198
-63.78
-56.2619
-27.8567
40.7946
49.3704
45.2324
32.1782
11.4275
-3.78666
-14.8206
-25.6499
-35.3559
-53.5948
-87.3633
-94.0181
-94.6019
-94.6193
-94.459
-94.1954
-93.8738
-93.5365
-93.2162
-92.9315
-92.6895
-92.4898
-92.3283
-92.1994
-92.0976
-92.0178
-91.9558
-91.908
-91.8715
-91.844
-91.8236
-91.8089
-91.7986
-91.7917
-91.7875
-91.7854
-91.7849
-91.7856
-91.7872
-91.7894
-91.7921
-91.795
-91.7981
-91.8012
-91.8042
-91.8072
-91.8099
-91.8125
-91.8148
-91.8168
-91.8186
-91.82
-91.8212
-91.822
-91.8225
-91.8227
-91.8226
-91.8221
-91.8214
-91.8203
-91.8189
-91.8171
-91.8151
-91.8128
-91.8101
-91.8072
-91.804
-91.8005
-91.7968
-91.7927
-91.7884
-91.7838
-91.779
-91.7739
-91.7686
-91.763
-91.7573
-91.7512
-91.745
-91.7385
-91.7318
-91.7249
-91.7178
-91.7105
-91.703
-91.6953
-91.6874
-91.6793
-91.671
-91.6626
-91.654
-91.6452
-91.6362
-91.6271
-91.6178
-91.6084
-91.5988
-91.5891
-91.5792
-91.5692
-91.5591
-91.5488
-91.5383
-91.5277
-91.517
-91.5062
-91.4952
-91.4842
-91.473
-91.4616
-91.4502
-91.4387
-91.427
-91.4153
-91.4034
-91.3915
-91.3794
-91.3673
-91.3551
-91.3427
-91.3303
-91.3178
-91.3052
-91.2925
-91.2797
-91.2669
-91.2539
-91.2409
-91.2278
-91.2146
-91.2014
-91.1881
-91.1747
-91.1612
-91.1477
-91.1341
-91.1205
-91.1068
-91.0931
-91.0792
-91.0654
-91.0514
-91.0374
-91.0233
-91.0092
-90.995
-90.9808
-90.9665
-90.9522
-90.9378
-90.9234
-90.909
-90.8945
-90.8799
-90.8654
-90.8508
-90.8361
-90.8214
-90.8067
-90.7919
-90.777
-90.7622
-90.7473
-90.7323
-90.7173
-90.7023
-90.6873
-90.6722
-90.6572
-90.642
-90.6269
-90.6117
-90.5966
-90.5813
-90.5661
-90.5508
-90.5355
-90.5201
-90.5048
-90.4894
-90.474
-90.4585
-90.4431
-90.4276
-90.4121
-90.3966
-90.3811
-90.3656
-90.3501
-90.3345
-90.3189
-90.3033
-90.2876
-90.272
-90.2563
-90.2406
-90.2249
-90.2092
-90.1935
-90.1778
-90.1621
-90.1463
-90.1306
-90.1148
-90.0991
-90.0833
-90.0675
-90.0517
-90.0358
-90.02
-90.0042
-89.9883
-89.9724
-89.9566
-89.9407
-89.9248
-89.909
-89.8931
-89.8772
-89.8614
-89.8455
-89.8296
-89.8137
-89.7978
-89.7818
-89.7659
-89.75
-89.734
-89.7181
-89.7022
-89.6862
-89.6703
-89.6544
-89.6385
-89.6226
-89.6067
-89.5907
-89.5748
-89.5588
-89.5429
-89.5269
-89.511
-89.4951
-89.4791
-89.4632
-89.4472
-89.4313
-89.4154
-89.3995
-89.3836
-89.3677
-89.3518
-89.3359
-89.32
-89.304
-89.2881
-89.2722
-89.2563
-89.2404
-89.2245
-89.2086
-89.1927
-89.1769
-89.161
-89.1452
-89.1293
-89.1135
-89.0976
-89.0818
-89.0659
-89.0501
-89.0342
-89.0184
-89.0025
-88.9867
-88.9709
-88.9551
-88.9393
-88.9235
-88.9078
-88.892
-88.8763
-88.8605
-88.8448
-88.829
-88.8132
-88.7975
-88.7818
-88.766
-88.7503
-88.7346
-88.7189
-88.7032
-88.6875
-88.6719
-88.6562
-88.6406
-88.6249
-88.6093
-88.5937
-88.578
-88.5624
-88.5468
-88.5311
-88.5155
-88.4999
-88.4844
-88.4688
-88.4532
-88.4377
-88.4222
-88.4067
-88.3911
-88.3756
-88.3601
-88.3446
-88.3291
-88.3136
-88.2981
-88.2826
-88.2672
-88.2517
-88.2363
-88.2208
-88.2054
-88.19
-88.1746
-88.1593
-88.1439
-88.1285
-88.1131
-88.0977
-88.0824
-88.067
-88.0517
-88.0363
-88.021
-88.0057
-87.9904
-87.9751
-87.9598
-87.9445
-87.9293
-87.9141
-87.8988
-87.8836
-87.8683
-87.8531
-87.8379
-87.8226
-87.8074
-87.7922
-87.777
-87.7618
-87.7467
-87.7315
-87.7164
-87.7012
-87.6861
-87.671
-87.6559
-87.6408
-87.6257
-87.6106
-87.5955
-87.5804
-87.5653
-87.5502
-87.5351
-87.52
-87.505
-87.49
-87.4749
-87.4599
-87.4449
-87.4299
-87.4149
-87.3999
-87.3849
-87.3699
-87.3549
-87.34
-87.325
-87.31
-87.295
-87.2801
-87.2651
-87.2502
-87.2352
-87.2203
-87.2054
-87.1905
-87.1756
-87.1607
-87.1458
-87.1309
-87.116
-87.1011
-87.0862
-87.0713
-87.0564
-87.0415
-87.0266
-87.0118
-86.9969
-86.9821
-86.9672
-86.9524
-86.9376
-86.9227
-86.9079
-86.893
-86.8782
-86.8633
-86.8485
-86.8336
-86.8188
-86.8039
-86.7891
-86.7743
-86.7594
-86.7446
-86.7298
-86.715
-86.7002
-86.6854
-86.6706
-86.6557
-86.6409
-86.6261
-86.6112
-86.5964
-86.5815
-86.5667
-86.5518
-86.537
-86.5222
-86.5073
-86.4925
-86.4777
-86.4629
-86.448
-86.4332
-86.4183
-86.4034
-86.3886
-86.3737
-86.3588
-86.3439
-86.329
-86.3141
-86.2992
-86.2843
-86.2694
-86.2545
-86.2396
-86.2247
-86.2098
-86.1948
-86.1799
-86.1649
-86.1499
-86.1349
-86.1199
-86.1049
-86.0899
-86.0749
-86.0599
-86.0448
-86.0298
-86.0147
-85.9997
-85.9846
-85.9696
-85.9545
-85.9394
-85.9242
-85.9091
-85.8939
-85.8787
-85.8635
-85.8483
-85.833
-85.8178
-85.8025
-85.7873
-85.772
-85.7567
-85.7414
-85.7261
-85.7108
-85.6954
-85.68
-85.6645
-85.6491
-85.6336
-85.6181
-85.6026
-85.587
-85.5715
-85.5559
-85.5403
-85.5247
-85.5091
-85.4934
-85.4777
-85.462
-85.4462
-85.4304
-85.4146
-85.3987
-85.3828
-85.3669
-85.3509
-85.335
-85.319
-85.3029
-85.2869
-85.2708
-85.2547
-85.2385
-85.2223
-85.206
-85.1897
-85.1734
-85.157
-85.1405
-85.1241
-85.1075
-85.091
-85.0744
-85.0578
-85.0411
-85.0244
-85.0077
-84.9908
-84.974
-84.957
-84.94
-84.923
-84.9059
-84.8887
-84.8715
-84.8542
-84.8369
-84.8195
-84.8021
-84.7846
-84.7671
-84.7495
-84.7318
-84.714
-84.6962
-84.6783
-84.6603
-84.6422
-84.624

