-70
-67.8709
-65.0893
-60.2453
-46.8101
20.8305
48.6114
27.8154
-11.9908
-25.7816
-39.4269
-67.9926
-93.8421
-94.9196
-94.9645
-94.9451
-94.8949
-94.804
-94.6611
-94.4628
-94.2162
-93.9342
-93.6295
-93.3121
-92.9884
-92.6623
-92.3359
-92.01
-91.6852
-91.3615
-91.0389
-90.7173
-90.3966
-90.0767
-89.7574
-89.4385
-89.1201
-88.8018
-88.4837
-88.1655
-87.8471
-87.5284
-87.2092
-86.8894
-86.5687
-86.2469
-85.924
-85.5997
-85.2737
-84.9458
-84.6157
-84.2831
-83.9478
-83.6093
-83.2673
-82.9213
-82.5709
-82.2155
-81.8545
-81.4873
-81.113
-80.7308
-80.3396
-79.9383
-79.5255
-79.0994
-78.6582
-78.1996
-77.7205
-77.2175
-76.6861
-76.1204
-75.5129
-74.8534
-74.1278
-73.3157
-72.3862
-71.2894
-69.9381
-68.161
-65.5576
-60.8889
-47.7672
19.6709
49.0515
32.1366
-8.1158
-21.3667
-35.4265
-58.1724
-91.8593
-94.8616
-94.9667
-94.9558
-94.9153
-94.8382
-94.7119
-94.5302
-94.298
-94.0274
-93.7315
-93.421
-93.1029
-92.7816
-92.4596
-92.1379
-91.8172
-91.4976
-91.1792
-90.862
-90.5459
-90.2307
-89.9163
-89.6027
-89.2897
-88.9771
-88.6649
-88.353
-88.0411
-87.7293
-87.4172
-87.1048
-86.7919
-86.4783
-86.1639
-85.8484
-85.5317
-85.2135
-84.8936
-84.5718
-84.2476
-83.921
-83.5914
-83.2586
-82.9221
-82.5814
-82.2362
-81.8857
-81.5294
-81.1665
-80.7962
-80.4176
-80.0296
-79.6308
-79.2199
-78.795
-78.354
-77.8943
-77.4128
-76.9055
-76.3675
-75.7922
-75.1712
-74.4926
-73.7401
-72.8892
-71.9024
-70.717
-69.2177
-67.1635
-63.9286
-57.1898
-30.7029
42.3551
44.4422
13.8149
-11.3665
-24.5283
-38.2324
-65.1227
-93.7839
-94.9444
-94.9712
-94.9499
-94.9006
-94.8106
-94.6678
-94.4692
-94.2226
-93.9415
-93.6389
-93.3245
-93.0049
-92.6835
-92.3623
-92.0423
-91.7237
-91.4067
-91.0912
-90.7771
-90.4643
-90.1526
-89.842
-89.5322
-89.2232
-88.9149
-88.6071
-88.2996
-87.9924
-87.6852
-87.3781
-87.0707
-86.763
-86.4548
-86.1459
-85.8361
-85.5252
-85.213
-84.8992
-84.5837
-84.2662
-83.9462
-83.6236
-83.298
-82.969
-82.6362
-82.299
-81.957
-81.6095
-81.256
-80.8955
-80.5273
-80.1503
-79.7634
-79.3652
-78.9542
-78.5284
-78.0854
-77.6226
-77.1365
-76.6227
-76.0756
-75.4882
-74.8506
-74.1494
-73.3654
-72.4698
-71.4164
-70.126
-68.4455
-66.0291
-61.8642
-51.2388
3.43009
49.8127
42.3244
5.07236
-13.3053
-26.7081
-40.2059
-69.9433
-94.1767
-94.9513
-94.9672
-94.9399
-94.88
-94.7733
-94.6093
-94.3893
-94.1254
-93.8324
-93.5228
-93.2053
-92.885
-92.5645
-92.2451
-91.9274
-91.6114
-91.2972
-90.9847
-90.6736
-90.3639
-90.0554
-89.748
-89.4416
-89.136
-88.8312
-88.5269
-88.2231
-87.9196
-87.6164
-87.3131
-87.0098
-86.7062
-86.4021
-86.0975
-85.7921
-85.4857
-85.1781
-84.8691
-84.5584
-84.2458
-83.931
-83.6137
-83.2935
-82.9701
-82.643
-82.3118
-81.9759
-81.6349
-81.2881
-80.9346
-80.5738
-80.2046
-79.826
-79.4366
-79.035
-78.6194
-78.1876
-77.7371
-77.2647
-76.7664
-76.2372
-75.6706
-75.0578
-74.3871
-73.6419
-72.7974
-71.8156
-70.6324
-69.1306
-67.0625
-63.7813
-56.8476
-28.8843
42.3294
44.4245
13.694
-11.403
-24.5769
-38.2814
-65.2482
-93.7972
-94.9447
-94.9711
-94.9495
-94.8998
-94.8092
-94.6654
-94.4659
-94.2189
-93.9379
-93.636
-93.3229
-93.005
-92.6857
-92.367
-92.0498
-91.7342
-91.4205
-91.1086
-90.7982
-90.4895
-90.1821
-89.8759
-89.5709
-89.2669
-88.9638
-88.6614
-88.3596
-88.0583
-87.7573
-87.4566
-87.1559
-86.8551
-86.5541
-86.2526
-85.9506
-85.6477
-85.3439
-85.0389
-84.7325
-84.4243
-84.1143
-83.802
-83.4871
-83.1694
-82.8484
-82.5237
-82.1948
-81.8612
-81.5224
-81.1777
-80.8263
-80.4675
-80.1001
-79.7232
-79.3354
-78.9351
-78.5207
-78.0898
-77.6398
-77.1675
-76.6687
-76.1384
-75.5697
-74.9538
-74.2782
-73.5256
-72.6702
-71.6715
-70.4612
-68.9122
-66.7503
-63.2359
-55.4079
-20.6975
47.3613
44.3581
12.6823
-11.6409
-24.8754
-38.5585
-65.9457
-93.8671
-94.9459
-94.9705
-94.9478
-94.8958
-94.8011
-94.6514
-94.4451
-94.1918
-93.9061
-93.601
-93.2863
-92.9677
-92.6486
-92.3304
-92.014
-91.6995
-91.387
-91.0764
-90.7675
-90.4602
-90.1543
-89.8498
-89.5464
-89.2441
-88.9428
-88.6422
-88.3423
-88.043
-87.7441
-87.4454
-87.1469
-86.8484
-86.5497
-86.2507
-85.9511
-85.6508
-85.3497
-85.0474
-84.7438
-84.4386
-84.1315
-83.8224
-83.5108
-83.1965
-82.879
-82.558
-82.233
-81.9035
-81.5689
-81.2287
-80.882
-80.5282
-80.1663
-79.7951
-79.4135
-79.0201
-78.613
-78.1902
-77.7494
-77.2873
-76.8003
-76.2835
-75.7308
-75.1339
-74.482
-73.7595
-72.9438
-72.0001
-70.8715
-69.4554
-67.5427
-64.615
-58.8971
-39.4347
38.5437
45.4138
16.7121
-11.3335
-24.5814
-38.2609
-65.1698
-93.7744
-94.9404
-94.9707
-94.9511
-94.9043
-94.8187
-94.6822
-94.4907
-94.2509
-93.9755
-93.6776
-93.3672
-93.051
-92.733
-92.4154
-92.0991
-91.7846
-91.472
-91.1613
-90.8525
-90.5453
-90.2397
-89.9355
-89.6326
-89.3309
-89.0302
-88.7305
-88.4315
-88.1332
-87.8354
-87.538
-87.2408
-86.9437
-86.6466
-86.3492
-86.0514
-85.7531
-85.454
-85.1539
-84.8527
-84.55
-84.2456
-83.9393
-83.6308
-83.3197
-83.0057
-82.6884
-82.3674
-82.0422
-81.7122
-81.377
-81.0358
-80.6879
-80.3324
-79.9683
-79.5946
-79.2098
-78.8124
-78.4006
-77.9721
-77.5243
-77.0537
-76.5562
-76.0264
-75.4575
-74.8402
-74.1617
-73.4038
-72.5396
-71.5262
-70.291
-68.6966
-66.4413
-62.6824
-53.8363
-11.4099
49.4965
44.8629
12.5528
-12.0334
-25.4396
-39.0646
-67.2253
-93.9837
-94.9478
-94.9693
-94.9449
-94.8896
-94.7895
-94.6326
-94.4192
-94.16
-93.8702
-93.5628
-93.247
-92.9283
-92.6096
-92.2923
-91.977
-91.6638
-91.3527
-91.0437
-90.7365
-90.431
-90.1271
-89.8246
-89.5235
-89.2235
-88.9245
-88.6265
-88.3293
-88.0327
-87.7367
-87.4411
-87.1458
-86.8505
-86.5552
-86.2597
-85.9639
-85.6674
-85.3702
-85.0721
-84.7728
-84.472
-84.1697
-83.8653
-83.5588
-83.2497
-82.9378
-82.6225
-82.3035
-81.9804
-81.6525
-81.3193
-80.9802
-80.6344
-80.281
-79.919
-79.5473
-79.1646
-78.7693
-78.3596
-77.9332
-77.4874
-77.0189
-76.5234
-75.9957
-75.4288
-74.8134
-74.1367
-73.3806
-72.518
-71.5058
-70.2713
-68.6764
-66.4176
-62.6457
-53.7346
-10.8215
49.5365
44.879
12.4869
-12.0659
-25.4844
-39.1059
-67.3322
-93.9924
-94.9479
-94.9691
-94.9445
-94.889
-94.7883
-94.631
-94.417
-94.1575
-93.8675
-93.5601
-93.2444
-92.9259
-92.6074
-92.2905
-91.9756
-91.6629
-91.3524
-91.0439
-90.7374
-90.4327
-90.1296
-89.828
-89.5278
-89.2288
-88.9309
-88.6341
-88.3381
-88.0428
-87.7481
-87.4539
-87.1601
-86.8664
-86.5727
-86.2789
-85.9848
-85.6903
-85.395
-85.0989
-84.8017
-84.5032
-84.2031
-83.9012
-83.5972
-83.2908
-82.9816
-82.6692
-82.3534
-82.0335
-81.709
-81.3795
-81.0443
-80.7026
-80.3537
-79.9965
-79.63
-79.253
-78.8639
-78.4611
-78.0423
-77.6051
-77.1464
-76.6622
-76.1477
-75.5964
-75.0001
-74.3471
-73.6214
-72.7993
-71.8441
-70.6951
-69.2417
-67.254
-64.1451
-57.7956
-33.9803
41.8203
44.5944
14.3254
-11.323
-24.4868
-38.1881
-65.008
-93.7704
-94.9436
-94.9711
-94.9503
-94.9018
-94.8134
-94.6729
-94.477
-94.2332
-93.9549
-93.655
-93.3435
-93.027
-92.7093
-92.3923
-92.0769
-91.7637
-91.4526
-91.1436
-90.8366
-90.5315
-90.2282
-89.9265
-89.6263
-89.3275
-89.0298
-88.7333
-88.4378
-88.143
-87.849
-87.5556
-87.2626
-86.9699
-86.6773
-86.3847
-86.0919
-85.7988
-85.5051
-85.2106
-84.9153
-84.6187
-84.3208
-84.0212
-83.7196
-83.4158
-83.1095
-82.8002
-82.4877
-82.1714
-81.8509
-81.5256
-81.195
-80.8583
-80.5149
-80.1638
-79.804
-79.4344
-79.0537
-78.6601
-78.2519
-77.8267
-77.3818
-76.9138
-76.4182
-75.8898
-75.3211
-74.7027
-74.0213
-73.2578
-72.3836
-71.3534
-70.0888
-68.4397
-66.0678
-61.9907
-51.7023
0.863156
49.8121
43.0999
6.91116
-12.8321
-26.2142
-39.6564
-68.6923
-94.0933
-94.9492
-94.9675
-94.9409
-94.8819
-94.7763
-94.6133
-94.3943
-94.1311
-93.8388
-93.5302
-93.2141
-92.8956
-92.5774
-92.2609
-91.9467
-91.6347
-91.3251
-91.0176
-90.7122
-90.4087
-90.1069
-89.8067
-89.508
-89.2107
-88.9146
-88.6196
-88.3256
-88.0324
-87.74
-87.4481
-87.1567
-86.8655
-86.5745
-86.2835
-85.9923
-85.7007
-85.4086
-85.1158
-84.822
-84.527
-84.2306
-83.9326
-83.6326
-83.3304
-83.0256
-82.7179
-82.4069
-82.0921
-81.773
-81.4492
-81.1199
-80.7846
-80.4425
-80.0926
-79.734
-79.3655
-78.9857
-78.593
-78.1855
-77.7609
-77.3163
-76.8482
-76.3523
-75.823
-75.2529
-74.6322
-73.9473
-73.1784
-72.2962
-71.2533
-69.9679
-68.281
-65.8291
-61.5276
-50.1496
9.00905
49.7413
39.8981
0.482832
-15.1762
-28.7704
-43.9065
-77.5824
-94.5103
-94.9598
-94.9648
-94.9337
-94.869
-94.7565
-94.587
-94.3633
-94.0976
-93.8046
-93.4963
-93.1809
-92.8632
-92.546
-92.2303
-91.9168
-91.6056
-91.2967
-90.9899
-90.6852
-90.3825
-90.0815
-89.7822
-89.4844
-89.188
-88.8929
-88.5989
-88.3059
-88.0139
-87.7226
-87.432
-87.1418
-86.852
-86.5623
-86.2727
-85.983
-85.693
-85.4024
-85.1112
-84.8191
-84.5259
-84.2314
-83.9353
-83.6373
-83.3371
-83.0344
-82.7289
-82.4202
-82.1078
-81.7913
-81.4701
-81.1436
-80.8113
-80.4722
-80.1257
-79.7706
-79.4059
-79.0302
-78.642
-78.2394
-77.8202
-77.3816
-76.9204
-76.4323
-75.9121
-75.3527
-74.745
-74.0762
-73.3282
-72.4739
-71.4704
-70.2452
-68.6607
-66.4142
-62.6603
-53.7916
-11.145
49.5126
44.8631
12.5
-12.05
-25.462
-39.0856
-67.2805
-93.9883
-94.9478
-94.9691
-94.9445
-94.8888
-94.7881
-94.6306
-94.4164
-94.1567
-93.8666
-93.5592
-93.2436
-92.9255
-92.6076
-92.2915
-91.9776
-91.6662
-91.3573
-91.0506
-90.7462
-90.4437
-90.1431
-89.8443
-89.5471
-89.2514
-88.957
-88.6639
-88.3719
-88.0808
-87.7906
-87.5011
-87.2122
-86.9238
-86.6356
-86.3475
-86.0594
-85.7711
-85.4824
-85.1932
-84.9032
-84.6122
-84.32
-84.0263
-83.7309
-83.4336
-83.1339
-82.8315
-82.5262
-82.2174
-81.9047
-81.5877
-81.2657
-80.9382
-80.6044
-80.2635
-79.9147
-79.5568
-79.1886
-78.8088
-78.4156
-78.0069
-77.5804
-77.133
-76.661
-76.1598
-75.6232
-75.0434
-74.4095
-73.7065
-72.9125
-71.9938
-70.8956
-69.5202
-67.6696
-64.8622
-59.4947
-42.1475
34.8594
46.2252
19.236
-11.3944
-24.7329
-38.3861
-65.4455
-93.7682
-94.9352
-94.9699
-94.9513
-94.9052
-94.8208
-94.686
-94.4965
-94.2585
-93.9845
-93.6878
-93.3785
-93.0635
-92.7469
-92.4309
-92.1166
-91.8045
-91.4947
-91.1872
-90.8819
-90.5787
-90.2776
-89.9783
-89.6807
-89.3847
-89.0902
-88.797
-88.5051
-88.2142
-87.9243
-87.6352
-87.3468
-87.0589
-86.7715
-86.4843
-86.1971
-85.91
-85.6225
-85.3347
-85.0462
-84.7569
-84.4665
-84.1749
-83.8817
-83.5867
-83.2896
-82.9901
-82.6879
-82.3825
-82.0735
-81.7605
-81.4429
-81.1202
-80.7917
-80.4567
-80.1144
-79.7637
-79.4035
-79.0326
-78.6495
-78.2523
-77.8389
-77.4067
-76.9524
-76.472
-75.9604
-75.411
-74.8149
-74.1601
-73.4294
-72.5975
-71.625
-70.4453
-68.9351
-66.8308
-63.4294
-55.9765
-23.9601
44.9907
44.3209
13.0805
-11.5084
-24.7032
-38.4011
-65.5506
-93.8281
-94.9453
-94.9707
-94.9483
-94.8971
-94.8038
-94.6561
-94.4523
-94.2014
-93.9177
-93.6144
-93.3012
-92.9842
-92.6667
-92.3507
-92.0368
-91.7254
-91.4165
-91.11
-90.8058
-90.5038
-90.2038
-89.9057
-89.6093
-89.3146
-89.0213
-88.7295
-88.4388
-88.1493
-87.8608
-87.5731
-87.2861
-86.9996
-86.7137
-86.4279
-86.1423
-85.8567
-85.5708
-85.2845
-84.9976
-84.71
-84.4213
-84.1313
-83.8398
-83.5466
-83.2513
-82.9536
-82.6532
-82.3497
-82.0426
-81.7315
-81.416
-81.0953
-80.7689
-80.436
-80.0959
-79.7475
-79.3897
-79.0213
-78.6408
-78.2463
-77.8358
-77.4067
-76.9557
-76.479
-75.9714
-75.4266
-74.8357
-74.187
-73.4638
-72.6415
-71.6818
-70.5206
-69.04
-66.9908
-63.7201
-56.7554
-28.3881
42.2667
44.4368
13.7444
-11.3972
-24.5719
-38.2771
-65.238
-93.7964
-94.9447
-94.9709
-94.9492
-94.8991
-94.8079
-94.6634
-94.4631
-94.2154
-93.9341
-93.6324
-93.3201
-93.0036
-92.6865
-92.3706
-92.0568
-91.7456
-91.4368
-91.1306
-90.8267
-90.5251
-90.2255
-89.9279
-89.6322
-89.3381
-89.0456
-88.7545
-88.4647
-88.1761
-87.8886
-87.6019
-87.3161
-87.0308
-86.7461
-86.4617
-86.1775
-85.8934
-85.609
-85.3244
-85.0392
-84.7534
-84.4666
-84.1786
-83.8893
-83.5983
-83.3053
-83.0101
-82.7123
-82.4115
-82.1073
-81.7994
-81.4871
-81.17
-80.8474
-80.5187
-80.1829
-79.8393
-79.4867
-79.124
-78.7498
-78.3624
-77.9597
-77.5394
-77.0986
-76.6335
-76.1396
-75.611
-75.04
-74.4159
-73.7242
-72.9436
-72.0418
-70.9663
-69.624
-67.8293
-65.1382
-60.12
-44.8399
29.1024
47.4579
23.7311
-11.1927
-24.5632
-38.2602
-65.0697
-93.6139
-94.9213
-94.9687
-94.952
-94.9072
-94.8249
-94.6926
-94.5058
-94.2702
-93.9982
-93.703
-93.3949
-93.0809
-92.7652
-92.4501
-92.1366
-91.8255
-91.5168
-91.2105
-90.9065
-90.6049
-90.3053
-90.0078
-89.7122
-89.4183
-89.1261
-88.8354
-88.546
-88.2579
-87.971
-87.685
-87.3999
-87.1155
-86.8317
-86.5484
-86.2653
-85.9823
-85.6993
-85.4161
-85.1325
-84.8483
-84.5633
-84.2772
-83.9899
-83.7011
-83.4105
-83.1178
-82.8227
-82.5249
-82.2239
-81.9193
-81.6108
-81.2976
-80.9793
-80.6553
-80.3246
-79.9866
-79.6403
-79.2845
-78.9179
-78.539
-78.1459
-77.7366
-77.3083
-76.8578
-76.3811
-75.8729
-75.3265
-74.733
-74.0802
-73.3506
-72.5184
-71.5431
-70.3564
-68.8309
-66.692
-63.1959
-55.3543
-20.3555
47.5169
44.3713
12.6927
-11.644
-24.8813
-38.5635
-65.9588
-93.8689
-94.9459
-94.9703
-94.9473
-94.8949
-94.7993
-94.6486
-94.4414
-94.1877
-93.9018
-93.5973
-93.2836
-92.9666
-92.6497
-92.3344
-92.0215
-91.7113
-91.4038
-91.0989
-90.7964
-90.4963
-90.1984
-89.9025
-89.6085
-89.3163
-89.0257
-88.7367
-88.4491
-88.1627
-87.8775
-87.5933
-87.3099
-87.0273
-86.7453
-86.4638
-86.1825
-85.9014
-85.6202
-85.3389
-85.0571
-84.7748
-84.4916
-84.2075
-83.9221
-83.6352
-83.3465
-83.0557
-82.7626
-82.4667
-82.1676
-81.8651
-81.5585
-81.2473
-80.931
-80.6089
-80.2803
-79.9444
-79.6001
-79.2463
-78.8818
-78.505
-78.1141
-77.7069
-77.2808
-76.8326
-76.3581
-75.8523
-75.3083
-74.7174
-74.0673
-73.3406
-72.5117
-71.5401
-70.358
-68.8389
-66.7103
-63.2367
-55.4769
-21.0871
47.128
44.3356
12.6989
-11.6213
-24.8488
-38.5343
-65.885
-93.8614
-94.9457
-94.9703
-94.9475
-94.8952
-94.8
-94.6498
-94.4432
-94.19
-93.9047
-93.6005
-93.2872
-92.9705
-92.6538
-92.3389
-92.0265
-91.7167
-91.4097
-91.1053
-90.8035
-90.5041
-90.2069
-89.9118
-89.6187
-89.3274
-89.0378
-88.7499
-88.4634
-88.1782
-87.8942
-87.6113
-87.3293
-87.0482
-86.7677
-86.4877
-86.2081
-85.9287
-85.6493
-85.3698
-85.09
-84.8096
-84.5286
-84.2467
-83.9636
-83.6791
-83.3929
-83.1048
-82.8144
-82.5215
-82.2255
-81.9261
-81.623
-81.3154
-81.003
-80.6851
-80.3609
-80.0297
-79.6906
-79.3425
-78.9841
-78.614
-78.2306
-77.8318
-77.4151
-76.9776
-76.5156
-76.0243
-75.4978
-74.9279
-74.3039
-73.6107
-72.8264
-71.9171
-70.8277
-69.4597
-67.6136
-64.8017
-59.3922
-41.7067
35.5326
46.0747
18.7626
-11.3783
-24.699
-38.3569
-65.3788
-93.7674
-94.9358
-94.9699
-94.9511
-94.9048
-94.8201
-94.6848
-94.4946
-94.256
-93.9817
-93.6849
-93.3758
-93.0614
-92.7458
-92.4311
-92.1184
-91.8083
-91.5009
-91.1962
-90.894
-90.5943
-90.297
-90.0018
-89.7087
-89.4175
-89.1281
-88.8404
-88.5543
-88.2696
-87.9861
-87.7038
-87.4226
-87.1423
-86.8627
-86.5837
-86.3052
-86.027
-85.7489
-85.4708
-85.1926
-84.9139
-84.6346
-84.3546
-84.0736
-83.7913
-83.5075
-83.2219
-82.9343
-82.6443
-82.3515
-82.0555
-81.756
-81.4525
-81.1444
-80.8312
-80.5121
-80.1865
-79.8535
-79.5121
-79.1613
-78.7996
-78.4255
-78.0373
-77.6327
-77.2091
-76.7632
-76.2909
-75.787
-75.2446
-74.6548
-74.005
-73.2778
-72.4468
-71.4709
-70.2802
-68.744
-66.5783
-63.0054
-54.8315
-17.2783
48.625
44.5315
12.621
-11.7733
-25.0653
-38.7302
-66.3784
-93.9091
-94.9466
-94.9699
-94.9464
-94.8927
-94.7953
-94.6419
-94.4321
-94.1761
-93.8889
-93.5836
-93.2698
-92.9532
-92.637
-92.3228
-92.0112
-91.7025
-91.3966
-91.0935
-90.7931
-90.4951
-90.1995
-89.9061
-89.6147
-89.3253
-89.0377
-88.7518
-88.4675
-88.1846
-87.903
-87.6226
-87.3432
-87.0647
-86.787
-86.51
-86.2334
-85.9571
-85.681
-85.4049
-85.1286
-84.852
-84.5748
-84.2968
-84.0179
-83.7377
-83.456
-83.1726
-82.8871
-82.5993
-82.3087
-82.015
-81.7178
-81.4166
-81.1109
-80.8
-80.4835
-80.1604
-79.83
-79.4913
-79.1431
-78.7843
-78.4132
-78.0281
-77.6268
-77.2067
-76.7645
-76.2963
-75.7968
-75.2595
-74.6754
-74.0325
-73.3135
-72.493
-71.5311
-70.3607
-68.857
-66.7524
-63.3287
-55.7415
-22.6047
46.1287
44.3001
12.8339
-11.5623
-24.7697
-38.4622
-65.7037
-93.8434
-94.9454
-94.9704
-94.9478
-94.8959
-94.8015
-94.6525
-94.4473
-94.1953
-93.9111
-93.6079
-93.2954
-92.9795
-92.6637
-92.3497
-92.0384
-91.7299
-91.4243
-91.1215
-90.8214
-90.5239
-90.2288
-89.9361
-89.6454
-89.3568
-89.07
-88.7851
-88.5017
-88.2199
-87.9394
-87.6602
-87.3821
-87.1049
-86.8287
-86.5531
-86.2781
-86.0035
-85.7291
-85.4548
-85.1804
-84.9058
-84.6307
-84.3549
-84.0783
-83.8005
-83.5214
-83.2406
-82.958
-82.6731
-82.3857
-82.0953
-81.8017
-81.5042
-81.2025
-80.896
-80.584
-80.2659
-79.9408
-79.6079
-79.2662
-78.9144
-78.551
-78.1745
-77.7829
-77.3738
-76.9441
-76.4904
-76.008
-75.4911
-74.9318
-74.3198
-73.6406
-72.8729
-71.9847
-70.9237
-69.5977
-67.8224
-65.1589
-60.1957
-45.1505
28.2067
47.6354
24.4772
-11.0877
-24.4391
-38.1617
-64.8184
-93.5564
-94.9179
-94.9684
-94.952
-94.9075
-94.8253
-94.6934
-94.5068
-94.2716
-94.0002
-93.7056
-93.3984
-93.0856
-92.7713
-92.458
-92.1467
-91.838
-91.5321
-91.229
-90.9286
-90.6308
-90.3355
-90.0425
-89.7518
-89.4631
-89.1765
-88.8917
-88.6086
-88.3271
-88.047
-87.7683
-87.4908
-87.2144
-86.939
-86.6643
-86.3903
-86.1168
-85.8437
-85.5707
-85.2978
-85.0248
-84.7514
-84.4775
-84.2028
-83.9272
-83.6505
-83.3722
-83.0923
-82.8103
-82.5261
-82.2391
-81.9491
-81.6556
-81.3582
-81.0563
-80.7494
-80.4369
-80.1179
-79.7917
-79.4574
-79.1137
-78.7596
-78.3933
-78.0133
-77.6174
-77.203
-76.7669
-76.3053
-75.8131
-75.2839
-74.7092
-74.0772
-73.3714
-72.5676
-71.6279
-70.4892
-69.0359
-67.0243
-63.8199
-57.0457
-29.9338
42.2923
44.4348
13.8187
-11.3609
-24.5221
-38.2272
-65.1106
-93.7828
-94.9443
-94.9709
-94.9494
-94.8996
-94.8091
-94.6655
-94.4663
-94.2198
-93.9396
-93.639
-93.328
-93.0131
-92.6978
-92.3843
-92.0733
-91.7652
-91.4601
-91.158
-90.8587
-90.5621
-90.268
-89.9764
-89.687
-89.3998
-89.1146
-88.8312
-88.5496
-88.2697
-87.9912
-87.7141
-87.4383
-87.1635
-86.8897
-86.6168
-86.3445
-86.0728
-85.8014
-85.5303
-85.2593
-84.9881
-84.7167
-84.4447
-84.172
-83.8984
-83.6237
-83.3476
-83.0698
-82.79
-82.508
-82.2233
-81.9356
-81.6446
-81.3497
-81.0504
-80.7461
-80.4363
-80.1202
-79.7971
-79.4659
-79.1256
-78.7749
-78.4125
-78.0365
-77.645
-77.2354
-76.8047
-76.3491
-75.8638
-75.3425
-74.7771
-74.1565
-73.465
-72.6797
-71.7654
-70.664
-69.2706
-67.3694
-64.4202
-58.5345
-37.6773
39.9449
45.068
15.7276
-11.3022
-24.5073
-38.1983
-65.0226
-93.7643
-94.9412
-94.9706
-94.9505
-94.9029
-94.816
-94.6777
-94.4843
-94.2428
-93.9664
-93.6683
-93.3589
-93.0448
-92.73
-92.4166
-92.1058
-91.7979
-91.493
-91.191
-90.892
-90.5958
-90.3021
-90.011
-89.7222
-89.4355
-89.151
-88.8684
-88.5877
-88.3086
-88.0311
-87.755
-87.4802
-87.2066
-86.934
-86.6623
-86.3914
-86.1211
-85.8513
-85.5817
-85.3123
-85.0429
-84.7733
-84.5032
-84.2326
-83.9611
-83.6886
-83.4149
-83.1395
-82.8624
-82.5831
-82.3014
-82.0169
-81.7291
-81.4377
-81.1421
-80.8419
-80.5365
-80.2251
-79.9069
-79.5812
-79.247
-78.9029
-78.5478
-78.18
-77.7976
-77.3984
-76.9795
-76.5376
-76.0683
-75.5662
-75.024
-74.4321
-73.7772
-73.0401
-72.1923
-71.1879
-69.9479
-68.3204
-65.961
-61.8615
-51.3247
2.86166
49.8111
42.4976
5.50822
-13.173
-26.5654
-39.9727
-69.4205
-94.1437
-94.9504
-94.967
-94.9397
-94.8796
-94.7726
-94.608
-94.3878
-94.1238
-93.8316
-93.5238
-93.2094
-92.8934
-92.5787
-92.2666
-91.9575
-91.6517
-91.3491
-91.0494
-90.7527
-90.4588
-90.1674
-89.8785
-89.5919
-89.3076
-89.0253
-88.7449
-88.4663
-88.1894
-87.9141
-87.6402
-87.3676
-87.0962
-86.8259
-86.5564
-86.2877
-86.0196
-85.7519
-85.4846
-85.2174
-84.9502
-84.6828
-84.4149
-84.1465
-83.8773
-83.607
-83.3354
-83.0623
-82.7874
-82.5103
-82.2308
-81.9484
-81.6628
-81.3736
-81.0803
-80.7823
-80.479
-80.1698
-79.8538
-79.5303
-79.1982
-78.8564
-78.5034
-78.1378
-77.7576
-77.3605
-76.9438
-76.504
-76.0368
-75.5368
-74.9967
-74.4068
-73.7538
-73.0187
-72.1725
-71.1696
-69.9306
-68.3028
-65.9403
-61.8271
-51.2089
3.46681
49.8088
42.283
5.01136
-13.3205
-26.7242
-40.2334
-70.0067
-94.1809
-94.9513
-94.9668
-94.9392
-94.8786
-94.771
-94.606
-94.3854
-94.1214
-93.8292
-93.5217
-93.2076
-92.8921
-92.5779
-92.2663
-91.9578
-91.6526
-91.3507
-91.0518
-90.756
-90.4629
-90.1725
-89.8846
-89.5991
-89.3158
-89.0347
-88.7555
-88.4783
-88.2027
-87.9288
-87.6564
-87.3854
-87.1156
-86.8468
-86.5791
-86.3122
-86.0459
-85.7802
-85.5149
-85.2498
-84.9847
-84.7195
-84.454
-84.1879
-83.9212
-83.6535
-83.3846
-83.1144
-82.8424
-82.5684
-82.2922
-82.0132
-81.7312
-81.4458
-81.1565
-80.8627
-80.564
-80.2596
-79.9489
-79.631
-79.305
-78.9698
-78.6241
-78.2665
-77.8952
-77.5081
-77.1027
-76.6758
-76.2237
-75.7413
-75.2224
-74.6584
-74.038
-73.3449
-72.5553
-71.6323
-70.5148
-69.0906
-67.1261
-64.0205
-57.5729
-32.7411
42.0168
44.5116
14.0923
-11.3301
-24.4883
-38.1911
-65.017
-93.7716
-94.9435
-94.9709
-94.9497
-94.9007
-94.8114
-94.6697
-94.4726
-94.2281
-93.9496
-93.6506
-93.3409
-93.0273
-92.7134
-92.4014
-92.0921
-91.786
-91.4831
-91.1834
-90.8867
-90.593
-90.3021
-90.0138
-89.7281
-89.4447
-89.1635
-88.8845
-88.6074
-88.3322
-88.0587
-87.7868
-87.5163
-87.2473
-86.9794
-86.7126
-86.4467
-86.1816
-85.9172
-85.6533
-85.3897
-85.1263
-84.8629
-84.5994
-84.3355
-84.071
-83.8058
-83.5396
-83.2722
-83.0033
-82.7326
-82.4599
-82.1847
-81.9069
-81.626
-81.3415
-81.053
-80.7599
-80.4618
-80.1578
-79.8474
-79.5296
-79.2035
-78.868
-78.5217
-78.1631
-77.7905
-77.4016
-76.9938
-76.564
-76.1079
-75.6204
-75.0949
-74.5223
-73.8905
-73.1819
-72.3708
-71.4165
-70.2505
-68.7446
-66.6217
-63.1289
-55.2149
-19.4999
47.8834
44.4024
12.645
-11.6784
-24.9289
-38.6066
-66.0676
-93.8796
-94.946
-94.9701
-94.9469
-94.8939
-94.7976
-94.646
-94.4382
-94.1844
-93.8993
-93.5962
-93.2846
-92.9704
-92.6569
-92.3457
-92.0376
-91.7327
-91.4312
-91.1328
-90.8376
-90.5453
-90.2558
-89.9689
-89.6846
-89.4027
-89.123
-88.8455
-88.57
-88.2963
-88.0244
-87.7542
-87.4854
-87.218
-86.9518
-86.6868
-86.4227
-86.1594
-85.8969
-85.6348
-85.3732
-85.1118
-84.8504
-84.5889
-84.3271
-84.0648
-83.8018
-83.5379
-83.2728
-83.0062
-82.738
-82.4678
-82.1953
-81.9202
-81.6421
-81.3605
-81.0751
-80.7852
-80.4904
-80.19
-79.8833
-79.5695
-79.2476
-78.9166
-78.5752
-78.222
-77.8552
-77.4727
-77.0722
-76.6504
-76.2035
-75.7268
-75.214
-74.6567
-74.0438
-73.3594
-72.5804
-71.6707
-70.5712
-69.1741
-67.257
-64.2564
-58.1645
-35.804
41.0272
44.7884
14.9209
-11.3
-24.4765
-38.1743
-64.9693
-93.7629
-94.9423
-94.9708
-94.9502
-94.902
-94.8143
-94.6747
-94.48
-94.2376
-93.9609
-93.663
-93.3543
-93.0414
-92.7282
-92.4169
-92.1083
-91.803
-91.5011
-91.2024
-90.9069
-90.6145
-90.3249
-90.0381
-89.754
-89.4723
-89.1929
-88.9158
-88.6407
-88.3676
-88.0963
-87.8268
-87.5588
-87.2922
-87.027
-86.763
-86.5
-86.238
-85.9767
-85.716
-85.4558
-85.196
-84.9362
-84.6765
-84.4165
-84.1562
-83.8953
-83.6336
-83.3708
-83.1068
-82.8413
-82.574
-82.3045
-82.0327
-81.758
-81.4801
-81.1987
-80.9131
-80.623
-80.3276
-80.0263
-79.7184
-79.4031
-79.0792
-78.7458
-78.4014
-78.0444
-77.6731
-77.2853
-76.8781
-76.4482
-75.9915
-75.5025
-74.9744
-74.3976
-73.7594
-73.0414
-72.2159
-71.2394
-70.0372
-68.4671
-66.2131
-62.3767
-52.9959
-6.49696
49.7157
44.5162
11.0267
-12.219
-25.631
-39.2319
-67.6567
-94.017
-94.9479
-94.9683
-94.9427
-94.8852
-94.7819
-94.6217
-94.4054
-94.1448
-93.8551
-93.5494
-93.2368
-92.9226
-92.6097
-92.2996
-91.9929
-91.6896
-91.3897
-91.0932
-90.7999
-90.5096
-90.2221
-89.9374
-89.6554
-89.3758
-89.0985
-88.8234
-88.5504
-88.2794
-88.0102
-87.7427
-87.4769
-87.2124
-86.9493
-86.6874
-86.4266
-86.1667
-85.9075
-85.649
-85.391
-85.1334
-84.8759
-84.6183
-84.3607
-84.1026
-83.844
-83.5846
-83.3241
-83.0625
-82.7993
-82.5344
-82.2674
-81.998
-81.7258
-81.4505
-81.1717
-80.8888
-80.6014
-80.3088
-80.0104
-79.7055
-79.3932
-79.0725
-78.7424
-78.4015
-78.0482
-77.6809
-77.2972
-76.8946
-76.4697
-76.0186
-75.5359
-75.015
-74.4467
-73.8188
-73.1135
-72.3048
-71.3513
-70.1833
-68.6698
-66.5258
-62.9693
-54.7704
-16.8747
48.7127
44.5406
12.5718
-11.7948
-25.0943
-38.7566
-66.4455
-93.9153
-94.9466
-94.9697
-94.946
-94.892
-94.794
-94.6403
-94.4305
-94.1752
-93.8893
-93.5861
-93.2749
-92.9616
-92.6492
-92.3394
-92.0328
-91.7297
-91.43
-91.1338
-90.8408
-90.5509
-90.264
-89.9799
-89.6984
-89.4195
-89.143
-88.8688
-88.5967
-88.3267
-88.0585
-87.7922
-87.5275
-87.2643
-87.0025
-86.742
-86.4826
-86.2243
-85.9668
-85.71
-85.4537
-85.1979
-84.9424
-84.6869
-84.4314
-84.1756
-83.9193
-83.6624
-83.4046
-83.1456
-82.8854
-82.6235
-82.3597
-82.0937
-81.8252
-81.5537
-81.2789
-81.0003
-80.7175
-80.4299
-80.1369
-79.8378
-79.5318
-79.218
-78.8955
-78.5629
-78.2189
-77.8619
-77.4898
-77.1005
-76.6908
-76.2574
-75.7956
-75.2996
-74.762
-74.1722
-73.5161
-72.773
-71.9114
-70.8803
-69.59
-67.8623
-65.2758
-60.4958
-46.3454
24.5249
48.3235
27.7274
-10.2827
-23.4377
-37.3232
-62.739
-93.1304
-94.8995
-94.9675
-94.9531
-94.9098
-94.8294
-94.6995
-94.515
-94.2819
-94.0125
-93.7201
-93.4154
-93.1054
-92.7945
-92.485
-92.178
-91.8743
-91.5738
-91.2767
-90.9828
-90.6921
-90.4043
-90.1195
-89.8375
-89.5581
-89.2812
-89.0066
-88.7344
-88.4642
-88.196
-87.9298
-87.6653
-87.4024
-87.141
-86.881
-86.6222
-86.3646
-86.1079
-85.852
-85.5969
-85.3422
-85.088
-84.834
-84.5801
-84.326
-84.0717
-83.8168
-83.5612
-83.3048
-83.0471
-82.7881
-82.5274
-82.2648
-81.9998
-81.7323
-81.4617
-81.1878
-80.9101
-80.628
-80.341
-80.0484
-79.7496
-79.4438
-79.1301
-78.8073
-78.4743
-78.1297
-77.7717
-77.3983
-77.0071
-76.5951
-76.1586
-75.6927
-75.1916
-74.6471
-74.0485
-73.3804
-72.6208
-71.7355
-70.6685
-69.3197
-67.4846
-64.6599
-59.1325
-40.4602
37.1672
45.7021
17.6214
-11.3384
-24.6139
-38.2847
-65.2142
-93.7639
-94.9375
-94.9701
-94.9509
-94.9041
-94.8188
-94.6826
-94.4917
-94.2529
-93.9791
-93.6836
-93.3768
-93.0655
-92.7539
-92.4441
-92.1373
-91.8338
-91.5338
-91.2373
-90.9442
-90.6544
-90.3676
-90.0838
-89.8028
-89.5245
-89.2487
-88.9754
-88.7043
-88.4354
-88.1685
-87.9036
-87.6404
-87.3789
-87.1189
-86.8603
-86.603
-86.3468
-86.0916
-85.8373
-85.5837
-85.3307
-85.0781
-84.8258
-84.5736
-84.3213
-84.0687
-83.8157
-83.562
-83.3074
-83.0518
-82.7948
-82.5362
-82.2757
-82.013
-81.7478
-81.4797
-81.2083
-80.9331
-80.6538
-80.3697
-80.0802
-79.7846
-79.4822
-79.1721
-78.8533
-78.5246
-78.1846
-77.8316
-77.4639
-77.0789
-76.6739
-76.2454
-75.7889
-75.2988
-74.7675
-74.185
-73.5374
-72.8045
-71.9557
-70.942
-69.6773
-67.9924
-65.4929
-60.9603
-48.1379
17.9628
49.2288
33.6251
-6.9097
-20.3136
-34.3685
-55.6837
-90.7713
-94.8338
-94.9661
-94.957
-94.9176
-94.8422
-94.7176
-94.5378
-94.3079
-94.0404
-93.749
-93.4447
-93.135
-92.8244
-92.5152
-92.2087
-91.9055
-91.6057
-91.3094
-91.0164
-90.7267
-90.4402
-90.1566
-89.8759
-89.5979
-89.3225
-89.0497
-88.7791
-88.5108
-88.2446
-87.9804
-87.718
-87.4574
-87.1984
-86.9409
-86.6847
-86.4298
-86.1759
-85.923
-85.6709
-85.4195
-85.1686
-84.9181
-84.6678
-84.4175
-84.1671
-83.9163
-83.665
-83.4131
-83.1601
-82.906
-82.6505
-82.3932
-82.134
-81.8725
-81.6083
-81.3411
-81.0705
-80.796
-80.5171
-80.2333
-79.9439
-79.6482
-79.3454
-79.0346
-78.7148
-78.3846
-78.0426
-77.6872
-77.3163
-76.9274
-76.5175
-76.0828
-75.6185
-75.1185
-74.5746
-73.9757
-73.3063
-72.5436
-71.6525
-70.5752
-69.2071
-67.3335
-64.416
-58.5708
-37.7744
39.7929
45.0911
15.8035
-11.3007
-24.5076
-38.1977
-65.0203
-93.7623
-94.9407
-94.9705
-94.9505
-94.9029
-94.8161
-94.6781
-94.4851
-94.2445
-93.9694
-93.6732
-93.3661
-93.055
-92.7438
-92.4347
-92.1287
-91.8262
-91.5274
-91.2322
-90.9405
-90.6521
-90.3669
-90.0848
-89.8056
-89.5292
-89.2554
-88.9841
-88.7152
-88.4486
-88.1841
-87.9216
-87.6609
-87.402
-87.1448
-86.889
-86.6346
-86.3814
-86.1294
-85.8783
-85.628
-85.3784
-85.1294
-84.8807
-84.6323
-84.3839
-84.1354
-83.8866
-83.6373
-83.3873
-83.1364
-82.8843
-82.6309
-82.3758
-82.1187
-81.8594
-81.5975
-81.3326
-81.0643
-80.7923
-80.5159
-80.2347
-79.948
-79.6551
-79.3553
-79.0476
-78.731
-78.4043
-78.0661
-77.7147
-77.3482
-76.9641
-76.5595
-76.1308
-75.6734
-75.1814
-74.6469
-74.0595
-73.4045
-72.6605
-71.795
-70.7547
-69.4454
-67.6777
-64.995
-59.9038
-43.8968
31.2153
47.0015
21.9738
-11.3293
-24.7069
-38.3673
-65.35
-93.6868
-94.9262
-94.9689
-94.9515
-94.9062
-94.823
-94.6898
-94.5022
-94.2664
-93.9952
-93.7018
-93.3968
-93.0871
-92.7769
-92.4685
-92.163
-91.861
-91.5626
-91.2677
-90.9764
-90.6884
-90.4036
-90.122
-89.8433
-89.5674
-89.2942
-89.0236
-88.7554
-88.4894
-88.2257
-87.964
-87.7043
-87.4464
-87.1901
-86.9354
-86.6822
-86.4302
-86.1794
-85.9296
-85.6808
-85.4327
-85.1852
-84.9381
-84.6914
-84.4447
-84.1981
-83.9513
-83.704
-83.4561
-83.2075
-82.9578
-82.7068
-82.4544
-82.2001
-81.9437
-81.6849
-81.4234
-81.1586
-80.8904
-80.618
-80.3412
-80.0591
-79.7713
-79.4769
-79.1752
-78.8652
-78.5457
-78.2154
-77.8729
-77.5164
-77.1436
-76.752
-76.3383
-75.8985
-75.4273
-74.9182
-74.3621
-73.7469
-73.055
-72.2607
-71.3233
-70.1741
-68.6845
-66.5761
-63.0901
-55.1311
-18.9459
48.0874
44.428
12.6352
-11.6971
-24.9555
-38.6305
-66.1282
-93.8856
-94.9461
-94.97
-94.9466
-94.8934
-94.7966
-94.6446
-94.4367
-94.1833
-93.8992
-93.5977
-93.2883
-92.9767
-92.6664
-92.3588
-92.0547
-91.7544
-91.4579
-91.165
-90.8757
-90.5898
-90.3072
-90.0276
-89.751
-89.4773
-89.2062
-88.9377
-88.6717
-88.408
-88.1464
-87.8869
-87.6293
-87.3736
-87.1196
-86.8671
-86.616
-86.3663
-86.1178
-85.8703
-85.6237
-85.3778
-85.1326
-84.8879
-84.6435
-84.3992
-84.1549
-83.9105
-83.6656
-83.4202
-83.174
-82.9269
-82.6784
-82.4285
-82.1769
-81.9232
-81.6671
-81.4083
-81.1464
-80.8811
-80.6117
-80.3379
-80.0591
-79.7746
-79.4837
-79.1856
-78.8793
-78.5638
-78.2379
-77.9
-77.5484
-77.181
-76.7953
-76.3882
-75.9558
-75.4932
-74.994
-74.4498
-73.8491
-73.1757
-72.4056
-71.5018
-70.4023
-68.9942
-67.0405
-63.9281
-57.3871
-31.6878
42.1241
44.466
13.9594
-11.3359
-24.4914
-38.1953
-65.0287
-93.7729
-94.9436
-94.9708
-94.9496
-94.9003
-94.8106
-94.6684
-94.4711
-94.2268
-93.9492
-93.6518
-93.3445
-93.0339
-92.7237
-92.416
-92.1117
-91.8111
-91.5144
-91.2214
-90.932
-90.6462
-90.3637
-90.0843
-89.8081
-89.5347
-89.2641
-88.9962
-88.7307
-88.4677
-88.2069
-87.9482
-87.6916
-87.4368
-87.1838
-86.9324
-86.6826
-86.4341
-86.1869
-85.9408
-85.6956
-85.4514
-85.2078
-84.9648
-84.7222
-84.4799
-84.2376
-83.9953
-83.7527
-83.5096
-83.2659
-83.0213
-82.7757
-82.5287
-82.2801
-82.0297
-81.777
-81.5219
-81.264
-81.0028
-80.7379
-80.469
-80.1953
-79.9164
-79.6316
-79.3401
-79.0411
-78.7336
-78.4164
-78.0883
-77.7477
-77.3927
-77.0211
-76.6301
-76.2165
-75.7761
-75.3035
-74.7916
-74.2312
-73.6092
-72.9074
-72.0979
-71.1369
-69.9492
-68.3913
-66.1427
-62.2875
-52.7377
-5.01256
49.7479
44.2942
10.2982
-12.2912
-25.6929
-39.2822
-67.7881
-94.0269
-94.9479
-94.968
-94.9421
-94.8842
-94.7804
-94.6197
-94.4036
-94.1437
-93.8554
-93.5516
-93.2414
-92.9301
-92.6207
-92.3144
-92.0119
-91.7133
-91.4187
-91.1279
-90.8407
-90.5569
-90.2765
-89.9993
-89.7252
-89.4539
-89.1854
-88.9196
-88.6562
-88.3953
-88.1366
-87.88
-87.6255
-87.3729
-87.122
-86.8728
-86.6251
-86.3789
-86.1338
-85.89
-85.6471
-85.4051
-85.1638
-84.9231
-84.6828
-84.4428
-84.2029
-83.963
-83.7228
-83.4822
-83.241
-82.9989
-82.7558
-82.5114
-82.2655
-82.0178
-81.768
-81.5157
-81.2607
-81.0025
-80.7408
-80.475
-80.2047
-79.9292
-79.6481
-79.3604
-79.0654
-78.7621
-78.4495
-78.1262
-77.7908
-77.4415
-77.0761
-76.6922
-76.2864
-75.8549
-75.3925
-74.8927
-74.3469
-73.743
-73.0642
-72.2854
-71.3674
-70.2446
-68.7949
-66.7575
-63.4371
-56.1073
-24.5765
44.2891
44.3256
13.1771
-11.4885
-24.6792
-38.3791
-65.4969
-93.8227
-94.945
-94.9705
-94.9481
-94.8967
-94.8031
-94.6556
-94.4524
-94.2033
-93.9225
-93.6234
-93.3157
-93.0055
-92.6964
-92.3899
-92.0871
-91.7881
-91.4931
-91.2019
-90.9145
-90.6306
-90.3502
-90.073
-89.7989
-89.5279
-89.2596
-88.9941
-88.7312
-88.4708
-88.2127
-87.9568
-87.703
-87.4512
-87.2013
-86.953
-86.7064
-86.4612
-86.2174
-85.9748
-85.7332
-85.4927
-85.2529
-85.0138
-84.7753
-84.5371
-84.2991
-84.0612
-83.8231
-83.5848
-83.346
-83.1065
-82.866
-82.6245
-82.3816
-82.1371
-81.8906
-81.642
-81.3908
-81.1368
-80.8795
-80.6185
-80.3533
-80.0834
-79.8082
-79.527
-79.2391
-78.9437
-78.6397
-78.3259
-78.0012
-77.6638
-77.312
-76.9435
-76.5555
-76.1447
-75.7068
-75.2365
-74.7266
-74.1676
-73.5465
-72.8444
-72.0333
-71.068
-69.8714
-68.2949
-66.0047
-62.0295
-51.9083
-0.356539
49.8031
43.3813
7.66395
-12.6737
-26.053
-39.5466
-68.4367
-94.0749
-94.9487
-94.9674
-94.9407
-94.8815
-94.7759
-94.6132
-94.3953
-94.1341
-93.8451
-93.5412
-93.2312
-92.9204
-92.6117
-92.3064
-92.0051
-91.7078
-91.4145
-91.1251
-90.8395
-90.5575
-90.2788
-90.0035
-89.7313
-89.462
-89.1957
-88.9321
-88.671
-88.4125
-88.1563
-87.9023
-87.6504
-87.4005
-87.1525
-86.9062
-86.6616
-86.4184
-86.1766
-85.936
-85.6965
-85.458
-85.2204
-84.9834
-84.747
-84.511
-84.2752
-84.0395
-83.8038
-83.5677
-83.3312
-83.0941
-82.8561
-82.6171
-82.3767
-82.1348
-81.891
-81.6451
-81.3967
-81.1456
-80.8913
-80.6334
-80.3714
-80.1049
-79.8332
-79.5557
-79.2718
-78.9805
-78.6809
-78.3719
-78.0523
-77.7205
-77.3748
-77.0131
-76.6327
-76.2304
-75.8024
-75.3435
-74.8471
-74.3046
-73.7039
-73.0281
-72.2521
-71.3364
-70.215
-68.7651
-66.7235
-63.3856
-55.9733
-23.7912
45.0686
44.2974
13.0042
-11.5152
-24.7098
-38.4071
-65.5666
-93.8297
-94.9451
-94.9704
-94.9479
-94.8962
-94.8022
-94.654
-94.4502
-94.2007
-93.9198
-93.6209
-93.3136
-93.004
-92.6956
-92.3901
-92.0883
-91.7905
-91.4968
-91.2069
-90.9209
-90.6386
-90.3598
-90.0843
-89.8121
-89.5429
-89.2767
-89.0133
-88.7525
-88.4943
-88.2386
-87.9851
-87.7338
-87.4846
-87.2373
-86.9918
-86.7481
-86.5059
-86.2651
-86.0256
-85.7874
-85.5502
-85.3139
-85.0784
-84.8435
-84.6092
-84.3751
-84.1413
-83.9075
-83.6735
-83.4393
-83.2045
-82.969
-82.7325
-82.495
-82.256
-82.0154
-81.7729
-81.5281
-81.2808
-81.0306
-80.7772
-80.52
-80.2586
-79.9925
-79.7211
-79.4437
-79.1596
-78.868
-78.5677
-78.2578
-77.9369
-77.6033
-77.2554
-76.8907
-76.5066
-76.0998
-75.666
-75.1997
-74.6941
-74.1395
-73.523
-72.8258
-72.0199
-71.0606
-69.8711
-68.3041
-66.0288
-62.086
-52.0942
-1.38503
49.7957
43.616
8.29284
-12.563
-25.9449
-39.4706
-68.2546
-94.0615
-94.9484
-94.9675
-94.941
-94.8821
-94.7769
-94.6148
-94.3975
-94.137
-93.8486
-93.5453
-93.2361
-92.9261
-92.6182
-92.3138
-92.0134
-91.7171
-91.425
-91.1369
-90.8526
-90.572
-90.2949
-90.0212
-89.7507
-89.4833
-89.2188
-88.9572
-88.6982
-88.4418
-88.1879
-87.9362
-87.6868
-87.4394
-87.194
-86.9504
-86.7086
-86.4683
-86.2294
-85.9919
-85.7557
-85.5205
-85.2862
-85.0527
-84.8199
-84.5877
-84.3558
-84.1241
-83.8925
-83.6608
-83.4287
-83.1963
-82.9631
-82.7291
-82.494
-82.2575
-82.0195
-81.7796
-81.5376
-81.2931
-81.0458
-80.7954
-80.5413
-80.2832
-80.0205
-79.7527
-79.4791
-79.199
-78.9116
-78.616
-78.3109
-77.9953
-77.6676
-77.326
-76.9684
-76.5923
-76.1944
-75.771
-75.3168
-74.8256
-74.2885
-73.6937
-73.0245
-72.2561
-71.3499
-70.2408
-68.8088
-66.7979
-63.5294
-56.3681
-26.0203
42.5886
44.4279
13.6089
-11.4454
-24.6366
-38.3401
-65.3999
-93.8133
-94.9448
-94.9706
-94.9484
-94.8974
-94.8047
-94.6583
-94.4565
-94.2088
-93.9294
-93.6316
-93.3251
-93.0163
-92.7086
-92.4038
-92.1028
-91.8059
-91.5131
-91.2244
-90.9395
-90.6585
-90.381
-90.107
-89.8364
-89.5688
-89.3044
-89.0428
-88.784
-88.5278
-88.2741
-88.0229
-87.7739
-87.527
-87.2822
-87.0393
-86.7981
-86.5587
-86.3207
-86.0842
-85.849
-85.6149
-85.3818
-85.1497
-84.9183
-84.6875
-84.4572
-84.2272
-83.9973
-83.7675
-83.5375
-83.3072
-83.0763
-82.8447
-82.6122
-82.3785
-82.1434
-81.9066
-81.668
-81.427
-81.1836
-80.9372
-80.6875
-80.4341
-80.1766
-79.9143
-79.6468
-79.3732
-79.093
-78.8053
-78.509
-78.2031
-77.8862
-77.5568
-77.213
-76.8527
-76.4731
-76.071
-75.642
-75.181
-74.6809
-74.1324
-73.5227
-72.8334
-72.037
-71.0899
-69.9172
-68.3764
-66.1499
-62.3303
-52.8815
-5.82568
49.729
44.4078
10.6747
-12.2511
-25.6575
-39.2543
-67.7181
-94.0217
-94.9479
-94.9681
-94.9423
-94.8846
-94.7812
-94.6212
-94.406
-94.1474
-93.8606
-93.5585
-93.2502
-92.9411
-92.634
-92.3304
-92.0309
-91.7356
-91.4445
-91.1575
-90.8744
-90.595
-90.3193
-90.0471
-89.7781
-89.5123
-89.2496
-88.9898
-88.7327
-88.4783
-88.2264
-87.977
-87.7298
-87.4848
-87.2418
-87.0007
-86.7614
-86.5238
-86.2878
-86.0532
-85.8199
-85.5878
-85.3567
-85.1266
-84.8972
-84.6685
-84.4403
-84.2124
-83.9847
-83.7571
-83.5293
-83.3013
-83.0727
-82.8435
-82.6133
-82.3821
-82.1495
-81.9153
-81.6793
-81.4411
-81.2005
-80.9571
-80.7104
-80.4602
-80.206
-79.9472
-79.6833
-79.4137
-79.1376
-78.8542
-78.5626
-78.2617
-77.9503
-77.627
-77.2898
-76.9368
-76.5655
-76.1727
-75.7545
-75.3061
-74.821
-74.2908
-73.7038
-73.0438
-72.2866
-71.3946
-70.3054
-68.9038
-66.9476
-63.8049
-57.1008
-30.0745
42.1802
44.4253
13.7971
-11.3631
-24.5244
-38.2292
-65.1161
-93.7828
-94.944
-94.9708
-94.9492
-94.8995
-94.809
-94.6658
-94.4675
-94.2229
-93.9458
-93.6495
-93.3441
-93.036
-92.7289
-92.4247
-92.1243
-91.8281
-91.5361
-91.2482
-90.9644
-90.6845
-90.4082
-90.1356
-89.8663
-89.6003
-89.3374
-89.0775
-88.8205
-88.5662
-88.3145
-88.0652
-87.8184
-87.5737
-87.3312
-87.0907
-86.852
-86.6151
-86.3798
-86.146
-85.9137
-85.6825
-85.4525
-85.2235
-84.9954
-84.768
-84.5412
-84.3149
-84.0888
-83.8629
-83.637
-83.4108
-83.1844
-82.9573
-82.7295
-82.5008
-82.2709
-82.0396
-81.8066
-81.5717
-81.3345
-81.0948
-80.8522
-80.6064
-80.3568
-80.103
-79.8446
-79.5808
-79.3112
-79.0349
-78.7512
-78.4589
-78.1571
-77.8445
-77.5194
-77.1801
-76.8244
-76.4496
-76.0525
-75.629
-75.1738
-74.6801
-74.1388
-73.5374
-72.8578
-72.0736
-71.1423
-69.9923
-68.4876
-66.3295
-62.6826
-53.9733
-12.1407
49.4201
44.7976
12.5195
-11.9913
-25.3775
-39.01
-67.0904
-93.9729
-94.9475
-94.969
-94.9443
-94.8886
-94.7879
-94.6314
-94.4195
-94.1635
-93.8787
-93.578
-93.2707
-92.9624
-92.656
-92.3531
-92.0542
-91.7597
-91.4695
-91.1834
-90.9013
-90.6231
-90.3486
-90.0777
-89.8102
-89.5459
-89.2847
-89.0266
-88.7713
-88.5187
-88.2687
-88.0213
-87.7762
-87.5333
-87.2926
-87.0539
-86.817
-86.582
-86.3486
-86.1167
-85.8862
-85.6569
-85.4289
-85.2018
-84.9757
-84.7503
-84.5255
-84.3012
-84.0772
-83.8535
-83.6297
-83.4057
-83.1815
-82.9567
-82.7312
-82.5049
-82.2774
-82.0486
-81.8182
-81.5859
-81.3515
-81.1146
-80.8749
-80.632
-80.3856
-80.1352
-79.8802
-79.6201
-79.3544
-79.0822
-78.8028
-78.5152
-78.2185
-77.9113
-77.5923
-77.2596
-76.9113
-76.5448
-76.1572
-75.7445
-75.3021
-74.8235
-74.3006
-73.722
-73.0719
-72.3269
-71.4509
-70.3839
-69.0166
-67.1218
-64.119
-57.9046
-34.3416
41.5059
44.6305
14.469
-11.3078
-24.471
-38.1716
-64.9657
-93.7634
-94.9425
-94.9707
-94.95
-94.9014
-94.8131
-94.6729
-94.4781
-94.2364
-93.9615
-93.6668
-93.3624
-93.055
-92.7485
-92.4448
-92.145
-91.8495
-91.5583
-91.2713
-90.9884
-90.7096
-90.4345
-90.1631
-89.8951
-89.6306
-89.3692
-89.1109
-88.8556
-88.603
-88.3532
-88.1059
-87.861
-87.6185
-87.3782
-87.1399
-86.9036
-86.6691
-86.4364
-86.2052
-85.9755
-85.7472
-85.5201
-85.2941
-85.0691
-84.8449
-84.6214
-84.3985
-84.176
-83.9537
-83.7316
-83.5095
-83.2871
-83.0644
-82.8411
-82.617
-82.392
-82.1657
-81.9381
-81.7087
-81.4775
-81.244
-81.0079
-80.7689
-80.5267
-80.2807
-80.0306
-79.7759
-79.5159
-79.25
-78.9775
-78.6975
-78.4092
-78.1113
-77.8026
-77.4817
-77.1466
-76.7953
-76.4251
-76.0329
-75.6145
-75.1648
-74.6771
-74.1424
-73.5486
-72.8781
-72.1049
-71.1882
-70.0585
-68.5859
-66.4874
-62.9866
-54.875
-17.4033
48.5615
44.5014
12.5763
-11.7643
-25.0501
-38.7165
-66.3447
-93.9062
-94.9464
-94.9698
-94.9461
-94.8922
-94.7945
-94.6414
-94.433
-94.1799
-93.8971
-93.5978
-93.2915
-92.9838
-92.678
-92.3757
-92.0774
-91.7836
-91.4941
-91.2088
-90.9277
-90.6505
-90.3772
-90.1074
-89.8412
-89.5783
-89.3186
-89.062
-88.8083
-88.5575
-88.3093
-88.0637
-87.8206
-87.5798
-87.3412
-87.1047
-86.8701
-86.6374
-86.4065
-86.1771
-85.9493
-85.7228
-85.4975
-85.2734
-85.0503
-84.828
-84.6065
-84.3855
-84.165
-83.9448
-83.7247
-83.5047
-83.2845
-83.0639
-82.8428
-82.621
-82.3983
-82.1744
-81.9492
-81.7224
-81.4937
-81.2629
-81.0296
-80.7934
-80.5542
-80.3114
-80.0645
-79.8132
-79.5568
-79.2947
-79.0262
-78.7506
-78.4669
-78.174
-77.8708
-77.5559
-77.2274
-76.8835
-76.5215
-76.1387
-75.7311
-75.2941
-74.8215
-74.3052
-73.7342
-73.0929
-72.3587
-71.4966
-70.4487
-69.1107
-67.2672
-64.3784
-58.5457
-37.5778
39.8425
45.0548
15.6966
-11.3027
-24.507
-38.1979
-65.0208
-93.761
-94.9405
-94.9704
-94.9504
-94.9028
-94.8161
-94.6782
-94.4859
-94.2465
-93.9733
-93.6799
-93.3764
-93.0697
-92.7638
-92.4608
-92.1617
-91.8669
-91.5765
-91.2904
-91.0085
-90.7307
-90.4568
-90.1866
-89.92
-89.6569
-89.397
-89.1403
-88.8866
-88.6358
-88.3877
-88.1423
-87.8994
-87.6589
-87.4207
-87.1846
-86.9505
-86.7184
-86.4881
-86.2594
-86.0324
-85.8067
-85.5824
-85.3592
-85.1371
-84.916
-84.6957
-84.476
-84.2569
-84.0382
-83.8197
-83.6013
-83.3829
-83.1642
-82.9451
-82.7254
-82.5049
-82.2835
-82.0608
-81.8367
-81.6109
-81.3832
-81.1532
-80.9207
-80.6852
-80.4465
-80.2041
-79.9575
-79.7063
-79.4498
-79.1875
-78.9186
-78.6423
-78.3576
-78.0634
-77.7585
-77.4414
-77.1103
-76.7631
-76.3972
-76.0094
-75.5956
-75.1509
-74.6686
-74.1399
-73.5528
-72.8901
-72.1264
-71.2218
-70.109
-68.6623
-66.6111
-63.2234
-55.5534
-21.332
46.9215
44.3124
12.707
-11.6021
-24.8213
-38.5085
-65.8205
-93.8553
-94.9455
-94.9702
-94.9472
-94.8947
-94.7993
-94.6492
-94.4438
-94.1934
-93.9126
-93.6147
-93.3093
-93.0024
-92.6972
-92.3954
-92.0977
-91.8045
-91.5157
-91.2313
-90.9511
-90.6749
-90.4026
-90.1341
-89.8691
-89.6076
-89.3493
-89.0942
-88.8421
-88.593
-88.3466
-88.1028
-87.8616
-87.6227
-87.3862
-87.1518
-86.9195
-86.6891
-86.4605
-86.2336
-86.0083
-85.7844
-85.5619
-85.3406
-85.1203
-84.9011
-84.6826
-84.4649
-84.2477
-84.0309
-83.8145
-83.5981
-83.3817
-83.1652
-82.9482
-82.7307
-82.5125
-82.2934
-82.0731
-81.8514
-81.6281
-81.403
-81.1756
-80.9459
-80.7133
-80.4775
-80.2382
-79.9949
-79.7471
-79.4943
-79.2359
-78.971
-78.6991
-78.4192
-78.1301
-77.8308
-77.5198
-77.1955
-76.8558
-76.4983
-76.1201
-75.7175
-75.2858
-74.819
-74.3092
-73.7455
-73.1128
-72.3891
-71.5405
-70.511
-69.2007
-67.4057
-64.622
-59.1294
-40.3733
37.1278
45.6832
17.5576
-11.3447
-24.6208
-38.2913
-65.2292
-93.7617
-94.9369
-94.9699
-94.9508
-94.9041
-94.8188
-94.683
-94.4929
-94.2556
-93.9841
-93.692
-93.3895
-93.0837
-92.7785
-92.4762
-92.1779
-91.8838
-91.5943
-91.3091
-91.0282
-90.7515
-90.4787
-90.2097
-89.9444
-89.6826
-89.4242
-89.169
-88.9169
-88.6677
-88.4214
-88.1778
-87.9368
-87.6983
-87.4621
-87.2281
-86.9962
-86.7664
-86.5384
-86.3122
-86.0876
-85.8645
-85.6428
-85.4224
-85.2032
-84.985
-84.7677
-84.5512
-84.3354
-84.12
-83.905
-83.6902
-83.4755
-83.2607
-83.0456
-82.8301
-82.614
-82.3971
-82.1792
-81.9601
-81.7395
-81.5173
-81.293
-81.0665
-80.8375
-80.6055
-80.3703
-80.1313
-79.8883
-79.6406
-79.3876
-79.1289
-78.8636
-78.5909
-78.3099
-78.0195
-77.7184
-77.4053
-77.0782
-76.7352
-76.3737
-75.9904
-75.5816
-75.1421
-74.6656
-74.1433
-73.5634
-72.9093
-72.1562
-71.2652
-70.1714
-68.7544
-66.7575
-63.4975
-56.3122
-25.6551
43.0213
44.3942
13.4948
-11.4499
-24.6381
-38.3412
-65.4024
-93.8134
-94.9448
-94.9706
-94.9483
-94.8972
-94.8043
-94.6577
-94.456
-94.2087
-93.9303
-93.6341
-93.3298
-93.0236
-92.7189
-92.4176
-92.1205
-91.8278
-91.5397
-91.256
-90.9766
-90.7014
-90.4301
-90.1627
-89.8989
-89.6386
-89.3817
-89.128
-88.8775
-88.6299
-88.3852
-88.1431
-87.9037
-87.6668
-87.4322
-87.1999
-86.9697
-86.7415
-86.5152
-86.2907
-86.0678
-85.8465
-85.6265
-85.4079
-85.1905
-84.9741
-84.7587
-84.544
-84.33
-84.1166
-83.9036
-83.6908
-83.4781
-83.2653
-83.0524
-82.839
-82.6251
-82.4105
-82.1949
-81.9781
-81.76
-81.5402
-81.3186
-81.0948
-80.8686
-80.6395
-80.4074
-80.1716
-79.9319
-79.6878
-79.4386
-79.1838
-78.9228
-78.6546
-78.3786
-78.0935
-77.7982
-77.4915
-77.1715
-76.8364
-76.4837
-76.1106
-75.7135
-75.2878
-74.8276
-74.3252
-73.7701
-73.1477
-72.4366
-71.6043
-70.5977
-69.3223
-67.588
-64.9352
-59.8512
-43.623
31.6645
46.8862
21.5452
-11.3567
-24.7345
-38.3892
-65.4074
-93.6981
-94.9267
-94.9689
-94.9514
-94.906
-94.8227
-94.6896
-94.5024
-94.2678
-93.9986
-93.7082
-93.4071
-93.1023
-92.7981
-92.4967
-92.1991
-91.9059
-91.6172
-91.3329
-91.053
-90.7773
-90.5055
-90.2377
-89.9736
-89.7131
-89.456
-89.2022
-88.9515
-88.704
-88.4593
-88.2174
-87.9781
-87.7415
-87.5072
-87.2752
-87.0454
-86.8177
-86.592
-86.368
-86.1458
-85.9252
-85.7061
-85.4884
-85.2719
-85.0565
-84.8422
-84.6287
-84.4159
-84.2038
-83.9921
-83.7808
-83.5697
-83.3587
-83.1475
-82.936
-82.7241
-82.5116
-82.2983
-82.0839
-81.8683
-81.6513
-81.4326
-81.2118
-80.9889
-80.7634
-80.535
-80.3033
-80.0679
-79.8285
-79.5844
-79.3352
-79.0802
-78.8187
-78.5499
-78.2728
-77.9865
-77.6897
-77.3809
-77.0584
-76.7201
-76.3636
-75.9857
-75.5827
-75.1496
-74.6802
-74.166
-73.5956
-72.953
-72.2142
-71.3423
-70.2758
-68.9019
-66.9838
-63.9087
-57.3985
-31.6293
42.0539
44.4615
13.9543
-11.3351
-24.4901
-38.194
-65.0258
-93.7722
-94.9434
-94.9708
-94.9495
-94.9003
-94.8106
-94.6687
-94.472
-94.2292
-93.9539
-93.6596
-93.3565
-93.0509
-92.7466
-92.4456
-92.1488
-91.8566
-91.569
-91.2859
-91.0072
-90.7327
-90.4624
-90.1959
-89.9332
-89.6741
-89.4184
-89.1661
-88.917
-88.6709
-88.4277
-88.1874
-87.9497
-87.7145
-87.4818
-87.2515
-87.0233
-86.7972
-86.573
-86.3508
-86.1302
-85.9113
-85.6939
-85.4779
-85.2631
-85.0495
-84.837
-84.6253
-84.4144
-84.2041
-83.9944
-83.785
-83.5758
-83.3668
-83.1577
-82.9483
-82.7385
-82.5282
-82.3171
-82.1051
-81.8919
-81.6773
-81.4611
-81.243
-81.0228
-80.8001
-80.5746
-80.346
-80.114
-79.8779
-79.6375
-79.3921
-79.1411
-78.884
-78.6198
-78.3479
-78.067
-77.7762
-77.474
-77.1588
-76.8287
-76.4814
-76.1141
-75.7232
-75.3043
-74.8519
-74.3583
-73.8136
-73.2037
-72.5082
-71.6965
-70.7189
-69.4877
-67.8301
-65.3394
-60.7405
-47.2874
21.0682
48.8513
30.8267
-8.86409
-22.0371
-36.0598
-59.6699
-92.3337
-94.8733
-94.9667
-94.9546
-94.9131
-94.8349
-94.7076
-94.5261
-94.2961
-94.0303
-93.7423
-93.4429
-93.1394
-92.8362
-92.5356
-92.2387
-91.9462
-91.6582
-91.3747
-91.0955
-90.8206
-90.5497
-90.2828
-90.0198
-89.7603
-89.5044
-89.2519
-89.0026
-88.7564
-88.5132
-88.2729
-88.0353
-87.8004
-87.5679
-87.3378
-87.11
-86.8844
-86.6608
-86.4391
-86.2193
-86.0011
-85.7845
-85.5694
-85.3556
-85.143
-84.9316
-84.7211
-84.5115
-84.3026
-84.0943
-83.8865
-83.679
-83.4717
-83.2645
-83.0571
-82.8495
-82.6414
-82.4327
-82.2232
-82.0127
-81.801
-81.5879
-81.373
-81.1563
-80.9373
-80.7159
-80.4916
-80.2641
-80.033
-79.7978
-79.5582
-79.3135
-79.0632
-78.8065
-78.5427
-78.271
-77.9902
-77.6991
-77.3965
-77.0806
-76.7495
-76.4007
-76.0314
-75.638
-75.2157
-74.7588
-74.2593
-73.7068
-73.0863
-72.3763
-71.5437
-70.5343
-69.2513
-67.4991
-64.8
-59.556
-42.2996
34.2273
46.3242
19.5952
-11.3839
-24.7263
-38.3787
-65.4137
-93.7446
-94.9321
-94.9694
-94.9511
-94.9051
-94.8209
-94.6867
-94.4984
-94.2629
-93.9932
-93.7026
-93.4017
-93.0975
-92.7941
-92.4936
-92.1972
-91.9053
-91.618
-91.3354
-91.0572
-90.7833
-90.5135
-90.2478
-89.9859
-89.7276
-89.4729
-89.2217
-88.9736
-88.7288
-88.4869
-88.2479
-88.0116
-87.778
-87.5469
-87.3183
-87.0918
-86.8676
-86.6454
-86.4252
-86.2067
-85.99
-85.7749
-85.5613
-85.349
-85.1379
-84.928
-84.7191
-84.5111
-84.3038
-84.0972
-83.891
-83.6852
-83.4797
-83.2742
-83.0686
-82.8628
-82.6566
-82.4498
-82.2423
-82.0338
-81.8242
-81.6132
-81.4006
-81.1862
-80.9697
-80.7507
-80.529
-80.3042
-80.076
-79.8439
-79.6075
-79.3662
-79.1195
-78.8667
-78.607
-78.3397
-78.0637
-77.778
-77.4812
-77.1718
-76.8479
-76.5073
-76.1473
-75.7646
-75.3548
-74.9128
-74.4313
-73.901
-73.3088
-72.636
-71.8544
-70.9191
-69.7528
-68.2065
-65.9444
-61.9853
-51.7773
0.332587
49.8039
43.189
7.17664
-12.7688
-26.1477
-39.6139
-68.5991
-94.0866
-94.9489
-94.9673
-94.9404
-94.881
-94.7753
-94.6132
-94.3965
-94.1375
-93.8516
-93.5515
-93.2462
-92.9408
-92.6382
-92.3397
-92.0458
-91.7568
-91.4725
-91.1929
-90.9177
-90.6468
-90.38
-90.1172
-89.8582
-89.6029
-89.351
-89.1025
-88.8573
-88.6151
-88.376
-88.1397
-87.9061
-87.6752
-87.4467
-87.2207
-86.9969
-86.7752
-86.5556
-86.3379
-86.122
-85.9078
-85.6952
-85.4841
-85.2743
-85.0657
-84.8583
-84.6519
-84.4463
-84.2415
-84.0373
-83.8336
-83.6302
-83.4271
-83.224
-83.0209
-82.8176
-82.6138
-82.4095
-82.2045
-81.9985
-81.7914
-81.583
-81.3729
-81.1611
-80.9472
-80.7309
-80.5119
-80.2899
-80.0646
-79.8354
-79.6019
-79.3637
-79.1202
-78.8707
-78.6146
-78.3509
-78.0788
-77.7971
-77.5047
-77.1999
-76.8811
-76.546
-76.1922
-75.8163
-75.4144
-74.9814
-74.5105
-73.993
-73.4166
-72.764
-72.0092
-71.1118
-70.0028
-68.5533
-66.4825
-63.0211
-54.9933
-18.0301
48.3663
44.4505
12.5287
-11.7454
-25.0206
-38.6907
-66.2806
-93.9
-94.9463
-94.9698
-94.9461
-94.8923
-94.7948
-94.6423
-94.4347
-94.1828
-93.9017
-93.6046
-93.3007
-92.996
-92.6936
-92.395
-92.101
-91.8118
-91.5274
-91.2476
-90.9724
-90.7015
-90.4347
-90.172
-89.9132
-89.6581
-89.4065
-89.1584
-88.9136
-88.6719
-88.4333
-88.1975
-87.9646
-87.7343
-87.5066
-87.2813
-87.0583
-86.8376
-86.6189
-86.4022
-86.1873
-85.9742
-85.7628
-85.5529
-85.3443
-85.1371
-84.9311
-84.7261
-84.522
-84.3188
-84.1163
-83.9143
-83.7128
-83.5116
-83.3105
-83.1095
-82.9083
-82.7069
-82.505
-82.3025
-82.0991
-81.8949
-81.6894
-81.4825
-81.2739
-81.0635
-80.8509
-80.6358
-80.4181
-80.1972
-79.9728
-79.7445
-79.5118
-79.2743
-79.0313
-78.7822
-78.5262
-78.2626
-77.9903
-77.7082
-77.415
-77.1092
-76.7889
-76.452
-76.0956
-75.7164
-75.3103
-74.8719
-74.3941
-73.8675
-73.2791
-72.61
-71.8322
-70.9008
-69.7384
-68.1961
-65.9377
-61.9807
-51.76
0.419949
49.8037
43.1587
7.09243
-12.7888
-26.1692
-39.63
-68.6378
-94.0892
-94.9489
-94.9672
-94.9403
-94.8809
-94.7752
-94.6131
-94.3965
-94.1379
-93.8523
-93.5528
-93.248
-92.9434
-92.6416
-92.3439
-92.0511
-91.7632
-91.4801
-91.2017
-90.9278
-90.6583
-90.393
-90.1318
-89.8744
-89.6208
-89.3707
-89.1241
-88.8808
-88.6407
-88.4036
-88.1694
-87.938
-87.7094
-87.4833
-87.2596
-87.0383
-86.8192
-86.6021
-86.3871
-86.174
-85.9626
-85.7529
-85.5448
-85.338
-85.1326
-84.9284
-84.7253
-84.5231
-84.3218
-84.1212
-83.9213
-83.7217
-83.5226
-83.3236
-83.1247
-82.9258
-82.7265
-82.5269
-82.3268
-82.1259
-81.9241
-81.7211
-81.5169
-81.311
-81.1035
-80.8938
-80.6819
-80.4673
-80.2497
-80.0289
-79.8043
-79.5756
-79.3422
-79.1036
-78.8593
-78.6084
-78.3503
-78.0839
-77.8084
-77.5224
-77.2245
-76.913
-76.586
-76.2409
-75.8747
-75.4837
-75.0631
-74.6067
-74.1064
-73.5509
-72.9246
-72.2045
-71.3547
-70.3163
-68.9817
-67.1279
-64.1871
-58.1162
-35.3342
41.055
44.7277
14.7446
-11.3081
-24.4817
-38.18
-64.985
-93.763
-94.9418
-94.9706
-94.9501
-94.9018
-94.814
-94.6747
-94.4811
-94.2411
-93.9683
-93.6761
-93.3748
-93.0711
-92.7688
-92.4699
-92.1755
-91.8859
-91.6011
-91.3212
-91.0459
-90.775
-90.5085
-90.2461
-89.9877
-89.7332
-89.4823
-89.2349
-88.9909
-88.7502
-88.5126
-88.278
-88.0463
-87.8174
-87.5911
-87.3673
-87.1459
-86.9268
-86.7099
-86.495
-86.2821
-86.071
-85.8617
-85.654
-85.4477
-85.2429
-85.0394
-84.837
-84.6357
-84.4353
-84.2357
-84.0368
-83.8385
-83.6406
-83.443
-83.2456
-83.0482
-82.8507
-82.653
-82.4548
-82.256
-82.0565
-81.856
-81.6543
-81.4513
-81.2467
-81.0403
-80.8318
-80.6209
-80.4073
-80.1908
-79.9709
-79.7472
-79.5193
-79.2867
-79.0489
-78.8052
-78.5549
-78.2972
-78.0313
-77.756
-77.4701
-77.1722
-76.8606
-76.5331
-76.1873
-75.8201
-75.4276
-75.005
-74.5459
-74.042
-73.4816
-72.8485
-72.1188
-71.2551
-70.1948
-68.8235
-66.8991
-63.7901
-57.1149
-30.0501
42.1131
44.4204
13.7857
-11.3644
-24.5259
-38.2307
-65.1202
-93.783
-94.9438
-94.9707
-94.9492
-94.8994
-94.8089
-94.6658
-94.468
-94.2246
-93.9495
-93.6561
-93.3544
-93.0508
-92.749
-92.4508
-92.1571
-91.8682
-91.5843
-91.3052
-91.0307
-90.7607
-90.4951
-90.2336
-89.9761
-89.7224
-89.4725
-89.226
-88.983
-88.7433
-88.5067
-88.2732
-88.0425
-87.8146
-87.5894
-87.3667
-87.1464
-86.9284
-86.7127
-86.499
-86.2873
-86.0775
-85.8694
-85.6629
-85.458
-85.2545
-85.0523
-84.8513
-84.6514
-84.4524
-84.2543
-84.0569
-83.8601
-83.6638
-83.4678
-83.2721
-83.0764
-82.8807
-82.6847
-82.4884
-82.2916
-82.094
-81.8956
-81.6961
-81.4953
-81.293
-81.089
-80.883
-80.6748
-80.464
-80.2504
-80.0336
-79.8132
-79.5888
-79.3599
-79.126
-78.8866
-78.6409
-78.3882
-78.1277
-77.8584
-77.579
-77.2883
-76.9848
-76.6664
-76.331
-75.9757
-75.5971
-75.1908
-74.7513
-74.2711
-73.7405
-73.1456
-72.4666
-71.6734
-70.7176
-69.5143
-67.8969
-65.4773
-61.0585
-48.4967
16.257
49.3734
34.9543
-5.74005
-19.346
-33.3647
-53.3982
-89.4079
-94.8018
-94.9655
-94.9583
-94.9203
-94.8466
-94.7243
-94.5471
-94.3203
-94.0565
-93.7699
-93.4718
-93.1696
-92.868
-92.5693
-92.2747
-91.9848
-91.6998
-91.4195
-91.1439
-90.8728
-90.6061
-90.3437
-90.0852
-89.8307
-89.58
-89.3329
-89.0892
-88.8489
-88.6119
-88.3779
-88.1469
-87.9188
-87.6934
-87.4706
-87.2503
-87.0324
-86.8168
-86.6033
-86.3919
-86.1824
-85.9747
-85.7688
-85.5645
-85.3616
-85.1602
-84.96
-84.761
-84.5631
-84.3661
-84.1699
-83.9744
-83.7794
-83.585
-83.3908
-83.1969
-83.003
-82.809
-82.6147
-82.4201
-82.2249
-82.029
-81.8322
-81.6343
-81.4351
-81.2343
-81.0319
-80.8274
-80.6206
-80.4114
-80.1992
-79.9838
-79.7648
-79.5418
-79.3143
-79.0817
-78.8436
-78.5992
-78.3477
-78.0884
-77.8202
-77.542
-77.2524
-76.9499
-76.6325
-76.298
-75.9435
-75.5656
-75.1599
-74.7207
-74.2406
-73.7097
-73.1141
-72.4338
-71.6381
-70.6778
-69.4665
-67.8338
-65.3794
-60.855
-47.7085
19.4177
49.0579
32.2728
-7.95459
-21.2235
-35.2808
-57.8164
-91.7007
-94.8559
-94.9663
-94.9556
-94.9151
-94.8382
-94.7124
-94.5324
-94.3037
-94.0393
-93.7528
-93.4551
-93.1537
-92.8528
-92.5548
-92.261
-91.9719
-91.6875
-91.408
-91.1331
-90.8628
-90.5969
-90.3352
-90.0776
-89.824
-89.5741
-89.3278
-89.0851
-88.8457
-88.6096
-88.3766
-88.1466
-87.9194
-87.6951
-87.4733
-87.2541
-87.0373
-86.8227
-86.6104
-86.4001
-86.1918
-85.9853
-85.7806
-85.5775
-85.376
-85.1758
-84.977
-84.7793
-84.5828
-84.3872
-84.1924
-83.9984
-83.805
-83.6121
-83.4195
-83.2272
-83.035
-82.8427
-82.6503
-82.4575
-82.2643
-82.0703
-81.8756
-81.6798
-81.4828
-81.2844
-81.0844
-80.8824
-80.6783
-80.4718
-80.2626
-80.0503
-79.8346
-79.6151
-79.3913
-79.1627
-78.9289
-78.6891
-78.4427
-78.1888
-77.9265
-77.6549
-77.3725
-77.078
-76.7697
-76.4454
-76.1026
-75.7382
-75.3484
-74.928
-74.4708
-73.9682
-73.4083
-72.7747
-72.0427
-71.1737
-70.1036
-68.7125
-66.746
-63.5277
-56.4242
-26.1923
42.2758
44.4386
13.655
-11.4427
-24.6349
-38.3388
-65.3979
-93.8131
-94.9447
-94.9705
-94.9483
-94.8973
-94.8045
-94.6582
-94.4572
-94.2112
-93.9346
-93.6407
-93.3392
-93.0364
-92.7356
-92.4387
-92.1464
-91.8591
-91.5768
-91.2994
-91.0268
-90.7587
-90.495
-90.2356
-89.9803
-89.7288
-89.4812
-89.2372
-88.9966
-88.7595
-88.5255
-88.2946
-88.0668
-87.8417
-87.6194
-87.3998
-87.1826
-86.9678
-86.7553
-86.5449
-86.3367
-86.1303
-85.9258
-85.723
-85.5219
-85.3222
-85.124
-84.927
-84.7313
-84.5366
-84.3428
-84.1499
-83.9578
-83.7662
-83.5752
-83.3845
-83.194
-83.0036
-82.8132
-82.6226
-82.4317
-82.2403
-82.0483
-81.8554
-81.6616
-81.4665
-81.2701
-81.072
-80.8721
-80.6701
-80.4657
-80.2586
-80.0485
-79.8351
-79.6179
-79.3965
-79.1704
-78.9392
-78.7021
-78.4586
-78.2077
-77.9487
-77.6804
-77.4018
-77.1113
-76.8073
-76.4878
-76.1504
-75.7921
-75.4091
-74.9968
-74.549
-74.0578
-73.512
-72.8962
-72.1879
-71.352
-70.3307
-69.0193
-67.2023
-64.3361
-58.4995
-37.2547
39.9733
44.9967
15.5203
-11.3086
-24.5095
-38.2013
-65.0309
-93.7618
-94.9404
-94.9704
-94.9503
-94.9026
-94.8158
-94.678
-94.486
-94.2476
-93.9762
-93.6853
-93.3853
-93.0828
-92.7819
-92.4846
-92.1918
-91.9041
-91.6214
-91.3436
-91.0707
-90.8024
-90.5386
-90.2792
-90.0238
-89.7724
-89.5249
-89.281
-89.0407
-88.8037
-88.5701
-88.3395
-88.112
-87.8874
-87.6656
-87.4464
-87.2298
-87.0156
-86.8037
-86.5941
-86.3865
-86.1809
-85.9772
-85.7753
-85.575
-85.3763
-85.179
-84.9831
-84.7884
-84.5948
-84.4022
-84.2106
-84.0197
-83.8295
-83.6398
-83.4506
-83.2616
-83.0728
-82.8841
-82.6953
-82.5062
-82.3167
-82.1267
-81.936
-81.7444
-81.5517
-81.3577
-81.1623
-80.9651
-80.766
-80.5647
-80.3609
-80.1544
-79.9447
-79.7315
-79.5145
-79.2931
-79.0669
-78.8352
-78.5976
-78.3532
-78.1013
-77.8409
-77.5709
-77.2901
-76.997
-76.6899
-76.3665
-76.0244
-75.6603
-75.2703
-74.8493
-74.3906
-73.8854
-73.3216
-72.682
-71.9407
-71.0575
-69.9639
-68.5317
-66.4826
-63.0545
-55.112
-18.7013
48.1351
44.4073
12.5263
-11.7171
-24.9795
-38.6533
-66.187
-93.8911
-94.9461
-94.9698
-94.9463
-94.8927
-94.7956
-94.6436
-94.4369
-94.1861
-93.9064
-93.6108
-93.3089
-93.0064
-92.7064
-92.4106
-92.1197
-91.8338
-91.5531
-91.2772
-91.0062
-90.7398
-90.4779
-90.2202
-89.9666
-89.717
-89.4712
-89.2291
-88.9905
-88.7553
-88.5234
-88.2946
-88.0688
-87.8459
-87.6258
-87.4084
-87.1935
-86.981
-86.7708
-86.5629
-86.357
-86.1532
-85.9512
-85.751
-85.5525
-85.3556
-85.16
-84.9659
-84.773
-84.5812
-84.3905
-84.2006
-84.0116
-83.8232
-83.6355
-83.4481
-83.2611
-83.0743
-82.8876
-82.7007
-82.5137
-82.3263
-82.1385
-81.9499
-81.7605
-81.5701
-81.3785
-81.1855
-80.9908
-80.7943
-80.5956
-80.3946
-80.191
-79.9843
-79.7743
-79.5605
-79.3426
-79.1201
-78.8923
-78.6589
-78.419
-78.1719
-77.9167
-77.6524
-77.3778
-77.0915
-76.792
-76.4772
-76.1447
-75.7917
-75.4145
-75.0086
-74.5679
-74.0848
-73.5487
-72.9445
-72.2507
-71.4341
-70.4401
-69.1714
-67.43
-64.731
-59.4384
-41.7227
35.1002
46.1139
18.8917
-11.3883
-24.7158
-38.3713
-65.4061
-93.7549
-94.9335
-94.9695
-94.9509
-94.9047
-94.8202
-94.6857
-94.4973
-94.2621
-93.9933
-93.7043
-93.4055
-93.104
-92.8039
-92.5072
-92.2151
-91.9279
-91.6459
-91.3688
-91.0966
-90.8291
-90.5662
-90.3076
-90.0532
-89.8029
-89.5564
-89.3137
-89.0746
-88.839
-88.6067
-88.3775
-88.1515
-87.9284
-87.7082
-87.4906
-87.2757
-87.0633
-86.8532
-86.6454
-86.4398
-86.2362
-86.0345
-85.8347
-85.6366
-85.4402
-85.2452
-85.0517
-84.8595
-84.6684
-84.4785
-84.2895
-84.1014
-83.9141
-83.7274
-83.5412
-83.3555
-83.17
-82.9847
-82.7994
-82.614
-82.4283
-82.2422
-82.0556
-81.8683
-81.6801
-81.4908
-81.3003
-81.1083
-80.9146
-80.719
-80.5212
-80.321
-80.1181
-79.9121
-79.7027
-79.4894
-79.2719
-79.0497
-78.8222
-78.5889
-78.3489
-78.1016
-77.846
-77.5812
-77.3058
-77.0185
-76.7176
-76.401
-76.0663
-75.7105
-75.3298
-74.9194
-74.473
-73.9826
-73.4368
-72.8199
-72.1085
-71.2666
-70.2343
-68.9022
-67.0423
-64.0704
-57.8525
-33.9412
41.5266
44.5885
14.34
-11.3183
-24.4811
-38.182
-64.9929
-93.7659
-94.9424
-94.9706
-94.9498
-94.9012
-94.8127
-94.6725
-94.4781
-94.2377
-93.9652
-93.6739
-93.3741
-93.0722
-92.7722
-92.476
-92.1845
-91.8982
-91.617
-91.3409
-91.0696
-90.8032
-90.5412
-90.2837
-90.0304
-89.7811
-89.5358
-89.2942
-89.0562
-88.8217
-88.5905
-88.3626
-88.1377
-87.9158
-87.6967
-87.4804
-87.2667
-87.0555
-86.8467
-86.6402
-86.4358
-86.2335
-86.0332
-85.8347
-85.6379
-85.4428
-85.2493
-85.0571
-84.8663
-84.6767
-84.4882
-84.3007
-84.1142
-83.9284
-83.7432
-83.5586
-83.3745
-83.1907
-83.0071
-82.8235
-82.6399
-82.456
-82.2719
-82.0872
-81.9018
-81.7157
-81.5285
-81.3402
-81.1505
-80.9592
-80.7661
-80.5709
-80.3734
-80.1733
-79.9703
-79.764
-79.5541
-79.3402
-79.1217
-78.8982
-78.6692
-78.4339
-78.1917
-77.9417
-77.6828
-77.4141
-77.1341
-76.8414
-76.5341
-76.2099
-75.8661
-75.4994
-75.1054
-74.6788
-74.2124
-73.6966
-73.118
-72.4576
-71.6864
-70.7579
-69.5918
-68.0317
-65.7201
-61.5854
-50.4173
7.37352
49.765
40.6411
1.78762
-14.5364
-28.0548
-42.5916
-75.0281
-94.4224
-94.9575
-94.9653
-94.9351
-94.8716
-94.7608
-94.5939
-94.3742
-94.1143
-93.8292
-93.5313
-93.2292
-92.9277
-92.6295
-92.3359
-92.0473
-91.764
-91.4859
-91.2128
-90.9445
-90.6809
-90.4219
-90.1671
-89.9165
-89.6699
-89.4272
-89.1881
-88.9527
-88.7207
-88.492
-88.2665
-88.044
-87.8245
-87.6078
-87.3939
-87.1825
-86.9736
-86.7671
-86.5628
-86.3607
-86.1606
-85.9625
-85.7662
-85.5716
-85.3787
-85.1873
-84.9973
-84.8086
-84.6211
-84.4347
-84.2494
-84.0649
-83.8812
-83.6981
-83.5156
-83.3336
-83.1518
-82.9703
-82.7888
-82.6073
-82.4256
-82.2435
-82.0609
-81.8777
-81.6938
-81.5088
-81.3226
-81.1352
-80.9461
-80.7553
-80.5625
-80.3674
-80.1697
-79.9692
-79.7655
-79.5583
-79.3471
-79.1315
-78.911
-78.6851
-78.4531
-78.2143
-77.9679
-77.713
-77.4485
-77.173
-76.8852
-76.5833
-76.2651
-75.9281
-75.5689
-75.1838
-74.7674
-74.3132
-73.8123
-73.2523
-72.6158
-71.8768
-70.9943
-69.8986
-68.4583
-66.387
-62.8916
-54.6414
-15.954
48.8786
44.5566
12.4583
-11.8399
-25.1545
-38.8115
-66.5872
-93.9286
-94.9467
-94.9694
-94.9453
-94.8907
-94.792
-94.6381
-94.4297
-94.1778
-93.8976
-93.6022
-93.3009
-92.9994
-92.7008
-92.4065
-92.1173
-91.8333
-91.5545
-91.2809
-91.0121
-90.7481
-90.4887
-90.2336
-89.9828
-89.7361
-89.4933
-89.2542
-89.0188
-88.7869
-88.5584
-88.3331
-88.1109
-87.8917
-87.6753
-87.4618
-87.2509
-87.0425
-86.8365
-86.6328
-86.4314
-86.232
-86.0346
-85.8391
-85.6454
-85.4534
-85.263
-85.074
-84.8864
-84.7
-84.5149
-84.3307
-84.1476
-83.9652
-83.7837
-83.6027
-83.4222
-83.2422
-83.0624
-82.8828
-82.7032
-82.5235
-82.3435
-82.1632
-81.9824
-81.8009
-81.6185
-81.4352
-81.2506
-81.0646
-80.8771
-80.6877
-80.4963
-80.3026
-80.1062
-79.907
-79.7046
-79.4985
-79.2885
-79.0739
-78.8545
-78.6295
-78.3984
-78.1604
-77.9147
-77.6604
-77.3964
-77.1213
-76.8338
-76.5319
-76.2135
-75.8761
-75.5162
-75.1299
-74.7118
-74.2552
-73.7509
-73.1863
-72.5433
-71.7947
-70.8979
-69.7791
-68.2987
-66.1456
-62.4348
-53.2457
-7.89832
49.6609
44.6378
11.484
-12.171
-25.588
-39.2001
-67.5859
-94.0122
-94.9478
-94.9683
-94.9426
-94.8854
-94.7828
-94.6245
-94.412
-94.157
-93.8749
-93.5786
-93.2772
-92.9759
-92.6778
-92.3842
-92.0958
-91.8126
-91.5348
-91.262
-90.9942
-90.7312
-90.4728
-90.2187
-89.9689
-89.7233
-89.4815
-89.2435
-89.0092
-88.7784
-88.551
-88.3269
-88.1058
-87.8878
-87.6727
-87.4604
-87.2507
-87.0436
-86.8388
-86.6365
-86.4363
-86.2383
-86.0423
-85.8482
-85.6558
-85.4652
-85.2762
-85.0887
-84.9026
-84.7177
-84.5341
-84.3516
-84.17
-83.9893
-83.8093
-83.6301
-83.4513
-83.2731
-83.0951
-82.9173
-82.7396
-82.5619
-82.384
-82.2058
-82.0271
-81.8478
-81.6677
-81.4868
-81.3047
-81.1213
-80.9364
-80.7498
-80.5613
-80.3707
-80.1776
-79.9817
-79.7829
-79.5806
-79.3746
-79.1644
-78.9495
-78.7295
-78.5037
-78.2715
-78.032
-77.7846
-77.5281
-77.2613
-76.9831
-76.6916
-76.385
-76.0609
-75.7165
-75.3483
-74.9517
-74.5209
-74.0483
-73.5236
-72.9322
-72.2531
-71.4542
-70.483
-69.2462
-67.5566
-64.9618
-59.9777
-44.0883
30.445
47.1258
22.4162
-11.3324
-24.7225
-38.3855
-65.3848
-93.6663
-94.9234
-94.9685
-94.9514
-94.9062
-94.8233
-94.6908
-94.5048
-94.272
-94.0052
-93.7181
-93.4212
-93.1213
-92.8229
-92.5279
-92.2376
-91.9524
-91.6725
-91.3976
-91.1278
-90.8628
-90.6025
-90.3467
-90.0953
-89.848
-89.6048
-89.3654
-89.1298
-88.8978
-88.6692
-88.444
-88.222
-88.003
-87.7871
-87.5739
-87.3636
-87.1558
-86.9505
-86.7476
-86.5471
-86.3487
-86.1523
-85.958
-85.7655
-85.5748
-85.3858
-85.1983
-85.0123
-84.8277
-84.6443
-84.4621
-84.2809
-84.1007
-83.9213
-83.7427
-83.5647
-83.3872
-83.2101
-83.0333
-82.8567
-82.6802
-82.5036
-82.3268
-82.1496
-81.9719
-81.7937
-81.6146
-81.4346
-81.2534
-81.0709
-80.8869
-80.7012
-80.5135
-80.3236
-80.1313
-79.9362
-79.738
-79.5364
-79.331
-79.1213
-78.907
-78.6874
-78.4621
-78.2302
-77.9911
-77.7438
-77.4874
-77.2207
-76.9423
-76.6506
-76.3435
-76.0188
-75.6735
-75.304
-74.9058
-74.4728
-73.9972
-73.4685
-72.8717
-72.1852
-71.3754
-70.3876
-69.1233
-67.3828
-64.6738
-59.3239
-41.1632
35.9054
45.9269
18.294
-11.3786
-24.6876
-38.3484
-65.3589
-93.7598
-94.9347
-94.9696
-94.9508
-94.9044
-94.8196
-94.6847
-94.4961
-94.2609
-93.9924
-93.704
-93.4063
-93.1061
-92.8075
-92.5127
-92.2227
-91.9379
-91.6583
-91.384
-91.1147
-90.8503
-90.5907
-90.3356
-90.0848
-89.8383
-89.5958
-89.3572
-89.1223
-88.8911
-88.6633
-88.4389
-88.2177
-87.9996
-87.7845
-87.5723
-87.3627
-87.1559
-86.9515
-86.7496
-86.5499
-86.3525
-86.1571
-85.9637
-85.7723
-85.5826
-85.3945
-85.2081
-85.0232
-84.8396
-84.6573
-84.4762
-84.2962
-84.1171
-83.9389
-83.7615
-83.5847
-83.4085
-83.2328
-83.0573
-82.8821
-82.707
-82.5318
-82.3564
-82.1808
-82.0047
-81.8281
-81.6507
-81.4724
-81.2931
-81.1125
-80.9305
-80.7468
-80.5613
-80.3736
-80.1837
-79.9911
-79.7955
-79.5967
-79.3943
-79.1878
-78.9768
-78.7609
-78.5394
-78.3117
-78.0772
-77.8349
-77.584
-77.3233
-77.0516
-76.7673
-76.4687
-76.1536
-75.8194
-75.4627
-75.0795
-74.6646
-74.2111
-73.7097
-73.1478
-72.5074
-71.761
-70.8657
-69.7474
-68.265
-66.1039
-62.3646
-53.0284
-6.66536
49.7004
44.4838
10.9383
-12.2263
-25.6376
-39.2414
-67.6907
-94.0198
-94.9478
-94.9681
-94.9423
-94.8847
-94.7816
-94.6228
-94.4099
-94.1548
-93.8728
-93.5768
-93.2758
-92.9752
-92.6779
-92.3852
-92.0977
-91.8157
-91.539
-91.2675
-91.001
-90.7394
-90.4825
-90.23
-89.9819
-89.7379
-89.498
-89.2619
-89.0295
-88.8007
-88.5754
-88.3533
-88.1345
-87.9188
-87.706
-87.496
-87.2888
-87.0842
-86.882
-86.6823
-86.4849
-86.2896
-86.0964
-85.9052
-85.7159
-85.5283
-85.3424
-85.1581
-84.9753
-84.7938
-84.6136
-84.4346
-84.2566
-84.0796
-83.9035
-83.7282
-83.5535
-83.3793
-83.2057
-83.0323
-82.8592
-82.6861
-82.5131
-82.3399
-82.1664
-81.9925
-81.818
-81.6429
-81.4668
-81.2898
-81.1115
-80.9319
-80.7506
-80.5676
-80.3825
-80.1951
-80.0052
-79.8125
-79.6165
-79.4171
-79.2137
-79.0061
-78.7935
-78.5757
-78.3518
-78.1214
-77.8835
-77.6372
-77.3816
-77.1154
-76.8373
-76.5454
-76.2378
-75.9121
-75.5651
-75.1932
-74.7914
-74.3536
-73.8715
-73.3337
-72.7243
-72.0198
-71.1835
-70.1547
-68.8216
-66.9504
-63.9355
-57.5283
-32.1766
41.8777
44.4655
13.9482
-11.3467
-24.5066
-38.2095
-65.0657
-93.7755
-94.943
-94.9706
-94.9495
-94.9002
-94.8107
-94.6691
-94.4734
-94.2322
-93.9596
-93.6689
-93.3703
-93.0702
-92.7723
-92.4785
-92.1897
-91.9062
-91.6282
-91.3554
-91.0878
-90.8251
-90.5671
-90.3138
-90.0648
-89.8201
-89.5795
-89.3428
-89.1099
-88.8806
-88.6549
-88.4325
-88.2134
-87.9974
-87.7844
-87.5743
-87.367
-87.1624
-86.9603
-86.7607
-86.5634
-86.3683
-86.1754
-85.9844
-85.7955
-85.6083
-85.4228
-85.239
-85.0567
-84.8759
-84.6963
-84.518
-84.3408
-84.1647
-83.9894
-83.8151
-83.6414
-83.4683
-83.2958
-83.1237
-82.9519
-82.7802
-82.6086
-82.437
-82.2652
-82.093
-81.9204
-81.7472
-81.5733
-81.3985
-81.2226
-81.0454
-80.8668
-80.6866
-80.5046
-80.3205
-80.134
-79.9449
-79.753
-79.5578
-79.359
-79.1563
-78.9492
-78.7372
-78.5197
-78.2962
-78.066
-77.8282
-77.5819
-77.3261
-77.0596
-76.7809
-76.4883
-76.1797
-75.8525
-75.5037
-75.1294
-74.7245
-74.2827
-73.7954
-73.2507
-72.6319
-71.9144
-71.0591
-70.0007
-68.6178
-66.6502
-63.4008
-56.1112
-24.3825
44.3695
44.2891
13.0433
-11.5068
-24.6998
-38.3988
-65.5481
-93.8278
-94.9449
-94.9703
-94.9478
-94.8961
-94.8021
-94.6543
-94.4521
-94.2057
-93.9296
-93.6372
-93.338
-93.0381
-92.7409
-92.448
-92.1602
-91.8778
-91.6008
-91.3291
-91.0625
-90.8008
-90.5439
-90.2915
-90.0436
-89.7999
-89.5603
-89.3246
-89.0927
-88.8645
-88.6398
-88.4185
-88.2005
-87.9855
-87.7736
-87.5646
-87.3584
-87.1549
-86.9539
-86.7554
-86.5592
-86.3653
-86.1735
-85.9837
-85.7959
-85.6099
-85.4256
-85.243
-85.062
-84.8823
-84.704
-84.527
-84.3511
-84.1763
-84.0024
-83.8294
-83.6571
-83.4854
-83.3143
-83.1437
-82.9733
-82.8032
-82.6332
-82.4632
-82.293
-82.1225
-81.9517
-81.7802
-81.6082
-81.4352
-81.2613
-81.0862
-80.9098
-80.7318
-80.552
-80.3703
-80.1863
-79.9999
-79.8108
-79.6185
-79.4229
-79.2234
-79.0198
-78.8116
-78.5981
-78.379
-78.1534
-77.9207
-77.68
-77.4304
-77.1706
-76.8994
-76.6151
-76.316
-75.9996
-75.6633
-75.3035
-74.9158
-74.4946
-74.0325
-73.5194
-72.9414
-72.2783
-71.4991
-70.5541
-69.3554
-67.729
-65.2636
-60.6581
-46.9163
22.2063
48.6743
29.693
-9.49635
-22.6181
-36.5992
-60.9715
-92.6924
-94.8835
-94.9668
-94.9538
-94.9115
-94.8325
-94.7045
-94.5229
-94.2938
-94.03
-93.7452
-93.4501
-93.1518
-92.8548
-92.5612
-92.2724
-91.9887
-91.7102
-91.437
-91.169
-90.9059
-90.6476
-90.394
-90.1449
-89.9
-89.6593
-89.4226
-89.1898
-88.9607
-88.7352
-88.5131
-88.2944
-88.0788
-87.8664
-87.6569
-87.4502
-87.2463
-87.0451
-86.8463
-86.6499
-86.4559
-86.2641
-86.0743
-85.8865
-85.7007
-85.5166
-85.3343
-85.1535
-84.9742
-84.7964
-84.6199
-84.4445
-84.2703
-84.0971
-83.9249
-83.7534
-83.5827
-83.4126
-83.243
-83.0738
-82.9049
-82.7362
-82.5675
-82.3988
-82.23
-82.0608
-81.8912
-81.7211
-81.5502
-81.3785
-81.2058
-81.0318
-80.8565
-80.6796
-80.5009
-80.3202
-80.1373
-79.9519
-79.7637
-79.5723
-79.3776
-79.179
-78.9762
-78.7688
-78.5561
-78.3376
-78.1127
-77.8806
-77.6404
-77.3912
-77.1318
-76.8609
-76.5768
-76.2777
-75.9612
-75.6245
-75.2641
-74.8755
-74.453
-73.989
-73.4732
-72.8915
-72.223
-71.4359
-70.4788
-69.26
-67.5965
-65.0491
-60.1918
-44.9926
28.1276
47.606
24.3451
-11.129
-24.4929
-38.208
-64.924
-93.5516
-94.9161
-94.968
-94.9518
-94.9071
-94.825
-94.6936
-94.5088
-94.2772
-94.0118
-93.7259
-93.4303
-93.1319
-92.8349
-92.5416
-92.2532
-91.9699
-91.692
-91.4195
-91.1521
-90.8897
-90.6321
-90.3792
-90.1308
-89.8867
-89.6468
-89.4109
-89.1789
-88.9506
-88.726
-88.5047
-88.2869
-88.0722
-87.8606
-87.652
-87.4463
-87.2433
-87.0429
-86.8451
-86.6497
-86.4566
-86.2657
-86.0769
-85.8901
-85.7052
-85.5222
-85.3408
-85.1611
-84.9829
-84.8061
-84.6306
-84.4564
-84.2833
-84.1113
-83.9401
-83.7698
-83.6003
-83.4314
-83.263
-83.0951
-82.9275
-82.7601
-82.5929
-82.4256
-82.2582
-82.0905
-81.9224
-81.7539
-81.5846
-81.4146
-81.2436
-81.0715
-80.898
-80.7231
-80.5465
-80.3679
-80.1873
-80.0042
-79.8185
-79.6298
-79.4378
-79.2422
-79.0426
-78.8385
-78.6294
-78.4148
-78.1941
-77.9666
-77.7314
-77.4877
-77.2343
-76.9701
-76.6935
-76.4028
-76.0959
-75.7702
-75.4225
-75.0489
-74.6443
-74.2021
-73.7134
-73.166
-72.5428
-71.8178
-70.9504
-69.8717
-68.4521
-66.4091
-62.9642
-54.8693
-17.2467
48.5698
44.4711
12.4368
-11.7884
-25.0788
-38.7439
-66.4166
-93.9128
-94.9464
-94.9696
-94.9457
-94.8914
-94.7934
-94.6404
-94.4331
-94.1826
-93.9039
-93.6101
-93.3107
-93.0113
-92.7149
-92.4233
-92.1369
-91.8561
-91.5807
-91.3108
-91.0459
-90.7861
-90.5311
-90.2808
-90.0348
-89.7932
-89.5558
-89.3223
-89.0926
-88.8667
-88.6443
-88.4254
-88.2097
-87.9973
-87.7879
-87.5815
-87.3779
-87.177
-86.9788
-86.783
-86.5897
-86.3986
-86.2098
-86.023
-85.8382
-85.6553
-85.4742
-85.2948
-85.117
-84.9407
-84.7659
-84.5923
-84.42
-84.2488
-84.0786
-83.9094
-83.7409
-83.5733
-83.4063
-83.2398
-83.0737
-82.908
-82.7425
-82.5772
-82.4118
-82.2463
-82.0806
-81.9145
-81.7479
-81.5807
-81.4127
-81.2437
-81.0737
-80.9024
-80.7297
-80.5553
-80.379
-80.2007
-80.0201
-79.8369
-79.6508
-79.4615
-79.2688
-79.0721
-78.871
-78.6652
-78.4541
-78.237
-78.0134
-77.7824
-77.5431
-77.2946
-77.0357
-76.765
-76.4809
-76.1812
-75.8638
-75.5255
-75.1628
-74.771
-74.3441
-73.8742
-73.3503
-72.7572
-72.0725
-71.2619
-70.2684
-68.9892
-67.2134
-64.411
-58.7243
-38.2758
39.1063
45.1772
16.0181
-11.332
-24.5589
-38.2444
-65.1333
-93.7663
-94.9392
-94.9701
-94.9504
-94.9029
-94.8166
-94.6795
-94.4887
-94.2519
-93.9825
-93.6941
-93.3971
-93.0981
-92.8011
-92.5083
-92.2206
-91.9384
-91.6617
-91.3905
-91.1245
-90.8636
-90.6076
-90.3563
-90.1096
-89.8673
-89.6291
-89.3951
-89.1649
-88.9385
-88.7157
-88.4964
-88.2805
-88.0678
-87.8582
-87.6517
-87.448
-87.2471
-87.0488
-86.8531
-86.6598
-86.4689
-86.2803
-86.0937
-85.9092
-85.7266
-85.5459
-85.3669
-85.1896
-85.0138
-84.8395
-84.6666
-84.4949
-84.3244
-84.155
-83.9865
-83.819
-83.6523
-83.4862
-83.3208
-83.1559
-82.9913
-82.8271
-82.663
-82.499
-82.335
-82.1709
-82.0064
-81.8416
-81.6762
-81.5101
-81.3432
-81.1754
-81.0064
-80.8361
-80.6643
-80.4908
-80.3155
-80.138
-79.9581
-79.7757
-79.5902
-79.4016
-79.2093
-79.0131
-78.8125
-78.607
-78.3961
-78.1792
-77.9556
-77.7245
-77.485
-77.2361
-76.9767
-76.7051
-76.4198
-76.1188
-75.7995
-75.459
-75.0934
-74.698
-74.2664
-73.7903
-73.2584
-72.6546
-71.9553
-71.1234
-70.0973
-68.7641
-66.8857
-63.8423
-57.3055
-30.9679
41.9847
44.4186
13.783
-11.3665
-24.5287
-38.2325
-65.1252
-93.7826
-94.9434
-94.9706
-94.9492
-94.8996
-94.8093
-94.6667
-94.47
-94.2283
-93.9557
-93.6655
-93.3678
-93.069
-92.7726
-92.4805
-92.1937
-91.9124
-91.6367
-91.3663
-91.1013
-90.8414
-90.5863
-90.336
-90.0903
-89.8489
-89.6117
-89.3786
-89.1494
-88.924
-88.7022
-88.4839
-88.2689
-88.0573
-87.8487
-87.6432
-87.4405
-87.2406
-87.0434
-86.8488
-86.6566
-86.4667
-86.2791
-86.0937
-85.9103
-85.7288
-85.5492
-85.3714
-85.1952
-85.0206
-84.8474
-84.6757
-84.5052
-84.3359
-84.1678
-84.0006
-83.8343
-83.6689
-83.5042
-83.3401
-83.1765
-83.0134
-82.8506
-82.688
-82.5255
-82.363
-82.2004
-82.0376
-81.8744
-81.7108
-81.5465
-81.3814
-81.2155
-81.0484
-80.8802
-80.7105
-80.5393
-80.3662
-80.1912
-80.0138
-79.834
-79.6514
-79.4657
-79.2766
-79.0838
-78.8867
-78.685
-78.4782
-78.2657
-78.0469
-77.821
-77.5872
-77.3445
-77.0919
-76.828
-76.5513
-76.26
-75.9519
-75.6241
-75.2734
-74.8955
-74.485
-74.0347
-73.5351
-72.9728
-72.3285
-71.5734
-70.6608
-69.5099
-67.963
-65.6582
-61.5042
-50.1254
8.73017
49.7358
39.9279
0.543474
-15.1483
-28.7411
-43.8604
-77.4927
-94.5066
-94.9595
-94.9645
-94.9332
-94.8682
-94.7558
-94.5878
-94.3679
-94.1088
-93.8255
-93.5302
-93.231
-92.933
-92.6386
-92.3493
-92.0654
-91.7871
-91.5143
-91.247
-90.9848
-90.7277
-90.4754
-90.2277
-89.9846
-89.7457
-89.5111
-89.2804
-89.0537
-88.8306
-88.6112
-88.3952
-88.1825
-87.9731
-87.7668
-87.5634
-87.363
-87.1652
-86.9701
-86.7776
-86.5875
-86.3997
-86.2141
-86.0307
-85.8493
-85.6698
-85.4921
-85.3162
-85.142
-84.9693
-84.798
-84.6282
-84.4596
-84.2921
-84.1258
-83.9605
-83.7961
-83.6325
-83.4696
-83.3073
-83.1456
-82.9843
-82.8233
-82.6626
-82.5019
-82.3413
-82.1805
-82.0196
-81.8582
-81.6965
-81.5341
-81.371
-81.207
-81.0419
-80.8756
-80.708
-80.5389
-80.3679
-80.195
-80.0199
-79.8424
-79.6622
-79.4789
-79.2924
-79.1021
-78.9078
-78.709
-78.5053
-78.296
-78.0805
-77.8582
-77.6283
-77.3898
-77.1417
-76.8827
-76.6115
-76.3261
-76.0247
-75.7046
-75.3625
-74.9948
-74.5961
-74.1602
-73.678
-73.1377
-72.5222
-71.8058
-70.9486
-69.8828
-68.4811
-66.4681
-63.0894
-55.2428
-19.3925
47.843
44.3449
12.4417
-11.7055
-24.9587
-38.6356
-66.1441
-93.8869
-94.9459
-94.9698
-94.9463
-94.8927
-94.7957
-94.6442
-94.4384
-94.1893
-93.9118
-93.6192
-93.3207
-93.0223
-92.7269
-92.4364
-92.1512
-91.8716
-91.5977
-91.3292
-91.0661
-90.808
-90.5548
-90.3064
-90.0626
-89.8231
-89.5879
-89.3567
-89.1295
-88.9061
-88.6863
-88.47
-88.2572
-88.0476
-87.8411
-87.6377
-87.4372
-87.2395
-87.0445
-86.852
-86.6621
-86.4745
-86.2892
-86.1061
-85.925
-85.7459
-85.5687
-85.3933
-85.2196
-85.0475
-84.8769
-84.7077
-84.5398
-84.3732
-84.2077
-84.0433
-83.8798
-83.7172
-83.5554
-83.3942
-83.2337
-83.0736
-82.914
-82.7546
-82.5954
-82.4364
-82.2772
-82.118
-81.9585
-81.7986
-81.6383
-81.4773
-81.3155
-81.1528
-80.9891
-80.8242
-80.6578
-80.4899
-80.3202
-80.1485
-79.9746
-79.7982
-79.6191
-79.4369
-79.2515
-79.0623
-78.869
-78.6712
-78.4684
-78.2601
-78.0455
-77.8241
-77.595
-77.3573
-77.11
-76.8517
-76.5811
-76.2963
-75.9954
-75.6756
-75.3338
-74.9662
-74.5674
-74.131
-73.6482
-73.1066
-72.489
-71.7694
-70.9071
-69.8328
-68.4159
-66.3715
-62.9114
-54.7223
-16.3902
48.7739
44.5113
12.3881
-11.8322
-25.1401
-38.7994
-66.5579
-93.9258
-94.9466
-94.9694
-94.9453
-94.8907
-94.7921
-94.6387
-94.431
-94.1804
-93.9019
-93.6088
-93.3103
-93.012
-92.7171
-92.427
-92.1423
-91.8634
-91.59
-91.3222
-91.0597
-90.8023
-90.5498
-90.3021
-90.059
-89.8202
-89.5858
-89.3554
-89.1289
-88.9063
-88.6873
-88.4719
-88.2599
-88.0511
-87.8455
-87.643
-87.4434
-87.2466
-87.0525
-86.8609
-86.6719
-86.4853
-86.301
-86.1188
-85.9388
-85.7607
-85.5846
-85.4102
-85.2376
-85.0665
-84.897
-84.729
-84.5623
-84.3968
-84.2325
-84.0693
-83.9071
-83.7458
-83.5852
-83.4254
-83.2662
-83.1076
-82.9493
-82.7914
-82.6338
-82.4762
-82.3187
-82.1611
-82.0033
-81.8451
-81.6866
-81.5275
-81.3676
-81.207
-81.0454
-80.8826
-80.7185
-80.5529
-80.3857
-80.2166
-80.0455
-79.872
-79.6959
-79.517
-79.3349
-79.1494
-78.96
-78.7664
-78.568
-78.3645
-78.1552
-77.9394
-77.7165
-77.4856
-77.2458
-76.9959
-76.7345
-76.4602
-76.171
-75.8648
-75.5386
-75.1892
-74.8122
-74.402
-73.9512
-73.45
-72.8846
-72.2352
-71.4714
-70.5442
-69.368
-67.7734
-65.3632
-60.8958
-47.8334
18.753
49.1239
32.7617
-7.64349
-20.9545
-35.0207
-57.2083
-91.4519
-94.849
-94.9661
-94.9559
-94.9156
-94.8391
-94.714
-94.5351
-94.3082
-94.0462
-93.7629
-93.4693
-93.1726
-92.8773
-92.5857
-92.299
-92.0177
-91.7419
-91.4716
-91.2066
-90.9468
-90.692
-90.4421
-90.1968
-89.9561
-89.7197
-89.4874
-89.2592
-89.0349
-88.8144
-88.5975
-88.3841
-88.174
-87.9672
-87.7635
-87.5628
-87.3651
-87.17
-86.9777
-86.7879
-86.6006
-86.4157
-86.233
-86.0525
-85.874
-85.6975
-85.5229
-85.3501
-85.1789
-85.0094
-84.8413
-84.6747
-84.5094
-84.3453
-84.1824
-84.0206
-83.8597
-83.6997
-83.5405
-83.382
-83.2241
-83.0667
-82.9097
-82.753
-82.5966
-82.4403
-82.284
-82.1276
-81.971
-81.8141
-81.6567
-81.4988
-81.3401
-81.1807
-81.0202
-80.8586
-80.6958
-80.5314
-80.3654
-80.1975
-80.0276
-79.8553
-79.6805
-79.5029
-79.3221
-79.1379
-78.9498
-78.7576
-78.5607
-78.3586
-78.1507
-77.9366
-77.7153
-77.4861
-77.2481
-77.0001
-76.7408
-76.4687
-76.1819
-75.8782
-75.555
-75.2089
-74.8355
-74.4296
-73.9839
-73.4888
-72.931
-72.2913
-71.5406
-70.6323
-69.4852
-67.9412
-65.6361
-61.4695
-49.9868
9.37649
49.719
39.5689
-0.0427659
-15.4626
-29.0944
-44.5298
-78.719
-94.5437
-94.9604
-94.9641
-94.9322
-94.8664
-94.7533
-94.5847
-94.3645
-94.1056
-93.8228
-93.5282
-93.23
-92.933
-92.6398
-92.3517
-92.0692
-91.7924
-91.5212
-91.2555
-90.9951
-90.7398
-90.4894
-90.2438
-90.0027
-89.7661
-89.5337
-89.3054
-89.081
-88.8605
-88.6436
-88.4303
-88.2204
-88.0137
-87.8103
-87.6098
-87.4124
-87.2177
-87.0258
-86.8364
-86.6496
-86.4651
-86.283
-86.103
-85.9252
-85.7494
-85.5754
-85.4033
-85.2329
-85.0642
-84.897
-84.7313
-84.5669
-84.4038
-84.2419
-84.0811
-83.9213
-83.7625
-83.6045
-83.4472
-83.2906
-83.1346
-82.979
-82.8238
-82.6689
-82.5142
-82.3596
-82.2049
-82.0501
-81.8951
-81.7397
-81.5838
-81.4274
-81.2702
-81.1121
-80.953
-80.7928
-80.6312
-80.4681
-80.3033
-80.1366
-79.9678
-79.7967
-79.623
-79.4464
-79.2666
-79.0833
-78.8962
-78.7048
-78.5087
-78.3073
-78.1002
-77.8866
-77.6658
-77.4371
-77.1994
-76.9515
-76.6923
-76.4201
-76.133
-75.8289
-75.5048
-75.1575
-74.7825
-74.3744
-73.9257
-73.4265
-72.8632
-72.2157
-71.4536
-70.5282
-69.3532
-67.7587
-65.346
-60.8651
-47.708
19.2194
49.0697
32.3418
-7.95214
-21.2262
-35.2892
-57.8407
-91.702
-94.8553
-94.9662
-94.9555
-94.9149
-94.8379
-94.7123
-94.533
-94.306
-94.0441
-93.761
-93.4677
-93.1715
-92.8767
-92.5856
-92.2995
-92.0189
-91.7437
-91.4741
-91.2099
-90.951
-90.6971
-90.4481
-90.2038
-89.964
-89.7286
-89.4975
-89.2704
-89.0473
-88.8279
-88.6122
-88.4001
-88.1913
-87.9858
-87.7835
-87.5842
-87.3879
-87.1943
-87.0035
-86.8152
-86.6295
-86.4461
-86.265
-86.0862
-85.9094
-85.7346
-85.5618
-85.3908
-85.2214
-85.0538
-84.8876
-84.723
-84.5597
-84.3977
-84.2368
-84.0771
-83.9184
-83.7607
-83.6038
-83.4476
-83.2921
-83.1372
-82.9828
-82.8288
-82.675
-82.5215
-82.3681
-82.2147
-82.0611
-81.9074
-81.7533
-81.5987
-81.4436
-81.2878
-81.1312
-80.9736
-80.8149
-80.6548
-80.4934
-80.3303
-80.1653
-79.9984
-79.8291
-79.6574
-79.4829
-79.3053
-79.1243
-78.9396
-78.7508
-78.5574
-78.359
-78.155
-77.9448
-77.7278
-77.5031
-77.2697
-77.0267
-76.7728
-76.5066
-76.2262
-75.9297
-75.6143
-75.277
-74.9139
-74.5198
-74.0882
-73.6102
-73.0737
-72.4615
-71.7477
-70.8917
-69.8247
-68.4169
-66.3856
-62.9502
-54.8406
-17.0593
48.6092
44.467
12.3751
-11.8063
-25.102
-38.7654
-66.472
-93.9179
-94.9465
-94.9695
-94.9455
-94.8911
-94.7928
-94.6398
-94.4326
-94.1826
-93.9047
-93.6123
-93.3145
-93.017
-92.723
-92.4338
-92.1503
-91.8725
-91.6005
-91.334
-91.073
-90.8172
-90.5664
-90.3204
-90.0791
-89.8423
-89.6098
-89.3815
-89.1572
-88.9368
-88.7202
-88.5071
-88.2975
-88.0913
-87.8883
-87.6884
-87.4915
-87.2974
-87.1062
-86.9176
-86.7316
-86.548
-86.3668
-86.1878
-86.011
-85.8363
-85.6635
-85.4926
-85.3235
-85.1561
-84.9903
-84.826
-84.6632
-84.5017
-84.3414
-84.1824
-84.0244
-83.8674
-83.7113
-83.5561
-83.4016
-83.2478
-83.0945
-82.9417
-82.7892
-82.6371
-82.4851
-82.3332
-82.1814
-82.0294
-81.8772
-81.7246
-81.5716
-81.4181
-81.2638
-81.1087
-80.9527
-80.7955
-80.637
-80.4771
-80.3156
-80.1523
-79.987
-79.8194
-79.6493
-79.4766
-79.3007
-79.1216
-78.9387
-78.7519
-78.5605
-78.3641
-78.1623
-77.9544
-77.7397
-77.5175
-77.2869
-77.0467
-76.7959
-76.533
-76.2564
-75.9639
-75.6531
-75.321
-74.9638
-74.5766
-74.1531
-73.685
-73.1608
-72.5643
-71.8716
-71.0452
-70.0227
-68.6888
-66.7996
-63.7147
-56.9845
-29.1662
41.978
44.3913
13.6287
-11.4063
-24.5803
-38.2843
-65.2589
-93.7976
-94.9439
-94.9705
-94.9487
-94.8984
-94.8069
-94.6627
-94.4645
-94.2219
-93.9491
-93.6596
-93.3632
-93.066
-92.7717
-92.482
-92.1978
-91.9193
-91.6465
-91.3794
-91.1178
-90.8614
-90.6102
-90.3638
-90.1221
-89.885
-89.6522
-89.4237
-89.1992
-88.9787
-88.7619
-88.5487
-88.3391
-88.1329
-87.9299
-87.7301
-87.5333
-87.3394
-87.1483
-86.9599
-86.7741
-86.5908
-86.4098
-86.2312
-86.0547
-85.8803
-85.708
-85.5375
-85.3689
-85.2019
-85.0366
-84.8729
-84.7106
-84.5497
-84.3901
-84.2317
-84.0745
-83.9182
-83.7629
-83.6085
-83.4549
-83.3019
-83.1496
-82.9977
-82.8463
-82.6952
-82.5444
-82.3937
-82.243
-82.0923
-81.9414
-81.7903
-81.6387
-81.4867
-81.3341
-81.1807
-81.0264
-80.8711
-80.7147
-80.5568
-80.3975
-80.2366
-80.0737
-79.9087
-79.7415
-79.5717
-79.399
-79.2232
-79.0441
-78.8611
-78.6739
-78.4821
-78.2852
-78.0827
-77.8738
-77.658
-77.4345
-77.2022
-76.9601
-76.707
-76.4414
-76.1614
-75.865
-75.5496
-75.2119
-74.8478
-74.4521
-74.0182
-73.5368
-72.9954
-72.376
-71.6518
-70.78
-69.6873
-68.2344
-66.1109
-62.4322
-53.2608
-8.01163
49.6518
44.6212
11.4173
-12.1828
-25.6023
-39.2146
-67.6264
-94.0152
-94.9478
-94.9682
-94.9425
-94.8851
-94.7825
-94.6245
-94.4127
-94.1592
-93.8793
-93.5859
-93.288
-92.9909
-92.6975
-92.4093
-92.1268
-91.8502
-91.5793
-91.3141
-91.0543
-90.7998
-90.5503
-90.3057
-90.0658
-89.8304
-89.5994
-89.3725
-89.1497
-88.9308
-88.7157
-88.5042
-88.2962
-88.0915
-87.8901
-87.6919
-87.4967
-87.3043
-87.1148
-86.9279
-86.7436
-86.5619
-86.3824
-86.2053
-86.0303
-85.8575
-85.6866
-85.5177
-85.3505
-85.1851
-85.0213
-84.8591
-84.6983
-84.5389
-84.3808
-84.2239
-84.0682
-83.9135
-83.7597
-83.6068
-83.4547
-83.3033
-83.1526
-83.0023
-82.8525
-82.703
-82.5538
-82.4048
-82.2559
-82.1069
-81.9577
-81.8084
-81.6587
-81.5085
-81.3578
-81.2063
-81.054
-80.9008
-80.7464
-80.5908
-80.4338
-80.2751
-80.1147
-79.9522
-79.7876
-79.6205
-79.4507
-79.278
-79.102
-78.9223
-78.7387
-78.5508
-78.3579
-78.1597
-77.9555
-77.7448
-77.5267
-77.3004
-77.0649
-76.8191
-76.5615
-76.2906
-76.0045
-75.7007
-75.3765
-75.0282
-74.6513
-74.2398
-73.7862
-73.2797
-72.7057
-72.0425
-71.257
-70.2947
-69.058
-67.3487
-64.6784
-59.3883
-41.392
35.437
46.0009
18.4876
-11.4128
-24.7406
-38.3959
-65.4738
-93.7652
-94.9339
-94.9694
-94.9507
-94.9042
-94.8195
-94.6848
-94.4967
-94.2626
-93.9958
-93.7098
-93.4152
-93.1187
-92.8244
-92.5344
-92.2498
-91.9709
-91.6978
-91.4304
-91.1685
-90.912
-90.6606
-90.4142
-90.1726
-89.9356
-89.7031
-89.4748
-89.2506
-89.0304
-88.8141
-88.6014
-88.3923
-88.1867
-87.9843
-87.7852
-87.5891
-87.396
-87.2057
-87.0182
-86.8333
-86.651
-86.471
-86.2935
-86.1181
-85.9449
-85.7737
-85.6045
-85.4371
-85.2716
-85.1077
-84.9454
-84.7846
-84.6253
-84.4673
-84.3105
-84.155
-84.0005
-83.847
-83.6945
-83.5428
-83.3919
-83.2416
-83.0919
-82.9428
-82.794
-82.6456
-82.4974
-82.3494
-82.2013
-82.0533
-81.9051
-81.7566
-81.6077
-81.4584
-81.3084
-81.1578
-81.0062
-80.8537
-80.7001
-80.5451
-80.3887
-80.2307
-80.0708
-79.9089
-79.7448
-79.5782
-79.4089
-79.2366
-79.061
-78.8817
-78.6984
-78.5106
-78.318
-78.1199
-77.9158
-77.705
-77.4868
-77.2603
-77.0245
-76.7782
-76.5201
-76.2484
-75.9613
-75.6562
-75.3303
-74.98
-74.6005
-74.1858
-73.7279
-73.2159
-72.6345
-71.9611
-71.161
-70.1765
-68.9034
-67.1258
-64.2994
-58.4864
-37.0559
39.9578
44.9482
15.3369
-11.3338
-24.5396
-38.2313
-65.1087
-93.7693
-94.9402
-94.9702
-94.9501
-94.9022
-94.8152
-94.6772
-94.4857
-94.2486
-93.9797
-93.6924
-93.3971
-93.1004
-92.8061
-92.5164
-92.2322
-91.9538
-91.6813
-91.4144
-91.1532
-90.8973
-90.6466
-90.4009
-90.16
-89.9236
-89.6918
-89.4642
-89.2407
-89.0213
-88.8056
-88.5937
-88.3854
-88.1805
-87.9789
-87.7805
-87.5852
-87.3928
-87.2033
-87.0166
-86.8325
-86.6509
-86.4718
-86.295
-86.1204
-85.948
-85.7777
-85.6093
-85.4428
-85.278
-85.115
-84.9536
-84.7937
-84.6352
-84.4781
-84.3223
-84.1677
-84.0142
-83.8616
-83.7101
-83.5594
-83.4095
-83.2602
-83.1116
-82.9635
-82.8158
-82.6685
-82.5215
-82.3746
-82.2278
-82.0809
-81.934
-81.7868
-81.6392
-81.4913
-81.3428
-81.1936
-81.0436
-80.8926
-80.7406
-80.5874
-80.4327
-80.2766
-80.1186
-79.9588
-79.7968
-79.6325
-79.4655
-79.2957
-79.1228
-78.9463
-78.766
-78.5815
-78.3923
-78.1979
-77.9979
-77.7915
-77.578
-77.3568
-77.1267
-76.8868
-76.6357
-76.372
-76.0938
-75.7991
-75.4852
-75.1487
-74.7855
-74.3905
-73.9567
-73.4747
-72.9318
-72.3096
-71.5803
-70.6999
-69.5923
-68.1112
-65.9276
-62.0817
-52.1269
-1.70027
49.7847
43.5991
8.2115
-12.5896
-25.9793
-39.5059
-68.3501
-94.0677
-94.9484
-94.9673
-94.9406
-94.8816
-94.7766
-94.616
-94.4019
-94.1468
-93.866
-93.5723
-93.2746
-92.978
-92.6853
-92.398
-92.1164
-91.8409
-91.5711
-91.3071
-91.0486
-90.7954
-90.5473
-90.3042
-90.0657
-89.8319
-89.6024
-89.3772
-89.156
-88.9388
-88.7255
-88.5157
-88.3096
-88.1068
-87.9073
-87.711
-87.5178
-87.3274
-87.14
-86.9552
-86.7731
-86.5935
-86.4163
-86.2414
-86.0687
-85.8982
-85.7297
-85.5632
-85.3985
-85.2356
-85.0743
-84.9147
-84.7566
-84.5999
-84.4446
-84.2905
-84.1376
-83.9858
-83.835
-83.6852
-83.5362
-83.388
-83.2405
-83.0936
-82.9472
-82.8013
-82.6557
-82.5104
-82.3653
-82.2202
-82.0751
-81.93
-81.7846
-81.6389
-81.4928
-81.3462
-81.1989
-81.0508
-80.9019
-80.7519
-80.6007
-80.4482
-80.2942
-80.1385
-79.981
-79.8214
-79.6595
-79.4951
-79.328
-79.1578
-78.9842
-78.807
-78.6256
-78.4398
-78.2491
-78.0529
-77.8506
-77.6416
-77.4251
-77.2002
-76.966
-76.7212
-76.4644
-76.194
-75.908
-75.6039
-75.2789
-74.9291
-74.5499
-74.1351
-73.6765
-73.1631
-72.5793
-71.9018
-71.095
-70.0992
-68.8061
-66.9892
-64.0675
-57.9134
-34.1181
41.3448
44.5785
14.2642
-11.3455
-24.5175
-38.2175
-65.0842
-93.7746
-94.9421
-94.9704
-94.9496
-94.9008
-94.8121
-94.6719
-94.478
-94.239
-93.9688
-93.681
-93.3857
-93.0894
-92.7957
-92.5068
-92.2234
-91.9458
-91.6742
-91.4083
-91.1481
-90.8932
-90.6436
-90.399
-90.1591
-89.924
-89.6933
-89.4669
-89.2447
-89.0265
-88.8122
-88.6016
-88.3946
-88.1911
-87.9909
-87.794
-87.6001
-87.4092
-87.2213
-87.036
-86.8535
-86.6735
-86.496
-86.3209
-86.148
-85.9773
-85.8086
-85.642
-85.4773
-85.3143
-85.1531
-84.9936
-84.8356
-84.6791
-84.5239
-84.3701
-84.2175
-84.0661
-83.9157
-83.7663
-83.6179
-83.4702
-83.3233
-83.177
-83.0314
-82.8862
-82.7414
-82.597
-82.4528
-82.3088
-82.1648
-82.0208
-81.8766
-81.7322
-81.5875
-81.4423
-81.2966
-81.1502
-81.003
-80.8549
-80.7057
-80.5553
-80.4036
-80.2503
-80.0954
-79.9385
-79.7796
-79.6183
-79.4545
-79.288
-79.1183
-78.9452
-78.7685
-78.5876
-78.4022
-78.2117
-78.0158
-77.8138
-77.6049
-77.3885
-77.1636
-76.9293
-76.6843
-76.4271
-76.1562
-75.8695
-75.5646
-75.2383
-74.887
-74.5057
-74.0883
-73.6263
-73.1084
-72.5183
-71.8322
-71.0127
-69.9975
-68.6718
-66.7923
-63.7208
-57.019
-29.3558
41.9622
44.3844
13.6074
-11.4087
-24.5828
-38.2865
-65.2648
-93.7981
-94.9438
-94.9705
-94.9487
-94.8984
-94.8069
-94.6629
-94.4649
-94.2226
-93.9504
-93.6616
-93.366
-93.07
-92.7769
-92.4886
-92.2058
-91.929
-91.6581
-91.3929
-91.1333
-90.8792
-90.6302
-90.3863
-90.1471
-89.9126
-89.6826
-89.457
-89.2354
-89.0179
-88.8043
-88.5944
-88.3881
-88.1853
-87.9858
-87.7896
-87.5964
-87.4063
-87.219
-87.0345
-86.8527
-86.6735
-86.4967
-86.3224
-86.1502
-85.9803
-85.8125
-85.6466
-85.4827
-85.3205
-85.1602
-85.0014
-84.8443
-84.6886
-84.5343
-84.3814
-84.2296
-84.0791
-83.9296
-83.7811
-83.6336
-83.4869
-83.3409
-83.1957
-83.051
-82.9069
-82.7631
-82.6198
-82.4767
-82.3337
-82.1909
-82.0481
-81.9051
-81.762
-81.6185
-81.4747
-81.3303
-81.1853
-81.0396
-80.893
-80.7454
-80.5966
-80.4466
-80.2951
-80.142
-79.9871
-79.8302
-79.6711
-79.5095
-79.3453
-79.1782
-79.0078
-78.8339
-78.656
-78.4738
-78.2869
-78.0947
-77.8968
-77.6923
-77.4808
-77.2612
-77.0327
-76.7942
-76.5443
-76.2816
-76.0041
-75.7097
-75.3957
-75.0586
-74.6942
-74.2971
-73.8601
-73.3734
-72.8237
-72.1913
-71.447
-70.5434
-69.3975
-67.8473
-65.5167
-61.2533
-49.2007
12.949
49.5813
37.3133
-3.22585
-17.4568
-31.3248
-48.988
-85.3456
-94.7105
-94.9639
-94.9611
-94.9258
-94.8557
-94.7377
-94.565
-94.3425
-94.0832
-93.8014
-93.5088
-93.213
-92.9189
-92.6287
-92.3438
-92.0646
-91.7913
-91.5238
-91.2619
-91.0055
-90.7544
-90.5085
-90.2674
-90.0311
-89.7993
-89.572
-89.3489
-89.1299
-88.9149
-88.7037
-88.4961
-88.2922
-88.0916
-87.8944
-87.7003
-87.5093
-87.3213
-87.1361
-86.9537
-86.7739
-86.5966
-86.4218
-86.2493
-86.0791
-85.911
-85.745
-85.5809
-85.4187
-85.2584
-85.0997
-84.9427
-84.7872
-84.6331
-84.4805
-84.3291
-84.179
-84.03
-83.8821
-83.7352
-83.5891
-83.4439
-83.2995
-83.1557
-83.0125
-82.8698
-82.7275
-82.5856
-82.4439
-82.3024
-82.161
-82.0196
-81.878
-81.7363
-81.5943
-81.4519
-81.3089
-81.1653
-81.021
-80.8759
-80.7297
-80.5824
-80.4339
-80.2839
-80.1323
-79.9789
-79.8236
-79.666
-79.5062
-79.3436
-79.1782
-79.0096
-78.8375
-78.6615
-78.4813
-78.2964
-78.1064
-77.9107
-77.7086
-77.4996
-77.2828
-77.0572
-76.8218
-76.5753
-76.3163
-76.043
-75.7532
-75.4443
-75.1132
-74.7557
-74.3667
-73.9393
-73.4645
-72.9297
-72.3169
-71.5991
-70.7333
-69.6462
-68.1973
-66.074
-62.3813
-53.1043
-7.14149
49.6804
44.5042
10.9904
-12.2294
-25.6463
-39.2527
-67.7238
-94.0222
-94.9478
-94.968
-94.9421
-94.8844
-94.7814
-94.623
-94.4111
-94.1578
-93.8783
-93.5857
-93.2888
-92.993
-92.7011
-92.4146
-92.1339
-91.8593
-91.5906
-91.3278
-91.0705
-90.8186
-90.5719
-90.3302
-90.0933

