-70
-68.3342
-66.1959
-62.7526
-55.043
-20.9736
46.8035
43.1597
7.95339
-12.602
-25.9966
-39.5799
-68.5433
-94.0984
-94.9582
-94.9736
-94.9521
-94.9105
-94.8428
-94.7458
-94.6226
-94.4807
-94.3283
-94.1716
-94.0146
-93.8594
-93.7067
-93.5569
-93.4099
-93.2657
-93.1239
-92.9845
-92.8473
-92.7121
-92.5788
-92.4474
-92.3177
-92.1897
-92.0633
-91.9384
-91.815
-91.693
-91.5724
-91.453
-91.335
-91.2181
-91.1024
-90.9879
-90.8744
-90.762
-90.6506
-90.5402
-90.4307
-90.3222
-90.2145
-90.1077
-90.0017
-89.8965
-89.7921
-89.6884
-89.5855
-89.4832
-89.3816
-89.2806
-89.1802
-89.0804
-88.9812
-88.8825
-88.7844
-88.6867
-88.5896
-88.4929
-88.3966
-88.3008
-88.2053
-88.1103
-88.0156
-87.9213
-87.8272
-87.7335
-87.6401
-87.547
-87.4541
-87.3615
-87.2691
-87.1769
-87.0849
-86.9931
-86.9014
-86.8099
-86.7185
-86.6272
-86.536
-86.4449
-86.3539
-86.2629
-86.1719
-86.081
-85.9901
-85.8991
-85.8081
-85.7171
-85.626
-85.5349
-85.4436
-85.3522
-85.2607
-85.1691
-85.0773
-84.9853
-84.8931
-84.8006
-84.708
-84.6151
-84.5219
-84.4284
-84.3346
-84.2405
-84.146
-84.0511
-83.9558
-83.8601
-83.7639
-83.6672
-83.5701
-83.4724
-83.3741
-83.2753
-83.1758
-83.0757
-82.9748
-82.8733
-82.771
-82.6679
-82.564
-82.4592
-82.3535
-82.2468
-82.1391
-82.0304
-81.9205
-81.8094
-81.6971
-81.5836
-81.4686
-81.3522
-81.2344
-81.1149
-80.9937
-80.8708
-80.746
-80.6192
-80.4904
-80.3593
-80.2259
-80.09
-79.9514
-79.8101
-79.6657
-79.5182
-79.3672
-79.2125
-79.054
-78.8911
-78.7238
-78.5515
-78.3739
-78.1904
-78.0007
-77.8041
-77.5999
-77.3873
-77.1656
-76.9335
-76.69
-76.4336
-76.1626
-75.8749
-75.5681
-75.239
-74.8838
-74.4975
-74.0735
-73.6034
-73.0752
-72.4718
-71.768
-70.9239
-69.8722
-68.4857
-66.489
-63.1266
-55.293
-19.175
48.0264
44.3763
12.5087
-11.6967
-24.9484
-38.6272
-66.1366
-93.9155
-94.957
-94.9763
-94.9572
-94.9196
-94.8575
-94.7671
-94.6505
-94.515
-94.3685
-94.2177
-94.0669
-93.9183
-93.773
-93.6314
-93.4933
-93.3587
-93.2274
-93.0992
-92.9739
-92.8513
-92.7313
-92.6137
-92.4985
-92.3855
-92.2746
-92.1658
-92.0589
-91.9538
-91.8505
-91.749
-91.6491
-91.5507
-91.4539
-91.3585
-91.2646
-91.172
-91.0806
-90.9906
-90.9017
-90.814
-90.7274
-90.6419
-90.5574
-90.4739
-90.3913
-90.3097
-90.2289
-90.149
-90.0699
-89.9916
-89.9141
-89.8373
-89.7612
-89.6857
-89.6109
-89.5368
-89.4632
-89.3902
-89.3178
-89.2458
-89.1744
-89.1035
-89.0331
-88.9631
-88.8935
-88.8243
-88.7555
-88.6871
-88.6191
-88.5514
-88.484
-88.4169
-88.3502
-88.2837
-88.2174
-88.1515
-88.0857
-88.0202
-87.9549
-87.8898
-87.8249
-87.7602
-87.6956
-87.6311
-87.5669
-87.5027
-87.4387
-87.3747
-87.3109
-87.2471
-87.1835
-87.1198
-87.0563
-86.9928
-86.9293
-86.8659
-86.8024
-86.739
-86.6756
-86.6122
-86.5487
-86.4852
-86.4217
-86.3581
-86.2945
-86.2309
-86.1671
-86.1033
-86.0394
-85.9753
-85.9112
-85.847
-85.7826
-85.7181
-85.6535
-85.5887
-85.5238
-85.4586
-85.3934
-85.3279
-85.2622
-85.1963
-85.1302
-85.0639
-84.9974
-84.9306
-84.8636
-84.7963
-84.7287
-84.6608
-84.5927
-84.5242
-84.4555
-84.3864
-84.3169
-84.2471
-84.177
-84.1065
-84.0355
-83.9642
-83.8925
-83.8203
-83.7477
-83.6747
-83.6011
-83.5271
-83.4526
-83.3775
-83.3019
-83.2257
-83.149
-83.0717
-82.9937
-82.9151
-82.8358
-82.7559
-82.6752
-82.5939
-82.5117
-82.4288
-82.345
-82.2604
-82.1749
-82.0886
-82.0012
-81.9129
-81.8236
-81.7332
-81.6417
-81.549
-81.4552
-81.3601
-81.2637
-81.166
-81.0668
-80.9662
-80.864
-80.7602
-80.6547
-80.5474
-80.4383
-80.3272
-80.214
-80.0987
-79.9811
-79.861
-79.7384
-79.6131
-79.4849
-79.3537
-79.2193
-79.0814
-78.9398
-78.7942
-78.6445
-78.4902
-78.331
-78.1665
-77.9963
-77.8199
-77.6367
-77.4461
-77.2474
-77.0397
-76.822
-76.5931
-76.3519
-76.0966
-75.8253
-75.5358
-75.2251
-74.8897
-74.525
-74.1252
-73.6826
-73.1864
-72.6219
-71.9673
-71.1889
-70.2316
-68.9954
-67.2763
-64.5664
-59.1138
-40.0154
37.848
45.4952
16.9334
-11.3562
-24.6204
-38.2981
-65.2764
-93.8125
-94.9505
-94.9758
-94.9588
-94.9236
-94.8653
-94.7798
-94.6681
-94.5357
-94.3903
-94.2386
-94.0855
-93.9337
-93.785
-93.64
-93.4989
-93.3616
-93.228
-93.098
-92.9713
-92.8478
-92.7273
-92.6096
-92.4947
-92.3823
-92.2723
-92.1647
-92.0594
-91.9562
-91.855
-91.7558
-91.6585
-91.563
-91.4692
-91.3771
-91.2866
-91.1976
-91.1101
-91.0239
-90.9392
-90.8557
-90.7735
-90.6925
-90.6126
-90.5338
-90.4562
-90.3795
-90.3038
-90.229
-90.1552
-90.0822
-90.0101
-89.9388
-89.8682
-89.7984
-89.7293
-89.6609
-89.5931
-89.526
-89.4594
-89.3935
-89.3281
-89.2632
-89.1988
-89.1349
-89.0715
-89.0086
-88.946
-88.8839
-88.8221
-88.7607
-88.6997
-88.639
-88.5786
-88.5186
-88.4588
-88.3993
-88.34
-88.281
-88.2222
-88.1637
-88.1053
-88.0472
-87.9892
-87.9314
-87.8737
-87.8162
-87.7588
-87.7016
-87.6444
-87.5874
-87.5305
-87.4736
-87.4168
-87.3601
-87.3034
-87.2468
-87.1902
-87.1336
-87.0771
-87.0205
-86.964
-86.9074
-86.8509
-86.7943
-86.7377
-86.681
-86.6243
-86.5675
-86.5107
-86.4538
-86.3969
-86.3398
-86.2827
-86.2254
-86.1681
-86.1106
-86.053
-85.9953
-85.9375
-85.8795
-85.8213
-85.763
-85.7046
-85.6459
-85.5871
-85.5281
-85.4689
-85.4095
-85.3499
-85.29
-85.23
-85.1697
-85.1092
-85.0484
-84.9874
-84.926
-84.8645
-84.8026
-84.7404
-84.678
-84.6152
-84.5521
-84.4887
-84.425
-84.3609
-84.2964
-84.2315
-84.1663
-84.1007
-84.0347
-83.9683
-83.9014
-83.8341
-83.7664
-83.6982
-83.6295
-83.5603
-83.4906
-83.4204
-83.3496
-83.2783
-83.2064
-83.1339
-83.0608
-82.9871
-82.9128
-82.8377
-82.762
-82.6856
-82.6085
-82.5305
-82.4518
-82.3723
-82.292
-82.2108
-82.1287
-82.0457
-81.9617
-81.8767
-81.7907
-81.7036
-81.6153
-81.526
-81.4354
-81.3436
-81.2505
-81.156
-81.0601
-80.9628
-80.8639
-80.7634
-80.6612
-80.5572
-80.4514
-80.3436
-80.2339
-80.1219
-80.0078
-79.8912
-79.7722
-79.6504
-79.5259
-79.3984
-79.2678
-79.1338
-78.9962
-78.8548
-78.7093
-78.5595
-78.4049
-78.2452
-78.08
-77.9089
-77.7313
-77.5467
-77.3542
-77.1533
-76.943
-76.7222
-76.4898
-76.2443
-75.984
-75.7067
-75.4101
-75.0909
-74.7453
-74.3682
-73.9531
-73.4911
-72.9704
-72.3736
-71.6751
-70.8343
-69.782
-68.3882
-66.3679
-62.9317
-54.7634
-16.1563
48.8777
44.5204
12.339
-11.8489
-25.1615
-38.8214
-66.6291
-93.9609
-94.9571
-94.9745
-94.9537
-94.9129
-94.8456
-94.7477
-94.6218
-94.4758
-94.3186
-94.1574
-93.9966
-93.8389
-93.6853
-93.5363
-93.3919
-93.2518
-93.1159
-92.9838
-92.8555
-92.7307
-92.6091
-92.4907
-92.3753
-92.2628
-92.1529
-92.0457
-91.9409
-91.8385
-91.7383
-91.6403
-91.5444
-91.4505
-91.3585
-91.2683
-91.1799
-91.0931
-91.008
-90.9244
-90.8423
-90.7616
-90.6823
-90.6043
-90.5275
-90.452
-90.3776
-90.3044
-90.2322
-90.161
-90.0909
-90.0216
-89.9533
-89.8858
-89.8192
-89.7534
-89.6883
-89.624
-89.5604
-89.4974
-89.4351
-89.3735
-89.3124
-89.2519
-89.1919
-89.1325
-89.0735
-89.015
-88.957
-88.8994
-88.8422
-88.7855
-88.7291
-88.673
-88.6173
-88.5619
-88.5068
-88.452
-88.3975
-88.3433
-88.2893
-88.2355
-88.1819
-88.1286
-88.0754
-88.0224
-87.9696
-87.9169
-87.8644
-87.812
-87.7598
-87.7076
-87.6556
-87.6036
-87.5517
-87.4999
-87.4482
-87.3965
-87.3448
-87.2932
-87.2416
-87.19
-87.1385
-87.0869
-87.0353
-86.9837
-86.9321
-86.8805
-86.8288
-86.7771
-86.7253
-86.6735
-86.6216
-86.5696
-86.5176
-86.4654
-86.4132
-86.3609
-86.3084
-86.2559
-86.2032
-86.1504
-86.0975
-86.0444
-85.9912
-85.9378
-85.8843
-85.8306
-85.7767
-85.7227
-85.6685
-85.614
-85.5594
-85.5046
-85.4496
-85.3943
-85.3388
-85.2831
-85.2272
-85.171
-85.1145
-85.0578
-85.0008
-84.9436
-84.886
-84.8282
-84.7701
-84.7117
-84.6529
-84.5938
-84.5344
-84.4747
-84.4146
-84.3542
-84.2933
-84.2321
-84.1706
-84.1086
-84.0462
-83.9834
-83.9202
-83.8565
-83.7924
-83.7278
-83.6627
-83.5971
-83.5311
-83.4645
-83.3974
-83.3297
-83.2615
-83.1927
-83.1233
-83.0533
-82.9827
-82.9114
-82.8395
-82.7669
-82.6936
-82.6195
-82.5447
-82.4691
-82.3927
-82.3155
-82.2374
-82.1585
-82.0786
-81.9978
-81.9161
-81.8333
-81.7494
-81.6645
-81.5785
-81.4913
-81.4029
-81.3132
-81.2222
-81.1298
-81.036
-80.9408
-80.844
-80.7456
-80.6454
-80.5436
-80.4398
-80.3342
-80.2265
-80.1167
-80.0046
-79.8901
-79.7732
-79.6536
-79.5312
-79.4059
-79.2775
-79.1457
-79.0103
-78.8712
-78.728
-78.5805
-78.4284
-78.2712
-78.1086
-77.9401
-77.7653
-77.5836
-77.3942
-77.1965
-76.9896
-76.7725
-76.544
-76.3027
-76.047
-75.775
-75.4842
-75.1716
-74.8335
-74.4653
-74.0608
-73.6118
-73.1073
-72.5315
-71.861
-71.0599
-70.0679
-68.7746
-66.948
-63.9877
-57.6654
-32.5681
42.1001
44.4276
13.8205
-11.352
-24.5084
-38.2142
-65.0923
-93.8097
-94.9541
-94.9752
-94.9557
-94.9167
-94.852
-94.757
-94.6329
-94.4865
-94.3263
-94.1599
-93.9926
-93.8274
-93.6661
-93.5093
-93.3572
-93.2099
-93.0671
-92.9286
-92.7942
-92.6637
-92.5369
-92.4136
-92.2936
-92.1768
-92.0631
-91.9522
-91.844
-91.7385
-91.6356
-91.535
-91.4367
-91.3407
-91.2467
-91.1548
-91.0648
-90.9767
-90.8904
-90.8057
-90.7228
-90.6413
-90.5614
-90.483
-90.4059
-90.3302
-90.2557
-90.1825
-90.1104
-90.0395
-89.9696
-89.9008
-89.833
-89.7661
-89.7002
-89.6351
-89.5709
-89.5075
-89.4448
-89.3829
-89.3217
-89.2612
-89.2013
-89.1421
-89.0834
-89.0254
-88.9678
-88.9108
-88.8543
-88.7983
-88.7427
-88.6875
-88.6328
-88.5784
-88.5244
-88.4708
-88.4175
-88.3645
-88.3118
-88.2594
-88.2073
-88.1555
-88.1038
-88.0524
-88.0012
-87.9503
-87.8995
-87.8488
-87.7984
-87.748
-87.6979
-87.6478
-87.5979
-87.548
-87.4983
-87.4486
-87.399
-87.3495
-87.3
-87.2506
-87.2012
-87.1518
-87.1025
-87.0531
-87.0038
-86.9544
-86.9051
-86.8557
-86.8063
-86.7568
-86.7073
-86.6578
-86.6081
-86.5585
-86.5087
-86.4589
-86.409
-86.3589
-86.3088
-86.2586
-86.2082
-86.1578
-86.1072
-86.0565
-86.0056
-85.9546
-85.9034
-85.8521
-85.8006
-85.7489
-85.6971
-85.645
-85.5928
-85.5404
-85.4877
-85.4349
-85.3818
-85.3285
-85.275
-85.2213
-85.1673
-85.113
-85.0585
-85.0037
-84.9487
-84.8933
-84.8377
-84.7818
-84.7256
-84.6691
-84.6122
-84.555
-84.4975
-84.4397
-84.3815
-84.3229
-84.264
-84.2047
-84.145
-84.0848
-84.0243
-83.9634
-83.902
-83.8402
-83.778
-83.7153
-83.6521
-83.5884
-83.5242
-83.4595
-83.3942
-83.3285
-83.2621
-83.1952
-83.1277
-83.0596
-82.9909
-82.9216
-82.8515
-82.7808
-82.7095
-82.6373
-82.5645
-82.4909
-82.4165
-82.3413
-82.2652
-82.1883
-82.1105
-82.0318
-81.9521
-81.8714
-81.7897
-81.7069
-81.6231
-81.5381
-81.4519
-81.3645
-81.2759
-81.1859
-81.0945
-81.0017
-80.9074
-80.8116
-80.7141
-80.6149
-80.5139
-80.4111
-80.3063
-80.1995
-80.0905
-79.9792
-79.8656
-79.7495
-79.6307
-79.5091
-79.3845
-79.2568
-79.1257
-78.9911
-78.8526
-78.7101
-78.5633
-78.4117
-78.2551
-78.0931
-77.9252
-77.7509
-77.5696
-77.3807
-77.1834
-76.9768
-76.76
-76.5318
-76.2908
-76.0353
-75.7634
-75.4725
-75.1599
-74.8216
-74.4531
-74.048
-73.5983
-73.0927
-72.5154
-71.8429
-71.0388
-70.0422
-68.7412
-66.9003
-63.9066
-57.4666
-31.5407
42.239
44.3802
13.6622
-11.3674
-24.5241
-38.2307
-65.1351
-93.8144
-94.954
-94.9746
-94.9543
-94.9139
-94.8467
-94.7478
-94.6185
-94.4659
-94.2988
-94.1253
-93.9508
-93.7787
-93.6106
-93.4474
-93.2893
-93.1363
-92.9881
-92.8446
-92.7055
-92.5706
-92.4397
-92.3127
-92.1892
-92.0691
-91.9524
-91.8387
-91.728
-91.6202
-91.5151
-91.4127
-91.3127
-91.2151
-91.1198
-91.0266
-90.9356
-90.8466
-90.7595
-90.6742
-90.5908
-90.509
-90.4288
-90.3502
-90.2731
-90.1975
-90.1232
-90.0502
-89.9785
-89.908
-89.8387
-89.7705
-89.7033
-89.6372
-89.5721
-89.5079
-89.4446
-89.3822
-89.3206
-89.2598
-89.1998
-89.1405
-89.0819
-89.0239
-88.9666
-88.9099
-88.8538
-88.7983
-88.7433
-88.6888
-88.6347
-88.5812
-88.5281
-88.4754
-88.4231
-88.3712
-88.3196
-88.2684
-88.2175
-88.1669
-88.1166
-88.0666
-88.0168
-87.9673
-87.918
-87.869
-87.8201
-87.7714
-87.7229
-87.6746
-87.6264
-87.5783
-87.5304
-87.4825
-87.4348
-87.3872
-87.3396
-87.2922
-87.2448
-87.1974
-87.1501
-87.1028
-87.0556
-87.0083
-86.9611
-86.9139
-86.8666
-86.8194
-86.7721
-86.7247
-86.6774
-86.63
-86.5825
-86.535
-86.4874
-86.4397
-86.392
-86.3441
-86.2962
-86.2482
-86.2
-86.1517
-86.1033
-86.0548
-86.0061
-85.9573
-85.9084
-85.8593
-85.81
-85.7606
-85.711
-85.6612
-85.6112
-85.561
-85.5106
-85.4601
-85.4093
-85.3583
-85.307
-85.2556
-85.2039
-85.1519
-85.0997
-85.0473
-84.9945
-84.9415
-84.8883
-84.8347
-84.7809
-84.7267
-84.6723
-84.6175
-84.5624
-84.507
-84.4512
-84.3951
-84.3386
-84.2818
-84.2246
-84.167
-84.1091
-84.0507
-83.9919
-83.9327
-83.873
-83.813
-83.7524
-83.6914
-83.63
-83.568
-83.5056
-83.4426
-83.3791
-83.315
-83.2505
-83.1853
-83.1195
-83.0532
-82.9862
-82.9186
-82.8504
-82.7815
-82.7119
-82.6416
-82.5705
-82.4987
-82.4262
-82.3528
-82.2786
-82.2035
-82.1276
-82.0508
-81.973
-81.8943
-81.8146
-81.7338
-81.652
-81.569
-81.4849
-81.3996
-81.3131
-81.2253
-81.1361
-81.0455
-80.9535
-80.86
-80.7649
-80.6682
-80.5697
-80.4695
-80.3673
-80.2632
-80.157
-80.0486
-79.938
-79.8249
-79.7093
-79.5911
-79.47
-79.3458
-79.2185
-79.0878
-78.9535
-78.8154
-78.6732
-78.5265
-78.3751
-78.2186
-78.0566
-77.8887
-77.7142
-77.5327
-77.3435
-77.1457
-76.9386
-76.7211
-76.492
-76.2499
-75.993
-75.7194
-75.4265
-75.1114
-74.7701
-74.3978
-73.9881
-73.5324
-73.0191
-72.4315
-71.745
-70.9207
-69.8933
-68.5406
-66.6001
-63.3637
-56.0027
-23.3421
45.5282
44.2227
12.6802
-11.5619
-24.7618
-38.4592
-65.7146
-93.8733
-94.9549
-94.9735
-94.9515
-94.9083
-94.8364
-94.7307
-94.5932
-94.4319
-94.2565
-94.0755
-93.8942
-93.7159
-93.5423
-93.3739
-93.2111
-93.0536
-92.9013
-92.7539
-92.6112
-92.473
-92.3389
-92.2089
-92.0827
-91.9601
-91.841
-91.7252
-91.6126
-91.503
-91.3963
-91.2923
-91.191
-91.0922
-90.9959
-90.9018
-90.81
-90.7203
-90.6326
-90.547
-90.4631
-90.3811
-90.3008
-90.2221
-90.1451
-90.0695
-89.9954
-89.9227
-89.8514
-89.7813
-89.7124
-89.6448
-89.5782
-89.5128
-89.4484
-89.3849
-89.3225
-89.2609
-89.2003
-89.1404
-89.0814
-89.0231
-88.9656
-88.9088
-88.8526
-88.7971
-88.7423
-88.688
-88.6342
-88.581
-88.5283
-88.4761
-88.4244
-88.3731
-88.3222
-88.2718
-88.2217
-88.1719
-88.1226
-88.0735
-88.0247
-87.9763
-87.9281
-87.8802
-87.8325
-87.785
-87.7377
-87.6907
-87.6438
-87.5971
-87.5506
-87.5042
-87.4579
-87.4118
-87.3658
-87.3199
-87.274
-87.2283
-87.1826
-87.137
-87.0914
-87.0459
-87.0004
-86.9549
-86.9094
-86.864
-86.8185
-86.773
-86.7275
-86.682
-86.6364
-86.5908
-86.5451
-86.4994
-86.4536
-86.4077
-86.3618
-86.3157
-86.2696
-86.2234
-86.1771
-86.1306
-86.084
-86.0373
-85.9905
-85.9435
-85.8964
-85.8492
-85.8017
-85.7541
-85.7064
-85.6585
-85.6103
-85.562
-85.5135
-85.4648
-85.4159
-85.3668
-85.3174
-85.2678
-85.218
-85.168
-85.1177
-85.0672
-85.0164
-84.9653
-84.914
-84.8623
-84.8104
-84.7582
-84.7057
-84.6529
-84.5998
-84.5464
-84.4926
-84.4385
-84.3841
-84.3293
-84.2741
-84.2186
-84.1627
-84.1064
-84.0497
-83.9926
-83.9351
-83.8771
-83.8188
-83.7599
-83.7007
-83.6409
-83.5807
-83.52
-83.4588
-83.397
-83.3348
-83.2719
-83.2086
-83.1446
-83.0801
-83.015
-82.9492
-82.8829
-82.8158
-82.7481
-82.6797
-82.6106
-82.5408
-82.4702
-82.3988
-82.3267
-82.2537
-82.1799
-82.1051
-82.0295
-81.953
-81.8755
-81.797
-81.7174
-81.6368
-81.5551
-81.4723
-81.3882
-81.3029
-81.2164
-81.1285
-81.0392
-80.9485
-80.8563
-80.7625
-80.6671
-80.57
-80.4711
-80.3704
-80.2677
-80.1629
-80.056
-79.9469
-79.8353
-79.7213
-79.6046
-79.4851
-79.3627
-79.2371
-79.1082
-78.9758
-78.8395
-78.6993
-78.5547
-78.4055
-78.2513
-78.0916
-77.9262
-77.7545
-77.5758
-77.3896
-77.1952
-76.9916
-76.778
-76.5531
-76.3157
-76.064
-75.7963
-75.5101
-75.2026
-74.8701
-74.5082
-74.111
-73.6707
-73.1765
-72.6137
-71.9605
-71.1829
-70.2257
-68.9885
-67.2661
-64.5465
-59.0555
-39.6658
38.2035
45.4068
16.6532
-11.3583
-24.6154
-38.2955
-65.2734
-93.8133
-94.9495
-94.9731
-94.9532
-94.9124
-94.8442
-94.7433
-94.6099
-94.4508
-94.275
-94.091
-93.905
-93.721
-93.5411
-93.3664
-93.1973
-93.0337
-92.8755
-92.7226
-92.5746
-92.4313
-92.2925
-92.158
-92.0276
-91.901
-91.7781
-91.6588
-91.5428
-91.43
-91.3203
-91.2135
-91.1095
-91.0082
-90.9095
-90.8132
-90.7193
-90.6276
-90.5381
-90.4507
-90.3653
-90.2817
-90.2
-90.1201
-90.0418
-89.9651
-89.89
-89.8163
-89.744
-89.6732
-89.6036
-89.5352
-89.4681
-89.4021
-89.3372
-89.2734
-89.2105
-89.1487
-89.0878
-89.0277
-88.9685
-88.9101
-88.8525
-88.7957
-88.7395
-88.6841
-88.6293
-88.5751
-88.5215
-88.4685
-88.416
-88.3641
-88.3126
-88.2616
-88.2111
-88.161
-88.1113
-88.0619
-88.013
-87.9643
-87.9161
-87.8681
-87.8204
-87.773
-87.7258
-87.6789
-87.6322
-87.5858
-87.5395
-87.4934
-87.4475
-87.4017
-87.3561
-87.3107
-87.2653
-87.2201
-87.1749
-87.1299
-87.0849
-87.04
-86.9952
-86.9504
-86.9056
-86.8609
-86.8162
-86.7714
-86.7267
-86.682
-86.6373
-86.5925
-86.5478
-86.5029
-86.4581
-86.4131
-86.3682
-86.3231
-86.278
-86.2327
-86.1874
-86.142
-86.0965
-86.0509
-86.0051
-85.9592
-85.9132
-85.8671
-85.8208
-85.7744
-85.7278
-85.681
-85.6341
-85.587
-85.5397
-85.4922
-85.4445
-85.3966
-85.3486
-85.3003
-85.2517
-85.203
-85.154
-85.1048
-85.0553
-85.0056
-84.9557
-84.9054
-84.8549
-84.8041
-84.753
-84.7017
-84.65
-84.598
-84.5457
-84.4931
-84.4401
-84.3869
-84.3332
-84.2792
-84.2249
-84.1702
-84.1151
-84.0596
-84.0037
-83.9474
-83.8907
-83.8336
-83.776
-83.718
-83.6595
-83.6006
-83.5411
-83.4812
-83.4208
-83.3598
-83.2984
-83.2364
-83.1738
-83.1106
-83.0469
-82.9826
-82.9176
-82.852
-82.7858
-82.7189
-82.6513
-82.583
-82.5139
-82.4441
-82.3736
-82.3022
-82.23
-82.157
-82.083
-82.0082
-81.9325
-81.8558
-81.7781
-81.6993
-81.6195
-81.5387
-81.4566
-81.3734
-81.2889
-81.2032
-81.1162
-81.0277
-80.9379
-80.8465
-80.7536
-80.6591
-80.5628
-80.4648
-80.365
-80.2632
-80.1594
-80.0534
-79.9452
-79.8346
-79.7216
-79.6059
-79.4875
-79.3661
-79.2416
-79.1138
-78.9825
-78.8475
-78.7084
-78.5651
-78.4172
-78.2644
-78.1062
-77.9423
-77.7722
-77.5952
-77.4109
-77.2184
-77.0169
-76.8056
-76.5831
-76.3484
-76.0997
-75.8353
-75.5529
-75.2497
-74.9222
-74.5662
-74.1759
-73.7439
-73.2603
-72.7109
-72.0754
-71.3226
-70.4018
-69.2232
-67.6072
-65.1237
-60.3857
-45.6722
26.8349
47.8677
25.4356
-10.9765
-24.3135
-38.0731
-64.613
-93.5362
-94.9247
-94.9706
-94.9536
-94.9141
-94.8474
-94.7477
-94.6149
-94.4547
-94.2764
-94.0887
-93.8982
-93.7092
-93.5241
-93.3441
-93.1696
-93.0009
-92.8377
-92.6798
-92.5272
-92.3794
-92.2364
-92.0978
-91.9635
-91.8332
-91.7068
-91.5841
-91.465
-91.3492
-91.2366
-91.1271
-91.0206
-90.9169
-90.8159
-90.7175
-90.6216
-90.5281
-90.4368
-90.3477
-90.2607
-90.1757
-90.0927
-90.0114
-89.932
-89.8542
-89.778
-89.7034
-89.6303
-89.5586
-89.4883
-89.4193
-89.3516
-89.2851
-89.2197
-89.1554
-89.0922
-89.0301
-88.9689
-88.9086
-88.8492
-88.7907
-88.733
-88.6761
-88.62
-88.5645
-88.5098
-88.4557
-88.4023
-88.3494
-88.2971
-88.2454
-88.1941
-88.1434
-88.0932
-88.0434
-87.994
-87.945
-87.8965
-87.8482
-87.8004
-87.7528
-87.7056
-87.6587
-87.612
-87.5656
-87.5194
-87.4735
-87.4278
-87.3823
-87.3369
-87.2918
-87.2468
-87.2019
-87.1572
-87.1126
-87.0681
-87.0237
-86.9793
-86.9351
-86.8909
-86.8468
-86.8027
-86.7587
-86.7146
-86.6706
-86.6266
-86.5826
-86.5386
-86.4946
-86.4505
-86.4064
-86.3623
-86.3181
-86.2738
-86.2295
-86.1851
-86.1407
-86.0961
-86.0514
-86.0067
-85.9618
-85.9168
-85.8717
-85.8264
-85.781
-85.7355
-85.6898
-85.644
-85.598
-85.5518
-85.5054
-85.4589
-85.4122
-85.3653
-85.3181
-85.2708
-85.2233
-85.1755
-85.1275
-85.0793
-85.0308
-84.9821
-84.9331
-84.8839
-84.8344
-84.7846
-84.7346
-84.6842
-84.6336
-84.5827
-84.5314
-84.4799
-84.428
-84.3757
-84.3232
-84.2703
-84.217
-84.1634
-84.1094
-84.055
-84.0002
-83.945
-83.8894
-83.8334
-83.777
-83.7201
-83.6628
-83.605
-83.5468
-83.488
-83.4288
-83.369
-83.3088
-83.248
-83.1866
-83.1247
-83.0622
-82.9992
-82.9355
-82.8712
-82.8063
-82.7407
-82.6744
-82.6074
-82.5398
-82.4714
-82.4022
-82.3323
-82.2615
-82.1899
-82.1175
-82.0442
-81.97
-81.8949
-81.8188
-81.7417
-81.6635
-81.5843
-81.504
-81.4226
-81.3399
-81.256
-81.1709
-81.0844
-80.9965
-80.9072
-80.8164
-80.724
-80.63
-80.5344
-80.4369
-80.3376
-80.2363
-80.133
-80.0275
-79.9198
-79.8097
-79.6972
-79.582
-79.464
-79.3431
-79.2191
-79.0917
-78.9608
-78.8262
-78.6876
-78.5447
-78.3972
-78.2447
-78.0869
-77.9233
-77.7535
-77.5769
-77.3928
-77.2005
-76.9992
-76.7881
-76.5658
-76.3311
-76.0824
-75.818
-75.5354
-75.2319
-74.904
-74.5474
-74.1563
-73.7232
-73.238
-72.6865
-72.048
-71.2907
-70.363
-69.173
-67.5359
-65.0055
-60.119
-44.5126
29.9489
47.2297
22.7545
-11.3475
-24.7513
-38.4179
-65.4885
-93.7209
-94.9346
-94.9708
-94.9524
-94.9116
-94.8429
-94.7405
-94.6043
-94.4403
-94.2578
-94.0659
-93.8713
-93.6782
-93.4892
-93.3055
-93.1275
-92.9554
-92.7891
-92.6284
-92.4729
-92.3226
-92.1771
-92.0362
-91.8997
-91.7674
-91.6392
-91.5147
-91.3939
-91.2765
-91.1625
-91.0517
-90.944
-90.8391
-90.737
-90.6376
-90.5408
-90.4464
-90.3544
-90.2646
-90.1769
-90.0914
-90.0078
-89.9261
-89.8462
-89.7681
-89.6916
-89.6168
-89.5434
-89.4716
-89.4012
-89.3321
-89.2643
-89.1978
-89.1324
-89.0682
-89.0051
-88.9431
-88.882
-88.8219
-88.7628
-88.7045
-88.647
-88.5904
-88.5346
-88.4795
-88.4251
-88.3713
-88.3183
-88.2658
-88.214
-88.1627
-88.1119
-88.0616
-88.0119
-87.9626
-87.9137
-87.8653
-87.8172
-87.7696
-87.7222
-87.6753
-87.6286
-87.5823
-87.5362
-87.4904
-87.4449
-87.3996
-87.3545
-87.3096
-87.2649
-87.2204
-87.1761
-87.1319
-87.0878
-87.0439
-87.0001
-86.9563
-86.9127
-86.8692
-86.8257
-86.7823
-86.7389
-86.6956
-86.6523
-86.609
-86.5657
-86.5224
-86.4791
-86.4358
-86.3925
-86.3492
-86.3058
-86.2623
-86.2188
-86.1752
-86.1316
-86.0878
-86.044
-86.0001
-85.9561
-85.912
-85.8677
-85.8233
-85.7789
-85.7342
-85.6894
-85.6445
-85.5994
-85.5542
-85.5088
-85.4632
-85.4174
-85.3715
-85.3253
-85.2789
-85.2324
-85.1856
-85.1386
-85.0914
-85.0439
-84.9962
-84.9483
-84.9001
-84.8516
-84.8029
-84.7539
-84.7046
-84.655
-84.6052
-84.555
-84.5045
-84.4538
-84.4027
-84.3512
-84.2994
-84.2473
-84.1948
-84.142
-84.0888
-84.0352
-83.9812
-83.9268
-83.872
-83.8168
-83.7612
-83.7051
-83.6486
-83.5916
-83.5341
-83.4762
-83.4178
-83.3589
-83.2994
-83.2395
-83.179
-83.1179
-83.0563
-82.994
-82.9312
-82.8678
-82.8037
-82.739
-82.6736
-82.6075
-82.5408
-82.4732
-82.405
-82.336
-82.2662
-82.1955
-82.1241
-82.0517
-81.9785
-81.9044
-81.8293
-81.7532
-81.6761
-81.5979
-81.5187
-81.4383
-81.3567
-81.274
-81.19
-81.1047
-81.018
-80.9299
-80.8403
-80.7492
-80.6566
-80.5622
-80.4661
-80.3682
-80.2684
-80.1666
-80.0627
-79.9567
-79.8483
-79.7374
-79.6241
-79.508
-79.389
-79.267
-79.1419
-79.0133
-78.881
-78.7449
-78.6047
-78.46
-78.3105
-78.1559
-77.9958
-77.8296
-77.6569
-77.4771
-77.2896
-77.0934
-76.8878
-76.6717
-76.4439
-76.203
-75.9473
-75.6746
-75.3826
-75.068
-74.727
-74.3547
-73.9444
-73.4876
-72.9724
-72.3816
-71.6901
-70.8578
-69.817
-68.4404
-66.451
-63.0878
-55.2013
-18.6491
48.2031
44.3667
12.3249
-11.752
-25.02
-38.6949
-66.3091
-93.9306
-94.9549
-94.9712
-94.9468
-94.899
-94.8192
-94.7018
-94.5491
-94.3703
-94.1764
-93.9765
-93.7767
-93.5807
-93.3902
-93.2058
-93.0278
-92.856
-92.6902
-92.5301
-92.3754
-92.2259
-92.0813
-91.9414
-91.8059
-91.6746
-91.5474
-91.4241
-91.3044
-91.1883
-91.0755
-90.9659
-90.8594
-90.7559
-90.6552
-90.5572
-90.4617
-90.3688
-90.2782
-90.1899
-90.1037
-90.0197
-89.9376
-89.8575
-89.7792
-89.7026
-89.6278
-89.5545
-89.4828
-89.4126
-89.3439
-89.2764
-89.2103
-89.1455
-89.0818
-89.0193
-88.9579
-88.8976
-88.8382
-88.7799
-88.7225
-88.6659
-88.6102
-88.5553
-88.5012
-88.4479
-88.3952
-88.3433
-88.292
-88.2413
-88.1912
-88.1416
-88.0926
-88.0441
-87.9961
-87.9486
-87.9015
-87.8548
-87.8086
-87.7627
-87.7171
-87.6719
-87.6271
-87.5825
-87.5382
-87.4942
-87.4504
-87.4068
-87.3635
-87.3204
-87.2775
-87.2348
-87.1922
-87.1497
-87.1074
-87.0653
-87.0232
-86.9813
-86.9394
-86.8976
-86.8559
-86.8143
-86.7727
-86.7311
-86.6895
-86.648
-86.6065
-86.565
-86.5235
-86.4819
-86.4404
-86.3988
-86.3572
-86.3155
-86.2737
-86.2319
-86.1901
-86.1481
-86.1061
-86.064
-86.0217
-85.9794
-85.9369
-85.8944
-85.8517
-85.8089
-85.7659
-85.7228
-85.6795
-85.6361
-85.5925
-85.5488
-85.5048
-85.4607
-85.4164
-85.3719
-85.3272
-85.2823
-85.2372
-85.1919
-85.1464
-85.1006
-85.0545
-85.0083
-84.9618
-84.915
-84.868
-84.8207
-84.7731
-84.7253
-84.6771
-84.6287
-84.58
-84.5309
-84.4816
-84.4319
-84.3819
-84.3316
-84.2809
-84.2299
-84.1785
-84.1267
-84.0746
-84.0221
-83.9692
-83.9159
-83.8621
-83.808
-83.7535
-83.6985
-83.643
-83.5871
-83.5308
-83.4739
-83.4166
-83.3587
-83.3004
-83.2415
-83.1821
-83.1221
-83.0616
-83.0005
-82.9387
-82.8764
-82.8135
-82.7499
-82.6856
-82.6207
-82.5551
-82.4887
-82.4216
-82.3538
-82.2852
-82.2158
-82.1455
-82.0744
-82.0024
-81.9296
-81.8557
-81.781
-81.7052
-81.6284
-81.5505
-81.4715
-81.3914
-81.3101
-81.2275
-81.1437
-81.0586
-80.9721
-80.8842
-80.7947
-80.7038
-80.6112
-80.5169
-80.4208
-80.323
-80.2231
-80.1213
-80.0173
-79.9111
-79.8026
-79.6916
-79.578
-79.4617
-79.3424
-79.2201
-79.0945
-78.9654
-78.8327
-78.696
-78.555
-78.4096
-78.2592
-78.1037
-77.9424
-77.775
-77.601
-77.4196
-77.2303
-77.0322
-76.8243
-76.6057
-76.375
-76.1307
-75.8711
-75.5939
-75.2966
-74.9758
-74.6274
-74.246
-73.8246
-73.3539
-72.8207
-72.2062
-71.4819
-70.6021
-69.4875
-67.9839
-65.7372
-61.6871
-50.6727
6.74487
49.7782
40.8843
2.13854
-14.3873
-27.896
-42.3165
-74.5029
-94.4239
-94.9629
-94.9656
-94.9354
-94.8789
-94.7875
-94.6573
-94.4927
-94.3042
-94.1027
-93.8971
-93.6928
-93.493
-93.2991
-93.1118
-92.931
-92.7567
-92.5886
-92.4263
-92.2696
-92.1182
-91.9719
-91.8305
-91.6936
-91.561
-91.4327
-91.3083
-91.1878
-91.0708
-90.9574
-90.8473
-90.7403
-90.6364
-90.5354
-90.4372
-90.3417
-90.2487
-90.1581
-90.0699
-89.984
-89.9002
-89.8184
-89.7387
-89.6608
-89.5847
-89.5104
-89.4377
-89.3667
-89.2971
-89.2291
-89.1624
-89.0971
-89.0331
-88.9703
-88.9087
-88.8482
-88.7888
-88.7305
-88.6732
-88.6168
-88.5613
-88.5067
-88.4529
-88.4
-88.3478
-88.2963
-88.2456
-88.1955
-88.146
-88.0971
-88.0489
-88.0011
-87.9539
-87.9072
-87.861
-87.8153
-87.7699
-87.725
-87.6805
-87.6363
-87.5925
-87.549
-87.5058
-87.4629
-87.4203
-87.3779
-87.3358
-87.2939
-87.2522
-87.2107
-87.1694
-87.1283
-87.0873
-87.0465
-87.0058
-86.9652
-86.9247
-86.8843
-86.844
-86.8038
-86.7636
-86.7235
-86.6834
-86.6433
-86.6033
-86.5633
-86.5233
-86.4832
-86.4432
-86.4031
-86.3631
-86.3229
-86.2827
-86.2425
-86.2022
-86.1619
-86.1214
-86.0809
-86.0403
-85.9996
-85.9587
-85.9178
-85.8768
-85.8356
-85.7943
-85.7528
-85.7113
-85.6695
-85.6276
-85.5856
-85.5434
-85.501
-85.4584
-85.4157
-85.3727
-85.3296
-85.2862
-85.2427
-85.1989
-85.1549
-85.1107
-85.0662
-85.0216
-84.9766
-84.9315
-84.886
-84.8403
-84.7943
-84.7481
-84.7016
-84.6548
-84.6077
-84.5603
-84.5126
-84.4645
-84.4162
-84.3675
-84.3185
-84.2692
-84.2195
-84.1694
-84.119
-84.0682
-84.0171
-83.9655
-83.9136
-83.8612
-83.8084
-83.7553
-83.7016
-83.6476
-83.5931
-83.5381
-83.4827
-83.4267
-83.3703
-83.3134
-83.2559
-83.198
-83.1395
-83.0804
-83.0208
-82.9605
-82.8997
-82.8383
-82.7762
-82.7135
-82.6502
-82.5861
-82.5214
-82.4559
-82.3898
-82.3228
-82.2551
-82.1865
-82.1172
-82.047
-81.9759
-81.9039
-81.831
-81.7571
-81.6822
-81.6063
-81.5294
-81.4513
-81.3721
-81.2917
-81.2101
-81.1272
-81.043
-80.9575
-80.8705
-80.782
-80.692
-80.6004
-80.5071
-80.4121
-80.3152
-80.2164
-80.1157
-80.0128
-79.9077
-79.8003
-79.6904
-79.578
-79.4628
-79.3448
-79.2237
-79.0994
-78.9717
-78.8403
-78.705
-78.5655
-78.4216
-78.2729
-78.119
-77.9595
-77.794
-77.6219
-77.4427
-77.2556
-77.0599
-76.8547
-76.6389
-76.4113
-76.1705
-75.9146
-75.6418
-75.3493
-75.034
-74.6921
-74.3183
-73.9062
-73.4467
-72.9278
-72.3318
-71.6328
-70.7892
-69.7305
-68.3227
-66.2701
-62.7421
-54.1509
-12.4889
49.3962
44.7193
12.2506
-12.0156
-25.4004
-39.0366
-67.1802
-94.0078
-94.9557
-94.9697
-94.9436
-94.8929
-94.8087
-94.6854
-94.5258
-94.3399
-94.1392
-93.9331
-93.7276
-93.5264
-93.331
-93.1422
-92.96
-92.7844
-92.615
-92.4515
-92.2937
-92.1413
-91.994
-91.8515
-91.7137
-91.5803
-91.4511
-91.326
-91.2046
-91.087
-90.9728
-90.862
-90.7544
-90.6499
-90.5483
-90.4495
-90.3534
-90.2599
-90.1689
-90.0802
-89.9938
-89.9096
-89.8274
-89.7472
-89.669
-89.5926
-89.5179
-89.4449
-89.3735
-89.3037
-89.2353
-89.1684
-89.1028
-89.0385
-88.9755
-88.9137
-88.853
-88.7934
-88.7349
-88.6774
-88.6208
-88.5652
-88.5104
-88.4565
-88.4034
-88.3511
-88.2995
-88.2486
-88.1984
-88.1488
-88.0999
-88.0515
-88.0037
-87.9564
-87.9096
-87.8634
-87.8175
-87.7721
-87.7272
-87.6826
-87.6384
-87.5945
-87.551
-87.5078
-87.4649
-87.4222
-87.3799
-87.3377
-87.2958
-87.2542
-87.2127
-87.1714
-87.1303
-87.0893
-87.0485
-87.0078
-86.9672
-86.9267
-86.8864
-86.8461
-86.8059
-86.7658
-86.7257
-86.6856
-86.6456
-86.6056
-86.5657
-86.5257
-86.4857
-86.4457
-86.4057
-86.3657
-86.3256
-86.2855
-86.2454
-86.2051
-86.1648
-86.1245
-86.084
-86.0435
-86.0028
-85.9621
-85.9213
-85.8803
-85.8392
-85.798
-85.7566
-85.7151
-85.6735
-85.6317
-85.5898
-85.5476
-85.5053
-85.4629
-85.4202
-85.3774
-85.3343
-85.2911
-85.2477
-85.204
-85.1601
-85.116
-85.0717
-85.0271
-84.9823
-84.9372
-84.8919
-84.8463
-84.8005
-84.7544
-84.708
-84.6613
-84.6143
-84.5671
-84.5195
-84.4716
-84.4234
-84.3749
-84.326
-84.2768
-84.2273
-84.1774
-84.1271
-84.0765
-84.0255
-83.9741
-83.9223
-83.8701
-83.8175
-83.7645
-83.711
-83.6571
-83.6028
-83.548
-83.4927
-83.437
-83.3808
-83.324
-83.2668
-83.209
-83.1507
-83.0918
-83.0324
-82.9724
-82.9118
-82.8506
-82.7887
-82.7263
-82.6631
-82.5993
-82.5348
-82.4696
-82.4037
-82.337
-82.2695
-82.2013
-82.1322
-82.0622
-81.9914
-81.9198
-81.8471
-81.7736
-81.699
-81.6234
-81.5468
-81.4691
-81.3902
-81.3102
-81.229
-81.1465
-81.0627
-80.9775
-80.891
-80.803
-80.7134
-80.6223
-80.5295
-80.435
-80.3387
-80.2405
-80.1403
-80.038
-79.9335
-79.8268
-79.7176
-79.6059
-79.4915
-79.3743
-79.2541
-79.1307
-79.0039
-78.8735
-78.7393
-78.601
-78.4583
-78.3109
-78.1585
-78.0005
-77.8367
-77.6664
-77.4891
-77.3042
-77.1108
-76.9082
-76.6953
-76.4709
-76.2337
-75.9819
-75.7137
-75.4266
-75.1176
-74.7829
-74.418
-74.0164
-73.5701
-73.0679
-72.4938
-71.8244
-71.0231
-70.0289
-68.7294
-66.8879
-63.8863
-57.3993
-31.0716
42.2545
44.3618
13.5819
-11.3831
-24.5435
-38.2501
-65.1849
-93.8192
-94.9529
-94.972
-94.9488
-94.9027
-94.8256
-94.7111
-94.5602
-94.3808
-94.1837
-93.9783
-93.7714
-93.5673
-93.3682
-93.1753
-92.9888
-92.8088
-92.6352
-92.4676
-92.3059
-92.1497
-91.9987
-91.8528
-91.7116
-91.5749
-91.4426
-91.3145
-91.1902
-91.0698
-90.9529
-90.8395
-90.7293
-90.6223
-90.5184
-90.4173
-90.3189
-90.2232
-90.13
-90.0393
-89.9508
-89.8646
-89.7805
-89.6985
-89.6184
-89.5402
-89.4638
-89.3891
-89.3161
-89.2446
-89.1747
-89.1062
-89.0391
-88.9734
-88.9089
-88.8456
-88.7836
-88.7226
-88.6628
-88.6039
-88.5461
-88.4892
-88.4332
-88.3781
-88.3238
-88.2704
-88.2176
-88.1656
-88.1143
-88.0637
-88.0137
-87.9643
-87.9154
-87.8671
-87.8194
-87.7721
-87.7253
-87.679
-87.6331
-87.5876
-87.5425
-87.4977
-87.4533
-87.4093
-87.3655
-87.322
-87.2788
-87.2358
-87.1931
-87.1506
-87.1084
-87.0663
-87.0244
-86.9826
-86.941
-86.8996
-86.8583
-86.817
-86.7759
-86.7349
-86.694
-86.6531
-86.6123
-86.5716
-86.5308
-86.4901
-86.4495
-86.4088
-86.3681
-86.3274
-86.2867
-86.246
-86.2052
-86.1644
-86.1236
-86.0827
-86.0417
-86.0006
-85.9595
-85.9182
-85.8769
-85.8355
-85.7939
-85.7523
-85.7105
-85.6686
-85.6265
-85.5843
-85.542
-85.4995
-85.4568
-85.414
-85.371
-85.3278
-85.2844
-85.2408
-85.197
-85.1531
-85.1089
-85.0644
-85.0198
-84.9749
-84.9298
-84.8845
-84.8388
-84.793
-84.7468
-84.7004
-84.6538
-84.6068
-84.5596
-84.512
-84.4642
-84.416
-84.3675
-84.3187
-84.2696
-84.2201
-84.1703
-84.1201
-84.0696
-84.0187
-83.9674
-83.9157
-83.8637
-83.8112
-83.7583
-83.705
-83.6512
-83.5971
-83.5424
-83.4873
-83.4317
-83.3757
-83.3191
-83.2621
-83.2045
-83.1464
-83.0877
-83.0285
-82.9687
-82.9083
-82.8473
-82.7857
-82.7235
-82.6606
-82.597
-82.5328
-82.4678
-82.4022
-82.3358
-82.2686
-82.2006
-82.1318
-82.0622
-81.9917
-81.9203
-81.848
-81.7748
-81.7006
-81.6253
-81.549
-81.4717
-81.3932
-81.3136
-81.2327
-81.1507
-81.0673
-80.9826
-80.8965
-80.8089
-80.7198
-80.6292
-80.5369
-80.4429
-80.3471
-80.2495
-80.1498
-80.0482
-79.9443
-79.8382
-79.7297
-79.6187
-79.5051
-79.3886
-79.2692
-79.1467
-79.0208
-78.8913
-78.7581
-78.6209
-78.4793
-78.3331
-78.1819
-78.0253
-77.8629
-77.6942
-77.5187
-77.3356
-77.1443
-76.9438
-76.7334
-76.5117
-76.2776
-76.0293
-75.765
-75.4823
-75.1785
-74.8499
-74.4921
-74.0992
-73.6636
-73.1748
-72.618
-71.972
-71.2036
-70.2586
-69.0397
-67.3487
-64.6969
-59.4225
-41.4195
35.9547
45.9083
18.1625
-11.413
-24.733
-38.3936
-65.4976
-93.8182
-94.946
-94.971
-94.9499
-94.906
-94.8322
-94.7221
-94.5757
-94.3998
-94.2043
-93.999
-93.791
-93.585
-93.3835
-93.1879
-92.9988
-92.8161
-92.6398
-92.4697
-92.3055
-92.1468
-91.9936
-91.8454
-91.702
-91.5633
-91.429
-91.2989
-91.1728
-91.0506
-90.932
-90.8169
-90.7051
-90.5966
-90.4911
-90.3885
-90.2888
-90.1917
-90.0972
-90.0052
-89.9155
-89.8281
-89.7428
-89.6597
-89.5785
-89.4992
-89.4218
-89.3461
-89.2721
-89.1997
-89.1289
-89.0595
-88.9916
-88.925
-88.8597
-88.7957
-88.7328
-88.6711
-88.6106
-88.551
-88.4925
-88.4349
-88.3783
-88.3226
-88.2677
-88.2136
-88.1603
-88.1077
-88.0558
-88.0047
-87.9541
-87.9042
-87.8549
-87.8061
-87.7579
-87.7101
-87.6629
-87.6161
-87.5698
-87.5238
-87.4783
-87.4331
-87.3883
-87.3438
-87.2997
-87.2558
-87.2122
-87.1689
-87.1259
-87.083
-87.0404
-86.9979
-86.9557
-86.9136
-86.8717
-86.8299
-86.7883
-86.7468
-86.7054
-86.6641
-86.6228
-86.5816
-86.5405
-86.4995
-86.4585
-86.4175
-86.3765
-86.3356
-86.2946
-86.2537
-86.2127
-86.1717
-86.1307
-86.0896
-86.0485
-86.0073
-85.966
-85.9247
-85.8833
-85.8418
-85.8002
-85.7585
-85.7167
-85.6747
-85.6327
-85.5905
-85.5482
-85.5057
-85.4631
-85.4203
-85.3774
-85.3342
-85.2909
-85.2475
-85.2038
-85.1599
-85.1158
-85.0716
-85.0271
-84.9823
-84.9374
-84.8922
-84.8468
-84.8011
-84.7551
-84.7089
-84.6625
-84.6157
-84.5687
-84.5214
-84.4738
-84.4259
-84.3777
-84.3291
-84.2803
-84.2311
-84.1815
-84.1317
-84.0814
-84.0308
-83.9799
-83.9285
-83.8768
-83.8246
-83.7721
-83.7191
-83.6657
-83.6119
-83.5577
-83.503
-83.4478
-83.3921
-83.336
-83.2793
-83.2222
-83.1645
-83.1063
-83.0475
-82.9882
-82.9282
-82.8677
-82.8066
-82.7449
-82.6825
-82.6195
-82.5558
-82.4914
-82.4263
-82.3604
-82.2938
-82.2265
-82.1583
-82.0893
-82.0194
-81.9487
-81.8771
-81.8046
-81.7311
-81.6566
-81.581
-81.5045
-81.4268
-81.348
-81.268
-81.1868
-81.1043
-81.0205
-80.9354
-80.8488
-80.7608
-80.6712
-80.58
-80.4872
-80.3926
-80.2962
-80.1979
-80.0975
-79.9951
-79.8905
-79.7835
-79.6742
-79.5622
-79.4476
-79.33
-79.2095
-79.0857
-78.9585
-78.8276
-78.6929
-78.554
-78.4107
-78.2625
-78.1093
-77.9504
-77.7856
-77.6142
-77.4357
-77.2493
-77.0545
-76.8501
-76.6351
-76.4085
-76.1687
-75.914
-75.6423
-75.3512
-75.0374
-74.6972
-74.3254
-73.9156
-73.4589
-72.9434
-72.3519
-71.6588
-70.8238
-69.7778
-68.3917
-66.3822
-62.9662
-54.8596
-16.6952
48.757
44.4749
12.2788
-11.838
-25.1428
-38.8056
-66.5897
-93.9562
-94.9548
-94.9699
-94.9441
-94.8936
-94.8094
-94.6852
-94.5236
-94.3345
-94.1294
-93.9181
-93.7071
-93.5001
-93.2991
-93.1047
-92.9172
-92.7364
-92.5621
-92.3939
-92.2317
-92.075
-91.9237
-91.7774
-91.6359
-91.499
-91.3666
-91.2383
-91.114
-90.9935
-90.8766
-90.7633
-90.6533
-90.5465
-90.4427
-90.3419
-90.2439
-90.1485
-90.0557
-89.9654
-89.8774
-89.7917
-89.7082
-89.6267
-89.5472
-89.4696
-89.3939
-89.3199
-89.2475
-89.1768
-89.1076
-89.0399
-88.9736
-88.9087
-88.845
-88.7826
-88.7214
-88.6614
-88.6024
-88.5445
-88.4876
-88.4316
-88.3766
-88.3224
-88.2691
-88.2166
-88.1649
-88.1139
-88.0636
-88.0139
-87.965
-87.9166
-87.8688
-87.8216
-87.7749
-87.7287
-87.6829
-87.6377
-87.5929
-87.5484
-87.5044
-87.4607
-87.4174
-87.3745
-87.3318
-87.2894
-87.2473
-87.2055
-87.1639
-87.1225
-87.0813
-87.0404
-86.9996
-86.959
-86.9185
-86.8782
-86.838
-86.798
-86.758
-86.7181
-86.6783
-86.6386
-86.5989
-86.5593
-86.5197
-86.4802
-86.4407
-86.4011
-86.3616
-86.3221
-86.2826
-86.243
-86.2034
-86.1638
-86.1241
-86.0843
-86.0445
-86.0046
-85.9646
-85.9246
-85.8844
-85.8442
-85.8038
-85.7633
-85.7227
-85.682
-85.6412
-85.6002
-85.559
-85.5177
-85.4762
-85.4346
-85.3928
-85.3508
-85.3086
-85.2663
-85.2237
-85.181
-85.138
-85.0948
-85.0514
-85.0078
-84.9639
-84.9198
-84.8755
-84.8309
-84.786
-84.7409
-84.6955
-84.6499
-84.6039
-84.5577
-84.5111
-84.4643
-84.4172
-84.3697
-84.3219
-84.2738
-84.2254
-84.1766
-84.1274
-84.0779
-84.0281
-83.9778
-83.9272
-83.8762
-83.8248
-83.773
-83.7207
-83.668
-83.6149
-83.5614
-83.5074
-83.4529
-83.398
-83.3425
-83.2866
-83.2302
-83.1732
-83.1157
-83.0577
-82.9991
-82.9399
-82.8801
-82.8197
-82.7587
-82.6971
-82.6348
-82.5719
-82.5082
-82.4439
-82.3788
-82.313
-82.2464
-82.1791
-82.1109
-82.0419
-81.972
-81.9012
-81.8295
-81.7569
-81.6833
-81.6086
-81.533
-81.4563
-81.3784
-81.2994
-81.2192
-81.1377
-81.055
-80.9709
-80.8855
-80.7986
-80.7102
-80.6202
-80.5286
-80.4353
-80.3402
-80.2432
-80.1443
-80.0433
-79.9402
-79.8349
-79.7271
-79.6169
-79.5041
-79.3884
-79.2698
-79.1482
-79.0232
-78.8946
-78.7624
-78.6261
-78.4855
-78.3404
-78.1903
-78.0349
-77.8737
-77.7063
-77.5321
-77.3504
-77.1606
-76.9619
-76.7532
-76.5335
-76.3015
-76.0556
-75.7939
-75.5142
-75.2137
-74.8889
-74.5355
-74.148
-73.7188
-73.2379
-72.6912
-72.0585
-71.3084
-70.3903
-69.2143
-67.6006
-65.1183
-60.3757
-45.6016
27.0129
47.8291
25.25
-11.0254
-24.3752
-38.1245
-64.7417
-93.5581
-94.9249
-94.9692
-94.9505
-94.908
-94.8358
-94.7274
-94.5823
-94.4066
-94.2104
-94.0034
-93.7931
-93.5843
-93.3798
-93.1811
-92.9888
-92.8029
-92.6235
-92.4503
-92.2831
-92.1216
-91.9655
-91.8147
-91.6688
-91.5277
-91.391
-91.2587
-91.1305
-91.0062
-90.8857
-90.7688
-90.6553
-90.5451
-90.4381
-90.3341
-90.2329
-90.1345
-90.0388
-89.9455
-89.8548
-89.7663
-89.6801
-89.596
-89.5139
-89.4338
-89.3556
-89.2792
-89.2045
-89.1315
-89.06
-88.9901
-88.9217
-88.8546
-88.7889
-88.7245
-88.6613
-88.5993
-88.5384
-88.4786
-88.4198
-88.3621
-88.3052
-88.2493
-88.1943
-88.1401
-88.0867
-88.0341
-87.9821
-87.9309
-87.8804
-87.8305
-87.7812
-87.7324
-87.6843
-87.6366
-87.5895
-87.5428
-87.4966
-87.4508
-87.4054
-87.3604
-87.3157
-87.2715
-87.2275
-87.1838
-87.1405
-87.0974
-87.0545
-87.0119
-86.9696
-86.9274
-86.8854
-86.8436
-86.802
-86.7605
-86.7192
-86.6779
-86.6368
-86.5958
-86.5549
-86.5141
-86.4733
-86.4326
-86.3919
-86.3512
-86.3106
-86.27
-86.2294
-86.1888
-86.1482
-86.1076
-86.0669
-86.0262
-85.9854
-85.9446
-85.9038
-85.8628
-85.8218
-85.7807
-85.7395
-85.6981
-85.6567
-85.6152
-85.5735
-85.5317
-85.4898
-85.4477
-85.4055
-85.3631
-85.3205
-85.2778
-85.2349
-85.1918
-85.1486
-85.1051
-85.0614
-85.0175
-84.9734
-84.9291
-84.8846
-84.8398
-84.7947
-84.7495
-84.7039
-84.6581
-84.612
-84.5657
-84.5191
-84.4722
-84.425
-84.3774
-84.3296
-84.2815
-84.233
-84.1842
-84.135
-84.0856
-84.0357
-83.9855
-83.9349
-83.884
-83.8326
-83.7808
-83.7287
-83.6761
-83.6231
-83.5697
-83.5158
-83.4614
-83.4066
-83.3513
-83.2956
-83.2393
-83.1825
-83.1252
-83.0673
-83.0089
-82.95
-82.8904
-82.8303
-82.7695
-82.7081
-82.6461
-82.5834
-82.5201
-82.456
-82.3912
-82.3257
-82.2595
-82.1924
-82.1246
-82.0559
-81.9864
-81.916
-81.8447
-81.7725
-81.6993
-81.6251
-81.5499
-81.4736
-81.3962
-81.3177
-81.238
-81.1571
-81.0749
-80.9914
-80.9065
-80.8202
-80.7325
-80.6431
-80.5522
-80.4596
-80.3653
-80.2691
-80.171
-80.0709
-79.9686
-79.8642
-79.7574
-79.6482
-79.5364
-79.4219
-79.3045
-79.1841
-79.0604
-78.9333
-78.8025
-78.6678
-78.5289
-78.3856
-78.2374
-78.0841
-77.9251
-77.7601
-77.5886
-77.4098
-77.2231
-77.0278
-76.823
-76.6075
-76.3801
-76.1395
-75.8838
-75.6109
-75.3183
-75.0029
-74.6605
-74.286
-73.8728
-73.4119
-72.8909
-72.292
-71.5886
-70.7384
-69.669
-68.2424
-66.1516
-62.5222
-53.4864
-8.67816
49.6424
44.6937
11.631
-12.1709
-25.5963
-39.2125
-67.6362
-94.0437
-94.9556
-94.9682
-94.9406
-94.8872
-94.7986
-94.6692
-94.5021
-94.3079
-94.0985
-93.8836
-93.6696
-93.4601
-93.2569
-93.0606
-92.8712
-92.6888
-92.513
-92.3435
-92.18
-92.0222
-91.8698
-91.7225
-91.5802
-91.4426
-91.3094
-91.1805
-91.0557
-90.9347
-90.8175
-90.7038
-90.5936
-90.4866
-90.3827
-90.2818
-90.1837
-90.0884
-89.9956
-89.9054
-89.8176
-89.7321
-89.6488
-89.5676
-89.4884
-89.4112
-89.3358
-89.2622
-89.1903
-89.12
-89.0513
-88.9841
-88.9184
-88.854
-88.7909
-88.7291
-88.6686
-88.6092
-88.5509
-88.4936
-88.4374
-88.3822
-88.3279
-88.2745
-88.2219
-88.1702
-88.1192
-88.069
-88.0195
-87.9707
-87.9226
-87.875
-87.8281
-87.7817
-87.7359
-87.6906
-87.6457
-87.6013
-87.5574
-87.5139
-87.4708
-87.428
-87.3856
-87.3436
-87.3018
-87.2604
-87.2192
-87.1784
-87.1377
-87.0973
-87.0571
-87.0171
-86.9773
-86.9376
-86.8981
-86.8588
-86.8196
-86.7805
-86.7415
-86.7026
-86.6638
-86.6251
-86.5864
-86.5478
-86.5092
-86.4706
-86.4321
-86.3936
-86.3551
-86.3166
-86.2781
-86.2395
-86.2009
-86.1623
-86.1236
-86.0849
-86.0461
-86.0072
-85.9683
-85.9293
-85.8901
-85.8509
-85.8116
-85.7722
-85.7326
-85.6929
-85.6531
-85.6132
-85.5731
-85.5328
-85.4924
-85.4518
-85.4111
-85.3702
-85.3291
-85.2878
-85.2463
-85.2046
-85.1628
-85.1207
-85.0784
-85.0358
-84.9931
-84.9501
-84.9068
-84.8634
-84.8196
-84.7756
-84.7314
-84.6869
-84.6421
-84.597
-84.5516
-84.506
-84.46
-84.4137
-84.3671
-84.3202
-84.273
-84.2254
-84.1775
-84.1292
-84.0806
-84.0317
-83.9823
-83.9326
-83.8824
-83.8319
-83.781
-83.7297
-83.6779
-83.6257
-83.5731
-83.52
-83.4665
-83.4125
-83.358
-83.303
-83.2476
-83.1916
-83.1351
-83.078
-83.0204
-82.9622
-82.9035
-82.8441
-82.7842
-82.7236
-82.6624
-82.6005
-82.538
-82.4747
-82.4108
-82.3461
-82.2807
-82.2145
-82.1475
-82.0797
-82.0111
-81.9416
-81.8712
-81.7998
-81.7276
-81.6543
-81.5801
-81.5047
-81.4284
-81.3508
-81.2722
-81.1923
-81.1112
-81.0288
-80.945
-80.8599
-80.7733
-80.6852
-80.5955
-80.5042
-80.4112
-80.3163
-80.2197
-80.121
-80.0203
-79.9175
-79.8124
-79.7049
-79.5949
-79.4822
-79.3668
-79.2484
-79.1269
-79.0021
-78.8737
-78.7416
-78.6055
-78.465
-78.32
-78.1699
-78.0145
-77.8534
-77.6859
-77.5116
-77.3299
-77.14
-76.941
-76.7321
-76.512
-76.2796
-76.0331
-75.7707
-75.4902
-75.1886
-74.8626
-74.5076
-74.118
-73.6863
-73.202
-72.651
-72.0122
-71.2535
-70.3225
-69.1253
-67.4729
-64.9051
-59.8938
-43.5014
32.2359
46.7313
20.8929
-11.4432
-24.8393
-38.4833
-65.6761
-93.7869
-94.9396
-94.97
-94.9495
-94.9056
-94.8316
-94.7208
-94.573
-94.3948
-94.1962
-93.9872
-93.775
-93.5646
-93.3588
-93.1589
-92.9655
-92.7787
-92.5985
-92.4246
-92.2567
-92.0946
-91.9381
-91.7867
-91.6404
-91.4989
-91.362
-91.2293
-91.1009
-90.9763
-90.8556
-90.7385
-90.6249
-90.5145
-90.4074
-90.3032
-90.202
-90.1036
-90.0078
-89.9145
-89.8237
-89.7353
-89.649
-89.565
-89.483
-89.4029
-89.3248
-89.2485
-89.1739
-89.101
-89.0296
-88.9598
-88.8915
-88.8246
-88.759
-88.6948
-88.6317
-88.5699
-88.5092
-88.4496
-88.391
-88.3335
-88.2768
-88.2211
-88.1663
-88.1124
-88.0592
-88.0068
-87.9551
-87.9041
-87.8538
-87.8042
-87.7551
-87.7067
-87.6587
-87.6114
-87.5645
-87.5181
-87.4721
-87.4266
-87.3815
-87.3368
-87.2924
-87.2484
-87.2048
-87.1614
-87.1183
-87.0755
-87.033
-86.9907
-86.9486
-86.9068
-86.8651
-86.8236
-86.7823
-86.7411
-86.7001
-86.6592
-86.6184
-86.5777
-86.5371
-86.4966
-86.4562
-86.4158
-86.3754
-86.3351
-86.2948
-86.2546
-86.2143
-86.174
-86.1337
-86.0934
-86.0531
-86.0127
-85.9723
-85.9319
-85.8913
-85.8507
-85.81
-85.7693
-85.7284
-85.6874
-85.6464
-85.6052
-85.5638
-85.5224
-85.4808
-85.4391
-85.3972
-85.3552
-85.313
-85.2706
-85.2281
-85.1854
-85.1425
-85.0994
-85.0561
-85.0125
-84.9688
-84.9249
-84.8807
-84.8363
-84.7916
-84.7467
-84.7015
-84.6561
-84.6104
-84.5645
-84.5182
-84.4717
-84.4249
-84.3778
-84.3303
-84.2826
-84.2345
-84.1861
-84.1374
-84.0883
-84.0389
-83.9891
-83.9389
-83.8884
-83.8374
-83.7861
-83.7344
-83.6822
-83.6297
-83.5767
-83.5232
-83.4694
-83.415
-83.3602
-83.3049
-83.2491
-83.1927
-83.1359
-83.0785
-83.0206
-82.9622
-82.9031
-82.8435
-82.7832
-82.7224
-82.6609
-82.5988
-82.536
-82.4725
-82.4083
-82.3433
-82.2777
-82.2112
-82.144
-82.076
-82.0071
-81.9373
-81.8667
-81.7951
-81.7226
-81.6492
-81.5747
-81.4991
-81.4225
-81.3448
-81.2659
-81.1858
-81.1045
-81.0218
-80.9378
-80.8525
-80.7657
-80.6773
-80.5874
-80.4959
-80.4026
-80.3075
-80.2106
-80.1117
-80.0108
-79.9076
-79.8023
-79.6945
-79.5842
-79.4713
-79.3556
-79.2369
-79.1151
-78.9899
-78.8612
-78.7287
-78.5921
-78.4513
-78.3058
-78.1553
-77.9994
-77.8377
-77.6697
-77.4948
-77.3124
-77.1218
-76.922
-76.7122
-76.4912
-76.2577
-76.01
-75.7463
-75.4641
-75.1608
-74.8327
-74.4753
-74.0827
-73.6473
-73.1585
-72.6016
-71.955
-71.1854
-70.2382
-69.0151
-67.3155
-64.6425
-59.2946
-40.7968
36.8132
45.7128
17.554
-11.3976
-24.6957
-38.3632
-65.4312
-93.8189
-94.9469
-94.9707
-94.9489
-94.904
-94.8285
-94.7156
-94.5655
-94.3851
-94.1846
-93.9739
-93.7606
-93.5493
-93.3427
-93.1423
-92.9484
-92.7613
-92.5809
-92.4068
-92.2388
-92.0766
-91.92
-91.7687
-91.6224
-91.4809
-91.344
-91.2115
-91.0831
-90.9587
-90.8381
-90.7211
-90.6076
-90.4974
-90.3904
-90.2864
-90.1853
-90.0871
-89.9914
-89.8984
-89.8078
-89.7195
-89.6335
-89.5496
-89.4678
-89.388
-89.3101
-89.234
-89.1596
-89.0869
-89.0158
-88.9463
-88.8782
-88.8115
-88.7462
-88.6822
-88.6194
-88.5578
-88.4974
-88.438
-88.3797
-88.3224
-88.266
-88.2106
-88.156
-88.1023
-88.0494
-87.9973
-87.9459
-87.8952
-87.8451
-87.7957
-87.7469
-87.6987
-87.6511
-87.604
-87.5574
-87.5112
-87.4656
-87.4203
-87.3755
-87.3311
-87.287
-87.2433
-87.1999
-87.1568
-87.114
-87.0715
-87.0292
-86.9872
-86.9454
-86.9038
-86.8624
-86.8212
-86.7802
-86.7393
-86.6985
-86.6579
-86.6174
-86.577
-86.5367
-86.4964
-86.4563
-86.4162
-86.3761
-86.3361
-86.2961
-86.2561
-86.2161
-86.1761
-86.1361
-86.0961
-86.056
-86.016
-85.9758
-85.9357
-85.8954
-85.8551
-85.8147
-85.7742
-85.7336
-85.693
-85.6522
-85.6113
-85.5703
-85.5291
-85.4878
-85.4464
-85.4048
-85.3631
-85.3212
-85.2791
-85.2369
-85.1945
-85.1519
-85.1091
-85.0661
-85.0229
-84.9795
-84.9358
-84.8919
-84.8478
-84.8035
-84.7589
-84.7141
-84.669
-84.6236
-84.578
-84.5321
-84.4859
-84.4394
-84.3926
-84.3455
-84.2981
-84.2504
-84.2024
-84.154
-84.1052
-84.0562
-84.0067
-83.9569
-83.9068
-83.8562
-83.8053
-83.7539
-83.7022
-83.65
-83.5974
-83.5443
-83.4909
-83.4369
-83.3825
-83.3276
-83.2723
-83.2164
-83.16
-83.1031
-83.0456
-82.9876
-82.929
-82.8699
-82.8101
-82.7498
-82.6888
-82.6272
-82.5649
-82.5019
-82.4383
-82.3739
-82.3088
-82.2429
-82.1763
-82.1089
-82.0406
-81.9715
-81.9015
-81.8307
-81.7588
-81.6861
-81.6123
-81.5375
-81.4617
-81.3847
-81.3067
-81.2274
-81.1469
-81.0652
-80.9822
-80.8978
-80.8119
-80.7246
-80.6358
-80.5453
-80.4532
-80.3594
-80.2637
-80.1661
-80.0665
-79.9649
-79.861
-79.7548
-79.6462
-79.535
-79.4211
-79.3043
-79.1845
-79.0615
-78.9351
-78.805
-78.6711
-78.533
-78.3905
-78.2432
-78.0908
-77.9328
-77.7688
-77.5983
-77.4206
-77.2352
-77.0412
-76.8378
-76.6239
-76.3982
-76.1595
-75.9059
-75.6354
-75.3455
-75.0331
-74.6942
-74.324
-73.916
-73.4613
-72.9481
-72.3595
-71.67
-70.8397
-69.8007
-68.4256
-66.4371
-63.0728
-55.1768
-18.5497
48.2344
44.3639
12.2888
-11.7619
-25.0327
-38.7067
-66.3391
-93.933
-94.9543
-94.9699
-94.9439
-94.8932
-94.8083
-94.6829
-94.5193
-94.3273
-94.1186
-93.9033
-93.688
-93.4767
-93.2713
-93.0727
-92.8811
-92.6965
-92.5184
-92.3468
-92.1812
-92.0214
-91.867
-91.7179
-91.5738
-91.4343
-91.2995
-91.1689
-91.0425
-90.92
-90.8012
-90.6861
-90.5744
-90.466
-90.3607
-90.2585
-90.1591
-90.0626
-89.9686
-89.8772
-89.7882
-89.7016
-89.6172
-89.5349
-89.4547
-89.3764
-89.3
-89.2254
-89.1526
-89.0813
-89.0117
-88.9436
-88.877
-88.8118
-88.7479
-88.6853
-88.6239
-88.5637
-88.5046
-88.4466
-88.3896
-88.3337
-88.2786
-88.2245
-88.1713
-88.1189
-88.0673
-88.0164
-87.9663
-87.9168
-87.8681
-87.8199
-87.7724
-87.7254
-87.679
-87.6331
-87.5877
-87.5428
-87.4983
-87.4543
-87.4106
-87.3674
-87.3245
-87.2819
-87.2397
-87.1977
-87.1561
-87.1147
-87.0736
-87.0327
-86.9921
-86.9516
-86.9113
-86.8712
-86.8313
-86.7915
-86.7519
-86.7124
-86.673
-86.6337
-86.5945
-86.5553
-86.5162
-86.4772
-86.4382
-86.3993
-86.3604
-86.3215
-86.2826
-86.2437
-86.2048
-86.1658
-86.1269
-86.0879
-86.0488
-86.0097
-85.9705
-85.9313
-85.892
-85.8526
-85.8131
-85.7735
-85.7338
-85.694
-85.6541
-85.614
-85.5739
-85.5335
-85.4931
-85.4524
-85.4117
-85.3707
-85.3296
-85.2883
-85.2468
-85.2052
-85.1633
-85.1212
-85.079
-85.0365
-84.9938
-84.9509
-84.9077
-84.8643
-84.8207
-84.7768
-84.7326
-84.6882
-84.6435
-84.5986
-84.5534
-84.5079
-84.462
-84.4159
-84.3695
-84.3228
-84.2757
-84.2283
-84.1806
-84.1326
-84.0842
-84.0354
-83.9863
-83.9368
-83.8869
-83.8366
-83.786
-83.7349
-83.6834
-83.6315
-83.5791
-83.5263
-83.4731
-83.4194
-83.3652
-83.3106
-83.2554
-83.1998
-83.1436
-83.0869
-83.0296
-82.9718
-82.9134
-82.8544
-82.7949
-82.7347
-82.6739
-82.6124
-82.5503
-82.4875
-82.424
-82.3598
-82.2949
-82.2291
-82.1626
-82.0953
-82.0272
-81.9582
-81.8884
-81.8176
-81.7459
-81.6733
-81.5996
-81.5249
-81.4492
-81.3723
-81.2943
-81.2151
-81.1347
-81.0531
-80.9701
-80.8857
-80.8
-80.7127
-80.6239
-80.5335
-80.4414
-80.3476
-80.2519
-80.1543
-80.0547
-79.953
-79.8491
-79.7429
-79.6342
-79.523
-79.409
-79.2921
-79.1722
-79.0491
-78.9226
-78.7923
-78.6582
-78.5199
-78.3772
-78.2296
-78.0769
-77.9186
-77.7542
-77.5833
-77.4052
-77.2193
-77.0247
-76.8206
-76.6059
-76.3794
-76.1396
-75.8849
-75.613
-75.3216
-75.0073
-74.6663
-74.2933
-73.8819
-73.4231
-72.9046
-72.3089
-71.6097
-70.7653
-69.7045
-68.2924
-66.2301
-62.6747
-53.9649
-11.4499
49.4839
44.7638
12.1995
-12.0624
-25.4666
-39.0969
-67.337
-94.0205
-94.9553
-94.9685
-94.9411
-94.8881
-94.7998
-94.6703
-94.5027
-94.3074
-94.0964
-93.8795
-93.6634
-93.4517
-93.2463
-93.0479
-92.8566
-92.6722
-92.4946
-92.3233
-92.1582
-91.9988
-91.8449
-91.6962
-91.5525
-91.4136
-91.2792
-91.1491
-91.0232
-90.9012
-90.783
-90.6685
-90.5573
-90.4495
-90.3448
-90.2431
-90.1444
-90.0484
-89.9551
-89.8643
-89.7759
-89.6899
-89.6061
-89.5245
-89.4449
-89.3673
-89.2915
-89.2176
-89.1454
-89.0749
-89.0059
-88.9385
-88.8725
-88.808
-88.7447
-88.6828
-88.6221
-88.5626
-88.5042
-88.4469
-88.3906
-88.3353
-88.281
-88.2275
-88.175
-88.1233
-88.0723
-88.0222
-87.9727
-87.924
-87.8759
-87.8285
-87.7816
-87.7353
-87.6896
-87.6444
-87.5997
-87.5555
-87.5117
-87.4683
-87.4254
-87.3828
-87.3406
-87.2987
-87.2571
-87.2159
-87.175
-87.1343
-87.0938
-87.0536
-87.0137
-86.9739
-86.9343
-86.8949
-86.8557
-86.8166
-86.7776
-86.7388
-86.7
-86.6614
-86.6229
-86.5844
-86.546
-86.5077
-86.4694
-86.4311
-86.3929
-86.3547
-86.3165
-86.2783
-86.24
-86.2018
-86.1635
-86.1252
-86.0868
-86.0484
-86.0099
-85.9714
-85.9328
-85.8941
-85.8553
-85.8164
-85.7774
-85.7383
-85.6991
-85.6597
-85.6202
-85.5806
-85.5409
-85.501
-85.4609
-85.4207
-85.3803
-85.3397
-85.299
-85.258
-85.2169
-85.1756
-85.1341
-85.0923
-85.0504
-85.0082
-84.9658
-84.9232
-84.8803
-84.8372
-84.7938
-84.7502
-84.7063
-84.6622
-84.6178
-84.5731
-84.5281
-84.4828
-84.4372
-84.3913
-84.3451
-84.2986
-84.2517
-84.2046
-84.157
-84.1092
-84.0609
-84.0124
-83.9634
-83.9141
-83.8644
-83.8143
-83.7637
-83.7128
-83.6615
-83.6097
-83.5575
-83.5048
-83.4517
-83.3982
-83.3441
-83.2896
-83.2345
-83.179
-83.1229
-83.0663
-83.0091
-82.9514
-82.8931
-82.8342
-82.7747
-82.7146
-82.6538
-82.5924
-82.5304
-82.4676
-82.4042
-82.34
-82.2751
-82.2094
-82.1429
-82.0757
-82.0075
-81.9386
-81.8687
-81.7979
-81.7262
-81.6535
-81.5799
-81.5051
-81.4294
-81.3524
-81.2744
-81.1952
-81.1147
-81.0329
-80.9499
-80.8654
-80.7795
-80.6921
-80.6032
-80.5126
-80.4204
-80.3264
-80.2305
-80.1327
-80.0329
-79.9309
-79.8268
-79.7203
-79.6113
-79.4997
-79.3853
-79.2681
-79.1478
-79.0242
-78.8971
-78.7664
-78.6317
-78.4928
-78.3493
-78.201
-78.0474
-77.8882
-77.7229
-77.5509
-77.3716
-77.1843
-76.9882
-76.7825
-76.5659
-76.3373
-76.0952
-75.8377
-75.5627
-75.2676
-74.949
-74.6028
-74.2237
-73.8047
-73.3364
-72.8058
-72.194
-71.4727
-70.5962
-69.4854
-67.9868
-65.748
-61.7146
-50.7676
6.24456
49.7843
41.0964
2.52166
-14.2249
-27.7173
-41.9968
-73.8447
-94.3972
-94.9617
-94.9644
-94.9329
-94.8738
-94.7777
-94.64
-94.4655
-94.265
-94.0504
-93.8311
-93.6131
-93.4
-93.1932
-92.9935
-92.801
-92.6156
-92.4368
-92.2646
-92.0984
-91.9382
-91.7835
-91.634
-91.4897
-91.3501
-91.2151
-91.0846
-90.9581
-90.8357
-90.7172
-90.6022
-90.4908
-90.3827
-90.2778
-90.176
-90.0771
-89.981
-89.8876
-89.7967
-89.7083
-89.6223
-89.5386
-89.457
-89.3775
-89.2999
-89.2243
-89.1505
-89.0785
-89.0081
-88.9394
-88.8722
-88.8064
-88.7421
-88.6792
-88.6175
-88.5571
-88.4979
-88.4398
-88.3828
-88.3268
-88.2719
-88.2179
-88.1649
-88.1127
-88.0614
-88.0108
-87.9611
-87.912
-87.8637
-87.816
-87.769
-87.7226
-87.6768
-87.6315
-87.5867
-87.5425
-87.4987
-87.4554
-87.4125
-87.37
-87.3279
-87.2862
-87.2448
-87.2038
-87.163
-87.1225
-87.0824
-87.0424
-87.0027
-86.9633
-86.924
-86.8849
-86.846
-86.8073
-86.7687
-86.7303
-86.692
-86.6537
-86.6156
-86.5776
-86.5397
-86.5018
-86.464
-86.4262
-86.3885
-86.3508
-86.3131
-86.2754
-86.2377
-86.2
-86.1623
-86.1245
-86.0867
-86.0489
-86.011
-85.9731
-85.9351
-85.897
-85.8588
-85.8205
-85.7822
-85.7437
-85.7051
-85.6664
-85.6276
-85.5886
-85.5496
-85.5103
-85.4709
-85.4314
-85.3917
-85.3518
-85.3118
-85.2716
-85.2312
-85.1906
-85.1498
-85.1088
-85.0675
-85.0261
-84.9845
-84.9426
-84.9005
-84.8581
-84.8156
-84.7727
-84.7296
-84.6863
-84.6426
-84.5987
-84.5546
-84.5101
-84.4653
-84.4203
-84.3749
-84.3292
-84.2832
-84.2369
-84.1903
-84.1433
-84.0959
-84.0483
-84.0002
-83.9518
-83.903
-83.8538
-83.8042
-83.7543
-83.7039
-83.6531
-83.6019
-83.5502
-83.4981
-83.4455
-83.3925
-83.339
-83.285
-83.2306
-83.1756
-83.1201
-83.064
-83.0074
-82.9503
-82.8926
-82.8343
-82.7754
-82.7159
-82.6558
-82.595
-82.5335
-82.4714
-82.4086
-82.345
-82.2808
-82.2157
-82.1499
-82.0833
-82.0159
-81.9476
-81.8784
-81.8084
-81.7374
-81.6654
-81.5925
-81.5185
-81.4435
-81.3674
-81.2901
-81.2117
-81.1321
-81.0512
-80.969
-80.8854
-80.8005
-80.714
-80.6261
-80.5365
-80.4453
-80.3523
-80.2576
-80.1609
-80.0622
-79.9615
-79.8586
-79.7534
-79.6458
-79.5356
-79.4228
-79.3071
-79.1884
-79.0665
-78.9412
-78.8124
-78.6797
-78.5429
-78.4017
-78.2558
-78.1048
-77.9484
-77.786
-77.6172
-77.4414
-77.2579
-77.066
-76.8648
-76.6532
-76.4302
-76.1944
-75.944
-75.677
-75.3912
-75.0833
-74.7498
-74.3858
-73.9852
-73.5396
-73.0377
-72.4637
-71.7937
-70.9908
-69.9933
-68.6871
-66.8308
-63.791
-57.1548
-29.7356
42.2823
44.3386
13.466
-11.4087
-24.576
-38.2828
-65.2694
-93.8281
-94.9529
-94.9712
-94.947
-94.8991
-94.8187
-94.6992
-94.5417
-94.3544
-94.1486
-93.9342
-93.7183
-93.5055
-93.2979
-93.0969
-92.9027
-92.7154
-92.5348
-92.3607
-92.1927
-92.0307
-91.8742
-91.723
-91.5769
-91.4357
-91.299
-91.1668
-91.0387
-90.9147
-90.7944
-90.6779
-90.5648
-90.4551
-90.3486
-90.2451
-90.1446
-90.0469
-89.9518
-89.8594
-89.7694
-89.6817
-89.5964
-89.5132
-89.4321
-89.3529
-89.2757
-89.2003
-89.1267
-89.0547
-88.9844
-88.9156
-88.8483
-88.7824
-88.7179
-88.6546
-88.5927
-88.5319
-88.4722
-88.4137
-88.3562
-88.2997
-88.2442
-88.1896
-88.1359
-88.0831
-88.031
-87.9798
-87.9292
-87.8794
-87.8302
-87.7817
-87.7338
-87.6865
-87.6398
-87.5935
-87.5478
-87.5026
-87.4578
-87.4135
-87.3696
-87.326
-87.2829
-87.24
-87.1976
-87.1554
-87.1135
-87.0719
-87.0306
-86.9895
-86.9486
-86.9079
-86.8675
-86.8272
-86.7871
-86.7471
-86.7073
-86.6676
-86.6281
-86.5886
-86.5492
-86.5099
-86.4707
-86.4315
-86.3924
-86.3533
-86.3143
-86.2752
-86.2362
-86.1972
-86.1581
-86.1191
-86.08
-86.0409
-86.0017
-85.9625
-85.9232
-85.8839
-85.8445
-85.805
-85.7654
-85.7257
-85.6859
-85.646
-85.6059
-85.5658
-85.5255
-85.4851
-85.4445
-85.4038
-85.3629
-85.3219
-85.2807
-85.2393
-85.1977
-85.156
-85.114
-85.0719
-85.0295
-84.9869
-84.9441
-84.9011
-84.8579
-84.8144
-84.7706
-84.7267
-84.6824
-84.6379
-84.5931
-84.5481
-84.5027
-84.4571
-84.4112
-84.365
-84.3184
-84.2716
-84.2244
-84.1769
-84.1291
-84.0809
-84.0324
-83.9835
-83.9342
-83.8846
-83.8345
-83.7841
-83.7333
-83.6821
-83.6304
-83.5783
-83.5258
-83.4729
-83.4195
-83.3656
-83.3112
-83.2563
-83.201
-83.1451
-83.0887
-83.0318
-82.9743
-82.9162
-82.8576
-82.7984
-82.7386
-82.6781
-82.617
-82.5553
-82.4929
-82.4297
-82.3659
-82.3014
-82.236
-82.17
-82.1031
-82.0354
-81.9669
-81.8975
-81.8272
-81.7559
-81.6837
-81.6106
-81.5364
-81.4612
-81.3848
-81.3074
-81.2288
-81.149
-81.0679
-80.9855
-80.9018
-80.8167
-80.7301
-80.642
-80.5523
-80.4609
-80.3679
-80.273
-80.1762
-80.0775
-79.9767
-79.8737
-79.7684
-79.6608
-79.5506
-79.4377
-79.322
-79.2033
-79.0815
-78.9563
-78.8275
-78.6949
-78.5582
-78.4172
-78.2715
-78.1207
-77.9645
-77.8024
-77.634
-77.4585
-77.2755
-77.0841
-76.8835
-76.6727
-76.4505
-76.2156
-75.9663
-75.7006
-75.4163
-75.1103
-74.7789
-74.4176
-74.0202
-73.5787
-73.0821
-72.515
-71.8544
-71.0652
-70.0882
-68.8164
-67.0258
-64.1436
-58.0848
-34.8057
41.4813
44.5855
14.2647
-11.3442
-24.515
-38.2177
-65.0998
-93.8086
-94.9517
-94.9713
-94.9479
-94.9011
-94.8226
-94.7056
-94.5508
-94.3657
-94.1612
-93.9473
-93.7314
-93.518
-93.3097
-93.1078
-92.9127
-92.7245
-92.5431
-92.3682
-92.1995
-92.0366
-91.8795
-91.7277
-91.5809
-91.4391
-91.3019
-91.1691
-91.0405
-90.9159
-90.7952
-90.6782
-90.5646
-90.4545
-90.3475
-90.2437
-90.1427
-90.0446
-89.9492
-89.8564
-89.7661
-89.6781
-89.5924
-89.5089
-89.4275
-89.348
-89.2705
-89.1948
-89.1209
-89.0487
-88.9781
-88.9091
-88.8415
-88.7754
-88.7106
-88.6471
-88.5849
-88.5239
-88.4641
-88.4053
-88.3477
-88.291
-88.2353
-88.1805
-88.1266
-88.0736
-88.0214
-87.9699
-87.9192
-87.8692
-87.8199
-87.7712
-87.7232
-87.6757
-87.6288
-87.5825
-87.5366
-87.4912
-87.4463
-87.4019
-87.3578
-87.3142
-87.2709
-87.2279
-87.1853
-87.143
-87.101
-87.0593
-87.0179
-86.9767
-86.9357
-86.8949
-86.8544
-86.814
-86.7738
-86.7337
-86.6938
-86.654
-86.6144
-86.5748
-86.5353
-86.496
-86.4566
-86.4174
-86.3782
-86.339
-86.2999
-86.2608
-86.2217
-86.1826
-86.1434
-86.1043
-86.0651
-86.0259
-85.9867
-85.9474
-85.9081
-85.8686
-85.8291
-85.7896
-85.7499
-85.7101
-85.6703
-85.6303
-85.5902
-85.55
-85.5096
-85.4691
-85.4285
-85.3877
-85.3468
-85.3057
-85.2644
-85.2229
-85.1813
-85.1395
-85.0975
-85.0552
-85.0128
-84.9702
-84.9273
-84.8842
-84.8409
-84.7973
-84.7535
-84.7094
-84.6651
-84.6205
-84.5757
-84.5306
-84.4851
-84.4394
-84.3934
-84.3471
-84.3005
-84.2536
-84.2064
-84.1588
-84.1109
-84.0626
-84.014
-83.965
-83.9156
-83.8659
-83.8158
-83.7653
-83.7144
-83.663
-83.6113
-83.5591
-83.5065
-83.4534
-83.3999
-83.3459
-83.2914
-83.2365
-83.181
-83.125
-83.0685
-83.0114
-82.9538
-82.8956
-82.8369
-82.7775
-82.7175
-82.6569
-82.5957
-82.5338
-82.4712
-82.4079
-82.344
-82.2792
-82.2137
-82.1475
-82.0804
-82.0125
-81.9438
-81.8742
-81.8037
-81.7322
-81.6598
-81.5864
-81.512
-81.4365
-81.3599
-81.2822
-81.2033
-81.1232
-81.0418
-80.9591
-80.875
-80.7895
-80.7026
-80.6141
-80.524
-80.4322
-80.3387
-80.2434
-80.1461
-80.0469
-79.9456
-79.842
-79.7362
-79.6279
-79.517
-79.4034
-79.287
-79.1675
-79.0449
-78.9188
-78.789
-78.6554
-78.5176
-78.3754
-78.2284
-78.0763
-77.9186
-77.7549
-77.5847
-77.4073
-77.2222
-77.0284
-76.8253
-76.6116
-76.3862
-76.1476
-75.8942
-75.6239
-75.3341
-75.0218
-74.683
-74.3127
-73.9045
-73.4496
-72.936
-72.3466
-71.656
-70.824
-69.7821
-68.4019
-66.4031
-63.0125
-55.0091
-17.5956
48.5285
44.4165
12.2671
-11.8029
-25.0913
-38.7595
-66.4727
-93.9453
-94.9544
-94.9696
-94.9433
-94.892
-94.8061
-94.6792
-94.5139
-94.3199
-94.1093
-93.892
-93.6749
-93.4619
-93.255
-93.0549
-92.862
-92.676
-92.4968
-92.324
-92.1573
-91.9965
-91.8412
-91.6912
-91.5463
-91.4061
-91.2705
-91.1393
-91.0123
-90.8893
-90.77
-90.6544
-90.5423
-90.4335
-90.3279
-90.2254
-90.1258
-90.0289
-89.9348
-89.8432
-89.7541
-89.6673
-89.5828
-89.5005
-89.4202
-89.3419
-89.2655
-89.1909
-89.1181
-89.047
-88.9774
-88.9094
-88.8429
-88.7778
-88.7141
-88.6516
-88.5904
-88.5304
-88.4715
-88.4138
-88.357
-88.3013
-88.2465
-88.1927
-88.1397
-88.0876
-88.0363
-87.9857
-87.9359
-87.8868
-87.8384
-87.7906
-87.7434
-87.6968
-87.6507
-87.6052
-87.5602
-87.5156
-87.4715
-87.4279
-87.3846
-87.3418
-87.2993
-87.2572
-87.2153
-87.1738
-87.1326
-87.0917
-87.051
-87.0106
-86.9704
-86.9304
-86.8906
-86.8509
-86.8115
-86.7722
-86.733
-86.694
-86.655
-86.6162
-86.5775
-86.5388
-86.5002
-86.4617
-86.4232
-86.3848
-86.3464
-86.308
-86.2696
-86.2312
-86.1928
-86.1544
-86.1159
-86.0775
-86.0389
-86.0004
-85.9617
-85.923
-85.8843
-85.8454
-85.8064
-85.7674
-85.7283
-85.689
-85.6496
-85.6101
-85.5705
-85.5307
-85.4908
-85.4508
-85.4106
-85.3702
-85.3297
-85.2889
-85.248
-85.207
-85.1657
-85.1242
-85.0826
-85.0407
-84.9986
-84.9563
-84.9137
-84.8709
-84.8279
-84.7846
-84.7411
-84.6973
-84.6533
-84.609
-84.5644
-84.5195
-84.4744
-84.4289
-84.3832
-84.3371
-84.2907
-84.244
-84.197
-84.1496
-84.1019
-84.0539
-84.0055
-83.9567
-83.9075
-83.858
-83.8081
-83.7577
-83.707
-83.6559
-83.6043
-83.5523
-83.4998
-83.4469
-83.3936
-83.3397
-83.2854
-83.2306
-83.1753
-83.1194
-83.0631
-83.0062
-82.9487
-82.8906
-82.832
-82.7728
-82.713
-82.6525
-82.5914
-82.5296
-82.4672
-82.404
-82.3401
-82.2755
-82.2102
-82.144
-82.0771
-82.0093
-81.9407
-81.8712
-81.8008
-81.7294
-81.6571
-81.5838
-81.5095
-81.4341
-81.3576
-81.28
-81.2012
-81.1212
-81.0399
-80.9573
-80.8734
-80.788
-80.7011
-80.6127
-80.5227
-80.431
-80.3376
-80.2424
-80.1452
-80.0461
-79.9448
-79.8414
-79.7356
-79.6274
-79.5166
-79.4031
-79.2868
-79.1674
-79.0448
-78.9188
-78.7891
-78.6556
-78.5179
-78.3758
-78.2289
-78.0768
-77.9192
-77.7556
-77.5854
-77.4081
-77.2231
-77.0294
-76.8263
-76.6127
-76.3874
-76.1489
-75.8955
-75.6252
-75.3355
-75.0232
-74.6844
-74.3141
-73.9059
-73.4509
-72.9372
-72.3476
-71.6567
-70.8241
-69.7812
-68.3991
-66.3959
-62.9929
-54.9302
-17.0808
48.6628
44.4491
12.269
-11.8241
-25.1222
-38.7873
-66.5435
-93.9519
-94.9545
-94.9695
-94.9431
-94.8916
-94.8054
-94.6782
-94.5125
-94.3182
-94.1073
-93.8899
-93.6728
-93.4598
-93.2529
-93.0528
-92.8599
-92.674
-92.4949
-92.3221
-92.1555
-91.9948
-91.8396
-91.6896
-91.5447
-91.4046
-91.2691
-91.1379
-91.011
-90.888
-90.7688
-90.6532
-90.5412
-90.4324
-90.3269
-90.2244
-90.1248
-90.028
-89.9339
-89.8424
-89.7533
-89.6666
-89.5822
-89.4999
-89.4196
-89.3414
-89.2651
-89.1905
-89.1178
-89.0467
-88.9772
-88.9093
-88.8428
-88.7778
-88.7141
-88.6517
-88.5905
-88.5306
-88.4717
-88.414
-88.3573
-88.3017
-88.247
-88.1932
-88.1403
-88.0882
-88.0369
-87.9864
-87.9367
-87.8876
-87.8392
-87.7915
-87.7444
-87.6978
-87.6518
-87.6064
-87.5614
-87.5169
-87.4729
-87.4293
-87.3861
-87.3433
-87.3009
-87.2588
-87.217
-87.1756
-87.1344
-87.0936
-87.0529
-87.0126
-86.9724
-86.9325
-86.8927
-86.8532
-86.8138
-86.7745
-86.7354
-86.6964
-86.6576
-86.6188
-86.5801
-86.5415
-86.503
-86.4646
-86.4261
-86.3878
-86.3494
-86.3111
-86.2728
-86.2344
-86.1961
-86.1577
-86.1194
-86.081
-86.0425
-86.004
-85.9654
-85.9268
-85.8881
-85.8493
-85.8104
-85.7714
-85.7324
-85.6932
-85.6539
-85.6144
-85.5749
-85.5352
-85.4954
-85.4554
-85.4152
-85.3749
-85.3345
-85.2938
-85.253
-85.212
-85.1708
-85.1294
-85.0878
-85.046
-85.004
-84.9618
-84.9193
-84.8766
-84.8337
-84.7905
-84.7471
-84.7034
-84.6594
-84.6152
-84.5707
-84.5259
-84.4808
-84.4355
-84.3898
-84.3438
-84.2976
-84.251
-84.204
-84.1568
-84.1092
-84.0612
-84.0129
-83.9642
-83.9152
-83.8657
-83.8159
-83.7657
-83.7151
-83.664
-83.6126
-83.5607
-83.5084
-83.4556
-83.4024
-83.3486
-83.2945
-83.2398
-83.1846
-83.1289
-83.0726
-83.0159
-82.9585
-82.9006
-82.8422
-82.7831
-82.7234
-82.6631
-82.6021
-82.5405
-82.4782
-82.4153
-82.3516
-82.2871
-82.222
-82.156
-82.0892
-82.0217
-81.9532
-81.884
-81.8138
-81.7426
-81.6706
-81.5975
-81.5234
-81.4483
-81.3721
-81.2947
-81.2162
-81.1364
-81.0554
-80.9731
-80.8895
-80.8044
-80.7179
-80.6299
-80.5402
-80.4489
-80.3559
-80.2611
-80.1643
-80.0656
-79.9648
-79.8619
-79.7566
-79.6489
-79.5387
-79.4259
-79.3101
-79.1914
-79.0695
-78.9443
-78.8154
-78.6827
-78.5459
-78.4047
-78.2589
-78.1079
-77.9515
-77.7892
-77.6205
-77.4447
-77.2613
-77.0695
-76.8685
-76.6571
-76.4343
-76.1986
-75.9485
-75.6819
-75.3964
-75.089
-74.756
-74.3926
-73.9927
-73.5481
-73.0475
-72.4751
-71.8073
-71.0077
-70.0151
-68.7172
-66.8769
-63.8758
-57.3858
-31.0292
42.2483
44.3555
13.5548
-11.3882
-24.5497
-38.2561
-65.2006
-93.8207
-94.9526
-94.9712
-94.9471
-94.8994
-94.8192
-94.7
-94.5425
-94.3551
-94.1488
-93.9337
-93.7169
-93.503
-93.2944
-93.0923
-92.8971
-92.7088
-92.5273
-92.3522
-92.1834
-92.0205
-91.8633
-91.7114
-91.5646
-91.4227
-91.2854
-91.1525
-91.0239
-90.8993
-90.7786
-90.6616
-90.548
-90.4379
-90.331
-90.2271
-90.1262
-90.0282
-89.9328
-89.84
-89.7498
-89.6618
-89.5762
-89.4928
-89.4114
-89.3321
-89.2547
-89.1791
-89.1053
-89.0332
-88.9627
-88.8938
-88.8264
-88.7603
-88.6957
-88.6324
-88.5703
-88.5095
-88.4498
-88.3912
-88.3336
-88.2771
-88.2216
-88.167
-88.1132
-88.0604
-88.0083
-87.957
-87.9065
-87.8567
-87.8075
-87.7591
-87.7112
-87.6639
-87.6172
-87.571
-87.5254
-87.4802
-87.4355
-87.3912
-87.3473
-87.3039
-87.2608
-87.218
-87.1756
-87.1335
-87.0917
-87.0502
-87.009
-86.968
-86.9272
-86.8867
-86.8463
-86.8061
-86.7661
-86.7263
-86.6866
-86.647
-86.6076
-86.5682
-86.529
-86.4898
-86.4507
-86.4117
-86.3727
-86.3338
-86.2948
-86.2559
-86.2171
-86.1782
-86.1393
-86.1004
-86.0614
-86.0225
-85.9835
-85.9444
-85.9053
-85.8661
-85.8268
-85.7875
-85.7481
-85.7086
-85.6689
-85.6292
-85.5893
-85.5493
-85.5092
-85.469
-85.4286
-85.3881
-85.3474
-85.3065
-85.2655
-85.2243
-85.1829
-85.1413
-85.0996
-85.0576
-85.0154
-84.973
-84.9304
-84.8876
-84.8445
-84.8012
-84.7577
-84.7139
-84.6699
-84.6256
-84.581
-84.5361
-84.491
-84.4456
-84.3999
-84.3539
-84.3076
-84.2609
-84.214
-84.1667
-84.1191
-84.0711
-84.0228
-83.9741
-83.9251
-83.8757
-83.8259
-83.7757
-83.7251
-83.6741
-83.6227
-83.5709
-83.5186
-83.4659
-83.4127
-83.3591
-83.3049
-83.2503
-83.1952
-83.1396
-83.0835
-83.0268
-82.9696
-82.9118
-82.8535
-82.7945
-82.735
-82.6748
-82.614
-82.5526
-82.4905
-82.4276
-82.3641
-82.2999
-82.2349
-82.1691
-82.1026
-82.0352
-81.967
-81.898
-81.828
-81.7571
-81.6853
-81.6125
-81.5387
-81.4639
-81.3879
-81.3109
-81.2327
-81.1533
-81.0727
-80.9907
-80.9075
-80.8228
-80.7367
-80.6491
-80.5599
-80.4691
-80.3765
-80.2822
-80.186
-80.0879
-79.9877
-79.8853
-79.7807
-79.6738
-79.5643
-79.4522
-79.3373
-79.2194
-79.0984
-78.9741
-78.8463
-78.7147
-78.5791
-78.4391
-78.2946
-78.1451
-77.9903
-77.8297
-77.6628
-77.489
-77.3079
-77.1185
-76.9201
-76.7117
-76.4922
-76.2603
-76.0144
-75.7525
-75.4725
-75.1715
-74.846
-74.4916
-74.1026
-73.6713
-73.1876
-72.637
-71.9987
-71.2404
-70.3096
-69.1126
-67.4601
-64.8919
-59.8811
-43.511
32.2115
46.7337
20.8959
-11.4474
-24.8451
-38.4885
-65.689
-93.7879
-94.9394
-94.9697
-94.9489
-94.9044
-94.8294
-94.717
-94.5668
-94.3856
-94.1836
-93.9708
-93.755
-93.5409
-93.3314
-93.128
-92.9313
-92.7413
-92.5581
-92.3814
-92.2108
-92.0462
-91.8872
-91.7337
-91.5853
-91.4417
-91.3029
-91.1685
-91.0383
-90.9122
-90.79
-90.6715
-90.5566
-90.445
-90.3367
-90.2316
-90.1293
-90.03
-89.9333
-89.8393
-89.7478
-89.6587
-89.5718
-89.4872
-89.4047
-89.3242
-89.2457
-89.169
-89.0941
-89.0209
-88.9493
-88.8794
-88.8109
-88.7439
-88.6782
-88.6139
-88.5508
-88.489
-88.4283
-88.3688
-88.3103
-88.2529
-88.1964
-88.1409
-88.0863
-88.0325
-87.9796
-87.9274
-87.8761
-87.8254
-87.7754
-87.7261
-87.6774
-87.6293
-87.5818
-87.5348
-87.4883
-87.4424
-87.3969
-87.3518
-87.3072
-87.263
-87.2191
-87.1756
-87.1325
-87.0896
-87.0471
-87.0049
-86.9629
-86.9212
-86.8797
-86.8384
-86.7974
-86.7565
-86.7158
-86.6752
-86.6348
-86.5946
-86.5544
-86.5144
-86.4745
-86.4346
-86.3949
-86.3552
-86.3155
-86.2759
-86.2363
-86.1967
-86.1572
-86.1176
-86.0781
-86.0385
-85.9989
-85.9593
-85.9196
-85.8799
-85.8401
-85.8003
-85.7604
-85.7204
-85.6803
-85.6401
-85.5998
-85.5594
-85.5189
-85.4782
-85.4374
-85.3965
-85.3555
-85.3143
-85.2729
-85.2313
-85.1896
-85.1478
-85.1057
-85.0634
-85.021
-84.9783
-84.9354
-84.8923
-84.849
-84.8055
-84.7617
-84.7177
-84.6734
-84.6289
-84.5841
-84.539
-84.4937
-84.4481
-84.4022
-84.356
-84.3095
-84.2627
-84.2156
-84.1681
-84.1203
-84.0722
-84.0237
-83.9749
-83.9258
-83.8762
-83.8263
-83.776
-83.7253
-83.6742
-83.6226
-83.5707
-83.5183
-83.4655
-83.4122
-83.3585
-83.3043
-83.2496
-83.1944
-83.1387
-83.0825
-83.0257
-82.9684
-82.9106
-82.8521
-82.7931
-82.7335
-82.6733
-82.6124
-82.5509
-82.4887
-82.4258
-82.3623
-82.298
-82.2329
-82.1671
-82.1005
-82.0331
-81.9648
-81.8957
-81.8257
-81.7548
-81.683
-81.6101
-81.5363
-81.4614
-81.3854
-81.3084
-81.2301
-81.1507
-81.07
-80.9881
-80.9048
-80.8201
-80.7339
-80.6463
-80.5571
-80.4662
-80.3736
-80.2793
-80.1831
-80.0849
-79.9847
-79.8823
-79.7777
-79.6707
-79.5612
-79.449
-79.3341
-79.2162
-79.0952
-78.9708
-78.8429
-78.7113
-78.5756
-78.4357
-78.2911
-78.1416
-77.9867
-77.826
-77.659
-77.4852
-77.3039
-77.1145
-76.9159
-76.7074
-76.4878
-76.2557
-76.0096
-75.7476
-75.4674
-75.1661
-74.8403
-74.4855
-74.0959
-73.6641
-73.1796
-72.628
-71.9884
-71.2281
-70.2945
-69.0928
-67.4316
-64.8437
-59.7692
-42.9981
33.2418
46.507
20.1076
-11.4529
-24.8349
-38.4787
-65.6772
-93.8029
-94.9414
-94.9699
-94.9488
-94.9041
-94.8287
-94.7158
-94.5652
-94.3836
-94.1812
-93.9683
-93.7522
-93.538
-93.3284
-93.125
-92.9282
-92.7382
-92.555
-92.3782
-92.2077
-92.0431
-91.8841
-91.7306
-91.5822
-91.4387
-91.2998
-91.1655
-91.0354
-90.9093
-90.7872
-90.6687
-90.5538
-90.4423
-90.3341
-90.2289
-90.1268
-90.0275
-89.9309
-89.8369
-89.7455
-89.6564
-89.5696
-89.4851
-89.4026
-89.3222
-89.2438
-89.1671
-89.0923
-89.0192
-88.9477
-88.8778
-88.8094
-88.7424
-88.6769
-88.6126
-88.5496
-88.4879
-88.4273
-88.3678
-88.3094
-88.2521
-88.1957
-88.1402
-88.0857
-88.032
-87.9792
-87.9271
-87.8758
-87.8252
-87.7753
-87.7261
-87.6775
-87.6294
-87.582
-87.5351
-87.4887
-87.4428
-87.3974
-87.3525
-87.3079
-87.2638
-87.22
-87.1766
-87.1335
-87.0908
-87.0483
-87.0062
-86.9643
-86.9227
-86.8813
-86.8401
-86.7991
-86.7583
-86.7177
-86.6772
-86.6369
-86.5968
-86.5567
-86.5168
-86.4769
-86.4372
-86.3975
-86.3579
-86.3183
-86.2788
-86.2393
-86.1998
-86.1604
-86.1209
-86.0814
-86.042
-86.0025
-85.9629
-85.9233
-85.8837
-85.844
-85.8043
-85.7644
-85.7245
-85.6846
-85.6445
-85.6043
-85.564
-85.5235
-85.483
-85.4423
-85.4015
-85.3605
-85.3194
-85.2782
-85.2367
-85.1951
-85.1533
-85.1114
-85.0692
-85.0268
-84.9843
-84.9415
-84.8985
-84.8553
-84.8119
-84.7682
-84.7243
-84.6802
-84.6357
-84.5911
-84.5461
-84.5009
-84.4554
-84.4096
-84.3636
-84.3172
-84.2705
-84.2235
-84.1762
-84.1285
-84.0805
-84.0322
-83.9835
-83.9345
-83.8851
-83.8353
-83.7851
-83.7345
-83.6836
-83.6322
-83.5804
-83.5282
-83.4755
-83.4224
-83.3688
-83.3147
-83.2602
-83.2052
-83.1496
-83.0936
-83.037
-82.9799
-82.9222
-82.864
-82.8052
-82.7457
-82.6857
-82.625
-82.5637
-82.5017
-82.4391
-82.3757
-82.3117
-82.2468
-82.1813
-82.1149
-82.0477
-81.9797
-81.9109
-81.8412
-81.7705
-81.6989
-81.6264
-81.5529
-81.4783
-81.4026
-81.3259
-81.248
-81.1689
-81.0886
-81.007
-80.9241
-80.8398
-80.754
-80.6668
-80.578
-80.4876
-80.3956
-80.3017
-80.206
-80.1084
-80.0088
-79.907
-79.803
-79.6966
-79.5878
-79.4764
-79.3622
-79.2452
-79.125
-79.0016
-78.8747
-78.7441
-78.6095
-78.4707
-78.3274
-78.1792
-78.0258
-77.8667
-77.7014
-77.5295
-77.3502
-77.163
-76.9669
-76.7612
-76.5446
-76.3159
-76.0736
-75.816
-75.5407
-75.2453
-74.9262
-74.5795
-74.1996
-73.7796
-73.31
-72.7775
-72.1631
-71.4382
-70.5564
-69.437
-67.9229
-65.6518
-61.528
-50.1317
9.38061
49.7248
39.5455
-0.150513
-15.5245
-29.1688
-44.6829
-79.0316
-94.5719
-94.9649
-94.9622
-94.9285
-94.8666
-94.7671
-94.6264
-94.4494
-94.2472
-94.0313
-93.8109
-93.5918
-93.3776
-93.1697
-92.9688
-92.7751
-92.5884
-92.4085
-92.2351
-92.0679
-91.9066
-91.7508
-91.6004
-91.4551
-91.3147
-91.1789
-91.0475
-90.9203
-90.7972
-90.6779
-90.5623
-90.4502
-90.3416
-90.2361
-90.1337
-90.0343
-89.9377
-89.8439
-89.7526
-89.6638
-89.5774
-89.4933
-89.4114
-89.3316
-89.2538
-89.1779
-89.1039
-89.0316
-88.961
-88.8921
-88.8247
-88.7588
-88.6943
-88.6312
-88.5694
-88.5089
-88.4496
-88.3914
-88.3344
-88.2784
-88.2234
-88.1694
-88.1163
-88.0641
-88.0128
-87.9622
-87.9125
-87.8635
-87.8152
-87.7676
-87.7206
-87.6742
-87.6285
-87.5833
-87.5386
-87.4944
-87.4508
-87.4075
-87.3648
-87.3224
-87.2804
-87.2388
-87.1976
-87.1566
-87.116
-87.0757
-87.0357
-86.9959
-86.9564
-86.9171
-86.878
-86.8391
-86.8004
-86.7618
-86.7234
-86.6852
-86.6471
-86.6091
-86.5712
-86.5334
-86.4956
-86.458
-86.4204
-86.3828
-86.3453
-86.3079
-86.2704
-86.2329
-86.1955
-86.158
-86.1205
-86.083
-86.0455
-86.0079
-85.9703
-85.9326
-85.8948
-85.857
-85.8191
-85.7811
-85.743
-85.7048
-85.6665
-85.6281
-85.5895
-85.5508
-85.512
-85.4731
-85.434
-85.3947
-85.3553
-85.3157
-85.276
-85.2361
-85.196
-85.1557
-85.1152
-85.0745
-85.0336
-84.9924
-84.9511
-84.9095
-84.8677
-84.8257
-84.7834
-84.7409
-84.6982
-84.6551
-84.6118
-84.5682
-84.5244
-84.4803
-84.4358
-84.3911
-84.3461
-84.3007
-84.2551
-84.2091
-84.1628
-84.1162
-84.0692
-84.0218
-83.9741
-83.9261
-83.8776
-83.8288
-83.7796
-83.73
-83.68
-83.6296
-83.5787
-83.5274
-83.4757
-83.4235
-83.3709
-83.3178
-83.2642
-83.2101
-83.1555
-83.1004
-83.0448
-82.9886
-82.9319
-82.8746
-82.8167
-82.7583
-82.6992
-82.6395
-82.5791
-82.5181
-82.4565
-82.3941
-82.331
-82.2672
-82.2026
-82.1373
-82.0712
-82.0042
-81.9364
-81.8678
-81.7982
-81.7278
-81.6563
-81.5839
-81.5105
-81.4361
-81.3605
-81.2838
-81.206
-81.1269
-81.0467
-80.9651
-80.8821
-80.7978
-80.712
-80.6248
-80.5359
-80.4454
-80.3531
-80.2591
-80.1632
-80.0654
-79.9655
-79.8634
-79.7591
-79.6524
-79.5431
-79.4312
-79.3166
-79.1989
-79.0781
-78.954
-78.8264
-78.6949
-78.5595
-78.4197
-78.2753
-78.1259
-77.9711
-77.8105
-77.6436
-77.4698
-77.2885
-77.099
-76.9004
-76.6918
-76.472
-76.2396
-75.9932
-75.7307
-75.4499
-75.1479
-74.8211
-74.4652
-74.0741
-73.6403
-73.1533
-72.5982
-71.9538
-71.1867
-70.2426
-69.0238
-67.3306
-64.6699
-59.3567
-41.0562
36.4468
45.7926
17.7941
-11.4083
-24.717
-38.3813
-65.473
-93.8201
-94.9463
-94.9704
-94.9485
-94.9032
-94.8269
-94.7129
-94.5612
-94.3786
-94.1757
-93.9624
-93.7464
-93.5323
-93.3231
-93.1201
-92.9239
-92.7344
-92.5518
-92.3756
-92.2057
-92.0417
-91.8834
-91.7305
-91.5827
-91.4398
-91.3016
-91.1679
-91.0383
-90.9129
-90.7913
-90.6735
-90.5592
-90.4483
-90.3406
-90.236
-90.1344
-90.0357
-89.9397
-89.8463
-89.7553
-89.6668
-89.5806
-89.4966
-89.4146
-89.3348
-89.2568
-89.1807
-89.1064
-89.0337
-88.9628
-88.8933
-88.8254
-88.759
-88.6939
-88.6301
-88.5676
-88.5063
-88.4462
-88.3872
-88.3293
-88.2724
-88.2164
-88.1615
-88.1074
-88.0541
-88.0017
-87.9501
-87.8992
-87.8491
-87.7996
-87.7508
-87.7026
-87.6551
-87.608
-87.5616
-87.5156
-87.4702
-87.4252
-87.3806
-87.3365
-87.2928
-87.2494
-87.2064
-87.1638
-87.1214
-87.0794
-87.0377
-86.9962
-86.9549
-86.914
-86.8732
-86.8326
-86.7922
-86.752
-86.712
-86.6721
-86.6323
-86.5927
-86.5531
-86.5137
-86.4743
-86.435
-86.3958
-86.3567
-86.3175
-86.2785
-86.2394
-86.2003
-86.1613
-86.1222
-86.0832
-86.0441
-86.0049
-85.9658
-85.9266
-85.8873
-85.848
-85.8086
-85.7691
-85.7295
-85.6898
-85.6501
-85.6102
-85.5702
-85.5301
-85.4898
-85.4495
-85.4089
-85.3683
-85.3274
-85.2865
-85.2453
-85.204
-85.1625
-85.1208
-85.0789
-85.0368
-84.9945
-84.952
-84.9093
-84.8663
-84.8231
-84.7797
-84.7361
-84.6921
-84.648
-84.6036
-84.5589
-84.5139
-84.4686
-84.4231
-84.3773
-84.3311
-84.2847
-84.238
-84.1909
-84.1435
-84.0957
-84.0476
-83.9992
-83.9504
-83.9012
-83.8517
-83.8018
-83.7515
-83.7008
-83.6496
-83.5981
-83.5461
-83.4937
-83.4409
-83.3875
-83.3338
-83.2795
-83.2248
-83.1695
-83.1137
-83.0575
-83.0006
-82.9433
-82.8853
-82.8268
-82.7677
-82.708
-82.6476
-82.5866
-82.525
-82.4627
-82.3996
-82.3359
-82.2715
-82.2063
-82.1403
-82.0735
-82.0059
-81.9375
-81.8682
-81.7979
-81.7268
-81.6547
-81.5816
-81.5075
-81.4324
-81.3561
-81.2788
-81.2002
-81.1204
-81.0394
-80.9571
-80.8734
-80.7883
-80.7018
-80.6137
-80.524
-80.4327
-80.3396
-80.2448
-80.148
-80.0492
-79.9484
-79.8454
-79.74
-79.6323
-79.522
-79.409
-79.2932
-79.1744
-79.0524
-78.927
-78.798
-78.6651
-78.5282
-78.3868
-78.2407
-78.0896
-77.9329
-77.7703
-77.6012
-77.4251
-77.2413
-77.0491
-76.8475
-76.6355
-76.4121
-76.1756
-75.9246
-75.657
-75.3703
-75.0615
-74.7268
-74.3614
-73.9591
-73.5114
-73.0068
-72.4292
-71.7545
-70.9448
-69.937
-68.6138
-66.725
-63.607
-56.6816
-27.1762
42.1121
44.3741
13.452
-11.4583
-24.6481
-38.3548
-65.4544
-93.8474
-94.9532
-94.9708
-94.946
-94.8972
-94.8153
-94.6936
-94.5335
-94.3437
-94.1357
-93.9193
-93.7018
-93.4875
-93.2787
-93.0765
-92.8812
-92.6929
-92.5114
-92.3364
-92.1676
-92.0047
-91.8474
-91.6955
-91.5488
-91.4069
-91.2696
-91.1368
-91.0082
-90.8837
-90.763
-90.646
-90.5325
-90.4225
-90.3156
-90.2118
-90.111
-90.0131
-89.9178
-89.8251
-89.735
-89.6472
-89.5617
-89.4783
-89.3971
-89.3179
-89.2406
-89.1652
-89.0915
-89.0196
-88.9492
-88.8805
-88.8132
-88.7473
-88.6829
-88.6197
-88.5578
-88.4971
-88.4376
-88.3792
-88.3218
-88.2655
-88.2101
-88.1557
-88.1022
-88.0495
-87.9977
-87.9466
-87.8962
-87.8466
-87.7977
-87.7494
-87.7018
-87.6547
-87.6082
-87.5622
-87.5168
-87.4718
-87.4273
-87.3833
-87.3396
-87.2964
-87.2535
-87.211
-87.1688
-87.127
-87.0854
-87.0441
-87.0031
-86.9624
-86.9218
-86.8815
-86.8414
-86.8015
-86.7617
-86.7221
-86.6826
-86.6433
-86.6041
-86.565
-86.526
-86.4871
-86.4483
-86.4095
-86.3708
-86.3321
-86.2934
-86.2548
-86.2161
-86.1775
-86.1389
-86.1003
-86.0616
-86.0229
-85.9841
-85.9454
-85.9065
-85.8676
-85.8286
-85.7896
-85.7504
-85.7112
-85.6718
-85.6324
-85.5928
-85.5531
-85.5133
-85.4733
-85.4332
-85.393
-85.3526
-85.312
-85.2713
-85.2304
-85.1893
-85.1481
-85.1066
-85.0649
-85.0231
-84.981
-84.9387
-84.8962
-84.8535
-84.8105
-84.7673
-84.7239
-84.6802
-84.6362
-84.592
-84.5475
-84.5027
-84.4576
-84.4123
-84.3666
-84.3207
-84.2744
-84.2278
-84.1809
-84.1337
-84.0861
-84.0381
-83.9899
-83.9412
-83.8922
-83.8428
-83.7931
-83.7429
-83.6923
-83.6413
-83.5899
-83.5381
-83.4858
-83.4331
-83.38
-83.3263
-83.2722
-83.2176
-83.1624
-83.1068
-83.0506
-82.9939
-82.9367
-82.8789
-82.8205
-82.7615
-82.7019
-82.6417
-82.5808
-82.5193
-82.4571
-82.3942
-82.3306
-82.2662
-82.2011
-82.1353
-82.0686
-82.0011
-81.9328
-81.8636
-81.7935
-81.7225
-81.6505
-81.5775
-81.5035
-81.4285
-81.3524
-81.2751
-81.1967
-81.117
-81.0361
-80.9539
-80.8704
-80.7854
-80.6989
-80.611
-80.5214
-80.4302
-80.3373
-80.2425
-80.1459
-80.0472
-79.9465
-79.8436
-79.7384
-79.6308
-79.5207
-79.4078
-79.2922
-79.1735
-79.0516
-78.9264
-78.7975
-78.6649
-78.5281
-78.3869
-78.241
-78.09
-77.9335
-77.7711
-77.6023
-77.4264
-77.2429
-77.0509
-76.8496
-76.638
-76.4148
-76.1788
-75.9282
-75.661
-75.3748
-75.0665
-74.7326
-74.368
-73.9666
-73.52
-73.0169
-72.4411
-71.7687
-70.9625
-69.9599
-68.6453
-66.773
-63.6952
-56.9228
-28.5375
42.2351
44.3421
13.4258
-11.4318
-24.608
-38.3149
-65.3516
-93.8368
-94.953
-94.9709
-94.9464
-94.8979
-94.8165
-94.6955
-94.5362
-94.3471
-94.1394
-93.9233
-93.7058
-93.4914
-93.2825
-93.0801
-92.8847
-92.6962
-92.5145
-92.3393
-92.1704
-92.0073
-91.8499
-91.6979
-91.5511
-91.4091
-91.2717
-91.1388
-91.0101
-90.8855
-90.7647
-90.6477
-90.5341
-90.424
-90.3171
-90.2132
-90.1124
-90.0143
-89.919
-89.8263
-89.7361
-89.6483
-89.5627
-89.4794
-89.3981
-89.3189
-89.2415
-89.1661
-89.0924
-89.0204
-88.95
-88.8812
-88.8139
-88.7481
-88.6836
-88.6204
-88.5585
-88.4978
-88.4382
-88.3798
-88.3225
-88.2661
-88.2107
-88.1563
-88.1028
-88.0501
-87.9982
-87.9471
-87.8968
-87.8472
-87.7982
-87.7499
-87.7023
-87.6552
-87.6087
-87.5627
-87.5173
-87.4723
-87.4278
-87.3838
-87.3401
-87.2969
-87.254
-87.2115
-87.1694
-87.1275
-87.086
-87.0447
-87.0037
-86.9629
-86.9224
-86.8821
-86.842
-86.8021
-86.7623
-86.7227
-86.6833
-86.644
-86.6048
-86.5657
-86.5267
-86.4878
-86.449
-86.4102
-86.3715
-86.3328
-86.2942
-86.2556
-86.217
-86.1783
-86.1397
-86.1011
-86.0625
-86.0238
-85.9851
-85.9463
-85.9075
-85.8686
-85.8296
-85.7906
-85.7514
-85.7122
-85.6729
-85.6334
-85.5939
-85.5542
-85.5144
-85.4745
-85.4344
-85.3942
-85.3538
-85.3133
-85.2726
-85.2317
-85.1907
-85.1494
-85.108
-85.0664
-85.0245
-84.9825
-84.9402
-84.8978
-84.8551
-84.8121
-84.7689
-84.7255
-84.6819
-84.6379
-84.5937
-84.5492
-84.5045
-84.4595
-84.4142
-84.3685
-84.3226
-84.2764
-84.2298
-84.183
-84.1358
-84.0882
-84.0403
-83.9921
-83.9435
-83.8945
-83.8452
-83.7955
-83.7454
-83.6948
-83.6439
-83.5925
-83.5408
-83.4885
-83.4359
-83.3827
-83.3292
-83.2751
-83.2205
-83.1655
-83.1099
-83.0538
-82.9971
-82.9399
-82.8822
-82.8239
-82.7649
-82.7054
-82.6452
-82.5844
-82.523
-82.4609
-82.398
-82.3345
-82.2703
-82.2053
-82.1395
-82.0729
-82.0055
-81.9373
-81.8682
-81.7982
-81.7272
-81.6553
-81.5825
-81.5086
-81.4337
-81.3577
-81.2805
-81.2022
-81.1227
-81.0419
-80.9598
-80.8764
-80.7916
-80.7053
-80.6175
-80.5281
-80.4371
-80.3443
-80.2497
-80.1533
-80.0549
-79.9544
-79.8517
-79.7467
-79.6394
-79.5295
-79.4169
-79.3015
-79.1832
-79.0616
-78.9367
-78.8082
-78.6759
-78.5396
-78.3988
-78.2534
-78.1029
-77.947
-77.7852
-77.617
-77.4418
-77.259
-77.0679
-76.8675
-76.6569
-76.4349
-76.2001
-75.951
-75.6854
-75.4011
-75.0951
-74.7637
-74.4022
-74.0045
-73.5626
-73.0653
-72.4972
-71.8351
-71.0434
-70.0627
-68.7843
-66.9809
-64.0679
-57.8988
-33.8457
41.7864
44.4969
14.0041
-11.3535
-24.5181
-38.2222
-65.1126
-93.8106
-94.9519
-94.9712
-94.9474
-94.9002
-94.8209
-94.7028
-94.5466
-94.3601
-94.1543
-93.9391
-93.722
-93.5075
-93.2982
-93.0953
-92.8994
-92.7104
-92.5282
-92.3525
-92.1831
-92.0197
-91.8619
-91.7096
-91.5624
-91.42
-91.2824
-91.1492
-91.0202
-90.8953
-90.7743
-90.657
-90.5432
-90.4328
-90.3257
-90.2217
-90.1206
-90.0224
-89.9269
-89.834
-89.7436
-89.6556
-89.5699
-89.4863
-89.4049
-89.3255
-89.2481
-89.1724
-89.0986
-89.0265
-88.956
-88.8871
-88.8196
-88.7536
-88.689
-88.6257
-88.5637
-88.5029
-88.4432
-88.3847
-88.3272
-88.2708
-88.2153
-88.1608
-88.1071
-88.0544
-88.0024
-87.9512
-87.9008
-87.8511
-87.8021
-87.7537
-87.706
-87.6588
-87.6122
-87.5662
-87.5207
-87.4756
-87.4311
-87.3869
-87.3432
-87.2999
-87.257
-87.2144
-87.1722
-87.1303
-87.0887
-87.0473
-87.0063
-86.9655
-86.9249
-86.8845
-86.8444
-86.8044
-86.7646
-86.725
-86.6855
-86.6461
-86.6069
-86.5677
-86.5287
-86.4898
-86.4509
-86.4121
-86.3733
-86.3346
-86.2959
-86.2573
-86.2186
-86.18
-86.1413
-86.1027
-86.064
-86.0253
-85.9865
-85.9477
-85.9089
-85.8699
-85.8309
-85.7919
-85.7527
-85.7135
-85.6741
-85.6346
-85.5951
-85.5554
-85.5156
-85.4756
-85.4355
-85.3953
-85.3549
-85.3143
-85.2736
-85.2327
-85.1916
-85.1504
-85.1089
-85.0673
-85.0254
-84.9834
-84.9411
-84.8986
-84.8559
-84.8129
-84.7697
-84.7263
-84.6826
-84.6386
-84.5944
-84.55
-84.5052
-84.4602
-84.4148
-84.3692
-84.3233
-84.277
-84.2305
-84.1836
-84.1364
-84.0888
-84.0409
-83.9927
-83.9441
-83.8951
-83.8458
-83.796
-83.7459
-83.6954
-83.6445
-83.5931
-83.5413
-83.4891
-83.4364
-83.3833
-83.3297
-83.2757
-83.2211
-83.166
-83.1105
-83.0544
-82.9977
-82.9405
-82.8828
-82.8245
-82.7655
-82.706
-82.6459
-82.5851
-82.5236
-82.4615
-82.3987
-82.3352
-82.2709
-82.2059
-82.1402
-82.0736
-82.0062
-81.938
-81.8689
-81.7989
-81.728
-81.6562
-81.5833
-81.5095
-81.4346
-81.3586
-81.2815
-81.2032
-81.1237
-81.0429
-80.9609
-80.8775
-80.7927
-80.7065
-80.6187
-80.5294
-80.4383
-80.3456
-80.2511
-80.1547
-80.0563
-79.9559
-79.8533
-79.7484
-79.6411
-79.5312
-79.4187
-79.3034
-79.1851
-79.0637
-78.9388
-78.8105
-78.6783
-78.542
-78.4013
-78.256
-78.1057
-77.9499
-77.7883
-77.6202
-77.4452
-77.2626
-77.0717
-76.8716
-76.6612
-76.4396
-76.2051
-75.9564
-75.6913
-75.4075
-75.1021
-74.7713
-74.4107
-74.014
-73.5733
-73.0776
-72.5115
-71.8522
-71.0644
-70.0896
-68.8209
-67.0358
-64.1661
-58.1514
-35.1854
41.3322
44.6232
14.3707
-11.3437
-24.5184
-38.2202
-65.1055
-93.8089
-94.9515
-94.9712
-94.9476
-94.9007
-94.8219
-94.7045
-94.549
-94.3631
-94.1577
-93.9427
-93.7257
-93.5111
-93.3017
-93.0987
-92.9027
-92.7135
-92.5312
-92.3554
-92.1859
-92.0223
-91.8644
-91.7119
-91.5646
-91.4221
-91.2844
-91.1511
-91.022
-90.897
-90.7759
-90.6585
-90.5447
-90.4342
-90.327
-90.2229
-90.1217
-90.0234
-89.9278
-89.8348
-89.7444
-89.6563
-89.5705
-89.4869
-89.4054
-89.3259
-89.2484
-89.1727
-89.0988
-89.0266
-88.9561
-88.8871
-88.8196
-88.7535
-88.6889
-88.6255
-88.5634
-88.5026
-88.4428
-88.3843
-88.3267
-88.2702
-88.2147
-88.1601
-88.1064
-88.0536
-88.0016
-87.9504
-87.8999
-87.8502
-87.8011
-87.7527
-87.7049
-87.6577
-87.6111
-87.565
-87.5194
-87.4744
-87.4298
-87.3856
-87.3419
-87.2985
-87.2555
-87.2129
-87.1707
-87.1287
-87.0871
-87.0457
-87.0046
-86.9638
-86.9232
-86.8828
-86.8426
-86.8026
-86.7627
-86.7231
-86.6835
-86.6442
-86.6049
-86.5657
-86.5267
-86.4877
-86.4488
-86.41
-86.3712
-86.3324
-86.2937
-86.255
-86.2164
-86.1777
-86.139
-86.1004
-86.0616
-86.0229
-85.9841
-85.9453
-85.9064
-85.8675
-85.8285
-85.7894
-85.7502
-85.7109
-85.6715
-85.6321
-85.5925
-85.5527
-85.5129
-85.4729
-85.4328
-85.3926
-85.3521
-85.3116
-85.2708
-85.2299
-85.1888
-85.1475
-85.1061
-85.0644
-85.0225
-84.9805
-84.9382
-84.8957
-84.8529
-84.81
-84.7668
-84.7233
-84.6796
-84.6356
-84.5914
-84.5469
-84.5021
-84.4571
-84.4117
-84.3661
-84.3201
-84.2739
-84.2273
-84.1804
-84.1332
-84.0856
-84.0377
-83.9895
-83.9409
-83.8919
-83.8425
-83.7927
-83.7426
-83.6921
-83.6411
-83.5897
-83.5379
-83.4857
-83.433
-83.3799
-83.3263
-83.2722
-83.2176
-83.1625
-83.1069
-83.0508
-82.9942
-82.937
-82.8792
-82.8208
-82.7619
-82.7024
-82.6422
-82.5814
-82.5199
-82.4578
-82.395
-82.3314
-82.2671
-82.2021
-82.1363
-82.0697
-82.0023
-81.9341
-81.865
-81.795
-81.724
-81.6521
-81.5793
-81.5054
-81.4304
-81.3544
-81.2772
-81.1989
-81.1194
-81.0386
-80.9565
-80.8731
-80.7883
-80.702
-80.6141
-80.5247
-80.4337
-80.3409
-80.2463
-80.1498
-80.0514
-79.9509
-79.8482
-79.7432
-79.6358
-79.5259
-79.4133
-79.2979
-79.1795
-79.0579
-78.933
-78.8045
-78.6721
-78.5357
-78.3949
-78.2494
-78.0989
-77.9429
-77.781
-77.6127
-77.4375
-77.2546
-77.0634
-76.8629
-76.6521
-76.43
-76.195
-75.9457
-75.6799
-75.3954
-75.089
-74.7573
-74.3953
-73.9971
-73.5545
-73.0564
-72.4872
-71.8236
-71.0299
-70.046
-68.7625
-66.9497
-64.0144
-57.7674
-33.1729
41.9531
44.4472
13.8548
-11.3615
-24.5235
-38.2283
-65.1284
-93.8126
-94.9521
-94.9712
-94.9473
-94.8999
-94.8203
-94.7018
-94.5451
-94.3582
-94.152
-93.9367
-93.7194
-93.5048
-93.2954
-93.0925
-92.8966
-92.7075
-92.5253
-92.3497
-92.1802
-92.0168
-91.859
-91.7066
-91.5594
-91.417
-91.2794
-91.1462
-91.0172
-90.8923
-90.7713
-90.654
-90.5403
-90.4299
-90.3228
-90.2187
-90.1177
-90.0195
-89.924
-89.8311
-89.7407
-89.6527
-89.567
-89.4836
-89.4022
-89.3228
-89.2454
-89.1698
-89.096
-89.0239
-88.9534
-88.8845
-88.8171
-88.7512
-88.6866
-88.6234
-88.5614
-88.5006
-88.441
-88.3825
-88.3251
-88.2687
-88.2132
-88.1588
-88.1052
-88.0524
-88.0005
-87.9494
-87.899
-87.8494
-87.8004
-87.7521
-87.7044
-87.6573
-87.6108
-87.5648
-87.5193
-87.4744
-87.4299
-87.3858
-87.3421
-87.2989
-87.256
-87.2135
-87.1713
-87.1295
-87.0879
-87.0467
-87.0057
-86.9649
-86.9244
-86.8841
-86.844
-86.8041
-86.7644
-86.7248
-86.6854
-86.6461
-86.6069
-86.5678
-86.5289
-86.49
-86.4512
-86.4125
-86.3738
-86.3351
-86.2965
-86.2579
-86.2194
-86.1808
-86.1422
-86.1036
-86.065
-86.0264
-85.9877
-85.949
-85.9102
-85.8713
-85.8324
-85.7934
-85.7543
-85.7152
-85.6759
-85.6365
-85.597
-85.5574
-85.5177
-85.4778
-85.4378
-85.3976
-85.3573
-85.3168
-85.2762
-85.2354
-85.1944
-85.1532
-85.1119
-85.0703
-85.0285
-84.9866
-84.9444
-84.902
-84.8594
-84.8165
-84.7734
-84.7301
-84.6865
-84.6426
-84.5985
-84.5541
-84.5095
-84.4645
-84.4193
-84.3738
-84.328
-84.2818
-84.2354
-84.1886
-84.1415
-84.0941
-84.0463
-83.9982
-83.9497
-83.9008
-83.8516
-83.802
-83.752
-83.7016
-83.6508
-83.5996
-83.5479
-83.4958
-83.4433
-83.3903
-83.3368
-83.2829
-83.2285
-83.1736
-83.1182
-83.0622
-83.0057
-82.9487
-82.8911
-82.8329
-82.7742
-82.7148
-82.6549
-82.5943
-82.533
-82.4711
-82.4084
-82.3451
-82.2811
-82.2163
-82.1507
-82.0844
-82.0172
-81.9492
-81.8803
-81.8106
-81.7399
-81.6683
-81.5957
-81.5221
-81.4475
-81.3718
-81.2949
-81.2169
-81.1377
-81.0573
-80.9756
-80.8926
-80.8081
-80.7222
-80.6348
-80.5459
-80.4553
-80.363
-80.2689
-80.1729
-80.075
-79.9751
-79.873
-79.7686
-79.6619
-79.5527
-79.4408
-79.3262
-79.2086
-79.0879
-78.9638
-78.8363
-78.705
-78.5696
-78.43
-78.2858
-78.1366
-77.9821
-77.8218
-77.6552
-77.4818
-77.301
-77.112
-76.914
-76.706
-76.4869
-76.2554
-76.01
-75.7487
-75.4692
-75.1688
-74.8439
-74.4903
-74.102
-73.6717
-73.1891
-72.6399
-72.0033
-71.2472
-70.3197
-69.1277
-67.4842
-64.9356
-59.9861
-43.9947
31.1449
46.9648
21.7301
-11.4244
-24.8325
-38.4812
-65.6583
-93.7649
-94.937
-94.9694
-94.9489
-94.9044
-94.8294
-94.717
-94.5668
-94.3854
-94.1832
-93.9701
-93.7538
-93.5393
-93.3294
-93.1255
-92.9283
-92.738
-92.5543
-92.3771
-92.2062
-92.0412
-91.8819
-91.728
-91.5793
-91.4354
-91.2963
-91.1616
-91.0312
-90.9049
-90.7825
-90.6638
-90.5487
-90.437
-90.3286
-90.2232
-90.1209
-90.0214
-89.9247
-89.8306
-89.739
-89.6498
-89.5629
-89.4783
-89.3957
-89.3152
-89.2367
-89.16
-89.0851
-89.0119
-88.9404
-88.8705
-88.802
-88.735
-88.6694
-88.6052
-88.5422
-88.4805
-88.4199
-88.3604
-88.302
-88.2447
-88.1883
-88.1329
-88.0784
-88.0248
-87.972
-87.92
-87.8687
-87.8182
-87.7684
-87.7192
-87.6707
-87.6227
-87.5754
-87.5285
-87.4822
-87.4365
-87.3911
-87.3463
-87.3018
-87.2578
-87.2141
-87.1708
-87.1279
-87.0853
-87.0429
-87.0009
-86.9591
-86.9176
-86.8764
-86.8353
-86.7945
-86.7538
-86.7134
-86.6731
-86.6329
-86.5929
-86.553
-86.5132
-86.4735
-86.4339
-86.3944
-86.355
-86.3156
-86.2762
-86.2369
-86.1976
-86.1583
-86.119
-86.0798
-86.0405
-86.0012
-85.9618
-85.9224
-85.883
-85.8435
-85.804
-85.7643
-85.7247
-85.6849
-85.645
-85.605
-85.5649
-85.5247
-85.4844
-85.444
-85.4034
-85.3626
-85.3218
-85.2807
-85.2395
-85.1982
-85.1566
-85.1149
-85.073
-85.0309
-84.9886
-84.9461
-84.9034
-84.8604
-84.8173
-84.7739
-84.7302
-84.6864
-84.6422
-84.5979
-84.5532
-84.5083
-84.4631
-84.4176
-84.3719
-84.3258
-84.2794
-84.2327
-84.1857
-84.1384
-84.0908
-84.0428
-83.9944
-83.9457
-83.8967
-83.8473
-83.7974
-83.7472
-83.6967
-83.6457
-83.5942
-83.5424
-83.4901
-83.4374
-83.3842
-83.3306
-83.2765
-83.2219
-83.1668
-83.1112
-83.0551
-82.9985
-82.9413
-82.8835
-82.8252
-82.7663
-82.7067
-82.6466
-82.5858
-82.5244
-82.4623
-82.3995
-82.336
-82.2718

