-70
-56.9554
21.8514
49.9814
49.7674
48.6568
45.5448
39.2215
29.1192
16.496
4.48604
-5.60367
-14.5458
-23.0582
-29.946
-36.9057
-50.9548
-82.6248
-94.4761
-94.9182
-94.9019
-94.8245
-94.6957
-94.5175
-94.307
-94.0907
-93.8911
-93.7209
-93.5838
-93.4779
-93.3989
-93.3418
-93.3021
-93.276
-93.2603
-93.2525
-93.2507
-93.2536
-93.2598
-93.2687
-93.2794
-93.2916
-93.3047
-93.3185
-93.3328
-93.3473
-93.3621
-93.3768
-93.3915
-93.4062
-93.4207
-93.435
-93.449
-93.4629
-93.4765
-93.4899
-93.503
-93.5159
-93.5284
-93.5408
-93.5528
-93.5645
-93.576
-93.5872
-93.5982
-93.6088
-93.6193
-93.6294
-93.6393
-93.6489
-93.6582
-93.6673
-93.6762
-93.6847
-93.6931
-93.7012
-93.709
-93.7166
-93.724
-93.7311
-93.738
-93.7446
-93.7511
-93.7573
-93.7632
-93.769
-93.7745
-93.7798
-93.7849
-93.7897
-93.7944
-93.7988
-93.803
-93.8071
-93.8109
-93.8145
-93.8179
-93.8211
-93.8241
-93.827
-93.8296
-93.8321
-93.8343
-93.8364
-93.8383
-93.84
-93.8415
-93.8428
-93.844
-93.845
-93.8458
-93.8464
-93.8469
-93.8472
-93.8474
-93.8473
-93.8471
-93.8468
-93.8463
-93.8456
-93.8448
-93.8438
-93.8427
-93.8414
-93.8399
-93.8383
-93.8366
-93.8347
-93.8327
-93.8305
-93.8282
-93.8257
-93.8231
-93.8204
-93.8175
-93.8144
-93.8113
-93.808
-93.8046
-93.801
-93.7973
-93.7935
-93.7895
-93.7854
-93.7812
-93.7769
-93.7724
-93.7678
-93.7631
-93.7583
-93.7533
-93.7482
-93.743
-93.7376
-93.7322
-93.7266
-93.7209
-93.7151
-93.7092
-93.7031
-93.6969
-93.6906
-93.6842
-93.6777
-93.6711
-93.6643
-93.6575
-93.6505
-93.6434
-93.6362
-93.6289
-93.6215
-93.6139
-93.6063
-93.5985
-93.5906
-93.5826
-93.5745
-93.5663
-93.558
-93.5496
-93.541
-93.5324
-93.5236
-93.5148
-93.5058
-93.4967
-93.4875
-93.4782
-93.4688
-93.4593
-93.4496
-93.4399
-93.43
-93.4201
-93.41
-93.3998
-93.3895
-93.3791
-93.3686
-93.358
-93.3473
-93.3365
-93.3255
-93.3145
-93.3033
-93.292
-93.2806
-93.2691
-93.2575
-93.2458
-93.234
-93.222
-93.21
-93.1978
-93.1855
-93.1731
-93.1606
-93.148
-93.1353
-93.1224
-93.1095
-93.0964
-93.0832
-93.0699
-93.0564
-93.0429
-93.0292
-93.0155
-93.0016
-92.9876
-92.9734
-92.9592
-92.9448
-92.9303
-92.9157
-92.9009
-92.8861
-92.8711
-92.856
-92.8408
-92.8254
-92.8099
-92.7943
-92.7786
-92.7628
-92.7468
-92.7307
-92.7144
-92.698
-92.6815
-92.6649
-92.6481
-92.6312
-92.6142
-92.597
-92.5797
-92.5623
-92.5447
-92.527
-92.5091
-92.4911
-92.473
-92.4547
-92.4363
-92.4177
-92.399
-92.3802
-92.3612
-92.342
-92.3227
-92.3033
-92.2837
-92.264
-92.2441
-92.224
-92.2038
-92.1834
-92.1629
-92.1422
-92.1214
-92.1004
-92.0792
-92.0579
-92.0364
-92.0147
-91.9929
-91.9709
-91.9487
-91.9264
-91.9039
-91.8812
-91.8583
-91.8353
-91.812
-91.7886
-91.765
-91.7413
-91.7173
-91.6931
-91.6688
-91.6442
-91.6195
-91.5946
-91.5694
-91.5441
-91.5186
-91.4928
-91.4669
-91.4407
-91.4144
-91.3878
-91.361
-91.334
-91.3067
-91.2793
-91.2516
-91.2237
-91.1955
-91.1671
-91.1385
-91.1096
-91.0805
-91.0512
-91.0216
-90.9917
-90.9616
-90.9312
-90.9006
-90.8697
-90.8385
-90.807
-90.7753
-90.7433
-90.711
-90.6784
-90.6455
-90.6123
-90.5788
-90.545
-90.5109
-90.4765
-90.4417
-90.4066
-90.3712
-90.3354
-90.2993
-90.2629
-90.226
-90.1889
-90.1513
-90.1134
-90.075
-90.0363
-89.9972
-89.9577
-89.9177
-89.8774
-89.8366
-89.7953
-89.7536
-89.7114
-89.6688
-89.6257
-89.5821
-89.538
-89.4934
-89.4482
-89.4025
-89.3563
-89.3095
-89.2621
-89.2141
-89.1655
-89.1163
-89.0664
-89.0158
-88.9646
-88.9127
-88.8601
-88.8067
-88.7526
-88.6977
-88.642
-88.5854
-88.528
-88.4697
-88.4104
-88.3503
-88.2891
-88.2269
-88.1637
-88.0994
-88.0339
-87.9673
-87.8995
-87.8303
-87.7599
-87.6881
-87.6148
-87.54
-87.4637
-87.3857
-87.3061
-87.2246
-87.1412
-87.0558
-86.9684
-86.8787
-86.7868
-86.6924
-86.5954
-86.4956
-86.3929
-86.2871
-86.178
-86.0654
-85.9489
-85.8284
-85.7036
-85.574
-85.4393
-85.2991
-85.1528
-84.9999
-84.8399
-84.6718
-84.4949
-84.3082
-84.1106
-83.9005
-83.6765
-83.4364
-83.1778
-82.8977
-82.5922
-82.2564
-81.8838
-81.4657
-80.9899
-80.439
-79.7869
-78.9914
-77.98
-76.6122
-74.5687
-70.9045
-61.0122
-0.398703
49.9838
49.9492
49.507
47.906
44.0905
37.0612
26.6063
14.2904
2.88549
-6.86968
-15.7106
-24.1978
-30.729
-38.4323
-55.0463
-87.7857
-94.6839
-94.8712
-94.7723
-94.568
-94.2384
-93.7884
-93.2672
-92.742
-92.2666
-91.8689
-91.555
-91.3186
-91.1482
-91.0313
-90.9568
-90.9151
-90.8985
-90.9011
-90.9182
-90.9462
-90.9823
-91.0243
-91.0708
-91.1203
-91.1721
-91.2252
-91.2793
-91.3338
-91.3884
-91.4429
-91.4971
-91.5508
-91.604
-91.6564
-91.7082
-91.7592
-91.8094
-91.8588
-91.9074
-91.9551
-92.0019
-92.0479
-92.0931
-92.1374
-92.1808
-92.2234
-92.2651
-92.3061
-92.3462
-92.3855
-92.424
-92.4617
-92.4986
-92.5347
-92.5701
-92.6047
-92.6386
-92.6717
-92.7042
-92.7359
-92.7669
-92.7971
-92.8268
-92.8557
-92.884
-92.9116
-92.9385
-92.9648
-92.9905
-93.0156
-93.0401
-93.0639
-93.0872
-93.1099
-93.132
-93.1535
-93.1745
-93.195
-93.2149
-93.2342
-93.2531
-93.2714
-93.2893
-93.3066
-93.3235
-93.3398
-93.3557
-93.3711
-93.3861
-93.4006
-93.4147
-93.4283
-93.4415
-93.4543
-93.4667
-93.4786
-93.4902
-93.5014
-93.5121
-93.5225
-93.5325
-93.5422
-93.5515
-93.5604
-93.569
-93.5772
-93.5851
-93.5926
-93.5998
-93.6067
-93.6133
-93.6196
-93.6255
-93.6312
-93.6365
-93.6416
-93.6464
-93.6508
-93.655
-93.659
-93.6626
-93.666
-93.6691
-93.672
-93.6746
-93.677
-93.6791
-93.681
-93.6826
-93.684
-93.6852
-93.6861
-93.6868
-93.6873
-93.6875
-93.6876
-93.6874
-93.687
-93.6864
-93.6857
-93.6847
-93.6835
-93.6821
-93.6805
-93.6787
-93.6768
-93.6746
-93.6723
-93.6697
-93.667
-93.6642
-93.6611
-93.6579
-93.6545
-93.6509
-93.6472
-93.6433
-93.6392
-93.635
-93.6306
-93.6261
-93.6214
-93.6165
-93.6115
-93.6063
-93.601
-93.5955
-93.5899
-93.5841
-93.5782
-93.5722
-93.566
-93.5596
-93.5531
-93.5465
-93.5397
-93.5328
-93.5258
-93.5186
-93.5113
-93.5038
-93.4962
-93.4885
-93.4807
-93.4727
-93.4646
-93.4563
-93.4479
-93.4394
-93.4308
-93.422
-93.4131
-93.4041
-93.3949
-93.3857
-93.3763
-93.3667
-93.3571
-93.3473
-93.3374
-93.3274
-93.3172
-93.307
-93.2966
-93.286
-93.2754
-93.2646
-93.2537
-93.2427
-93.2316
-93.2203
-93.2089
-93.1974
-93.1858
-93.1741
-93.1622
-93.1502
-93.1381
-93.1258
-93.1135
-93.101
-93.0883
-93.0756
-93.0628
-93.0498
-93.0367
-93.0234
-93.0101
-92.9966
-92.983
-92.9693
-92.9554
-92.9414
-92.9273
-92.9131
-92.8987
-92.8842
-92.8696
-92.8549
-92.84
-92.825
-92.8098
-92.7946
-92.7792
-92.7637
-92.748
-92.7322
-92.7163
-92.7002
-92.684
-92.6677
-92.6513
-92.6347
-92.6179
-92.6011
-92.5841
-92.5669
-92.5496
-92.5322
-92.5146
-92.4969
-92.4791
-92.4611
-92.4429
-92.4246
-92.4062
-92.3876
-92.3689
-92.35
-92.331
-92.3118
-92.2925
-92.273
-92.2534
-92.2336
-92.2137
-92.1936
-92.1733
-92.1529
-92.1323
-92.1116
-92.0906
-92.0696
-92.0483
-92.0269
-92.0054
-91.9836
-91.9617
-91.9396
-91.9174
-91.8949
-91.8723
-91.8496
-91.8266
-91.8034
-91.7801
-91.7566
-91.7329
-91.709
-91.6849
-91.6606
-91.6362
-91.6115
-91.5866
-91.5616
-91.5363
-91.5109
-91.4852
-91.4593
-91.4332
-91.4069
-91.3804
-91.3537
-91.3267
-91.2995
-91.2721
-91.2445
-91.2167
-91.1886
-91.1602
-91.1317
-91.1029
-91.0738
-91.0445
-91.015
-90.9852
-90.9551
-90.9248
-90.8942
-90.8634
-90.8323
-90.8009
-90.7692
-90.7372
-90.705
-90.6725
-90.6396
-90.6065
-90.5731
-90.5393
-90.5052
-90.4709
-90.4362
-90.4011
-90.3658
-90.33
-90.294
-90.2576
-90.2208
-90.1837
-90.1461
-90.1083
-90.07
-90.0313
-89.9923
-89.9528
-89.9129
-89.8726
-89.8318
-89.7906
-89.749
-89.7068
-89.6642
-89.6212
-89.5776
-89.5336
-89.489
-89.4439
-89.3982
-89.352
-89.3052
-89.2579
-89.2099
-89.1614
-89.1122
-89.0624
-89.0119
-88.9607
-88.9088
-88.8562
-88.8029
-88.7488
-88.6939
-88.6382
-88.5816
-88.5243
-88.466
-88.4068
-88.3466
-88.2855
-88.2233
-88.1601
-88.0958
-88.0303
-87.9637
-87.8958
-87.8267
-87.7562
-87.6844
-87.6111
-87.5364
-87.46
-87.382
-87.3023
-87.2207
-87.1373
-87.0519
-86.9644
-86.8747
-86.7826
-86.6881
-86.591
-86.4911
-86.3883
-86.2824
-86.1731
-86.0603
-85.9437
-85.823
-85.6979
-85.568
-85.4331
-85.2925
-85.1459
-84.9926
-84.8321
-84.6635
-84.4861
-84.2988
-84.1004
-83.8895
-83.6645
-83.4233
-83.1634
-82.8817
-82.5744
-82.2364
-81.8611
-81.4396
-80.9594
-80.4027
-79.7425
-78.9353
-77.9053
-76.5048
-74.3937
-70.5374
-59.6323
8.91121
49.9887
49.9213
49.3601
47.4951
43.2539
35.7024
24.834
12.5062
1.37139
-8.198
-16.9627
-25.3346
-31.3279
-39.4878
-57.7223
-89.8254
-94.7217
-94.816
-94.6555
-94.3459
-93.8534
-93.1894
-92.4278
-91.6655
-90.9779
-90.4032
-89.9491
-89.6062
-89.358
-89.1866
-89.0762
-89.0132
-88.9867
-88.9884
-89.0113
-89.0506
-89.102
-89.1627
-89.2301
-89.3025
-89.3785
-89.457
-89.5372
-89.6183
-89.6999
-89.7816
-89.8631
-89.9441
-90.0245
-90.1041
-90.1829
-90.2607
-90.3375
-90.4132
-90.4878
-90.5612
-90.6336
-90.7048
-90.7748
-90.8436
-90.9113
-90.9778
-91.0432
-91.1074
-91.1705
-91.2324
-91.2932
-91.3529
-91.4115
-91.4689
-91.5253
-91.5807
-91.6349
-91.6881
-91.7403
-91.7915
-91.8416
-91.8907
-91.9389
-91.986
-92.0322
-92.0775
-92.1218
-92.1652
-92.2077
-92.2492
-92.2899
-92.3297
-92.3686
-92.4067
-92.4439
-92.4803
-92.5159
-92.5507
-92.5846
-92.6178
-92.6503
-92.6819
-92.7128
-92.743
-92.7725
-92.8012
-92.8293
-92.8566
-92.8833
-92.9093
-92.9346
-92.9593
-92.9833
-93.0068
-93.0296
-93.0518
-93.0733
-93.0944
-93.1148
-93.1346
-93.1539
-93.1727
-93.1909
-93.2086
-93.2257
-93.2423
-93.2585
-93.2741
-93.2892
-93.3039
-93.3181
-93.3318
-93.3451
-93.3579
-93.3703
-93.3822
-93.3937
-93.4048
-93.4155
-93.4258
-93.4357
-93.4451
-93.4543
-93.463
-93.4713
-93.4793
-93.4869
-93.4942
-93.5011
-93.5077
-93.514
-93.5199
-93.5255
-93.5308
-93.5357
-93.5404
-93.5447
-93.5487
-93.5525
-93.5559
-93.5591
-93.562
-93.5646
-93.567
-93.569
-93.5708
-93.5724
-93.5737
-93.5747
-93.5755
-93.5761
-93.5764
-93.5765
-93.5763
-93.5759
-93.5753
-93.5744
-93.5734
-93.5721
-93.5706
-93.5689
-93.567
-93.5649
-93.5625
-93.56
-93.5573
-93.5544
-93.5513
-93.5479
-93.5445
-93.5408
-93.5369
-93.5329
-93.5286
-93.5242
-93.5197
-93.5149
-93.51
-93.5049
-93.4996
-93.4942
-93.4886
-93.4828
-93.4769
-93.4708
-93.4646
-93.4582
-93.4516
-93.4449
-93.438
-93.431
-93.4238
-93.4165
-93.409
-93.4014
-93.3936
-93.3857
-93.3776
-93.3694
-93.3611
-93.3526
-93.344
-93.3352
-93.3263
-93.3172
-93.308
-93.2987
-93.2892
-93.2796
-93.2699
-93.26
-93.25
-93.2398
-93.2295
-93.2191
-93.2085
-93.1978
-93.187
-93.1761
-93.165
-93.1537
-93.1424
-93.1309
-93.1193
-93.1075
-93.0957
-93.0836
-93.0715
-93.0592
-93.0468
-93.0343
-93.0216
-93.0088
-92.9959
-92.9828
-92.9696
-92.9563
-92.9428
-92.9292
-92.9155
-92.9016
-92.8876
-92.8735
-92.8593
-92.8449
-92.8304
-92.8157
-92.8009
-92.786
-92.7709
-92.7557
-92.7404
-92.7249
-92.7093
-92.6936
-92.6777
-92.6617
-92.6455
-92.6292
-92.6128
-92.5962
-92.5795
-92.5626
-92.5456
-92.5285
-92.5112
-92.4938
-92.4762
-92.4585
-92.4406
-92.4226
-92.4044
-92.3861
-92.3676
-92.349
-92.3302
-92.3113
-92.2922
-92.273
-92.2536
-92.2341
-92.2144
-92.1946
-92.1745
-92.1544
-92.134
-92.1135
-92.0929
-92.0721
-92.0511
-92.0299
-92.0086
-91.9871
-91.9654
-91.9436
-91.9216
-91.8994
-91.877
-91.8545
-91.8317
-91.8088
-91.7857
-91.7625
-91.739
-91.7154
-91.6915
-91.6675
-91.6433
-91.6188
-91.5942
-91.5694
-91.5444
-91.5192
-91.4938
-91.4682
-91.4423
-91.4163
-91.39
-91.3635
-91.3368
-91.3099
-91.2828
-91.2554
-91.2278
-91.2
-91.172
-91.1437
-91.1151
-91.0864
-91.0574
-91.0281
-90.9986
-90.9688
-90.9388
-90.9085
-90.8779
-90.8471
-90.816
-90.7847
-90.753
-90.7211
-90.6889
-90.6563
-90.6235
-90.5904
-90.557
-90.5233
-90.4893
-90.4549
-90.4202
-90.3852
-90.3498
-90.3142
-90.2781
-90.2417
-90.205
-90.1678
-90.1303
-90.0925
-90.0542
-90.0156
-89.9765
-89.937
-89.8972
-89.8569
-89.8161
-89.7749
-89.7333
-89.6912
-89.6486
-89.6055
-89.562
-89.5179
-89.4734
-89.4282
-89.3826
-89.3364
-89.2896
-89.2423
-89.1943
-89.1458
-89.0966
-89.0467
-88.9962
-88.945
-88.8931
-88.8405
-88.7872
-88.7331
-88.6782
-88.6224
-88.5659
-88.5085
-88.4501
-88.3909
-88.3307
-88.2695
-88.2073
-88.1441
-88.0797
-88.0142
-87.9475
-87.8796
-87.8104
-87.7399
-87.668
-87.5946
-87.5197
-87.4433
-87.3652
-87.2853
-87.2037
-87.1201
-87.0346
-86.9469
-86.857
-86.7648
-86.6701
-86.5728
-86.4727
-86.3696
-86.2634
-86.1538
-86.0407
-85.9237
-85.8026
-85.6771
-85.5468
-85.4113
-85.2701
-85.1229
-84.9689
-84.8076
-84.6382
-84.4598
-84.2713
-84.0717
-83.8594
-83.6327
-83.3895
-83.1274
-82.8431
-82.5326
-82.1907
-81.8105
-81.3829
-80.8949
-80.3278
-79.6529
-78.8242
-77.7599
-76.2987
-74.058
-69.8204
-56.7299
25.1133
49.9838
49.8013
48.8943
46.3791
41.2252
32.7242
21.3298
9.29587
-1.27486
-10.5328
-19.2142
-27.2918
-33.0117
-42.7369
-66.0671
-92.9428
-94.7893
-94.7499
-94.5181
-94.0996
-93.4573
-92.6192
-91.6823
-90.7602
-89.9363
-89.2504
-88.7086
-88.2984
-87.9998
-87.7919
-87.6561
-87.5768
-87.5412
-87.5396
-87.5639
-87.6083
-87.668
-87.7394
-87.8196
-87.9064
-87.998
-88.0931
-88.1907
-88.2899
-88.39
-88.4906
-88.5912
-88.6915
-88.7912
-88.8902
-88.9883
-89.0854
-89.1813
-89.2761
-89.3696
-89.4619
-89.5528
-89.6424
-89.7306
-89.8175
-89.903
-89.9871
-90.0699
-90.1513
-90.2314
-90.3101
-90.3875
-90.4635
-90.5382
-90.6116
-90.6837
-90.7545
-90.8241
-90.8923
-90.9594
-91.0252
-91.0898
-91.1531
-91.2153
-91.2763
-91.3361
-91.3948
-91.4524
-91.5088
-91.5641
-91.6183
-91.6714
-91.7234
-91.7744
-91.8244
-91.8733
-91.9212
-91.9681
-92.014
-92.0589
-92.1029
-92.146
-92.1881
-92.2292
-92.2695
-92.3089
-92.3474
-92.385
-92.4218
-92.4577
-92.4928
-92.527
-92.5605
-92.5932
-92.6251
-92.6562
-92.6866
-92.7162
-92.7451
-92.7733
-92.8007
-92.8275
-92.8536
-92.879
-92.9037
-92.9278
-92.9512
-92.974
-92.9962
-93.0178
-93.0388
-93.0591
-93.0789
-93.0981
-93.1168
-93.1349
-93.1525
-93.1695
-93.186
-93.202
-93.2174
-93.2324
-93.2469
-93.2609
-93.2744
-93.2875
-93.3001
-93.3122
-93.3239
-93.3352
-93.3461
-93.3565
-93.3665
-93.3761
-93.3853
-93.3941
-93.4026
-93.4106
-93.4183
-93.4256
-93.4326
-93.4392
-93.4454
-93.4513
-93.4569
-93.4621
-93.467
-93.4716
-93.4759
-93.4799
-93.4836
-93.4869
-93.49
-93.4928
-93.4953
-93.4975
-93.4994
-93.5011
-93.5024
-93.5036
-93.5044
-93.505
-93.5054
-93.5055
-93.5054
-93.505
-93.5044
-93.5035
-93.5024
-93.5011
-93.4996
-93.4978
-93.4958
-93.4937
-93.4912
-93.4886
-93.4858
-93.4828
-93.4795
-93.4761
-93.4725
-93.4686
-93.4646
-93.4604
-93.456
-93.4514
-93.4467
-93.4417
-93.4366
-93.4313
-93.4258
-93.4201
-93.4143
-93.4083
-93.4021
-93.3958
-93.3893
-93.3826
-93.3758
-93.3688
-93.3616
-93.3543
-93.3468
-93.3392
-93.3314
-93.3234
-93.3153
-93.3071
-93.2987
-93.2901
-93.2814
-93.2726
-93.2636
-93.2544
-93.2451
-93.2357
-93.2261
-93.2164
-93.2065
-93.1965
-93.1864
-93.1761
-93.1656
-93.155
-93.1443
-93.1335
-93.1225
-93.1113
-93.1
-93.0886
-93.0771
-93.0654
-93.0535
-93.0416
-93.0295
-93.0172
-93.0048
-92.9923
-92.9797
-92.9669
-92.954
-92.9409
-92.9277
-92.9144
-92.9009
-92.8873
-92.8735
-92.8596
-92.8456
-92.8315
-92.8172
-92.8027
-92.7882
-92.7735
-92.7586
-92.7436
-92.7285
-92.7132
-92.6978
-92.6823
-92.6666
-92.6508
-92.6348
-92.6187
-92.6024
-92.586
-92.5695
-92.5528
-92.536
-92.519
-92.5019
-92.4846
-92.4672
-92.4496
-92.4319
-92.4141
-92.3961
-92.3779
-92.3596
-92.3411
-92.3225
-92.3038
-92.2848
-92.2658
-92.2465
-92.2271
-92.2076
-92.1879
-92.168
-92.148
-92.1278
-92.1074
-92.0869
-92.0662
-92.0454
-92.0243
-92.0031
-91.9818
-91.9603
-91.9385
-91.9167
-91.8946
-91.8724
-91.85
-91.8274
-91.8046
-91.7816
-91.7585
-91.7352
-91.7117
-91.6879
-91.664
-91.64
-91.6157
-91.5912
-91.5665
-91.5416
-91.5166
-91.4913
-91.4658
-91.4401
-91.4142
-91.388
-91.3617
-91.3351
-91.3084
-91.2814
-91.2542
-91.2267
-91.199
-91.1711
-91.143
-91.1146
-91.086
-91.0571
-91.028
-90.9986
-90.969
-90.9391
-90.909
-90.8786
-90.8479
-90.817
-90.7858
-90.7543
-90.7225
-90.6904
-90.6581
-90.6255
-90.5925
-90.5593
-90.5257
-90.4919
-90.4577
-90.4232
-90.3883
-90.3532
-90.3177
-90.2818
-90.2456
-90.2091
-90.1722
-90.1349
-90.0972
-90.0592
-90.0207
-89.9819
-89.9426
-89.903
-89.8629
-89.8224
-89.7814
-89.74
-89.6982
-89.6558
-89.613
-89.5697
-89.526
-89.4816
-89.4368
-89.3914
-89.3455
-89.2991
-89.252
-89.2044
-89.1561
-89.1073
-89.0577
-89.0076
-88.9567
-88.9052
-88.853
-88.8
-88.7463
-88.6917
-88.6364
-88.5803
-88.5233
-88.4654
-88.4067
-88.347
-88.2863
-88.2246
-88.1618
-88.098
-88.0331
-87.9669
-87.8996
-87.8311
-87.7612
-87.6899
-87.6173
-87.5431
-87.4674
-87.3901
-87.3111
-87.2303
-87.1476
-87.063
-86.9763
-86.8875
-86.7963
-86.7028
-86.6067
-86.5079
-86.4062
-86.3014
-86.1934
-86.0819
-85.9667
-85.8474
-85.7239
-85.5958
-85.4626
-85.324
-85.1795
-85.0286
-84.8706
-84.7048
-84.5304
-84.3465
-84.1518
-83.9451
-83.7249
-83.4891
-83.2354
-82.961
-82.6622
-82.3344
-81.9715
-81.5653
-81.1047
-80.5738
-79.9488
-79.1922
-78.2406
-76.9748
-75.1353
-72.0078
-64.5778
-25.9307
49.1232
49.9504
49.5665
48.1598
44.7707
38.437
28.7781
16.8861
5.31997
-4.67183
-13.6442
-22.277
-29.6107
-36.645
-50.8309
-82.9357
-94.4963
-94.7965
-94.6251
-94.2681
-93.6686
-92.8118
-91.7759
-90.6945
-89.6872
-88.8237
-88.1263
-87.5877
-87.1869
-86.8996
-86.7032
-86.5783
-86.5092
-86.4836
-86.4918
-86.5261
-86.5806
-86.6509
-86.7333
-86.8249
-86.9236
-87.0276
-87.1354
-87.246
-87.3584
-87.472
-87.5861
-87.7004
-87.8144
-87.9278
-88.0406
-88.1523
-88.263
-88.3724
-88.4806
-88.5874
-88.6928
-88.7967
-88.8991
-89.0001
-89.0995
-89.1973
-89.2937
-89.3885
-89.4818
-89.5736
-89.6639
-89.7527
-89.84
-89.9258
-90.0101
-90.093
-90.1745
-90.2545
-90.3332
-90.4104
-90.4863
-90.5607
-90.6339
-90.7057
-90.7762
-90.8454
-90.9132
-90.9799
-91.0452
-91.1093
-91.1722
-91.2339
-91.2944
-91.3537
-91.4118
-91.4688
-91.5246
-91.5794
-91.633
-91.6855
-91.7369
-91.7873
-91.8366
-91.8849
-91.9322
-91.9784
-92.0237
-92.068
-92.1113
-92.1537
-92.1951
-92.2356
-92.2752
-92.3139
-92.3517
-92.3887
-92.4248
-92.46
-92.4945
-92.5281
-92.5609
-92.5929
-92.6241
-92.6546
-92.6843
-92.7133
-92.7415
-92.769
-92.7958
-92.8219
-92.8473
-92.8721
-92.8962
-92.9196
-92.9424
-92.9646
-92.9861
-93.0071
-93.0274
-93.0471
-93.0663
-93.0849
-93.103
-93.1204
-93.1374
-93.1538
-93.1697
-93.1851
-93.2
-93.2143
-93.2282
-93.2417
-93.2546
-93.2671
-93.2791
-93.2907
-93.3018
-93.3125
-93.3228
-93.3327
-93.3422
-93.3512
-93.3599
-93.3681
-93.376
-93.3835
-93.3907
-93.3974
-93.4039
-93.4099
-93.4156
-93.421
-93.4261
-93.4308
-93.4352
-93.4393
-93.443
-93.4465
-93.4496
-93.4525
-93.4551
-93.4573
-93.4593
-93.461
-93.4625
-93.4636
-93.4645
-93.4651
-93.4655
-93.4656
-93.4655
-93.4651
-93.4645
-93.4636
-93.4625
-93.4612
-93.4596
-93.4578
-93.4558
-93.4536
-93.4511
-93.4484
-93.4455
-93.4424
-93.4391
-93.4356
-93.4319
-93.428
-93.4239
-93.4196
-93.4151
-93.4104
-93.4055
-93.4005
-93.3952
-93.3898
-93.3842
-93.3784
-93.3725
-93.3663
-93.36
-93.3535
-93.3469
-93.34
-93.3331
-93.3259
-93.3186
-93.3111
-93.3035
-93.2957
-93.2877
-93.2796
-93.2713
-93.2629
-93.2543
-93.2455
-93.2366
-93.2276
-93.2184
-93.209
-93.1995
-93.1899
-93.1801
-93.1702
-93.1601
-93.1498
-93.1394
-93.1289
-93.1183
-93.1074
-93.0965
-93.0854
-93.0741
-93.0628
-93.0512
-93.0396
-93.0278
-93.0158
-93.0037
-92.9915
-92.9791
-92.9666
-92.954
-92.9412
-92.9283
-92.9152
-92.902
-92.8887
-92.8752
-92.8615
-92.8478
-92.8339
-92.8198
-92.8057
-92.7913
-92.7769
-92.7623
-92.7475
-92.7326
-92.7176
-92.7024
-92.6871
-92.6717
-92.6561
-92.6404
-92.6245
-92.6085
-92.5923
-92.576
-92.5595
-92.5429
-92.5262
-92.5093
-92.4922
-92.4751
-92.4577
-92.4402
-92.4226
-92.4048
-92.3869
-92.3688
-92.3506
-92.3322
-92.3136
-92.2949
-92.2761
-92.2571
-92.2379
-92.2186
-92.1991
-92.1794
-92.1596
-92.1397
-92.1195
-92.0992
-92.0788
-92.0581
-92.0374
-92.0164
-91.9953
-91.974
-91.9525
-91.9308
-91.909
-91.887
-91.8648
-91.8425
-91.8199
-91.7972
-91.7743
-91.7512
-91.728
-91.7045
-91.6809
-91.657
-91.633
-91.6088
-91.5843
-91.5597
-91.5349
-91.5099
-91.4846
-91.4592
-91.4336
-91.4077
-91.3816
-91.3554
-91.3289
-91.3022
-91.2752
-91.248
-91.2207
-91.193
-91.1652
-91.1371
-91.1088
-91.0802
-91.0514
-91.0224
-90.993
-90.9635
-90.9337
-90.9036
-90.8733
-90.8427
-90.8118
-90.7807
-90.7492
-90.7175
-90.6856
-90.6533
-90.6207
-90.5879
-90.5547
-90.5212
-90.4874
-90.4533
-90.4189
-90.3841
-90.3491
-90.3136
-90.2779
-90.2418
-90.2053
-90.1684
-90.1312
-90.0937
-90.0557
-90.0174
-89.9786
-89.9395
-89.8999
-89.8599
-89.8195
-89.7787
-89.7374
-89.6956
-89.6534
-89.6107
-89.5675
-89.5239
-89.4797
-89.4349
-89.3897
-89.3439
-89.2976
-89.2507
-89.2031
-89.155
-89.1063
-89.0569
-89.0069
-88.9562
-88.9049
-88.8528
-88.8
-88.7464
-88.692
-88.6369
-88.581
-88.5242
-88.4665
-88.4079
-88.3484
-88.2879
-88.2264
-88.1639
-88.1003
-88.0356
-87.9697
-87.9026
-87.8343
-87.7647
-87.6937
-87.6213
-87.5475
-87.4721
-87.3951
-87.3164
-87.236
-87.1537
-87.0694
-86.9832
-86.8947
-86.804
-86.7109
-86.6153
-86.517
-86.4158
-86.3116
-86.2042
-86.0934
-85.9788
-85.8603
-85.7376
-85.6103
-85.478
-85.3404
-85.1969
-85.0471
-84.8904
-84.7259
-84.553
-84.3708
-84.1779
-83.9733
-83.7554
-83.5223
-83.2718
-83.0009
-82.7063
-82.3835
-82.0267
-81.628
-81.177
-80.6584
-80.0503
-79.3176
-78.4023
-77.1974
-75.4758
-72.6405
-66.3845
-38.2076
49.04
49.9522
49.5804
48.2198
44.9401
38.7945
29.3666
17.6255
6.0381
-4.02014
-13.0315
-21.6901
-29.2226
-36.0363
-49.437
-80.7346
-94.4026
-94.7892
-94.6188
-94.2549
-93.6375
-92.7428
-91.6428
-90.4757
-89.3731
-88.4165
-87.636
-87.0274
-86.5697
-86.2374
-86.0059
-85.8541
-85.7648
-85.7244
-85.7221
-85.7497
-85.8007
-85.87
-85.9536
-86.0483
-86.1516
-86.2614
-86.3762
-86.4947
-86.6158
-86.7386
-86.8624
-86.9867
-87.1111
-87.2351
-87.3585
-87.481
-87.6024
-87.7226
-87.8415
-87.9589
-88.0749
-88.1892
-88.302
-88.4132
-88.5227
-88.6305
-88.7367
-88.8412
-88.944
-89.0452
-89.1448
-89.2427
-89.339
-89.4336
-89.5267
-89.6182
-89.7082
-89.7965
-89.8834
-89.9687
-90.0526
-90.1349
-90.2158
-90.2953
-90.3733
-90.4499
-90.5251
-90.599
-90.6714
-90.7425
-90.8123
-90.8808
-90.948
-91.0139
-91.0785
-91.1419
-91.2041
-91.265
-91.3247
-91.3833
-91.4407
-91.4969
-91.552
-91.606
-91.6588
-91.7106
-91.7613
-91.8109
-91.8595
-91.907
-91.9536
-91.9991
-92.0436
-92.0872
-92.1298
-92.1714
-92.2121
-92.2519
-92.2908
-92.3288
-92.366
-92.4022
-92.4376
-92.4722
-92.5059
-92.5389
-92.571
-92.6023
-92.6329
-92.6627
-92.6918
-92.7201
-92.7477
-92.7746
-92.8007
-92.8262
-92.851
-92.8752
-92.8986
-92.9215
-92.9437
-92.9653
-92.9862
-93.0066
-93.0263
-93.0455
-93.0641
-93.0822
-93.0997
-93.1166
-93.133
-93.1489
-93.1643
-93.1791
-93.1935
-93.2074
-93.2207
-93.2336
-93.2461
-93.2581
-93.2696
-93.2807
-93.2914
-93.3016
-93.3114
-93.3208
-93.3298
-93.3384
-93.3466
-93.3544
-93.3619
-93.3689
-93.3756
-93.382
-93.388
-93.3936
-93.3989
-93.4038
-93.4085
-93.4128
-93.4168
-93.4204
-93.4238
-93.4268
-93.4296
-93.4321
-93.4342
-93.4361
-93.4377
-93.439
-93.4401
-93.4409
-93.4414
-93.4416
-93.4416
-93.4414
-93.4409
-93.4401
-93.4391
-93.4379
-93.4364
-93.4347
-93.4328
-93.4307
-93.4283
-93.4257
-93.4229
-93.4199
-93.4166
-93.4132
-93.4095
-93.4057
-93.4016
-93.3974
-93.3929
-93.3883
-93.3834
-93.3784
-93.3732
-93.3678
-93.3622
-93.3564
-93.3505
-93.3444
-93.3381
-93.3316
-93.325
-93.3181
-93.3111
-93.304
-93.2967
-93.2892
-93.2815
-93.2737
-93.2657
-93.2576
-93.2493
-93.2408
-93.2322
-93.2235
-93.2145
-93.2055
-93.1962
-93.1868
-93.1773
-93.1676
-93.1578
-93.1478
-93.1377
-93.1274
-93.117
-93.1064
-93.0957
-93.0848
-93.0738
-93.0626
-93.0513
-93.0399
-93.0283
-93.0166
-93.0047
-92.9927
-92.9805
-92.9682
-92.9558
-92.9432
-92.9305
-92.9176
-92.9046
-92.8914
-92.8782
-92.8647
-92.8512
-92.8374
-92.8236
-92.8096
-92.7955
-92.7812
-92.7668
-92.7522
-92.7375
-92.7227
-92.7077
-92.6926
-92.6773
-92.6619
-92.6463
-92.6306
-92.6148
-92.5988
-92.5827
-92.5664
-92.55
-92.5334
-92.5167
-92.4998
-92.4828
-92.4657
-92.4484
-92.4309
-92.4133
-92.3955
-92.3776
-92.3596
-92.3413
-92.323
-92.3045
-92.2858
-92.267
-92.248
-92.2288
-92.2095
-92.19
-92.1704
-92.1506
-92.1307
-92.1106
-92.0903
-92.0699
-92.0493
-92.0285
-92.0075
-91.9864
-91.9651
-91.9437
-91.922
-91.9002
-91.8783
-91.8561
-91.8338
-91.8112
-91.7885
-91.7657
-91.7426
-91.7193
-91.6959
-91.6723
-91.6484
-91.6244
-91.6002
-91.5758
-91.5512
-91.5264
-91.5014
-91.4762
-91.4507
-91.4251
-91.3993
-91.3732
-91.347
-91.3205
-91.2938
-91.2669
-91.2397
-91.2123
-91.1847
-91.1569
-91.1288
-91.1005
-91.072
-91.0432
-91.0141
-90.9849
-90.9553
-90.9255
-90.8955
-90.8652
-90.8346
-90.8037
-90.7726
-90.7412
-90.7095
-90.6776
-90.6453
-90.6128
-90.5799
-90.5468
-90.5133
-90.4795
-90.4455
-90.4111
-90.3763
-90.3413
-90.3059
-90.2701
-90.234
-90.1976
-90.1608
-90.1236
-90.0861
-90.0481
-90.0098
-89.9711
-89.932
-89.8924
-89.8525
-89.8121
-89.7713
-89.73
-89.6883
-89.6461
-89.6035
-89.5603
-89.5167
-89.4725
-89.4278
-89.3826
-89.3369
-89.2906
-89.2437
-89.1962
-89.1481
-89.0995
-89.0501
-89.0002
-88.9495
-88.8982
-88.8461
-88.7934
-88.7398
-88.6856
-88.6305
-88.5746
-88.5178
-88.4602
-88.4016
-88.3422
-88.2817
-88.2203
-88.1578
-88.0943
-88.0297
-87.9638
-87.8968
-87.8286
-87.759
-87.6881
-87.6158
-87.542
-87.4667
-87.3898
-87.3112
-87.2308
-87.1486
-87.0644
-86.9782
-86.8899
-86.7993
-86.7063
-86.6108
-86.5125
-86.4115
-86.3074
-86.2001
-86.0893
-85.9749
-85.8565
-85.7339
-85.6067
-85.4746
-85.3371
-85.1938
-85.0442
-84.8876
-84.7233
-84.5506
-84.3685
-84.1759
-83.9716
-83.7539
-83.5211
-83.2709
-83.0004
-82.7062
-82.3838
-82.0275
-81.6295
-81.1793
-80.6618
-80.055
-79.3242
-78.4117
-77.2112
-75.4981
-72.683
-66.5026
-38.976
48.9746
49.9527
49.5832
48.2286
44.9596
38.829
29.4166
17.6828
6.09045
-3.97416
-12.9887
-21.6485
-29.1935
-35.9895
-49.3281
-80.5462
-94.3893
-94.7798
-94.6002
-94.2182
-93.5697
-92.6291
-91.4716
-90.2421
-89.0792
-88.0691
-87.2437
-86.5986
-86.1119
-85.7567
-85.5072
-85.3413
-85.2411
-85.1925
-85.1843
-85.208
-85.2568
-85.3254
-85.4097
-85.5063
-85.6126
-85.7263
-85.8459
-85.9698
-86.0968
-86.2261
-86.3568
-86.4883
-86.6201
-86.7516
-86.8827
-87.0129
-87.1421
-87.2701
-87.3967
-87.5218
-87.6453
-87.7672
-87.8873
-88.0058
-88.1225
-88.2374
-88.3505
-88.4619
-88.5714
-88.6792
-88.7853
-88.8896
-88.9922
-89.093
-89.1922
-89.2896
-89.3854
-89.4796
-89.5722
-89.6631
-89.7525
-89.8402
-89.9265
-90.0112
-90.0944
-90.1761
-90.2563
-90.3351
-90.4124
-90.4884
-90.5629
-90.636
-90.7078
-90.7782
-90.8473
-90.9151
-90.9816
-91.0468
-91.1108
-91.1735
-91.2349
-91.2952
-91.3542
-91.4121
-91.4688
-91.5243
-91.5788
-91.6321
-91.6843
-91.7354
-91.7854
-91.8344
-91.8823
-91.9292
-91.9751
-92.02
-92.0639
-92.1068
-92.1488
-92.1898
-92.2299
-92.2691
-92.3074
-92.3448
-92.3814
-92.4171
-92.4519
-92.4859
-92.5191
-92.5514
-92.583
-92.6138
-92.6439
-92.6731
-92.7017
-92.7295
-92.7565
-92.7829
-92.8086
-92.8336
-92.8579
-92.8815
-92.9045
-92.9269
-92.9486
-92.9697
-92.9902
-93.0101
-93.0295
-93.0482
-93.0664
-93.084
-93.101
-93.1176
-93.1335
-93.149
-93.164
-93.1784
-93.1924
-93.2059
-93.2189
-93.2314
-93.2434
-93.2551
-93.2662
-93.2769
-93.2872
-93.2971
-93.3066
-93.3156
-93.3243
-93.3325
-93.3404
-93.3479
-93.355
-93.3617
-93.3681
-93.3741
-93.3798
-93.3851
-93.3901
-93.3947
-93.399
-93.403
-93.4067
-93.4101
-93.4131
-93.4159
-93.4184
-93.4205
-93.4224
-93.424
-93.4253
-93.4264
-93.4272
-93.4277
-93.4279
-93.4279
-93.4276
-93.4271
-93.4263
-93.4253
-93.4241
-93.4226
-93.4209
-93.4189
-93.4167
-93.4143
-93.4117
-93.4089
-93.4058
-93.4025
-93.399
-93.3954
-93.3915
-93.3874
-93.3831
-93.3786
-93.3739
-93.369
-93.3639
-93.3587
-93.3532
-93.3476
-93.3418
-93.3358
-93.3296
-93.3232
-93.3167
-93.31
-93.3031
-93.2961
-93.2889
-93.2815
-93.2739
-93.2662
-93.2583
-93.2503
-93.2421
-93.2337
-93.2252
-93.2165
-93.2077
-93.1987
-93.1895
-93.1802
-93.1708
-93.1612
-93.1514
-93.1415
-93.1314
-93.1212
-93.1109
-93.1003
-93.0897
-93.0789
-93.0679
-93.0568
-93.0456
-93.0342
-93.0227
-93.011
-92.9992
-92.9872
-92.9751
-92.9629
-92.9505
-92.938
-92.9253
-92.9125
-92.8995
-92.8864
-92.8732
-92.8598
-92.8462
-92.8326
-92.8188
-92.8048
-92.7907
-92.7765
-92.7621
-92.7476
-92.7329
-92.7181
-92.7032
-92.6881
-92.6729
-92.6575
-92.642
-92.6263
-92.6105
-92.5945
-92.5784
-92.5622
-92.5458
-92.5293
-92.5126
-92.4958
-92.4788
-92.4617
-92.4444
-92.427
-92.4094
-92.3917
-92.3738
-92.3557
-92.3376
-92.3192
-92.3007
-92.2821
-92.2633
-92.2443
-92.2252
-92.2059
-92.1865
-92.1669
-92.1471
-92.1272
-92.1071
-92.0869
-92.0665
-92.0459
-92.0252
-92.0042
-91.9832
-91.9619
-91.9405
-91.9189
-91.8971
-91.8751
-91.853
-91.8307
-91.8082
-91.7855
-91.7627
-91.7397
-91.7164
-91.693
-91.6694
-91.6456
-91.6216
-91.5975
-91.5731
-91.5485
-91.5237
-91.4988
-91.4736
-91.4482
-91.4226
-91.3968
-91.3708
-91.3446
-91.3181
-91.2915
-91.2646
-91.2375
-91.2101
-91.1826
-91.1548
-91.1267
-91.0985
-91.07
-91.0412
-91.0122
-90.983
-90.9535
-90.9237
-90.8937
-90.8635
-90.8329
-90.8021
-90.7711
-90.7397
-90.7081
-90.6762
-90.644
-90.6115
-90.5787
-90.5456
-90.5122
-90.4785
-90.4445
-90.4101
-90.3755
-90.3405
-90.3051
-90.2694
-90.2334
-90.197
-90.1603
-90.1232
-90.0857
-90.0479
-90.0096
-89.971
-89.9319
-89.8925
-89.8526
-89.8123
-89.7716
-89.7304
-89.6887
-89.6467
-89.6041
-89.561
-89.5175
-89.4734
-89.4288
-89.3837
-89.3381
-89.2919
-89.2451
-89.1978
-89.1498
-89.1012
-89.052
-89.0022
-88.9517
-88.9004
-88.8485
-88.7959
-88.7425
-88.6884
-88.6334
-88.5777
-88.5211
-88.4636
-88.4053
-88.346
-88.2857
-88.2245
-88.1622
-88.0989
-88.0344
-87.9688
-87.902
-87.834
-87.7647
-87.694
-87.622
-87.5484
-87.4734
-87.3967
-87.3184
-87.2384
-87.1565
-87.0727
-86.9868
-86.8988
-86.8086
-86.716
-86.6209
-86.5232
-86.4226
-86.319
-86.2122
-86.1021
-85.9882
-85.8705
-85.7486
-85.6222
-85.4909
-85.3543
-85.2119
-85.0633
-84.9079
-84.7448
-84.5735
-84.3929
-84.202
-83.9995
-83.784
-83.5536
-83.3062
-83.039
-82.7486
-82.4308
-82.0799
-81.6887
-81.247
-80.7405
-80.1485
-79.4388
-78.558
-77.4093
-75.7935
-73.2076
-67.8525
-47.0493
46.5856
49.9599
49.6252
48.3531
45.2262
39.2867
30.0607
18.4041
6.73827
-3.41238
-12.4684
-21.1396
-28.8256
-35.3951
-47.9483
-77.9832
-94.2431
-94.7739
-94.6067
-94.2328
-93.5926
-92.6529
-91.4797
-90.2155
-89.0045
-87.9415
-87.0652
-86.3749
-85.8502
-85.4637
-85.189
-85.0029
-84.8867
-84.8254
-84.8074
-84.8236
-84.867
-84.932
-85.0141
-85.1099
-85.2165
-85.3316
-85.4534
-85.5803
-85.7111
-85.8445
-85.9799
-86.1164
-86.2534
-86.3905
-86.5272
-86.6632
-86.7982
-86.932
-87.0644
-87.1953
-87.3246
-87.4521
-87.5779
-87.7019
-87.824
-87.9443
-88.0627
-88.1792
-88.2938
-88.4066
-88.5175
-88.6266
-88.7339
-88.8394
-88.943
-89.045
-89.1451
-89.2436
-89.3404
-89.4355
-89.5289
-89.6207
-89.7109
-89.7995
-89.8865
-89.972
-90.0559
-90.1384
-90.2193
-90.2988
-90.3768
-90.4534
-90.5285
-90.6023
-90.6747
-90.7457
-90.8154
-90.8837
-90.9508
-91.0165
-91.081
-91.1442
-91.2062
-91.267
-91.3265
-91.3849
-91.442
-91.498
-91.5529
-91.6067
-91.6593
-91.7108
-91.7613
-91.8107
-91.859
-91.9063
-91.9526
-91.9978
-92.0421
-92.0854
-92.1277
-92.1691
-92.2096
-92.2491
-92.2877
-92.3254
-92.3623
-92.3983
-92.4334
-92.4677
-92.5012
-92.5338
-92.5657
-92.5967
-92.627
-92.6566
-92.6853
-92.7134
-92.7407
-92.7673
-92.7932
-92.8184
-92.8429
-92.8668
-92.89
-92.9126
-92.9345
-92.9558
-92.9765
-92.9966
-93.0161
-93.035
-93.0533
-93.0711
-93.0883
-93.105
-93.1212
-93.1368
-93.1519
-93.1665
-93.1806
-93.1942
-93.2073
-93.22
-93.2321
-93.2439
-93.2552
-93.266
-93.2764
-93.2864
-93.2959
-93.3051
-93.3138
-93.3222
-93.3301
-93.3377
-93.3449
-93.3517
-93.3582
-93.3643
-93.37
-93.3754
-93.3804
-93.3852
-93.3895
-93.3936
-93.3973
-93.4008
-93.4039
-93.4067
-93.4092
-93.4114
-93.4134
-93.415
-93.4164
-93.4175
-93.4183
-93.4188
-93.4191
-93.4191
-93.4189
-93.4184
-93.4177
-93.4167
-93.4154
-93.414
-93.4123
-93.4104
-93.4082
-93.4058
-93.4032
-93.4004
-93.3973
-93.3941
-93.3906
-93.3869
-93.383
-93.3789
-93.3746
-93.3702
-93.3655
-93.3606
-93.3555
-93.3503
-93.3448
-93.3392
-93.3334
-93.3274
-93.3212
-93.3148
-93.3083
-93.3016
-93.2947
-93.2876
-93.2804
-93.273
-93.2654
-93.2577
-93.2498
-93.2418
-93.2335
-93.2251
-93.2166
-93.2079
-93.199
-93.19
-93.1809
-93.1715
-93.1621
-93.1524
-93.1426
-93.1327
-93.1226
-93.1124
-93.102
-93.0914
-93.0808
-93.0699
-93.059
-93.0478
-93.0366
-93.0251
-93.0136
-93.0019
-92.99
-92.978
-92.9659
-92.9536
-92.9412
-92.9286
-92.9159
-92.9031
-92.8901
-92.8769
-92.8636
-92.8502
-92.8366
-92.8229
-92.8091
-92.7951
-92.781
-92.7667
-92.7523
-92.7377
-92.723
-92.7082
-92.6932
-92.678
-92.6628
-92.6474
-92.6318
-92.6161
-92.6002
-92.5842
-92.5681
-92.5518
-92.5354
-92.5188
-92.502
-92.4852
-92.4681
-92.451
-92.4336
-92.4162
-92.3985
-92.3808
-92.3628
-92.3447
-92.3265
-92.3081
-92.2896
-92.2709
-92.252
-92.233
-92.2138
-92.1945
-92.175
-92.1554
-92.1355
-92.1156
-92.0954
-92.0751
-92.0547
-92.034
-92.0132
-91.9922
-91.9711
-91.9498
-91.9283
-91.9066
-91.8848
-91.8628
-91.8406
-91.8182
-91.7957
-91.7729
-91.75
-91.7269
-91.7036
-91.6802
-91.6565
-91.6326
-91.6086
-91.5843
-91.5599
-91.5353
-91.5104
-91.4854
-91.4601
-91.4347
-91.409
-91.3831
-91.3571
-91.3308
-91.3042
-91.2775
-91.2505
-91.2234
-91.1959
-91.1683
-91.1404
-91.1123
-91.084
-91.0554
-91.0266
-90.9975
-90.9682
-90.9386
-90.9088
-90.8787
-90.8483
-90.8177
-90.7868
-90.7557
-90.7242
-90.6925
-90.6605
-90.6282
-90.5956
-90.5627
-90.5295
-90.496
-90.4622
-90.4281
-90.3937
-90.3589
-90.3238
-90.2883
-90.2526
-90.2164
-90.1799
-90.1431
-90.1058
-90.0683
-90.0303
-89.9919
-89.9531
-89.914
-89.8744
-89.8344
-89.7939
-89.7531
-89.7118
-89.67
-89.6277
-89.585
-89.5418
-89.4981
-89.4539
-89.4092
-89.3639
-89.3181
-89.2717
-89.2247
-89.1772
-89.129
-89.0803
-89.0309
-88.9808
-88.9301
-88.8787
-88.8265
-88.7737
-88.7201
-88.6657
-88.6105
-88.5545
-88.4976
-88.4399
-88.3812
-88.3216
-88.2611
-88.1995
-88.1369
-88.0732
-88.0084
-87.9424
-87.8752
-87.8068
-87.7371
-87.666
-87.5935
-87.5195
-87.4439
-87.3667
-87.2879
-87.2072
-87.1247
-87.0403
-86.9538
-86.8651
-86.7741
-86.6807
-86.5847
-86.4861
-86.3845
-86.2799
-86.1721
-86.0607
-85.9456
-85.8266
-85.7032
-85.5752
-85.4422
-85.3037
-85.1593
-85.0085
-84.8506
-84.6848
-84.5105
-84.3266
-84.1319
-83.9252
-83.7048
-83.4689
-83.215
-82.9403
-82.6411
-82.3127
-81.949
-81.5417
-81.0796
-80.5465
-79.9184
-79.1572
-78.1981
-76.9192
-75.0531
-71.8564
-64.1233
-22.6957
49.5954
49.9523
49.5696
48.1583
44.7481
38.367
28.6398
16.6942
5.12382
-4.85433
-13.8169
-22.4398
-29.7114
-36.7978
-51.1725
-83.4104
-94.4939
-94.7558
-94.5395
-94.1
-93.3646
-92.3185
-91.06
-89.752
-88.5377
-87.4982
-86.6578
-86.0057
-85.5158
-85.1588
-84.908
-84.7408
-84.6394
-84.5897
-84.5808
-84.6044
-84.6538
-84.7239
-84.8105
-84.9104
-85.0208
-85.1397
-85.2651
-85.3955
-85.5297
-85.6667
-85.8055
-85.9455
-86.086
-86.2264
-86.3665
-86.5058
-86.644
-86.781
-86.9165
-87.0505
-87.1827
-87.3131
-87.4417
-87.5684
-87.6932
-87.816
-87.9369
-88.0559
-88.1729
-88.288
-88.4012
-88.5125
-88.6219
-88.7295
-88.8352
-88.9392
-89.0413
-89.1417
-89.2404
-89.3373
-89.4326
-89.5262
-89.6181
-89.7084
-89.7972
-89.8843
-89.9699
-90.0539
-90.1365
-90.2175
-90.297
-90.3751
-90.4518
-90.527
-90.6009
-90.6733
-90.7444
-90.8141
-90.8826
-90.9497
-91.0155
-91.08
-91.1432
-91.2053
-91.2661
-91.3257
-91.384
-91.4413
-91.4973
-91.5522
-91.606
-91.6587
-91.7102
-91.7607
-91.8101
-91.8585
-91.9058
-91.9521
-91.9974
-92.0417
-92.085
-92.1274
-92.1688
-92.2092
-92.2488
-92.2874
-92.3252
-92.362
-92.398
-92.4332
-92.4675
-92.501
-92.5336
-92.5655
-92.5966
-92.6269
-92.6564
-92.6852
-92.7133
-92.7406
-92.7672
-92.7931
-92.8183
-92.8429
-92.8667
-92.89
-92.9125
-92.9345
-92.9558
-92.9765
-92.9966
-93.016
-93.035
-93.0533
-93.0711
-93.0883
-93.105
-93.1211
-93.1368
-93.1519
-93.1664
-93.1805
-93.1941
-93.2073
-93.2199
-93.2321
-93.2438
-93.2551
-93.2659
-93.2763
-93.2863
-93.2959
-93.305
-93.3138
-93.3221
-93.33
-93.3376
-93.3448
-93.3516
-93.3581
-93.3641
-93.3699
-93.3753
-93.3803
-93.385
-93.3894
-93.3934
-93.3972
-93.4006
-93.4037
-93.4065
-93.409
-93.4112
-93.4132
-93.4148
-93.4161
-93.4172
-93.418
-93.4186
-93.4188
-93.4188
-93.4186
-93.4181
-93.4173
-93.4163
-93.4151
-93.4136
-93.4119
-93.41
-93.4078
-93.4054
-93.4028
-93.4
-93.3969
-93.3936
-93.3901
-93.3865
-93.3826
-93.3785
-93.3742
-93.3697
-93.365
-93.3601
-93.355
-93.3497
-93.3443
-93.3386
-93.3328
-93.3268
-93.3206
-93.3142
-93.3076
-93.3009
-93.294
-93.287
-93.2797
-93.2723
-93.2647
-93.257
-93.2491
-93.241
-93.2328
-93.2244
-93.2158
-93.2071
-93.1983
-93.1892
-93.18
-93.1707
-93.1612
-93.1516
-93.1418
-93.1318
-93.1217
-93.1115
-93.1011
-93.0905
-93.0798
-93.069
-93.058
-93.0469
-93.0356
-93.0242
-93.0126
-93.0009
-92.989
-92.977
-92.9649
-92.9526
-92.9401
-92.9275
-92.9148
-92.902
-92.889
-92.8758
-92.8625
-92.8491
-92.8355
-92.8218
-92.8079
-92.7939
-92.7798
-92.7655
-92.7511
-92.7365
-92.7218
-92.7069
-92.6919
-92.6768
-92.6615
-92.6461
-92.6305
-92.6148
-92.5989
-92.5829
-92.5668
-92.5505
-92.534
-92.5175
-92.5007
-92.4838
-92.4668
-92.4496
-92.4323
-92.4148
-92.3972
-92.3794
-92.3614
-92.3434
-92.3251
-92.3067
-92.2882
-92.2695
-92.2506
-92.2316
-92.2124
-92.1931
-92.1736
-92.1539
-92.1341
-92.1141
-92.094
-92.0737
-92.0532
-92.0326
-92.0118
-91.9908
-91.9696
-91.9483
-91.9268
-91.9052
-91.8833
-91.8613
-91.8391
-91.8167
-91.7942
-91.7715
-91.7485
-91.7254
-91.7022
-91.6787
-91.655
-91.6312
-91.6071
-91.5829
-91.5584
-91.5338
-91.5089
-91.4839
-91.4587
-91.4332
-91.4075
-91.3817
-91.3556
-91.3293
-91.3028
-91.2761
-91.2491
-91.2219
-91.1945
-91.1669
-91.139
-91.1109
-91.0826
-91.054
-91.0252
-90.9961
-90.9668
-90.9372
-90.9074
-90.8773
-90.847
-90.8164
-90.7855
-90.7544
-90.7229
-90.6912
-90.6592
-90.627
-90.5944
-90.5615
-90.5284
-90.4949
-90.4611
-90.427
-90.3925
-90.3578
-90.3227
-90.2873
-90.2515
-90.2154
-90.1789
-90.1421
-90.1049
-90.0673
-90.0294
-89.991
-89.9523
-89.9131
-89.8736
-89.8336
-89.7932
-89.7524
-89.7111
-89.6693
-89.6271
-89.5844
-89.5413
-89.4976
-89.4534
-89.4087
-89.3635
-89.3177
-89.2714
-89.2245
-89.1769
-89.1288
-89.0801
-89.0308
-88.9808
-88.9301
-88.8787
-88.8266
-88.7738
-88.7203
-88.6659
-88.6108
-88.5548
-88.498
-88.4403
-88.3818
-88.3222
-88.2617
-88.2002
-88.1377
-88.0741
-88.0094
-87.9435
-87.8764
-87.8081
-87.7384
-87.6674
-87.595
-87.5211
-87.4456
-87.3686
-87.2898
-87.2093
-87.1269
-87.0426
-86.9562
-86.8677
-86.7768
-86.6836
-86.5878
-86.4893
-86.3879
-86.2835
-86.1759
-86.0647
-85.9499
-85.831
-85.7079
-85.5802
-85.4474
-85.3093
-85.1652
-85.0148
-84.8573
-84.692
-84.5181
-84.3347
-84.1406
-83.9346
-83.7149
-83.4798
-83.2269
-82.9533
-82.6554
-82.3285
-81.9666
-81.5616
-81.1025
-80.5732
-79.9502
-79.1963
-78.2484
-76.9882
-75.1589
-72.0551
-64.717
-26.8831
49.0185
49.95
49.5658
48.1603
44.7769
38.4557
28.8147
16.9367
5.3717
-4.62372
-13.5987
-22.2339
-29.5836
-36.6033
-50.7358
-82.7908
-94.4723
-94.7561
-94.5417
-94.1029
-93.3656
-92.3109
-91.0345
-89.7008
-88.4569
-87.3881
-86.5212
-85.8462
-85.3372
-84.9645
-84.7007
-84.5228
-84.4126
-84.3557
-84.341
-84.36
-84.4058
-84.4733
-84.5583
-84.6574
-84.7677
-84.8872
-85.0137
-85.1459
-85.2824
-85.422
-85.5638
-85.707
-85.851
-85.9951
-86.139
-86.2821
-86.4243
-86.5652
-86.7047
-86.8425
-86.9786
-87.1129
-87.2453
-87.3757
-87.5041
-87.6305
-87.7549
-87.8772
-87.9976
-88.1159
-88.2323
-88.3467
-88.4592
-88.5697
-88.6784
-88.7851
-88.8901
-88.9932
-89.0945
-89.1941
-89.2919
-89.3881
-89.4825
-89.5752
-89.6664
-89.7558
-89.8437
-89.9301
-90.0148
-90.098
-90.1798
-90.26
-90.3387
-90.416
-90.4919
-90.5663
-90.6394
-90.7111
-90.7814
-90.8503
-90.918
-90.9843
-91.0494
-91.1132
-91.1757
-91.237
-91.2971
-91.356
-91.4136
-91.4701
-91.5255
-91.5797
-91.6328
-91.6848
-91.7357
-91.7855
-91.8343
-91.882
-91.9287
-91.9743
-92.019
-92.0627
-92.1054
-92.1472
-92.188
-92.2278
-92.2668
-92.3049
-92.3421
-92.3784
-92.4138
-92.4484
-92.4822
-92.5151
-92.5473
-92.5786
-92.6092
-92.639
-92.668
-92.6963
-92.7239
-92.7507
-92.7769
-92.8023
-92.8271
-92.8512
-92.8746
-92.8974
-92.9195
-92.941
-92.9619
-92.9822
-93.0018
-93.0209
-93.0394
-93.0574
-93.0748
-93.0916
-93.1079
-93.1237
-93.1389
-93.1537
-93.1679
-93.1817
-93.1949
-93.2077
-93.22
-93.2319
-93.2432
-93.2542
-93.2647
-93.2748
-93.2845
-93.2937
-93.3026
-93.311
-93.319
-93.3267
-93.334
-93.3409
-93.3474
-93.3536
-93.3594
-93.3648
-93.37
-93.3747
-93.3792
-93.3833
-93.3871
-93.3906
-93.3938
-93.3966
-93.3992
-93.4014
-93.4034
-93.4051
-93.4065
-93.4076
-93.4085
-93.409
-93.4094
-93.4094
-93.4092
-93.4087
-93.408
-93.4071
-93.4058
-93.4044
-93.4027
-93.4008
-93.3987
-93.3963
-93.3937
-93.3909
-93.3878
-93.3846
-93.3811
-93.3774
-93.3735
-93.3695
-93.3652
-93.3607
-93.356
-93.3511
-93.346
-93.3408
-93.3353
-93.3297
-93.3238
-93.3178
-93.3116
-93.3052
-93.2987
-93.292
-93.2851
-93.278
-93.2707
-93.2633
-93.2558
-93.248
-93.2401
-93.232
-93.2238
-93.2154
-93.2068
-93.1981
-93.1892
-93.1801
-93.1709
-93.1616
-93.1521
-93.1424
-93.1326
-93.1226
-93.1125
-93.1022
-93.0918
-93.0812
-93.0705
-93.0597
-93.0486
-93.0375
-93.0262
-93.0147
-93.0031
-92.9914
-92.9795
-92.9675
-92.9553
-92.943
-92.9305
-92.9179
-92.9051
-92.8922
-92.8792
-92.866
-92.8527
-92.8392
-92.8256
-92.8119
-92.798
-92.7839
-92.7698
-92.7554
-92.741
-92.7264
-92.7116
-92.6967
-92.6817
-92.6665
-92.6512
-92.6357
-92.6201
-92.6043
-92.5884
-92.5724
-92.5562
-92.5398
-92.5234
-92.5067
-92.4899
-92.473
-92.4559
-92.4387
-92.4213
-92.4038
-92.3861
-92.3683
-92.3503
-92.3322
-92.3139
-92.2954
-92.2768
-92.2581
-92.2392
-92.2201
-92.2009
-92.1815
-92.1619
-92.1422
-92.1223
-92.1023
-92.0821
-92.0617
-92.0412
-92.0205
-91.9997
-91.9786
-91.9574
-91.936
-91.9145
-91.8928
-91.8709
-91.8488
-91.8266
-91.8041
-91.7815
-91.7587
-91.7357
-91.7126
-91.6892
-91.6657
-91.6419
-91.618
-91.5939
-91.5696
-91.5451
-91.5204
-91.4955
-91.4704
-91.4451
-91.4195
-91.3938
-91.3679
-91.3417
-91.3153
-91.2888
-91.2619
-91.2349
-91.2077
-91.1802
-91.1525
-91.1245
-91.0963
-91.0679
-91.0393
-91.0104
-90.9812
-90.9518
-90.9222
-90.8923
-90.8621
-90.8317
-90.801
-90.77
-90.7388
-90.7072
-90.6754
-90.6433
-90.611
-90.5783
-90.5453
-90.512
-90.4785
-90.4446
-90.4104
-90.3758
-90.341
-90.3058
-90.2702
-90.2343
-90.1981
-90.1615
-90.1246
-90.0872
-90.0495
-90.0115
-89.973
-89.9341
-89.8948
-89.8551
-89.815
-89.7745
-89.7335
-89.692
-89.6501
-89.6078
-89.5649
-89.5216
-89.4777
-89.4334
-89.3885
-89.3431
-89.2971
-89.2506
-89.2035
-89.1558
-89.1075
-89.0586
-89.009
-88.9587
-88.9078
-88.8562
-88.8039
-88.7508
-88.697
-88.6424
-88.587
-88.5308
-88.4737
-88.4157
-88.3568
-88.2969
-88.2361
-88.1743
-88.1114
-88.0474
-87.9823
-87.916
-87.8485
-87.7797
-87.7096
-87.6381
-87.5652
-87.4907
-87.4147
-87.3371
-87.2577
-87.1766
-87.0936
-87.0085
-86.9214
-86.8321
-86.7404
-86.6463
-86.5496
-86.4501
-86.3477
-86.2421
-86.1333
-86.0209
-85.9046
-85.7843
-85.6596
-85.5301
-85.3956
-85.2554
-85.1091
-84.9562
-84.796
-84.6277
-84.4506
-84.2635
-84.0653
-83.8546
-83.6297
-83.3885
-83.1285
-82.8466
-82.5389
-82.2002
-81.8238
-81.4008
-80.9184
-80.3586
-79.6935
-78.8787
-77.836
-76.4118
-74.2483
-70.2345
-58.422
16.2655
49.9888
49.8781
49.1736
47.0243
42.3667
34.3588
23.2031
10.9731
0.102488
-9.31275
-18.0223
-26.2705
-31.7699
-40.2926
-59.7955
-90.9698
-94.698
-94.6858
-94.3879
-93.8358
-92.9664
-91.8051
-90.4836
-89.1676
-87.9825
-86.9891
-86.1975
-85.5898
-85.1371
-84.8101
-84.5829
-84.4341
-84.3471
-84.3087
-84.309
-84.3402
-84.396
-84.4718
-84.5636
-84.6683
-84.7834
-84.9068
-85.0367
-85.1716
-85.3103
-85.4518
-85.595
-85.7394
-85.8842
-86.029
-86.1733
-86.3167
-86.459
-86.5999
-86.7393
-86.8769
-87.0128
-87.1468
-87.2788
-87.4088
-87.5368
-87.6628
-87.7867
-87.9086
-88.0285
-88.1464
-88.2623
-88.3763
-88.4883
-88.5984
-88.7066
-88.813
-88.9175
-89.0202
-89.1211
-89.2203
-89.3177
-89.4134
-89.5075
-89.5999
-89.6906
-89.7797
-89.8673
-89.9533
-90.0377
-90.1206
-90.202
-90.2819
-90.3603
-90.4373
-90.5129
-90.5871
-90.6598
-90.7312
-90.8013
-90.87
-90.9374
-91.0035
-91.0683
-91.1318
-91.1941
-91.2552
-91.3151
-91.3737
-91.4312
-91.4875
-91.5426
-91.5967
-91.6496
-91.7013
-91.7521
-91.8017
-91.8503
-91.8978
-91.9443
-91.9898
-92.0343
-92.0779
-92.1204
-92.162
-92.2027
-92.2424
-92.2812
-92.3192
-92.3562
-92.3924
-92.4277
-92.4622
-92.4958
-92.5286
-92.5607
-92.5919
-92.6224
-92.652
-92.681
-92.7092
-92.7366
-92.7634
-92.7894
-92.8148
-92.8395
-92.8635
-92.8868
-92.9095
-92.9315
-92.953
-92.9738
-92.994
-93.0136
-93.0326
-93.0511
-93.0689
-93.0863
-93.103
-93.1193
-93.135
-93.1502
-93.1649
-93.1791
-93.1928
-93.206
-93.2187
-93.231
-93.2428
-93.2541
-93.2651
-93.2755
-93.2856
-93.2952
-93.3044
-93.3132
-93.3217
-93.3297
-93.3373
-93.3445
-93.3514
-93.3579
-93.3641
-93.3699
-93.3753
-93.3804
-93.3852
-93.3896
-93.3937
-93.3975
-93.401
-93.4042
-93.407
-93.4096
-93.4118
-93.4138
-93.4155
-93.4169
-93.418
-93.4189
-93.4194
-93.4198
-93.4198
-93.4196
-93.4192
-93.4185
-93.4175
-93.4163
-93.4149
-93.4132
-93.4113
-93.4092
-93.4068
-93.4042
-93.4014
-93.3984
-93.3952
-93.3917
-93.3881
-93.3842
-93.3801
-93.3759
-93.3714
-93.3668
-93.3619
-93.3568
-93.3516
-93.3462
-93.3406
-93.3348
-93.3288
-93.3226
-93.3163
-93.3098
-93.3031
-93.2962
-93.2892
-93.282
-93.2746
-93.2671
-93.2594
-93.2515
-93.2434
-93.2352
-93.2269
-93.2184
-93.2097
-93.2008
-93.1918
-93.1827
-93.1734
-93.1639
-93.1543
-93.1446
-93.1346
-93.1246
-93.1144
-93.104
-93.0935
-93.0828
-93.072
-93.061
-93.0499
-93.0387
-93.0273
-93.0158
-93.0041
-92.9923
-92.9803
-92.9682
-92.9559
-92.9435
-92.931
-92.9183
-92.9055
-92.8925
-92.8794
-92.8661
-92.8528
-92.8392
-92.8255
-92.8117
-92.7978
-92.7837
-92.7694
-92.755
-92.7405
-92.7258
-92.711
-92.6961
-92.681
-92.6657
-92.6503
-92.6348
-92.6191
-92.6033
-92.5874
-92.5713
-92.555
-92.5386
-92.5221
-92.5054
-92.4886
-92.4716
-92.4544
-92.4372
-92.4197
-92.4022
-92.3844
-92.3665
-92.3485
-92.3303
-92.312
-92.2935
-92.2748
-92.256
-92.2371
-92.218
-92.1987
-92.1793
-92.1597
-92.1399
-92.12
-92.0999
-92.0797
-92.0593
-92.0387
-92.018
-91.9971
-91.976
-91.9547
-91.9333
-91.9117
-91.89
-91.868
-91.8459
-91.8236
-91.8011
-91.7785
-91.7557
-91.7326
-91.7094
-91.686
-91.6625
-91.6387
-91.6147
-91.5906
-91.5662
-91.5417
-91.5169
-91.492
-91.4668
-91.4415
-91.4159
-91.3902
-91.3642
-91.338
-91.3116
-91.285
-91.2581
-91.231
-91.2037
-91.1762
-91.1485
-91.1205
-91.0923
-91.0638
-91.0351
-91.0062
-90.977
-90.9476
-90.9179
-90.8879
-90.8577
-90.8273
-90.7965
-90.7655
-90.7342
-90.7027
-90.6708
-90.6387
-90.6063
-90.5736
-90.5406
-90.5073
-90.4736
-90.4397
-90.4054
-90.3709
-90.336
-90.3007
-90.2652
-90.2292
-90.193
-90.1563
-90.1193
-90.082
-90.0442
-90.0061
-89.9676
-89.9286
-89.8893
-89.8496
-89.8094
-89.7688
-89.7278
-89.6863
-89.6443
-89.6019
-89.559
-89.5156
-89.4717
-89.4273
-89.3824
-89.3369
-89.2909
-89.2443
-89.1972
-89.1494
-89.101
-89.052
-89.0024
-88.9521
-88.9011
-88.8495
-88.7971
-88.7439
-88.69
-88.6353
-88.5799
-88.5235
-88.4664
-88.4083
-88.3493
-88.2893
-88.2284
-88.1665
-88.1035
-88.0394
-87.9741
-87.9077
-87.8401
-87.7712
-87.7009
-87.6293
-87.5563
-87.4817
-87.4055
-87.3277
-87.2482
-87.1669
-87.0836
-86.9984
-86.911
-86.8215
-86.7296
-86.6352
-86.5382
-86.4385
-86.3357
-86.2299
-86.1207
-86.0079
-85.8912
-85.7705
-85.6453
-85.5153
-85.3802
-85.2393
-85.0924
-84.9388
-84.7777
-84.6086
-84.4304
-84.2422
-84.0427
-83.8306
-83.604
-83.3609
-83.0987
-82.8142
-82.5033
-82.1608
-81.7797
-81.3508
-80.8608
-80.2908
-79.6115
-78.7757
-77.6995
-76.2156
-73.9232
-69.5208
-55.3647
30.8616
49.9777
49.7473
48.7192
45.9975
40.576
31.825
20.3338
8.42485
-1.99396
-11.1773
-19.8585
-27.8253
-33.8125
-44.4106
-70.1721
-93.5475
-94.7527
-94.6297
-94.2785
-93.6593
-92.723
-91.5178
-90.1844
-88.8806
-87.7187
-86.7497
-85.9788
-85.3866
-84.945
-84.6253
-84.4026
-84.2566
-84.171
-84.1334
-84.134
-84.1653
-84.2212
-84.2972
-84.3895
-84.4948
-84.6109
-84.7355
-84.8668
-85.0035
-85.1442
-85.2878
-85.4334
-85.5803
-85.7277
-85.8752
-86.0222
-86.1684
-86.3135
-86.4572
-86.5993
-86.7397
-86.8783
-87.0149
-87.1495
-87.282
-87.4125
-87.5408
-87.6671
-87.7913
-87.9134
-88.0334
-88.1514
-88.2674
-88.3814
-88.4934
-88.6035
-88.7117
-88.818
-88.9225
-89.0251
-89.126
-89.2251
-89.3224
-89.418
-89.5119
-89.6042
-89.6948
-89.7838
-89.8712
-89.957
-90.0413
-90.1241
-90.2053
-90.285
-90.3633
-90.4402
-90.5155
-90.5895
-90.6621
-90.7334
-90.8032
-90.8718
-90.939
-91.0049
-91.0695
-91.1329
-91.195
-91.2559
-91.3156
-91.374
-91.4313
-91.4874
-91.5424
-91.5963
-91.649
-91.7006
-91.7511
-91.8006
-91.849
-91.8963
-91.9427
-91.988
-92.0323
-92.0757
-92.1181
-92.1595
-92.2
-92.2395
-92.2782
-92.316
-92.3528
-92.3888
-92.424
-92.4583
-92.4918
-92.5245
-92.5563
-92.5874
-92.6177
-92.6472
-92.676
-92.7041
-92.7314
-92.758
-92.7839
-92.8091
-92.8336
-92.8574
-92.8806
-92.9032
-92.9251
-92.9464
-92.967
-92.9871
-93.0066
-93.0254
-93.0438
-93.0615
-93.0787
-93.0953
-93.1115
-93.127
-93.1421
-93.1566
-93.1707
-93.1843
-93.1973
-93.21
-93.2221
-93.2338
-93.245
-93.2558
-93.2662
-93.2761
-93.2856
-93.2947
-93.3034
-93.3117
-93.3196
-93.3271
-93.3342
-93.341
-93.3474
-93.3534
-93.3591
-93.3644
-93.3694
-93.374
-93.3784
-93.3824
-93.386
-93.3894
-93.3924
-93.3952
-93.3976
-93.3998
-93.4016
-93.4032
-93.4045
-93.4055
-93.4062
-93.4067
-93.4069
-93.4069
-93.4065
-93.406
-93.4052
-93.4041
-93.4028
-93.4012
-93.3995
-93.3974
-93.3952
-93.3927
-93.39
-93.3871
-93.384
-93.3807
-93.3771
-93.3733
-93.3694
-93.3652
-93.3608
-93.3562
-93.3515
-93.3465
-93.3413
-93.336
-93.3304
-93.3247
-93.3188
-93.3127
-93.3064
-93.3
-93.2933
-93.2865
-93.2796
-93.2724
-93.2651
-93.2576
-93.2499
-93.2421
-93.2341
-93.226
-93.2176
-93.2092
-93.2005
-93.1917
-93.1828
-93.1736
-93.1644
-93.1549
-93.1454
-93.1356
-93.1257
-93.1157
-93.1055
-93.0952
-93.0847
-93.074
-93.0632
-93.0523
-93.0412
-93.03
-93.0186
-93.0071
-92.9954
-92.9836
-92.9717
-92.9596
-92.9473
-92.9349
-92.9224
-92.9097
-92.8969
-92.8839
-92.8708
-92.8576
-92.8442
-92.8306
-92.817
-92.8031
-92.7892
-92.7751
-92.7608
-92.7464
-92.7319
-92.7172
-92.7024
-92.6875
-92.6724
-92.6571
-92.6417
-92.6262
-92.6105
-92.5947
-92.5787
-92.5626
-92.5463
-92.5299
-92.5134
-92.4967
-92.4798
-92.4628
-92.4457
-92.4284
-92.4109
-92.3933
-92.3756
-92.3577
-92.3396
-92.3214
-92.303
-92.2845
-92.2659
-92.247
-92.2281
-92.2089
-92.1896
-92.1702
-92.1505
-92.1308
-92.1108
-92.0907
-92.0704
-92.05
-92.0294
-92.0087
-91.9877
-91.9666
-91.9453
-91.9239
-91.9023
-91.8805
-91.8585
-91.8364
-91.814
-91.7915
-91.7688
-91.746
-91.7229
-91.6997
-91.6762
-91.6526
-91.6288
-91.6048
-91.5806
-91.5563
-91.5317
-91.5069
-91.4819
-91.4567
-91.4313
-91.4057
-91.3799
-91.3539
-91.3276
-91.3012
-91.2745
-91.2476
-91.2205
-91.1932
-91.1656
-91.1378
-91.1098
-91.0815
-91.053
-91.0243
-90.9953
-90.966
-90.9366
-90.9068
-90.8768
-90.8465
-90.816
-90.7852
-90.7542
-90.7228
-90.6912
-90.6593
-90.6271
-90.5946
-90.5619
-90.5288
-90.4954
-90.4617
-90.4277
-90.3934
-90.3588
-90.3238
-90.2885
-90.2528
-90.2168
-90.1805
-90.1438
-90.1067
-90.0692
-90.0314
-89.9932
-89.9546
-89.9156
-89.8762
-89.8363
-89.7961
-89.7554
-89.7143
-89.6727
-89.6306
-89.5881
-89.5451
-89.5016
-89.4576
-89.4131
-89.368
-89.3224
-89.2763
-89.2296
-89.1823
-89.1344
-89.0859
-89.0368
-88.987
-88.9365
-88.8854
-88.8336
-88.781
-88.7277
-88.6736
-88.6188
-88.5631
-88.5066
-88.4492
-88.3909
-88.3317
-88.2716
-88.2104
-88.1482
-88.085
-88.0206
-87.9551
-87.8885
-87.8205
-87.7513
-87.6808
-87.6088
-87.5354
-87.4605
-87.384
-87.3058
-87.2258
-87.1441
-87.0604
-86.9746
-86.8868
-86.7967
-86.7042
-86.6093
-86.5116
-86.4112
-86.3078
-86.2011
-86.0911
-85.9774
-85.8598
-85.738
-85.6117
-85.4806
-85.3441
-85.2019
-85.0534
-84.898
-84.7351
-84.5639
-84.3834
-84.1926
-83.9902
-83.7747
-83.5443
-83.2969
-83.0296
-82.7391
-82.421
-82.0698
-81.6781
-81.2357
-80.7282
-80.1347
-79.4226
-78.538
-77.3827
-75.7536
-73.135
-67.6591
-45.8517
47.276
49.9586
49.6176
48.3308
45.179
39.2067
29.9495
18.2809
6.62863
-3.50668
-12.5555
-21.225
-28.8885
-35.4967
-48.1829
-78.4404
-94.2658
-94.7607
-94.5756
-94.171
-93.4799
-92.4679
-91.2082
-89.8547
-88.5612
-87.4274
-86.4931
-85.7562
-85.1941
-84.7773
-84.4778
-84.2711
-84.1378
-84.0624
-84.0329
-84.04
-84.0767
-84.1371
-84.2169
-84.3124
-84.4207
-84.5392
-84.6662
-84.7997
-84.9383
-85.0809
-85.2263
-85.3737
-85.5222
-85.6713
-85.8204
-85.9689
-86.1166
-86.2631
-86.4082
-86.5517
-86.6934
-86.8332
-86.971
-87.1067
-87.2404
-87.3719
-87.5013
-87.6286
-87.7537
-87.8767
-87.9977
-88.1165
-88.2333
-88.3481
-88.4609
-88.5718
-88.6807
-88.7877
-88.8929
-88.9962
-89.0976
-89.1973
-89.2953
-89.3915
-89.486
-89.5788
-89.67
-89.7595
-89.8474
-89.9338
-90.0186
-90.1018
-90.1835
-90.2637
-90.3424
-90.4197
-90.4955
-90.57
-90.643
-90.7146
-90.7849
-90.8538
-90.9214
-90.9877
-91.0527
-91.1164
-91.1788
-91.2401
-91.3001
-91.3589
-91.4165
-91.4729
-91.5282
-91.5823
-91.6353
-91.6872
-91.738
-91.7878
-91.8364
-91.884
-91.9306
-91.9762
-92.0208
-92.0644
-92.107
-92.1486
-92.1894
-92.2291
-92.268
-92.306
-92.3431
-92.3793
-92.4146
-92.4491
-92.4828
-92.5156
-92.5477
-92.5789
-92.6094
-92.6391
-92.668
-92.6962
-92.7237
-92.7505
-92.7765
-92.8018
-92.8265
-92.8505
-92.8738
-92.8965
-92.9185
-92.94
-92.9607
-92.9809
-93.0005
-93.0195
-93.0379
-93.0558
-93.0731
-93.0899
-93.1061
-93.1217
-93.1369
-93.1516
-93.1657
-93.1794
-93.1925
-93.2052
-93.2175
-93.2292
-93.2405
-93.2514
-93.2619
-93.2719
-93.2814
-93.2906
-93.2994
-93.3077
-93.3157
-93.3233
-93.3305
-93.3373
-93.3438
-93.3499
-93.3556
-93.361
-93.366
-93.3707
-93.3751
-93.3792
-93.3829
-93.3863
-93.3894
-93.3922
-93.3947
-93.3969
-93.3988
-93.4004
-93.4017
-93.4028
-93.4036
-93.4041
-93.4043
-93.4043
-93.4041
-93.4035
-93.4028
-93.4017
-93.4005
-93.399
-93.3972
-93.3952
-93.393
-93.3906
-93.3879
-93.3851
-93.382
-93.3787
-93.3751
-93.3714
-93.3675
-93.3633
-93.359
-93.3544
-93.3497
-93.3447
-93.3396
-93.3343
-93.3288
-93.3231
-93.3172
-93.3111
-93.3049
-93.2985
-93.2918
-93.2851
-93.2781
-93.271
-93.2637
-93.2562
-93.2486
-93.2408
-93.2328
-93.2247
-93.2164
-93.2079
-93.1993
-93.1905
-93.1816
-93.1725
-93.1633
-93.1539
-93.1443
-93.1346
-93.1247
-93.1147
-93.1045
-93.0942
-93.0838
-93.0731
-93.0624
-93.0515
-93.0404
-93.0292
-93.0178
-93.0063
-92.9947
-92.9829
-92.971
-92.9589
-92.9467
-92.9343
-92.9218
-92.9091
-92.8963
-92.8834
-92.8703
-92.8571
-92.8437
-92.8302
-92.8166
-92.8028
-92.7888
-92.7747
-92.7605
-92.7462
-92.7317
-92.717
-92.7022
-92.6873
-92.6722
-92.657
-92.6416
-92.6261
-92.6104
-92.5946
-92.5787
-92.5626
-92.5463
-92.53
-92.5134
-92.4968
-92.4799
-92.463
-92.4458
-92.4286
-92.4111
-92.3936
-92.3759
-92.358
-92.34
-92.3218
-92.3034
-92.285
-92.2663
-92.2475
-92.2286
-92.2095
-92.1902
-92.1708
-92.1512
-92.1314
-92.1115
-92.0914
-92.0712
-92.0508
-92.0302
-92.0095
-91.9886
-91.9675
-91.9463
-91.9249
-91.9033
-91.8815
-91.8596
-91.8375
-91.8152
-91.7927
-91.7701
-91.7472
-91.7242
-91.701
-91.6776
-91.654
-91.6303
-91.6063
-91.5822
-91.5578
-91.5333
-91.5085
-91.4836
-91.4584
-91.4331
-91.4075
-91.3817
-91.3558
-91.3296
-91.3032
-91.2765
-91.2497
-91.2226
-91.1953
-91.1678
-91.1401
-91.1121
-91.0839
-91.0554
-91.0267
-90.9978
-90.9686
-90.9392
-90.9095
-90.8795
-90.8493
-90.8189
-90.7881
-90.7571
-90.7258
-90.6943
-90.6624
-90.6303
-90.5979
-90.5652
-90.5322
-90.4989
-90.4652
-90.4313
-90.3971
-90.3625
-90.3276
-90.2923
-90.2568
-90.2208
-90.1846
-90.1479
-90.1109
-90.0736
-90.0358
-89.9977
-89.9592
-89.9203
-89.8809
-89.8412
-89.801
-89.7604
-89.7194
-89.6779
-89.636
-89.5936
-89.5507
-89.5073
-89.4634
-89.419
-89.374
-89.3286
-89.2825
-89.236
-89.1888
-89.141
-89.0927
-89.0437
-88.994
-88.9437
-88.8927
-88.8411
-88.7887
-88.7355
-88.6816
-88.6269
-88.5714
-88.5151
-88.4579
-88.3998
-88.3408
-88.2809
-88.2199
-88.158
-88.095
-88.0309
-87.9656
-87.8992
-87.8315
-87.7626
-87.6923
-87.6207
-87.5476
-87.473
-87.3968
-87.319
-87.2394
-87.158
-87.0748
-86.9895
-86.9021
-86.8125
-86.7205
-86.6261
-86.529
-86.4292
-86.3264
-86.2204
-86.1111
-85.9982
-85.8815
-85.7606
-85.6353
-85.5051
-85.3698
-85.2288
-85.0817
-84.9278
-84.7665
-84.5971
-84.4186
-84.23
-84.0301
-83.8174
-83.5903
-83.3465
-83.0836
-82.7982
-82.4862
-82.1424
-81.7597
-81.3287
-80.836
-80.2624
-79.5781
-78.7349
-77.647
-76.1418
-73.8033
-69.2595
-54.2118
34.8343
49.9732
49.7133
48.6143
45.7745
40.2026
31.3145
19.7757
7.93969
-2.39716
-11.5412
-20.2214
-28.1178
-34.2665
-45.3967
-72.4894
-93.7962
-94.7544
-94.6132
-94.2467
-93.6063
-92.6462
-91.4201
-90.0719
-88.7594
-87.5928
-86.6213
-85.8489
-85.2555
-84.8126
-84.4916
-84.2676
-84.1201
-84.0332
-83.9943
-83.9938
-84.0242
-84.0795
-84.1551
-84.2473
-84.3529
-84.4695
-84.595
-84.7275
-84.8655
-85.0078
-85.1532
-85.3008
-85.4498
-85.5994
-85.7492
-85.8986
-86.0472
-86.1947
-86.3407
-86.4852
-86.628
-86.7688
-86.9077
-87.0445
-87.1792
-87.3117
-87.4421
-87.5704
-87.6965
-87.8205
-87.9423
-88.0621
-88.1798
-88.2955
-88.4092
-88.5209
-88.6306
-88.7385
-88.8444
-88.9485
-89.0508
-89.1512
-89.2499
-89.3469
-89.4421
-89.5356
-89.6275
-89.7178
-89.8064
-89.8934
-89.9788
-90.0627
-90.1451
-90.2259
-90.3053
-90.3832
-90.4597
-90.5347
-90.6083
-90.6806
-90.7514
-90.8209
-90.8891
-90.956
-91.0215
-91.0858
-91.1488
-91.2106
-91.2711
-91.3305
-91.3886
-91.4455
-91.5013
-91.556
-91.6095
-91.6619
-91.7132
-91.7634
-91.8125
-91.8606
-91.9077
-91.9537
-91.9988
-92.0428
-92.0858
-92.1279
-92.1691
-92.2093
-92.2486
-92.2869
-92.3244
-92.361
-92.3968
-92.4317
-92.4657
-92.4989
-92.5314
-92.563
-92.5938
-92.6238
-92.6531
-92.6817
-92.7095
-92.7366
-92.7629
-92.7886
-92.8136
-92.8379
-92.8615
-92.8845
-92.9068
-92.9285
-92.9496
-92.9701
-92.9899
-93.0092
-93.0279
-93.046
-93.0636
-93.0806
-93.097
-93.113
-93.1284
-93.1433
-93.1576
-93.1715
-93.1849
-93.1978
-93.2103
-93.2222
-93.2338
-93.2448
-93.2555
-93.2657
-93.2755
-93.2848
-93.2938
-93.3023
-93.3105
-93.3182
-93.3256
-93.3326
-93.3392
-93.3454
-93.3513
-93.3569
-93.3621
-93.367
-93.3715
-93.3757
-93.3795
-93.3831
-93.3863
-93.3893
-93.3919
-93.3942
-93.3963
-93.398
-93.3995
-93.4006
-93.4015
-93.4022
-93.4025
-93.4026
-93.4025
-93.402
-93.4014
-93.4005
-93.3993
-93.3979
-93.3962
-93.3944
-93.3922
-93.3899
-93.3873
-93.3846
-93.3815
-93.3783
-93.3749
-93.3712
-93.3674
-93.3633
-93.359
-93.3546
-93.3499
-93.3451
-93.34
-93.3347
-93.3293
-93.3237
-93.3179
-93.3119
-93.3057
-93.2993
-93.2928
-93.2861
-93.2792
-93.2721
-93.2649
-93.2575
-93.2499
-93.2422
-93.2343
-93.2262
-93.218
-93.2096
-93.201
-93.1923
-93.1834
-93.1744
-93.1652
-93.1558
-93.1463
-93.1367
-93.1268
-93.1169
-93.1068
-93.0965
-93.0861
-93.0755
-93.0648
-93.0539
-93.0429
-93.0318
-93.0205
-93.009
-92.9974
-92.9857
-92.9738
-92.9617
-92.9496
-92.9372
-92.9248
-92.9121
-92.8994
-92.8865
-92.8735
-92.8603
-92.8469
-92.8335
-92.8199
-92.8061
-92.7922
-92.7782
-92.764
-92.7497
-92.7352
-92.7206
-92.7059
-92.691
-92.6759
-92.6607
-92.6454
-92.6299
-92.6143
-92.5986
-92.5827
-92.5666
-92.5504
-92.5341
-92.5176
-92.5009
-92.4842
-92.4672
-92.4501
-92.4329
-92.4155
-92.398
-92.3803
-92.3625
-92.3445
-92.3264
-92.3081
-92.2897
-92.2711
-92.2523
-92.2334
-92.2143
-92.1951
-92.1757
-92.1562
-92.1365
-92.1166
-92.0966
-92.0764
-92.056
-92.0355
-92.0148
-91.994
-91.9729
-91.9517
-91.9304
-91.9088
-91.8871
-91.8652
-91.8432
-91.8209
-91.7985
-91.7759
-91.7531
-91.7302
-91.707
-91.6837
-91.6601
-91.6364
-91.6125
-91.5884
-91.5641
-91.5396
-91.5149
-91.4901
-91.465
-91.4397
-91.4142
-91.3885
-91.3625
-91.3364
-91.3101
-91.2835
-91.2567
-91.2297
-91.2025
-91.175
-91.1474
-91.1194
-91.0913
-91.0629
-91.0343
-91.0054
-90.9763
-90.9469
-90.9173
-90.8875
-90.8573
-90.8269
-90.7963
-90.7654
-90.7341
-90.7027
-90.6709
-90.6389
-90.6065
-90.5739
-90.541
-90.5078
-90.4742
-90.4404
-90.4062
-90.3718
-90.337
-90.3018
-90.2663
-90.2305
-90.1944
-90.1578
-90.1209
-90.0837
-90.0461
-90.0081
-89.9696
-89.9308
-89.8916
-89.852
-89.812
-89.7715
-89.7306
-89.6893
-89.6475
-89.6052
-89.5624
-89.5192
-89.4755
-89.4312
-89.3864
-89.3411
-89.2953
-89.2489
-89.2019
-89.1543
-89.1061
-89.0573
-89.0078
-88.9577
-88.907
-88.8555
-88.8033
-88.7504
-88.6967
-88.6423
-88.587
-88.531
-88.474
-88.4162
-88.3575
-88.2979
-88.2372
-88.1756
-88.1129
-88.0491
-87.9842
-87.9181
-87.8509
-87.7823
-87.7124
-87.6412
-87.5686
-87.4944
-87.4187
-87.3414
-87.2623
-87.1815
-87.0988
-87.0141
-86.9274
-86.8384
-86.7472
-86.6535
-86.5573
-86.4582
-86.3563
-86.2513
-86.143
-86.0312
-85.9156
-85.796
-85.672
-85.5433
-85.4096
-85.2703
-85.125
-84.9731
-84.8141
-84.6471
-84.4713
-84.2858
-84.0893
-83.8806
-83.6578
-83.4191
-83.1619
-82.8834
-82.5795
-82.2456
-81.8749
-81.459
-80.9857
-80.4378
-79.7891
-78.9981
-77.9925
-76.6332
-74.6042
-70.9705
-61.1755
-1.4618
49.9825
49.9506
49.5174
47.9379
44.1594
37.1791
26.7677
14.4607
3.03259
-6.74129
-15.5912
-24.0892
-30.6705
-38.3353
-54.8087
-87.5429
-94.6021
-94.7113
-94.4439
-93.9281
-93.0925
-91.9449
-90.6088
-89.2567
-88.0262
-86.9881
-86.1575
-85.5178
-85.0399
-84.6932
-84.4504
-84.2895
-84.1929
-84.147
-84.1412
-84.1676
-84.2199
-84.293
-84.383
-84.4867
-84.6014
-84.7251
-84.8558
-84.9919
-85.1323
-85.2758
-85.4214
-85.5683
-85.7158
-85.8635
-86.0107
-86.1572
-86.3025
-86.4465
-86.5889
-86.7296
-86.8685
-87.0054
-87.1402
-87.2731
-87.4038
-87.5325
-87.659
-87.7835
-87.9059
-88.0262
-88.1445
-88.2607
-88.375
-88.4873
-88.5976
-88.7061
-88.8127
-88.9174
-89.0203
-89.1214
-89.2207
-89.3183
-89.4142
-89.5084
-89.6009
-89.6918
-89.781
-89.8687
-89.9548
-90.0393
-90.1223
-90.2038
-90.2838
-90.3624
-90.4395
-90.5151
-90.5894
-90.6622
-90.7337
-90.8038
-90.8726
-90.9401
-91.0062
-91.0711
-91.1347
-91.1971
-91.2582
-91.3181
-91.3768
-91.4344
-91.4907
-91.5459
-91.6
-91.653
-91.7048
-91.7556
-91.8053
-91.8539
-91.9015
-91.9481
-91.9936
-92.0382
-92.0817
-92.1243
-92.166
-92.2067
-92.2465
-92.2853
-92.3233
-92.3604
-92.3966
-92.432
-92.4665
-92.5002
-92.533
-92.5651
-92.5964
-92.6269
-92.6566
-92.6856
-92.7138
-92.7413
-92.7681
-92.7942
-92.8195
-92.8442
-92.8683
-92.8916
-92.9144
-92.9365
-92.9579
-92.9787
-92.999
-93.0186
-93.0377
-93.0562
-93.0741
-93.0914
-93.1082
-93.1245
-93.1403
-93.1555
-93.1702
-93.1844
-93.1981
-93.2114
-93.2241
-93.2364
-93.2483
-93.2597
-93.2706
-93.2811
-93.2912
-93.3008
-93.3101
-93.3189
-93.3274
-93.3354
-93.3431
-93.3503
-93.3573
-93.3638
-93.37
-93.3758
-93.3813
-93.3864
-93.3912
-93.3957
-93.3998
-93.4036
-93.4071
-93.4103
-93.4132
-93.4158
-93.4181
-93.4201
-93.4218
-93.4232
-93.4244
-93.4253
-93.4259
-93.4263
-93.4263
-93.4262
-93.4258
-93.4251
-93.4242
-93.423
-93.4216
-93.42
-93.4181
-93.416
-93.4137
-93.4111
-93.4084
-93.4054
-93.4022
-93.3988
-93.3952
-93.3914
-93.3873
-93.3831
-93.3787
-93.3741
-93.3693
-93.3643
-93.3591
-93.3537
-93.3481
-93.3424
-93.3364
-93.3303
-93.324
-93.3176
-93.3109
-93.3041
-93.2971
-93.29
-93.2826
-93.2751
-93.2675
-93.2597
-93.2517
-93.2435
-93.2352
-93.2268
-93.2181
-93.2093
-93.2004
-93.1913
-93.1821
-93.1727
-93.1631
-93.1534
-93.1435
-93.1335
-93.1234
-93.1131
-93.1026
-93.092
-93.0813
-93.0704
-93.0594
-93.0482
-93.0369
-93.0254
-93.0138
-93.002
-92.9901
-92.9781
-92.9659
-92.9536
-92.9411
-92.9285
-92.9157
-92.9029
-92.8898
-92.8766
-92.8633
-92.8499
-92.8363
-92.8225
-92.8087
-92.7947
-92.7805
-92.7662
-92.7518
-92.7372
-92.7224
-92.7076
-92.6926
-92.6774
-92.6621
-92.6467
-92.6311
-92.6154
-92.5995
-92.5835
-92.5674
-92.5511
-92.5346
-92.5181
-92.5013
-92.4844
-92.4674
-92.4502
-92.4329
-92.4154
-92.3978
-92.3801
-92.3621
-92.3441
-92.3258
-92.3075
-92.2889
-92.2703
-92.2514
-92.2324
-92.2133
-92.194
-92.1745
-92.1549
-92.1351
-92.1151
-92.095
-92.0748
-92.0543
-92.0337
-92.013
-91.992
-91.9709
-91.9497
-91.9282
-91.9066
-91.8848
-91.8628
-91.8407
-91.8184
-91.7959
-91.7732
-91.7504
-91.7273
-91.7041
-91.6807
-91.6571
-91.6333
-91.6093
-91.5852
-91.5608
-91.5362
-91.5115
-91.4865
-91.4614
-91.436
-91.4104
-91.3846
-91.3586
-91.3324
-91.306
-91.2794
-91.2525
-91.2255
-91.1982
-91.1706
-91.1429
-91.1149
-91.0867
-91.0582
-91.0295
-91.0006
-90.9714
-90.9419
-90.9123
-90.8823
-90.8521
-90.8216
-90.7909
-90.7599
-90.7286
-90.6971
-90.6652
-90.6331
-90.6007
-90.568
-90.535
-90.5017
-90.4681
-90.4342
-90.3999
-90.3653
-90.3305
-90.2952
-90.2597
-90.2238
-90.1875
-90.1509
-90.1139
-90.0766
-90.0388
-90.0007
-89.9622
-89.9233
-89.884
-89.8443
-89.8042
-89.7636
-89.7226
-89.6811
-89.6392
-89.5968
-89.554
-89.5106
-89.4668
-89.4224
-89.3775
-89.3321
-89.2861
-89.2395
-89.1924
-89.1447
-89.0964
-89.0474
-88.9978
-88.9476
-88.8966
-88.845
-88.7927
-88.7396
-88.6858
-88.6311
-88.5757
-88.5194
-88.4623
-88.4043
-88.3454
-88.2855
-88.2247
-88.1628
-88.0999
-88.0358
-87.9707
-87.9044
-87.8368
-87.768
-87.6978
-87.6263
-87.5533
-87.4789
-87.4028
-87.3251
-87.2457
-87.1645
-87.0813
-86.9962
-86.909
-86.8196
-86.7278
-86.6336
-86.5368
-86.4371
-86.3346
-86.2289
-86.1198
-86.0072
-85.8908
-85.7702
-85.6453
-85.5155
-85.3806
-85.24
-85.0934
-84.94
-84.7793
-84.6105
-84.4327
-84.2449
-84.0458
-83.8342
-83.6081
-83.3656
-83.1041
-82.8204
-82.5104
-82.169
-81.7893
-81.3619
-80.874
-80.3066
-79.6309
-78.8004
-77.7325
-76.2633
-74.0026
-69.6957
-56.1294
27.775
49.9811
49.7759
48.8103
46.1941
40.9083
32.2827
20.8379
8.8641
-1.63093
-10.8514
-19.533
-27.5578
-33.4077
-43.5548
-68.0982
-93.268
-94.7454
-94.6346
-94.2875
-93.6705
-92.731
-91.5139
-90.1605
-88.833
-87.6475
-86.6575
-85.8693
-85.2631
-84.8103
-84.4816
-84.2517
-84.0997
-84.0092
-83.9675
-83.9648
-83.9935
-84.0474
-84.122
-84.2134
-84.3185
-84.4348
-84.5601
-84.6926
-84.8308
-84.9733
-85.119
-85.267
-85.4165
-85.5666
-85.7169
-85.8669
-86.016
-86.1641
-86.3108
-86.4559
-86.5992
-86.7406
-86.8801
-87.0174
-87.1526
-87.2857
-87.4166
-87.5454
-87.672
-87.7965
-87.9188
-88.0391
-88.1572
-88.2733
-88.3874
-88.4996
-88.6097
-88.718
-88.8243
-88.9288
-89.0314
-89.1323
-89.2314
-89.3287
-89.4243
-89.5182
-89.6104
-89.701
-89.7899
-89.8773
-89.963
-90.0473
-90.1299
-90.2111
-90.2908
-90.369
-90.4458
-90.5211
-90.595
-90.6676
-90.7387
-90.8085
-90.877
-90.9441
-91.01
-91.0745
-91.1378
-91.1998
-91.2607
-91.3202
-91.3786
-91.4358
-91.4919
-91.5468
-91.6005
-91.6532
-91.7047
-91.7552
-91.8046
-91.8529
-91.9002
-91.9464
-91.9917
-92.0359
-92.0792
-92.1215
-92.1628
-92.2033
-92.2427
-92.2813
-92.319
-92.3558
-92.3917
-92.4268
-92.4611
-92.4945
-92.5271
-92.5589
-92.5899
-92.6201
-92.6496
-92.6783
-92.7062
-92.7335
-92.76
-92.7858
-92.811
-92.8354
-92.8592
-92.8824
-92.9048
-92.9267
-92.9479
-92.9685
-92.9885
-93.0079
-93.0267
-93.045
-93.0627
-93.0798
-93.0964
-93.1125
-93.128
-93.143
-93.1575
-93.1715
-93.185
-93.198
-93.2106
-93.2227
-93.2343
-93.2455
-93.2562
-93.2665
-93.2764
-93.2859
-93.2949
-93.3036
-93.3118
-93.3196
-93.3271
-93.3342
-93.3409
-93.3473
-93.3533
-93.3589
-93.3642
-93.3691
-93.3737
-93.378
-93.382
-93.3856
-93.3889
-93.3919
-93.3946
-93.397
-93.3992
-93.401
-93.4025
-93.4038
-93.4047
-93.4054
-93.4059
-93.406
-93.406
-93.4056
-93.405
-93.4042
-93.4031
-93.4017
-93.4002
-93.3983
-93.3963
-93.394
-93.3915
-93.3888
-93.3859
-93.3827
-93.3793
-93.3758
-93.372
-93.368
-93.3638
-93.3594
-93.3548
-93.35
-93.345
-93.3398
-93.3344
-93.3288
-93.3231
-93.3171
-93.311
-93.3047
-93.2983
-93.2916
-93.2848
-93.2778
-93.2706
-93.2633
-93.2558
-93.2481
-93.2402
-93.2322
-93.224
-93.2157
-93.2072
-93.1985
-93.1897
-93.1807
-93.1716
-93.1623
-93.1529
-93.1433
-93.1335
-93.1236
-93.1136
-93.1034
-93.093
-93.0825
-93.0718
-93.061
-93.0501
-93.039
-93.0278
-93.0164
-93.0048
-92.9931
-92.9813
-92.9693
-92.9572
-92.945
-92.9326
-92.92
-92.9073
-92.8945
-92.8815
-92.8684
-92.8552
-92.8418
-92.8282
-92.8145
-92.8007
-92.7867
-92.7726
-92.7584
-92.744
-92.7294
-92.7148
-92.6999
-92.685
-92.6699
-92.6546
-92.6392
-92.6237
-92.608
-92.5922
-92.5762
-92.5601
-92.5438
-92.5274
-92.5108
-92.4941
-92.4773
-92.4603
-92.4431
-92.4258
-92.4084
-92.3908
-92.373
-92.3551
-92.3371
-92.3189
-92.3005
-92.282
-92.2634
-92.2445
-92.2256
-92.2064
-92.1871
-92.1677
-92.1481
-92.1283
-92.1084
-92.0883
-92.068
-92.0476
-92.027
-92.0062
-91.9853
-91.9642
-91.943
-91.9215
-91.8999
-91.8781
-91.8562
-91.834
-91.8117
-91.7892
-91.7666
-91.7437
-91.7207
-91.6975
-91.674
-91.6504
-91.6267
-91.6027
-91.5785
-91.5541
-91.5296
-91.5048
-91.4799
-91.4547
-91.4293
-91.4037
-91.378
-91.352
-91.3258
-91.2993
-91.2727
-91.2458
-91.2188
-91.1915
-91.1639
-91.1362
-91.1082
-91.0799
-91.0515
-91.0228
-90.9938
-90.9646
-90.9351
-90.9054
-90.8755
-90.8453
-90.8148
-90.784
-90.753
-90.7217
-90.6902
-90.6583
-90.6262
-90.5937
-90.561
-90.528
-90.4947
-90.4611
-90.4271
-90.3928
-90.3583
-90.3234
-90.2881
-90.2525
-90.2166
-90.1803
-90.1437
-90.1067
-90.0693
-90.0315
-89.9934
-89.9549
-89.9159
-89.8766
-89.8369
-89.7967
-89.7561
-89.715
-89.6736
-89.6316
-89.5892
-89.5463
-89.5029
-89.459
-89.4146
-89.3696
-89.3242
-89.2781
-89.2315
-89.1844
-89.1366
-89.0882
-89.0392
-88.9896
-88.9392
-88.8883
-88.8366
-88.7842
-88.731
-88.6771
-88.6224
-88.5669
-88.5106
-88.4534
-88.3953
-88.3363
-88.2763
-88.2154
-88.1534
-88.0904
-88.0263
-87.961
-87.8946
-87.8269
-87.7579
-87.6877
-87.616
-87.5429
-87.4683
-87.3921
-87.3142
-87.2346
-87.1532
-87.0699
-86.9846
-86.8971
-86.8075
-86.7155
-86.621
-86.5239
-86.424
-86.3211
-86.2151
-86.1057
-85.9927
-85.8759
-85.7549
-85.6294
-85.4992
-85.3637
-85.2225
-85.0752
-84.9211
-84.7596
-84.5899
-84.4111
-84.2222
-84.0219
-83.8088
-83.5811
-83.3368
-83.0731
-82.7868
-82.4738
-82.1287
-81.7444
-81.3114
-80.816
-80.2387
-79.5493
-78.6984
-77.5979
-76.0696
-73.6795
-68.9686
-52.7827
38.7343
49.9689
49.6835
48.5251
45.5871
39.8907
30.8898
19.3133
7.53766
-2.7336
-11.8467
-20.5251
-28.3575
-34.6446
-46.2361
-74.3789
-93.9641
-94.7553
-94.5997
-94.2203
-93.5623
-92.5827
-91.3402
-89.9818
-88.6649
-87.4977
-86.5274
-85.7567
-85.1649
-84.7232
-84.403
-84.1793
-84.0319
-83.9449
-83.9059
-83.9052
-83.9353
-83.9905
-84.0662
-84.1585
-84.2644
-84.3815
-84.5076
-84.6409
-84.7798
-84.9232
-85.0698
-85.2187
-85.3691
-85.5202
-85.6714
-85.8223
-85.9724
-86.1215
-86.2691
-86.4151
-86.5593
-86.7016
-86.8419
-86.9801
-87.1161
-87.25
-87.3817
-87.5112
-87.6385
-87.7637
-87.8867
-88.0075
-88.1263
-88.2431
-88.3577
-88.4704
-88.5811
-88.6899
-88.7968
-88.9018
-89.0049
-89.1062
-89.2058
-89.3035
-89.3996
-89.4939
-89.5865
-89.6775
-89.7669
-89.8546
-89.9408
-90.0254
-90.1085
-90.19
-90.27
-90.3486
-90.4257
-90.5014
-90.5756
-90.6484
-90.7199
-90.79
-90.8588
-90.9262
-90.9923
-91.0572
-91.1207
-91.1831
-91.2441
-91.304
-91.3626
-91.4201
-91.4764
-91.5315
-91.5855
-91.6384
-91.6902
-91.7408
-91.7905
-91.839
-91.8865
-91.933
-91.9784
-92.0229
-92.0663
-92.1088
-92.1504
-92.191
-92.2306
-92.2694
-92.3072
-92.3442
-92.3803
-92.4156
-92.45
-92.4835
-92.5163
-92.5482
-92.5794
-92.6098
-92.6394
-92.6682
-92.6963
-92.7237
-92.7504
-92.7763
-92.8016
-92.8261
-92.8501
-92.8733
-92.8959
-92.9178
-92.9392
-92.9599
-92.98
-92.9995
-93.0184
-93.0368
-93.0546
-93.0718
-93.0885
-93.1046
-93.1202
-93.1353
-93.1499
-93.164
-93.1775
-93.1907
-93.2033
-93.2154
-93.2271
-93.2384
-93.2492
-93.2596
-93.2695
-93.279
-93.2881
-93.2968
-93.3051
-93.313
-93.3206
-93.3277
-93.3345
-93.3409
-93.3469
-93.3526
-93.3579
-93.3629
-93.3676
-93.3719
-93.3759
-93.3795
-93.3829
-93.3859
-93.3887
-93.3911
-93.3933
-93.3951
-93.3967
-93.398
-93.399
-93.3997
-93.4002
-93.4004
-93.4003
-93.4
-93.3994
-93.3986
-93.3975
-93.3962
-93.3946
-93.3928
-93.3908
-93.3885
-93.386
-93.3833
-93.3804
-93.3773
-93.3739
-93.3703
-93.3665
-93.3626
-93.3584
-93.354
-93.3494
-93.3446
-93.3396
-93.3344
-93.329
-93.3235
-93.3177
-93.3118
-93.3057
-93.2994
-93.2929
-93.2863
-93.2794
-93.2724
-93.2652
-93.2579
-93.2504
-93.2427
-93.2349
-93.2268
-93.2187
-93.2103
-93.2018
-93.1931
-93.1843
-93.1753
-93.1662
-93.1569
-93.1474
-93.1378
-93.1281
-93.1182
-93.1081
-93.0979
-93.0875
-93.077
-93.0663
-93.0555
-93.0445
-93.0334
-93.0222
-93.0108
-92.9992
-92.9875
-92.9757
-92.9637
-92.9516
-92.9393
-92.9269
-92.9143
-92.9016
-92.8888
-92.8758
-92.8626
-92.8494
-92.8359
-92.8224
-92.8087
-92.7948
-92.7808
-92.7667
-92.7524
-92.738
-92.7234
-92.7087
-92.6939
-92.6789
-92.6638
-92.6485
-92.6331
-92.6175
-92.6018
-92.5859
-92.5699
-92.5538
-92.5375
-92.5211
-92.5045
-92.4878
-92.4709
-92.4539
-92.4367
-92.4194
-92.4019
-92.3843
-92.3665
-92.3485
-92.3305
-92.3122
-92.2939
-92.2753
-92.2566
-92.2378
-92.2188
-92.1996
-92.1803
-92.1608
-92.1411
-92.1213
-92.1014
-92.0812
-92.0609
-92.0405
-92.0199
-91.9991
-91.9781
-91.957
-91.9357
-91.9142
-91.8926
-91.8707
-91.8487
-91.8266
-91.8042
-91.7817
-91.759
-91.7361
-91.713
-91.6897
-91.6663
-91.6427
-91.6188
-91.5948
-91.5706
-91.5462
-91.5216
-91.4968
-91.4718
-91.4466
-91.4211
-91.3955
-91.3697
-91.3436
-91.3174
-91.2909
-91.2642
-91.2373
-91.2102
-91.1828
-91.1552
-91.1274
-91.0994
-91.0711
-91.0426
-91.0138
-90.9848
-90.9555
-90.926
-90.8963
-90.8663
-90.836
-90.8054
-90.7746
-90.7435
-90.7122
-90.6806
-90.6486
-90.6164
-90.5839
-90.5512
-90.5181
-90.4847
-90.451
-90.4169
-90.3826
-90.348
-90.313
-90.2776
-90.242
-90.206
-90.1696
-90.1329
-90.0958
-90.0583
-90.0205
-89.9823
-89.9436
-89.9046
-89.8652
-89.8254
-89.7851
-89.7444
-89.7032
-89.6616
-89.6196
-89.577
-89.534
-89.4905
-89.4465
-89.402
-89.3569
-89.3113
-89.2651
-89.2184
-89.1711
-89.1232
-89.0747
-89.0255
-88.9757
-88.9252
-88.8741
-88.8222
-88.7697
-88.7163
-88.6622
-88.6074
-88.5517
-88.4951
-88.4377
-88.3794
-88.3202
-88.26
-88.1988
-88.1366
-88.0733
-88.0089
-87.9434
-87.8767
-87.8087
-87.7394
-87.6688
-87.5968
-87.5234
-87.4484
-87.3718
-87.2935
-87.2135
-87.1316
-87.0479
-86.962
-86.8741
-86.7839
-86.6913
-86.5962
-86.4984
-86.3978
-86.2942
-86.1874
-86.0772
-85.9633
-85.8455
-85.7234
-85.5968
-85.4654
-85.3285
-85.1859
-85.037
-84.8812
-84.7178
-84.546
-84.3648
-84.1732
-83.97
-83.7535
-83.522
-83.2731
-83.0043
-82.7119
-82.3916
-82.0377
-81.6425
-81.1957
-80.6825
-80.0811
-79.3579
-78.4563
-77.2733
-75.5919
-72.8498
-66.9291
-41.5132
48.6364
49.9546
49.5942
48.2617
45.0317
38.9548
29.5961
17.8862
6.27501
-3.81285
-12.8388
-21.5024
-29.0898
-35.8218
-48.9369
-79.8502
-94.3443
-94.7573
-94.558
-94.135
-93.4164
-92.3712
-91.0808
-89.7054
-88.4003
-87.2628
-86.3294
-85.5954
-85.0366
-84.6228
-84.3255
-84.1205
-83.9882
-83.9135
-83.8844
-83.8918
-83.9287
-83.9895
-84.0697
-84.1658
-84.2749
-84.3946
-84.5228
-84.6579
-84.7983
-84.9429
-85.0904
-85.24
-85.391
-85.5425
-85.694
-85.8452
-85.9954
-86.1445
-86.2921
-86.4381
-86.5822
-86.7244
-86.8646
-87.0026
-87.1385
-87.2722
-87.4037
-87.533
-87.6601
-87.785
-87.9078
-88.0285
-88.147
-88.2635
-88.378
-88.4905
-88.601
-88.7095
-88.8162
-88.921
-89.0239
-89.125
-89.2243
-89.3219
-89.4177
-89.5118
-89.6042
-89.695
-89.7841
-89.8717
-89.9576
-90.042
-90.1249
-90.2062
-90.286
-90.3644
-90.4413
-90.5167
-90.5908
-90.6634
-90.7347
-90.8046
-90.8731
-90.9404
-91.0063
-91.0709
-91.1343
-91.1964
-91.2573
-91.317
-91.3754
-91.4327
-91.4888
-91.5437
-91.5975
-91.6502
-91.7018
-91.7523
-91.8017
-91.8501
-91.8974
-91.9437
-91.9889
-92.0332
-92.0765
-92.1188
-92.1602
-92.2006
-92.2401
-92.2787
-92.3164
-92.3532
-92.3892
-92.4242
-92.4585
-92.4919
-92.5245
-92.5563
-92.5873
-92.6175
-92.647
-92.6757
-92.7036
-92.7309
-92.7574
-92.7832
-92.8083
-92.8328
-92.8565
-92.8796
-92.9021
-92.9239
-92.9451
-92.9657
-92.9857
-93.0051
-93.0239
-93.0421
-93.0598
-93.0769
-93.0935
-93.1095
-93.125
-93.14
-93.1545
-93.1685
-93.182
-93.195
-93.2075
-93.2196
-93.2312
-93.2423
-93.2531
-93.2633
-93.2732
-93.2826
-93.2917
-93.3003
-93.3085
-93.3163
-93.3238
-93.3308
-93.3375
-93.3439
-93.3498
-93.3554
-93.3607
-93.3656
-93.3702
-93.3745
-93.3784
-93.382
-93.3853
-93.3883
-93.391
-93.3934
-93.3955
-93.3972
-93.3988
-93.4
-93.4009
-93.4016
-93.402
-93.4022
-93.4021
-93.4017
-93.4011
-93.4002
-93.3991
-93.3977
-93.3961
-93.3943
-93.3922
-93.39
-93.3874
-93.3847
-93.3817
-93.3786
-93.3752
-93.3716
-93.3677
-93.3637
-93.3595
-93.3551
-93.3505
-93.3456
-93.3406
-93.3354
-93.33
-93.3244
-93.3187
-93.3127
-93.3066
-93.3003
-93.2938
-93.2871
-93.2803
-93.2732
-93.266
-93.2587
-93.2511
-93.2434
-93.2356
-93.2275
-93.2194
-93.211
-93.2025
-93.1938
-93.185
-93.176
-93.1668
-93.1575
-93.148
-93.1384
-93.1287
-93.1187
-93.1087
-93.0984
-93.0881
-93.0775
-93.0669
-93.056
-93.0451
-93.034
-93.0227
-93.0113
-92.9997
-92.988
-92.9762
-92.9642
-92.9521
-92.9398
-92.9274
-92.9148
-92.9021
-92.8893
-92.8763
-92.8631
-92.8499
-92.8364
-92.8229
-92.8092
-92.7953
-92.7814
-92.7672
-92.753
-92.7385
-92.724
-92.7093
-92.6944
-92.6795
-92.6643
-92.6491
-92.6336
-92.6181
-92.6024
-92.5865
-92.5705
-92.5544
-92.5381
-92.5217
-92.5051
-92.4884
-92.4715
-92.4545
-92.4373
-92.42
-92.4026
-92.3849
-92.3672
-92.3493
-92.3312
-92.313
-92.2946
-92.2761
-92.2574
-92.2386
-92.2196
-92.2004
-92.1811
-92.1616
-92.142
-92.1222
-92.1022
-92.0821
-92.0619
-92.0414
-92.0208
-92
-91.9791
-91.958
-91.9367
-91.9152
-91.8936
-91.8718
-91.8498
-91.8277
-91.8053
-91.7828
-91.7601
-91.7373
-91.7142
-91.691
-91.6675
-91.6439
-91.6201
-91.5961
-91.5719
-91.5475
-91.5229
-91.4982
-91.4732
-91.448
-91.4226
-91.397
-91.3712
-91.3452
-91.3189
-91.2925
-91.2658
-91.239
-91.2118
-91.1845
-91.157
-91.1292
-91.1011
-91.0729
-91.0444
-91.0157
-90.9867
-90.9575
-90.928
-90.8983
-90.8683
-90.838
-90.8075
-90.7768
-90.7457
-90.7144
-90.6828
-90.6509
-90.6187
-90.5863
-90.5535
-90.5205
-90.4871
-90.4535
-90.4195
-90.3852
-90.3506
-90.3156
-90.2804
-90.2447
-90.2088
-90.1725
-90.1358
-90.0987
-90.0613
-90.0235
-89.9854
-89.9468
-89.9078
-89.8685
-89.8287
-89.7885
-89.7478
-89.7067
-89.6652
-89.6232
-89.5807
-89.5378
-89.4943
-89.4504
-89.4059
-89.3609
-89.3154
-89.2693
-89.2227
-89.1754
-89.1276
-89.0792
-89.0301
-88.9804
-88.93
-88.8789
-88.8272
-88.7747
-88.7215
-88.6675
-88.6127
-88.5572
-88.5007
-88.4434
-88.3853
-88.3262
-88.2661
-88.205
-88.143
-88.0798
-88.0156
-87.9502
-87.8836
-87.8158
-87.7468
-87.6763
-87.6045
-87.5313
-87.4565
-87.3801
-87.3021
-87.2223
-87.1407
-87.0571
-86.9716
-86.884
-86.7941
-86.7018
-86.607
-86.5096
-86.4094
-86.3062
-86.1998
-86.0901
-85.9767
-85.8594
-85.7379
-85.612
-85.4811
-85.3451
-85.2032
-85.0552
-84.9003
-84.7379
-84.5673
-84.3874
-84.1973
-83.9956
-83.781
-83.5516
-83.3052
-83.0392
-82.7501
-82.4338
-82.0847
-81.6955
-81.2562
-80.7528
-80.1647
-79.4603
-78.587
-77.4503
-75.8558
-73.317
-68.1187
-48.4699
45.454
49.9615
49.6353
48.3828
45.2888
39.3921
30.2063
18.5648
6.88065
-3.29043
-12.3562
-21.029
-28.743
-35.2618
-47.6405
-77.3631
-94.1931
-94.7576
-94.5787
-94.178
-93.4909
-92.4801
-91.2148
-89.8476
-88.5349
-87.3798
-86.4248
-85.6695
-85.0915
-84.6614
-84.3508
-84.135
-83.9939
-83.9121
-83.8772
-83.8799
-83.913
-83.9706
-84.0482
-84.1423
-84.2497
-84.368
-84.4951
-84.6294
-84.7692
-84.9133
-85.0606
-85.2101
-85.361
-85.5126
-85.6643
-85.8156
-85.9661
-86.1155
-86.2635
-86.4098
-86.5543
-86.6969
-86.8375
-86.9759
-87.1122
-87.2463
-87.3781
-87.5078
-87.6353
-87.7607
-87.8838
-88.0049
-88.1238
-88.2407
-88.3555
-88.4683
-88.5792
-88.6881
-88.795
-88.9001
-89.0034
-89.1048
-89.2044
-89.3023
-89.3984
-89.4928
-89.5856
-89.6766
-89.766
-89.8539
-89.9401
-90.0248
-90.1079
-90.1895
-90.2696
-90.3482
-90.4253
-90.5011
-90.5754
-90.6482
-90.7198
-90.7899
-90.8587
-90.9262
-90.9923
-91.0572
-91.1208
-91.1832
-91.2443
-91.3042
-91.3628
-91.4203
-91.4766
-91.5318
-91.5858
-91.6387
-91.6905
-91.7412
-91.7908
-91.8394
-91.8869
-91.9333
-91.9788
-92.0233
-92.0668
-92.1093
-92.1508
-92.1914
-92.2311
-92.2699
-92.3077
-92.3447
-92.3808
-92.416
-92.4505
-92.484
-92.5168
-92.5487
-92.5799
-92.6102
-92.6399
-92.6687
-92.6968
-92.7242
-92.7508
-92.7768
-92.8021
-92.8266
-92.8505
-92.8738
-92.8964
-92.9183
-92.9396
-92.9603
-92.9805
-93
-93.0189
-93.0372
-93.055
-93.0722
-93.0889
-93.105
-93.1206
-93.1357
-93.1503
-93.1644
-93.178
-93.1911
-93.2037
-93.2158
-93.2275
-93.2388
-93.2496
-93.26
-93.2699
-93.2794
-93.2885
-93.2972
-93.3055
-93.3134
-93.3209
-93.3281
-93.3348
-93.3412
-93.3472
-93.3529
-93.3583
-93.3632
-93.3679
-93.3722
-93.3762
-93.3799
-93.3832
-93.3863
-93.389
-93.3914
-93.3936
-93.3954
-93.397
-93.3983
-93.3993
-93.4
-93.4005
-93.4007
-93.4006
-93.4003
-93.3997
-93.3989
-93.3978
-93.3965
-93.3949
-93.3931
-93.3911
-93.3888
-93.3864
-93.3837
-93.3807
-93.3776
-93.3742
-93.3707
-93.3669
-93.3629
-93.3587
-93.3543
-93.3497
-93.3449
-93.3399
-93.3348
-93.3294
-93.3238
-93.3181
-93.3122
-93.3061
-93.2998
-93.2933
-93.2866
-93.2798
-93.2728
-93.2657
-93.2583
-93.2508
-93.2431
-93.2353
-93.2273
-93.2191
-93.2108
-93.2023
-93.1936
-93.1848
-93.1758
-93.1667
-93.1574
-93.1479
-93.1383
-93.1286
-93.1187
-93.1086
-93.0984
-93.0881
-93.0776
-93.0669
-93.0561
-93.0451
-93.034
-93.0228
-93.0114
-92.9999
-92.9882
-92.9763
-92.9644
-92.9522
-92.94
-92.9276
-92.915
-92.9023
-92.8895
-92.8765
-92.8634
-92.8501
-92.8367
-92.8232
-92.8095
-92.7957
-92.7817
-92.7676
-92.7533
-92.7389
-92.7243
-92.7097
-92.6948
-92.6799
-92.6647
-92.6495
-92.6341
-92.6185
-92.6028
-92.587
-92.571
-92.5549
-92.5386
-92.5222
-92.5056
-92.4889
-92.472
-92.455
-92.4379
-92.4206
-92.4031
-92.3855
-92.3678
-92.3498
-92.3318
-92.3136
-92.2952
-92.2767
-92.258
-92.2392
-92.2202
-92.2011
-92.1818
-92.1623
-92.1427
-92.1229
-92.1029
-92.0828
-92.0626
-92.0421
-92.0215
-92.0008
-91.9798
-91.9587
-91.9375
-91.916
-91.8944
-91.8726
-91.8506
-91.8285
-91.8062
-91.7837
-91.761
-91.7381
-91.7151
-91.6918
-91.6684
-91.6448
-91.621
-91.597
-91.5728
-91.5485
-91.5239
-91.4991
-91.4741
-91.449
-91.4236
-91.398
-91.3722
-91.3462
-91.32
-91.2935
-91.2669
-91.24
-91.2129
-91.1856
-91.1581
-91.1303
-91.1023
-91.074
-91.0456
-91.0168
-90.9879
-90.9587
-90.9292
-90.8995
-90.8695
-90.8393
-90.8088
-90.778
-90.747
-90.7157
-90.6841
-90.6523
-90.6201
-90.5877
-90.5549
-90.5219
-90.4886
-90.4549
-90.421
-90.3867
-90.3521
-90.3172
-90.2819
-90.2463
-90.2104
-90.1741
-90.1374
-90.1004
-90.063
-90.0252
-89.9871
-89.9485
-89.9096
-89.8702
-89.8305
-89.7903
-89.7497
-89.7086
-89.6671
-89.6251
-89.5827
-89.5398
-89.4963
-89.4524
-89.408
-89.363
-89.3175
-89.2715
-89.2249
-89.1777
-89.1299
-89.0815
-89.0325
-88.9828
-88.9324
-88.8814
-88.8297
-88.7773
-88.7241
-88.6702
-88.6154
-88.5599
-88.5035
-88.4463
-88.3882
-88.3291
-88.2691
-88.2081
-88.1461
-88.083
-88.0189
-87.9535
-87.887
-87.8193
-87.7503
-87.68
-87.6082
-87.5351
-87.4603
-87.3841
-87.3061
-87.2264
-87.145
-87.0615
-86.9761
-86.8886
-86.7988
-86.7067
-86.6121
-86.5148
-86.4148
-86.3117
-86.2055
-86.096
-85.9828
-85.8657
-85.7445
-85.6188
-85.4882
-85.3525
-85.211
-85.0633
-84.9088
-84.7468
-84.5766
-84.3973
-84.2077
-84.0067
-83.7929
-83.5643
-83.3189
-83.054
-82.7663
-82.4515
-82.1043
-81.7174
-81.2811
-80.7815
-80.1985
-79.5011
-78.6384
-77.5187
-75.9556
-73.4877
-68.525
-50.5926
42.9153
49.9645
49.6542
48.4385
45.4058
39.5885
30.4766
18.862
7.1428
-3.06701
-12.1511
-20.8266
-28.5902
-35.0161
-47.0773
-76.1965
-94.1082
-94.7566
-94.5869
-94.1948
-93.5196
-92.5213
-91.2647
-89.8999
-88.5837
-87.4216
-86.4583
-85.6948
-85.1095
-84.6732
-84.3574
-84.1373
-83.9928
-83.908
-83.8708
-83.8716
-83.903
-83.9593
-84.0358
-84.1289
-84.2356
-84.3533
-84.4801
-84.614
-84.7536
-84.8975
-85.0447
-85.1942
-85.3452
-85.4968
-85.6487
-85.8001
-85.9508
-86.1004
-86.2486
-86.3951
-86.5398
-86.6826
-86.8234
-86.962
-87.0985
-87.2328
-87.365
-87.4949
-87.6226
-87.7481
-87.8715
-87.9927
-88.1118
-88.2289
-88.3439
-88.4569
-88.5679
-88.677
-88.7841
-88.8894
-88.9928
-89.0944
-89.1941
-89.2922
-89.3884
-89.483
-89.5759
-89.6671
-89.7567
-89.8446
-89.931
-90.0158
-90.0991
-90.1808
-90.261
-90.3398
-90.4171
-90.4929
-90.5673
-90.6404
-90.712
-90.7823
-90.8512
-90.9188
-90.9851
-91.0501
-91.1138
-91.1763
-91.2375
-91.2975
-91.3563
-91.4139
-91.4703
-91.5256
-91.5797
-91.6327
-91.6846
-91.7354
-91.7851
-91.8338
-91.8814
-91.9279
-91.9735
-92.0181
-92.0616
-92.1042
-92.1459
-92.1866
-92.2263
-92.2652
-92.3031
-92.3402
-92.3764
-92.4117
-92.4462
-92.4799
-92.5127
-92.5447
-92.576
-92.6064
-92.6361
-92.665
-92.6932
-92.7206
-92.7474
-92.7734
-92.7987
-92.8234
-92.8473
-92.8706
-92.8933
-92.9153
-92.9367
-92.9575
-92.9776
-92.9972
-93.0162
-93.0346
-93.0524
-93.0697
-93.0864
-93.1026
-93.1183
-93.1334
-93.148
-93.1622
-93.1758
-93.1889
-93.2016
-93.2138
-93.2256
-93.2368
-93.2477
-93.2581
-93.2681
-93.2776
-93.2868
-93.2955
-93.3038
-93.3118
-93.3193
-93.3265
-93.3333
-93.3397
-93.3458
-93.3515
-93.3569
-93.3619
-93.3666
-93.3709
-93.3749
-93.3786
-93.382
-93.3851
-93.3879
-93.3903
-93.3925
-93.3944
-93.396
-93.3973
-93.3983
-93.399
-93.3995
-93.3997
-93.3997
-93.3994
-93.3988
-93.398
-93.397
-93.3957
-93.3941
-93.3924
-93.3904
-93.3881
-93.3857
-93.383
-93.3801
-93.3769
-93.3736
-93.37
-93.3663
-93.3623
-93.3581
-93.3537
-93.3492
-93.3444
-93.3394
-93.3343
-93.3289
-93.3234
-93.3176
-93.3117
-93.3056
-93.2993
-93.2929
-93.2862
-93.2794
-93.2724
-93.2653
-93.258
-93.2505
-93.2428
-93.2349
-93.2269
-93.2188
-93.2105
-93.202
-93.1933
-93.1845
-93.1755
-93.1664
-93.1571
-93.1477
-93.1381
-93.1283
-93.1184
-93.1084
-93.0982
-93.0878
-93.0773
-93.0667
-93.0559
-93.0449
-93.0339
-93.0226
-93.0112
-92.9997
-92.988
-92.9762
-92.9642
-92.9521
-92.9398
-92.9274
-92.9149
-92.9022
-92.8894
-92.8764
-92.8633
-92.85
-92.8366
-92.8231
-92.8094
-92.7956
-92.7816
-92.7675
-92.7532
-92.7388
-92.7243
-92.7096
-92.6948
-92.6798
-92.6647
-92.6494
-92.634
-92.6185
-92.6028
-92.5869
-92.571
-92.5548
-92.5386
-92.5222
-92.5056
-92.4889
-92.472
-92.455
-92.4379
-92.4206
-92.4031
-92.3855
-92.3678
-92.3498
-92.3318
-92.3136
-92.2952
-92.2767
-92.258
-92.2392
-92.2202
-92.2011
-92.1818
-92.1623
-92.1427
-92.1229
-92.103
-92.0829
-92.0626
-92.0422
-92.0216
-92.0008
-91.9799
-91.9588
-91.9375
-91.9161
-91.8945
-91.8727
-91.8507
-91.8286
-91.8062
-91.7838
-91.7611
-91.7382
-91.7152
-91.6919
-91.6685
-91.6449
-91.6211
-91.5971
-91.573
-91.5486
-91.524
-91.4993
-91.4743
-91.4491
-91.4237
-91.3981
-91.3724
-91.3464
-91.3201
-91.2937
-91.2671
-91.2402
-91.2131
-91.1858
-91.1583
-91.1305
-91.1025
-91.0743
-91.0458
-91.0171
-90.9881
-90.9589
-90.9294
-90.8997
-90.8698
-90.8395
-90.8091
-90.7783
-90.7473
-90.716
-90.6844
-90.6525
-90.6204
-90.588
-90.5553
-90.5222
-90.4889
-90.4553
-90.4213
-90.387
-90.3524
-90.3175
-90.2823
-90.2467
-90.2107
-90.1745
-90.1378
-90.1008
-90.0634
-90.0257
-89.9875
-89.949
-89.9101
-89.8707
-89.831
-89.7908
-89.7502
-89.7091
-89.6676
-89.6257
-89.5833
-89.5403
-89.4969
-89.453
-89.4086
-89.3637
-89.3182
-89.2721
-89.2255
-89.1784
-89.1306
-89.0822
-89.0332
-88.9835
-88.9332
-88.8822
-88.8305
-88.7781
-88.7249
-88.671
-88.6163
-88.5608
-88.5045
-88.4472
-88.3891
-88.3301
-88.2701
-88.2092
-88.1472
-88.0841
-88.02
-87.9547
-87.8883
-87.8206
-87.7516
-87.6813
-87.6096
-87.5364
-87.4618
-87.3855
-87.3076
-87.228
-87.1465
-87.0632
-86.9778
-86.8903
-86.8006
-86.7085
-86.614
-86.5168
-86.4168
-86.3139
-86.2077
-86.0983
-85.9852
-85.8682
-85.7471
-85.6215
-85.491
-85.3554
-85.214
-85.0665
-84.9122
-84.7504
-84.5804
-84.4013
-84.2119
-84.0112
-83.7976
-83.5694
-83.3244
-83.06
-82.7728
-82.4587
-82.1122
-81.7263
-81.2911
-80.793
-80.2121
-79.5175
-78.6589
-77.546
-75.9951
-73.5546
-68.6812
-51.3743
41.6369
49.9659
49.6631
48.4647
45.4606
39.6801
30.6022
18.9993
7.26324
-2.96498
-12.0578
-20.7344
-28.5196
-34.903
-46.8196
-75.6487
-94.0663
-94.7559
-94.5903
-94.2019
-93.5314
-92.5381
-91.2847
-89.9206
-88.6028
-87.4378
-86.4711
-85.7043
-85.1161
-84.6775
-84.3596
-84.1379
-83.9921
-83.9062
-83.8681
-83.8682
-83.899
-83.9548
-84.0309
-84.1238
-84.2302
-84.3477
-84.4743
-84.6081
-84.7476
-84.8916
-85.0387
-85.1883
-85.3392
-85.4909
-85.6428
-85.7944
-85.9451
-86.0948
-86.243
-86.3896
-86.5344
-86.6773
-86.8182
-86.9569
-87.0935
-87.2279
-87.3601
-87.49
-87.6178
-87.7434
-87.8669
-87.9882
-88.1074
-88.2245
-88.3396
-88.4527
-88.5637
-88.6729
-88.7801
-88.8854
-88.9889
-89.0905
-89.1904
-89.2885
-89.3848
-89.4794
-89.5724
-89.6636
-89.7533
-89.8413
-89.9277
-90.0126
-90.0959
-90.1777
-90.258
-90.3368
-90.4141
-90.49
-90.5645
-90.6376
-90.7092
-90.7796
-90.8485
-90.9162
-90.9825
-91.0476
-91.1113
-91.1738
-91.2351
-91.2951
-91.354
-91.4116
-91.4681
-91.5234
-91.5776
-91.6306
-91.6826
-91.7334
-91.7831
-91.8318
-91.8795
-91.9261
-91.9717
-92.0163
-92.0599
-92.1026
-92.1442
-92.185
-92.2248
-92.2637
-92.3016
-92.3387
-92.375
-92.4103
-92.4448
-92.4785
-92.5114
-92.5434
-92.5747
-92.6052
-92.6349
-92.6639
-92.6921
-92.7195
-92.7463
-92.7723
-92.7977
-92.8224
-92.8464
-92.8697
-92.8924
-92.9144
-92.9358
-92.9566
-92.9768
-92.9964
-93.0154
-93.0338
-93.0517
-93.069
-93.0857
-93.1019
-93.1176
-93.1328
-93.1474
-93.1616
-93.1752
-93.1884
-93.2011
-93.2133
-93.2251
-93.2364
-93.2472
-93.2576
-93.2676
-93.2772
-93.2864
-93.2951
-93.3035
-93.3114
-93.319
-93.3262
-93.333
-93.3394
-93.3455
-93.3512
-93.3566
-93.3616
-93.3663
-93.3707
-93.3747
-93.3784
-93.3818
-93.3849
-93.3877
-93.3902
-93.3924
-93.3942
-93.3958
-93.3972
-93.3982
-93.399
-93.3995
-93.3997
-93.3996
-93.3994
-93.3988
-93.398
-93.397
-93.3957
-93.3941
-93.3924
-93.3904
-93.3882
-93.3857
-93.383
-93.3801
-93.377
-93.3737
-93.3701
-93.3664
-93.3624
-93.3582
-93.3539
-93.3493
-93.3445
-93.3395
-93.3344
-93.329
-93.3235
-93.3178
-93.3119
-93.3058
-93.2995
-93.2931
-93.2864
-93.2796
-93.2726
-93.2655
-93.2582
-93.2507
-93.243
-93.2352
-93.2272
-93.219
-93.2107
-93.2022
-93.1936
-93.1848
-93.1758
-93.1667
-93.1574
-93.148
-93.1384
-93.1286
-93.1188
-93.1087
-93.0985
-93.0882
-93.0777
-93.067
-93.0562
-93.0453
-93.0342
-93.023
-93.0116
-93.0001
-92.9884
-92.9766
-92.9646
-92.9525
-92.9402
-92.9278
-92.9153
-92.9026
-92.8898
-92.8768
-92.8637
-92.8504
-92.8371
-92.8235
-92.8098
-92.796
-92.782
-92.7679
-92.7537
-92.7393
-92.7248
-92.7101
-92.6952
-92.6803
-92.6652
-92.6499
-92.6345
-92.619
-92.6033
-92.5875
-92.5715
-92.5554
-92.5391
-92.5227
-92.5062
-92.4894
-92.4726
-92.4556
-92.4384
-92.4212
-92.4037
-92.3861
-92.3684
-92.3505
-92.3324
-92.3142
-92.2959
-92.2773
-92.2587
-92.2399
-92.2209
-92.2017
-92.1825
-92.163
-92.1434
-92.1236
-92.1037
-92.0836

