-70
-67.9574
-65.4627
-61.483
-52.183
-7.47674
49.6483
49.3045
43.6744
27.133
4.97969
-8.42516
-19.1191
-30.1908
-42.5118
-71.0752
-93.4276
-94.7078
-94.6731
-94.3565
-93.7525
-92.8341
-91.6456
-90.2806
-88.8355
-87.383
-85.9679
-84.6129
-83.3269
-82.1103
-80.9591
-79.8668
-78.8258
-77.8274
-76.8622
-75.9198
-74.9883
-74.0537
-73.0983
-72.0987
-71.0216
-69.8153
-68.3912
-66.5772
-63.9741
-59.3584
-46.6593
17.3588
49.7978
47.5171
36.3895
14.1861
-3.40028
-14.8835
-25.9299
-35.7495
-54.7357
-88.7036
-94.3785
-94.6939
-94.5051
-94.0367
-93.2627
-92.2
-90.925
-89.5332
-88.1053
-86.6959
-85.3361
-84.0404
-82.8131
-81.6526
-80.5541
-79.5112
-78.5161
-77.5605
-76.6353
-75.7305
-74.8345
-73.9338
-73.0114
-72.0447
-71.0018
-69.8332
-68.455
-66.7056
-64.2165
-59.8913
-48.569
8.87419
49.8341
48.4852
39.6095
18.7662
-1.1559
-13.1154
-24.04
-34.4754
-51.6891
-86.0996
-94.2406
-94.6981
-94.5399
-94.1024
-93.3622
-92.3295
-91.0766
-89.6994
-88.2811
-86.879
-85.5259
-84.2373
-83.0183
-81.8674
-80.7801
-79.7501
-78.77
-77.8317
-76.9266
-76.0454
-75.1778
-74.3116
-73.4324
-72.5217
-71.5541
-70.4925
-69.2775
-67.8035
-65.8553
-62.8974
-57.0948
-37.3847
37.8141
49.2966
44.1392
28.2328
5.90266
-7.83062
-18.5876
-29.6781
-41.5116
-68.6366
-93.0375
-94.6428
-94.6687
-94.3917
-93.8381
-92.9832
-91.8635
-90.5638
-89.176
-87.7726
-86.4
-85.0837
-83.8347
-82.6552
-81.5428
-80.4922
-79.4968
-78.5491
-77.6413
-76.7649
-75.9106
-75.0682
-74.2261
-73.3701
-72.4822
-71.5378
-70.5007
-69.3135
-67.8747
-65.979
-63.1227
-57.6212
-39.721
35.2563
49.3827
44.6092
29.2975
6.87771
-7.20482
-18.0288
-29.1268
-40.4815
-66.1731
-92.6902
-94.6175
-94.6772
-94.4179
-93.8841
-93.0501
-91.9486
-90.6629
-89.2851
-87.8891
-86.5226
-85.2121
-83.9691
-82.7964
-81.6915
-80.6494
-79.6637
-78.7271
-77.8319
-76.9698
-76.1323
-75.3097
-74.4914
-73.6646
-72.8137
-71.9177
-70.9472
-69.8571
-68.5712
-66.9467
-64.6668
-60.8382
-51.6418
-7.51189
49.5832
49.2158
42.9738
25.0683
2.82068
-10.0871
-20.7161
-31.7151
-45.6105
-77.5092
-93.8241
-94.7039
-94.6154
-94.248
-93.5884
-92.6293
-91.4306
-90.0877
-88.6901
-87.3016
-85.96
-84.6841
-83.4802
-82.3477
-81.2826
-80.2785
-79.3287
-78.4255
-77.5612
-76.7275
-75.9159
-75.117
-74.3201
-73.5126
-72.6788
-71.7978
-70.8398
-69.7592
-68.4789
-66.8526
-64.5547
-60.6579
-51.1326
-4.66562
49.6856
49.1552
42.6239
24.3131
2.24973
-10.5102
-21.1803
-32.1373
-46.4922
-79.0591
-93.9009
-94.7043
-94.606
-94.23
-93.5615
-92.596
-91.3954
-90.0553
-88.6639
-87.284
-85.9524
-84.6872
-83.4945
-82.3735
-81.3201
-80.328
-79.3905
-78.5
-77.6489
-76.8294
-76.033
-75.2508
-74.4729
-73.6874
-72.8802
-72.0325
-71.1183
-70.0986
-68.9097
-67.4361
-65.4354
-62.2816
-55.6867
-30.4447
40.6075
49.2043
43.7012
27.333
5.18179
-8.28562
-18.9928
-30.0699
-42.2718
-70.4849
-93.3139
-94.6788
-94.6682
-94.373
-93.8018
-92.9317
-91.8042
-90.5076
-89.1339
-87.7539
-86.4119
-85.1314
-83.9219
-82.7847
-81.7168
-80.7126
-79.7655
-78.8683
-78.0137
-77.194
-76.4012
-75.6268
-74.8617
-74.0955
-73.3157
-72.5067
-71.6474
-70.708
-69.642
-68.3705
-66.7428
-64.4205
-60.4252
-50.3993
-0.445026
49.7703
49.0395
42.0537
23.2154
1.53292
-11.0332
-21.7533
-32.6398
-47.5632
-80.8089
-93.9892
-94.7061
-94.5963
-94.2112
-93.5336
-92.5621
-91.3611
-90.0259
-88.6437
-87.2759
-85.9584
-84.7083
-83.5316
-82.4271
-81.3907
-80.4162
-79.4967
-78.625
-77.7937
-76.9952
-76.2216
-75.4646
-74.715
-73.9624
-73.1945
-72.3955
-71.5444
-70.6104
-69.5464
-68.2712
-66.6293
-64.267
-60.1477
-49.5288
4.19619
49.8144
48.8313
41.1052
21.4503
0.432458
-11.8634
-22.6653
-33.4053
-49.2413
-83.2264
-94.1042
-94.7055
-94.5785
-94.1773
-93.4825
-92.4974
-91.2895
-89.9542
-88.5769
-87.217
-85.9088
-84.6688
-83.5022
-82.4079
-81.3814
-80.4168
-79.5071
-78.6452
-77.8237
-77.0352
-76.272
-75.526
-74.7884
-74.0491
-73.2965
-72.5157
-71.687
-70.7827
-69.7599
-68.5471
-67.0108
-64.8596
-61.2938
-53.0647
-15.7755
48.6153
49.2166
43.3146
26.1392
3.91222
-9.23881
-19.8924
-30.9438
-44.0221
-74.3799
-93.6496
-94.704
-94.6443
-94.3085
-93.6891
-92.7716
-91.6094
-90.2959
-88.9222
-87.5548
-86.2339
-84.9795
-83.7989
-82.692
-81.6547
-80.6812
-79.7647
-78.8981
-78.0742
-77.2855
-76.5246
-75.7836
-75.0542
-74.3272
-73.5916
-72.8345
-72.0387
-71.1809
-70.2265
-69.1197
-67.7621
-65.9552
-63.2151
-57.9483
-41.1953
33.0255
49.4544
45.0497
30.3721
7.96415
-6.51566
-17.4179
-28.5123
-39.3745
-63.4994
-92.2107
-94.588
-94.6885
-94.45
-93.9424
-93.1394
-92.0703
-90.8163
-89.4699
-88.106
-86.7734
-85.4991
-84.2951
-83.1642
-82.1041
-81.1099
-80.1754
-79.2937
-78.4577
-77.6603
-76.8942
-76.1517
-75.4251
-74.7057
-73.9838
-73.2479
-72.4835
-71.6714
-70.7845
-69.7811
-68.5919
-67.0879
-64.9907
-61.546
-53.7679
-19.7441
47.1702
49.1914
43.3854
26.4871
4.34904
-8.89102
-19.5595
-30.6214
-43.3696
-72.9923
-93.5598
-94.7021
-94.6562
-94.3345
-93.733
-92.8339
-91.6869
-90.3841
-89.0171
-87.6541
-86.3362
-85.0845
-83.9067
-82.8031
-81.7699
-80.8012
-79.8904
-79.0303
-78.2139
-77.434
-76.6832
-75.9539
-75.2384
-74.5278
-73.8123
-73.0801
-72.3161
-71.5002
-70.6035
-69.5812
-68.3574
-66.7876
-64.5511
-60.736
-51.4146
-6.1166
49.637
49.1962
42.9214
25.0512
2.88425
-10.0238
-20.6452
-31.6464
-45.4604
-77.2071
-93.8085
-94.7059
-94.6222
-94.2623
-93.6145
-92.672
-91.4944
-90.1768
-88.8082
-87.4524
-86.1468
-84.9098
-83.7475
-82.6592
-81.6407
-80.6859
-79.7881
-78.9403
-78.1353
-77.3659
-76.625
-75.905
-75.1983
-74.4961
-73.7888
-73.0647
-72.309
-71.5019
-70.615
-69.6045
-68.3963
-66.8503
-64.6573
-60.9505
-52.0802
-9.98531
49.4297
49.258
43.3176
25.9429
3.60412
-9.4974
-20.145
-31.1884
-44.5272
-75.4181
-93.71
-94.7046
-94.6342
-94.2869
-93.654
-92.7252
-91.5576
-90.2456
-88.8793
-87.5238
-86.2177
-84.9799
-83.8171
-82.7287
-81.7106
-80.7567
-79.8603
-79.0144
-78.2119
-77.4457
-76.7086
-75.9934
-75.2924
-74.5973
-73.8986
-73.1853
-72.4435
-71.6547
-70.793
-69.8185
-68.6657
-67.2139
-65.2064
-61.9663
-54.938
-26.3656
40.611
49.2126
43.7568
27.4503
5.27835
-8.22052
-18.9359
-30.0176
-42.1788
-70.3088
-93.3264
-94.6874
-94.6713
-94.3733
-93.8006
-92.9313
-91.8091
-90.5237
-89.1673
-87.81
-86.4953
-85.2456
-84.0698
-82.9686
-81.9386
-80.9741
-80.0687
-79.2153
-78.407
-77.6367
-76.8972
-76.1815
-75.4821
-74.7908
-74.0989
-73.3959
-72.6689
-71.9013
-71.07
-70.1407
-69.0582
-67.7247
-65.9429
-63.2323
-58.0138
-41.4479
32.6095
49.4692
45.1551
30.6585
8.29018
-6.3041
-17.2293
-28.3197
-39.0356
-62.681
-92.0403
-94.5796
-94.6925
-94.4603
-93.9607
-93.1672
-92.1079
-90.8634
-89.5265
-88.1723
-86.8502
-85.5872
-84.3955
-83.2778
-82.2319
-81.2529
-80.3345
-79.47
-78.6526
-77.8752
-77.1308
-76.4125
-75.7128
-75.0241
-74.338
-73.6446
-72.9323
-72.1862
-71.3861
-70.5028
-69.491
-68.2734
-66.7022
-64.4458
-60.5529
-50.8382
-2.73981
49.7285
49.1196
42.5186
24.2363
2.30679
-10.4421
-21.1003
-32.0599
-46.3235
-78.7591
-93.8905
-94.7075
-94.6138
-94.2456
-93.5896
-92.6414
-91.4627
-90.1485
-88.787
-87.4406
-86.1459
-84.9206
-83.7707
-82.6951
-81.6896
-80.7482
-79.8641
-79.0305
-78.2402
-77.4863
-76.762
-76.06
-75.3729
-74.6929
-74.0111
-73.3172
-72.5983
-71.8378
-71.0126
-70.088
-69.0084
-67.6751
-65.8874
-63.1559
-57.8588
-40.8004
33.7377
49.4354
44.9698
30.2451
7.90459
-6.52885
-17.4232
-28.5147
-39.3764
-63.5128
-92.2267
-94.5917
-94.6907
-94.4537
-93.9495
-93.152
-92.0906
-90.8462
-89.5114
-88.1606
-86.8428
-85.5846
-84.398
-83.2857
-82.2452
-81.2718
-80.3591
-79.5005
-78.6891
-77.918
-77.1803
-76.469
-75.777
-75.0968
-74.4202
-73.7378
-73.0386
-72.3086
-71.5289
-70.673
-69.6999
-68.5413
-67.07
-65.012
-61.6287
-54.0208
-21.112
46.3418
49.1876
43.4568
26.7347
4.63107
-8.67464
-19.3556
-30.4239
-42.9754
-72.1274
-93.4968
-94.7002
-94.6631
-94.3502
-93.7604
-92.8747
-91.7411
-90.451
-89.0961
-87.7449
-86.4394
-85.2008
-84.0371
-82.9486
-81.9315
-80.9801
-80.0878
-79.2476
-78.4527
-77.696
-76.9707
-76.2698
-75.5862
-74.9122
-74.2394
-73.5584
-72.8575
-72.1219
-71.3315
-70.4571
-69.4536
-68.2435
-66.6787
-64.427
-60.5332
-50.7908
-2.47309
49.7326
49.1116
42.4854
24.1779
2.27205
-10.4666
-21.1277
-32.0844
-46.3739
-78.8393
-93.8933
-94.7076
-94.6139
-94.2461
-93.5911
-92.6445
-91.4683
-90.1573
-88.7995
-87.4573
-86.1673
-84.947
-83.8023
-82.7323
-81.7327
-80.7975
-79.9199
-79.0932
-78.3102
-77.5642
-76.8483
-76.1556
-75.479
-74.8108
-74.1427
-73.4649
-72.7658
-72.0301
-71.2372
-70.3569
-69.3421
-68.1111
-66.5062
-64.1671
-60.0281
-49.1506
6.32665
49.8225
48.7176
40.7033
20.8643
0.175905
-12.0389
-22.8528
-33.5516
-49.5661
-83.6483
-94.1274
-94.7079
-94.5801
-94.1811
-93.4917
-92.5167
-91.3237
-90.0078
-88.6536
-87.3197
-86.04
-84.8308
-83.6968
-82.6369
-81.6467
-80.7201
-79.8504
-79.0308
-78.2543
-77.5143
-76.8039
-76.1162
-75.4441
-74.7801
-74.1158
-73.4415
-72.7456
-72.0129
-71.2227
-70.345
-69.3324
-68.1034
-66.5001
-64.1615
-60.0197
-49.1184
6.50797
49.8231
48.7067
40.664
20.8043
0.147335
-12.0594
-22.8749
-33.5689
-49.6052
-83.7006
-94.1304
-94.708
-94.5798
-94.1806
-93.4911
-92.5163
-91.3239
-90.0089
-88.6558
-87.3232
-86.0451
-84.8374
-83.7051
-82.647
-81.6585
-80.7338
-79.8661
-79.0486
-78.2744
-77.5367
-76.8288
-76.1438
-75.4748
-74.8142
-74.1539
-73.4844
-72.7941
-72.0684
-71.2874
-70.422
-69.4273
-68.226
-66.6706
-64.4301
-60.5544
-50.8671
-2.89094
49.7226
49.1224
42.5488
24.3134
2.37266
-10.3919
-21.046
-32.0108
-46.2193
-78.5708
-93.8797
-94.7074
-94.6158
-94.2502
-93.598
-92.6547
-91.4818
-90.1742
-88.8198
-87.4811
-86.1947
-84.9785
-83.8381
-82.7728
-81.7781
-80.8482
-79.9762
-79.1554
-78.3788
-77.6397
-76.9313
-76.2469
-75.5795
-74.9218
-74.2658
-73.6024
-72.9207
-72.2067
-71.4419
-70.5997
-69.6392
-68.4919
-67.0306
-64.9801
-61.5976
-53.9612
-20.7899
46.5465
49.1871
43.4488
26.7129
4.60853
-8.69226
-19.3734
-30.4418
-43.0107
-72.2009
-93.5005
-94.7003
-94.663
-94.3502
-93.761
-92.8769
-91.7462
-90.4601
-89.1105
-87.7655
-86.4669
-85.2358
-84.0801
-83.0001
-81.9919
-81.0499
-80.1674
-79.3376
-78.5535
-77.8085
-77.0956
-76.4084
-75.7398
-75.0827
-74.4294
-73.7711
-73.0974
-72.3955
-71.6484
-70.8319
-69.91
-68.8236
-67.4664
-65.6186
-62.7274
-56.8707
-36.2349
38.8592
49.2829
44.193
28.6006
6.48036
-7.37596
-18.1588
-29.2437
-40.6924
-66.7348
-92.847
-94.6439
-94.6866
-94.427
-93.9001
-93.0806
-92.0027
-90.7506
-89.4163
-88.0726
-86.7661
-85.5222
-84.3514
-83.2558
-82.2325
-81.2764
-80.3813
-79.5403
-78.7468
-77.9938
-77.2748
-76.5829
-75.9115
-75.2536
-74.6014
-73.9468
-73.2797
-72.5883
-71.8567
-71.0633
-70.1761
-69.1441
-67.8776
-66.1998
-63.6921
-59.0483
-45.5894
21.7856
49.7342
46.9707
35.1302
13.0499
-3.74864
-15.0996
-26.1302
-35.8462
-54.9759
-88.9172
-94.4058
-94.7072
-94.5269
-94.0792
-93.3387
-92.3226
-91.1063
-89.7843
-88.4365
-87.1165
-85.8545
-84.6642
-83.5494
-82.5082
-81.5359
-80.6263
-79.7729
-78.9687
-78.2071
-77.4813
-76.7847
-76.1106
-75.4521
-74.8018
-74.1519
-73.4929
-72.8139
-72.1006
-71.3338
-70.4857
-69.5135
-68.3444
-66.8411
-64.7012
-61.0815
-52.4717
-12.0632
49.2294
49.2502
43.4062
26.2902
4.00586
-9.18214
-19.8464
-30.9053
-43.9489
-74.2328
-93.6421
-94.705
-94.6455
-94.3102
-93.6934
-92.7825
-91.632
-90.3357
-88.9842
-87.6432
-86.3522
-85.1306
-83.9851
-82.9155
-81.9175
-80.9853
-80.1122
-79.2913
-78.5158
-77.7789
-77.074
-76.3944
-75.7334
-75.0839
-74.4383
-73.7881
-73.1233
-72.4313
-71.6955
-70.8931
-69.9897
-68.9293
-67.6127
-65.8376
-63.1086
-57.7741
-40.3847
34.4248
49.4171
44.893
30.1211
7.84159
-6.54713
-17.4341
-28.5232
-39.3897
-63.5522
-92.2466
-94.5954
-94.6927
-94.4565
-93.9546
-93.1609
-92.1047
-90.8671
-89.5404
-88.199
-86.8916
-85.645
-84.4709
-83.3719
-82.3457
-81.3873
-80.4905
-79.6487
-78.8551
-78.103
-77.3857
-76.6967
-76.0292
-75.3765
-74.7312
-74.0852
-73.4295
-72.7525
-72.0401
-71.2725
-70.4215
-69.4429
-68.2614
-66.7339
-64.541
-60.7763
-51.5396
-6.60052
49.6122
49.2105
43.0655
25.4483
3.26054
-9.73485
-20.3656
-31.3891
-44.93
-76.1972
-93.7563
-94.7067
-94.6315
-94.2811
-93.6465
-92.7194
-91.5581
-90.2574
-88.9065
-87.5694
-86.284
-85.0688
-83.9301
-82.867
-81.8754
-80.9493
-80.082
-79.2666
-78.4964
-77.7645
-77.0645
-76.3897
-75.7334
-75.0887
-74.4481
-73.8031
-73.1439
-72.4582
-71.7299
-70.9367
-70.0453
-69.0019
-67.7117
-65.9836
-63.3566
-58.3378
-42.7868
29.8317
49.5469
45.6335
31.7924
9.43226
-5.64141
-16.6618
-27.744
-38.0558
-60.2973
-91.3872
-94.5397
-94.6986
-94.4832
-94.0021
-93.2292
-92.1895
-90.9619
-89.6393
-88.298
-86.9885
-85.7387
-84.5612
-83.459
-82.43
-81.4693
-80.5708
-79.7278
-78.9338
-78.1818
-77.4654
-76.7779
-76.1128
-75.4633
-74.8222
-74.182
-73.5334
-72.8659
-72.1659
-71.4151
-70.5874
-69.6427
-68.514
-67.0773
-65.0654
-61.7642
-54.4081
-23.2065
44.5929
49.187
43.5671
27.0706
4.99261
-8.40464
-19.1034
-30.1787
-42.492
-71.0406
-93.4067
-94.6957
-94.6704
-94.368
-93.7917
-92.9213
-91.8022
-90.5249
-89.1811
-87.8402
-86.5447
-85.3164
-84.1637
-83.0871
-82.083
-81.1456
-80.2684
-79.4447
-78.6676
-77.9303
-77.2264
-76.5492
-75.8921
-75.2483
-74.6106
-73.9708
-73.3196
-72.6455
-71.9339
-71.1645
-70.3079
-69.3176
-68.1139
-66.543
-64.2553
-60.2261
-49.7905
3.12566
49.802
48.904
41.5266
22.3747
1.11082
-11.323
-22.0674
-32.9032
-48.1307
-81.6597
-94.0327
-94.7091
-94.5971
-94.214
-93.543
-92.5853
-91.406
-90.0998
-88.7528
-87.425
-86.1514
-84.9487
-83.8222
-82.7709
-81.7903
-80.8743
-80.0165
-79.21
-78.448
-77.7239
-77.0312
-76.3633
-75.7137
-75.0755
-74.4413
-73.8028
-73.1504
-72.472
-71.7518
-70.9681
-70.0885
-69.0612
-67.7949
-66.108
-63.5677
-58.8053
-44.6651
24.7943
49.6726
46.4771
33.8418
11.5795
-4.49412
-15.7073
-26.764
-36.475
-56.4902
-89.825
-94.4545
-94.7054
-94.5141
-94.0566
-93.3071
-92.2854
-91.068
-89.749
-88.407
-87.0945
-85.841
-84.6597
-83.5541
-82.5224
-81.5597
-80.6599
-79.8164
-79.0225
-78.2714
-77.5565
-76.8715
-76.2097
-75.5646
-74.9293
-74.2961
-73.6566
-73.0006
-72.3155
-71.5845
-70.784
-69.8782
-68.8091
-67.4717
-65.6499
-62.8023
-57.0595
-37.0702
38.222
49.3042
44.3142
28.8861
6.75655
-7.19471
-17.997
-29.083
-40.3957
-66.0176
-92.7344
-94.6351
-94.689
-94.4357
-93.9165
-93.1056
-92.0363
-90.7917
-89.4638
-88.1257
-86.8247
-85.5862
-84.4213
-83.332
-82.3156
-81.3671
-80.4801
-79.6481
-78.8642
-78.1218
-77.4143
-76.7353
-76.0783
-75.4366
-74.8031
-74.1702
-73.5291
-72.8694
-72.1776
-71.4361
-70.6193
-69.6883
-68.5786
-67.1709
-65.212
-62.0354
-55.1337
-27.2018
40.4845
49.2201
43.8558
27.7766
5.66482
-7.93178
-18.6678
-29.7529
-41.6681
-69.1308
-93.2156
-94.6828
-94.6794
-94.3925
-93.8346
-92.9829
-91.879
-90.6114
-89.2725
-87.9329
-86.6366
-85.4065
-84.2518
-83.1733
-82.1677
-81.2294
-80.352
-79.5286
-78.7525
-78.017
-77.3155
-76.6415
-75.9887
-75.3502
-74.719
-74.0875
-73.4466
-72.7856
-72.0908
-71.3439
-70.5182
-69.573
-68.4396
-66.99
-64.9467
-61.5578
-53.8452
-19.9746
47.0269
49.195
43.4792
26.7935
4.69232
-8.63031
-19.317
-30.3882
-42.906
-71.9718
-93.4855
-94.7005
-94.6649
-94.3539
-93.7673
-92.887
-91.7609
-90.4805
-89.1373
-87.7996
-86.509
-85.2867
-84.1405
-83.0706
-82.0733
-81.1427
-80.2724
-79.4556
-78.6854
-77.9552
-77.2584
-76.5886
-75.9394
-75.304
-74.6755
-74.046
-73.4066
-72.7466
-72.052
-71.3043
-70.4766
-69.5272
-68.3863
-66.9222
-64.8483
-61.3802
-53.3494
-17.1209
48.2302
49.2141
43.4517
26.6253
4.46682
-8.8103
-19.4899
-30.5586
-43.2469
-72.725
-93.542
-94.703
-94.6591
-94.3402
-93.744
-92.854
-91.7207
-90.4364
-89.0923
-87.7558
-86.4677
-85.2487
-84.1061
-83.0398
-82.0461
-81.119
-80.252
-79.4382
-78.6709
-77.9435
-77.2494
-76.5822
-75.9354
-75.3024
-74.6763
-74.0493
-73.4126
-72.7554
-72.064
-71.3201
-70.4971
-69.554
-68.4222
-66.9731
-64.9281
-61.5311
-53.7804
-19.6216
47.2116
49.1962
43.4711
26.7628
4.65572
-8.65894
-19.3445
-30.4154
-42.9599
-72.0905
-93.494
-94.7009
-94.6642
-94.3522
-93.7647
-92.8836
-91.7573
-90.4774
-89.1352
-87.7989
-86.5101
-85.2897
-84.1456
-83.0779
-82.0829
-81.1548
-80.2869
-79.4726
-78.705
-77.9775
-77.2837
-76.617
-75.9711
-75.3394
-74.715
-74.0902
-73.4564
-72.8029
-72.1165
-71.3793
-70.5656
-69.636
-68.5251
-67.1117
-65.1364
-61.9127
-54.825
-25.5305
41.8302
49.2046
43.747
27.514
5.4136
-8.10753
-18.83
-29.9125
-41.9753
-69.8483
-93.2911
-94.6882
-94.6764
-94.3839
-93.8196
-92.9618
-91.8538
-90.5846
-89.2465
-87.9095
-86.6171
-85.3916
-84.2419
-83.1686
-82.1683
-81.2353
-80.3633
-79.5453
-78.7747
-78.0447
-77.349
-76.6811
-76.0346
-75.403
-74.7793
-74.1562
-73.525
-72.8755
-72.1948
-71.4656
-70.6635
-69.7512
-68.6673
-67.2996
-65.4136
-62.4056
-56.0988
-32.3264
40.4276
49.2289
43.9358
28.0565
6.01317
-7.67243
-18.4243
-29.5067
-41.1886
-67.9569
-93.0495
-94.6657
-94.6852
-94.4144
-93.8763
-93.046
-91.961
-90.707
-89.3762
-88.0403
-86.7448
-85.5141
-84.358
-83.2781
-82.2713
-81.3323
-80.4548
-79.632
-78.8573
-78.1239
-77.4254
-76.7554
-76.1076
-75.4754
-74.852
-74.2301
-73.6011
-72.9553
-72.28
-71.5587
-70.768
-69.8728
-68.8157
-67.4935
-65.6943
-62.8896
-57.2736
-38.0489
37.3555
49.3329
44.4723
29.2519
7.10822
-6.96823
-17.7954
-28.8815
-40.028
-65.1245
-92.5812
-94.6238
-94.6918
-94.4452
-93.9337
-93.1311
-92.0692
-90.8303
-89.5065
-88.1716
-86.873
-85.6369
-84.4745
-83.3879
-82.3747
-81.4297
-80.5467
-79.7192
-78.9403
-78.2035
-77.5023
-76.8303
-76.1811
-75.5484
-74.9253
-74.3045
-73.6779
-73.0357
-72.3659
-71.6525
-70.8733
-69.9951
-68.9644
-67.6862
-65.9691
-63.351
-58.3307
-42.6921
30.084
49.5421
45.6233
31.8143
9.50974
-5.57576
-16.5998
-27.6778
-37.9439
-60.0323
-91.315
-94.5381
-94.7009
-94.4879
-94.0105
-93.2421
-92.2073
-90.9847
-89.6672
-88.3312
-87.0274
-85.7839
-84.6132
-83.5183
-82.4973
-81.5451
-80.6557
-79.8226
-79.0389
-78.2982
-77.5939
-76.9196
-76.269
-75.6358
-75.0132
-74.394
-73.7704
-73.1327
-72.4696
-71.7657
-71.0001
-70.1421
-69.1422
-67.9148
-66.291
-63.8772
-59.469
-47.1364
15.8885
49.807
47.829
37.6444
16.2944
-2.13226
-13.8079
-24.7625
-34.9663
-52.8479
-87.2198
-94.3103
-94.7082
-94.5493
-94.1227
-93.406
-92.4121
-91.2133
-89.9041
-88.5654
-87.2525
-85.9971
-84.8136
-83.7063
-82.6736
-81.7109
-80.8122
-79.971
-79.1805
-78.4341
-77.7254
-77.0479
-76.3953
-75.7613
-75.1393
-74.5224
-73.9028
-73.2715
-72.6175
-71.9267
-71.18
-70.3493
-69.3909
-68.2304
-66.7265
-64.564
-60.8523
-51.7837
-7.93308
49.5454
49.2318
43.2206
25.8147
3.57185
-9.50633
-20.154
-31.1952
-44.5367
-75.4238
-93.7116
-94.7059
-94.6371
-94.2933
-93.6671
-92.7494
-91.5971
-90.3046
-88.9613
-87.6315
-86.3537
-85.1465
-84.0164
-82.9627
-81.9812
-81.066
-80.2104
-79.4077
-78.6511
-77.9341
-77.2502
-76.5932
-75.9567
-75.3344
-74.7194
-74.1043
-73.4807
-72.8383
-72.1646
-71.4423
-70.6472
-69.7423
-68.6669
-67.3099
-65.4398
-62.4628
-56.252
-33.1017
40.2357
49.235
43.9701
28.1367
6.08882
-7.62231
-18.3795
-29.4626
-41.1046
-67.7499
-93.015
-94.6616
-94.6857
-94.4176
-93.8829
-93.0567
-91.9758
-90.7256
-89.3978
-88.0645
-86.7713
-85.5427
-84.3888
-83.3111
-82.3068
-81.3705
-80.4959
-79.6763
-78.9051
-78.1756
-77.4813
-76.816
-76.1734
-75.5472
-74.9306
-74.3165
-73.6969
-73.0623
-72.401
-71.6975
-70.9305
-70.0683
-69.0596
-67.8154
-66.1582
-63.6677
-59.0281
-45.4784
22.2184
49.7253
46.9189
35.0328
12.9913
-3.7509
-15.0945
-26.1228
-35.8402
-54.9644
-88.909
-94.406
-94.7084
-94.5299
-94.0854
-93.35
-92.3409
-91.1332
-89.8211
-88.4841
-87.1757
-85.9262
-84.7494
-83.6488
-82.6228
-81.6666
-80.774
-79.9386
-79.1537
-78.4125
-77.7088
-77.036
-76.3881
-75.7586
-75.1412
-74.5289
-73.914
-73.2877
-72.6393
-71.9549
-71.2158
-70.3946
-69.4493
-68.308
-66.8357
-64.735
-61.1807
-52.7656
-13.6162
49.0129
49.2408
43.4546
26.5055
4.26949
-8.97519
-19.6512
-30.7185
-43.5713
-73.4317
-93.5911
-94.7043
-94.6527
-94.3259
-93.7203
-92.8219
-91.6837
-90.3987
-89.0576
-87.7267
-86.4459
-85.2351
-84.1013
-83.0443
-82.0599
-81.1424
-80.285
-79.4811
-78.724
-78.0069
-77.3237
-76.6679
-76.0334
-75.4138
-74.8025
-74.1922
-73.5747
-72.9404
-72.2771
-71.5687
-70.7926
-69.915
-68.881
-67.5925
-65.8506
-63.1687
-57.935
-41.0208
33.3899
49.4483
45.0869
30.5954
8.33244
-6.24219
-17.1673
-28.2533
-38.9177
-62.4068
-91.9899
-94.5795
-94.6965
-94.4691
-93.9775
-93.1958
-92.1516
-90.9251
-89.6084
-88.2766
-86.9789
-85.7424
-84.5793
-83.4922
-82.4788
-81.5342
-80.6524
-79.8267
-79.0504
-78.3169
-77.62
-76.9532
-76.3105
-75.6854
-75.0715
-74.4619
-73.8488
-73.2235
-72.5748
-71.8887
-71.1459
-70.3182
-69.3617
-68.2013
-66.6937
-64.5189
-60.7665
-51.5052
-6.25723
49.6202
49.2047
43.0642
25.4851
3.32076
-9.68514
-20.3201
-31.3471
-44.8439
-76.0243
-93.7466
-94.7069
-94.6338
-94.2863
-93.6561
-92.735
-91.5813
-90.2892
-88.9477
-87.621
-86.3468
-85.1436
-84.0176
-82.9682
-81.9911
-81.0803
-80.2292
-79.4311
-78.6792
-77.967
-77.2882
-76.6366
-76.0059
-75.3898
-74.7817
-74.1744
-73.5599
-72.9284
-72.2678
-71.5621
-70.7888
-69.9143
-68.8838
-67.5999
-65.865
-63.1966
-58.0018
-41.3095
32.8766
49.4626
45.1671
30.7741
8.50018
-6.14613
-17.0854
-28.171
-38.7759
-62.0597
-91.9011
-94.5734
-94.6971
-94.472
-93.9829
-93.2038
-92.1619
-90.9371
-89.6216
-88.2906
-86.9935
-85.7576
-84.595
-83.5085
-82.4958
-81.552
-80.6711
-79.8464
-79.0712
-78.3391
-77.6436
-76.9785
-76.3376
-75.7146
-75.1032
-74.4964
-73.8867
-73.2654
-72.6217
-71.9419
-71.2074
-70.391
-69.4508
-68.3155
-66.851
-64.7626
-61.2349
-52.9176
-14.4581
48.8704
49.2364
43.4756
26.6016
4.3904
-8.87979
-19.5604
-30.6303
-43.3944
-73.0525
-93.5667
-94.7041
-94.6559
-94.3326
-93.7313
-92.8372
-91.7026
-90.4202
-89.0808
-87.7511
-86.4714
-85.2617
-84.1291
-83.0733
-82.0905
-81.1747
-80.3193
-79.5175
-78.7628
-78.0485
-77.3682
-76.7158
-76.0851
-75.4698
-74.8634
-74.2589
-73.6483
-73.0223
-72.3694
-71.6742
-70.9158
-70.0626
-69.0645
-67.8336
-66.196
-63.742
-59.1998
-46.1444
19.8237
49.7631
47.2851
36.0384
14.2051
-3.15128
-14.6141
-25.6188
-35.5323
-54.2121
-88.3483
-94.3719
-94.7081
-94.5371
-94.0997
-93.3724
-92.3707
-91.1688
-89.8608
-88.5265
-87.2203
-85.9725
-84.7973
-83.6987
-82.6748
-81.7209
-80.8312
-79.9989
-79.2174
-78.4802
-77.7809
-77.1131
-76.4707
-75.8477
-75.2376
-74.6337
-74.0289
-73.4147
-72.7811
-72.1153
-71.4005
-70.6121
-69.7134
-68.6434
-67.2906
-65.4222
-62.4397
-56.1904
-32.7175
40.3194
49.2331
43.9691
28.1489
6.11346
-7.60157
-18.36
-29.4432
-41.0688
-67.6717
-93.012
-94.6628
-94.6866
-94.419
-93.885
-93.0599
-91.9806
-90.7323
-89.407
-88.0766
-86.7867
-85.5618
-84.4119
-83.3387
-82.339
-81.4076
-80.5382
-79.724
-78.9585
-78.2351
-77.5474
-76.8891
-76.2542
-75.6364
-75.0293
-74.4261
-73.8191
-73.1995
-72.5565
-71.876
-71.139
-70.3176
-69.3682
-68.2167
-66.722
-64.5695
-60.8705
-51.8261
-8.08536
49.536
49.2365
43.2684
25.9499
3.70594
-9.40435
-20.0585
-31.1059
-44.3554
-75.0587
-93.6912
-94.7061
-94.6402
-94.2992
-93.6768
-92.7631
-91.6149
-90.3261
-88.9865
-87.6605
-86.3867
-85.1839
-84.0584
-83.0098
-82.0337
-81.1242
-80.2748
-79.4786
-78.729
-78.0195
-77.3438
-76.6957
-76.069
-75.4577
-74.8551
-74.2544
-73.6476
-73.0257
-72.377
-71.6866
-70.9338
-70.0877
-69.0991
-67.8823
-66.2684
-63.8635
-59.461
-47.1156
15.9819
49.8049
47.8168
37.6153
16.2649
-2.14153
-13.8145
-24.7699
-34.9718
-52.8616
-87.2246
-94.3094
-94.7082
-94.5499
-94.1244
-93.4097
-92.4187
-91.2239
-89.9193
-88.5859
-87.2789
-86.0296
-84.8527
-83.7524
-82.727
-81.7721
-80.8815
-80.0488
-79.2673
-78.5305
-77.8319
-77.1653
-76.5245
-75.9036
-75.2962
-74.6959
-74.0953
-73.4866
-72.8598
-72.2029
-71.4996
-70.7271
-69.851
-68.8151
-67.5187
-65.7564
-63.0193
-57.5926
-39.4656
35.7203
49.381
44.7325
29.8298
7.64217
-6.64134
-17.5101
-28.597
-39.518
-63.8774
-92.3325
-94.6046
-94.6945
-94.4577
-93.9572
-93.167
-92.1168
-90.8877
-89.5718
-88.2431
-86.9501
-85.7194
-84.5624
-83.4818
-82.475
-81.5371
-80.662
-79.843
-79.0735
-78.347
-77.6571
-76.9976
-76.3625
-75.7455
-75.1404
-74.5405
-73.9385
-73.3258
-72.6922
-72.0246
-71.3054
-70.5092
-69.5972
-68.5044
-67.1109
-65.1602
-61.9744
-54.9823
-26.2459
40.7856
49.2193
43.8629
27.8089
5.70812
-7.89923
-18.6393
-29.7258
-41.6184
-69.0219
-93.2093
-94.6839
-94.6808
-94.3946
-93.8385
-92.9898
-91.8906
-90.6293
-89.2981
-87.9676
-86.6816
-85.4629
-84.3204
-83.255
-82.2632
-81.3395
-80.4774
-79.6702
-78.9112
-78.1939
-77.5119
-76.859
-76.2292
-75.6162
-75.0138
-74.4151
-73.8127
-73.1978
-72.5596
-71.8844
-71.1534
-70.3393
-69.3994
-68.2614
-66.7883
-64.6774
-61.0835
-52.4762
-11.871
49.2392
49.253
43.466
26.4807
4.21162
-9.02646
-19.7029
-30.7701
-43.6778
-73.6601
-93.6054
-94.7046
-94.6504
-94.3209
-93.7121
-92.8112
-91.6724
-90.3888
-89.0509
-87.7245
-86.4491
-85.2443
-84.1169
-83.0665
-82.089
-81.1785
-80.3285
-79.5322
-78.7829
-78.0741
-77.3995
-76.753
-76.1285
-75.5198
-74.9207
-74.3243
-73.7229
-73.1077
-72.4677
-71.7885
-71.0507
-70.2255
-69.2679
-68.1002
-66.573
-64.3495
-60.4531
-50.5282
-0.751261
49.7546
49.0617
42.2988
23.8911
2.13848
-10.5517
-21.2223
-32.1676
-46.5486
-79.1309
-93.9083
-94.7088
-94.6153
-94.25
-93.6003
-92.6633
-91.5008
-90.2076
-88.8706
-87.5516
-86.2869
-85.0939
-83.9783
-82.9391
-81.9719
-81.0708
-80.2293
-79.4405
-78.6979
-77.995
-77.3256
-76.6835
-76.0628
-75.4572
-74.8605
-74.2657
-73.6653
-73.0501
-72.409
-71.7275
-70.9855
-70.1533
-69.1841
-67.9968
-66.4335
-64.1326
-60.0206
-49.0914
6.86457
49.8199
48.6929
40.6756
20.9237
0.285021
-11.9392
-22.7423
-33.4595
-49.3612
-83.3801
-94.1162
-94.7095
-94.5857
-94.1924
-93.5121
-92.5497
-91.3725
-90.0749
-88.741
-87.4293
-86.1735
-84.9897
-83.8829
-82.8518
-81.892
-80.9976
-80.1619
-79.3784
-78.6404
-77.9415
-77.2756
-76.6366
-76.0183
-75.4149
-74.8197
-74.2261
-73.6262
-73.011
-72.3692
-71.686
-70.9409
-70.1037
-69.1261
-67.9244
-66.3346
-63.9763
-59.6993
-47.9638
12.2994
49.8233
48.2399
39.0062
18.2694
-1.13326
-13.0259
-23.9223
-34.3695
-51.4416
-85.8446
-94.2383
-94.7089
-94.5643
-94.1517
-93.4509
-92.472
-91.2852
-89.9848
-88.6529
-87.3458
-86.0958
-84.9181
-83.8171
-82.7915
-81.8367
-80.9468
-80.1151
-79.3352
-78.6004
-77.9043
-77.2409
-76.604
-75.9875
-75.3855
-74.7915
-74.1986
-73.5992
-72.984
-72.3416
-71.6572
-70.91
-70.0692
-69.0858
-67.874
-66.2652
-63.8654
-59.4675
-47.1189
16.0014
49.8045
47.8183
37.6309
16.3027
-2.11306
-13.7895
-24.7425
-34.9523
-52.8167
-87.1887
-94.3084
-94.7086
-94.5509
-94.1264
-93.4131
-92.4239
-91.2312
-89.9288
-88.5977
-87.2932
-86.0466
-84.8725
-83.7751
-82.753
-81.8013
-80.9143
-80.0853
-79.3077
-78.575
-77.8809
-77.2191
-76.5836
-75.9684
-75.3674
-74.7743
-74.1821
-73.583
-72.968
-72.3255
-71.6406
-70.8924
-70.0498
-69.0632
-67.846
-66.2269
-63.8038
-59.3366
-46.6296
17.9953
49.7857
47.5541
36.8311
15.2361
-2.6344
-14.2002
-25.1798
-35.248
-53.5263
-87.8039
-94.3419
-94.7086
-94.5443
-94.1139
-93.3944
-92.4001
-91.2044
-89.901
-88.5704
-87.2672
-86.0223
-84.85
-83.7546
-82.7342
-81.7843
-80.8988
-80.0713
-79.2951
-78.5636
-77.8705
-77.2098
-76.5752
-75.9608
-75.3606
-74.7682
-74.1766
-73.5782
-72.9637
-72.3217
-71.6372
-70.8893
-70.047
-69.0607
-67.8435
-66.224
-63.7996
-59.3274
-46.5911
18.1519
49.7839
47.533
36.7703
15.1593
-2.6707
-14.2286
-25.2099
-35.2678
-53.5741
-87.8437
-94.3442
-94.7086
-94.544
-94.1132
-93.3933
-92.3989
-91.2032
-89.8999
-88.5695
-87.2666
-86.022
-84.8501
-83.755
-82.735
-81.7854
-80.9004
-80.0732
-79.2974
-78.5664
-77.8737
-77.2134
-76.5794
-75.9656
-75.3659
-74.7742
-74.1833
-73.5858
-72.9723
-72.3315
-71.6486
-70.9028
-70.0633
-69.081
-67.8702
-66.262
-63.8615
-59.4586
-47.0741
16.2046
49.8028
47.7943
37.5607
16.2136
-2.15278
-13.8196
-24.7744
-34.9742
-52.8694
-87.2369
-94.3112
-94.7087
-94.5506
-94.1259
-93.4124
-92.4233
-91.2309
-89.929
-88.5987
-87.2949
-86.0491
-84.8759
-83.7794
-82.7581
-81.8075
-80.9215
-80.0935
-79.317
-78.5855
-77.8926
-77.2321
-76.5981
-75.9845
-75.3853
-74.7941
-74.2043
-73.6079
-72.9961
-72.3575
-71.6776
-70.9359
-70.1022
-69.1286
-67.9318
-66.3485
-64.0012
-59.7501
-48.126
11.5865
49.8247
48.3125
39.2649
18.6708
-0.920616
-12.8598
-23.7424
-34.2355
-51.1307
-85.5119
-94.2219
-94.7092
-94.5676
-94.1581
-93.4607
-92.4848
-91.3004
-90.0016
-88.6707
-87.3643
-86.1149
-84.9378
-83.8375
-82.8126
-81.8588
-80.97
-80.1396
-79.3611
-78.6279
-77.9337
-77.2723
-76.6376
-76.0238
-75.4248
-74.8343
-74.2456
-73.6509
-73.0416
-72.4065
-71.7314
-70.9963
-70.1723
-69.2135
-68.0404
-66.4996
-64.2417
-60.2413
-49.8169
3.16501
49.7981
48.9052
41.5745
22.521
1.24565
-11.2132
-21.9477
-32.8002
-47.9079
-81.3244
-94.017
-94.7096
-94.6011
-94.2222
-93.5577
-92.6087
-91.44
-90.1462
-88.8127
-87.4995
-86.2417
-85.0559
-83.9473
-82.915
-81.9545
-81.0598
-80.2244
-79.4416
-78.7049
-78.0079
-77.3443
-76.7081
-76.0935
-75.4943
-74.9044
-74.3171
-73.725
-73.1193
-72.4896
-71.8219
-71.0974
-70.2887
-69.3529
-68.2167
-66.7415
-64.6191
-60.9845
-52.1837
-10.1359
49.3966
49.2605
43.4482
26.3752
4.07335
-9.13804
-19.8113
-30.8756
-43.8945
-74.1206
-93.6334
-94.7046
-94.6463
-94.3124
-93.6987
-92.794
-91.6533
-90.3704
-89.0352
-87.7129
-86.4425
-85.2432
-84.1215
-83.077
-82.1055
-81.2012
-80.3574
-79.5673
-78.8244
-78.1223
-77.4546
-76.8154
-76.1986
-75.5984
-75.0086
-74.4225
-73.8331
-73.2319
-72.6087
-71.9505
-71.2397
-70.4509
-69.545
-68.4564
-67.0639
-65.1076
-61.897
-54.7914
-25.1928
42.2674
49.2016
43.7477
27.5485
5.47383
-8.05924
-18.7858
-29.8694
-41.8923
-69.6573
-93.2739
-94.6879
-94.6784
-94.3884
-93.828
-92.9759
-91.8751
-90.6146
-89.2863
-87.9601
-86.6794
-85.4666
-84.3305
-83.2718
-82.2868
-81.37
-80.515
-79.7151
-78.9635
-78.2539
-77.5799
-76.9355
-76.3147
-75.7116
-75.12
-74.5336
-73.9451
-73.3465
-72.728
-72.0771
-71.3773
-70.6049
-69.7238
-68.6752
-67.3511
-65.5283
-62.6403
-56.6924
-35.1841
39.44
49.2674
44.1601
28.6084
6.56641
-7.29593
-18.0831
-29.1668
-40.5506
-66.4127
-92.8203
-94.6466
-94.6909
-94.4348
-93.9142
-93.1036
-92.0374
-90.7991
-89.4809
-88.1553
-86.8692
-85.6474
-84.5008
-83.431
-82.4353
-81.5084
-80.6441
-79.8359
-79.0769
-78.3608
-77.6813
-77.0324
-76.4079
-75.802
-75.2086
-74.6213
-74.0331
-73.436
-72.8206
-72.1749
-71.4829
-70.7223
-69.8593
-68.8389
-67.5631
-65.8324
-63.1576
-57.9133
-40.8424
33.7146
49.4416
45.0699
30.6028
8.39181
-6.18743
-17.1144
-28.1972
-38.8186
-62.1726
-91.9461
-94.5794
-94.6989
-94.4736
-93.9853
-93.208
-92.1687
-90.9475
-89.6367
-88.3112
-87.0203
-85.7914
-84.6363
-83.5579
-82.5538
-81.619
-80.7476
-79.9328
-79.1681
-78.4471
-77.7635
-77.111
-76.4839
-75.876
-75.2814
-74.6937
-74.106
-73.5106
-72.8981
-72.2569
-71.5718
-70.8214
-69.9736
-68.9772
-67.7414
-66.0852
-63.5772
-58.8496
-44.7375
24.6649
49.6761
46.5374
34.0684
11.9281
-4.27055
-15.5116
-26.556
-36.1597
-55.7441
-89.424
-94.4371
-94.7092
-94.525
-94.0765
-93.3383
-92.329
-91.1242
-89.8179
-88.4888
-87.1899
-85.9509
-84.7853
-83.6967
-82.683
-81.7396
-80.8604
-80.0388
-79.2682
-78.5422
-77.8543
-77.1985
-76.5688
-75.9592
-75.3638
-74.7761
-74.1896
-73.5965
-72.9879
-72.3525
-71.6759
-70.9377
-70.1081
-69.1395
-67.9493
-66.3765
-64.0489
-59.8498
-48.4681
10.0011
49.8259
48.459
39.7958
19.5063
-0.475797
-12.5154
-23.3684
-33.9512
-50.4747
-84.769
-94.1852
-94.7096
-94.5746
-94.1713
-93.4807
-92.5106
-91.3301
-90.0332
-88.703
-87.3965
-86.1467
-84.9691
-83.8686
-82.8437
-81.89
-81.0016
-80.1719
-79.3943
-78.6623
-77.9695
-77.3098
-76.6772
-76.0658
-75.4696
-74.8824
-74.2975
-73.7077
-73.1041
-72.4763
-71.8105
-71.0877
-70.2806
-69.3462
-68.2113
-66.7371
-64.6151
-60.9786
-52.1621
-9.9807
49.4087
49.2615
43.4499
26.3776
4.07511
-9.13685
-19.8103
-30.8746
-43.8929
-74.1181
-93.6332
-94.7045
-94.6462
-94.3124
-93.6988
-92.7943
-91.6541
-90.3718
-89.0374
-87.7159
-86.4464
-85.248
-84.1273
-83.0839
-82.1136
-81.2105
-80.368
-79.5793
-78.8379
-78.1372
-77.4712
-76.8337
-76.2189
-75.6209
-75.0334
-74.4501
-73.8638
-73.2664
-72.6477
-71.9952
-71.2916
-70.5125
-69.6202
-68.5524
-67.1944
-65.3044
-62.2535
-55.7303
-30.2854
40.6131
49.2195
43.9031
27.9885
5.95442
-7.71078
-18.4609
-29.5448
-41.2642
-68.1545
-93.0889
-94.6718
-94.6855
-94.4117
-93.871
-93.0395
-91.956
-90.707
-89.3844
-88.0593
-86.7768
-85.5606
-84.4203
-83.3571
-82.3679
-81.4474
-80.589
-79.7863
-79.0324
-78.3211
-77.6459
-77.001
-76.3802
-75.7777
-75.1875
-74.6031
-74.0177
-73.4233
-72.8105
-72.1673
-71.4779
-70.72
-69.86
-68.8433
-67.5723
-65.8492
-63.1896
-57.9897
-41.1755
33.1423
49.4577
45.1594
30.8024
8.58063
-6.07866
-17.0213
-28.1032
-38.6566
-61.7752
-91.8398
-94.572
-94.6995
-94.477
-93.9916
-93.2171
-92.1805
-90.9612
-89.6515
-88.3268
-87.0364
-85.8079
-84.6532
-83.5752
-82.5716
-81.6375
-80.7668
-79.953
-79.1893
-78.4695
-77.7871
-77.1362
-76.5107
-75.9048
-75.3124
-74.7273
-74.1426
-73.5508
-72.9427
-72.307
-71.629
-70.8879
-70.0532
-69.0758
-67.8703
-66.2685
-63.8774
-59.4935
-47.1848
15.7828
49.8066
47.8548
37.7649
16.5193
-1.98728
-13.685
-24.6285
-34.8715
-52.6244
-87.0163
-94.3004
-94.7093
-94.5538
-94.1317
-93.4214
-92.4353
-91.2455
-89.9458
-88.6173
-87.3153
-86.0712
-84.8999
-83.8054
-82.7864
-81.8381
-80.9547
-80.1296
-79.3562
-78.628
-77.9386
-77.2821
-76.6523
-76.0435
-75.4496
-74.8645
-74.2816
-73.6935
-73.0915
-72.4651
-71.8005
-71.0788
-70.2725
-69.3387
-68.2041
-66.7291
-64.6044
-60.9586
-52.0969
-9.57887
49.4388
49.2571
43.42
26.3106
4.01994
-9.1759
-19.8463
-30.9083
-43.9596
-74.2554
-93.6419
-94.7048
-94.6454
-94.3107
-93.6962
-92.7909
-91.6505
-90.3684
-89.0345
-87.7138
-86.4453
-85.2479
-84.1284
-83.0861
-82.117
-81.2151
-80.3737
-79.5863
-78.8461
-78.1468
-77.4821
-76.8461
-76.2328
-75.6364
-75.0508
-74.4695
-73.8856
-73.2908
-72.6754
-72.0269
-71.3284
-70.5561
-69.6734
-68.62
-67.2858
-65.441
-62.4962
-56.3455
-33.462
40.1153
49.2419
44.0278
28.3047
6.27931
-7.48559
-18.2541
-29.3374
-40.8691
-67.1883
-92.9424
-94.6572
-94.6888
-94.4259
-93.898
-93.0801
-92.0082
-90.767
-89.4483
-88.1242
-86.8407
-85.6224
-84.4795
-83.4136
-82.4219
-81.499
-80.6387
-79.8343
-79.0791
-78.3668
-77.6911
-77.046
-76.4254
-75.8235
-75.2344
-74.6516
-74.0684
-73.4771
-72.8682
-72.2304
-71.5482
-70.8002
-69.9545
-68.9595
-67.7239
-66.0658
-63.5502
-58.7944
-44.5166
25.3431
49.6613
46.4297
33.802
11.6414
-4.41441
-15.6281
-26.6762
-36.3363
-56.1643
-89.6611
-94.4492
-94.7088
-94.522
-94.0712
-93.331
-92.3206
-91.1159
-89.8105
-88.4832
-87.1865
-85.9499
-84.7868
-83.7007
-82.6896
-81.7489
-80.8723
-80.0535
-79.2857
-78.5625
-77.8775
-77.2248
-76.5983
-75.9922
-75.4006
-74.8171
-74.2354
-73.6478
-73.0456
-72.418
-71.7512
-71.0258
-70.2134
-69.2699
-68.1189
-66.6142
-64.4271
-60.6126
-51.0132
-3.33758
49.7051
49.1405
42.7209
24.7758
2.79503
-10.0643
-20.6891
-31.6833
-45.533
-77.325
-93.8162
-94.7079
-94.6267
-94.2726
-93.6359
-92.7109
-91.5576
-90.2702
-88.9368
-87.6203
-86.3576
-85.1668
-84.0539
-83.0179
-82.0546
-81.158
-80.3215
-79.5385
-78.8022
-78.1064
-77.4449
-76.8116
-76.2008
-75.6065
-75.0226
-74.4429
-73.8601
-73.2662
-72.6513
-72.0028
-71.3038
-70.5301
-69.6447
-68.5866
-67.2436
-65.3808
-62.3923
-56.0858
-32.1297
40.425
49.2294
43.9618
28.1478
6.12649
-7.58875
-18.348
-29.4311
-41.0467
-67.6237
-93.0102
-94.6638
-94.6875
-94.42
-93.8869
-93.0636
-91.9873
-90.7433
-89.4236
-88.0998
-86.8175
-85.6009
-84.4599
-83.3961
-82.4065
-81.4856
-80.6271
-79.8245
-79.0711
-78.3605
-77.6863
-77.0426
-76.4235
-75.8231
-75.2354
-74.6541
-74.0724
-73.4826
-72.8755
-72.2397
-71.5599
-70.8148
-69.9729
-68.9834
-67.7563
-66.1131
-63.6291
-58.9677
-45.1974
23.2118
49.7062
46.7772
34.6948
12.6489
-3.89873
-15.2073
-26.2381
-35.9064
-55.1298
-89.0265
-94.414
-94.7096
-94.5309
-94.0877
-93.3553
-92.3511
-91.1502
-89.8465
-88.5191
-87.2215
-85.9836
-84.8191
-83.7316
-82.7194
-81.7776
-80.9002
-80.0807
-79.3125
-78.5891
-77.9041
-77.2516
-76.6256
-76.0202
-75.4295
-74.8473
-74.2672
-73.6817
-73.0822
-72.4582
-71.796
-71.0768
-70.2732
-69.3424
-68.2115
-66.7419
-64.6262
-61.0013
-52.2214
-10.2767
49.3858
49.2622
43.4689
26.4407
4.14443
-9.08341
-19.7594
-30.8258
-43.7939
-73.9102
-93.6206
-94.7045
-94.6479
-94.3158
-93.7045
-92.8023
-91.6643
-90.3837
-89.0507
-87.7305
-86.4623
-85.2653
-84.1461
-83.1043
-82.1358
-81.2345
-80.394
-79.6076
-78.8685
-78.1704
-77.5072
-76.8728
-76.2613
-75.667
-75.0837
-74.5053
-73.9246
-73.3338
-72.7233
-72.0808
-71.3903
-70.6286
-69.7609
-68.73
-67.4329
-65.6573
-62.8732
-57.2638
-37.9204
37.4543
49.3301
44.4796
29.3035
7.19183
-6.90467
-17.7373
-28.8225
-39.9205
-64.867
-92.5374
-94.6213
-94.6937
-94.4504
-93.9438
-93.1482
-92.0951
-90.8664
-89.5539
-88.2312
-86.9459
-85.7241
-84.5768
-83.5065
-82.5105
-81.5836
-80.7198
-79.9125
-79.155
-78.4409
-77.764
-77.1183
-76.4977
-75.8966
-75.3089
-74.7284
-74.1485
-73.5615
-72.9587
-72.3288
-71.6574
-70.9244
-70.1
-69.1368
-67.9528
-66.3878
-64.0723
-59.9001
-48.6317
9.25791
49.8258
48.5256
40.0552
19.9438
-0.224835
-12.3186
-23.1529
-33.7826
-50.0902
-84.3096
-94.1634
-94.7101
-94.5792
-94.1799
-93.4937
-92.5277
-91.3503
-90.0558
-88.7272
-87.4221
-86.1738
-84.9979
-83.8992
-82.8764
-81.9251
-81.0392
-80.2123
-79.4377
-78.709
-78.0198
-77.364
-76.7357
-76.129
-75.5382
-74.9571
-74.3792
-73.7976
-73.2039
-72.5882
-71.9375
-71.2345
-70.4542
-69.5581
-68.482
-67.1074
-65.1812
-62.0369
-55.1626
-27.1861
40.4629
49.2216
43.8956
27.9098
5.82402
-7.81466
-18.5609
-29.6477
-41.4679
-68.6613
-93.1644
-94.68
-94.6827
-94.401
-93.8507
-93.0092
-91.9176
-90.6636
-89.3394
-88.0154
-86.7359
-85.5238
-84.3882
-83.3302
-82.3462
-81.4308
-80.5776
-79.7799
-79.031
-78.3245
-77.6541
-77.014
-76.3981
-75.8007
-75.2157
-74.6369
-74.0577
-73.4701
-72.8652
-72.2315
-71.5537
-70.8108
-69.9712
-68.9843
-67.7607
-66.1225
-63.648
-59.0127
-45.3775
22.609
49.7176
46.8723
34.9449
12.9379
-3.75381
-15.0901
-26.1156
-35.834
-54.9513
-88.8984
-94.4057
-94.7094
-94.5326
-94.0911
-93.3606
-92.3583
-91.1589
-89.8562
-88.5297
-87.2326
-85.9952
-84.8312
-83.7443
-82.7326
-81.7915
-80.9148
-80.0961
-79.3288
-78.6064
-77.9225
-77.2713
-76.6466
-76.0427
-75.4538
-74.8737
-74.2959
-73.7133
-73.1172
-72.4974
-71.8404
-71.1281
-70.334
-69.4167
-68.3067
-66.8729
-64.8286
-61.3871
-53.3615
-16.9228
48.2765
49.2187
43.5072
26.7957
4.65256
-8.67074
-19.3608
-30.4349
-43.0022
-72.191
-93.5038
-94.7019
-94.6631
-94.3493
-93.7605
-92.8802
-91.7583
-90.4868
-89.1564
-87.8348
-86.5626
-85.3605
-84.236
-83.189
-82.2157
-81.3102
-80.466
-79.6764
-78.9348
-78.2347
-77.57
-76.9346
-76.3228
-75.7286
-75.1462
-74.5692
-73.9909
-73.4035
-72.7976
-72.1615
-71.4797
-70.7302
-69.8803
-68.8765
-67.6242
-65.9323
-63.3378
-58.3349
-42.6567
30.1768
49.5395
45.6306
31.8724
9.61719
-5.49691
-16.5282
-27.6025
-37.8184
-59.7315
-91.2146
-94.5325
-94.7027
-94.4935
-94.0214
-93.2606
-92.2351
-91.0232
-89.7174
-88.394
-87.1038
-85.8746
-84.7193
-83.6408
-82.6371
-81.7032
-80.8331
-80.0203
-79.2581
-78.5403
-77.8604
-77.2124
-76.5906
-75.989
-75.4017
-74.8227
-74.2455
-73.6626
-73.0655
-72.4437
-71.7835
-71.066
-70.264
-69.3345
-68.2045
-66.7351
-64.618
-60.9864
-52.1727
-9.96844
49.4106
49.2642
43.4735
26.4486
4.15061
-9.07909
-19.7555
-30.8222
-43.7872
-73.8976
-93.6202
-94.7045
-94.6479
-94.3157
-93.7042
-92.8021
-91.6643
-90.3842
-89.052
-87.7328
-86.4657
-85.2699
-84.1521
-83.1117
-82.1446
-81.2449
-80.4059
-79.6211
-78.8837
-78.1874
-77.5261
-76.8937
-76.2844
-75.6924
-75.1118
-74.5362
-73.959
-73.3721
-72.7664
-72.1298
-71.4468
-70.6952
-69.8414
-68.8311
-67.5673
-65.8534
-63.2086
-58.0459
-41.4329
32.6648
49.4702
45.2285
30.952
8.71648
-6.00396
-16.9585
-28.0401
-38.5489
-61.5089
-91.761
-94.5657
-94.6996
-94.4792
-93.9962
-93.2246
-92.191
-90.9746
-89.6677
-88.3456
-87.0578
-85.8318
-84.6797
-83.6045
-82.6039
-81.6729
-80.8056
-79.9952
-79.2354
-78.5195
-77.8415
-77.1952
-76.5748
-75.9745
-75.3884
-74.8104
-74.234
-73.6519
-73.0553
-72.4339
-71.7738
-71.0563
-70.2538
-69.3233
-68.1913
-66.7178
-64.5919
-60.9362
-52.018
-9.06132
49.4753
49.2526
43.394
26.2655
3.99473
-9.19072
-19.8591
-30.9193
-43.98
-74.2954
-93.6452
-94.7052
-94.6455
-94.3107
-93.6961
-92.7912
-91.6516
-90.3708
-89.0388
-87.7204
-86.4544
-85.2598
-84.1432
-83.104
-82.1381
-81.2395
-80.4017
-79.6179
-78.8815
-78.1861
-77.5256
-76.8941
-76.2856
-75.6945
-75.1148
-74.5402
-73.9639
-73.3781
-72.7735
-72.1383
-71.4571
-70.7075
-69.8566
-68.8505
-67.5934
-65.8914
-63.2727
-58.1914
-42.0534
31.4635
49.5039
45.4202
31.3862
9.13514
-5.76663
-16.7566
-27.8353
-38.2027
-60.6639
-91.5145
-94.5501
-94.701
-94.4861
-94.0084
-93.2422
-92.2128
-90.999
-89.6931
-88.3709
-87.0824
-85.8555
-84.7024
-83.6262
-82.6247
-81.693
-80.825
-80.0141
-79.2539
-78.5378
-77.8597
-77.2134
-76.5933
-75.9933
-75.4078
-74.8305
-74.2552
-73.6743
-73.0794
-72.4602
-71.803
-71.0894
-70.2924
-69.37
-68.2506
-66.7992
-64.7178
-61.1776
-52.7441
-13.2925
49.0567
49.2466
43.5059
26.6558
4.42874
-8.85545
-19.5399
-30.612
-43.3596
-72.9781
-93.5608
-94.7038
-94.6561
-94.3332
-93.733
-92.8417
-91.7118
-90.436
-89.105
-87.7851
-86.5162
-85.3181
-84.1979
-83.1553
-82.1862
-81.2848
-80.4444
-79.6585
-78.9202
-78.2234
-77.5617
-76.9293
-76.3203
-75.729
-75.1494
-74.5753
-73.9999
-73.4156
-72.8132
-72.181
-71.5039
-70.7604
-69.9181
-68.9255
-67.6905
-66.0292
-63.5014
-58.7001
-44.1539
26.3831
49.6365
46.2537
33.3598
11.1547
-4.67113
-15.8403
-26.8963
-36.6797
-56.9848
-90.0811
-94.4698
-94.7072
-94.5154
-94.0602
-93.316
-92.3034
-91.0987
-89.7953
-88.4711
-87.1783
-85.9459
-84.7871
-83.7055
-82.6989
-81.7626
-80.8906
-80.0763
-79.3131
-78.5945
-77.9144
-77.2667
-76.6455
-76.045
-75.4594
-74.8828
-74.3085
-73.7296
-73.1375
-72.5223
-71.8708
-71.1651
-70.3794
-69.4738
-68.3812
-66.976
-64.9872
-61.6836
-54.1983
-21.7376
45.8499
49.1918
43.5794
27.1301
5.0767
-8.33926
-19.0443
-30.122
-42.3823
-70.7933
-93.3884
-94.6961
-94.6732
-94.3737
-93.8025
-92.9401
-91.8323
-90.5692
-89.2423
-87.9205
-86.6461
-85.4408
-84.3128
-83.2624
-82.2859
-81.3777
-80.5312
-79.7398
-78.9969
-78.2959
-77.6308
-76.9956
-76.3845
-75.7915
-75.211
-74.6366
-74.0617
-73.4788
-72.8787
-72.2504
-71.5789
-70.8436
-70.0137
-69.0402
-67.8369
-66.2341
-63.8341
-59.4139
-46.9
16.9623
49.7966
47.7045
37.306
15.9019
-2.28666
-13.9189
-24.8776
-35.0426
-53.0321
-87.3778
-94.3189
-94.7093
-94.5505
-94.1257
-93.413
-92.4257
-91.2363
-89.9387
-88.6133
-87.3152
-86.0755
-84.9089
-83.8193
-82.8053
-81.8622
-80.9841
-80.1643
-79.3964
-78.6739
-77.9905
-77.3401
-76.7169
-76.1152
-75.529
-74.9525
-74.3792
-73.8022
-73.2133
-72.6027
-71.9578
-71.2615
-70.4894
-69.6041
-68.5433
-67.1931
-65.3121
-62.2745
-55.7805
-30.483
40.6071
49.2222
43.9239
28.0528
6.03029
-7.65474
-18.4085
-29.4918
-41.1638
-67.9173
-93.0614
-94.6701
-94.6867
-94.4152
-93.8774
-93.0494
-91.9695
-90.7238
-89.4043
-88.0822
-86.8027
-85.5896
-84.4525
-83.393
-82.4076
-81.4911
-80.6371
-79.839
-79.09
-78.3839
-77.7145
-77.0756
-76.4615
-75.8664
-75.2845
-74.7095
-74.1349
-73.5533
-72.9558
-72.3315
-71.6662
-70.9401
-70.1241
-69.1718
-68.0035
-66.4642
-64.1997
-60.1654
-49.5456
4.67142
49.8094
48.8338
41.2828
22.0282
0.969756
-11.4128
-22.1637
-32.9807
-48.2997
-81.9047
-94.0458
-94.7102
-94.598
-94.2161
-93.5488
-92.5985
-91.4308
-90.14
-88.8113
-87.5039
-86.2525
-85.0734
-83.972
-82.947
-81.994
-81.1071
-80.2796
-79.5051
-78.7769
-78.0887
-77.4345
-76.8084
-76.2045
-75.6171
-75.0403
-74.4679
-73.8928
-73.3073
-72.7018
-72.0643
-71.3787
-70.6221
-69.7598
-68.7353
-67.4464
-65.6831
-62.9229
-57.3839
-38.4583
36.9064
49.3473
44.5713
29.5096
7.38581
-6.78331
-17.6301
-28.7149
-39.7269
-64.394
-92.4459
-94.6144
-94.6947
-94.4551
-93.9526
-93.1615
-92.1125
-90.8872
-89.5772
-88.2563
-86.9725
-85.7519
-84.606
-83.5371
-82.5425
-81.6174
-80.7556
-79.9503
-79.1952
-78.4837
-77.8097
-77.1672
-76.5502
-75.9531
-75.3699
-74.7947
-74.2209
-73.6411
-73.047
-72.4279
-71.7702
-71.0551
-70.2554
-69.328
-68.2
-66.7325
-64.6172
-60.9868
-52.1707
-9.93281
49.4138
49.265
43.4804
26.471
4.17578
-9.05951
-19.7369
-30.8043
-43.7509
-73.8212
-93.6154
-94.7045
-94.6484
-94.3168
-93.7061
-92.8049
-91.668
-90.3889
-89.0577
-87.7396
-86.4736
-85.2791
-84.1625
-83.1236
-82.158
-81.2598
-80.4226
-79.6395
-78.904
-78.2096
-77.5504
-76.9202
-76.3134
-75.7241
-75.1465
-74.5744
-74.0011
-73.4189
-72.8188
-72.1892
-71.515
-70.775
-69.9373
-68.9511
-67.7259
-66.0818
-63.5905
-58.8972
-44.9366
24.0336
49.6889
46.6391
34.3306
12.2247
-4.11802
-15.3869
-26.426
-36.0157
-55.3979
-89.2043
-94.4239
-94.7093
-94.5284
-94.0833
-93.3494
-92.3446
-91.1445
-89.8425
-88.5178
-87.2233
-85.9889
-84.8282
-83.7447
-82.7365
-81.7989
-80.9258
-80.1107
-79.347
-78.6282
-77.9481
-77.3007
-76.6801
-76.0806
-75.4963
-74.9212
-74.3491
-73.7729
-73.1844
-72.5736
-71.9279
-71.2299
-70.455
-69.565
-68.4963
-67.1319
-65.2222
-62.1134
-55.3591
-28.2096
40.5696
49.2208
43.9045
27.9671
5.9118
-7.74509
-18.4941
-29.5795
-41.3348
-68.3405
-93.125
-94.677
-94.6848
-94.407
-93.8617
-93.0257
-91.939
-90.689
-89.3675
-88.0454
-86.7672
-85.5563
-84.4218
-83.365
-82.3823
-81.4685
-80.617
-79.8212
-79.0745
-78.3705
-77.703
-77.0659
-76.4536
-75.8601
-75.2797
-74.7063
-74.1332
-73.5531
-72.9572
-72.3347
-71.6713
-70.9474
-70.1341
-69.1855
-68.0226
-66.4924
-64.2461
-60.2605
-49.866
2.98935
49.7973
48.919
41.6538
22.7015
1.38671
-11.1007
-21.8222
-32.6907
-47.6679
-80.9523
-93.9992
-94.7099
-94.6046
-94.229
-93.5686
-92.6242
-91.4601
-90.1707
-88.8418
-87.5334
-86.2806
-85.1002
-83.9975
-82.9714
-82.0176
-81.13
-80.3021
-79.5273
-78.799
-78.111
-77.457
-76.8313
-76.2281
-75.6416
-75.066
-74.4949
-73.9217
-73.3384
-72.7358
-72.102
-71.4213
-70.6714
-69.8187
-68.8084
-67.5428
-65.8231
-63.1619
-57.9411
-40.9619
33.4946
49.447
45.1018
30.6744
8.45991
-6.14835
-17.081
-28.1634
-38.7605
-62.0289
-91.903
-94.5752
-94.6988
-94.4752
-93.9892
-93.215
-92.1796
-90.9628
-89.6566
-88.3359
-87.0501
-85.8265
-84.6769
-83.6043
-82.6062
-81.6779
-80.8132
-80.0056
-79.2484
-78.5353
-77.8601
-77.2167
-76.5994
-76.0023
-75.4198
-74.8456
-74.2735
-73.6963
-73.1055
-72.491
-71.8395
-71.1331
-70.3455
-69.4362
-68.3368
-66.9186
-64.9023
-61.5273
-53.7561
-19.1692
47.4217
49.205
43.5405
26.9686
4.8796
-8.49113
-19.1887
-30.2651
-42.6645
-71.4372
-93.4456
-94.6996
-94.6688
-94.3625
-93.783
-92.9121
-91.798
-90.5314
-89.2038
-87.8832
-86.6113
-85.4091
-84.2844
-83.2375
-82.2644
-81.3595
-80.5162
-79.7277
-78.9876
-78.2895
-77.627
-76.9944
-76.3857
-75.7953
-75.2173
-74.6456
-74.0735
-73.4936
-72.897
-72.2726
-71.6058
-70.8765
-70.0546
-69.0923
-67.9064
-66.334
-63.9977
-59.7582
-48.1474
11.54
49.825
48.3237
39.3237
18.7942
-0.83428
-12.7867
-23.6606
-34.1719
-50.9817
-85.3427
-94.2133
-94.7096
-94.5703
-94.1635
-93.4698
-92.4983
-91.3188
-90.0252
-88.6997
-87.3991
-86.1558
-84.9852
-83.8919
-82.8744
-81.9283
-81.0476
-80.2259
-79.4564
-78.7329
-78.0489
-77.3984
-76.7756
-76.1748
-75.5901
-75.0157
-74.4453
-73.8721
-73.2882
-72.684
-72.0475
-71.3626
-70.6062
-69.7435
-68.7175
-67.4251
-65.6541
-62.8743
-57.2667
-37.8961
37.474
49.3306
44.487
29.3312
7.22958
-6.8767
-17.7112
-28.7956
-39.8716
-64.7513
-92.5196
-94.6206
-94.6943
-94.4521
-93.947
-93.1534
-92.1024
-90.8759
-89.5657
-88.2454
-86.9626
-85.7434
-84.599
-83.5316
-82.5388
-81.6153
-80.7551
-79.9515
-79.198
-78.4881
-77.8157
-77.1748
-76.5595
-75.9641
-75.3827
-74.8095
-74.2378
-73.6606
-73.0692
-72.4535
-71.7999
-71.0901
-70.2974
-69.38
-68.2673
-66.8258
-64.7622
-61.2645
-52.9986
-14.7576
48.8091
49.2373
43.5202
26.7544
4.56498
-8.74583
-19.4343
-30.5085
-43.1511
-72.5218
-93.5289
-94.703
-94.6599
-94.3417
-93.7473
-92.8618
-91.7365
-90.4637
-89.1343
-87.8151
-86.5464
-85.3483
-84.2281
-83.1856
-82.2168
-81.3158
-80.4762
-79.6911
-78.954
-78.2585
-77.5984
-76.9679
-76.3611
-75.7723
-75.1957
-74.6251
-74.054
-73.4747
-72.8785
-72.2542
-71.5872
-70.857
-70.0334
-69.0683
-67.8772
-66.2949
-63.9368
-59.634
-47.7054
13.5374
49.8192
48.118
38.6189
17.7378
-1.37646
-13.2072
-24.1149
-34.5081
-51.7661
-86.1761
-94.2552
-94.7093
-94.5625
-94.1488
-93.4479
-92.4707
-91.2879
-89.9934
-88.6688
-87.3699
-86.1288
-84.9605
-83.8694
-82.8541
-81.91
-81.0312
-80.2111
-79.4432
-78.721
-78.0383
-77.389
-76.7673
-76.1674
-75.5836
-75.01
-74.4404
-73.8678
-73.2846
-72.681
-72.0451
-71.3606
-70.6048
-69.7426
-68.7171
-67.4253
-65.6548
-62.8758
-57.2695
-37.9037
37.4672
49.331
44.4896
29.3385
7.23798
-6.8709
-17.7059
-28.7901
-39.8618
-64.7275
-92.5156
-94.6204
-94.6944
-94.4524
-93.9475
-93.1542
-92.1035
-90.8772
-89.5673
-88.2471
-86.9646
-85.7456
-84.6014
-83.5344
-82.5418
-81.6186
-80.7587
-79.9555
-79.2023
-78.4928
-77.8208
-77.1804
-76.5655
-75.9707
-75.3899
-74.8173
-74.2465
-73.6701
-73.0798
-72.4654
-71.8135
-71.1058
-70.316
-69.4027
-68.2964
-66.8658
-64.8236
-61.3809
-53.3369
-16.7272
48.3375
49.2228
43.5278
26.8511
4.70987
-8.62778
-19.3203
-30.3956
-42.9248
-72.0211
-93.492
-94.7018
-94.6642
-94.3514
-93.7638
-92.885
-91.7648
-90.495
-89.1666
-87.847
-86.5772
-85.3776
-84.2558
-83.2118
-82.2415
-81.3392
-80.4984
-79.7123
-78.9744
-78.2783
-77.6178
-76.9869
-76.38
-75.7912
-75.2148
-74.6447
-74.0742
-73.496
-72.9011
-72.2786
-71.614
-70.8873
-70.0688
-69.1111
-67.9321
-66.3714
-64.0592
-59.8867
-48.5992
9.403
49.8256
48.5127
40.0073
19.866
-0.267518
-12.3515
-23.1886
-33.8105
-50.1528
-84.3784
-94.1653
-94.7098
-94.5787
-94.1795
-93.4938
-92.5289
-91.3535
-90.0614
-88.7357
-87.434
-86.1892
-85.0169
-83.9221
-82.9034
-81.9562
-81.0747
-80.2523
-79.4825
-78.7587
-78.0747
-77.4244
-76.802
-76.2018
-75.618
-75.0448
-74.476
-73.9047
-73.3232
-72.7222
-72.0897
-71.4102
-70.6613
-69.8092
-68.799
-67.5328
-65.8107
-63.1422
-57.8945
-40.7443
33.8582
49.437
45.0487
30.5608
8.35839
-6.20477
-17.1286
-28.211
-38.8423
-62.2306
-91.957
-94.5791
-94.6986
-94.4739
-93.9868
-93.2115
-92.1756
-90.9586
-89.6528
-88.3328
-87.0479
-85.8253
-84.6769
-83.6055
-82.6088
-81.6818
-80.8183
-80.012
-79.2562
-78.5444
-77.8706
-77.2287
-76.6129
-76.0175
-75.4367
-74.8645
-74.2946
-73.7199
-73.1321
-72.5211
-71.874
-71.1733
-70.3934
-69.4949
-68.4118
-67.0212
-65.059
-61.8181
-54.5644
-23.7824
43.9747
49.1951
43.6808
27.4129
5.37071
-8.12427
-18.8435
-29.9243
-41.9975
-69.9092
-93.3051
-94.6911
-94.6779
-94.386
-93.824
-92.9709
-91.8706
-90.6125
-89.2881
-87.9671
-86.6926
-85.4867
-84.3579
-83.3069
-82.33
-81.4216
-80.5753
-79.7844
-79.0422
-78.3424
-77.6788
-77.0454
-76.4364
-75.8462
-75.2689
-74.6985
-74.1283
-73.5511
-72.9582
-72.3388
-71.6789
-70.9591
-70.1508
-69.2088
-68.0555
-66.541
-64.3261
-60.4241
-50.4081
0.0629759
49.766
49.0393
42.213
23.766
2.08831
-10.5798
-21.2511
-32.1908
-46.5963
-79.2088
-93.9126
-94.7092
-94.6159
-94.2513
-93.6032
-92.6692
-91.5117
-90.2249
-88.8958
-87.5857
-86.3306
-85.1479
-84.0431
-83.0153
-82.06
-81.1714
-80.3429
-79.5677
-78.8394
-78.1516
-77.4983
-76.8736
-76.2716
-75.6868
-75.1133
-74.545
-73.9751
-73.396
-72.7988
-72.1718
-71.5001
-70.7624
-69.9269
-68.9425
-67.719
-66.0762
-63.5851
-58.8879
-44.895
24.1685
49.6862
46.6192
34.2827
12.1754
-4.14091
-15.4048
-26.4443
-36.0259
-55.4239
-89.2231
-94.4251
-94.7094
-94.5283
-94.0833
-93.3496
-92.3454
-91.1459
-89.845
-88.5214
-87.2281
-85.995
-84.8357
-83.7536
-82.747
-81.811
-80.9395
-80.1262
-79.3643
-78.6474
-77.9693
-77.3241
-76.7057
-76.1087
-75.5271
-74.9551
-74.3865
-73.8143
-73.2305
-72.6255
-71.987
-71.2982
-70.5356
-69.6629
-68.6204
-67.2992
-65.4722
-62.5592
-56.497
-34.1409
39.8808
49.2533
44.0952
28.478
6.46101
-7.35903
-18.1379
-29.2204
-40.6499
-66.6596
-92.8668
-94.6516
-94.6909
-94.4329
-93.9107
-93.0994
-92.0337
-90.7978
-89.4834
-88.163
-86.883
-85.6681
-84.5288
-83.4669
-82.4795
-81.5612
-80.7059
-79.9068
-79.1575
-78.4515
-77.7826
-77.1448
-76.5324
-75.9396
-75.3606
-74.7895
-74.2198
-73.6442
-73.0544
-72.4401
-71.7876
-71.0788
-70.2867
-69.3697
-68.2567
-66.8139
-64.7463
-61.2367
-52.9184
-14.2854
48.8973
49.2409
43.5202
26.737
4.53667
-8.76923
-19.457
-30.5309
-43.196
-72.6199
-93.5355
-94.7031
-94.6591
-94.3397
-93.7441
-92.8574
-91.7315
-90.4587
-89.1297
-87.8112
-86.5434
-85.3465
-84.2274
-83.1861
-82.2186
-81.3188
-80.4804
-79.6966
-78.9607
-78.2665
-77.6078
-76.9786
-76.3733
-75.786
-75.2111
-74.6424
-74.0734
-73.4966
-72.9032
-72.2824
-71.6197
-70.8952
-70.0794
-69.1255
-67.9521
-66.4009
-64.1077
-59.9882
-48.9531
7.67048
49.8224
48.6444
40.5099
20.6892
0.185321
-12.0064
-22.8129
-33.5137
-49.4821
-83.5344
-94.1238
-94.7098
-94.5856
-94.1927
-93.5137
-92.5545
-91.3823
-90.0915
-88.7657
-87.4629
-86.2168
-85.0432
-83.9472
-82.9274
-81.9794
-81.0972
-80.2744
-79.5043
-78.7803
-78.0964
-77.4463
-76.8244
-76.2248
-75.6418
-75.0696
-74.5021
-73.9326
-73.3532
-72.755
-72.1261
-71.4512
-70.7086
-69.8655
-68.8689
-67.6246
-65.943
-63.3648
-58.4005
-42.91
29.594
49.5553
45.7292
32.1083
9.86135
-5.35944
-16.4115
-27.4828
-37.6223
-59.2578
-91.0483
-94.5228
-94.7036
-94.4977
-94.0293
-93.2727
-92.2512
-91.0428
-89.74
-88.4193
-87.1315
-85.9049
-84.7522
-83.6766
-82.6759
-81.7453
-80.8787
-80.0697
-79.3117
-78.5982
-77.923
-77.2802
-76.6639
-76.0685
-75.4882
-74.917
-74.3487
-73.7764
-73.1919
-72.5855
-71.9446
-71.2522
-70.4842
-69.6031
-68.5472
-67.2028
-65.3305
-62.3092
-55.8643
-30.8819
40.5891
49.2255
43.9481
28.1259
6.11559
-7.59217
-18.3499
-29.4327
-41.0514
-67.6488
-93.0274
-94.6678
-94.6881
-94.419
-93.8842
-93.0595
-91.9825
-90.7392
-89.4215
-88.1009
-86.8226
-85.6108
-84.4751
-83.417
-82.4332
-81.5185
-80.6664
-79.8704
-79.1238
-78.4202
-77.7534
-77.1175
-76.5068
-75.9154
-75.3376
-74.7674
-74.1983
-73.6231
-73.0335
-72.4188
-71.7656
-71.0554
-70.2611
-69.3403
-68.2209
-66.7666
-64.6751
-61.1028
-52.5224
-11.9749
49.2258
49.2558
43.5073
26.6135
4.35901
-8.91372
-19.5966
-30.668
-43.4729
-73.223
-93.5762
-94.7039
-94.6537
-94.3282
-93.7249
-92.8309
-91.6997
-90.4242
-89.0947
-87.7773
-86.5115
-85.3168
-84.2002
-83.1613
-82.196
-81.2984
-80.4619
-79.6798
-78.9457
-78.2529
-77.5956
-76.9677
-76.3634
-75.7772
-75.2032
-74.6354
-74.0671
-73.491
-72.8983
-72.2781
-71.616
-70.892
-70.0767
-69.1232
-67.9502
-66.3994
-64.1065
-59.9868
-48.9494
7.68712
49.8224
48.6429
40.5035
20.6776
0.17791
-12.0122
-22.8194
-33.519
-49.494
-83.5495
-94.1244
-94.7098
-94.5855
-94.1924
-93.5135
-92.5542
-91.3822
-90.0916
-88.766
-87.4635
-86.2177
-85.0445
-83.9488
-82.9293
-81.9817
-81.0999
-80.2774
-79.5076
-78.7841
-78.1006
-77.451
-76.8295
-76.2304
-75.648
-75.0765
-74.5097
-73.9409
-73.3625
-72.7654
-72.1378
-71.4648
-70.7244
-69.8846
-68.8927
-67.6562
-65.9884
-63.4408
-58.57
-43.6084
27.8687
49.6002
46.0126
32.7802
10.5504
-4.98663
-16.1001
-27.1633
-37.1052
-58.0081
-90.5534
-94.4951
-94.7057
-94.5077
-94.0469
-93.2977
-92.282
-91.0768
-89.7749
-88.4536
-87.1645
-85.9362
-84.7818
-83.7045
-82.7023
-81.7704
-80.9027
-80.0927
-79.3339
-78.6197
-77.9442
-77.3011
-76.6848
-76.0895
-75.5095
-74.9389
-74.3714
-73.8002
-73.2173
-72.6128
-71.9746
-71.286
-70.523
-69.6493
-68.6049
-67.2798
-65.4446
-62.5111
-56.3753
-33.5168
40.0979
49.246
44.0595
28.4006
6.39216
-7.40294
-18.177
-29.2592
-40.7226
-66.8405
-92.8993
-94.6551
-94.6907
-94.4306
-93.9062
-93.0926
-92.025
-90.7878
-89.4731
-88.153
-86.8736
-85.6597
-84.5216
-83.4608
-82.4746
-81.5575
-80.7033
-79.9054
-79.1572
-78.4522
-77.7844
-77.1477
-76.5364
-75.9447
-75.3669
-74.797
-74.2286
-73.6545
-73.0664
-72.454
-71.804
-71.0981
-70.3101
-69.3987
-68.2943
-66.8659
-64.8267
-61.3896
-53.3634
-16.8759
48.2937
49.2218
43.5305
26.8649
4.72804
-8.61342
-19.3066
-30.382
-42.8976
-71.9592
-93.4868
-94.7015
-94.6647
-94.3526
-93.7659
-92.8881
-91.7689
-90.5
-89.1724
-87.8536
-86.5845
-85.3857
-84.2646
-83.2214
-82.252
-81.3507
-80.5109
-79.7259
-78.9892
-78.2943
-77.6351
-77.0058
-76.4005
-75.8135
-75.2391
-74.6712
-74.1034
-73.5283
-72.9371
-72.3192
-71.6605
-70.9415
-70.1335
-69.191
-68.0361
-66.5175
-64.2926
-60.361
-50.205
1.16346
49.7793
48.9973
42.0118
23.374
1.822
-10.7773
-21.468
-32.3828
-47.0052
-79.8906
-93.9461
-94.7094
-94.6116
-94.243
-93.5905
-92.653
-91.4936
-90.2067
-88.8786
-87.5703
-86.3173
-85.1367
-84.0341
-83.0083
-82.0551
-81.1684
-80.3417
-79.5683
-78.8417
-78.1556
-77.504
-76.881
-76.2808
-75.6978
-75.1262
-74.5599
-73.9923
-73.4158
-72.8215
-72.1981
-71.5308
-70.7987
-69.9709
-68.9979
-67.7922
-66.181
-63.7575
-59.2597
-46.3244
19.2189
49.771
47.39
36.3761
14.6861
-2.88462
-14.3926
-25.3811
-35.3779
-53.8402
-88.0559
-94.3557
-94.709
-94.543
-94.1118
-93.3928
-92.401
-91.2099
-89.9129
-88.5901
-87.2957
-86.0604
-84.8983
-83.8135
-82.8043
-81.8659
-80.9925
-80.1775
-79.4144
-78.6966
-78.018
-77.3726
-76.7546
-76.1582
-75.5778
-75.0075
-74.4412
-73.872
-73.2922
-72.6923
-72.0605
-71.3809
-70.6309
-69.7764
-68.7616
-67.4864
-65.7459
-63.0331
-57.6387
-39.5831
35.5712
49.3882
44.7895
29.9976
7.84476
-6.5025
-17.384
-28.4673
-39.2877
-63.3214
-92.2216
-94.5983
-94.6972
-94.4652
-93.971
-93.1887
-92.1473
-90.9273
-89.6206
-88.3015
-87.0187
-85.7986
-84.6531
-83.5846
-82.5908
-81.6667
-80.806
-80.0024
-79.2491
-78.5398
-77.8684
-77.2289
-76.6154
-76.0222
-75.4438
-74.874
-74.3066
-73.7346
-73.1498
-72.5423
-71.8994
-71.2038
-70.4305
-69.5412
-68.4717
-67.1037
-65.1843
-62.0474
-55.1802
-27.1959
40.4814
49.2251
43.9239
27.9987
5.92963
-7.73578
-18.4867
-29.5732
-41.3256
-68.3284
-93.1303
-94.6789
-94.6848
-94.4054
-93.8583
-93.0203
-91.9321
-90.6814
-89.3603
-88.0394
-86.7631
-85.5544
-84.4225
-83.3684
-82.3886
-81.4777
-80.6293
-79.8366
-79.093
-78.3923
-77.7281
-77.0946
-76.4859
-75.8964
-75.3203
-74.7517
-74.184
-73.61
-73.0214
-72.4077
-71.7553
-71.0457
-70.2517
-69.331
-68.2111
-66.7552
-64.6599
-61.0761
-52.446
-11.5354
49.2726
49.258
43.5019
26.5827
4.31834
-8.9462
-19.6278
-30.6984
-43.5345
-73.3542
-93.5844
-94.7039
-94.6526
-94.3258
-93.7212
-92.8259
-91.694
-90.4183
-89.0891
-87.7723
-86.5073
-85.3135
-84.1978
-83.1599
-82.1955
-81.2989
-80.4633
-79.6822
-78.949
-78.2572
-77.6007
-76.9738
-76.3706
-75.7854
-75.2126
-74.6459
-74.0791
-73.5046
-72.9137
-72.2957
-71.6364
-70.9161
-70.1057
-69.1593
-67.9974
-66.466
-64.2133
-60.2042
-49.6884
3.91238
49.804
48.8723
41.4467
22.3183
1.14317
-11.2838
-22.0229
-32.862
-48.0398
-81.5151
-94.0255
-94.7097
-94.6007
-94.2217
-93.5579
-92.6111
-91.4464
-90.1581
-88.8314
-87.5259
-86.2764
-85.0994
-84.0002
-82.9777
-82.0273
-81.1432
-80.3189
-79.5476
-78.8229
-78.1385
-77.4884
-76.8667
-76.2677
-75.6858
-75.1151
-74.5496
-73.9827
-73.4067
-72.8129
-72.1898
-71.5225
-70.7903
-69.9621
-68.988
-67.7803
-66.1651
-63.7321
-59.2053
-46.1147
20.0073
49.7603
47.2746
36.049
14.2764
-3.08557
-14.5525
-25.55
-35.4862
-54.1036
-88.265
-94.3677
-94.7091
-94.5406
-94.1073
-93.3861
-92.3925
-91.2004
-89.9031
-88.5806
-87.2868
-86.0522
-84.891
-83.8071
-82.7988
-81.8613
-80.9887
-80.1745
-79.4121
-78.695
-78.0171
-77.3724
-76.755
-76.1593
-75.5795
-75.0099
-74.4442
-73.8758
-73.2967
-72.6978
-72.0671
-71.3888
-70.6405
-69.7882
-68.7766
-67.5066
-65.7755
-63.0838
-57.7567
-40.1105
34.8403
49.4096
44.9034
30.2486
8.07756
-6.36461
-17.2647
-28.3474
-39.078
-62.8087
-92.103
-94.5898
-94.6981
-94.4696
-93.979
-93.2003
-92.1619
-90.9438
-89.638
-88.3191
-87.0359
-85.8153
-84.6692
-83.6001
-82.6057
-81.681
-80.8199
-80.0159
-79.2624
-78.553
-77.8815
-77.242
-76.6287
-76.0359
-75.4578
-74.8886
-74.3219
-73.7509
-73.1673
-72.5614
-71.9205
-71.2276
-70.4581
-69.5744
-68.5134
-67.1597
-65.2681
-62.1984
-55.5773
-29.3445
40.6354
49.2224
43.9264
28.0557
6.03076
-7.65425
-18.4081
-29.4919
-41.1661
-67.9344
-93.0735
-94.6731
-94.687
-94.4136
-93.8738
-93.0437
-91.9623
-90.7162
-89.3974
-88.0771
-86.8001
-85.5901
-84.4565
-83.4005
-82.419
-81.5064
-80.6565
-79.8624
-79.1178
-78.416
-77.7511
-77.117
-76.5079
-75.9183
-75.3422
-74.7738
-74.2067
-73.6336
-73.0462
-72.4341
-71.7841
-71.0779
-70.2886
-69.375
-68.2664
-66.8303
-64.7746
-61.2936
-53.0877
-15.2732
48.703
49.2335
43.523
26.7833
4.60751
-8.71151
-19.4013
-30.4758
-43.0849
-72.3733
-93.5171
-94.7024
-94.6613
-94.3448
-93.7527
-92.8697
-91.7467
-90.4759
-89.148
-87.8301
-86.5625
-85.3656
-84.2466
-83.2054
-82.238
-81.3385
-80.5005
-79.7173
-78.9821
-78.2887
-77.631
-77.003
-76.399
-75.8134
-75.2403
-74.6738
-74.1073
-73.5336
-72.944
-72.3279
-71.6713
-70.955
-70.1504
-69.2127
-68.0651
-66.5588
-64.359
-60.4949
-50.6437
-1.2409
49.7464
49.0823
42.4258
24.1864
2.37987
-10.3656
-21.0158
-31.9798
-46.1508
-78.4355
-93.8727
-94.7086
-94.6206
-94.2608
-93.6181
-92.6891
-91.535
-90.25
-88.9216
-87.6116
-86.3564
-85.1736
-84.0688
-83.0412
-82.0863
-81.1983
-80.3706
-79.5964
-78.8692
-78.1828
-77.531
-76.9081
-76.3082
-75.7258
-75.1551
-74.59
-74.024
-73.4495
-72.8579
-72.2381
-71.5754
-70.8498
-70.0311
-69.0714
-67.8873
-66.315
-63.975
-59.7182
-48.0065
12.1873
49.8235
48.2595
39.1
18.4535
-1.01101
-12.9235
-23.8087
-34.2833
-51.2412
-85.6264
-94.227
-94.7093
-94.5677
-94.1589
-93.4633
-92.4909
-91.3117
-90.0194
-88.6961
-87.398
-86.1576
-84.9899
-83.8996
-82.8853
-81.9423
-81.0649
-80.2464
-79.4803
-78.7601
-78.0796
-77.4329
-76.814
-76.2173
-75.6372
-75.0677
-74.503
-73.9362
-73.3597
-72.7646
-72.1391
-71.4682
-70.7303
-69.8934
-68.9055
-67.6745
-66.0161
-63.4877
-58.6728
-44.0161
26.779
49.6274
46.195
33.2262
11.0259
-4.73204
-15.8883
-26.9447
-36.7557
-57.1678
-90.1731
-94.475
-94.7072
-94.5146
-94.0591
-93.3153
-92.3038
-91.101
-89.8001
-88.4789
-87.1893
-85.9604
-84.8053
-83.7275
-82.7249
-81.7928
-80.9251
-80.1152
-79.3567
-78.643
-77.968
-77.3258
-76.7104
-76.1163
-75.5377
-74.9689
-74.4035
-73.8348
-73.255
-72.6544
-72.0212
-71.3389
-70.5847
-69.7235
-68.698
-67.4042
-65.6275
-62.8307
-57.1577
-37.3441
37.9767
49.3168
44.4215
29.2029
7.12908
-6.93275
-17.7584
-28.8416
-39.9541
-64.9563
-92.5658
-94.6255
-94.6946
-94.4508
-93.9442
-93.1492
-92.0974
-90.8708
-89.5613
-88.2422
-86.9613
-85.7443
-84.6024
-83.5377
-82.5476
-81.627
-80.7697
-79.9691
-79.2186
-78.5119
-77.8428
-77.2052
-76.5936
-76.0021
-75.425
-74.8564
-74.2901
-73.7189
-73.1347
-72.5276
-71.8848
-71.1889
-70.4148
-69.5239
-68.4516
-67.0781
-65.1475
-61.9818
-55.0062
-26.2321
40.8147
49.2224
43.8985
27.9252
5.8474
-7.79556
-18.5425
-29.6291
-41.4335
-68.5874
-93.1629
-94.6816
-94.6835
-94.4014
-93.8509
-93.0095
-91.9185
-90.6662
-89.3445
-88.0239
-86.7484
-85.5409
-84.4104
-83.3577
-82.3794
-81.4699
-80.6228
-79.8314
-79.0891
-78.3894
-77.7264
-77.094
-76.4864
-75.898
-75.323
-74.7555
-74.189
-73.6163
-73.0292
-72.4171
-71.7667
-71.0595
-70.2687
-69.3524
-68.2392
-66.7947
-64.7217
-61.1951
-52.8018
-13.6104
49.0091
49.2451
43.5146
26.6956
4.47887
-8.8159
-19.502
-30.575
-43.2844
-72.8108
-93.5478
-94.7032
-94.6575
-94.3364
-93.7387
-92.8503
-91.7233
-90.4505
-89.1222
-87.805
-86.5389
-85.3437
-84.2265
-83.1872
-82.2215
-81.3237
-80.4873
-79.7054
-78.9716
-78.2794
-77.6227
-76.9958
-76.3927
-75.8079
-75.2357
-74.6699
-74.1041
-73.5312
-72.9423
-72.3269
-71.671
-70.9554
-70.1518
-69.2153
-68.0692
-66.5653
-64.3701
-60.5181
-50.7193
-1.66352
49.7391
49.0952
42.4911
24.3178
2.47276
-10.2975
-20.941
-31.9121
-46.0087
-78.1822
-93.8595
-94.7084
-94.6221
-94.2639
-93.623
-92.6954
-91.5423
-90.2579
-88.9296
-87.6195
-86.3641
-85.181
-84.0761
-83.0483
-82.0934
-81.2054
-80.3776
-79.6035
-78.8765
-78.1903
-77.5387
-76.9161
-76.3166
-75.7346
-75.1644
-74.5999
-74.0347
-73.4612
-72.8707
-72.2523
-71.5915
-70.8683
-70.0531
-69.0985
-67.9224
-66.3643
-64.0543
-59.8824
-48.5855
9.47094
49.8255
48.5067
39.9854
19.8311
-0.286037
-12.3656
-23.2039
-33.8225
-50.1804
-84.4121
-94.1667
-94.7096
-94.5784
-94.1792
-93.4937
-92.5294
-91.355
-90.0643
-88.7403
-87.4403
-86.1975
-85.0273
-83.9347
-82.9182
-81.9733
-81.0942
-80.2744
-79.5071
-78.786
-78.1049
-77.4576
-76.8385
-76.2417
-75.6618
-75.0928
-74.5288
-73.963
-73.388
-72.7948
-72.172
-71.5048
-70.7719
-69.9423
-68.9654
-67.7525
-66.1271
-63.6708
-59.0734
-45.6012
21.8524
49.731
46.9939
35.2771
13.3392
-3.54855
-14.9231
-25.9398
-35.7282
-54.6935
-88.7115
-94.394
-94.7093
-94.5354
-94.0973
-93.3711
-92.3734
-91.1788
-89.8807
-88.5586
-87.2659
-86.033
-84.8736
-83.7916
-82.7851
-81.8495
-80.9786
-80.166
-79.4052
-78.6896
-78.0131
-77.3697
-76.7535
-76.1591
-75.5805
-75.0121
-74.4477
-73.8806
-73.303
-72.7056
-72.0767
-71.4006
-70.655
-69.8064
-68.8
-67.5381
-65.8218
-63.1628
-57.9391
-40.9107
33.5919
49.4456
45.0994
30.6843
8.48735
-6.12532
-17.0587
-28.1395
-38.718
-61.9267
-91.8821
-94.5749
-94.6997
-94.477
-93.9923
-93.2197
-92.1861
-90.9711
-89.6667
-88.348
-87.0643
-85.8429
-84.6957
-83.6256
-82.6303
-81.7049
-80.8432
-80.0387
-79.2849
-78.5754
-77.9039
-77.2646
-76.6516
-76.0594
-75.4821
-74.9139
-74.3486
-73.7792
-73.1978
-72.5947
-71.9575
-71.2695
-70.5066
-69.6325
-68.5863
-67.2573
-65.4132
-62.4569
-56.2381
-32.8006
40.2962
49.2394
44.0274
28.3311
6.3308
-7.44218
-18.212
-29.294
-40.7884
-67.0058
-92.9298
-94.6587
-94.6905
-94.4283
-93.9017
-93.0856
-92.016
-90.7779
-89.4629
-88.1433
-86.865
-85.6524
-84.5158
-83.4567
-82.4721
-81.5567
-80.7042
-79.9079
-79.1614
-78.4581
-77.792
-77.157
-76.5475
-75.9576
-75.3818
-74.814
-74.248
-73.6766
-73.0915
-72.4828
-71.8373
-71.1373
-70.357
-69.4565
-68.3689
-66.9684
-64.9841
-61.6843
-54.1979
-21.6884
45.8923
49.194
43.5958
27.1801
5.13322
-8.29649
-19.0039
-30.0821
-42.3041
-70.6155
-93.373
-94.6955
-94.6743
-94.3761
-93.8067
-92.9463
-91.8408
-90.58
-89.2556
-87.9363
-86.6646
-85.4621
-84.337
-83.2898
-82.3168
-81.4122
-80.5695
-79.7821
-79.0434
-78.347
-77.6868
-77.0568
-76.4513
-75.8646
-75.291
-74.7245
-74.1587
-73.5864
-72.9991
-72.3863
-71.7345
-71.025
-70.2304
-69.3082
-68.185
-66.7223
-64.612
-60.9876
-52.1833
-10.0096
49.4076
49.2649
43.484
26.483
4.18884
-9.04962
-19.7275
-30.7952
-43.7318
-73.7762
-93.6108
-94.7041
-94.6489
-94.3181
-93.7086
-92.8089
-91.674
-90.3971
-89.0682
-87.7526
-86.4893
-85.2976
-84.184
-83.1482
-82.1859
-81.2912
-80.4576
-79.6783
-78.9468
-78.2568
-77.602
-76.9767
-76.3751
-75.7916
-75.2205
-74.6557
-74.0908
-73.5185
-72.9301
-72.315
-71.6592
-70.9434
-70.1391
-69.2013
-68.0526
-66.5439
-64.3379
-60.4555
-50.5186
-0.5563
49.7569
49.0595
42.3111
23.9554
2.21575
-10.4869
-21.1493
-32.1002
-46.4048
-78.8785
-93.895
-94.7088
-94.6179
-94.2555
-93.6101
-92.6787
-91.5234
-90.2384
-88.9106
-87.6017
-86.3479
-85.1664
-84.0631
-83.0368
-82.0833
-81.1965
-80.37
-79.5969
-78.8709
-78.1856
-77.535
-76.9132
-76.3144
-75.7332
-75.1637
-74.6
-74.0354
-73.4627
-72.873
-72.2555
-71.5957
-70.8737
-70.06
-69.1074
-67.9345
-66.3818
-64.0826
-59.9409
-48.7884
8.48942
49.8241
48.5844
40.279
20.3087
-0.024759
-12.1659
-22.9866
-33.6518
-49.7932
-83.9346
-94.1433
-94.7097
-94.5824
-94.1868
-93.5051
-92.544
-91.3715
-90.0815
-88.7573
-87.4568
-86.2131
-85.0422
-83.9488
-82.9317
-81.9864
-81.1069
-80.2867
-79.5193
-78.7981
-78.1169
-77.4698
-76.8508
-76.2544
-75.6748
-75.1064
-74.543
-73.9782
-73.4043
-72.8124
-72.1915
-71.5266
-70.797
-69.9718
-69.0018
-67.7999
-66.1943
-63.7806
-59.3084
-46.4959
18.5768
49.7792
47.4844
36.6544
15.0496
-2.70228
-14.2465
-25.2258
-35.2762
-53.5951
-87.8578
-94.3449
-94.7091
-94.5455
-94.1167
-93.4003
-92.4109
-91.2215
-89.9259
-88.6039
-87.3101
-86.0753
-84.9138
-83.8296
-82.8211
-81.8836
-81.011
-80.197
-79.435
-78.7184
-78.0412
-77.3973
-76.7809
-76.1863
-75.608
-75.0401
-74.4766
-73.9106
-73.3347
-72.7396
-72.1137
-71.4417
-70.702
-69.8617
-68.8681
-67.6271
-65.9495
-63.3773
-58.426
-42.9922
29.4126
49.5608
45.7656
32.2025
9.96809
-5.29643
-16.357
-27.4261
-37.529
-59.0318
-90.9678
-94.5189
-94.7044
-94.5001
-94.0335
-93.2788
-92.2592
-91.0523
-89.7507
-88.4311
-87.1443
-85.9188
-84.7673
-83.6929
-82.6935
-81.7644
-80.8994
-80.0921
-79.3358
-78.6243
-77.9512
-77.3106
-76.6968
-76.1041
-75.5268
-74.9591
-74.3948
-73.827
-73.248
-72.6482
-72.0156
-71.334
-70.5802
-69.7193
-68.6939
-67.3996
-65.6216
-62.8209
-57.133
-37.2188
38.084
49.3139
44.4084
29.1784
7.11116
-6.94225
-17.7662
-28.8491
-39.9676
-64.9908
-92.5743
-94.6265
-94.6947
-94.4505
-93.9437
-93.1484
-92.0963
-90.8696
-89.5602
-88.2415
-86.961
-85.7444
-84.603
-83.5389
-82.5494
-81.6294
-80.7727
-79.9727
-79.2229
-78.5169
-77.8484
-77.2116
-76.6008
-76.0101
-75.4339
-74.8663
-74.301
-73.7312
-73.1485
-72.5432
-71.9026
-71.2096
-70.4394
-69.554
-68.4898
-67.1301
-65.2257
-62.1235
-55.3813
-28.2818
40.5863
49.223
43.9233
28.0279
5.98542
-7.69008
-18.4425
-29.5274
-41.2357
-68.1074
-93.0996
-94.6759
-94.6861
-94.41
-93.8668
-93.0332
-91.9489
-90.7011
-89.3816
-88.0616
-86.7855
-85.5768
-84.4447
-83.3903
-82.4104
-81.4994
-80.651
-79.8585
-79.1153
-78.415
-77.7515
-77.1187
-76.5111
-75.9228
-75.3482
-74.7813
-74.2158
-73.6444
-73.0591
-72.4494
-71.8022
-71.0995
-70.3149
-69.4078
-68.3093
-66.8896
-64.8665
-61.4683
-53.5934
-18.2134
47.8329
49.2118
43.5368
26.9302
4.82373
-8.53622
-19.2321
-30.3081
-42.7499
-71.6272
-93.4598
-94.7002
-94.6674
-94.3591
-93.7772
-92.9044
-91.7893
-90.5231
-89.1969
-87.8787
-86.6096
-85.4106
-84.2893
-83.2459
-82.2765
-81.3752
-80.5357
-79.7511
-79.015
-78.3208
-77.6626
-77.0344
-76.4305
-75.8452
-75.2728
-74.7073
-74.1422
-73.5705
-72.9835
-72.3708
-71.7189
-71.0087
-70.213
-69.2885
-68.1616
-66.6916
-64.5659
-60.9001
-51.9182
-8.47658
49.5112
49.2442
43.3416
26.1497
3.90066
-9.2579
-19.9214
-30.9772
-44.0944
-74.521
-93.6569
-94.7051
-94.6444
-94.3087
-93.6935
-92.7887
-91.6504
-90.3721
-89.0434
-87.7289
-86.4673
-85.2774
-84.1658
-83.1317
-82.1711
-81.2781
-80.4459
-79.668
-78.9377
-78.2488
-77.595
-76.9707
-76.37
-75.7874
-75.2171
-74.653
-74.0888
-73.5173
-72.9296
-72.3152
-71.6602
-70.9453
-70.142
-69.2055
-68.0588
-66.5532
-64.3532
-60.4865
-50.62
-1.11352
49.7483
49.0778
42.4027
24.1385
2.34452
-10.3919
-21.0448
-32.0061
-46.2062
-78.5322
-93.8774
-94.7086
-94.62
-94.2597
-93.6166
-92.6874
-91.5334
-90.2489
-88.9212
-87.6121
-86.3578
-85.176
-84.0723
-83.0458
-82.0921
-81.2052
-80.3786
-79.6055
-78.8796
-78.1944
-77.544
-76.9224
-76.3241
-75.7433
-75.1743
-74.6112
-74.0474
-73.4756
-72.8871
-72.2711
-71.6132
-70.8939
-70.0839
-69.1367
-67.9724
-66.4349
-64.1674
-60.1142
-49.3831
5.50598
49.8136
48.7849
41.0773
21.6625
0.748554
-11.5797
-22.3467
-33.1335
-48.6358
-82.3852
-94.0679
-94.7098
-94.5945
-94.2098
-93.54
-92.5884
-91.4214
-90.1331
-88.808
-87.505
-86.2584
-85.0844
-83.9882
-82.9685
-82.021
-81.1396
-80.3178
-79.549
-78.8267
-78.1447
-77.4969
-76.8776
-76.281
-75.7016
-75.1335
-74.5709
-74.0071
-73.4346
-72.8448
-72.2266
-71.5654
-70.841
-70.0234
-69.0645
-67.8806
-66.3077
-63.9646
-59.6964
-47.9204
12.5943
49.8224
48.2195
38.9657
18.2575
-1.10763
-12.9971
-23.8878
-34.3415
-51.3771
-85.7733
-94.2348
-94.7094
-94.5665
-94.1566
-93.4601
-92.4871
-91.3077
-90.0159
-88.6934
-87.3964
-86.1571
-84.9907
-83.9017
-82.8887
-81.947
-81.0709
-80.2538
-79.489
-78.7702
-78.0912
-77.4459
-76.8285
-76.2335
-75.6551
-75.0876
-74.525
-73.9606
-73.387
-72.7951
-72.1738
-71.5081
-70.777
-69.9495
-68.9755
-67.7667
-66.148
-63.7055
-59.1468
-45.8761
20.8925
49.7471
47.144
35.6898
13.8412
-3.29671
-14.72
-25.726
-35.5965
-54.3716
-88.473
-94.3802
-94.7094
-94.5386
-94.1033
-93.3801
-92.3852
-91.1924
-89.8955
-88.5738
-87.2813
-86.0482
-84.8887
-83.8066
-82.8
-81.8643
-80.9935
-80.1811
-79.4205
-78.7052
-78.0292
-77.3863
-76.7709
-76.1772
-75.5996
-75.0324
-74.4694
-73.9039
-73.3284
-72.7336
-72.1079
-71.436
-70.6961
-69.8554
-68.861
-67.6184
-65.9374
-63.3572
-58.3801
-42.796
29.8728
49.5487
45.6921
32.0327
9.79922
-5.3875
-16.433
-27.5036
-37.6548
-59.3375
-91.0809
-94.5255
-94.704
-94.4978
-94.0294
-93.273
-92.2521
-91.0445
-89.7429
-88.4236
-87.1374
-85.9126
-84.7618
-83.6881
-82.6895
-81.761
-80.8967
-80.09
-79.3343
-78.6233
-77.9507
-77.3107
-76.6974
-76.1052
-75.5284
-74.9612
-74.3975
-73.8303
-73.2519
-72.6529
-72.0212
-71.3406
-70.5882
-69.7292
-68.7064
-67.4166
-65.6467
-62.8641
-57.2361
-37.7016
37.6652
49.327
44.4756
29.3256
7.24564
-6.85894
-17.6929
-28.7758
-39.8351
-64.6664
-92.5113
-94.6215
-94.6953
-94.4536
-93.9494
-93.1569
-92.1071
-90.8821
-89.5735
-88.255
-86.9743
-85.7575
-84.6156
-83.551
-82.561
-81.6406
-80.7836
-79.9834
-79.2334
-78.5272
-77.8587
-77.222
-76.6112
-76.0208
-75.4449
-74.8778
-74.3131
-73.7439
-73.1622
-72.5581
-71.9191
-71.2283
-70.461
-69.5799
-68.5223
-67.1737
-65.2906
-62.2402
-55.6849
-29.9066
40.6391
49.2236
43.9369
28.0932
6.07844
-7.6187
-18.3747
-29.4578
-41.1006
-67.7743
-93.0506
-94.671
-94.6878
-94.4164
-93.8789
-93.0514
-91.9723
-90.7279
-89.4103
-88.0906
-86.814
-85.6041
-84.4707
-83.415
-82.4337
-81.5214
-80.6719
-79.8784
-79.1343
-78.4333
-77.7692
-77.136
-76.5281
-75.9397
-75.3652
-74.7985
-74.2334
-73.6627
-73.0783
-72.47
-71.8247
-71.1245
-70.3437
-69.4421
-68.3522
-66.9474
-64.9539
-61.6301
-54.0481
-20.8306
46.4983
49.1967
43.573
27.1032
5.04599
-8.3623
-19.0661
-30.1435
-42.4244
-70.8898
-93.3974
-94.6969
-94.6726
-94.3719
-93.7994
-92.936
-91.8282
-90.5662
-89.2415
-87.9227
-86.6519
-85.4506
-84.3268
-83.2809
-82.3091
-81.4057
-80.5642
-79.7779
-79.0403
-78.3449
-77.6856
-77.0566
-76.452
-75.8662
-75.2936
-74.7281
-74.1633
-73.5921
-73.006
-72.3946
-71.7446
-71.0372
-70.2455
-69.3271
-68.2099
-66.7573
-64.667
-61.0938
-52.5032
-11.8724
49.2367
49.2559
43.504
26.6014
4.34478
-8.92485
-19.6073
-30.6782
-43.4932
-73.2643
-93.5779
-94.7037
-94.6534
-94.3278
-93.7245
-92.8307
-91.7001
-90.4256
-89.0973
-87.7813
-86.517
-85.324
-84.2091
-83.172
-82.2086
-81.313
-80.4785
-79.6986
-78.9666
-78.2762
-77.6212
-76.9959
-76.3945
-75.8114
-75.2407
-74.6767
-74.1128
-73.5418
-72.9551
-72.3423
-71.6895
-70.9778
-70.1792
-69.2499
-68.1148
-66.6297
-64.4721
-60.72
-51.3632
-5.29258
49.6511
49.187
42.9894
25.3617
3.25603
-9.72528
-20.357
-31.3794
-44.9069
-76.1332
-93.7499
-94.7068
-94.6345
-94.2886
-93.6618
-92.7467
-91.6016
-90.3206
-88.9922
-87.6801
-86.4217
-85.2354
-84.1274
-83.0968
-82.1395
-81.2494
-80.42
-79.6445
-78.9165
-78.2295
-77.5777
-76.955
-76.3558
-75.7745
-75.2053
-74.6423
-74.079
-73.5082
-72.9213
-72.3075
-71.6529
-70.9382
-70.1349
-69.1981
-68.0503
-66.5426
-64.3374
-60.4559
-50.5199
-0.559822
49.7568
49.0598
42.313
23.9604
2.22031
-10.4832
-21.1452
-32.0965
-46.3971
-78.866
-93.8945
-94.7088
-94.6181
-94.2558
-93.6105
-92.6795
-91.5245
-90.2399
-88.9126
-87.6042
-86.3509
-85.1701
-84.0674
-83.0419
-82.0891
-81.2031
-80.3773
-79.6051
-78.8799
-78.1955
-77.5458
-76.9249
-76.3273
-75.7472
-75.179
-74.6167
-74.0538
-73.483
-72.8957
-72.281
-71.6248
-70.9076
-70.1004
-69.1573
-67.9992
-66.4727
-64.2277
-60.236
-49.7934
3.37054
49.7999
48.8997
41.5689
22.5444
1.2868
-11.1755
-21.9042
-32.761
-47.8206
-81.1852
-94.0096
-94.7097
-94.6031
-94.2264
-93.5653
-92.621
-91.4582
-90.1712
-88.8455
-87.5408
-86.2921
-85.116
-84.0179
-82.9964
-82.0474
-81.1647
-80.3419
-79.5723
-78.8493
-78.1669
-77.5188
-76.8994
-76.303
-75.7238
-75.1563
-74.5944
-74.0317
-73.4607
-72.8727
-72.2571
-71.5992
-70.8794
-70.0684
-69.1192
-67.951
-66.4062
-64.1223
-60.0221
-49.0645
7.13332
49.8206
48.6824
40.6628
20.9517
0.337939
-11.8894
-22.6849
-33.4101
-49.2504
-83.2313
-94.1092
-94.7099
-94.5881
-94.1976
-93.5215
-92.5651
-91.3953
-90.1065
-88.7823
-87.4812
-86.2368
-85.065
-83.971
-82.9534
-82.0077
-81.128
-80.3079
-79.5405
-78.8196
-78.1389
-77.4923
-76.8741
-76.2786
-75.7001
-75.1331
-74.5714
-74.0085
-73.4371
-72.8483
-72.2313
-71.5714
-70.8486
-70.033
-69.0769
-67.8972
-66.3313
-64.0028
-59.7751
-48.1976
11.331
49.8251
48.3444
39.4009
18.919
-0.765047
-12.7321
-23.6012
-34.1268
-50.8785
-85.2287
-94.2076
-94.7096
-94.5715
-94.1661
-93.4743
-92.5051
-91.3281
-90.0372
-88.7146
-87.417
-86.1769
-85.0096
-83.9198
-82.9061
-81.9639
-81.0873
-80.2698
-79.5049
-78.786
-78.107
-77.4618
-76.8447
-76.2501
-75.6722
-75.1055
-74.5437
-73.9805
-73.4083
-72.8183
-72.1994
-71.5367
-70.8099
-69.9883
-69.023
-67.8283
-66.2351
-63.8473
-59.4489
-47.0112
16.5329
49.8002
47.7629
37.4911
16.1619
-2.15258
-13.8116
-24.7623
-34.9635
-52.8447
-87.2117
-94.3099
-94.7093
-94.5526
-94.1302
-93.4206
-92.4369
-91.2513
-89.9574
-88.6358
-87.3415
-86.1058
-84.9433
-83.8581
-82.8487
-81.9104
-81.0373
-80.2229
-79.4606
-78.7441
-78.067
-77.4234
-76.8075
-76.2137
-75.6364
-75.0698
-74.5079
-73.9439
-73.3705
-72.7786
-72.1569
-71.4903
-70.7578
-69.9279
-68.9498
-67.734
-66.1023
-63.6307
-58.9843
-45.2401
23.0856
49.7085
46.8015
34.7691
12.7489
-3.84106
-15.1581
-26.1855
-35.8746
-55.0522
-88.9705
-94.4102
-94.7097
-94.5325
-94.0915
-93.3623
-92.3623
-91.1664
-89.8681
-88.5466
-87.2551
-86.0236
-84.8658
-83.7855
-82.7807
-81.8467
-80.9774
-80.1664
-79.4072
-78.6931
-78.0182
-77.3763
-76.7617
-76.1688
-75.592
-75.0253
-74.4629
-73.8979
-73.3227
-72.7282
-72.1027
-71.4308
-70.6908
-69.8498
-68.8546
-67.6105
-65.9265
-63.339
-58.3382
-42.615
30.2844
49.5378
45.6269
31.883
9.65171
-5.4677
-16.5001
-27.5719
-37.7663
-59.607
-91.1771
-94.5312
-94.7036
-94.4958
-94.0258
-93.2678
-92.2458
-91.0377
-89.736
-88.417
-87.1314
-85.9072
-84.757
-83.684
-82.686
-81.7582
-80.8944
-80.0883
-79.3331
-78.6226
-77.9505
-77.311
-76.6982
-76.1065
-75.5301
-74.9635
-74.4002
-73.8336
-73.2559
-72.6575
-72.0266
-71.3471
-70.596
-69.7388
-68.7187
-67.4331
-65.6709
-62.9057
-57.3351
-38.1611
37.2254
49.3405
44.5453
29.4782
7.38508
-6.77317
-17.6176
-28.7004
-39.6996
-64.333
-92.4443
-94.6162
-94.696
-94.4567
-93.9551
-93.1653
-92.1179
-90.8944
-89.5867
-88.2684
-86.9876
-85.7704
-84.6281
-83.563
-82.5726
-81.6518
-80.7944
-79.9939
-79.2437
-78.5374
-77.8689
-77.2322
-76.6215
-76.0312
-75.4557
-74.8889
-74.3248
-73.7564
-73.1755
-72.5727
-71.9352
-71.2464
-70.482
-69.605
-68.5537
-67.2156
-65.353
-62.3515
-55.9699
-31.403
40.5422
49.2293
43.9733
28.1984
6.19763
-7.53282
-18.2947
-29.3769
-40.9457
-67.3923
-92.9917
-94.665
-94.6893
-94.4227
-93.8908
-93.0693
-91.9953
-90.7543
-89.4383
-88.1189
-86.8417
-85.6308
-84.4961
-83.4389
-82.4563
-81.5429
-80.6922
-79.8977
-79.1528
-78.4511
-77.7865
-77.153
-76.5448
-75.9563
-75.3818
-74.8154
-74.2508
-73.6808
-73.0973
-72.4904
-71.8469
-71.1493
-70.3722
-69.476
-68.3946
-67.0044
-65.0399
-61.7882
-54.4838
-23.3058
44.4778
49.1939
43.6598
27.3627
5.3248
-8.15622
-18.8728
-29.9529
-42.0524
-70.035
-93.3171
-94.6919
-94.6774
-94.3845
-93.8214
-92.9676
-91.8672
-90.6097
-89.2866
-87.9674
-86.695
-85.4914
-84.365
-83.3166
-82.3424
-81.4368
-80.5934
-79.8053
-79.0662
-78.3695
-77.7091
-77.0792
-76.474
-75.8878
-75.3149
-74.7495
-74.1849
-73.6143
-73.0291
-72.4191
-71.7711
-71.0665
-70.2789
-69.3668
-68.2596
-66.8245
-64.7696
-61.2881
-53.0757
-15.2064
48.7169
49.2338
43.5218
26.7776
4.60024
-8.71727
-19.4068
-30.4812
-43.0955
-72.3951
-93.518
-94.7023
-94.6611
-94.3445
-93.7524
-92.8696
-91.747
-90.4767
-89.1496
-87.8325
-86.5659
-85.37
-84.2521
-83.212
-82.2457
-81.3475
-80.5108
-79.7288
-78.995
-78.3031
-77.6468
-77.0205
-76.4182
-75.8345
-75.2635
-74.6993
-74.1355
-73.565
-72.9792
-72.3677
-71.7169
-71.008
-70.2135
-69.2907
-68.1659
-66.6991
-64.5791
-60.9275
-52.004
-8.97642
49.4804
49.2512
43.3884
26.2569
3.99091
-9.19279
-19.8608
-30.9205
-43.9813
-74.2906
-93.6426
-94.7048
-94.6458
-94.3116
-93.6983
-92.7953
-91.6583
-90.3809
-89.0525
-87.7381
-86.4765
-85.2866
-84.1749
-83.141
-82.1805
-81.2875
-80.4556
-79.678
-78.948
-78.2595
-77.6063
-76.9825
-76.3825
-75.8006
-75.2312
-74.6682
-74.1052
-73.5351
-72.9493
-72.3372
-71.685
-70.9739
-70.1759
-69.247
-68.1123
-66.6273
-64.4695
-60.716
-51.3515
-5.22599
49.6531
49.1855
42.9806
25.3423
3.24041
-9.73672
-20.3677
-31.3892
-44.9269
-76.1722
-93.752
-94.7068
-94.6343
-94.2882
-93.6611
-92.7459
-91.6009
-90.32
-88.9919
-87.6801
-86.4221
-85.2363
-84.1287
-83.0987
-82.1418
-81.2522
-80.4233
-79.6483
-78.9208
-78.2344
-77.5831
-76.9609
-76.3624
-75.7817
-75.2133
-74.6511
-74.0887
-73.519
-72.9333
-72.321
-71.6683
-70.9561
-70.1562
-69.2243
-68.0843
-66.5897
-64.4116
-60.603
-50.993
-3.1938
49.7083
49.1379
42.7159
24.7803
2.81088
-10.0497
-20.6726
-31.6672
-45.4981
-77.2529
-93.8107
-94.7077
-94.6277
-94.275
-93.6405
-92.7187
-91.5696
-90.2871
-88.9594
-87.6491
-86.3933
-85.2098
-84.1045
-83.0767
-82.1219
-81.2341
-80.4069
-79.6335
-78.9073
-78.2221
-77.5719
-76.9508
-76.3531
-75.7732
-75.2054
-74.6438
-74.0819
-73.5126
-72.9272
-72.3151
-71.6624
-70.9501
-70.1499
-69.2172
-68.0757
-66.5784
-64.3943
-60.569
-50.8835
-2.57436
49.7216
49.1214
42.6284
24.5995
2.67802
-10.1469
-20.7769
-31.7626
-45.6965
-77.6189
-93.8302
-94.708
-94.6256
-94.2707
-93.6338
-92.71
-91.5596
-90.2768
-88.9493
-87.6397
-86.3847
-85.2021
-84.0977
-83.0707
-82.1167
-81.2297
-80.4031
-79.6303
-78.9048
-78.2202
-77.5704
-76.9498
-76.3525
-75.7731
-75.2057
-74.6445
-74.0831
-73.5142
-72.9292
-72.3177
-71.6656
-70.954
-70.1547
-69.2233
-68.0837
-66.5896
-64.4118
-60.6033
-50.9923
-3.18468
49.7084
49.1378
42.7159
24.7816
2.81281
-10.0481
-20.6707
-31.6655
-45.4946
-77.247
-93.8106
-94.7077
-94.6278
-94.2751
-93.6407
-92.719
-91.57
-90.2878
-88.9603
-87.6503
-86.3948
-85.2117
-84.1069
-83.0794
-82.125
-81.2377
-80.4109
-79.638
-78.9123
-78.2276
-77.5779
-76.9573
-76.3601
-75.7808
-75.2137
-74.6529
-74.0918
-73.5235
-72.9392
-72.3285
-71.6777
-70.9677
-70.1706
-69.2425
-68.1082
-66.6232
-64.4641
-60.7058
-51.3177
-5.02706
49.6594
49.1814
42.9581
25.2955
3.20522
-9.76194
-20.3912
-31.4106
-44.9707
-76.2576
-93.7571
-94.707
-94.6338
-94.2872
-93.6597
-92.744
-91.5989
-90.3183
-88.9907
-87.6796
-86.4225
-85.2377
-84.1311
-83.1021
-82.1463
-81.2578
-80.4299
-79.656
-78.9296
-78.2443
-77.594
-76.9731
-76.3757
-75.7963
-75.2293
-74.6687
-74.108
-73.5403
-72.957
-72.3475
-71.6985
-70.9909
-70.1973
-69.2746
-68.1487
-66.6786
-64.55
-60.8732
-51.8389
-8.02168
49.5362
49.2366
43.2932
26.0383
3.80561
-9.32671
-19.9855
-31.0368
-44.214
-74.7642
-93.6715
-94.7055
-94.643
-94.3059
-93.6891
-92.7832
-91.6444
-90.3666
-89.0391
-87.7263
-86.4667
-85.2791
-84.1697
-83.1381
-82.1799
-81.2892
-80.4595
-79.6839
-78.9561
-78.2696
-77.6184
-76.9967
-76.3988
-75.8191
-75.2519
-74.6914
-74.1312
-73.5641
-72.9819
-72.3741
-71.7273
-71.0229
-70.2339
-69.3182
-68.2034
-66.753
-64.6649
-61.0943
-52.5105
-11.9298
49.2299
49.2546
43.4996
26.5914
4.33561
-8.9315
-19.6134
-30.6841
-43.5048
-73.2879
-93.5793
-94.7038
-94.6535
-94.3279
-93.7248
-92.8314
-91.7014
-90.4277
-89.1006
-87.786
-86.5234
-85.3322
-84.2192
-83.1841
-82.2227
-81.3291
-80.4968
-79.719
-78.9892
-78.301
-77.6484
-77.0255
-76.4267
-75.8464
-75.2789
-74.7183
-74.1583
-73.5919
-73.0107
-72.4044
-71.7599
-71.0589
-70.2749
-69.3666
-68.2639
-66.8348
-64.7897
-61.3307
-53.2073
-16.0011
48.5323
49.2269
43.5195
26.8024
4.64403
-8.6806
-19.3711
-30.4456
-43.0238
-72.2356
-93.5061
-94.7021
-94.6628
-94.3483
-93.7589
-92.8788
-91.7585
-90.49
-89.1643
-87.8483
-86.5828
-85.388
-84.2712
-83.2324
-82.2675
-81.3708
-80.5356
-79.7552
-79.0231
-78.333
-77.6787
-77.0544
-76.4545
-75.8733
-75.3051
-74.7442
-74.1842
-73.618
-73.0375
-72.4324
-71.7898
-71.0915
-70.3117
-69.4097
-68.3173
-66.9061
-64.8972
-61.5316
-53.7824
-19.3397
47.341
49.2035
43.5439
26.9866
4.90362
-8.47226
-19.1706
-30.247
-42.6281
-71.3505
-93.4369
-94.6992
-94.6698
-94.3647
-93.7869
-92.9183
-91.8068
-90.5433
-89.219
-87.9021
-86.6342
-85.4363
-84.3161
-83.274
-82.3059
-81.4062
-80.5683
-79.7856
-79.0514
-78.3593
-77.7034
-77.0778
-76.4767
-75.8945
-75.3256
-74.7641
-74.2038
-73.6376
-73.0573
-72.4529
-71.8113
-71.1148
-70.3376
-69.4399
-68.3544
-66.9554
-64.971
-61.6676
-54.1636
-21.5335
46.0092
49.1935
43.5876
27.1566
5.10824
-8.31514
-19.0215
-30.0993
-42.3374
-70.6894
-93.3792
-94.696
-94.6741
-94.3755
-93.8058
-92.9453
-91.84
-90.5799
-89.2567
-87.9392
-86.6695
-85.4694
-84.3468
-83.3022
-82.3318
-81.43
-80.5901
-79.8056
-79.0697
-78.3763
-77.7191
-77.0923
-76.4902
-75.9072
-75.3376
-74.7756
-74.2149
-73.6484
-73.068
-72.4636
-71.8223
-71.1265
-70.3504
-69.4545
-68.3721
-66.9786
-65.0057
-61.7312
-54.3395
-22.536
45.2041
49.1922
43.6219
27.2604
5.22069
-8.23148
-18.9428
-30.0218
-42.1858
-70.3414
-93.3469
-94.6941
-94.6761
-94.3807
-93.8147
-92.9581
-91.8557
-90.5974
-89.2746
-87.9567
-86.6862
-85.4848
-84.361
-83.3151
-82.3435
-81.4405
-80.5995
-79.814
-79.0773
-78.383
-77.7251
-77.0976
-76.4949
-75.9113
-75.3412
-74.7788
-74.2176
-73.6507
-73.07
-72.4653
-71.8237
-71.1275
-70.3512
-69.4551
-68.3725
-66.9789
-65.0058
-61.7313
-54.3402
-22.5419
45.1989
49.1922
43.6222
27.2615
5.22183
-8.23064
-18.942
-30.021
-42.1843
-70.338
-93.3466
-94.694
-94.6761
-94.3807
-93.8148
-92.9582
-91.8558
-90.5974
-89.2746
-87.9566
-86.6858
-85.4843
-84.3603
-83.3142
-82.3424
-81.4392
-80.598
-79.8123
-79.0753
-78.3808
-77.7227
-77.095
-76.4921
-75.9083
-75.3379
-74.7751
-74.2136
-73.6463
-73.0651
-72.4599
-71.8176
-71.1206
-70.3431
-69.4452
-68.36
-66.962
-64.9803
-61.6845
-54.2119
-21.8143
45.7967
49.1931
43.5967
27.1853
5.13996
-8.2913
-18.9989
-30.0771
-42.2938
-70.5901
-93.3701
-94.6955
-94.6747
-94.377
-93.8084
-92.949
-91.8445
-90.5847
-89.2614
-87.9434
-86.6731
-85.4722
-84.3488
-83.3033
-82.3321
-81.4294
-80.5887
-79.8034
-79.0668
-78.3726
-77.7147
-77.0871
-76.4843
-75.9005
-75.3301
-74.7672
-74.2055
-73.6379
-73.0562
-72.4504
-71.8072
-71.109
-70.3299
-69.4295
-68.3405
-66.9358
-64.941
-61.6124
-54.0114
-20.6698
46.6036
49.1967
43.567
27.0846
5.0255
-8.37766
-19.0805
-30.1577
-42.4519
-70.9515
-93.4028
-94.6974
-94.6725
-94.3714
-93.7985
-92.9349
-91.8271
-90.5654
-89.2414
-87.9236
-86.6541
-85.4541
-84.3319
-83.2875
-82.3174
-81.4156
-80.5758
-79.7913
-79.0553
-78.3617
-77.7043
-77.0772
-76.4746
-75.891
-75.3208
-74.7579
-74.1961
-73.6283
-73.0463
-72.44
-71.7961
-71.0968
-70.316
-69.4132
-68.3202
-66.9089
-64.9005
-61.5378
-53.8029
-19.4721
47.2771
49.203
43.5472
26.9996
4.91969
-8.45973
-19.1587
-30.2351
-42.6047
-71.298
-93.4326
-94.699
-94.6701
-94.3655
-93.7884
-92.9204
-91.8093
-90.5457
-89.221
-87.9035
-86.6348
-85.4359
-84.3149
-83.2717
-82.3027
-81.402
-80.5632
-79.7795
-79.0443
-78.3514
-77.6945
-77.0679
-76.4657
-75.8825
-75.3124
-74.7497
-74.1879
-73.6201
-73.038
-72.4313
-71.7869
-71.0868
-70.3048
-69.4001
-68.3041
-66.8874
-64.8684
-61.4786
-53.6363
-18.512
47.7139
49.2091
43.5366
26.9408
4.84126
-8.52185
-19.2182
-30.2942
-42.7219
-71.5625
-93.4543
-94.7001
-94.6682
-94.3609
-93.7803
-92.909
-91.7953
-90.5302
-89.2051
-87.8878
-86.6198
-85.4219
-84.3018
-83.2597
-82.2916
-81.3918
-80.5537
-79.7707
-79.0362
-78.3438
-77.6875
-77.0613
-76.4595
-75.8765
-75.3067
-74.7442
-74.1826
-73.6148
-73.0326
-72.4258
-71.7812
-71.0807
-70.2981
-69.3924
-68.2947
-66.875
-64.8499
-61.4444
-53.5397
-17.9535
47.9332
49.213
43.5319
26.9088
4.79706
-8.55704
-19.252
-30.3276
-42.7884
-71.7118
-93.4662
-94.7006
-94.667
-94.3582
-93.7757
-92.9024
-91.7872
-90.5214
-89.196
-87.8789
-86.6113
-85.414
-84.2945
-83.253
-82.2855
-81.3862
-80.5487
-79.7661
-79.032
-78.34
-77.684
-77.0581
-76.4565
-75.8738
-75.3042
-74.7419
-74.1804
-73.6128
-73.0307
-72.4239
-71.7794
-71.0788
-70.2961
-69.3903
-68.2922
-66.8719
-64.8453
-61.4361
-53.5164
-17.8201
47.9823
49.2139
43.5307
26.901
4.78617
-8.56573
-19.2603
-30.3359
-42.8049
-71.7485
-93.4691
-94.7007
-94.6668
-94.3575
-93.7746
-92.9009
-91.7853
-90.5193
-89.1939
-87.8769
-86.6094
-85.4122
-84.293
-83.2516
-82.2843
-81.3852
-80.5479
-79.7655
-79.0316
-78.3397
-77.6838
-77.058
-76.4567
-75.8741
-75.3046
-74.7424
-74.181
-73.6135
-73.0316
-72.425
-71.7807
-71.0804
-70.298
-69.3927
-68.2953
-66.8762
-64.852
-61.4488
-53.5531
-18.0334
47.903
49.2123
43.5321
26.9122
4.80211
-8.55295
-19.248
-30.3237
-42.7806
-71.6941
-93.4648
-94.7005
-94.6672
-94.3585
-93.7763
-92.9034
-91.7884
-90.5227
-89.1975
-87.8804
-86.6129
-85.4155
-84.2961
-83.2546
-82.2872
-81.388
-80.5505
-79.768
-79.034
-78.3421
-77.6862
-77.0604
-76.459
-75.8764
-75.307
-74.7449
-74.1836
-73.6163
-73.0345
-72.4282
-71.7841
-71.0843
-70.3025
-69.398
-68.3021
-66.8853
-64.8658
-61.4746
-53.6265
-18.4601
47.7354
49.2093
43.5354
26.9358
4.83505
-8.52668
-19.2228
-30.2987
-42.7308
-71.5825
-93.4559
-94.7002
-94.6681
-94.3606
-93.7799
-92.9084
-91.7946
-90.5295
-89.2045
-87.8874
-86.6196
-85.4219
-84.3021
-83.2602
-82.2924
-81.3929
-80.5551
-79.7724
-79.0381
-78.346
-77.6899
-77.064
-76.4625
-75.8799
-75.3105
-74.7483
-74.1871
-73.6199
-73.0383
-72.4321
-71.7884
-71.089
-70.3079
-69.4044
-68.31
-66.896
-64.882
-61.5046
-53.7116
-18.9536
47.5226
49.2061
43.5402
26.9648
4.87435
-8.49547
-19.1929
-30.2691
-42.6719
-71.4494
-93.4451
-94.6996
-94.6691
-94.363
-93.784
-92.9143
-91.8018
-90.5375
-89.2127
-87.8955
-86.6273
-85.4292
-84.3089
-83.2665
-82.2983
-81.3983
-80.5602
-79.7771
-79.0426
-78.3502
-77.6939
-77.0678
-76.4662
-75.8835
-75.314
-74.7518
-74.1906
-73.6234
-73.0419
-72.4359
-71.7924
-71.0934
-70.3129
-69.4103
-68.3173
-66.9057
-64.8967
-61.5318
-53.7882
-19.3954
47.315
49.2033
43.5453
26.9924
4.9109
-8.46655
-19.1652
-30.2416
-42.6173
-71.3263
-93.4349
-94.6991
-94.6699
-94.3651
-93.7877
-92.9196
-91.8083
-90.5447
-89.2201
-87.9028
-86.6343
-85.4358
-84.315
-83.2722
-82.3035
-81.4032
-80.5647
-79.7813
-79.0465
-78.3539
-77.6973
-77.0711
-76.4693
-75.8864
-75.3168
-74.7545
-74.1933
-73.6261
-73.0447
-72.4388
-71.7955
-71.0967
-70.3166
-69.4146
-68.3226
-66.9128
-64.9073
-61.5515
-53.8438
-19.7166
47.1526
49.2014
43.5496
27.0135
4.9382
-8.4451
-19.1447
-30.2212
-42.5771
-71.2355
-93.4273
-94.6988
-94.6706
-94.3667
-93.7905
-92.9234
-91.813
-90.5499
-89.2255

