-70
-62.8073
-49.4733
9.66552
49.8677
48.698
40.916
21.8723
1.29143
-11.0019
-21.5873
-32.3501
-46.6946
-78.4613
-93.309
-94.5056
-94.641
-94.5336
-94.2852
-93.9204
-93.4591
-92.9236
-92.3337
-91.7029
-91.0387
-90.3435
-89.6161
-88.8531
-88.0493
-87.1981
-86.2909
-85.3174
-84.2641
-83.1141
-81.8446
-80.4247
-78.8104
-76.936
-74.697
-71.9102
-68.2064
-62.638
-51.4145
-4.43351
49.7117
49.2557
43.2021
25.6921
3.44344
-9.55709
-20.1151
-31.0518
-44.0387
-73.4944
-92.8562
-94.4322
-94.6247
-94.5377
-94.3053
-93.9607
-93.5277
-93.0302
-92.4889
-91.9179
-91.3251
-90.7139
-90.0844
-89.4348
-88.7622
-88.0627
-87.3316
-86.5631
-85.7506
-84.8858
-83.9583
-82.9551
-81.8592
-80.6482
-79.2909
-77.7423
-75.9349
-73.7587
-71.0166
-67.2961
-61.4806
-48.674
9.54975
49.8417
48.659
40.636
21.0765
0.557533
-11.6259
-22.2886
-32.9666
-48.0021
-80.4088
-93.3965
-94.5022
-94.6275
-94.5173
-94.2742
-93.9284
-93.5043
-93.0261
-92.5135
-91.9801
-91.4334
-90.8765
-90.31
-89.7327
-89.1425
-88.5369
-87.9125
-87.2659
-86.5927
-85.888
-85.146
-84.3596
-83.5202
-82.6169
-81.6358
-80.5584
-79.3599
-78.0051
-76.4428
-74.5923
-72.3174
-69.3577
-65.1131
-57.6621
-35.5963
39.8547
49.3654
44.7431
30.1994
8.40985
-5.96908
-16.7968
-27.7497
-37.913
-59.5857
-90.4054
-94.1913
-94.6204
-94.6186
-94.4517
-94.1704
-93.7997
-93.3647
-92.8889
-92.3898
-91.8786
-91.3609
-90.8388
-90.3124
-89.7803
-89.2409
-88.6918
-88.1307
-87.5545
-86.9603
-86.3445
-85.7029
-85.0308
-84.3225
-83.571
-82.768
-81.9026
-80.961
-79.9251
-78.77
-77.4606
-75.9451
-74.1417
-71.9106
-68.9812
-64.7175
-57.0207
-32.8639
41.0517
49.3426
44.6785
30.168
8.50438
-5.86267
-16.6883
-27.6309
-37.7077
-59.1124
-90.2922
-94.1991
-94.6288
-94.6269
-94.4618
-94.1838
-93.8185
-93.3917
-92.9273
-92.4433
-91.9509
-91.4557
-90.9597
-90.4632
-89.965
-89.4635
-88.9569
-88.4429
-87.9193
-87.3837
-86.8332
-86.2649
-85.6754
-85.0607
-84.4161
-83.736
-83.0138
-82.241
-81.4072
-80.4988
-79.4977
-78.3795
-77.1094
-75.6358
-73.8773
-71.6938
-68.8126
-64.5889
-56.878
-32.2394
41.2415
49.3445
44.7284
30.3633
8.78831
-5.6535
-16.4946
-27.4258
-37.3624
-58.2942
-89.9982
-94.1847
-94.6312
-94.6337
-94.4724
-94.1992
-93.8397
-93.4202
-92.965
-92.4922
-92.0132
-91.5338
-91.0561
-90.5802
-90.1052
-89.6295
-89.1516
-88.6693
-88.1809
-87.6841
-87.1767
-86.6562
-86.12
-85.5648
-84.9874
-84.3835
-83.7482
-83.0758
-82.3592
-81.5894
-80.7551
-79.8415
-78.8288
-77.6897
-76.3849
-74.8544
-73.0011
-70.6506
-67.4426
-62.4332
-51.84
-6.17981
49.6587
49.345
44.0822
28.2866
6.23275
-7.47532
-18.168
-29.1529
-40.3884
-65.4611
-91.901
-94.3412
-94.6414
-94.6003
-94.4095
-94.1126
-93.7368
-93.3095
-92.8542
-92.3875
-91.9189
-91.4531
-90.9913
-90.5334
-90.078
-89.6236
-89.1685
-88.711
-88.2492
-87.7812
-87.305
-86.8185
-86.3194
-85.805
-85.2726
-84.7187
-84.1395
-83.5303
-82.8858
-82.1991
-81.462
-80.6638
-79.791
-78.8249
-77.7407
-76.5024
-75.056
-73.3152
-71.1286
-68.1945
-63.7697
-55.2081
-24.187
43.9266
49.3315
44.616
30.0742
8.46595
-5.86304
-16.6812
-27.6208
-37.6888
-59.084
-90.3387
-94.2222
-94.6406
-94.6348
-94.4687
-94.1925
-93.8329
-93.4171
-92.9699
-92.5095
-92.0468
-91.5871
-91.1325
-90.6827
-90.2367
-89.7932
-89.3504
-88.9067
-88.4604
-88.0096
-87.5526
-87.0874
-86.612
-86.1241
-85.6212
-85.1005
-84.5588
-83.9922
-83.3964
-82.7659
-82.0943
-81.3735
-80.5932
-79.7401
-78.7966
-77.7384
-76.5313
-75.1235
-73.4332
-71.3182
-68.4989
-64.304
-56.452
-30.2345
41.5277
49.3469
44.8042
30.6564
9.21748
-5.33813
-16.2033
-27.1161
-36.8535
-57.0986
-89.5162
-94.1652
-94.6363
-94.6442
-94.488
-94.221
-93.8695
-93.4604
-93.0186
-92.5627
-92.1041
-91.6487
-91.1986
-90.754
-90.3139
-89.8769
-89.4416
-89.0062
-88.569
-88.1285
-87.6828
-87.2302
-86.7687
-86.2962
-85.8105
-85.3089
-84.7886
-84.2462
-83.6777
-83.0785
-82.443
-81.7642
-81.0336
-80.2399
-79.3691
-78.4016
-77.3107
-76.0578
-74.5842
-72.7941
-70.5153
-67.3918
-62.4919
-52.1021
-7.43035
49.6138
49.3721
44.307
28.917
6.93656
-6.97576
-17.7092
-28.6889
-39.5489
-63.4893
-91.5291
-94.3089
-94.6422
-94.6118
-94.429
-94.14
-93.7724
-93.3541
-92.9092
-92.4547
-92.0005
-91.5513
-91.1084
-90.6717
-90.24
-89.8118
-89.3855
-88.9596
-88.5324
-88.1022
-87.6674
-87.2262
-86.777
-86.3175
-85.8457
-85.3592
-84.8553
-84.3308
-83.7821
-83.2051
-82.5943
-81.9438
-81.2456
-80.49
-79.6643
-78.7518
-77.7294
-76.5647
-75.2092
-73.587
-71.5675
-68.899
-64.9966
-57.9916
-37.0472
39.1978
49.4152
45.1997
31.6565
10.3651
-4.60839
-15.561
-26.4373
-35.8379
-54.685
-88.1008
-94.0607
-94.6226
-94.6522
-94.5102
-94.2563
-93.917
-93.5181
-93.0848
-92.6362
-92.1843
-91.7356
-91.2928
-90.8561
-90.4249
-89.9979
-89.5736
-89.1505
-88.7271
-88.3016
-87.8725
-87.4382
-86.9969
-86.5467
-86.0856
-85.6113
-85.1214
-84.6131
-84.083
-83.5274
-82.9417
-82.3204
-81.6568
-80.9425
-80.1668
-79.3159
-78.3709
-77.3062
-76.0847
-74.6501
-72.9115
-70.7073
-67.7075
-63.0717
-53.6187
-15.6928
48.7588
49.3734
44.5698
29.7997
8.05283
-6.17053
-16.9672
-27.9227
-38.2067
-60.3186
-90.745
-94.252
-94.643
-94.6294
-94.458
-94.1783
-93.8176
-93.4039
-92.9621
-92.51
-92.0582
-91.6117
-91.1721
-90.7394
-90.3123
-89.8894
-89.4693
-89.0502
-88.6307
-88.209
-87.7837
-87.353
-86.9153
-86.4686
-86.011
-85.5403
-85.054
-84.5492
-84.0228
-83.4708
-82.8888
-82.2714
-81.6119
-80.9019
-80.1308
-79.2847
-78.3451
-77.2864
-76.0718
-74.6454
-72.9169
-70.7263
-67.7472
-63.1519
-53.8301
-16.8368
48.4773
49.3651
44.5706
29.845
8.13713
-6.10373
-16.904
-27.8556
-38.0901
-60.0407
-90.6615
-94.2468
-94.6433
-94.6313
-94.4614
-94.183
-93.8236
-93.411
-92.9702
-92.5192
-92.0685
-91.6233
-91.1851
-90.7539
-90.3286
-89.9077
-89.4898
-89.0731
-88.6561
-88.2374
-87.8152
-87.388
-86.954
-86.5115
-86.0585
-85.5928
-85.1121
-84.6135
-84.094
-83.5499
-82.9769
-82.3697
-81.722
-81.0258
-80.271
-79.4447
-78.5296
-77.5017
-76.3272
-74.9552
-73.3048
-71.2359
-68.4723
-64.3523
-56.6398
-31.0821
41.5239
49.3532
44.8726
30.891
9.54611
-5.10348
-15.9886
-26.8869
-36.4831
-56.2252
-89.088
-94.1411
-94.6362
-94.6497
-94.4978
-94.2353
-93.8887
-93.4849
-93.049
-92.6
-92.1494
-91.7033
-91.2638
-90.8312
-90.4046
-89.9827
-89.5639
-89.1466
-88.7295
-88.3107
-87.8889
-87.4623
-87.0294
-86.5883
-86.137
-85.6735
-85.1954
-84.7001
-84.1844
-83.6449
-83.0772
-82.4765
-81.8365
-81.1496
-80.4062
-79.5939
-78.6961
-77.6907
-76.5455
-75.2139
-73.6215
-71.6426
-69.0353
-65.2445
-58.5353
-39.2491
37.0359
49.4694
45.5048
32.3888
11.179
-4.1235
-15.1457
-25.9981
-35.5746
-54.0348
-87.5787
-94.0157
-94.6151
-94.6536
-94.5172
-94.2685
-93.9339
-93.5393
-93.1096
-92.6641
-92.2152
-91.7696
-91.3302
-90.8975
-90.4708
-90.0489
-89.6303
-89.2137
-88.7974
-88.3798
-87.9596
-87.535
-87.1044
-86.666
-86.218
-85.7583
-85.2846
-84.7943
-84.2845
-83.7517
-83.1918
-82.6001
-81.9707
-81.2964
-80.5681
-79.7741
-78.8991
-77.9223
-76.8145
-75.533
-74.0119
-72.1405
-69.7143
-66.2859
-60.5766
-46.5627
19.5788
49.7969
47.8195
38.3227
18.3836
-0.315871
-12.1112
-22.7565
-33.2964
-48.7101
-81.5649
-93.5473
-94.5437
-94.6549
-94.5508
-94.3256
-94.0092
-93.6274
-93.2053
-92.7638
-92.3167
-91.872
-91.433
-91.0009
-90.5751
-90.1547
-89.7381
-89.324
-88.9107
-88.4969
-88.0809
-87.6612
-87.2363
-86.8043
-86.3635
-85.912
-85.4475
-84.9676
-84.4697
-83.9503
-83.406
-82.8321
-82.2235
-81.5735
-80.8741
-80.1149
-79.2824
-78.3586
-77.3187
-76.1273
-74.7307
-73.0429
-70.9126
-68.0359
-63.6599
-55.0823
-23.4524
44.7275
49.3395
44.6876
30.338
8.84318
-5.58641
-16.4256
-27.3502
-37.2341
-58.0051
-89.9384
-94.2007
-94.6424
-94.6422
-94.4806
-94.2094
-93.8554
-93.4463
-93.0075
-92.5574
-92.1072
-91.6624
-91.2248
-90.7945
-90.3705
-89.9514
-89.5356
-89.1216
-88.7078
-88.2926
-87.8746
-87.4521
-87.0235
-86.587
-86.1408
-85.6827
-85.2105
-84.7216
-84.213
-83.6813
-83.1224
-82.5315
-81.9027
-81.2287
-80.5003
-79.7058
-78.8297
-77.8508
-76.7396
-75.4529
-73.923
-72.0372
-69.5846
-66.1007
-60.2381
-45.465
23.526
49.7459
47.3086
36.8581
16.3994
-1.35508
-12.9142
-23.6226
-33.9657
-50.212
-83.567
-93.6907
-94.5629
-94.6541
-94.5421
-94.3117
-93.9919
-93.6081
-93.1853
-92.744
-92.2977
-91.8539
-91.416
-90.9851
-90.5605
-90.1413
-89.7261
-89.3133
-88.9015
-88.4892
-88.0748
-87.6569
-87.2338
-86.8039
-86.3652
-85.916
-85.4541
-84.9771
-84.4822
-83.9663
-83.4257
-82.8562
-82.2524
-81.608
-80.9151
-80.1634
-79.34
-78.4272
-77.4012
-76.2275
-74.8548
-73.2011
-71.1231
-68.3379
-64.1607
-56.2406
-29.2119
41.5445
49.3528
44.8669
30.8649
9.5048
-5.13312
-16.016
-26.9168
-36.5316
-56.3453
-89.1633
-94.1488
-94.6377
-94.6493
-94.4956
-94.2314
-93.8832
-93.4782
-93.0418
-92.5929
-92.143
-91.6981
-91.2604
-90.8299
-90.4059
-89.9868
-89.5713
-89.1578
-88.7448
-88.3306
-87.9138
-87.4928
-87.0659
-86.6315
-86.1876
-85.7323
-85.2633
-84.778
-84.2736
-83.7466
-83.1932
-82.6087
-81.9873
-81.322
-80.6041
-79.8223
-78.9616
-78.0023
-76.9163
-75.663
-74.18
-72.364
-70.0266
-66.7646
-61.4733
-49.3389
7.27829
49.8324
48.9215
42.1316
24.4824
3.33456
-9.42293
-19.9305
-30.8302
-43.5487
-72.4664
-92.8135
-94.4498
-94.6533
-94.5826
-94.3774
-94.0745
-93.7004
-93.2819
-92.8413
-92.394
-91.9488
-91.5099
-91.0783
-90.6538
-90.2353
-89.8212
-89.4103
-89.0008
-88.5914
-88.1805
-87.7667
-87.3482
-86.9236
-86.491
-86.0487
-85.5945
-85.1262
-84.6412
-84.1366
-83.6089
-83.0542
-82.4677
-81.8433
-81.174
-80.4505
-79.6613
-78.7909
-77.8182
-76.714
-75.4352
-73.9148
-72.041
-69.6047
-66.147
-60.3422
-45.8214
22.31
49.7637
47.4743
37.3278
17.0308
-1.01934
-12.6504
-23.3378
-33.7501
-49.7246
-82.9539
-93.6482
-94.5575
-94.6547
-94.5452
-94.3166
-93.9982
-93.6157
-93.194
-92.7539
-92.3088
-91.8665
-91.4304
-91.0014
-90.5791
-90.1624
-89.75
-89.3404
-88.9321
-88.5236
-88.1134
-87.7
-87.282
-86.8575
-86.4249
-85.9824
-85.5278
-85.0589
-84.573
-84.0672
-83.538
-82.9813
-82.3922
-81.7647
-81.0915
-80.3632
-79.5679
-78.6896
-77.7068
-76.5891
-75.2915
-73.7441
-71.8285
-69.321
-65.72
-59.5218
-42.9914
30.556
49.6149
46.3602
34.4287
13.4585
-2.86901
-14.1102
-24.9001
-34.8652
-52.3073
-85.9578
-93.8791
-94.5922
-94.6546
-94.5302
-94.2913
-93.9652
-93.5773
-93.1527
-92.7111
-92.2656
-91.8234
-91.3876
-90.9589
-90.5368
-90.1203
-89.7079
-89.2981
-88.8895
-88.4806
-88.0699
-87.6558
-87.2369
-86.8114
-86.3777
-85.9337
-85.4775
-85.0067
-84.5187
-84.0105
-83.4784
-82.9183
-82.3253
-81.6933
-81.0145
-80.2796
-79.4761
-78.5877
-77.592
-76.4574
-75.1369
-73.5569
-71.5913
-68.9986
-65.224
-58.5313
-39.257
37.0362
49.4716
45.525
32.4607
11.2882
-4.04658
-15.0762
-25.9226
-35.5262
-53.9194
-87.4959
-94.012
-94.6152
-94.6545
-94.5186
-94.2705
-93.9366
-93.5429
-93.1144
-92.6705
-92.2237
-91.7808
-91.3446
-90.9156
-90.4931
-90.0761
-89.6631
-89.2526
-88.8431
-88.4331
-88.0212
-87.6057
-87.1851
-86.7578
-86.3219
-85.8756
-85.4167
-84.9428
-84.4513
-83.939
-83.4024
-82.8372
-82.2382
-81.599
-80.912
-80.1671
-79.3515
-78.4479
-77.4332
-76.2735
-74.9192
-73.2904
-71.2498
-68.5273
-64.4804
-56.9641
-32.6019
41.316
49.3642
44.9435
31.1
9.81754
-4.91784
-15.8212
-26.7083
-36.1991
-55.5539
-88.7082
-94.1158
-94.6334
-94.6521
-94.5035
-94.2441
-93.9001
-93.4985
-93.0644
-92.617
-92.1681
-91.724
-91.287
-90.8575
-90.4345
-90.0169
-89.603
-89.1915
-88.7808
-88.3693
-87.9556
-87.5382
-87.1153
-86.6853
-86.2465
-85.7968
-85.334
-84.8558
-84.3593
-83.8414
-83.2984
-82.7257
-82.1179
-81.4686
-80.7695
-80.0101
-79.1767
-78.2513
-77.2085
-76.012
-74.6073
-72.9057
-70.7508
-67.8252
-63.3308
-54.3196
-19.481
47.5132
49.3517
44.6095
30.0546
8.46171
-5.85938
-16.6761
-27.6146
-37.6774
-59.0571
-90.3376
-94.2264
-94.6433
-94.6367
-94.4705
-94.1953
-93.8384
-93.4275
-92.988
-92.5382
-92.0889
-91.6455
-91.2097
-90.7816
-90.3601
-89.9438
-89.5312
-89.1206
-88.7107
-88.2999
-87.8865
-87.4692
-87.0463
-86.616
-86.1765
-85.726
-85.2622
-84.7826
-84.2843
-83.7642
-83.2184
-82.6423
-82.0306
-81.3763
-80.6712
-79.9043
-79.0616
-78.1241
-77.0655
-75.848
-74.4136
-72.668
-70.4423
-67.3863
-62.5874
-52.4463
-9.2739
49.5247
49.3994
44.5177
29.4845
7.56602
-6.5406
-17.3136
-28.2859
-38.8397
-61.8186
-91.1465
-94.2781
-94.6415
-94.6197
-94.4425
-94.1583
-93.7952
-93.3812
-92.941
-92.4921
-92.0449
-91.604
-91.1711
-90.7459
-90.3273
-89.9139
-89.5043
-89.0967
-88.6899
-88.2821
-87.8719
-87.4579
-87.0383
-86.6116
-86.1759
-85.7293
-85.2696
-84.7944
-84.301
-83.7862
-83.2461
-82.6765
-82.0718
-81.4257
-80.7298
-79.9737
-79.1439
-78.2221
-77.1833
-75.991
-74.5908
-72.8943
-70.7453
-67.8267
-63.3422
-54.3522
-19.6385
47.4327
49.3497
44.6087
30.0585
8.47019
-5.85254
-16.6697
-27.6077
-37.6658
-59.0303
-90.3289
-94.226
-94.6435
-94.6371
-94.4712
-94.1964
-93.8401
-93.43
-92.9915
-92.5428
-92.0949
-91.653
-91.2189
-90.7926
-90.3731
-89.959
-89.5486
-89.1406
-88.7333
-88.3254
-87.9151
-87.5011
-87.0818
-86.6555
-86.2203
-85.7745
-85.3158
-84.8418
-84.3498
-83.8367
-83.2988
-82.7318
-82.1302
-81.4878
-80.7964
-80.046
-79.223
-78.3101
-77.2824
-76.1053
-74.726
-73.0602
-70.9598
-68.1292
-63.8418
-55.5336
-25.7401
42.1374
49.3511
44.8252
30.7043
9.26634
-5.30654
-16.1757
-27.0881
-36.8087
-57.0001
-89.4905
-94.1707
-94.6399
-94.6462
-94.4888
-94.2211
-93.87
-93.4631
-93.0259
-92.5773
-92.1285
-91.6853
-91.2498
-90.822
-90.4009
-89.9853
-89.5736
-89.1642
-88.7557
-88.3465
-87.935
-87.5199
-87.0995
-86.672
-86.2358
-85.7889
-85.3292
-84.8541
-84.3611
-83.8469
-83.308
-82.7398
-82.1371
-81.4935
-80.8009
-80.0491
-79.2247
-78.31
-77.2806
-76.1013
-74.7193
-73.05
-70.9447
-68.1062
-63.8027
-55.4426
-25.2872
42.7034
49.3474
44.7925
30.6224
9.17535
-5.36519
-16.2276
-27.1423
-36.8961
-57.2061
-89.5868
-94.177
-94.6404
-94.6454
-94.4871
-94.2186
-93.8669
-93.4595
-93.0219
-92.5729
-92.1237
-91.6801
-91.2442
-90.8159
-90.3945
-89.9783
-89.5661
-89.1561
-88.747
-88.3371
-87.925
-87.5091
-87.0879
-86.6595
-86.2224
-85.7745
-85.3137
-84.8375
-84.3431
-83.8275
-83.2869
-82.7169
-82.1121
-81.4661
-80.7706
-80.0154
-79.187
-78.2674
-77.2316
-76.044
-74.6508
-72.9652
-70.8342
-67.9499
-63.545
-54.8378
-22.1917
45.8228
49.3401
44.6524
30.2356
8.71999
-5.67089
-16.5021
-27.4304
-37.3674
-58.3203
-90.0636
-94.2088
-94.6427
-94.6406
-94.4777
-94.2054
-93.8508
-93.4415
-93.0029
-92.5536
-92.1046
-91.6613
-91.2258
-90.798
-90.3769
-89.9611
-89.5492
-89.1395
-88.7306
-88.321
-87.909
-87.4933
-87.0722
-86.644
-86.2069
-85.759
-85.2981
-84.8218
-84.3274
-83.8116
-83.2708
-82.7004
-82.0951
-81.4486
-80.7524
-79.9963
-79.1667
-78.2456
-77.2078
-76.0174
-74.6203
-72.9288
-70.7883
-67.8863
-63.4407
-54.5903
-20.897
46.7359
49.3438
44.6251
30.1364
8.58567
-5.76688
-16.5901
-27.5234
-37.5233
-58.6908
-90.2054
-94.2179
-94.6431
-94.6387
-94.4742
-94.2006
-93.845
-93.4351
-92.9964
-92.5471
-92.0983
-91.6554
-91.2203
-90.7929
-90.3723
-89.9571
-89.5457
-89.1366
-88.7283
-88.3192
-87.9079
-87.4929
-87.0724
-86.645
-86.2087
-85.7617
-85.3018
-84.8266
-84.3332
-83.8187
-83.2793
-82.7105
-82.107
-81.4625
-80.7687
-80.0153
-79.1891
-78.272
-77.2392
-76.0555
-74.6672
-72.9884
-70.8676
-68.0006
-63.6329
-55.0505
-23.2932
44.8714
49.3393
44.6877
30.3443
8.85598
-5.57646
-16.4163
-27.3401
-37.2171
-57.9633
-89.9188
-94.1991
-94.6421
-94.6422
-94.4809
-94.2099
-93.8563
-93.4478
-93.0096
-92.5605
-92.1117
-91.6685
-91.2331
-90.8055
-90.3846
-89.9692
-89.5576
-89.1484
-88.7401
-88.3311
-87.9198
-87.5049
-87.0847
-86.6576
-86.2216
-85.7751
-85.3157
-84.841
-84.3484
-83.8347
-83.2963
-82.7287
-82.1266
-81.4838
-80.792
-80.0411
-79.2178
-78.3044
-77.2765
-76.099
-74.7194
-73.0532
-70.9525
-68.1212
-63.8324
-55.5182
-25.6751
42.2146
49.3505
44.8201
30.6911
9.25138
-5.31642
-16.1845
-27.0973
-36.8237
-57.0354
-89.5062
-94.1713
-94.6396
-94.6458
-94.4883
-94.2204
-93.8692
-93.4621
-93.0246
-92.5756
-92.1265
-91.683
-91.2471
-90.8189
-90.3977
-89.9818
-89.5699
-89.1604
-88.7518
-88.3426
-87.9313
-87.5163
-87.0961
-86.669
-86.2332
-85.7868
-85.3276
-84.8533
-84.3611
-83.8479
-83.31
-82.7432
-82.1421
-81.5003
-80.8098
-80.0606
-79.2394
-78.3286
-77.3041
-76.1312
-74.7578
-73.1008
-71.0146
-68.2091
-63.9775
-55.8539
-27.3507
41.2964
49.3561
44.8761
30.8503
9.44828
-5.18316
-16.0646
-26.9704
-36.6196
-56.5543
-89.2695
-94.1554
-94.6381
-94.6477
-94.4925
-94.2267
-93.8772
-93.4712
-93.0343
-92.5855
-92.1363
-91.6926
-91.2564
-90.8279
-90.4063
-89.9902
-89.578
-89.1683
-88.7595
-88.3502
-87.9387
-87.5237
-87.1035
-86.6764
-86.2407
-85.7944
-85.3354
-84.8613
-84.3694
-83.8566
-83.3192
-82.753
-82.1525
-81.5116
-80.8222
-80.0742
-79.2546
-78.3458
-77.3238
-76.1543
-74.7857
-73.1356
-71.0603
-68.274
-64.0848
-56.1004
-28.5598
41.4714
49.3533
44.8694
30.8628
9.49298
-5.14425
-16.027
-26.929
-36.5517
-56.3922
-89.1849
-94.1495
-94.6374
-94.6486
-94.4946
-94.2301
-93.8817
-93.4766
-93.0403
-92.5918
-92.1427
-91.6988
-91.2625
-90.8338
-90.412
-89.9957
-89.5834
-89.1736
-88.7647
-88.3553
-87.9438
-87.5289
-87.1087
-86.6817
-86.2461
-85.8
-85.3412
-84.8674
-84.3759
-83.8635
-83.3266
-82.7609
-82.1612
-81.5211
-80.8327
-80.086
-79.268
-78.3611
-77.3417
-76.1754
-74.8114
-73.1679
-71.1027
-68.3345
-64.1843
-56.3271
-29.654
41.5471
49.353
44.874
30.8958
9.55288
-5.09813
-15.9838
-26.8821
-36.4756
-56.2112
-89.0866
-94.1424
-94.6365
-94.6493
-94.4967
-94.2335
-93.8862
-93.4821
-93.0464
-92.5981
-92.1491
-91.7052
-91.2687
-90.84
-90.4181
-90.0016
-89.5892
-89.1794
-88.7705
-88.3612
-87.9498
-87.5349
-87.1149
-86.6881
-86.2529
-85.8071
-85.3487
-84.8754
-84.3844
-83.8727
-83.3365
-82.7718
-82.1731
-81.5342
-80.8473
-80.1024
-79.2866
-78.3824
-77.3665
-76.2048
-74.8469
-73.2124
-71.161
-68.4175
-64.3201
-56.6321
-31.0972
41.5129
49.356
44.8967
30.9728
9.66155
-5.02155
-15.9139
-26.807
-36.355
-55.9237
-88.9241
-94.1304
-94.6348
-94.6503
-94.4997
-94.2383
-93.8928
-93.4899
-93.0551
-92.6073
-92.1585
-91.7146
-91.2781
-90.8493
-90.4273
-90.0108
-89.5984
-89.1886
-88.7798
-88.3706
-87.9595
-87.5449
-87.1252
-86.6988
-86.264
-85.8189
-85.3612
-84.8886
-84.3985
-83.8878
-83.3529
-82.7895
-82.1924
-81.5555
-80.8709
-80.1288
-79.3162
-78.4163
-77.4056
-76.2509
-74.9025
-73.2815
-71.2512
-68.5443
-64.5257
-57.0855
-33.1791
41.1541
49.3682
44.9674
31.1609
9.88807
-4.87319
-15.782
-26.6667
-36.1375
-55.4064
-88.6113
-94.1068
-94.6313
-94.6518
-94.5045
-94.2462
-93.9034
-93.5026
-93.0692
-92.6222
-92.1737
-91.7299
-91.2934
-90.8646
-90.4425
-90.026
-89.6137
-89.2041
-88.7955
-88.3866
-87.9759
-87.5618
-87.1427
-86.7171
-86.2831
-85.8389
-85.3823
-84.911
-84.4224
-83.9133
-83.3803
-82.8191
-82.2247
-81.5909
-80.9099
-80.1721
-79.365
-78.4716
-77.4693
-76.3256
-74.9921
-73.3923
-71.395
-68.7453
-64.8473
-57.7771
-36.205
39.8023
49.4049
45.1657
31.6342
10.408
-4.55524
-15.5065
-26.3759
-35.7983
-54.5942
-88.054
-94.0622
-94.624
-94.6535
-94.5118
-94.2585
-93.9201
-93.5226
-93.0914
-92.6457
-92.1979
-91.7545
-91.3181
-90.8892
-90.4673
-90.0509
-89.6388
-89.2295
-88.8215
-88.4132
-88.0032
-87.59
-87.172
-86.7475
-86.315
-85.8724
-85.4176
-84.9484
-84.4622
-83.9559
-83.426
-82.8684
-82.2782
-81.6493
-80.9742
-80.2433
-79.4446
-78.5617
-77.5727
-76.4462
-75.136
-73.5696
-71.6233
-69.0611
-65.3436
-58.8048
-40.3684
35.4879
49.5066
45.719
32.9102
11.7731
-3.77589
-14.8509
-25.6846
-35.3786
-53.5534
-87.1561
-93.9779
-94.608
-94.6537
-94.5211
-94.2758
-93.9442
-93.5522
-93.1247
-92.6812
-92.2347
-91.7919
-91.356
-90.9275
-90.5059
-90.09
-89.6785
-89.27
-88.8629
-88.4558
-88.0472
-87.6355
-87.2193
-86.797
-86.3668
-85.9269
-85.4752
-85.0095
-84.5272
-84.0254
-83.5007
-82.949
-82.3655
-81.7445
-81.0786
-80.3589
-79.5736
-78.7073
-77.7392
-76.6399
-75.3662
-73.8513
-71.9831
-69.552
-66.0971
-60.2833
-45.6683
22.8188
49.7575
47.4145
37.1746
16.8513
-1.09772
-12.7066
-23.3965
-33.7928
-49.819
-83.0707
-93.6554
-94.5582
-94.6546
-94.5448
-94.3159
-93.9972
-93.6142
-93.1923
-92.7519
-92.3069
-91.865
-91.4297
-91.0018
-90.5811
-90.1665
-89.7567
-89.3501
-88.9453
-88.5409
-88.1354
-87.7274
-87.3153
-86.8975
-86.4725
-86.0384
-85.5931
-85.1347
-84.6606
-84.168
-83.6538
-83.1142
-82.5446
-81.9398
-81.2928
-80.5956
-79.8373
-79.0041
-78.0774
-77.0312
-75.8284
-74.412
-72.6897
-70.4967
-67.4932
-62.8033
-53.0384
-12.5379
49.2595
49.3966
44.6065
29.8145
8.01006
-6.21686
-17.0144
-27.9748
-38.2988
-60.5383
-90.8049
-94.2544
-94.6417
-94.6266
-94.454
-94.1735
-93.8129
-93.4005
-92.9614
-92.5134
-92.0671
-91.6274
-91.1961
-90.7729
-90.3569
-89.9467
-89.5406
-89.1372
-88.7351
-88.3326
-87.9284
-87.5211
-87.1089
-86.6904
-86.2638
-85.8273
-85.3789
-84.9163
-84.437
-83.9379
-83.4158
-82.8666
-82.2854
-81.6665
-81.0024
-80.2842
-79.4999
-78.634
-77.6655
-76.5646
-75.2874
-73.766
-71.8856
-69.431
-65.9244
-59.9613
-44.5805
26.3276
49.6987
46.9378
35.8908
15.2102
-1.94917
-13.374
-24.1135
-34.3212
-51.0278
-84.5514
-93.7655
-94.574
-94.6544
-94.5381
-94.3051
-93.9838
-93.5996
-93.1777
-92.7384
-92.2949
-91.8549
-91.4216
-90.996
-90.5776
-90.1654
-89.758
-89.354
-88.9519
-88.5503
-88.1477
-87.7428
-87.334
-86.9198
-86.4984
-86.0683
-85.6275
-85.1737
-84.7048
-84.2179
-83.7099
-83.1773
-82.6156
-82.0197
-81.383
-80.6978
-79.9536
-79.1375
-78.2316
-77.2118
-76.0432
-74.6734
-73.0182
-70.9303
-68.1154
-63.85
-55.5858
-26.0185
41.7882
49.3563
44.8665
30.8236
9.41688
-5.20322
-16.0824
-26.9893
-36.6497
-56.6275
-89.3125
-94.16
-94.6392
-94.6477
-94.4917
-94.2253
-93.8753
-93.4694
-93.0333
-92.5858
-92.1385
-91.6971
-91.2638
-90.8387
-90.4208
-90.0088
-89.6012
-89.1965
-88.7932
-88.3897
-87.9847
-87.5767
-87.1641
-86.7453
-86.3186
-85.8822
-85.4341
-84.9721
-84.4936
-83.9957
-83.475
-82.9276
-82.3487
-81.7327
-81.0722
-80.3585
-79.5799
-78.7212
-77.7621
-76.6736
-75.4135
-73.9165
-72.0734
-69.6819
-66.3006
-60.6731
-46.9345
18.1295
49.8103
47.9998
38.8969
19.247
0.175611
-11.7292
-22.3401
-32.9558
-47.9599
-80.457
-93.4677
-94.5334
-94.6556
-94.556
-94.3339
-94.0203
-93.6409
-93.2213
-92.7826
-92.339
-91.8984
-91.4645
-91.0384
-90.6197
-90.2073
-89.8
-89.3963
-88.9947
-88.5937
-88.1921
-87.7882
-87.3807
-86.9679
-86.5484
-86.1202
-85.6817
-85.2306
-84.7647
-84.2813
-83.7773
-83.2493
-82.6929
-82.1031
-81.4738
-80.7971
-80.0633
-79.2597
-78.3696
-77.3698
-76.2274
-74.8935
-73.2903
-71.2833
-68.6105
-64.653
-57.3792
-34.4763
40.7316
49.382
45.0506
31.3801
10.151
-4.70193
-15.6302
-26.5054
-35.8976
-54.8413
-88.2553
-94.0838
-94.6291
-94.6542
-94.5099
-94.2544
-93.9141
-93.5157
-93.0846
-92.6399
-92.1939
-91.7529
-91.3195
-90.8941
-90.4759
-90.0637
-89.6561
-89.2515
-88.8485
-88.4457
-88.0416
-87.6346
-87.2233
-86.8062
-86.3815
-85.9475
-85.5021
-85.0432
-84.5684
-84.0746
-83.5588
-83.0171
-82.4448
-81.8364
-81.1851
-80.4823
-79.717
-78.8748
-77.9362
-76.8744
-75.65
-74.2029
-72.4344
-70.1653
-67.018
-61.9803
-50.8384
-0.466187
49.7771
49.2394
43.5982
27.4055
5.62559
-7.83199
-18.4741
-29.4426
-40.9028
-66.6276
-92.0935
-94.3662
-94.6477
-94.6022
-94.4117
-94.1187
-93.7508
-93.3357
-92.8971
-92.4513
-92.0081
-91.5718
-91.1439
-90.724
-90.3111
-89.9038
-89.5007
-89.1002
-88.7009
-88.3014
-87.9001
-87.4956
-87.0865
-86.6711
-86.2478
-85.8148
-85.37
-84.9112
-84.4359
-83.9413
-83.4239
-82.8799
-82.3046
-81.6921
-81.0354
-80.3256
-79.5511
-78.697
-77.7429
-76.66
-75.4063
-73.917
-72.0837
-69.7058
-66.3469
-60.7694
-47.2465
16.8695
49.8193
48.1414
39.3478
19.92
0.549999
-11.4454
-22.032
-32.6988
-47.4034
-79.594
-93.407
-94.5259
-94.656
-94.5595
-94.3395
-94.0276
-93.6496
-93.2312
-92.7936
-92.3511
-91.9118
-91.4794
-91.0549
-90.6381
-90.2278
-89.8228
-89.4215
-89.0226
-88.6245
-88.226
-87.8255
-87.4217
-87.013
-86.5977
-86.1744
-85.741
-85.2957
-84.836
-84.3596
-83.8635
-83.3442
-82.7977
-82.2193
-81.603
-80.9416
-80.2258
-79.444
-78.5805
-77.6139
-76.5146
-75.2385
-73.7168
-71.8339
-69.3719
-65.8452
-59.8169
-44.073
27.8169
49.6713
46.7444
35.4093
14.6468
-2.22776
-13.5901
-24.343
-34.4814
-51.4023
-84.9923
-93.8039
-94.5808
-94.6552
-94.5366
-94.3021
-93.9798
-93.5953
-93.1737
-92.735
-92.2927
-91.8542
-91.4226
-90.9988
-90.5825
-90.1725
-89.7674
-89.3659
-88.9666
-88.5679
-88.1686
-87.7671
-87.3619
-86.9516
-86.5346
-86.1092
-85.6734
-85.2253
-84.7625
-84.2825
-83.7822
-83.2581
-82.7061
-82.1211
-81.4972
-80.8267
-80.1001
-79.305
-78.4249
-77.4375
-76.3109
-74.9978
-73.4234
-71.46
-68.8609
-65.0546
-58.231
-38.0755
38.337
49.4428
45.3795
32.1523
10.9911
-4.20109
-15.2011
-26.0522
-35.6034
-54.1145
-87.6776
-94.0317
-94.6195
-94.6552
-94.5175
-94.2681
-93.9335
-93.5397
-93.112
-92.6697
-92.2254
-91.7858
-91.3536
-90.9293
-90.5124
-90.1015
-89.6955
-89.2927
-88.8918
-88.4913
-88.0898
-87.6857
-87.2777
-86.8641
-86.4434
-86.0138
-85.5733
-85.1199
-84.6511
-84.1643
-83.6562
-83.1232
-82.5611
-81.9644
-81.3266
-80.6398
-79.8937
-79.0748
-78.1653
-77.1403
-75.9645
-74.5843
-72.9136
-70.8
-67.9369
-63.5619
-54.9165
-22.6057
45.4979
49.3425
44.6893
30.3569
8.88201
-5.55516
-16.396
-27.3182
-37.1805
-57.8769
-89.8853
-94.1979
-94.6424
-94.6429
-94.4817
-94.2111
-93.858
-93.4503
-93.0134
-92.566
-92.1194
-91.679
-91.247
-90.8232
-90.4067
-89.9962
-89.5902
-89.1871
-88.7855
-88.3839
-87.9808
-87.5748
-87.1643
-86.7478
-86.3236
-85.8899
-85.4447
-84.9858
-84.5107
-84.0166
-83.5002
-82.9575
-82.384
-81.774
-81.1205
-80.415
-79.6461
-78.7992
-77.8545
-76.7843
-75.5484
-74.0848
-72.2909
-69.979
-66.7494
-61.5048
-49.4852
6.56704
49.8298
48.964
42.3278
24.8795
3.64525
-9.19557
-19.7186
-30.6316
-43.1573
-71.6408
-92.7296
-94.4397
-94.6531
-94.5858
-94.383
-94.0821
-93.7101
-93.2936
-92.8555
-92.4112
-91.9697
-91.5352
-91.109
-90.6906
-90.2792
-89.8732
-89.4713
-89.0719
-88.6737
-88.2752
-87.8749
-87.4715
-87.0634
-86.649
-86.2267
-85.7947
-85.351
-84.8933
-84.4191
-83.9257
-83.4096
-82.8669
-82.2929
-81.682
-81.0269
-80.3189
-79.5465
-78.6946
-77.7432
-76.6635
-75.4137
-73.9295
-72.1032
-69.7361
-66.3966
-60.8657
-47.551
15.596
49.8268
48.2767
39.7926
20.6038
0.940607
-11.1514
-21.7131
-32.4273
-46.822
-78.6454
-93.3383
-94.5173
-94.6563
-94.5631
-94.3452
-94.0347
-93.6576
-93.2397
-92.8025
-92.3602
-91.9212
-91.4891
-91.0652
-90.6489
-90.2393
-89.8351
-89.4347
-89.0369
-88.64
-88.2428
-87.8438
-87.4416
-87.0346
-86.6214
-86.2001
-85.7692
-85.3265
-84.8699
-84.3967
-83.9043
-83.3891
-82.8474
-82.2745
-81.6644
-81.0103
-80.3033
-79.5318
-78.681
-77.7304
-76.6516
-75.4027
-73.9191
-72.0933
-69.7258
-66.3839
-60.8439
-47.4783
15.9268
49.8253
48.2455
39.6956
20.4649
0.86941
-11.202
-21.7672
-32.4729
-46.9193
-78.8113
-93.3525
-94.5196
-94.6566
-94.5628
-94.3446
-94.034
-93.6569
-93.2392
-92.8022
-92.3604
-91.9219
-91.4903
-91.067
-90.6513
-90.2424
-89.8389
-89.4393
-89.0423
-88.6463
-88.2501
-87.8521
-87.4509
-87.0451
-86.6331
-86.2133
-85.7838
-85.3427
-84.8878
-84.4166
-83.9263
-83.4136
-82.8746
-82.3047
-81.6983
-81.0483
-80.3461
-79.5804
-78.7366
-77.7948
-76.727
-75.4929
-74.0298
-72.2343
-69.9164
-66.6693
-61.37
-49.0859
8.58621
49.8357
48.8508
41.874
24.0699
3.09785
-9.577
-20.0691
-30.954
-43.7913
-72.9761
-92.8686
-94.458
-94.6548
-94.5821
-94.3764
-94.074
-93.7015
-93.2857
-92.8489
-92.4065
-91.9672
-91.5351
-91.1114
-90.6958
-90.2871
-89.8841
-89.4853
-89.0893
-88.6945
-88.2997
-87.9034
-87.5042
-87.1006
-86.6911
-86.2741
-85.8478
-85.4102
-84.9592
-84.4926
-84.0074
-83.5005
-82.9681
-82.4057
-81.8081
-81.1685
-80.4786
-79.7277
-78.902
-77.9828
-76.9443
-75.7488
-74.3394
-72.6233
-70.434
-67.4277
-62.7133
-52.8163
-11.2516
49.3854
49.4039
44.6158
29.8059
7.97478
-6.24811
-17.0449
-28.0074
-38.3559
-60.6734
-90.842
-94.2567
-94.6417
-94.6259
-94.453
-94.1726
-93.8128
-93.402
-92.9651
-92.52
-92.0772
-91.6416
-91.2148
-90.7965
-90.3859
-89.9814
-89.5816
-89.1849
-88.7899
-88.3952
-87.9993
-87.6009
-87.1984
-86.7903
-86.3751
-85.951
-85.5161
-85.0685
-84.6056
-84.1248
-83.6231
-83.0968
-82.5418
-81.9527
-81.3233
-80.6457
-79.9099
-79.1028
-78.2069
-77.1984
-76.043
-74.6891
-73.0543
-70.9945
-68.2233
-64.0437
-56.0412
-28.2451
41.4524
49.3554
44.8923
30.9362
9.59241
-5.07397
-15.9629
-26.8608
-36.4419
-56.1354
-89.0564
-94.144
-94.6383
-94.6507
-94.4977
-94.2343
-93.8873
-93.4841
-93.0504
-92.6052
-92.1603
-91.7214
-91.2909
-90.8688
-90.4543
-90.046
-89.6424
-89.2421
-88.8436
-88.4454
-88.0461
-87.6442
-87.2383
-86.8269
-86.4083
-85.9807
-85.5424
-85.091
-84.6244
-84.1397
-83.6338
-83.1032
-82.5434
-81.9492
-81.3142
-80.6303
-79.8874
-79.0721
-78.1665
-77.1463
-75.9761
-74.6029
-72.9413
-70.8408
-67.9994
-63.6691
-55.1691
-23.8837
44.2968
49.3427
44.7372
30.4976
9.05418
-5.43786
-16.2902
-27.2067
-36.9993
-57.4486
-89.7006
-94.186
-94.6418
-94.645
-94.4858
-94.2169
-93.8653
-93.4587
-93.0227
-92.5762
-92.1303
-91.6908
-91.2596
-90.8368
-90.4214
-90.0121
-89.6074
-89.2058
-88.8057
-88.4058
-88.0047
-87.6007
-87.1924
-86.7784
-86.3569
-85.9261
-85.4842
-85.0289
-84.5579
-84.0682
-83.5568
-83.0199
-82.4528
-81.8502
-81.2055
-80.51
-79.7533
-78.9211
-77.9948
-76.9481
-75.743
-74.3218
-72.5904
-70.3792
-67.3367
-62.5452
-52.3697
-8.79981
49.5503
49.3956
44.5052
29.4776
7.58219
-6.52321
-17.2959
-28.2663
-38.803
-61.7262
-91.1222
-94.2766
-94.6417
-94.6205
-94.444
-94.1607
-93.7988
-93.3865
-92.9487
-92.5027
-92.0589
-91.6222
-91.1941
-90.7744
-90.362
-89.9557
-89.5538
-89.1548
-88.7574
-88.36
-87.9612
-87.5597
-87.1538
-86.7421
-86.3229
-85.8944
-85.4548
-85.0018
-84.5332
-84.046
-83.5372
-83.0028
-82.4385
-81.8389
-81.1973
-80.5054
-79.7525
-78.9247
-78.0034
-76.9626
-75.7649
-74.3532
-72.6348
-70.4431
-67.4347
-62.7192
-52.8272
-11.3169
49.378
49.4022
44.6057
29.7759
7.93697
-6.27495
-17.0694
-28.0329
-38.3999
-60.7773
-90.8703
-94.2584
-94.6416
-94.6254
-94.4522
-94.1715
-93.8115
-93.4004
-92.9632
-92.5177
-92.0743
-91.638
-91.2103
-90.7912
-90.3795
-89.974
-89.573
-89.1751
-88.7788
-88.3827
-87.9853
-87.5853
-87.181
-86.7712
-86.354
-85.9277
-85.4905
-85.0403
-84.5746
-84.0907
-83.5856
-83.0555
-82.4961
-81.902
-81.2669
-80.5826
-79.8388
-79.022
-78.1144
-77.091
-75.9161
-74.5357
-72.8629
-70.7435
-67.8661
-63.4514
-54.6526
-21.1899
46.5488
49.3443
44.6537
30.2378
8.72536
-5.66619
-16.4976
-27.4255
-37.3593
-58.3015
-90.0581
-94.2093
-94.6433
-94.6412
-94.4784
-94.2066
-93.8531
-93.4456
-93.0096
-92.5638
-92.1191
-91.6809
-91.2513
-90.8302
-90.4166
-90.0091
-89.6063
-89.2066
-88.8086
-88.4108
-88.0118
-87.6101
-87.2042
-86.7927
-86.3739
-85.946
-85.5072
-85.0553
-84.5879
-84.1023
-83.5953
-83.0632
-82.5018
-81.9055
-81.268
-80.581
-79.8342
-79.014
-78.1024
-77.0742
-75.8934
-74.5053
-72.8217
-70.686
-67.7807
-63.3049
-54.2934
-19.2815
47.6023
49.3537
44.6316
30.1275
8.5587
-5.78988
-16.6123
-27.5474
-37.5644
-58.7888
-90.2416
-94.2206
-94.6434
-94.6383
-94.4734
-94.1997
-93.8446
-93.4361
-92.9995
-92.5532
-92.1083
-91.67
-91.2402
-90.8189
-90.405
-89.9972
-89.594
-89.1939
-88.7954
-88.397
-87.9974
-87.595
-87.1884
-86.7761
-86.3564
-85.9275
-85.4875
-85.0343
-84.5655
-84.0782
-83.5694
-83.0354
-82.4715
-81.8725
-81.2318
-80.5411
-79.7898
-78.9642
-78.0459
-77.009
-75.8169
-74.4133
-72.7069
-70.5352
-67.5641
-62.9378
-53.3814
-14.3489
49.0117
49.3851
44.6167
29.9156
8.18209
-6.08369
-16.8892
-27.8422
-38.0687
-59.9886
-90.6405
-94.2444
-94.6425
-94.6306
-94.4606
-94.1825
-93.8242
-93.4139
-92.9767
-92.5306
-92.0864
-91.6491
-91.2204
-90.8002
-90.3875
-89.9809
-89.5787
-89.1797
-88.7823
-88.385
-87.9864
-87.5851
-87.1796
-86.7683
-86.3497
-85.9219
-85.4832
-85.0312
-84.5637
-84.0779
-83.5706
-83.0382
-82.4761
-81.8791
-81.2406
-80.5523
-79.8039
-78.9817
-78.0674
-77.0355
-75.8498
-74.4547
-72.7604
-70.6075
-67.6701
-63.1198
-53.8395
-16.8412
48.4765
49.3686
44.62
30.0151
8.36641
-5.9383
-16.7518
-27.6959
-37.8172
-59.39
-90.4497
-94.2331
-94.6432
-94.6346
-94.4672
-94.1913
-93.8347
-93.4254
-92.9886
-92.5427
-92.0984
-91.661
-91.2321
-90.8117
-90.3989
-89.9921
-89.5899
-89.1909
-88.7935
-88.3963
-87.9978
-87.5967
-87.1913
-86.7804
-86.3621
-85.9347
-85.4963
-85.0449
-84.578
-84.0929
-83.5864
-83.0548
-82.4939
-81.8981
-81.2611
-80.5747
-79.8285
-79.0089
-78.098
-77.0705
-75.8905
-74.5033
-72.8208
-70.6866
-67.7832
-63.3105
-54.308
-19.3555
47.5672
49.353
44.6315
30.1297
8.56293
-5.78651
-16.6092
-27.544
-37.5587
-58.7754
-90.2369
-94.2203
-94.6434
-94.6385
-94.4737
-94.2001
-93.8451
-93.4368
-93.0004
-92.5543
-92.1096
-91.6716
-91.2421
-90.8211
-90.4076
-90.0002
-89.5975
-89.1978
-88.7998
-88.4019
-88.0029
-87.6011
-87.1952
-86.7836
-86.3647
-85.9366
-85.4976
-85.0455
-84.5778
-84.0919
-83.5846
-83.0521
-82.4902
-81.8933
-81.2551
-80.5673
-79.8195
-78.9981
-78.0849
-77.0546
-75.8711
-74.4791
-72.7898
-70.645
-67.7227
-63.2077
-54.0558
-18.0055
48.1127
49.3612
44.624
30.0665
8.45689
-5.86801
-16.6856
-27.6255
-37.6968
-59.104
-90.3529
-94.2273
-94.6433
-94.6364
-94.4702
-94.1953
-93.8394
-93.4304
-92.9937
-92.5476
-92.103
-91.665
-91.2357
-90.8148
-90.4014
-89.9941
-89.5914
-89.1918
-88.7938
-88.396
-87.997
-87.5952
-87.1893
-86.7777
-86.3587
-85.9306
-85.4915
-85.0392
-84.5715
-84.0854
-83.5778
-83.0452
-82.4829
-81.8857
-81.2471
-80.5588
-79.8104
-78.9882
-78.0741
-77.0426
-75.8573
-74.463
-72.7702
-70.6196
-67.6869
-63.1477
-53.9086
-17.2144
48.3695
49.3663
44.6212
30.0318
8.39599
-5.91526
-16.7301
-27.6728
-37.7776
-59.2958
-90.4182
-94.2311
-94.6432
-94.6352
-94.4681
-94.1926
-93.8362
-93.4269
-92.9902
-92.5441
-92.0996
-91.6619
-91.2328
-90.8121
-90.399
-89.992
-89.5895
-89.1902
-88.7925
-88.395
-87.9963
-87.5949
-87.1893
-86.778
-86.3594
-85.9317
-85.493
-85.0412
-84.5739
-84.0884
-83.5814
-83.0494
-82.4879
-81.8916
-81.2539
-80.5667
-79.8196
-78.999
-78.0867
-77.0576
-75.8754
-74.4853
-72.7986
-70.6576
-67.742
-63.2416
-54.1406
-18.4631
47.9438
49.3583
44.6257
30.086
8.49096
-5.84168
-16.6609
-27.5991
-37.652
-58.998
-90.3161
-94.2251
-94.6434
-94.6371
-94.4713
-94.1969
-93.8414
-93.4326
-92.9961
-92.55
-92.1054
-91.6676
-91.2382
-90.8174
-90.4041
-89.9969
-89.5943
-89.1948
-88.797
-88.3994
-88.0006
-87.599
-87.1934
-86.782
-86.3634
-85.9356
-85.497
-85.0452
-84.5779
-84.0924
-83.5856
-83.0537
-82.4923
-81.8961
-81.2587
-80.5718
-79.8251
-79.0049
-78.0933
-77.065
-75.8839
-74.4953
-72.8109
-70.6736
-67.7649
-63.2803
-54.2355
-18.9715
47.7371
49.3552
44.6288
30.1106
8.53183
-5.81029
-16.6314
-27.5678
-37.5988
-58.871
-90.271
-94.2223
-94.6434
-94.6378
-94.4726
-94.1987
-93.8435
-93.4349
-92.9984
-92.5523
-92.1076
-91.6696
-91.2401
-90.8191
-90.4056
-89.9982
-89.5954
-89.1958
-88.7978
-88.4
-88.001
-87.5993
-87.1935
-86.782
-86.3631
-85.9352
-85.4963
-85.0444
-84.5769
-84.0912
-83.5841
-83.052
-82.4903
-81.8938
-81.2561
-80.5688
-79.8216
-79.0009
-78.0886
-77.0595
-75.8774
-74.4875
-72.801
-70.6607
-67.7464
-63.2492
-54.1599
-18.5693
47.9022
49.3577
44.6264
30.0915
8.49991
-5.83489
-16.6545
-27.5924
-37.6405
-58.9706
-90.3063
-94.2244
-94.6433
-94.6372
-94.4716
-94.1973
-93.8418
-93.433
-92.9964
-92.5503
-92.1056
-91.6676
-91.2382
-90.8172
-90.4037
-89.9964
-89.5937
-89.1941
-88.7961
-88.3984
-87.9994
-87.5978
-87.192
-86.7806
-86.3618
-85.9339
-85.4951
-85.0432
-84.5758
-84.0901
-83.5831
-83.0511
-82.4895
-81.8931
-81.2555
-80.5683
-79.8212
-79.0007
-78.0886
-77.0597
-75.8779
-74.4884
-72.8025
-70.6629
-67.75
-63.2559
-54.1769
-18.6623
47.8651
49.3571
44.6268
30.0955
8.50679
-5.82956
-16.6495
-27.587
-37.6315
-58.9489
-90.2986
-94.2239
-94.6433
-94.6373
-94.4718
-94.1976
-93.8422
-93.4335
-92.9969
-92.5508
-92.1061
-91.6681
-91.2386
-90.8177
-90.4042
-89.9969
-89.5942
-89.1947
-88.7968
-88.399
-88.0002
-87.5986
-87.1928
-86.7815
-86.3628
-85.935
-85.4963
-85.0446
-84.5773
-84.0918
-83.585
-83.0532
-82.4919
-81.8958
-81.2585
-80.5717
-79.8252
-79.0052
-78.0939
-77.0659
-75.8854
-74.4975
-72.8141
-70.6784
-67.7725
-63.2944
-54.2718
-19.1692
47.6512
49.3541
44.63
30.12
8.54726
-5.79844
-16.6203
-27.5559
-37.5787
-58.8231
-90.2537
-94.2212
-94.6433
-94.6381
-94.4731
-94.1994
-93.8443
-93.4358
-92.9993
-92.5532
-92.1085
-91.6704
-91.2408
-90.8197
-90.4062
-89.9987
-89.5959
-89.1963
-88.7983
-88.4005
-88.0016
-87.6
-87.1942
-86.7828
-86.364
-85.9363
-85.4975
-85.0458
-84.5785
-84.093
-83.5862
-83.0544
-82.4932
-81.8971
-81.2599
-80.5732
-79.8268
-79.007
-78.0959
-77.0682
-75.8881
-74.5008
-72.8182
-70.6839
-67.7805
-63.308
-54.3056
-19.3511
47.569
49.3531
44.6314
30.1293
8.56231
-5.78698
-16.6096
-27.5445
-37.5594
-58.7772
-90.2371
-94.2202
-94.6433
-94.6383
-94.4736
-94.2
-93.845
-93.4367
-93.0002
-92.554
-92.1092
-91.671
-91.2414
-90.8203
-90.4066
-89.9991
-89.5963
-89.1966
-88.7985
-88.4007
-88.0017
-87.6
-87.1942
-86.7827
-86.364
-85.9361
-85.4974
-85.0456
-84.5783
-84.0928
-83.5859
-83.0541
-82.4928
-81.8967
-81.2595
-80.5728
-79.8263
-79.0066
-78.0954
-77.0677
-75.8875
-74.5002
-72.8175
-70.6832
-67.7798
-63.3071
-54.3042
-19.3451
47.5717
49.3531
44.6313
30.1289
8.56167
-5.78746
-16.61
-27.545
-37.5602
-58.7791
-90.2377
-94.2202
-94.6433
-94.6383
-94.4735
-94.2
-93.845
-93.4366
-93.0001
-92.554
-92.1091
-91.6709
-91.2413
-90.8201
-90.4065
-89.999
-89.5961
-89.1964
-88.7984
-88.4005
-88.0015
-87.5998
-87.194
-86.7826
-86.3639
-85.9361
-85.4974
-85.0456
-84.5783
-84.0929
-83.5861
-83.0544
-82.4932
-81.8972
-81.2601
-80.5735
-79.8272
-79.0077
-78.0968
-77.0695
-75.8897
-74.503
-72.8213
-70.6883
-67.7874
-63.3203
-54.3372
-19.5226
47.4886
49.3522
44.6328
30.138
8.57629
-5.77637
-16.5997
-27.5339
-37.5416
-58.7347
-90.2214
-94.2192
-94.6433
-94.6386
-94.474
-94.2006
-93.8458
-93.4374
-93.001
-92.5548
-92.1099
-91.6717
-91.242
-90.8208
-90.4071
-89.9996
-89.5967
-89.197
-88.7989
-88.4011
-88.0021
-87.6004
-87.1946
-86.7832
-86.3645
-85.9367
-85.498
-85.0463
-84.5791
-84.0938
-83.5871
-83.0554
-82.4943
-81.8985
-81.2615
-80.5752
-79.8291
-79.0099
-78.0993
-77.0725
-75.8933
-74.5075
-72.827
-70.696
-67.7986
-63.3394
-54.3844
-19.7766
47.3642
49.3508
44.635
30.1515
8.59767
-5.76023
-16.5846
-27.5179
-37.5146
-58.6705
-90.1977
-94.2177
-94.6432
-94.6389
-94.4746
-94.2015
-93.8468
-93.4386
-93.0022
-92.556
-92.1111
-91.6728
-91.2431
-90.8218
-90.4081
-90.0005
-89.5975
-89.1977
-88.7996
-88.4017
-88.0027
-87.601
-87.1952
-86.7838
-86.365
-85.9373
-85.4986
-85.0469
-84.5797
-84.0943
-83.5877
-83.056
-82.495
-81.8993
-81.2623
-80.5761
-79.8302
-79.0111
-78.1007
-77.0741
-75.8953
-74.51
-72.8302
-70.7003
-67.805
-63.3505
-54.412
-19.9255
47.2883
49.35
44.6365
30.1596
8.61035
-5.75071
-16.5758
-27.5085
-37.4987
-58.6327
-90.1836
-94.2168
-94.6432
-94.6391
-94.475
-94.202
-93.8475
-93.4393
-93.0029
-92.5567
-92.1117
-91.6734
-91.2436
-90.8223
-90.4085
-90.0009
-89.5979
-89.198
-88.7999
-88.402
-88.0029
-87.6012
-87.1954
-86.7839
-86.3652
-85.9374
-85.4987
-85.047
-84.5799
-84.0945
-83.5879
-83.0563
-82.4953
-81.8996
-81.2627
-80.5766
-79.8307
-79.0118
-78.1016
-77.0752
-75.8966
-74.5116
-72.8324
-70.7034
-67.8095
-63.3584
-54.4321
-20.0331
47.2317
49.3495
44.6377
30.1658
8.61974
-5.74371
-16.5693
-27.5016
-37.4871
-58.6051
-90.1733
-94.2161
-94.6432
-94.6393
-94.4753
-94.2024
-93.8479
-93.4398
-93.0034
-92.5572
-92.1122
-91.6739
-91.244
-90.8226
-90.4088
-90.0012
-89.5981
-89.1983
-88.8001
-88.4022
-88.0032
-87.6014
-87.1956
-86.7842
-86.3654
-85.9377
-85.499
-85.0473
-84.5802
-84.0949
-83.5883
-83.0567
-82.4958
-81.9002
-81.2635
-80.5774
-79.8317
-79.0129
-78.103
-77.0769
-75.8987
-74.5142
-72.8358
-70.708
-67.8164
-63.3703
-54.4617
-20.1912
47.1467
49.3487
44.6394
30.1748
8.63348
-5.73347
-16.5597
-27.4914
-37.47
-58.5647
-90.1582
-94.2152
-94.6432
-94.6395
-94.4757
-94.2029
-93.8486
-93.4405
-93.0042
-92.558
-92.1129
-91.6745
-91.2446
-90.8232
-90.4094
-90.0017
-89.5986
-89.1988
-88.8006
-88.4026
-88.0036
-87.6018
-87.196
-86.7846
-86.3658
-85.9381
-85.4994
-85.0478
-84.5807
-84.0954
-83.5889
-83.0574
-82.4966
-81.901
-81.2644
-80.5784
-79.8329
-79.0143
-78.1046
-77.0788
-75.9011
-74.5173
-72.8397
-70.7133
-67.8241
-63.3836
-54.4946
-20.3664
47.05
49.3479
44.6416
30.1851
8.64908
-5.7219
-16.549
-27.4801
-37.4509
-58.5193
-90.141
-94.2141
-94.6431
-94.6397
-94.4761
-94.2036
-93.8493
-93.4414
-93.005
-92.5588
-92.1138
-91.6753
-91.2454
-90.8239
-90.41
-90.0023
-89.5992
-89.1993
-88.8011
-88.4031
-88.004
-87.6022
-87.1964
-86.7849
-86.3662
-85.9385
-85.4998
-85.0482
-84.5811
-84.0959
-83.5894
-83.0579
-82.4971
-81.9017
-81.2651
-80.5793
-79.8339
-79.0155
-78.106
-77.0804
-75.9031
-74.5197
-72.8428
-70.7176
-67.8304
-63.3944
-54.5214
-20.5097
46.9684
49.3473
44.6434
30.1939
8.66206
-5.71234
-16.5402
-27.4707
-37.4351
-58.482
-90.1267
-94.2132
-94.6431
-94.6399
-94.4765
-94.2041
-93.85
-93.442
-93.0057
-92.5595
-92.1144
-91.6759
-91.2459
-90.8244
-90.4105
-90.0027
-89.5996
-89.1996
-88.8014
-88.4034
-88.0043
-87.6025
-87.1967
-86.7852
-86.3665
-85.9387
-85.5001
-85.0485
-84.5814
-84.0962
-83.5897
-83.0583
-82.4976
-81.9022
-81.2657
-80.58
-79.8347
-79.0164
-78.1071
-77.0818
-75.9048
-74.5218
-72.8455
-70.7213
-67.836
-63.4041
-54.5455
-20.6383
46.8936
49.3467
44.6451
30.2017
8.67362
-5.70382
-16.5323
-27.4623
-37.4211
-58.4487
-90.1139
-94.2123
-94.6431
-94.6401
-94.4768
-94.2045
-93.8505
-93.4427
-93.0064
-92.5601
-92.115
-91.6765
-91.2464
-90.8249
-90.4109
-90.0031
-89.5999
-89.2
-88.8017
-88.4037
-88.0046
-87.6028
-87.1969
-86.7855
-86.3668
-85.939
-85.5004
-85.0488
-84.5818
-84.0966
-83.5902
-83.0588
-82.4981
-81.9028
-81.2664
-80.5808
-79.8356
-79.0175
-78.1084
-77.0834
-75.9067
-74.5242
-72.8487
-70.7256
-67.8422
-63.4148
-54.572
-20.7797
46.8084
49.3461
44.6473
30.2109
8.6869
-5.69413
-16.5233
-27.4528
-37.4052
-58.411
-90.0993
-94.2114
-94.643
-94.6403
-94.4772
-94.205
-93.8511
-93.4433
-93.0071
-92.5608
-92.1157
-91.6771
-91.247
-90.8255
-90.4114
-90.0036
-89.6004
-89.2004
-88.8021
-88.4041
-88.0049
-87.6032
-87.1973
-86.7858
-86.3671
-85.9394
-85.5008
-85.0492
-84.5822
-84.0971
-83.5907
-83.0594
-82.4987
-81.9035
-81.2672
-80.5817
-79.8367
-79.0187
-78.1098
-77.085
-75.9087
-74.5267
-72.8519
-70.73
-67.8487
-63.426
-54.5993
-20.9258
46.7183
49.3456
44.6495
30.2204
8.70062
-5.68413
-16.5141
-27.443
-37.3888
-58.3717
-90.0841
-94.2104
-94.643
-94.6405
-94.4775
-94.2056
-93.8518
-93.444
-93.0078
-92.5615
-92.1164
-91.6778
-91.2476
-90.826
-90.412
-90.0041
-89.6008
-89.2008
-88.8025
-88.4045
-88.0053
-87.6035
-87.1976
-86.7862
-86.3675
-85.9397
-85.5012
-85.0496
-84.5826
-84.0975
-83.5911
-83.0599
-82.4993
-81.9041
-81.2679
-80.5825
-79.8376
-79.0198
-78.1111
-77.0866
-75.9106
-74.5291
-72.855
-70.7341
-67.8548
-63.4364
-54.625
-21.0628
46.631
49.345
44.6518
30.2296
8.71377
-5.67461
-16.5053
-27.4337
-37.3731
-58.3343
-90.0696
-94.2095
-94.6429
-94.6407
-94.4779
-94.2061
-93.8524
-93.4447
-93.0085
-92.5622
-92.117
-91.6784
-91.2482
-90.8266
-90.4125
-90.0045
-89.6013
-89.2012
-88.8029
-88.4048
-88.0057
-87.6038
-87.198
-86.7865
-86.3678
-85.9401
-85.5015
-85.0499
-84.583
-84.0979
-83.5916
-83.0603
-82.4998
-81.9047
-81.2686
-80.5832
-79.8385
-79.0208
-78.1123
-77.088
-75.9124
-74.5313
-72.8578
-70.738
-67.8605
-63.4463
-54.6492
-21.1921
46.5466
49.3446
44.654
30.2386
8.72642
-5.6655
-16.4969
-27.4248
-37.3582
-58.2987
-90.0556
-94.2086
-94.6429
-94.6409
-94.4782
-94.2065
-93.8529
-93.4453
-93.0091
-92.5629
-92.1176
-91.679
-91.2488
-90.8271
-90.4129
-90.005
-89.6017
-89.2016
-88.8033
-88.4052
-88.006
-87.6042
-87.1983
-86.7868
-86.3681
-85.9404
-85.5018
-85.0503
-84.5833
-84.0983
-83.592
-83.0608
-82.5004
-81.9053
-81.2692
-80.584
-79.8394
-79.0219
-78.1135
-77.0895
-75.9142
-74.5335
-72.8607
-70.742
-67.8663
-63.4562
-54.6736
-21.3215
46.46
49.3442
44.6564
30.2478
8.73925
-5.65629
-16.4885
-27.4159
-37.3432
-58.2629
-90.0413
-94.2076
-94.6428
-94.641
-94.4786
-94.207
-93.8535
-93.446
-93.0098
-92.5635
-92.1183
-91.6796
-91.2493
-90.8276
-90.4134
-90.0054
-89.6021
-89.202
-88.8036
-88.4055
-88.0063
-87.6045
-87.1986
-86.7871
-86.3684
-85.9407
-85.5022
-85.0507
-84.5837
-84.0987
-83.5925
-83.0613
-82.5009
-81.9059
-81.2699
-80.5848
-79.8403
-79.0229
-78.1148
-77.091
-75.916
-74.5358
-72.8637
-70.746
-67.8722
-63.4664
-54.6984
-21.4528
46.3699
49.3437
44.659
30.2575
8.7525
-5.64675
-16.4797
-27.4066
-37.3276
-58.2257
-90.0265
-94.2067
-94.6428
-94.6412
-94.4789
-94.2075
-93.8541
-93.4466
-93.0105
-92.5642
-92.1189
-91.6802
-91.2499
-90.8281
-90.4139
-90.0059
-89.6025
-89.2024
-88.804
-88.4059
-88.0067
-87.6048
-87.1989
-86.7875
-86.3688
-85.9411
-85.5025
-85.051
-84.5841
-84.0991
-83.5929
-83.0618
-82.5015
-81.9066
-81.2707
-80.5856
-79.8412
-79.024
-78.1161
-77.0925
-75.9178
-74.5381
-72.8666
-70.7499
-67.878
-63.4763
-54.7228
-21.5813
46.2796
49.3434
44.6616
30.2672
8.76569
-5.63725
-16.471
-27.3973
-37.3121
-58.1888
-90.0117
-94.2057
-94.6427
-94.6414
-94.4793
-94.208
-93.8547
-93.4473
-93.0111
-92.5648
-92.1196
-91.6808
-91.2505
-90.8287
-90.4144
-90.0063
-89.603
-89.2028
-88.8044
-88.4063
-88.007
-87.6052
-87.1993
-86.7878
-86.3691
-85.9414
-85.5029
-85.0514
-84.5845
-84.0996
-83.5934
-83.0623
-82.502
-81.9072
-81.2713
-80.5864
-79.8421
-79.0251
-78.1173
-77.094
-75.9196
-74.5403
-72.8694
-70.7538
-67.8836
-63.486
-54.7464
-21.7062
46.1893
49.343
44.6643
30.2769
8.77878
-5.62786
-16.4624
-27.3882
-37.2969
-58.1525
-89.997
-94.2047
-94.6427
-94.6416
-94.4796
-94.2084
-93.8553
-93.4479
-93.0118
-92.5655
-92.1202
-91.6814
-91.251
-90.8292
-90.4149
-90.0068
-89.6034
-89.2032
-88.8048
-88.4066
-88.0074
-87.6055
-87.1996
-86.7881
-86.3694
-85.9418
-85.5032
-85.0518
-84.5849
-84.1
-83.5938
-83.0628
-82.5026
-81.9078
-81.272
-80.5872
-79.843
-79.0261
-78.1185
-77.0954
-75.9213
-74.5424
-72.8722
-70.7575
-67.8891
-63.4954
-54.7695
-21.8283
46.1004
49.3427
44.667
30.2864
8.79162
-5.61868
-16.4539
-27.3793
-37.282
-58.1171
-89.9827
-94.2038
-94.6426
-94.6417
-94.4799
-94.2089
-93.8558
-93.4485
-93.0124
-92.5661
-92.1208
-91.6819
-91.2516
-90.8297
-90.4154
-90.0072
-89.6038
-89.2036
-88.8052
-88.407
-88.0077
-87.6059
-87.1999
-86.7885
-86.3698
-85.9421
-85.5036
-85.0521
-84.5853
-84.1004
-83.5943
-83.0633
-82.5031
-81.9084
-81.2727
-80.5879
-79.8439
-79.0271
-78.1197
-77.0968
-75.923
-74.5446
-72.8749
-70.7612
-67.8946
-63.5048
-54.7923
-21.9487
46.0104
49.3425
44.6699
30.2962
8.80462
-5.60943
-16.4455
-27.3704
-37.267
-58.0816
-89.9684
-94.2028
-94.6425
-94.6419
-94.4802
-94.2093
-93.8564
-93.4492
-93.0131
-92.5668
-92.1214
-91.6825
-91.2521
-90.8302
-90.4158
-90.0077
-89.6042
-89.204
-88.8055
-88.4073
-88.0081
-87.6062
-87.2003
-86.7888
-86.3701
-85.9424
-85.5039
-85.0525
-84.5857
-84.1008
-83.5947
-83.0638
-82.5037
-81.909
-81.2734
-80.5887
-79.8448
-79.0281
-78.1209
-77.0982
-75.9247
-74.5467
-72.8777
-70.7649
-67.9
-63.514
-54.8149
-22.0677
45.9197
49.3422
44.6727
30.306
8.81751
-5.60028
-16.4371
-27.3615
-37.2523
-58.0465
-89.9541
-94.2019
-94.6425
-94.6421
-94.4805
-94.2098
-93.8569
-93.4498
-93.0137
-92.5674
-92.122
-91.6831
-91.2527
-90.8307
-90.4163
-90.0081
-89.6046
-89.2044
-88.8059
-88.4077
-88.0084
-87.6065
-87.2006
-86.7891
-86.3704
-85.9428
-85.5043
-85.0529
-84.5861
-84.1012
-83.5952
-83.0643
-82.5042
-81.9096
-81.274
-80.5895
-79.8456
-79.0291
-78.122
-77.0996
-75.9264
-74.5488
-72.8804
-70.7686
-67.9053
-63.5231
-54.8372
-22.1857
45.8275
49.342
44.6758
30.3162
8.83073
-5.59096
-16.4286
-27.3525
-37.2374
-58.0111
-89.9394
-94.2009
-94.6424
-94.6422
-94.4809
-94.2102
-93.8575
-93.4504
-93.0143
-92.568
-92.1226
-91.6837
-91.2532
-90.8312
-90.4168
-90.0086
-89.6051
-89.2048
-88.8063
-88.4081
-88.0088
-87.6069
-87.2009
-86.7895
-86.3708
-85.9431
-85.5047
-85.0532
-84.5865
-84.1016
-83.5956
-83.0648
-82.5047
-81.9102
-81.2747
-80.5902
-79.8465
-79.0301
-78.1232
-77.1011
-75.9281
-74.5509
-72.8831
-70.7722
-67.9106
-63.5322
-54.8593
-22.3024
45.7346
49.3418
44.6789
30.3263
8.84389
-5.58171
-16.4201
-27.3436
-37.2226
-57.9763
-89.9249
-94.2
-94.6423
-94.6424
-94.4812
-94.2107
-93.858
-93.451
-93.015
-92.5686
-92.1232
-91.6843
-91.2537
-90.8317
-90.4173
-90.009
-89.6055
-89.2052
-88.8067
-88.4084
-88.0091
-87.6072
-87.2013
-86.7898
-86.3711
-85.9435
-85.505
-85.0536
-84.5869
-84.1021
-83.5961
-83.0653
-82.5053
-81.9108
-81.2754
-80.591
-79.8474
-79.0311
-78.1244
-77.1024
-75.9298
-74.553
-72.8857
-70.7758
-67.9158
-63.5411
-54.881
-22.4168
45.6413
49.3417
44.6821
30.3366
8.85708
-5.57248
-16.4117
-27.3347
-37.2079
-57.9416
-89.9105
-94.199
-94.6423
-94.6425
-94.4815
-94.2111
-93.8586
-93.4516
-93.0156
-92.5693
-92.1238
-91.6848
-91.2543
-90.8322
-90.4177
-90.0095
-89.6059
-89.2056
-88.807
-88.4088
-88.0095
-87.6076
-87.2016
-86.7902
-86.3715
-85.9438
-85.5054
-85.054
-84.5873
-84.1025
-83.5965
-83.0658
-82.5058
-81.9114
-81.276
-80.5917
-79.8482
-79.0321
-78.1255
-77.1038
-75.9315
-74.555
-72.8884
-70.7793
-67.921
-63.5499
-54.9024
-22.5294
45.5485
49.3415
44.6854
30.347
8.87024
-5.5633
-16.4034
-27.3259
-37.1934
-57.9072
-89.8962
-94.1981
-94.6422
-94.6427
-94.4818
-94.2116
-93.8591
-93.4522
-93.0162
-92.5699
-92.1244
-91.6854
-91.2548
-90.8327
-90.4182
-90.0099
-89.6063
-89.206
-88.8074
-88.4092
-88.0098
-87.6079
-87.202
-86.7905
-86.3718
-85.9442
-85.5057
-85.0544
-84.5877
-84.1029
-83.597
-83.0662
-82.5064
-81.912
-81.2767
-80.5925
-79.8491
-79.0331
-78.1267
-77.1051
-75.9331
-74.557
-72.8909
-70.7828
-67.926
-63.5586
-54.9235
-22.6396
45.4567
49.3414
44.6886
30.3572
8.88318
-5.5543
-16.3952
-27.3173
-37.1792
-57.8739
-89.8823
-94.1972
-94.6421
-94.6428
-94.4821
-94.212
-93.8596
-93.4527
-93.0168
-92.5705
-92.125
-91.6859
-91.2553
-90.8332
-90.4187
-90.0103
-89.6067
-89.2064
-88.8078
-88.4095
-88.0102
-87.6083
-87.2023
-86.7908
-86.3721
-85.9445
-85.5061
-85.0547
-84.588
-84.1033
-83.5974
-83.0667
-82.5069
-81.9126
-81.2774
-80.5932
-79.8499
-79.0341
-78.1278
-77.1065
-75.9347
-74.559
-72.8935
-70.7862
-67.931
-63.5671
-54.9442
-22.7478
45.3645
49.3414
44.692
30.3676
8.89628
-5.54523
-16.387
-27.3086
-37.165
-57.8405
-89.8684
-94.1962
-94.6421
-94.643
-94.4824
-94.2124
-93.8601
-93.4533
-93.0174
-92.5711
-92.1256
-91.6865
-91.2558
-90.8337
-90.4191
-90.0108
-89.6071
-89.2068
-88.8082
-88.4099
-88.0105
-87.6086
-87.2026
-86.7912
-86.3725
-85.9449
-85.5064
-85.0551
-84.5884
-84.1037
-83.5979
-83.0672
-82.5074
-81.9132
-81.278
-80.594
-79.8508
-79.035
-78.1289
-77.1078
-75.9363
-74.561
-72.8961
-70.7896
-67.936
-63.5757
-54.965
-22.856
45.2712
49.3413
44.6954
30.3781
8.9095
-5.53611
-16.3787
-27.2999
-37.1508
-57.8067
-89.8542
-94.1953
-94.642
-94.6431
-94.4827
-94.2128
-93.8606
-93.4539
-93.018
-92.5717
-92.1261
-91.687
-91.2564
-90.8342
-90.4196
-90.0112
-89.6076
-89.2072
-88.8086
-88.4102
-88.0109
-87.6089
-87.203
-86.7915
-86.3728
-85.9452
-85.5068
-85.0555
-84.5888
-84.1042
-83.5983
-83.0677
-82.508
-81.9138
-81.2787
-80.5947
-79.8516
-79.036
-78.1301
-77.1092
-75.9379
-74.563
-72.8986
-70.793
-67.9411
-63.5842
-54.9856
-22.9638
45.1757
49.3413
44.699
30.389
8.92307
-5.5268
-16.3703
-27.291
-37.1363
-57.7724
-89.8396
-94.1943
-94.6419
-94.6433
-94.483
-94.2132
-93.8612
-93.4545
-93.0186
-92.5723
-92.1267
-91.6876
-91.2569
-90.8347
-90.4201
-90.0117
-89.608
-89.2076
-88.8089
-88.4106
-88.0113
-87.6093
-87.2033
-86.7919
-86.3732
-85.9456
-85.5072
-85.0559
-84.5893
-84.1046
-83.5988
-83.0682
-82.5085
-81.9144
-81.2794
-80.5955
-79.8525
-79.037
-78.1312
-77.1105
-75.9395
-74.565
-72.9011
-70.7964
-67.946
-63.5926
-55.006
-23.07
45.0806
49.3413
44.7027
30.3998
8.93654
-5.51759
-16.362
-27.2822
-37.122
-57.7385
-89.8251
-94.1934
-94.6418
-94.6434
-94.4833
-94.2137
-93.8617
-93.455
-93.0192
-92.5729
-92.1273
-91.6882
-91.2574
-90.8352
-90.4205
-90.0121
-89.6084
-89.208
-88.8093
-88.411
-88.0116
-87.6097
-87.2037
-86.7922
-86.3736
-85.946
-85.5076
-85.0563
-84.5897
-84.105
-83.5993
-83.0687
-82.5091
-81.915
-81.28
-80.5962
-79.8533
-79.038
-78.1323
-77.1118
-75.9411
-74.567
-72.9037
-70.7998
-67.9509
-63.6009
-55.0262
-23.1754
44.9835
49.3414
44.7065
30.4111
8.95037
-5.50819
-16.3535
-27.2733
-37.1075
-57.7041
-89.8103
-94.1924
-94.6418
-94.6436
-94.4835
-94.2141
-93.8622
-93.4556
-93.0198
-92.5735
-92.1279
-91.6887
-91.258
-90.8357
-90.421
-90.0126
-89.6088
-89.2084
-88.8097
-88.4114
-88.012
-87.61
-87.2041
-86.7926
-86.3739
-85.9463
-85.5079
-85.0567
-84.5901
-84.1055
-83.5997
-83.0692
-82.5096
-81.9156
-81.2807
-80.597
-79.8542
-79.0389
-78.1335
-77.1132
-75.9427
-74.5689
-72.9062
-70.8031
-67.9557
-63.6092
-55.0462
-23.2794
44.8865
49.3415
44.7104
30.4223
8.96407
-5.4989
-16.3451
-27.2645
-37.0932
-57.6702
-89.7957
-94.1914
-94.6417
-94.6437
-94.4838
-94.2145
-93.8627
-93.4562
-93.0204
-92.5741
-92.1285
-91.6893
-91.2585
-90.8362
-90.4215
-90.013
-89.6092
-89.2088
-88.8101
-88.4118
-88.0123
-87.6104
-87.2044
-86.7929
-86.3743
-85.9467
-85.5083
-85.0571
-84.5905
-84.1059
-83.6002
-83.0697
-82.5102
-81.9162
-81.2814
-80.5977
-79.855
-79.0399
-78.1346
-77.1145
-75.9443
-74.5709
-72.9086
-70.8064
-67.9605
-63.6173
-55.0659
-23.382
44.7888
49.3416
44.7144
30.4338
8.97795
-5.48953
-16.3367
-27.2556
-37.0788
-57.6362
-89.781
-94.1904
-94.6416
-94.6439
-94.4841
-94.2149
-93.8632
-93.4567
-93.021
-92.5746
-92.129
-91.6898
-91.259
-90.8367
-90.422
-90.0134
-89.6097
-89.2092
-88.8105
-88.4121
-88.0127
-87.6107
-87.2048
-86.7933
-86.3746
-85.9471
-85.5087
-85.0575
-84.5909
-84.1063
-83.6007
-83.0702
-82.5107
-81.9168
-81.282
-80.5984
-79.8558
-79.0409
-78.1357
-77.1158
-75.9459
-74.5728
-72.9111
-70.8097
-67.9653
-63.6254
-55.0855
-23.4841
44.6898
49.3417
44.7185
30.4454
8.99194
-5.48009
-16.3282
-27.2467
-37.0642
-57.6019
-89.7661
-94.1894
-94.6415
-94.644
-94.4844
-94.2153
-93.8637
-93.4573
-93.0216
-92.5752
-92.1296
-91.6904
-91.2595
-90.8372
-90.4224
-90.0139
-89.6101
-89.2096
-88.8109
-88.4125
-88.0131
-87.6111
-87.2051
-86.7937
-86.375
-85.9474
-85.5091
-85.0579
-84.5913
-84.1068
-83.6011
-83.0707
-82.5113
-81.9174
-81.2827
-80.5992
-79.8567
-79.0418
-78.1368
-77.1171
-75.9474
-74.5747
-72.9135
-70.813
-67.9701
-63.6336
-55.1051
-23.5862
44.5893
49.3419
44.7227
30.4573
9.00621
-5.4704
-16.3195
-27.2375
-37.0493
-57.5667
-89.7508
-94.1884
-94.6414
-94.6441
-94.4847
-94.2157
-93.8642
-93.4579
-93.0222
-92.5758
-92.1302
-91.6909
-91.2601
-90.8377
-90.4229
-90.0143
-89.6105
-89.21
-88.8113
-88.4129
-88.0135
-87.6115
-87.2055
-86.7941
-86.3754
-85.9478
-85.5095
-85.0583
-84.5918
-84.1072
-83.6016
-83.0713
-82.5118
-81.918
-81.2834
-80.6
-79.8576
-79.0428
-78.1379
-77.1184
-75.949
-74.5767
-72.916
-70.8163
-67.9749
-63.6417
-55.1248
-23.6889
44.4863
49.3421
44.7271
30.4697
9.02087
-5.46048
-16.3105
-27.2281
-37.0341
-57.5308
-89.7349
-94.1873
-94.6413
-94.6443
-94.485
-94.2162
-93.8647
-93.4585
-93.0228
-92.5765
-92.1308
-91.6915
-91.2606
-90.8382
-90.4234
-90.0148
-89.611
-89.2105
-88.8117
-88.4133
-88.0139
-87.6119
-87.2059
-86.7944
-86.3758
-85.9482
-85.5099
-85.0587
-84.5922
-84.1077
-83.6021
-83.0718
-82.5124
-81.9186
-81.2841
-80.6007
-79.8584
-79.0438
-78.1391
-77.1198
-75.9506
-74.5786
-72.9185
-70.8196
-67.9797
-63.6499
-55.1442
-23.7897
44.3843
49.3423
44.7315
30.4819
9.03534
-5.45072
-16.3018
-27.2189
-37.0192
-57.4956
-89.7192
-94.1863
-94.6412
-94.6444
-94.4853
-94.2166
-93.8653
-93.459
-93.0234
-92.5771
-92.1314
-91.6921
-91.2611
-90.8387
-90.4239
-90.0153
-89.6114
-89.2109
-88.8121
-88.4137
-88.0143
-87.6123
-87.2063
-86.7948
-86.3762
-85.9486
-85.5103
-85.0591
-84.5926
-84.1082
-83.6026
-83.0723
-82.513
-81.9193
-81.2848
-80.6015
-79.8593
-79.0448
-78.1402
-77.1211
-75.9522
-74.5806
-72.9209
-70.8229
-67.9844
-63.6579
-55.1633
-23.8881
44.2824
49.3426
44.7361
30.4943
9.04996
-5.44091
-16.293
-27.2096
-37.0043
-57.4604
-89.7035
-94.1852
-94.6412
-94.6446
-94.4856
-94.217
-93.8658
-93.4596
-93.024
-92.5777
-92.132
-91.6926
-91.2617
-90.8392
-90.4244
-90.0157
-89.6119
-89.2113
-88.8125
-88.4141
-88.0147
-87.6127
-87.2067
-86.7952
-86.3766
-85.949
-85.5107
-85.0596
-84.5931
-84.1086
-83.6031
-83.0729
-82.5136
-81.9199
-81.2855
-80.6023
-79.8602
-79.0458
-78.1413
-77.1224
-75.9538
-74.5825
-72.9234
-70.8261
-67.9891
-63.6659
-55.1825
-23.9868
44.1788
49.3429
44.7407
30.5069
9.06472
-5.43103
-16.2841
-27.2003
-36.9892
-57.4249
-89.6876
-94.1841
-94.6411
-94.6447
-94.4859
-94.2174
-93.8663
-93.4602
-93.0246
-92.5783
-92.1326
-91.6932
-91.2622
-90.8397
-90.4249
-90.0162
-89.6123
-89.2117
-88.8129
-88.4145
-88.0151
-87.613
-87.2071
-86.7956
-86.377
-85.9494
-85.5111
-85.06
-84.5935
-84.1091
-83.6036
-83.0734
-82.5142
-81.9205
-81.2862
-80.6031
-79.861
-79.0468
-78.1425
-77.1238
-75.9554
-74.5845
-72.9259
-70.8294
-67.9939
-63.674
-55.2017
-24.0861
44.0731
49.3432
44.7456
30.52
9.07989
-5.42092
-16.2751
-27.1908
-36.9737
-57.3886
-89.6713
-94.183
-94.641
-94.6448
-94.4862
-94.2178
-93.8668
-93.4608
-93.0252
-92.5789
-92.1332
-91.6938
-91.2628
-90.8403
-90.4254
-90.0167
-89.6128
-89.2122
-88.8134
-88.4149
-88.0155
-87.6134
-87.2075
-86.796
-86.3774
-85.9498
-85.5116
-85.0604
-84.594
-84.1096
-83.6041
-83.074
-82.5148
-81.9212
-81.2869
-80.6039
-79.8619
-79.0478
-78.1437
-77.1251
-75.957
-74.5865
-72.9284
-70.8328
-67.9987
-63.6821
-55.2211
-24.1858
43.9646
49.3435
44.7506
30.5334
9.09546
-5.4106
-16.2658
-27.1811
-36.958
-57.3516
-89.6547
-94.1819
-94.6409
-94.645
-94.4865
-94.2182
-93.8673
-93.4613
-93.0258
-92.5795
-92.1338
-91.6943
-91.2633
-90.8408
-90.4259
-90.0172
-89.6132
-89.2126
-88.8138
-88.4153
-88.0159
-87.6139
-87.2079
-86.7964
-86.3778
-85.9503
-85.512
-85.0609
-84.5945
-84.1101
-83.6047
-83.0745
-82.5154
-81.9218
-81.2876
-80.6047
-79.8628
-79.0488
-78.1448
-77.1265
-75.9586
-74.5884
-72.9309
-70.8361
-68.0035
-63.6903
-55.2404
-24.285
43.8557
49.3439
44.7557
30.547
9.11112
-5.40024
-16.2566
-27.1714
-36.9423
-57.3147
-89.6379
-94.1808
-94.6408
-94.6451
-94.4868
-94.2187
-93.8679
-93.4619
-93.0264
-92.5801
-92.1344
-91.6949
-91.2639
-90.8413
-90.4264
-90.0176
-89.6137
-89.2131
-88.8142
-88.4158
-88.0163
-87.6143
-87.2083
-86.7968
-86.3782
-85.9507
-85.5124
-85.0613
-84.5949
-84.1106
-83.6052
-83.0751
-82.516
-81.9225
-81.2883
-80.6055
-79.8637
-79.0498
-78.146
-77.1279
-75.9603
-74.5904
-72.9334
-70.8394
-68.0083
-63.6983
-55.2596
-24.3834
43.7449
49.3444
44.7611
30.5611
9.12715
-5.38969
-16.2472
-27.1616
-36.9263
-57.2772
-89.6206
-94.1796
-94.6406
-94.6452
-94.487
-94.2191
-93.8684
-93.4625
-93.027
-92.5807
-92.135
-91.6955
-91.2644
-90.8419
-90.4269
-90.0181
-89.6142
-89.2135
-88.8147
-88.4162
-88.0167
-87.6147
-87.2087
-86.7972
-86.3786
-85.9511
-85.5129
-85.0618
-84.5954
-84.1111
-83.6057
-83.0756
-82.5166
-81.9232
-81.2891
-80.6063
-79.8646
-79.0508
-78.1472
-77.1292
-75.9619
-74.5924
-72.9359
-70.8427
-68.0131
-63.7064
-55.2787
-24.4818
43.6346
49.3448
44.7664
30.5751
9.14321
-5.37914
-16.2378
-27.1517
-36.9104
-57.2395
-89.6032
-94.1784
-94.6405
-94.6454
-94.4873
-94.2195
-93.8689
-93.4631
-93.0277
-92.5813
-92.1356
-91.6961
-91.265
-90.8424
-90.4274
-90.0186
-89.6146
-89.214
-88.8151
-88.4166
-88.0171
-87.6151
-87.2091
-86.7977
-86.3791
-85.9516
-85.5133
-85.0623
-84.5959
-84.1116
-83.6063
-83.0762
-82.5172
-81.9238
-81.2898
-80.6071
-79.8655
-79.0519
-78.1483
-77.1306
-75.9635
-74.5944
-72.9384
-70.846
-68.0178
-63.7144
-55.2978
-24.5801
43.5233
49.3453
44.7719
30.5894
9.15943
-5.36852
-16.2283
-27.1418
-36.8944
-57.2016
-89.5856
-94.1772
-94.6404
-94.6455
-94.4876
-94.22
-93.8695
-93.4637
-93.0283
-92.582
-92.1362
-91.6967
-91.2656
-90.8429
-90.4279
-90.0191
-89.6151
-89.2144
-88.8156
-88.4171
-88.0176
-87.6155
-87.2095
-86.7981
-86.3795
-85.952
-85.5138
-85.0627
-84.5964
-84.1121
-83.6068
-83.0768
-82.5178
-81.9245
-81.2905
-80.6079
-79.8665
-79.0529
-78.1495
-77.132
-75.9651
-74.5964
-72.9408
-70.8493
-68.0226
-63.7224
-55.3168
-24.6776
43.412
49.3458
44.7775
30.6039
9.17583
-5.35782
-16.2188
-27.1319
-36.8783
-57.1636
-89.5679
-94.176
-94.6403
-94.6457
-94.4879
-94.2204
-93.87
-93.4643
-93.0289
-92.5826
-92.1368
-91.6973
-91.2661
-90.8435
-90.4284
-90.0196
-89.6156
-89.2149
-88.816
-88.4175
-88.018
-87.616
-87.21
-86.7985
-86.3799
-85.9524
-85.5142
-85.0632
-84.5969
-84.1126
-83.6073
-83.0774
-82.5184
-81.9252
-81.2913
-80.6087
-79.8674
-79.0539
-78.1507
-77.1333
-75.9668
-74.5983
-72.9433
-70.8526
-68.0273
-63.7304
-55.3357
-24.7744
43.3025
49.3463
44.783
30.6181
9.19204
-5.34725
-16.2094
-27.122
-36.8624
-57.1261
-89.5505
-94.1749
-94.6402
-94.6458
-94.4882
-94.2208
-93.8705
-93.4649
-93.0295
-92.5832
-92.1374
-91.6979
-91.2667
-90.844
-90.4289
-90.0201
-89.6161
-89.2154
-88.8165
-88.418
-88.0184
-87.6164
-87.2104
-86.799
-86.3804
-85.9529
-85.5147
-85.0637
-84.5974
-84.1131
-83.6079
-83.078
-82.5191
-81.9259
-81.292
-80.6095
-79.8683
-79.055
-78.1519
-77.1347
-75.9684
-74.6003
-72.9458
-70.8559
-68.0321
-63.7382
-55.3543
-24.8704
43.1922
49.3469
44.7887
30.6328
9.20866
-5.33646
-16.1998
-27.112
-36.8463
-57.0879
-89.5327
-94.1737
-94.6401
-94.6459
-94.4885
-94.2213
-93.871
-93.4655
-93.0301
-92.5838
-92.138
-91.6985
-91.2673
-90.8445
-90.4295
-90.0206
-89.6165
-89.2158
-88.8169
-88.4184
-88.0189
-87.6168
-87.2108
-86.7994
-86.3808
-85.9533
-85.5152
-85.0641
-84.5979
-84.1137
-83.6084
-83.0785
-82.5197
-81.9265
-81.2928
-80.6103
-79.8692
-79.056
-78.1531
-77.1361
-75.97
-74.6023
-72.9483
-70.8591
-68.0368
-63.7462
-55.3731
-24.9665
43.081
49.3475
44.7944
30.6476
9.22542
-5.32562
-16.1902
-27.1019
-36.8301
-57.0497
-89.5145
-94.1724
-94.64
-94.6461
-94.4888
-94.2217
-93.8716
-93.4661
-93.0308
-92.5845
-92.1386
-91.699
-91.2678
-90.8451
-90.43
-90.0211
-89.617
-89.2163
-88.8174
-88.4188
-88.0193
-87.6173
-87.2113
-86.7998
-86.3812
-85.9538
-85.5156
-85.0646
-84.5984
-84.1142
-83.609
-83.0791
-82.5203
-81.9272
-81.2935
-80.6112
-79.8701
-79.057
-78.1543
-77.1374
-75.9716
-74.6043
-72.9508
-70.8625
-68.0416
-63.7542
-55.392
-25.0634
42.9674
49.3481
44.8004
30.6628
9.24257
-5.31444
-16.1803
-27.0915
-36.8133
-57.0102
-89.4956
-94.1712
-94.6398
-94.6462
-94.4891
-94.2221
-93.8721
-93.4667
-93.0314
-92.5851
-92.1393
-91.6997
-91.2684
-90.8457
-90.4305
-90.0216
-89.6175
-89.2168
-88.8178
-88.4193
-88.0198
-87.6177
-87.2117
-86.8003
-86.3817
-85.9543
-85.5161
-85.0651
-84.5989
-84.1147
-83.6096
-83.0798
-82.521
-81.928
-81.2943
-80.612
-79.8711
-79.0581
-78.1555
-77.1389
-75.9733
-74.6063
-72.9534
-70.8659
-68.0465
-63.7624
-55.4114
-25.1618
42.8503
49.3487
44.8067
30.6788
9.26048
-5.30277
-16.17
-27.0806
-36.7958
-56.969
-89.4759
-94.1698
-94.6397
-94.6464
-94.4895
-94.2226
-93.8727
-93.4673
-93.0321
-92.5858
-92.1399
-91.7003
-91.269
-90.8462
-90.4311
-90.0222
-89.618
-89.2173
-88.8183
-88.4198
-88.0203
-87.6182
-87.2122
-86.8008
-86.3822
-85.9548
-85.5166
-85.0657
-84.5994
-84.1153
-83.6102
-83.0804
-82.5217
-81.9287
-81.2951
-80.6129
-79.8721
-79.0592
-78.1568
-77.1404
-75.9751
-74.6085
-72.956
-70.8694
-68.0515
-63.7708
-55.4313
-25.2628
42.7293
49.3494
44.8132
30.6952
9.27886
-5.29082
-16.1594
-27.0695
-36.778
-56.927
-89.4557
-94.1685
-94.6396
-94.6465
-94.4898
-94.223
-93.8733
-93.468
-93.0327
-92.5865
-92.1406
-91.7009
-91.2696
-90.8468
-90.4317
-90.0227
-89.6186
-89.2178
-88.8189
-88.4203
-88.0208
-87.6187
-87.2127
-86.8013
-86.3827
-85.9553
-85.5172
-85.0662
-84.6
-84.1159
-83.6108
-83.0811
-82.5224
-81.9295
-81.296
-80.6139
-79.8731
-79.0604
-78.1581
-77.1419
-75.9769
-74.6106
-72.9588
-70.873
-68.0567
-63.7794
-55.4517
-25.3659
42.6026
49.3502
44.8203
30.7128
9.29847
-5.27814
-16.1481
-27.0578
-36.7591
-56.8827
-89.4343
-94.167
-94.6394
-94.6467
-94.4901
-94.2235
-93.8739
-93.4686
-93.0334
-92.5872
-92.1413
-91.7016
-91.2703
-90.8475
-90.4323
-90.0233
-89.6191
-89.2183
-88.8194
-88.4208
-88.0213
-87.6192
-87.2132
-86.8018
-86.3832
-85.9558
-85.5177
-85.0668
-84.6006
-84.1165
-83.6115
-83.0818
-82.5231
-81.9303
-81.2968
-80.6148
-79.8742
-79.0616
-78.1594
-77.1435
-75.9787
-74.6129
-72.9615
-70.8767
-68.062
-63.7882
-55.4724
-25.471
42.4728
49.3511
44.8275
30.7309
9.31847
-5.26525
-16.1367
-27.0458
-36.7399
-56.8377
-89.4125
-94.1656
-94.6393
-94.6468
-94.4905
-94.224
-93.8745
-93.4693
-93.0341
-92.5879
-92.142
-91.7023
-91.2709
-90.8481
-90.4329
-90.0239
-89.6197
-89.2189
-88.8199
-88.4214
-88.0218
-87.6197
-87.2137
-86.8023
-86.3838
-85.9564
-85.5183
-85.0674
-84.6012
-84.1172
-83.6121
-83.0825
-82.5239
-81.9311
-81.2977
-80.6158
-79.8752
-79.0628
-78.1608
-77.145
-75.9806
-74.6151
-72.9644
-70.8804
-68.0673
-63.7971
-55.4934
-25.5774
42.3389
49.352
44.8351
30.7498
9.33936
-5.25184
-16.1249
-27.0334
-36.7201
-56.7912
-89.3895
-94.164
-94.6391
-94.647
-94.4908
-94.2245
-93.8751
-93.47
-93.0349
-92.5886
-92.1427
-91.703
-91.2716
-90.8487
-90.4335
-90.0245
-89.6203
-89.2195
-88.8205
-88.4219
-88.0224
-87.6203
-87.2143
-86.8029
-86.3843
-85.9569
-85.5189
-85.068
-84.6018
-84.1178
-83.6128
-83.0832
-82.5247
-81.9319
-81.2986
-80.6168
-79.8764
-79.0641
-78.1622
-77.1467
-75.9825
-74.6175
-72.9673
-70.8842
-68.0728
-63.8063
-55.515
-25.6869
42.1995
49.353
44.8432
30.7697
9.36117
-5.2379
-16.1126
-27.0206
-36.6996
-56.743
-89.3656
-94.1624
-94.639
-94.6472
-94.4912
-94.2251
-93.8757
-93.4707
-93.0356
-92.5894
-92.1435
-91.7037
-91.2723
-90.8494
-90.4341
-90.0251
-89.6209
-89.2201
-88.8211
-88.4225
-88.0229
-87.6209
-87.2149
-86.8035
-86.3849
-85.9575
-85.5195
-85.0686
-84.6025
-84.1185
-83.6136
-83.084
-82.5255
-81.9328
-81.2996
-80.6179
-79.8775
-79.0654
-78.1637
-77.1484
-75.9845
-74.6199
-72.9703
-70.8882
-68.0785
-63.8158
-55.5373
-25.7997
42.0537
49.354
44.8517
30.7907
9.38411
-5.2233
-16.0998
-27.0071
-36.6781
-56.6927
-89.3406
-94.1607
-94.6388
-94.6473
-94.4916
-94.2256
-93.8764
-93.4715
-93.0364
-92.5902
-92.1442
-91.7045
-91.2731
-90.8501
-90.4348
-90.0258
-89.6216
-89.2207
-88.8217
-88.4231
-88.0235
-87.6215
-87.2155
-86.8041
-86.3855
-85.9582
-85.5201
-85.0693
-84.6032
-84.1192
-83.6143
-83.0848
-82.5264
-81.9337
-81.3006
-80.619
-79.8787
-79.0667
-78.1653
-77.1502
-75.9866
-74.6224
-72.9735
-70.8924
-68.0845
-63.8257
-55.5605
-25.9167
41.9021
49.3552
44.8608
30.8129
9.40831
-5.20796
-16.0863
-26.993
-36.6556
-56.6396
-89.3141
-94.1589
-94.6386
-94.6475
-94.492
-94.2262
-93.8771
-93.4723
-93.0373
-92.591
-92.1451
-91.7053
-91.2738
-90.8509
-90.4355
-90.0265
-89.6222
-89.2214
-88.8223
-88.4237
-88.0242
-87.6221
-87.2161
-86.8047
-86.3862
-85.9588
-85.5208
-85.07
-84.6039
-84.12
-83.6151
-83.0856
-82.5273
-81.9347
-81.3016
-80.6201
-79.88
-79.0682
-78.1669
-77.152
-75.9888
-74.6251
-72.9768
-70.8967
-68.0907
-63.8359
-55.5846
-26.0385
41.7425
49.3564
44.8704
30.8364
9.43387
-5.19182
-16.0721
-26.9782
-36.632
-56.5841
-89.2861
-94.157
-94.6384
-94.6477
-94.4924
-94.2268
-93.8779
-93.4731
-93.0381
-92.5919
-92.1459
-91.7061
-91.2746
-90.8517
-90.4363
-90.0272
-89.623
-89.2221
-88.823
-88.4244
-88.0248
-87.6228
-87.2168
-86.8054
-86.3869
-85.9595
-85.5215
-85.0707
-84.6047
-84.1208
-83.616
-83.0865
-82.5282
-81.9357
-81.3028
-80.6213
-79.8814
-79.0697
-78.1686
-77.154
-75.9911
-74.6278
-72.9802
-70.9012
-68.0971
-63.8467
-55.6097
-26.1656
41.5736
49.3578
44.8808
30.8617
9.46134
-5.17456
-16.057
-26.9624
-36.6069
-56.5249
-89.2558
-94.155
-94.6382
-94.6479
-94.4928
-94.2274
-93.8786
-93.474
-93.0391
-92.5928
-92.1468
-91.707
-91.2755
-90.8525
-90.4371
-90.028
-89.6237
-89.2228
-88.8238
-88.4251
-88.0255
-87.6235
-87.2175
-86.8061
-86.3876
-85.9603
-85.5223
-85.0715
-84.6055
-84.1217
-83.6169
-83.0875
-82.5292
-81.9368
-81.3039
-80.6226
-79.8828
-79.0713
-78.1704
-77.1561
-75.9936
-74.6308
-72.9839
-70.906
-68.104
-63.858
-55.6363
-26.2991
41.3935
49.3594
44.8921
30.889
9.49106
-5.15582
-16.0406
-26.9452
-36.5795
-56.4604
-89.2226
-94.1528
-94.638
-94.6481
-94.4933
-94.2281
-93.8795
-93.4749
-93.04
-92.5938
-92.1478
-91.708
-91.2764
-90.8534
-90.438
-90.0288
-89.6245
-89.2236
-88.8245
-88.4259
-88.0263
-87.6242
-87.2183
-86.8069
-86.3884
-85.9611
-85.5231
-85.0724
-84.6064
-84.1226
-83.6179
-83.0885
-82.5303
-81.938
-81.3052
-80.624
-79.8844
-79.073
-78.1723
-77.1583
-75.9962
-74.6339
-72.9878
-70.9112
-68.1114
-63.8703
-55.6649
-26.4419
41.1981
49.3611
44.9046
30.919
9.52357
-5.13528
-16.0225
-26.9264
-36.5495
-56.3899
-89.1861
-94.1503
-94.6377
-94.6483
-94.4938
-94.2288
-93.8804
-93.476
-93.0411
-92.5949
-92.1489
-91.709
-91.2774
-90.8543
-90.4389
-90.0297
-89.6254
-89.2245
-88.8254
-88.4268
-88.0272
-87.6251
-87.2191
-86.8077
-86.3893
-85.962
-85.524
-85.0733
-84.6074
-84.1236
-83.6189
-83.0897
-82.5316
-81.9394
-81.3067
-80.6256
-79.8861
-79.0749
-78.1745
-77.1608
-75.9991
-74.6374
-72.9922
-70.9169
-68.1195
-63.8837
-55.6962
-26.598
41.1581
49.3612
44.9071
30.9279
9.53644
-5.12602
-16.014
-26.9173
-36.5348
-56.3554
-89.1682
-94.1492
-94.6376
-94.6485
-94.4941
-94.2294
-93.8811
-93.4767
-93.042
-92.5958
-92.1498
-91.7099
-91.2783
-90.8552
-90.4397
-90.0305
-89.6262
-89.2252
-88.8261
-88.4275
-88.0278
-87.6258
-87.2198
-86.8084
-86.3899
-85.9626
-85.5247
-85.074
-84.6081
-84.1244
-83.6197
-83.0905
-82.5324
-81.9402
-81.3076
-80.6266
-79.8872
-79.0761
-78.1759
-77.1624
-76.001
-74.6397
-72.9949
-70.9205
-68.1247
-63.8923
-55.7163
-26.6981
41.1659
49.3609
44.9065
30.929
9.54034
-5.1226
-16.0107
-26.9137
-36.5288
-56.3412
-89.1608
-94.1487
-94.6375
-94.6485
-94.4943
-94.2297
-93.8815
-93.4772
-93.0425
-92.5963
-92.1503
-91.7104
-91.2788
-90.8556
-90.4401
-90.0309
-89.6266
-89.2256
-88.8265
-88.4278
-88.0282
-87.6261
-87.2201
-86.8087
-86.3902
-85.9629
-85.525
-85.0743
-84.6084
-84.1246
-83.62
-83.0908
-82.5327
-81.9406
-81.308
-80.627
-79.8876
-79.0766
-78.1764
-77.163
-76.0017
-74.6406
-72.9961
-70.922
-68.1268
-63.896
-55.7249
-26.7417
41.1721
49.3608
44.9061
30.9292
9.54175
-5.12127
-16.0094
-26.9122
-36.5265
-56.3356
-89.1578
-94.1485
-94.6375
-94.6486
-94.4944
-94.2298
-93.8816
-93.4774
-93.0427
-92.5965
-92.1505
-91.7106
-91.2789
-90.8558
-90.4403
-90.0311
-89.6267
-89.2257
-88.8266
-88.4279
-88.0283
-87.6262
-87.2202
-86.8088
-86.3903
-85.963
-85.5251
-85.0743
-84.6084
-84.1247
-83.6201
-83.0908
-82.5328
-81.9407
-81.3081
-80.6271
-79.8878
-79.0768
-78.1766
-77.1633
-76.002
-74.641
-72.9966
-70.9228
-68.128
-63.8979
-55.7296
-26.7656
41.177
49.3607
44.9058
30.929
9.54231
-5.12067
-16.0088
-26.9115
-36.5254
-56.3329
-89.1563
-94.1484
-94.6375
-94.6486
-94.4944
-94.2298
-93.8817
-93.4775
-93.0428
-92.5966
-92.1506
-91.7107
-91.279
-90.8559
-90.4404
-90.0311
-89.6268
-89.2258
-88.8266
-88.4279
-88.0283
-87.6262
-87.2202
-86.8088
-86.3903
-85.9631
-85.5251
-85.0744
-84.6085
-84.1248
-83.6201
-83.0909
-82.5329
-81.9408
-81.3082
-80.6273
-79.888
-79.0771
-78.177
-77.1637
-76.0025
-74.6416
-72.9974
-70.9238
-68.1296
-63.9007
-55.736
-26.798
41.1838
49.3606
44.9053
30.9289
9.54306
-5.11987
-16.008
-26.9106
-36.5238
-56.3293
-89.1544
-94.1482
-94.6375
-94.6486
-94.4945
-94.2299
-93.8818
-93.4776
-93.0429
-92.5968
-92.1508
-91.7108
-91.2792
-90.856
-90.4405
-90.0313
-89.6269
-89.2259
-88.8268
-88.4281
-88.0284
-87.6263
-87.2203
-86.8089
-86.3905
-85.9632
-85.5253
-85.0746
-84.6087
-84.125
-83.6204
-83.0912
-82.5332
-81.9411
-81.3086
-80.6277
-79.8884
-79.0775
-78.1775
-77.1643
-76.0033
-74.6426
-72.9987
-70.9255
-68.132
-63.9048
-55.7457
-26.8461
41.194
49.3604
44.9047
30.9286
9.54417
-5.11867
-16.0068
-26.9093
-36.5216
-56.3239
-89.1516
-94.1481
-94.6375
-94.6486
-94.4946
-94.2301
-93.882
-93.4778
-93.0432
-92.597
-92.151
-91.7111
-91.2794
-90.8563
-90.4407
-90.0315
-89.6271
-89.2261
-88.827
-88.4283
-88.0286
-87.6265
-87.2205
-86.8092
-86.3907
-85.9634
-85.5255
-85.0748
-84.609
-84.1253
-83.6206
-83.0915
-82.5335
-81.9415
-81.309
-80.6282
-79.8889
-79.0782
-78.1782
-77.1652
-76.0043
-74.6438
-73.0002
-70.9276
-68.1349
-63.9097
-55.7569
-26.9024
41.206
49.3601
44.9039
30.9282
9.54543
-5.11729
-16.0054
-26.9077
-36.519
-56.3177
-89.1483
-94.1478
-94.6375
-94.6487
-94.4947
-94.2302
-93.8822
-93.4781
-93.0435
-92.5973
-92.1513
-91.7114
-91.2797
-90.8565
-90.441
-90.0317
-89.6273
-89.2263
-88.8272
-88.4285
-88.0289
-87.6268
-87.2208
-86.8094
-86.3909
-85.9637
-85.5258
-85.0751
-84.6092
-84.1256
-83.621
-83.0918
-82.5339
-81.9419
-81.3094
-80.6286
-79.8895
-79.0788
-78.179
-77.166
-76.0053
-74.645
-73.0017
-70.9295
-68.1378
-63.9144
-55.768
-26.9574
41.2178
49.3599
44.9031
30.9278
9.54663
-5.11596
-16.004
-26.9062
-36.5165
-56.3117
-89.1451
-94.1476
-94.6374
-94.6487
-94.4947
-94.2304
-93.8824
-93.4783
-93.0437
-92.5976
-92.1516
-91.7116
-91.28
-90.8568
-90.4412
-90.032
-89.6276
-89.2266
-88.8274
-88.4287
-88.0291
-87.627
-87.221
-86.8096
-86.3911
-85.9639
-85.526
-85.0753
-84.6095
-84.1258
-83.6212
-83.0921
-82.5342
-81.9422
-81.3098
-80.6291
-79.89
-79.0793
-78.1796
-77.1667
-76.0062
-74.6461
-73.003
-70.9313
-68.1403
-63.9186
-55.7778
-27.0065
41.2275
49.3597
44.9025
30.9277
9.54796
-5.11462
-16.0027
-26.9047
-36.514
-56.3059
-89.142
-94.1474
-94.6374
-94.6487
-94.4948
-94.2305
-93.8826
-93.4785
-93.044
-92.5978
-92.1518
-91.7119
-91.2802
-90.857
-90.4415
-90.0322
-89.6278
-89.2268
-88.8276
-88.4289
-88.0293
-87.6272
-87.2212
-86.8098
-86.3913
-85.9641
-85.5262
-85.0755
-84.6097
-84.1261
-83.6215
-83.0924
-82.5345
-81.9425
-81.3102
-80.6295
-79.8904
-79.0798
-78.1801
-77.1674
-76.007
-74.647
-73.0043
-70.9329
-68.1427
-63.9225
-55.7868
-27.0514
41.2362
49.3596
44.902
30.9276
9.54918
-5.1134
-16.0015
-26.9033
-36.5118
-56.3006
-89.1392
-94.1472
-94.6374
-94.6488
-94.4949
-94.2306
-93.8828
-93.4787
-93.0442
-92.5981
-92.1521
-91.7121
-91.2804
-90.8572
-90.4417
-90.0324
-89.628
-89.2269
-88.8278
-88.4291
-88.0294
-87.6273
-87.2213
-86.81
-86.3915
-85.9643
-85.5264
-85.0757
-84.6099
-84.1263
-83.6217
-83.0927
-82.5348
-81.9428
-81.3105
-80.6298
-79.8908
-79.0803
-78.1807
-77.168
-76.0077
-74.6479
-73.0054
-70.9345
-68.1449
-63.9262
-55.7954
-27.0946
41.2447
49.3594
44.9015
30.9275
9.55031
-5.11225
-16.0003
-26.902
-36.5097
-56.2955
-89.1365
-94.1471
-94.6374
-94.6488
-94.495
-94.2307
-93.8829
-93.4789
-93.0444
-92.5983
-92.1523
-91.7123
-91.2807
-90.8574
-90.4419
-90.0326
-89.6281
-89.2271
-88.828
-88.4292
-88.0296
-87.6275
-87.2215
-86.8101
-86.3917
-85.9644
-85.5266
-85.0759
-84.6101
-84.1265
-83.622
-83.0929
-82.5351
-81.9431
-81.3108
-80.6302
-79.8912
-79.0808
-78.1812
-77.1687
-76.0085
-74.6489
-73.0066
-70.936
-68.1471
-63.9299
-55.804
-27.1375
41.2533
49.3593
44.9009
30.9274
9.55141
-5.11112
-15.9992
-26.9008
-36.5076
-56.2906
-89.1339
-94.1469
-94.6374
-94.6488
-94.495
-94.2308
-93.8831
-93.4791
-93.0446
-92.5985
-92.1525
-91.7126
-91.2809
-90.8577
-90.4421
-90.0328
-89.6283
-89.2273
-88.8281
-88.4294
-88.0298
-87.6277
-87.2217
-86.8103
-86.3919
-85.9646
-85.5268
-85.0761
-84.6103
-84.1267
-83.6222
-83.0932
-82.5353
-81.9434
-81.3112
-80.6306
-79.8917
-79.0812
-78.1818
-77.1693
-76.0092
-74.6498
-73.0078
-70.9376
-68.1493
-63.9337
-55.8127
-27.1805
41.2619
49.3591
44.9004
30.9273
9.55248
-5.11001
-15.9981
-26.8995
-36.5055
-56.2857
-89.1313
-94.1467
-94.6373
-94.6489
-94.4951
-94.231
-93.8832
-93.4793
-93.0448
-92.5987
-92.1527
-91.7128
-91.2811
-90.8579
-90.4423
-90.033
-89.6285
-89.2275
-88.8283
-88.4296
-88.03
-87.6278
-87.2219
-86.8105
-86.392
-85.9648
-85.527
-85.0763
-84.6105
-84.1269
-83.6224
-83.0934
-82.5356
-81.9438
-81.3115
-80.631
-79.8921
-79.0817
-78.1823
-77.17
-76.01
-74.6507
-73.0089
-70.9391
-68.1515
-63.9373
-55.8212
-27.223
41.2701
49.359
44.8999
30.9272
9.55362
-5.10887
-15.9969
-26.8982
-36.5034
-56.2807
-89.1286
-94.1465
-94.6373
-94.6489
-94.4952
-94.2311
-93.8834
-93.4795
-93.045
-92.5989
-92.153
-91.713
-91.2813
-90.8581
-90.4425
-90.0332
-89.6287
-89.2277
-88.8285
-88.4298
-88.0301
-87.628
-87.222
-86.8107
-86.3922
-85.965
-85.5271
-85.0765
-84.6108
-84.1272
-83.6227
-83.0937
-82.5359
-81.9441
-81.3118
-80.6313
-79.8925
-79.0822
-78.1829
-77.1706
-76.0107
-74.6516
-73.0101
-70.9406
-68.1537
-63.9409
-55.8295
-27.2646
41.2776
49.3588
44.8995
30.9273
9.5549
-5.10765
-15.9957
-26.8969
-36.5012
-56.2755
-89.1258
-94.1464
-94.6373
-94.6489
-94.4953
-94.2312
-93.8835
-93.4797
-93.0452
-92.5992
-92.1532
-91.7132
-91.2815
-90.8583
-90.4427
-90.0334
-89.6289
-89.2278
-88.8287
-88.4299
-88.0303
-87.6282
-87.2222
-86.8108
-86.3924
-85.9652
-85.5273
-85.0767
-84.611
-84.1274
-83.6229
-83.0939
-82.5362
-81.9444
-81.3122
-80.6317
-79.8929
-79.0827
-78.1834
-77.1712
-76.0115
-74.6525
-73.0112
-70.9421
-68.1558
-63.9445
-55.8378
-27.3057
41.285
49.3587
44.8991
30.9274
9.55612
-5.10648
-15.9946
-26.8956
-36.4991
-56.2704
-89.1231
-94.1462
-94.6373
-94.649
-94.4953
-94.2313
-93.8837
-93.4799
-93.0454
-92.5994
-92.1534
-91.7134
-91.2817
-90.8585
-90.4429
-90.0335
-89.6291
-89.228
-88.8288
-88.4301
-88.0305
-87.6284
-87.2224
-86.811
-86.3926
-85.9654
-85.5275
-85.0769
-84.6112
-84.1276
-83.6232
-83.0942
-82.5364
-81.9447
-81.3125
-80.632
-79.8933
-79.0831
-78.1839
-77.1718
-76.0122
-74.6534
-73.0123
-70.9436
-68.1579
-63.948
-55.8458
-27.3459
41.2923
49.3586
44.8987
30.9274
9.5573
-5.10534
-15.9934
-26.8944
-36.497
-56.2655
-89.1205
-94.146
-94.6373
-94.649
-94.4954
-94.2314
-93.8838
-93.4801
-93.0456
-92.5996
-92.1536
-91.7136
-91.2819
-90.8587
-90.4431
-90.0337
-89.6293
-89.2282
-88.829
-88.4303
-88.0306
-87.6285
-87.2226
-86.8112
-86.3928
-85.9656
-85.5277
-85.0771
-84.6114
-84.1278
-83.6234
-83.0944
-82.5367
-81.9449
-81.3128
-80.6324
-79.8937
-79.0836
-78.1844
-77.1724
-76.0129
-74.6543
-73.0134
-70.945
-68.16
-63.9514
-55.8537
-27.385
41.2996
49.3584
44.8983
30.9274
9.55843
-5.10425
-15.9924
-26.8931
-36.4951
-56.2608
-89.118
-94.1458
-94.6372
-94.649
-94.4955
-94.2315
-93.884
-93.4802
-93.0458
-92.5998
-92.1538
-91.7138
-91.2821
-90.8589
-90.4432
-90.0339
-89.6294
-89.2284
-88.8292
-88.4305
-88.0308
-87.6287
-87.2227
-86.8114
-86.3929
-85.9657
-85.5279
-85.0773
-84.6116
-84.128
-83.6236
-83.0947
-82.537
-81.9452
-81.3131
-80.6327
-79.8941
-79.084
-78.1849
-77.173
-76.0136
-74.6551
-73.0144
-70.9464
-68.162
-63.9547
-55.8613
-27.423
41.3066
49.3583
44.8979
30.9274
9.55951
-5.10319
-15.9913
-26.892
-36.4931
-56.2562
-89.1155
-94.1457
-94.6372
-94.649
-94.4955
-94.2316
-93.8841
-93.4804
-93.046
-92.6
-92.154
-91.714
-91.2823
-90.859
-90.4434
-90.0341
-89.6296
-89.2285
-88.8293
-88.4306
-88.031
-87.6289
-87.2229
-86.8115
-86.3931
-85.9659
-85.5281
-85.0775
-84.6118
-84.1282
-83.6238
-83.0949
-82.5372
-81.9455
-81.3134
-80.6331
-79.8945
-79.0844
-78.1854
-77.1736
-76.0143
-74.6559
-73.0155
-70.9478
-68.1639
-63.9579
-55.8687
-27.4599
41.3133
49.3582
44.8975
30.9275
9.56061
-5.10214
-15.9903
-26.8908
-36.4912
-56.2517
-89.1131
-94.1455
-94.6372
-94.6491
-94.4956
-94.2317
-93.8843
-93.4806
-93.0462
-92.6002
-92.1542
-91.7142
-91.2825
-90.8592
-90.4436
-90.0342
-89.6298
-89.2287
-88.8295
-88.4308
-88.0311
-87.629
-87.223
-86.8117
-86.3932
-85.9661
-85.5282
-85.0777
-84.612
-84.1284
-83.624
-83.0951
-82.5375
-81.9458
-81.3137
-80.6334
-79.8948
-79.0848
-78.1859
-77.1741
-76.0149
-74.6567
-73.0165
-70.9491
-68.1658
-63.961
-55.876
-27.4958
41.3192
49.3581
44.8972
30.9278
9.56185
-5.10102
-15.9892
-26.8896
-36.4893
-56.247
-89.1106
-94.1453
-94.6372
-94.6491
-94.4957
-94.2318
-93.8844
-93.4807
-93.0464
-92.6004
-92.1544
-91.7144
-91.2827
-90.8594
-90.4438
-90.0344
-89.6299
-89.2289
-88.8297
-88.4309
-88.0313
-87.6292
-87.2232
-86.8118
-86.3934
-85.9662
-85.5284
-85.0778
-84.6121
-84.1286
-83.6242
-83.0954
-82.5377
-81.946
-81.314
-80.6337
-79.8952
-79.0852
-78.1864
-77.1747
-76.0156
-74.6575
-73.0175
-70.9504
-68.1677
-63.9642
-55.8833
-27.5316
41.3252
49.358
44.897
30.928
9.56306
-5.09991
-15.9881
-26.8884
-36.4873
-56.2424
-89.1081
-94.1452
-94.6372
-94.6491
-94.4957
-94.2319
-93.8845
-93.4809
-93.0465
-92.6006
-92.1546
-91.7146
-91.2829
-90.8596
-90.4439
-90.0346
-89.6301
-89.229
-88.8298
-88.4311
-88.0314
-87.6293
-87.2233
-86.812
-86.3936
-85.9664
-85.5286
-85.078
-84.6123
-84.1288
-83.6245
-83.0956
-82.538
-81.9463
-81.3143
-80.6341
-79.8956
-79.0857
-78.1869
-77.1752
-76.0162
-74.6583
-73.0185
-70.9517
-68.1696
-63.9673
-55.8906
-27.5673
41.3311
49.3579
44.8967
30.9282
9.56425
-5.09883
-15.987
-26.8872
-36.4854
-56.2378
-89.1056
-94.145
-94.6371
-94.6491
-94.4958
-94.232
-93.8847
-93.4811
-93.0467
-92.6007
-92.1548
-91.7148
-91.283
-90.8598
-90.4441
-90.0348
-89.6303
-89.2292
-88.83
-88.4312
-88.0316
-87.6295
-87.2235
-86.8121
-86.3937
-85.9666
-85.5288
-85.0782
-84.6125
-84.129
-83.6247
-83.0958
-82.5382
-81.9466
-81.3146
-80.6344
-79.8959
-79.0861
-78.1873
-77.1758
-76.0169
-74.6591
-73.0195
-70.953
-68.1714
-63.9704
-55.8977
-27.6025
41.3371
49.3578
44.8964
30.9283
9.5654
-5.09777
-15.986
-26.8861
-36.4835
-56.2333
-89.1032
-94.1448
-94.6371
-94.6492
-94.4958
-94.2321
-93.8848
-93.4812
-93.0469
-92.6009
-92.155
-91.715
-91.2832
-90.8599
-90.4443
-90.0349
-89.6304
-89.2293
-88.8301
-88.4314
-88.0317
-87.6296
-87.2237
-86.8123
-86.3939
-85.9667
-85.5289
-85.0784
-84.6127
-84.1292
-83.6249
-83.096
-82.5384
-81.9468
-81.3149
-80.6347
-79.8963
-79.0865
-78.1878
-77.1763
-76.0175
-74.6599
-73.0204
-70.9543
-68.1732
-63.9734
-55.9047
-27.6367
41.3429
49.3577
44.8961
30.9285
9.5665
-5.09674
-15.985
-26.885
-36.4816
-56.2289
-89.1009
-94.1447
-94.6371
-94.6492
-94.4959
-94.2322
-93.8849
-93.4814
-93.0471
-92.6011
-92.1551
-91.7152
-91.2834
-90.8601
-90.4445
-90.0351
-89.6306
-89.2295
-88.8303
-88.4315
-88.0319
-87.6298
-87.2238
-86.8125
-86.394
-85.9669
-85.5291
-85.0786
-84.6129
-84.1294
-83.6251
-83.0963
-82.5387
-81.9471
-81.3152
-80.635
-79.8966
-79.0869
-78.1882
-77.1768
-76.0181
-74.6606
-73.0214
-70.9555
-68.175
-63.9763
-55.9114
-27.6698
41.3486
49.3576
44.8958
30.9286
9.56755
-5.09577
-15.984
-26.8839
-36.4799
-56.2248
-89.0986
-94.1445
-94.6371
-94.6492
-94.496
-94.2323
-93.8851
-93.4815
-93.0472
-92.6013
-92.1553
-91.7153
-91.2836
-90.8603
-90.4446
-90.0352
-89.6307
-89.2296
-88.8304
-88.4317
-88.032
-87.6299
-87.2239
-86.8126
-86.3942
-85.967
-85.5293
-85.0787
-84.6131
-84.1296
-83.6253
-83.0965
-82.5389
-81.9473
-81.3154
-80.6353
-79.897
-79.0872
-78.1887
-77.1773
-76.0187
-74.6613
-73.0223
-70.9567
-68.1767
-63.9792
-55.9179
-27.7018
41.3538
49.3575
44.8955
30.9288
9.56862
-5.0948
-15.9831
-26.8828
-36.4782
-56.2207
-89.0964
-94.1444
-94.6371
-94.6492
-94.496
-94.2324
-93.8852
-93.4817
-93.0474
-92.6015
-92.1555
-91.7155
-91.2837
-90.8604
-90.4448
-90.0354
-89.6309
-89.2298
-88.8306
-88.4318
-88.0322
-87.6301
-87.2241
-86.8127
-86.3943
-85.9672
-85.5294
-85.0789
-84.6132
-84.1298
-83.6255
-83.0967
-82.5391
-81.9476
-81.3157
-80.6356
-79.8973
-79.0876
-78.1891
-77.1778
-76.0193
-74.6621
-73.0231
-70.9579
-68.1784
-63.9819
-55.9243
-27.7333
41.3586
49.3574
44.8954
30.9291
9.5698
-5.09376
-15.9821
-26.8817
-36.4764
-56.2164
-89.0941
-94.1442
-94.6371
-94.6493
-94.4961
-94.2325
-93.8853
-93.4818
-93.0476
-92.6016
-92.1557
-91.7157
-91.2839
-90.8606
-90.4449
-90.0355
-89.631
-89.2299
-88.8307
-88.432
-88.0323
-87.6302
-87.2242
-86.8129
-86.3945
-85.9673
-85.5296
-85.079
-84.6134
-84.13
-83.6257
-83.0969
-82.5393
-81.9478
-81.316
-80.6359
-79.8976
-79.088
-78.1895
-77.1783
-76.0199
-74.6628
-73.024
-70.9591
-68.18
-63.9847
-55.9307
-27.7649
41.3634
49.3574
44.8952
30.9295
9.57097
-5.09273
-15.9811
-26.8806
-36.4746
-56.2121
-89.0918
-94.144
-94.637
-94.6493
-94.4961
-94.2326
-93.8854
-93.482
-93.0477
-92.6018
-92.1558
-91.7158
-91.2841
-90.8608
-90.4451
-90.0357
-89.6312
-89.2301
-88.8309
-88.4321
-88.0324
-87.6303
-87.2244
-86.813
-86.3946
-85.9675
-85.5297
-85.0792
-84.6136
-84.1302
-83.6259
-83.0971
-82.5396
-81.9481
-81.3162
-80.6362
-79.8979
-79.0884
-78.1899
-77.1788
-76.0205
-74.6635
-73.0249
-70.9602
-68.1817
-63.9875
-55.9371
-27.7961
41.3681
49.3573
44.895
30.9297
9.57211
-5.09172
-15.9801
-26.8795
-36.4728
-56.2079
-89.0895
-94.1439
-94.637
-94.6493
-94.4962
-94.2327
-93.8855
-93.4821
-93.0479
-92.602
-92.156
-91.716
-91.2842
-90.8609
-90.4452
-90.0358
-89.6313
-89.2302
-88.831
-88.4322
-88.0326
-87.6305
-87.2245
-86.8132
-86.3948
-85.9676
-85.5299
-85.0794
-84.6137
-84.1303
-83.6261
-83.0973
-82.5398
-81.9483
-81.3165
-80.6365
-79.8983
-79.0887
-78.1903
-77.1793
-76.021
-74.6642
-73.0258
-70.9614
-68.1833
-63.9902
-55.9433
-27.8267
41.3728
49.3572
44.8948
30.93
9.57322
-5.09074
-15.9792
-26.8785
-36.4711
-56.2038
-89.0873
-94.1437
-94.637
-94.6493
-94.4962
-94.2328
-93.8857
-93.4822
-93.048
-92.6021
-92.1562
-91.7162
-91.2844
-90.8611
-90.4454
-90.036
-89.6315
-89.2304
-88.8311
-88.4324
-88.0327
-87.6306
-87.2247
-86.8133
-86.3949
-85.9678
-85.53
-85.0795
-84.6139
-84.1305
-83.6262
-83.0975
-82.54
-81.9485
-81.3167
-80.6368
-79.8986
-79.0891
-78.1908
-77.1797
-76.0216
-74.6648
-73.0266
-70.9625
-68.1849
-63.9928
-55.9494
-27.8565
41.3774
49.3571
44.8946
30.9303
9.57429
-5.0898
-15.9782
-26.8775
-36.4694
-56.1999
-89.0852
-94.1436
-94.637
-94.6493
-94.4963
-94.2329
-93.8858
-93.4824
-93.0482
-92.6023
-92.1563
-91.7163
-91.2846
-90.8612
-90.4455
-90.0361
-89.6316
-89.2305
-88.8313
-88.4325
-88.0328
-87.6307
-87.2248
-86.8135
-86.3951
-85.9679
-85.5302
-85.0797
-84.6141
-84.1307
-83.6264
-83.0977
-82.5402
-81.9488
-81.317
-80.637
-79.8989
-79.0894
-78.1911
-77.1802
-76.0221
-74.6655
-73.0274
-70.9636
-68.1864
-63.9953
-55.9552
-27.8853
41.3818
49.3571
44.8944
30.9305
9.5753
-5.08889
-15.9774
-26.8765
-36.4678
-56.1961
-89.0831
-94.1434
-94.637
-94.6494
-94.4963
-94.2329
-93.8859
-93.4825
-93.0483
-92.6024
-92.1565
-91.7165
-91.2847
-90.8614
-90.4457
-90.0363
-89.6317
-89.2306
-88.8314
-88.4326
-88.033
-87.6309
-87.2249
-86.8136
-86.3952
-85.9681
-85.5303
-85.0798
-84.6142
-84.1308
-83.6266
-83.0979
-82.5404
-81.949
-81.3172
-80.6373
-79.8992
-79.0897
-78.1915
-77.1806
-76.0226
-74.6661
-73.0282
-70.9646
-68.1879
-63.9978
-55.9609
-27.9132
41.3862
49.357
44.8942
30.9307
9.57627
-5.08803
-15.9765
-26.8756
-36.4663
-56.1924
-89.0811
-94.1433
-94.6369
-94.6494
-94.4964
-94.233
-93.886
-93.4826
-93.0485
-92.6026
-92.1566
-91.7166
-91.2849
-90.8615
-90.4458
-90.0364
-89.6319
-89.2308
-88.8315
-88.4328
-88.0331
-87.631
-87.225
-86.8137
-86.3953
-85.9682
-85.5305
-85.08
-84.6144
-84.131
-83.6268
-83.098
-82.5406
-81.9492
-81.3175
-80.6375
-79.8995
-79.0901
-78.1919
-77.1811
-76.0232
-74.6667
-73.029
-70.9656
-68.1894
-64.0002
-55.9664
-27.9402
41.3903
49.3569
44.894
30.931
9.57724
-5.08717
-15.9757
-26.8746
-36.4648
-56.1889
-89.0792
-94.1432
-94.6369
-94.6494
-94.4964
-94.2331
-93.8861
-93.4828
-93.0486
-92.6027
-92.1568
-91.7168
-91.285
-90.8617
-90.446
-90.0365
-89.632
-89.2309
-88.8316
-88.4329
-88.0332
-87.6311
-87.2252
-86.8138
-86.3955
-85.9683
-85.5306
-85.0801
-84.6145
-84.1312
-83.6269
-83.0982
-82.5408
-81.9494
-81.3177
-80.6378
-79.8997
-79.0904
-78.1922
-77.1815
-76.0236
-74.6673
-73.0297
-70.9666
-68.1908
-64.0025
-55.9718
-27.9666
41.3939
49.3569
44.8939
30.9313
9.57831
-5.08626
-15.9748
-26.8737
-36.4632
-56.1851
-89.0772
-94.143
-94.6369
-94.6494
-94.4965
-94.2332
-93.8862
-93.4829
-93.0488
-92.6029
-92.1569
-91.7169
-91.2851
-90.8618
-90.4461
-90.0367
-89.6321
-89.231
-88.8318
-88.433
-88.0333
-87.6312
-87.2253
-86.814
-86.3956
-85.9685
-85.5307
-85.0803
-84.6147
-84.1313
-83.6271
-83.0984
-82.541
-81.9496
-81.3179
-80.638
-79.9
-79.0907
-78.1926
-77.1819
-76.0241
-74.6679
-73.0305
-70.9676
-68.1922
-64.0049
-55.9772
-27.9931
41.3975
49.3568
44.8938
30.9317
9.57938
-5.08535
-15.9739
-26.8727
-36.4616
-56.1814
-89.0751
-94.1429
-94.6369
-94.6494
-94.4965
-94.2332
-93.8863
-93.483
-93.0489
-92.603
-92.1571
-91.7171
-91.2853
-90.8619
-90.4462
-90.0368
-89.6323
-89.2311
-88.8319
-88.4331
-88.0335
-87.6314
-87.2254
-86.8141
-86.3957
-85.9686
-85.5309
-85.0804
-84.6148
-84.1315
-83.6273
-83.0986
-82.5412
-81.9498
-81.3181
-80.6383
-79.9003
-79.091
-78.193
-77.1823
-76.0246
-74.6685
-73.0312
-70.9686
-68.1936
-64.0072
-55.9826
-28.0195
41.4011
49.3568
44.8937
30.932
9.58044
-5.08445
-15.9731
-26.8718
-36.4601
-56.1777
-89.0731
-94.1428
-94.6369
-94.6495
-94.4966
-94.2333
-93.8864
-93.4831
-93.049
-92.6032
-92.1572
-91.7172
-91.2854
-90.8621
-90.4464
-90.0369
-89.6324
-89.2313
-88.832
-88.4333
-88.0336
-87.6315
-87.2255
-86.8142
-86.3958
-85.9687
-85.531
-85.0805
-84.615
-84.1316
-83.6274
-83.0988
-82.5414
-81.95
-81.3184
-80.6385
-79.9006
-79.0913
-78.1933
-77.1827
-76.0251
-74.6691
-73.032
-70.9696
-68.195
-64.0095
-55.9879
-28.0456
41.4047
49.3567
44.8936
30.9324
9.58148
-5.08356
-15.9722
-26.8708
-36.4586
-56.1741
-89.0712
-94.1426
-94.6369
-94.6495
-94.4966
-94.2334
-93.8865
-93.4833
-93.0492
-92.6033
-92.1574
-91.7174
-91.2856
-90.8622
-90.4465
-90.0371
-89.6325
-89.2314
-88.8321
-88.4334
-88.0337
-87.6316
-87.2256
-86.8143
-86.396
-85.9688
-85.5311
-85.0807
-84.6151
-84.1318
-83.6276
-83.0989
-82.5416
-81.9502
-81.3186
-80.6388
-79.9009
-79.0916
-78.1937
-77.1831
-76.0256
-74.6697
-73.0327
-70.9705
-68.1963
-64.0118
-55.9931
-28.0711
41.4082
49.3567
44.8935
30.9327
9.58249
-5.0827
-15.9714
-26.8699
-36.4571
-56.1705
-89.0692
-94.1425
-94.6369
-94.6495
-94.4967
-94.2335
-93.8866
-93.4834
-93.0493
-92.6034
-92.1575
-91.7175
-91.2857
-90.8624
-90.4466
-90.0372
-89.6326
-89.2315
-88.8323
-88.4335
-88.0338
-87.6317
-87.2258
-86.8144
-86.3961
-85.969
-85.5313
-85.0808
-84.6153
-84.1319
-83.6277
-83.0991
-82.5417
-81.9504
-81.3188
-80.639
-79.9011
-79.0919
-78.194
-77.1835
-76.0261
-74.6703
-73.0334
-70.9714
-68.1977
-64.014
-55.9981
-28.0959
41.4116
49.3566
44.8934
30.933
9.58346
-5.08187
-15.9706
-26.869
-36.4556
-56.1671
-89.0674
-94.1424
-94.6368
-94.6495
-94.4967
-94.2335
-93.8867
-93.4835
-93.0494
-92.6036
-92.1576
-91.7176
-91.2858
-90.8625
-90.4467
-90.0373
-89.6327
-89.2316
-88.8324
-88.4336

