-70
-68.3704
-66.2791
-62.9216
-55.4874
-23.2605
45.4043
49.2625
44.0272
28.4391
6.57084
-7.23345
-18.0097
-29.0908
-40.4332
-66.3117
-93.0702
-94.806
-94.9182
-94.9009
-94.8475
-94.7692
-94.6726
-94.5648
-94.4521
-94.3388
-94.2273
-94.1188
-94.0137
-93.9118
-93.8132
-93.7174
-93.6245
-93.534
-93.446
-93.3601
-93.2764
-93.1947
-93.1149
-93.0368
-92.9605
-92.8859
-92.8128
-92.7412
-92.671
-92.6023
-92.5348
-92.4687
-92.4038
-92.34
-92.2774
-92.2158
-92.1553
-92.0958
-92.0372
-91.9796
-91.9228
-91.8669
-91.8118
-91.7575
-91.704
-91.6512
-91.5991
-91.5476
-91.4968
-91.4467
-91.3971
-91.3481
-91.2996
-91.2517
-91.2042
-91.1573
-91.1108
-91.0648
-91.0191
-90.9739
-90.9291
-90.8847
-90.8406
-90.7969
-90.7535
-90.7104
-90.6677
-90.6252
-90.583
-90.541
-90.4993
-90.4579
-90.4166
-90.3756
-90.3348
-90.2942
-90.2538
-90.2135
-90.1735
-90.1335
-90.0938
-90.0541
-90.0146
-89.9752
-89.936
-89.8968
-89.8577
-89.8188
-89.7799
-89.7411
-89.7024
-89.6637
-89.6251
-89.5865
-89.548
-89.5096
-89.4712
-89.4328
-89.3944
-89.3561
-89.3178
-89.2794
-89.2411
-89.2028
-89.1645
-89.1262
-89.0879
-89.0495
-89.0112
-88.9728
-88.9344
-88.8959
-88.8574
-88.8189
-88.7803
-88.7417
-88.703
-88.6643
-88.6255
-88.5867
-88.5478
-88.5088
-88.4698
-88.4307
-88.3915
-88.3522
-88.3129
-88.2734
-88.2339
-88.1943
-88.1546
-88.1148
-88.0749
-88.0349
-87.9947
-87.9545
-87.9142
-87.8737
-87.8332
-87.7925
-87.7517
-87.7108
-87.6697
-87.6285
-87.5872
-87.5458
-87.5042
-87.4625
-87.4206
-87.3786
-87.3364
-87.2941
-87.2517
-87.209
-87.1663
-87.1233
-87.0802
-87.037
-86.9936
-86.95
-86.9062
-86.8622
-86.8181
-86.7738
-86.7293
-86.6846
-86.6397
-86.5946
-86.5494
-86.5039
-86.4582
-86.4124
-86.3663
-86.32
-86.2735
-86.2267
-86.1798
-86.1326
-86.0852
-86.0375
-85.9896
-85.9415
-85.8931
-85.8445
-85.7956
-85.7465
-85.6971
-85.6475
-85.5975
-85.5473
-85.4969
-85.4461
-85.395
-85.3437
-85.2921
-85.2401
-85.1879
-85.1353
-85.0824
-85.0292
-84.9757
-84.9218
-84.8676
-84.813
-84.758
-84.7028
-84.6471
-84.5911
-84.5346
-84.4778
-84.4206
-84.363
-84.3049
-84.2465
-84.1875
-84.1282
-84.0684
-84.0081
-83.9474
-83.8862
-83.8244
-83.7622
-83.6995
-83.6362
-83.5724
-83.508
-83.4431
-83.3775
-83.3114
-83.2446
-83.1773
-83.1092
-83.0405
-82.9712
-82.9011
-82.8303
-82.7588
-82.6865
-82.6134
-82.5395
-82.4648
-82.3892
-82.3127
-82.2353
-82.157
-82.0777
-81.9974
-81.916
-81.8336
-81.75
-81.6653
-81.5794
-81.4922
-81.4038
-81.314
-81.2228
-81.1302
-81.0361
-80.9403
-80.843
-80.7439
-80.643
-80.5403
-80.4356
-80.3288
-80.2199
-80.1087
-79.9951
-79.8789
-79.7602
-79.6386
-79.514
-79.3863
-79.2553
-79.1206
-78.9822
-78.8398
-78.693
-78.5415
-78.3851
-78.2232
-78.0555
-77.8815
-77.7006
-77.5121
-77.3154
-77.1096
-76.8936
-76.6665
-76.4268
-76.173
-75.9031
-75.6148
-75.3053
-74.9711
-74.6077
-74.2092
-73.768
-73.2736
-72.7115
-72.0603
-71.2872
-70.3384
-69.1173
-67.4278
-64.7874
-59.5617
-41.8541
35.7594
49.5559
45.9535
33.7384
13.0894
-2.87831
-14.1069
-24.958
-34.9859
-52.9553
-87.8064
-94.5114
-94.8882
-94.9038
-94.8592
-94.78
-94.6731
-94.546
-94.4069
-94.263
-94.119
-93.9777
-93.8406
-93.7082
-93.5808
-93.4581
-93.34
-93.2264
-93.1169
-93.0113
-92.9095
-92.8112
-92.7163
-92.6245
-92.5359
-92.4501
-92.3671
-92.2867
-92.2088
-92.1333
-92.0601
-91.9891
-91.9202
-91.8532
-91.7881
-91.7249
-91.6634
-91.6035
-91.5452
-91.4884
-91.4331
-91.3791
-91.3265
-91.2751
-91.2249
-91.1759
-91.1279
-91.081
-91.0351
-90.9902
-90.9462
-90.903
-90.8607
-90.8192
-90.7784
-90.7384
-90.699
-90.6604
-90.6223
-90.5848
-90.5479
-90.5116
-90.4757
-90.4404
-90.4055
-90.3711
-90.3371
-90.3035
-90.2703
-90.2374
-90.2049
-90.1727
-90.1408
-90.1092
-90.0779
-90.0468
-90.0159
-89.9853
-89.955
-89.9248
-89.8948
-89.865
-89.8353
-89.8058
-89.7764
-89.7472
-89.7181
-89.6891
-89.6602
-89.6314
-89.6026
-89.574
-89.5454
-89.5169
-89.4884
-89.4599
-89.4315
-89.4032
-89.3748
-89.3465
-89.3181
-89.2898
-89.2615
-89.2331
-89.2048
-89.1764
-89.148
-89.1196
-89.0912
-89.0627
-89.0341
-89.0055
-88.9769
-88.9482
-88.9195
-88.8907
-88.8618
-88.8328
-88.8038
-88.7747
-88.7455
-88.7163
-88.6869
-88.6575
-88.628
-88.5983
-88.5686
-88.5388
-88.5089
-88.4788
-88.4487
-88.4184
-88.3881
-88.3576
-88.327
-88.2963
-88.2655
-88.2345
-88.2034
-88.1722
-88.1408
-88.1094
-88.0777
-88.046
-88.0141
-87.9821
-87.9499
-87.9176
-87.8851
-87.8525
-87.8198
-87.7869
-87.7538
-87.7206
-87.6873
-87.6537
-87.6201
-87.5862
-87.5522
-87.518
-87.4837
-87.4492
-87.4145
-87.3797
-87.3447
-87.3095
-87.2741
-87.2386
-87.2029
-87.167
-87.1309
-87.0947
-87.0582
-87.0216
-86.9847
-86.9477
-86.9105
-86.8731
-86.8355
-86.7977
-86.7597
-86.7215
-86.6831
-86.6445
-86.6057
-86.5666
-86.5274
-86.4879
-86.4482
-86.4084
-86.3682
-86.3279
-86.2873
-86.2465
-86.2055
-86.1642
-86.1228
-86.081
-86.039
-85.9968
-85.9544
-85.9116
-85.8687
-85.8255
-85.782
-85.7382
-85.6942
-85.65
-85.6054
-85.5606
-85.5155
-85.4701
-85.4245
-85.3785
-85.3323
-85.2857
-85.2389
-85.1917
-85.1442
-85.0965
-85.0484
-85
-84.9512
-84.9021
-84.8527
-84.8029
-84.7528
-84.7024
-84.6515
-84.6003
-84.5488
-84.4968
-84.4445
-84.3917
-84.3386
-84.2851
-84.2311
-84.1767
-84.1219
-84.0667
-84.011
-83.9549
-83.8982
-83.8412
-83.7836
-83.7255
-83.667
-83.6079
-83.5483
-83.4881
-83.4274
-83.3661
-83.3043
-83.2419
-83.1788
-83.1152
-83.0509
-82.9859
-82.9203
-82.854
-82.787
-82.7193
-82.6509
-82.5816
-82.5116
-82.4408
-82.3692
-82.2967
-82.2233
-82.1491
-82.0739
-81.9977
-81.9205
-81.8423
-81.7631
-81.6827
-81.6012
-81.5185
-81.4346
-81.3494
-81.263
-81.1751
-81.0858
-80.9951
-80.9028
-80.8089
-80.7134
-80.6161
-80.5169
-80.4159
-80.3129
-80.2077
-80.1004
-79.9908
-79.8787
-79.7641
-79.6468
-79.5266
-79.4033
-79.2769
-79.1471
-79.0137
-78.8763
-78.7349
-78.589
-78.4384
-78.2827
-78.1215
-77.9543
-77.7806
-77.5999
-77.4115
-77.2146
-77.0084
-76.7918
-76.5636
-76.3226
-76.0669
-75.7946
-75.5034
-75.19
-74.8509
-74.4812
-74.0748
-73.6233
-73.1155
-72.5353
-71.8589
-71.0496
-70.0454
-68.7323
-66.8691
-63.8216
-57.1745
-29.6563
42.8262
49.3855
45.0349
31.5453
10.5759
-4.3772
-15.3863
-26.3297
-35.8622
-55.1476
-89.6829
-94.6464
-94.9041
-94.8948
-94.8323
-94.7316
-94.5982
-94.4411
-94.2704
-94.0947
-93.9195
-93.7483
-93.5826
-93.4232
-93.2702
-93.1235
-92.9828
-92.8478
-92.7183
-92.594
-92.4747
-92.3599
-92.2497
-92.1436
-92.0415
-91.9433
-91.8487
-91.7575
-91.6696
-91.5849
-91.5032
-91.4243
-91.3481
-91.2746
-91.2035
-91.1347
-91.0682
-91.0039
-90.9416
-90.8813
-90.8229
-90.7662
-90.7113
-90.6579
-90.6061
-90.5558
-90.507
-90.4594
-90.4132
-90.3681
-90.3243
-90.2816
-90.2399
-90.1992
-90.1596
-90.1208
-90.0829
-90.0459
-90.0097
-89.9742
-89.9394
-89.9054
-89.872
-89.8392
-89.807
-89.7753
-89.7442
-89.7136
-89.6835
-89.6539
-89.6246
-89.5958
-89.5674
-89.5393
-89.5115
-89.4841
-89.457
-89.4302
-89.4036
-89.3773
-89.3512
-89.3254
-89.2997
-89.2743
-89.249
-89.2238
-89.1988
-89.174
-89.1493
-89.1247
-89.1002
-89.0758
-89.0514
-89.0272
-89.003
-88.9788
-88.9547
-88.9306
-88.9066
-88.8826
-88.8586
-88.8346
-88.8105
-88.7865
-88.7625
-88.7384
-88.7144
-88.6902
-88.6661
-88.6419
-88.6176
-88.5933
-88.569
-88.5445
-88.52
-88.4954
-88.4708
-88.4461
-88.4212
-88.3963
-88.3713
-88.3462
-88.321
-88.2957
-88.2703
-88.2448
-88.2192
-88.1934
-88.1675
-88.1416
-88.1154
-88.0892
-88.0628
-88.0363
-88.0097
-87.9829
-87.956
-87.9289
-87.9018
-87.8744
-87.8469
-87.8193
-87.7915
-87.7636
-87.7355
-87.7072
-87.6788
-87.6502
-87.6215
-87.5926
-87.5635
-87.5343
-87.5049
-87.4753
-87.4456
-87.4157
-87.3856
-87.3553
-87.3249
-87.2943
-87.2634
-87.2325
-87.2013
-87.1699
-87.1384
-87.1067
-87.0747
-87.0426
-87.0103
-86.9778
-86.9451
-86.9122
-86.8791
-86.8458
-86.8123
-86.7786
-86.7447
-86.7106
-86.6763
-86.6418
-86.607
-86.5721
-86.5369
-86.5015
-86.4659
-86.4301
-86.394
-86.3577
-86.3212
-86.2845
-86.2476
-86.2104
-86.1729
-86.1353
-86.0974
-86.0592
-86.0208
-85.9822
-85.9433
-85.9042
-85.8648
-85.8252
-85.7853
-85.7452
-85.7048
-85.6641
-85.6231
-85.5819
-85.5404
-85.4987
-85.4566
-85.4143
-85.3717
-85.3288
-85.2856
-85.2421
-85.1983
-85.1542
-85.1098
-85.065
-85.02
-84.9746
-84.929
-84.8829
-84.8366
-84.7899
-84.7429
-84.6955
-84.6478
-84.5997
-84.5513
-84.5024
-84.4532
-84.4037
-84.3537
-84.3033
-84.2526
-84.2014
-84.1498
-84.0978
-84.0454
-83.9925
-83.9392
-83.8854
-83.8312
-83.7765
-83.7213
-83.6656
-83.6095
-83.5528
-83.4956
-83.4379
-83.3796
-83.3207
-83.2613
-83.2014
-83.1408
-83.0796
-83.0178
-82.9554
-82.8923
-82.8285
-82.7641
-82.6989
-82.633
-82.5664
-82.499
-82.4309
-82.3619
-82.2921
-82.2215
-82.15
-82.0776
-82.0042
-81.9299
-81.8546
-81.7783
-81.7009
-81.6224
-81.5428
-81.462
-81.38
-81.2968
-81.2122
-81.1263
-81.039
-80.9502
-80.8599
-80.768
-80.6745
-80.5792
-80.4822
-80.3832
-80.2823
-80.1793
-80.0742
-79.9668
-79.857
-79.7446
-79.6296
-79.5119
-79.3911
-79.2672
-79.1399
-79.0091
-78.8745
-78.7359
-78.593
-78.4454
-78.2929
-78.1349
-77.9712
-77.8012
-77.6243
-77.44
-77.2474
-77.0458
-76.8343
-76.6116
-76.3764
-76.1273
-75.8623
-75.5792
-75.2751
-74.9466
-74.5893
-74.1976
-73.7639
-73.2781
-72.726
-72.087
-71.3296
-70.4023
-69.2136
-67.5799
-65.0585
-60.2009
-44.7412
29.7754
49.6768
46.6684
35.4481
15.0718
-1.81331
-13.2542
-24.0512
-34.3588
-51.448
-86.2204
-94.4071
-94.8687
-94.8866
-94.8297
-94.7279
-94.5877
-94.4177
-94.229
-94.0313
-93.8322
-93.6361
-93.4455
-93.2618
-93.0854
-92.9164
-92.7544
-92.5994
-92.4509
-92.3088
-92.1725
-92.042
-91.9168
-91.7968
-91.6816
-91.571
-91.4649
-91.363
-91.265
-91.1709
-91.0804
-90.9933
-90.9095
-90.8289
-90.7513
-90.6765
-90.6045
-90.535
-90.468
-90.4034
-90.3411
-90.2809
-90.2228
-90.1666
-90.1123
-90.0597
-90.0089
-89.9597
-89.9121
-89.8659
-89.8212
-89.7778
-89.7356
-89.6947
-89.655
-89.6164
-89.5788
-89.5422
-89.5066
-89.472
-89.4381
-89.4052
-89.373
-89.3415
-89.3108
-89.2807
-89.2513
-89.2225
-89.1943
-89.1666
-89.1395
-89.1128
-89.0866
-89.0608
-89.0355
-89.0105
-88.9859
-88.9616
-88.9377
-88.9141
-88.8907
-88.8677
-88.8448
-88.8222
-88.7999
-88.7777
-88.7557
-88.7338
-88.7122
-88.6906
-88.6692
-88.6479
-88.6267
-88.6056
-88.5846
-88.5637
-88.5428
-88.5219
-88.5011
-88.4804
-88.4596
-88.4389
-88.4181
-88.3974
-88.3767
-88.3559
-88.3351
-88.3143
-88.2934
-88.2725
-88.2516
-88.2306
-88.2095
-88.1883
-88.1671
-88.1458
-88.1245
-88.103
-88.0815
-88.0598
-88.0381
-88.0162
-87.9943
-87.9722
-87.95
-87.9277
-87.9053
-87.8827
-87.86
-87.8372
-87.8143
-87.7912
-87.768
-87.7446
-87.7211
-87.6974
-87.6736
-87.6496
-87.6255
-87.6013
-87.5768
-87.5522
-87.5275
-87.5025
-87.4774
-87.4522
-87.4267
-87.4011
-87.3754
-87.3494
-87.3233
-87.297
-87.2705
-87.2438
-87.2169
-87.1899
-87.1626
-87.1352
-87.1076
-87.0798
-87.0518
-87.0236
-86.9952
-86.9666
-86.9378
-86.9088
-86.8796
-86.8502
-86.8206
-86.7908
-86.7608
-86.7306
-86.7002
-86.6695
-86.6387
-86.6076
-86.5763
-86.5448
-86.5131
-86.4812
-86.449
-86.4166
-86.384
-86.3512
-86.3181
-86.2848
-86.2513
-86.2175
-86.1835
-86.1493
-86.1148
-86.0801
-86.0451
-86.0099
-85.9745
-85.9388
-85.9029
-85.8667
-85.8302
-85.7935
-85.7566
-85.7194
-85.6819
-85.6441
-85.6061
-85.5678
-85.5293
-85.4904
-85.4513
-85.4119
-85.3723
-85.3323
-85.2921
-85.2515
-85.2107
-85.1695
-85.1281
-85.0864
-85.0443
-85.0019
-84.9593
-84.9163
-84.8729
-84.8293
-84.7853
-84.741
-84.6963
-84.6513
-84.6059
-84.5602
-84.5141
-84.4677
-84.4208
-84.3737
-84.3261
-84.2781
-84.2298
-84.181
-84.1318
-84.0823
-84.0323
-83.9818
-83.931
-83.8797
-83.8279
-83.7757
-83.723
-83.6699
-83.6162
-83.5621
-83.5075
-83.4523
-83.3966
-83.3404
-83.2837
-83.2263
-83.1685
-83.11
-83.0509
-82.9912
-82.9309
-82.87
-82.8084
-82.7461
-82.6832
-82.6195
-82.5551
-82.49
-82.4241
-82.3575
-82.29
-82.2217
-82.1526
-82.0825
-82.0116
-81.9397
-81.8669
-81.7931
-81.7183
-81.6424
-81.5655
-81.4874
-81.4081
-81.3277
-81.246
-81.163
-81.0786
-80.9929
-80.9056
-80.8169
-80.7267
-80.6347
-80.5411
-80.4457
-80.3484
-80.2492
-80.1479
-80.0445
-79.9388
-79.8307
-79.7202
-79.607
-79.4911
-79.3722
-79.2503
-79.125
-78.9962
-78.8637
-78.7273
-78.5866
-78.4413
-78.2911
-78.1357
-77.9745
-77.8072
-77.6332
-77.4518
-77.2625
-77.0643
-76.8563
-76.6375
-76.4066
-76.1621
-75.9022
-75.6247
-75.327
-75.0058
-74.6569
-74.275
-73.853
-73.3817
-72.8479
-72.2327
-71.5076
-70.627
-69.5117
-68.0071
-65.7594
-61.7058
-50.6562
7.12884
49.8753
48.9968
42.5523
25.6224
4.49485
-8.56843
-19.2097
-30.2429
-42.6003
-71.3174
-93.5294
-94.8134
-94.8912
-94.8452
-94.747
-94.6043
-94.4253
-94.2218
-94.0059
-93.7866
-93.5699
-93.3591
-93.1558
-92.9608
-92.7741
-92.5956
-92.425
-92.2619
-92.106
-91.9569
-91.8143
-91.6779
-91.5473
-91.4223
-91.3026
-91.188
-91.0782
-90.9729
-90.872
-90.7752
-90.6824
-90.5933
-90.5078
-90.4257
-90.3469
-90.2712
-90.1985
-90.1285
-90.0613
-89.9966
-89.9344
-89.8745
-89.8168
-89.7613
-89.7078
-89.6562
-89.6065
-89.5585
-89.5122
-89.4675
-89.4243
-89.3826
-89.3423
-89.3032
-89.2655
-89.2289
-89.1935
-89.1591
-89.1258
-89.0935
-89.0621
-89.0316
-89.002
-88.9732
-88.9451
-88.9177
-88.8911
-88.865
-88.8397
-88.8148
-88.7906
-88.7668
-88.7436
-88.7208
-88.6985
-88.6766
-88.655
-88.6339
-88.613
-88.5925
-88.5723
-88.5524
-88.5327
-88.5133
-88.4941
-88.4751
-88.4563
-88.4377
-88.4192
-88.4009
-88.3827
-88.3646
-88.3466
-88.3287
-88.3109
-88.2932
-88.2755
-88.2579
-88.2403
-88.2227
-88.2052
-88.1876
-88.1701
-88.1525
-88.135
-88.1174
-88.0997
-88.0821
-88.0644
-88.0466
-88.0288
-88.0109
-87.9929
-87.9749
-87.9567
-87.9385
-87.9202
-87.9018
-87.8833
-87.8647
-87.8459
-87.8271
-87.8081
-87.789
-87.7698
-87.7505
-87.731
-87.7114
-87.6916
-87.6717
-87.6517
-87.6315
-87.6111
-87.5906
-87.5699
-87.5491
-87.5281
-87.507
-87.4857
-87.4642
-87.4425
-87.4207
-87.3987
-87.3765
-87.3541
-87.3316
-87.3088
-87.2859
-87.2628
-87.2395
-87.2161
-87.1924
-87.1685
-87.1445
-87.1202
-87.0958
-87.0712
-87.0463
-87.0213
-86.996
-86.9706
-86.9449
-86.9191
-86.893
-86.8667
-86.8403
-86.8136
-86.7867
-86.7596
-86.7322
-86.7047
-86.6769
-86.6489
-86.6207
-86.5923
-86.5637
-86.5348
-86.5057
-86.4764
-86.4469
-86.4171
-86.3871
-86.3569
-86.3265
-86.2958
-86.2649
-86.2337
-86.2023
-86.1707
-86.1388
-86.1067
-86.0743
-86.0417
-86.0089
-85.9758
-85.9425
-85.9089
-85.875
-85.8409
-85.8065
-85.7719
-85.7371
-85.7019
-85.6665
-85.6308
-85.5949
-85.5587
-85.5222
-85.4855
-85.4484
-85.4111
-85.3735
-85.3356
-85.2975
-85.259
-85.2202
-85.1812
-85.1418
-85.1022
-85.0622
-85.022
-84.9814
-84.9405
-84.8993
-84.8578
-84.8159
-84.7737
-84.7312
-84.6883
-84.6451
-84.6016
-84.5577
-84.5134
-84.4688
-84.4238
-84.3785
-84.3328
-84.2866
-84.2402
-84.1933
-84.146
-84.0983
-84.0502
-84.0017
-83.9527
-83.9034
-83.8536
-83.8033
-83.7526
-83.7014
-83.6498
-83.5977
-83.545
-83.4919
-83.4383
-83.3842
-83.3295
-83.2744
-83.2186
-83.1623
-83.1054
-83.048
-82.9899
-82.9313
-82.872
-82.812
-82.7514
-82.6902
-82.6282
-82.5656
-82.5022
-82.4381
-82.3732
-82.3076
-82.2411
-82.1738
-82.1057
-82.0367
-81.9667
-81.8959
-81.8241
-81.7513
-81.6775
-81.6027
-81.5267
-81.4497
-81.3715
-81.2921
-81.2114
-81.1294
-81.0462
-80.9615
-80.8754
-80.7877
-80.6985
-80.6077
-80.5152
-80.4209
-80.3248
-80.2267
-80.1266
-80.0243
-79.9198
-79.813
-79.7037
-79.5918
-79.4772
-79.3596
-79.239
-79.1151
-78.9878
-78.8567
-78.7217
-78.5826
-78.4389
-78.2904
-78.1366
-77.9773
-77.8119
-77.6398
-77.4605
-77.2734
-77.0775
-76.872
-76.6559
-76.428
-76.1866
-75.9302
-75.6567
-75.3633
-75.0471
-74.7039
-74.3286
-73.9147
-73.4531
-72.9314
-72.3319
-71.6281
-70.778
-69.7093
-68.2849
-66.1996
-62.5852
-53.6051
-9.07783
49.6369
49.4416
44.7616
30.3203
8.70489
-5.7597
-16.6724
-27.7196
-37.998
-60.38
-91.8981
-94.7402
-94.8953
-94.8596
-94.766
-94.6237
-94.4396
-94.226
-93.9964
-93.7615
-93.5286
-93.3018
-93.0831
-92.8734
-92.6728
-92.4812
-92.2982
-92.1236
-91.9568
-91.7975
-91.6454
-91.5
-91.361
-91.2281
-91.101
-90.9795
-90.8632
-90.7519
-90.6453
-90.5433
-90.4456
-90.352
-90.2623
-90.1764
-90.094
-90.015
-89.9392
-89.8665
-89.7967
-89.7298
-89.6655
-89.6038
-89.5445
-89.4875
-89.4327
-89.38
-89.3294
-89.2806
-89.2337
-89.1885
-89.145
-89.1031
-89.0627
-89.0237
-88.9861
-88.9498
-88.9147
-88.8809
-88.8481
-88.8164
-88.7858
-88.7561
-88.7274
-88.6995
-88.6725
-88.6462
-88.6207
-88.596
-88.5718
-88.5484
-88.5255
-88.5032
-88.4815
-88.4602
-88.4395
-88.4192
-88.3993
-88.3798
-88.3607
-88.342
-88.3235
-88.3054
-88.2876
-88.2701
-88.2528
-88.2357
-88.2188
-88.2021
-88.1856
-88.1693
-88.1531
-88.137
-88.1211
-88.1053
-88.0895
-88.0739
-88.0583
-88.0427
-88.0272
-88.0117
-87.9963
-87.9809
-87.9654
-87.95
-87.9345
-87.9191
-87.9036
-87.888
-87.8725
-87.8568
-87.8411
-87.8254
-87.8095
-87.7936
-87.7776
-87.7615
-87.7453
-87.729
-87.7127
-87.6962
-87.6795
-87.6628
-87.6459
-87.6289
-87.6118
-87.5946
-87.5772
-87.5596
-87.5419
-87.5241
-87.5061
-87.488
-87.4697
-87.4512
-87.4326
-87.4138
-87.3948
-87.3757
-87.3564
-87.3369
-87.3173
-87.2974
-87.2774
-87.2572
-87.2368
-87.2162
-87.1954
-87.1745
-87.1533
-87.132
-87.1104
-87.0887
-87.0667
-87.0446
-87.0223
-86.9997
-86.977
-86.954
-86.9308
-86.9075
-86.8839
-86.8601
-86.8361
-86.8119
-86.7874
-86.7628
-86.7379
-86.7129
-86.6876
-86.662
-86.6363
-86.6103
-86.5841
-86.5577
-86.5311
-86.5042
-86.4772
-86.4498
-86.4223
-86.3945
-86.3665
-86.3383
-86.3098
-86.2811
-86.2521
-86.223
-86.1935
-86.1639
-86.134
-86.1038
-86.0734
-86.0428
-86.0119
-85.9808
-85.9494
-85.9177
-85.8859
-85.8537
-85.8213
-85.7887
-85.7557
-85.7226
-85.6891
-85.6554
-85.6214
-85.5872
-85.5527
-85.5179
-85.4829
-85.4475
-85.4119
-85.376
-85.3398
-85.3034
-85.2666
-85.2296
-85.1923
-85.1546
-85.1167
-85.0785
-85.0399
-85.0011
-84.9619
-84.9225
-84.8827
-84.8426
-84.8021
-84.7614
-84.7203
-84.6789
-84.6371
-84.595
-84.5526
-84.5098
-84.4666
-84.4231
-84.3792
-84.335
-84.2903
-84.2453
-84.1999
-84.1542
-84.108
-84.0614
-84.0144
-83.967
-83.9191
-83.8709
-83.8222
-83.7731
-83.7235
-83.6734
-83.6229
-83.5719
-83.5204
-83.4685
-83.416
-83.363
-83.3095
-83.2555
-83.2009
-83.1458
-83.0901
-83.0338
-82.977
-82.9195
-82.8614
-82.8027
-82.7434
-82.6834
-82.6227
-82.5613
-82.4992
-82.4364
-82.3728
-82.3085
-82.2433
-82.1774
-82.1106
-82.043
-81.9745
-81.9051
-81.8347
-81.7634
-81.6911
-81.6178
-81.5434
-81.4679
-81.3913
-81.3135
-81.2345
-81.1543
-81.0727
-80.9898
-80.9055
-80.8198
-80.7325
-80.6436
-80.5531
-80.4609
-80.3669
-80.271
-80.1732
-80.0733
-79.9713
-79.867
-79.7603
-79.6512
-79.5394
-79.4248
-79.3073
-79.1867
-79.0628
-78.9353
-78.8042
-78.669
-78.5296
-78.3856
-78.2367
-78.0825
-77.9226
-77.7565
-77.5837
-77.4035
-77.2152
-77.0181
-76.8112
-76.5935
-76.3635
-76.1199
-75.8608
-75.584
-75.2868
-74.966
-74.6173
-74.2353
-73.8128
-73.3405
-72.8049
-72.1868
-71.4572
-70.5693
-69.4412
-67.913
-65.6136
-61.41
-49.5804
12.3463
49.8768
48.6531
41.2268
23.2668
2.84545
-9.73157
-20.2847
-31.24
-44.5841
-75.5482
-93.8221
-94.8248
-94.881
-94.8242
-94.7117
-94.5503
-94.3487
-94.1203
-93.8781
-93.6322
-93.3891
-93.1527
-92.9249
-92.7063
-92.4973
-92.2977
-92.1071
-91.9251
-91.7515
-91.5856
-91.4273
-91.2761
-91.1316
-90.9936
-90.8616
-90.7355
-90.6149
-90.4996
-90.3893
-90.2837
-90.1827
-90.086
-89.9935
-89.9048
-89.82
-89.7386
-89.6607
-89.5861
-89.5145
-89.4459
-89.3801
-89.317
-89.2564
-89.1983
-89.1425
-89.089
-89.0375
-88.9881
-88.9406
-88.895
-88.8511
-88.8089
-88.7683
-88.7292
-88.6915
-88.6553
-88.6203
-88.5867
-88.5542
-88.5228
-88.4925
-88.4633
-88.435
-88.4077
-88.3812
-88.3556
-88.3308
-88.3067
-88.2834
-88.2607
-88.2387
-88.2173
-88.1965
-88.1762
-88.1564
-88.1371
-88.1183
-88.0999
-88.0819
-88.0643
-88.047
-88.0301
-88.0135
-87.9971
-87.981
-87.9652
-87.9496
-87.9342
-87.919
-87.904
-87.8891
-87.8744
-87.8598
-87.8454
-87.831
-87.8167
-87.8025
-87.7884
-87.7743
-87.7602
-87.7462
-87.7322
-87.7182
-87.7042
-87.6902
-87.6762
-87.6621
-87.648
-87.6339
-87.6197
-87.6055
-87.5912
-87.5768
-87.5623
-87.5478
-87.5332
-87.5185
-87.5036
-87.4887
-87.4736
-87.4585
-87.4432
-87.4278
-87.4122
-87.3966
-87.3807
-87.3648
-87.3487
-87.3324
-87.316
-87.2994
-87.2827
-87.2658
-87.2488
-87.2315
-87.2142
-87.1966
-87.1788
-87.1609
-87.1428
-87.1245
-87.106
-87.0874
-87.0685
-87.0495
-87.0303
-87.0108
-86.9912
-86.9714
-86.9513
-86.9311
-86.9107
-86.89
-86.8692
-86.8481
-86.8269
-86.8054
-86.7837
-86.7618
-86.7397
-86.7174
-86.6948
-86.6721
-86.6491
-86.6259
-86.6025
-86.5788
-86.5549
-86.5308
-86.5065
-86.482
-86.4572
-86.4322
-86.407
-86.3815
-86.3558
-86.3298
-86.3037
-86.2773
-86.2506
-86.2238
-86.1966
-86.1693
-86.1417
-86.1138
-86.0857
-86.0574
-86.0288
-86
-85.9709
-85.9416
-85.912
-85.8822
-85.8521
-85.8218
-85.7912
-85.7603
-85.7292
-85.6978
-85.6662
-85.6343
-85.6021
-85.5697
-85.537
-85.504
-85.4707
-85.4372
-85.4034
-85.3693
-85.335
-85.3003
-85.2654
-85.2301
-85.1946
-85.1588
-85.1227
-85.0863
-85.0496
-85.0126
-84.9753
-84.9377
-84.8997
-84.8615
-84.8229
-84.784
-84.7448
-84.7053
-84.6654
-84.6252
-84.5847
-84.5438
-84.5025
-84.4609
-84.419
-84.3767
-84.334
-84.291
-84.2476
-84.2038
-84.1596
-84.1151
-84.0701
-84.0247
-83.979
-83.9328
-83.8862
-83.8392
-83.7917
-83.7438
-83.6955
-83.6467
-83.5975
-83.5477
-83.4975
-83.4468
-83.3957
-83.344
-83.2918
-83.239
-83.1858
-83.132
-83.0776
-83.0227
-82.9672
-82.9111
-82.8543
-82.797
-82.739
-82.6804
-82.6212
-82.5612
-82.5006
-82.4392
-82.3771
-82.3143
-82.2506
-82.1862
-82.121
-82.055
-81.9881
-81.9203
-81.8516
-81.7819
-81.7113
-81.6397
-81.5671
-81.4934
-81.4186
-81.3427
-81.2656
-81.1873
-81.1077
-81.0269
-80.9446
-80.861
-80.7759
-80.6893
-80.6011
-80.5113
-80.4198
-80.3264
-80.2312
-80.134
-80.0348
-79.9334
-79.8298
-79.7238
-79.6153
-79.5041
-79.3902
-79.2733
-79.1533
-79.03
-78.9031
-78.7726
-78.638
-78.4992
-78.3558
-78.2075
-78.0538
-77.8945
-77.7289
-77.5566
-77.3769
-77.1892
-76.9926
-76.7861
-76.5687
-76.3392
-76.0959
-75.837
-75.5604
-75.2634
-74.9426
-74.5938
-74.2115
-73.7885
-73.3153
-72.7783
-72.1582
-71.4255
-70.5326
-69.3962
-67.8525
-65.5195
-61.2163
-48.856
15.5894
49.8655
48.3673
40.2384
21.6538
1.82987
-10.4701
-21.0458
-31.9271
-46.0094
-78.2848
-93.9781
-94.8317
-94.8761
-94.8144
-94.6959
-94.5272
-94.3176
-94.0806
-93.8295
-93.5748
-93.3231
-93.0784
-92.8425
-92.6163
-92.4
-92.1934
-91.9962
-91.8081
-91.6286
-91.4573
-91.2938
-91.1377
-90.9886
-90.8463
-90.7103
-90.5804
-90.4563
-90.3376
-90.2242
-90.1158
-90.0121
-89.9129
-89.818
-89.7272
-89.6403
-89.5571
-89.4775
-89.4012
-89.3282
-89.2583
-89.1913
-89.1271
-89.0656
-89.0066
-88.95
-88.8958
-88.8438
-88.7939
-88.746
-88.7
-88.6559
-88.6135
-88.5728
-88.5336
-88.496
-88.4598
-88.425
-88.3915
-88.3593
-88.3282
-88.2983
-88.2695
-88.2416
-88.2148
-88.1889
-88.1638
-88.1396
-88.1162
-88.0935
-88.0716
-88.0503
-88.0297
-88.0096
-87.9902
-87.9713
-87.9528
-87.9349
-87.9174
-87.9004
-87.8837
-87.8674
-87.8515
-87.8359
-87.8206
-87.8055
-87.7908
-87.7762
-87.7619
-87.7479
-87.7339
-87.7202
-87.7066
-87.6932
-87.6799
-87.6667
-87.6535
-87.6405
-87.6275
-87.6146
-87.6018
-87.589
-87.5762
-87.5634
-87.5506
-87.5378
-87.525
-87.5122
-87.4993
-87.4864
-87.4734
-87.4604
-87.4474
-87.4342
-87.421
-87.4077
-87.3943
-87.3808
-87.3672
-87.3535
-87.3397
-87.3257
-87.3117
-87.2975
-87.2832
-87.2687
-87.2541
-87.2394
-87.2245
-87.2094
-87.1942
-87.1789
-87.1634
-87.1477
-87.1318
-87.1158
-87.0996
-87.0832
-87.0666
-87.0499
-87.033
-87.0159
-86.9986
-86.9811
-86.9634
-86.9455
-86.9274
-86.9092
-86.8907
-86.872
-86.8531
-86.834
-86.8147
-86.7952
-86.7755
-86.7556
-86.7354
-86.7151
-86.6945
-86.6737
-86.6527
-86.6315
-86.61
-86.5884
-86.5665
-86.5443
-86.522
-86.4994
-86.4766
-86.4536
-86.4304
-86.4069
-86.3832
-86.3592
-86.335
-86.3106
-86.286
-86.2611
-86.2359
-86.2106
-86.185
-86.1591
-86.133
-86.1067
-86.0801
-86.0533
-86.0262
-85.9989
-85.9713
-85.9435
-85.9155
-85.8871
-85.8586
-85.8297
-85.8006
-85.7713
-85.7417
-85.7118
-85.6817
-85.6513
-85.6207
-85.5898
-85.5586
-85.5271
-85.4954
-85.4634
-85.4311
-85.3986
-85.3658
-85.3326
-85.2993
-85.2656
-85.2316
-85.1974
-85.1628
-85.128
-85.0929
-85.0574
-85.0217
-84.9857
-84.9494
-84.9127
-84.8758
-84.8385
-84.8009
-84.763
-84.7248
-84.6862
-84.6473
-84.6081
-84.5686
-84.5287
-84.4884
-84.4479
-84.4069
-84.3656
-84.324
-84.2819
-84.2395
-84.1968
-84.1536
-84.1101
-84.0662
-84.0219
-83.9771
-83.932
-83.8865
-83.8405
-83.7941
-83.7473
-83.7001
-83.6523
-83.6042
-83.5556
-83.5065
-83.4569
-83.4069
-83.3563
-83.3053
-83.2537
-83.2016
-83.149
-83.0958
-83.0421
-82.9878
-82.9329
-82.8775
-82.8214
-82.7647
-82.7074
-82.6495
-82.5908
-82.5315
-82.4716
-82.4109
-82.3494
-82.2872
-82.2243
-82.1606
-82.096
-82.0307
-81.9644
-81.8973
-81.8293
-81.7604
-81.6905
-81.6196
-81.5477
-81.4747
-81.4007
-81.3255
-81.2492
-81.1716
-81.0928
-81.0127
-80.9313
-80.8485
-80.7642
-80.6784
-80.5911
-80.5021
-80.4114
-80.319
-80.2247
-80.1284
-80.0301
-79.9297
-79.827
-79.722
-79.6146
-79.5045
-79.3916
-79.2759
-79.1571
-79.035
-78.9094
-78.7802
-78.647
-78.5096
-78.3677
-78.2209
-78.069
-77.9114
-77.7477
-77.5773
-77.3998
-77.2143
-77.0201
-76.8163
-76.6019
-76.3755
-76.1357
-75.8809
-75.6087
-75.3168
-75.0018
-74.6598
-74.2855
-73.8723
-73.4111
-72.8894
-72.2892
-71.5837
-70.73
-69.6546
-68.2168
-66.1021
-62.4057
-53.0443
-5.87773
49.7444
49.3983
44.4849
29.6432
7.98714
-6.2323
-17.0962
-28.1566
-38.7517
-62.213
-92.3411
-94.7559
-94.8881
-94.8434
-94.7373
-94.5774
-94.3711
-94.1322
-93.8755
-93.6129
-93.3526
-93.0991
-92.8547
-92.6206
-92.3968
-92.1832
-91.9795
-91.7854
-91.6002
-91.4236
-91.2553
-91.0946
-90.9413
-90.7951
-90.6555
-90.5222
-90.3949
-90.2734
-90.1573
-90.0464
-89.9405
-89.8392
-89.7425
-89.65
-89.5616
-89.477
-89.3962
-89.3188
-89.2449
-89.1741
-89.1064
-89.0416
-88.9796
-88.9203
-88.8634
-88.809
-88.7569
-88.707
-88.6591
-88.6133
-88.5694
-88.5272
-88.4868
-88.4481
-88.4109
-88.3753
-88.341
-88.3081
-88.2766
-88.2462
-88.217
-88.189
-88.162
-88.136
-88.1109
-88.0868
-88.0636
-88.0411
-88.0195
-87.9986
-87.9784
-87.9588
-87.9399
-87.9215
-87.9038
-87.8865
-87.8698
-87.8535
-87.8376
-87.8222
-87.8072
-87.7925
-87.7781
-87.7641
-87.7503
-87.7369
-87.7236
-87.7106
-87.6979
-87.6853
-87.6729
-87.6606
-87.6485
-87.6365
-87.6247
-87.6129
-87.6012
-87.5896
-87.5781
-87.5666
-87.5551
-87.5437
-87.5322
-87.5208
-87.5094
-87.498
-87.4865
-87.475
-87.4634
-87.4519
-87.4402
-87.4285
-87.4167
-87.4048
-87.3929
-87.3808
-87.3687
-87.3564
-87.3441
-87.3316
-87.319
-87.3063
-87.2934
-87.2804
-87.2673
-87.254
-87.2406
-87.227
-87.2133
-87.1994
-87.1853
-87.1711
-87.1567
-87.1422
-87.1275
-87.1126
-87.0975
-87.0822
-87.0667
-87.0511
-87.0353
-87.0192
-87.003
-86.9866
-86.97
-86.9532
-86.9361
-86.9189
-86.9015
-86.8839
-86.866
-86.848
-86.8297
-86.8112
-86.7925
-86.7736
-86.7545
-86.7352
-86.7156
-86.6958
-86.6758
-86.6556
-86.6352
-86.6145
-86.5936
-86.5725
-86.5511
-86.5295
-86.5077
-86.4857
-86.4634
-86.4409
-86.4182
-86.3952
-86.372
-86.3486
-86.3249
-86.301
-86.2768
-86.2524
-86.2278
-86.2029
-86.1778
-86.1524
-86.1268
-86.101
-86.0749
-86.0485
-86.0219
-85.9951
-85.968
-85.9407
-85.9131
-85.8852
-85.8571
-85.8288
-85.8002
-85.7713
-85.7422
-85.7128
-85.6831
-85.6532
-85.623
-85.5926
-85.5619
-85.5309
-85.4996
-85.4681
-85.4363
-85.4042
-85.3719
-85.3392
-85.3063
-85.2731
-85.2396
-85.2059
-85.1718
-85.1375
-85.1028
-85.0679
-85.0326
-84.9971
-84.9612
-84.9251
-84.8886
-84.8519
-84.8148
-84.7774
-84.7397
-84.7016
-84.6632
-84.6245
-84.5855
-84.5461
-84.5064
-84.4664
-84.426
-84.3852
-84.3441
-84.3026
-84.2608
-84.2186
-84.176
-84.133
-84.0897
-84.0459
-84.0018
-83.9573
-83.9123
-83.867
-83.8212
-83.775
-83.7284
-83.6813
-83.6338
-83.5858
-83.5374
-83.4885
-83.4391
-83.3893
-83.3389
-83.2881
-83.2367
-83.1848
-83.1324
-83.0794
-83.0259
-82.9718
-82.9171
-82.8619
-82.806
-82.7495
-82.6924
-82.6347
-82.5762
-82.5172
-82.4574
-82.3969
-82.3357
-82.2737
-82.211
-82.1475
-82.0832
-82.018
-81.952
-81.8851
-81.8174
-81.7486
-81.679
-81.6083
-81.5367
-81.4639
-81.3901
-81.3152
-81.2391
-81.1618
-81.0832
-81.0034
-80.9222
-80.8397
-80.7557
-80.6702
-80.5831
-80.4944
-80.404
-80.3118
-80.2178
-80.1218
-80.0239
-79.9237
-79.8214
-79.7167
-79.6096
-79.4998
-79.3873
-79.2719
-79.1535
-79.0317
-78.9066
-78.7777
-78.6449
-78.508
-78.3665
-78.2202
-78.0687
-77.9116
-77.7484
-77.5787
-77.4017
-77.2168
-77.0233
-76.8202
-76.6065
-76.381
-76.1421
-75.8882
-75.6171
-75.3264
-75.0128
-74.6724
-74.3
-73.889
-73.4304
-72.912
-72.3162
-71.6164
-70.7709
-69.708
-68.2916
-66.2195
-62.6349
-53.7746
-10.0866
49.5854
49.4496
44.8215
30.4715
8.86998
-5.65155
-16.5758
-27.6196
-37.8281
-59.9677
-91.7806
-94.7321
-94.8886
-94.8467
-94.7416
-94.5815
-94.3732
-94.1305
-93.8688
-93.6006
-93.3343
-93.0749
-92.8249
-92.5852
-92.3562
-92.1378
-91.9295
-91.7309
-91.5417
-91.3613
-91.1892
-91.0251
-90.8686
-90.7193
-90.5769
-90.4409
-90.3111
-90.1872
-90.0689
-89.9559
-89.848
-89.745
-89.6465
-89.5524
-89.4625
-89.3766
-89.2945
-89.216
-89.1409
-89.0691
-89.0005
-88.9349
-88.8721
-88.812
-88.7546
-88.6996
-88.6469
-88.5966
-88.5483
-88.5022
-88.4579
-88.4156
-88.375
-88.3361
-88.2989
-88.2632
-88.2289
-88.1961
-88.1645
-88.1343
-88.1052
-88.0773
-88.0505
-88.0248
-88
-87.9762
-87.9532
-87.9311
-87.9098
-87.8893
-87.8695
-87.8503
-87.8319
-87.814
-87.7967
-87.78
-87.7637
-87.748
-87.7327
-87.7178
-87.7033
-87.6892
-87.6755
-87.6621
-87.6489
-87.6361
-87.6235
-87.6112
-87.5991
-87.5872
-87.5755
-87.5639
-87.5525
-87.5412
-87.5301
-87.519
-87.5081
-87.4972
-87.4864
-87.4756
-87.4649
-87.4542
-87.4435
-87.4329
-87.4222
-87.4115
-87.4008
-87.3901
-87.3793
-87.3685
-87.3576
-87.3467
-87.3357
-87.3246
-87.3134
-87.3022
-87.2908
-87.2793
-87.2678
-87.2561
-87.2443
-87.2323
-87.2202
-87.208
-87.1957
-87.1832
-87.1706
-87.1578
-87.1448
-87.1317
-87.1185
-87.105
-87.0914
-87.0777
-87.0637
-87.0496
-87.0353
-87.0208
-87.0061
-86.9912
-86.9761
-86.9609
-86.9454
-86.9298
-86.9139
-86.8979
-86.8816
-86.8651
-86.8485
-86.8316
-86.8145
-86.7972
-86.7797
-86.762
-86.744
-86.7259
-86.7075
-86.6889
-86.6701
-86.651
-86.6318
-86.6123
-86.5926
-86.5726
-86.5525
-86.5321
-86.5115
-86.4906
-86.4695
-86.4482
-86.4267
-86.4049
-86.3829
-86.3606
-86.3381
-86.3154
-86.2924
-86.2692
-86.2458
-86.2221
-86.1982
-86.174
-86.1496
-86.1249
-86.1
-86.0749
-86.0495
-86.0239
-85.998
-85.9719
-85.9455
-85.9188
-85.8919
-85.8648
-85.8374
-85.8097
-85.7818
-85.7536
-85.7252
-85.6965
-85.6676
-85.6384
-85.6089
-85.5791
-85.5491
-85.5188
-85.4883
-85.4574
-85.4264
-85.395
-85.3633
-85.3314
-85.2992
-85.2667
-85.2339
-85.2009
-85.1675
-85.1339
-85.1
-85.0657
-85.0312
-84.9964
-84.9613
-84.9259
-84.8901
-84.8541
-84.8177
-84.7811
-84.7441
-84.7068
-84.6692
-84.6312
-84.5929
-84.5543
-84.5154
-84.4761
-84.4364
-84.3965
-84.3561
-84.3154
-84.2744
-84.233
-84.1912
-84.149
-84.1065
-84.0636
-84.0202
-83.9765
-83.9324
-83.8879
-83.843
-83.7977
-83.7519
-83.7057
-83.6591
-83.612
-83.5645
-83.5165
-83.468
-83.4191
-83.3697
-83.3198
-83.2694
-83.2184
-83.167
-83.115
-83.0625
-83.0095
-82.9558
-82.9016
-82.8469
-82.7915
-82.7355
-82.6789
-82.6216
-82.5637
-82.5051
-82.4458
-82.3858
-82.3251
-82.2637
-82.2015
-82.1385
-82.0747
-82.0101
-81.9446
-81.8783
-81.8111
-81.7429
-81.6738
-81.6038
-81.5327
-81.4606
-81.3874
-81.313
-81.2376
-81.1609
-81.083
-81.0039
-80.9234
-80.8415
-80.7582
-80.6734
-80.5871
-80.4992
-80.4096
-80.3182
-80.225
-80.1299
-80.0328
-79.9336
-79.8322
-79.7284
-79.6223
-79.5136
-79.4022
-79.2879
-79.1706
-79.0501
-78.9262
-78.7987
-78.6673
-78.5318
-78.3919
-78.2473
-78.0976
-77.9423
-77.7812
-77.6136
-77.4389
-77.2566
-77.0658
-76.8657
-76.6553
-76.4334
-76.1986
-75.9492
-75.6833
-75.3985
-75.0916
-74.7592
-74.3962
-73.9966
-73.552
-73.0513
-72.4785
-71.8099
-71.0088
-70.0135
-68.7105
-66.8598
-63.8314
-57.2294
-29.9778
42.7887
49.3822
45.0191
31.5028
10.5208
-4.41719
-15.425
-26.3735
-35.8909
-55.2217
-89.7261
-94.6401
-94.8872
-94.8607
-94.7676
-94.6189
-94.4197
-94.1819
-93.9208
-93.6499
-93.3787
-93.113
-92.8559
-92.6091
-92.373
-92.1475
-91.9325
-91.7274
-91.5319
-91.3455
-91.1677
-90.9981
-90.8364
-90.682
-90.5347
-90.3941
-90.2599
-90.1317
-90.0093
-89.8924
-89.7807
-89.674
-89.572
-89.4745
-89.3814
-89.2923
-89.2072
-89.1258
-89.0479
-88.9735
-88.9022
-88.8341
-88.7689
-88.7065
-88.6468
-88.5897
-88.535
-88.4827
-88.4325
-88.3845
-88.3385
-88.2945
-88.2522
-88.2118
-88.173
-88.1358
-88.1002
-88.066
-88.0331
-88.0017
-87.9714
-87.9424
-87.9145
-87.8877
-87.8619
-87.8371
-87.8132
-87.7902
-87.7681
-87.7467
-87.7262
-87.7063
-87.6871
-87.6686
-87.6506
-87.6333
-87.6165
-87.6002
-87.5844
-87.569
-87.5541
-87.5395
-87.5254
-87.5116
-87.4981
-87.4849
-87.472
-87.4594
-87.447
-87.4348
-87.4229
-87.4111
-87.3995
-87.388
-87.3767
-87.3655
-87.3544
-87.3435
-87.3325
-87.3217
-87.3109
-87.3002
-87.2894
-87.2787
-87.2681
-87.2574
-87.2467
-87.2359
-87.2252
-87.2144
-87.2036
-87.1927
-87.1817
-87.1707
-87.1596
-87.1485
-87.1372
-87.1258
-87.1144
-87.1028
-87.0911
-87.0793
-87.0673
-87.0553
-87.0431
-87.0308
-87.0183
-87.0056
-86.9929
-86.9799
-86.9668
-86.9536
-86.9402
-86.9266
-86.9128
-86.8989
-86.8848
-86.8705
-86.856
-86.8413
-86.8264
-86.8114
-86.7961
-86.7807
-86.7651
-86.7492
-86.7332
-86.7169
-86.7005
-86.6838
-86.667
-86.6499
-86.6326
-86.6151
-86.5974
-86.5794
-86.5613
-86.5429
-86.5243
-86.5055
-86.4864
-86.4672
-86.4477
-86.4279
-86.408
-86.3878
-86.3674
-86.3468
-86.3259
-86.3048
-86.2834
-86.2619
-86.2401
-86.218
-86.1957
-86.1732
-86.1504
-86.1274
-86.1042
-86.0807
-86.057
-86.033
-86.0088
-85.9843
-85.9596
-85.9346
-85.9094
-85.8839
-85.8582
-85.8322
-85.806
-85.7795
-85.7528
-85.7258
-85.6986
-85.6711
-85.6433
-85.6153
-85.587
-85.5584
-85.5296
-85.5005
-85.4711
-85.4415
-85.4116
-85.3814
-85.351
-85.3202
-85.2892
-85.258
-85.2264
-85.1945
-85.1624
-85.13
-85.0973
-85.0643
-85.031
-84.9974
-84.9635
-84.9293
-84.8948
-84.86
-84.8249
-84.7895
-84.7538
-84.7178
-84.6814
-84.6447
-84.6077
-84.5704
-84.5327
-84.4947
-84.4564
-84.4177
-84.3787
-84.3393
-84.2996
-84.2595
-84.2191
-84.1783
-84.1371
-84.0956
-84.0536
-84.0113
-83.9686
-83.9255
-83.882
-83.8381
-83.7938
-83.7491
-83.7039
-83.6583
-83.6123
-83.5658
-83.5189
-83.4715
-83.4237
-83.3753
-83.3265
-83.2772
-83.2274
-83.1771
-83.1263
-83.0749
-83.023
-82.9706
-82.9176
-82.864
-82.8098
-82.755
-82.6997
-82.6437
-82.587
-82.5297
-82.4717
-82.4131
-82.3537
-82.2937
-82.2328
-82.1713
-82.1089
-82.0458
-81.9818
-81.917
-81.8513
-81.7848
-81.7173
-81.6489
-81.5795
-81.5091
-81.4376
-81.3651
-81.2915
-81.2167
-81.1408
-81.0636
-80.9851
-80.9054
-80.8243
-80.7417
-80.6577
-80.5721
-80.485
-80.3961
-80.3056
-80.2132
-80.1189
-80.0227
-79.9243
-79.8238
-79.721
-79.6158
-79.508
-79.3976
-79.2843
-79.1681
-79.0487
-78.9259
-78.7995
-78.6694
-78.5351
-78.3965
-78.2533
-78.105
-77.9513
-77.7917
-77.6258
-77.4529
-77.2725
-77.0838
-76.8859
-76.6779
-76.4587
-76.2268
-75.9807
-75.7184
-75.4377
-75.1355
-74.8084
-74.4518
-74.0598
-73.6245
-73.1353
-72.5773
-71.9285
-71.155
-70.2011
-68.9657
-67.2414
-64.5089
-58.953
-39.0212
39.2534
49.4741
45.5123
32.6993
11.9048
-3.56489
-14.6873
-25.5839
-35.4025
-53.9906
-88.7441
-94.5649
-94.8752
-94.861
-94.7745
-94.632
-94.438
-94.2037
-93.9439
-93.672
-93.3983
-93.1291
-92.868
-92.6168
-92.3763
-92.1465
-91.9273
-91.7183
-91.519
-91.3291
-91.1479
-90.9752
-90.8104
-90.6533
-90.5033
-90.3603
-90.2237
-90.0933
-89.9688
-89.85
-89.7365
-89.6281
-89.5245
-89.4255
-89.331
-89.2406
-89.1543
-89.0718
-88.9929
-88.9174
-88.8453
-88.7763
-88.7104
-88.6473
-88.587
-88.5292
-88.474
-88.4212
-88.3706
-88.3222
-88.2758
-88.2315
-88.189
-88.1483
-88.1094
-88.0721
-88.0363
-88.002
-87.9692
-87.9376
-87.9074
-87.8784
-87.8506
-87.8239
-87.7982
-87.7736
-87.7498
-87.7271
-87.7051
-87.684
-87.6637
-87.6441
-87.6252
-87.6069
-87.5893
-87.5723
-87.5558
-87.5399
-87.5244
-87.5095
-87.4949
-87.4808
-87.467
-87.4537
-87.4406
-87.4279
-87.4155
-87.4033
-87.3914
-87.3797
-87.3682
-87.3569
-87.3458
-87.3349
-87.3241
-87.3134
-87.3028
-87.2924
-87.282
-87.2717
-87.2615
-87.2513
-87.2411
-87.231
-87.2208
-87.2107
-87.2006
-87.1904
-87.1802
-87.17
-87.1598
-87.1495
-87.1391
-87.1287
-87.1181
-87.1076
-87.0969
-87.0861
-87.0752
-87.0642
-87.0531
-87.0419
-87.0306
-87.0191
-87.0075
-86.9957
-86.9839
-86.9718
-86.9596
-86.9473
-86.9348
-86.9222
-86.9093
-86.8963
-86.8832
-86.8698
-86.8563
-86.8426
-86.8287
-86.8146
-86.8003
-86.7859
-86.7712
-86.7564
-86.7413
-86.7261
-86.7106
-86.695
-86.6791
-86.6631
-86.6468
-86.6303
-86.6136
-86.5967
-86.5795
-86.5622
-86.5446
-86.5268
-86.5088
-86.4906
-86.4721
-86.4534
-86.4345
-86.4154
-86.396
-86.3764
-86.3566
-86.3365
-86.3162
-86.2957
-86.2749
-86.2539
-86.2327
-86.2113
-86.1895
-86.1676
-86.1454
-86.123
-86.1003
-86.0774
-86.0543
-86.0309
-86.0072
-85.9833
-85.9592
-85.9348
-85.9102
-85.8853
-85.8602
-85.8348
-85.8092
-85.7833
-85.7571
-85.7307
-85.7041
-85.6771
-85.65
-85.6225
-85.5948
-85.5669
-85.5386
-85.5101
-85.4814
-85.4524
-85.4231
-85.3935
-85.3636
-85.3335
-85.3031
-85.2725
-85.2415
-85.2103
-85.1788
-85.147
-85.1149
-85.0825
-85.0499
-85.0169
-84.9837
-84.9501
-84.9163
-84.8821
-84.8477
-84.8129
-84.7779
-84.7425
-84.7068
-84.6708
-84.6345
-84.5978
-84.5609
-84.5236
-84.4859
-84.4479
-84.4096
-84.371
-84.332
-84.2926
-84.2529
-84.2129
-84.1724
-84.1316
-84.0905
-84.0489
-84.007
-83.9647
-83.922
-83.8789
-83.8354
-83.7915
-83.7471
-83.7024
-83.6572
-83.6116
-83.5655
-83.519
-83.4721
-83.4247
-83.3768
-83.3284
-83.2796
-83.2302
-83.1804
-83.13
-83.0791
-83.0277
-82.9757
-82.9232
-82.8701
-82.8164
-82.7622
-82.7073
-82.6518
-82.5957
-82.539
-82.4815
-82.4234
-82.3646
-82.3052
-82.2449
-82.1839
-82.1222
-82.0597
-81.9963
-81.9322
-81.8672
-81.8013
-81.7345
-81.6667
-81.5981
-81.5284
-81.4577
-81.3859
-81.3131
-81.2391
-81.164
-81.0877
-81.0101
-80.9313
-80.8511
-80.7695
-80.6864
-80.6019
-80.5158
-80.4281
-80.3386
-80.2474
-80.1544
-80.0594
-79.9623
-79.8632
-79.7618
-79.6581
-79.5519
-79.4431
-79.3315
-79.2171
-79.0995
-78.9787
-78.8545
-78.7266
-78.5947
-78.4586
-78.3181
-78.1727
-78.022
-77.8658
-77.7035
-77.5345
-77.3584
-77.1743
-76.9815
-76.7791
-76.5661
-76.3412
-76.1029
-75.8495
-75.5789
-75.2884
-74.975
-74.6345
-74.2619
-73.8503
-73.3907
-72.8707
-72.2724
-71.5687
-70.7169
-69.6438
-68.2087
-66.0978
-62.409
-53.0789
-6.11766
49.7381
49.4013
44.502
29.6809
8.02253
-6.21014
-17.0767
-28.1367
-38.7168
-62.1277
-92.3219
-94.7535
-94.8848
-94.8369
-94.7251
-94.5565
-94.3388
-94.0861
-93.8144
-93.5364
-93.2606
-92.992
-92.7332
-92.4852
-92.2483
-92.0225
-91.8072
-91.6021
-91.4067
-91.2205
-91.043
-90.8739
-90.7127
-90.559
-90.4125
-90.2727
-90.1394
-90.0123
-89.891
-89.7752
-89.6648
-89.5594
-89.4588
-89.3628
-89.2711
-89.1836
-89.1
-89.0203
-88.9441
-88.8714
-88.8019
-88.7355
-88.6722
-88.6116
-88.5538
-88.4986
-88.4458
-88.3954
-88.3472
-88.3012
-88.2572
-88.2151
-88.175
-88.1365
-88.0998
-88.0647
-88.0311
-87.9989
-87.9682
-87.9388
-87.9106
-87.8837
-87.8578
-87.8331
-87.8094
-87.7867
-87.7649
-87.744
-87.724
-87.7047
-87.6862
-87.6684
-87.6513
-87.6348
-87.619
-87.6037
-87.5889
-87.5747
-87.5609
-87.5476
-87.5347
-87.5222
-87.51
-87.4982
-87.4867
-87.4755
-87.4646
-87.454
-87.4435
-87.4333
-87.4233
-87.4135
-87.4038
-87.3943
-87.3849
-87.3756
-87.3664
-87.3573
-87.3483
-87.3393
-87.3304
-87.3215
-87.3126
-87.3037
-87.2949
-87.286
-87.2771
-87.2682
-87.2592
-87.2502
-87.2411
-87.232
-87.2228
-87.2135
-87.2042
-87.1947
-87.1852
-87.1755
-87.1658
-87.1559
-87.1459
-87.1357
-87.1255
-87.1151
-87.1045
-87.0938
-87.083
-87.072
-87.0608
-87.0495
-87.0381
-87.0264
-87.0146
-87.0026
-86.9904
-86.978
-86.9655
-86.9528
-86.9398
-86.9267
-86.9134
-86.8999
-86.8862
-86.8723
-86.8582
-86.8439
-86.8294
-86.8146
-86.7997
-86.7846
-86.7692
-86.7536
-86.7378
-86.7218
-86.7056
-86.6892
-86.6725
-86.6556
-86.6385
-86.6212
-86.6036
-86.5858
-86.5678
-86.5495
-86.5311
-86.5124
-86.4934
-86.4743
-86.4549
-86.4353
-86.4154
-86.3953
-86.375
-86.3544
-86.3336
-86.3125
-86.2912
-86.2697
-86.248
-86.226
-86.2037
-86.1812
-86.1585
-86.1355
-86.1123
-86.0889
-86.0652
-86.0412
-86.017
-85.9926
-85.9679
-85.9429
-85.9177
-85.8923
-85.8666
-85.8406
-85.8144
-85.788
-85.7613
-85.7343
-85.7071
-85.6796
-85.6518
-85.6238
-85.5955
-85.567
-85.5382
-85.5091
-85.4798
-85.4502
-85.4203
-85.3902
-85.3598
-85.3291
-85.2981
-85.2669
-85.2353
-85.2035
-85.1714
-85.1391
-85.1064
-85.0735
-85.0402
-85.0067
-84.9729
-84.9387
-84.9043
-84.8696
-84.8346
-84.7992
-84.7636
-84.7276
-84.6914
-84.6548
-84.6179
-84.5806
-84.5431
-84.5052
-84.467
-84.4284
-84.3895
-84.3503
-84.3107
-84.2707
-84.2304
-84.1898
-84.1487
-84.1073
-84.0656
-84.0234
-83.9809
-83.9379
-83.8946
-83.8509
-83.8068
-83.7622
-83.7173
-83.6719
-83.6261
-83.5798
-83.5331
-83.486
-83.4384
-83.3903
-83.3418
-83.2927
-83.2432
-83.1932
-83.1426
-83.0915
-83.04
-82.9878
-82.9351
-82.8819
-82.828
-82.7736
-82.7186
-82.663
-82.6067
-82.5498
-82.4922
-82.434
-82.375
-82.3154
-82.255
-82.1939
-82.1321
-82.0694
-82.0059
-81.9417
-81.8765
-81.8105
-81.7436
-81.6758
-81.607
-81.5372
-81.4664
-81.3945
-81.3216
-81.2476
-81.1724
-81.096
-81.0183
-80.9394
-80.8591
-80.7774
-80.6943
-80.6097
-80.5236
-80.4358
-80.3463
-80.255
-80.1619
-80.0669
-79.9698
-79.8707
-79.7693
-79.6655
-79.5593
-79.4505
-79.3389
-79.2245
-79.107
-78.9862
-78.862
-78.7341
-78.6023
-78.4663
-78.3258
-78.1805
-78.0299
-77.8738
-77.7116
-77.5428
-77.3668
-77.1829
-76.9903
-76.7882
-76.5755
-76.3509
-76.1129
-75.8599
-75.5898
-75.2999
-74.9872
-74.6475
-74.2757
-73.8653
-73.4072
-72.8891
-72.2931
-71.5927
-70.7458
-69.68
-68.2575
-66.1716
-62.5479
-53.5045
-8.53519
49.6588
49.4338
44.709
30.1839
8.55141
-5.86245
-16.7651
-27.8161
-38.1632
-60.7831
-92.0042
-94.7401
-94.8855
-94.8394
-94.7287
-94.5607
-94.3427
-94.0889
-93.8154
-93.5351
-93.257
-92.9861
-92.7249
-92.4747
-92.2358
-92.0079
-91.7908
-91.5839
-91.3868
-91.199
-91.0201
-90.8496
-90.6871
-90.5322
-90.3844
-90.2436
-90.1092
-89.9811
-89.8589
-89.7423
-89.631
-89.5248
-89.4235
-89.3268
-89.2345
-89.1464
-89.0623
-88.982
-88.9054
-88.8322
-88.7623
-88.6956
-88.6319
-88.5711
-88.513
-88.4575
-88.4045
-88.3538
-88.3055
-88.2593
-88.2151
-88.173
-88.1327
-88.0942
-88.0574
-88.0222
-87.9886
-87.9565
-87.9257
-87.8963
-87.8682
-87.8413
-87.8155
-87.7909
-87.7673
-87.7447
-87.723
-87.7022
-87.6823
-87.6632
-87.6449
-87.6272
-87.6103
-87.594
-87.5783
-87.5632
-87.5487
-87.5347
-87.5211
-87.508
-87.4953
-87.4831
-87.4712
-87.4596
-87.4484
-87.4375
-87.4268
-87.4165
-87.4063
-87.3964
-87.3867
-87.3771
-87.3677
-87.3585
-87.3494
-87.3404
-87.3315
-87.3228
-87.314
-87.3054
-87.2968
-87.2882
-87.2796
-87.2711
-87.2626
-87.254
-87.2455
-87.2369
-87.2283
-87.2196
-87.2109
-87.2021
-87.1933
-87.1843
-87.1753
-87.1662
-87.157
-87.1477
-87.1383
-87.1288
-87.1191
-87.1093
-87.0994
-87.0894
-87.0792
-87.0689
-87.0584
-87.0477
-87.0369
-87.026
-87.0149
-87.0036
-86.9921
-86.9805
-86.9687
-86.9567
-86.9445
-86.9321
-86.9195
-86.9068
-86.8938
-86.8807
-86.8674
-86.8538
-86.8401
-86.8261
-86.812
-86.7976
-86.783
-86.7682
-86.7532
-86.738
-86.7226
-86.707
-86.6911
-86.675
-86.6587
-86.6422
-86.6254
-86.6085
-86.5913
-86.5738
-86.5562
-86.5383
-86.5202
-86.5019
-86.4833
-86.4645
-86.4455
-86.4262
-86.4067
-86.387
-86.367
-86.3468
-86.3264
-86.3057
-86.2848
-86.2636
-86.2422
-86.2206
-86.1987
-86.1766
-86.1542
-86.1316
-86.1088
-86.0857
-86.0624
-86.0388
-86.015
-85.9909
-85.9666
-85.942
-85.9172
-85.8921
-85.8668
-85.8412
-85.8154
-85.7893
-85.763
-85.7364
-85.7096
-85.6825
-85.6551
-85.6275
-85.5996
-85.5715
-85.5431
-85.5144
-85.4855
-85.4563
-85.4268
-85.397
-85.367
-85.3367
-85.3062
-85.2753
-85.2442
-85.2128
-85.1812
-85.1492
-85.117
-85.0845
-85.0516
-85.0185
-84.9852
-84.9515
-84.9175
-84.8832
-84.8486
-84.8137
-84.7785
-84.743
-84.7072
-84.6711
-84.6346
-84.5979
-84.5608
-84.5234
-84.4856
-84.4476
-84.4091
-84.3704
-84.3313
-84.2918
-84.252
-84.2119
-84.1714
-84.1305
-84.0893
-84.0476
-84.0056
-83.9633
-83.9205
-83.8773
-83.8338
-83.7898
-83.7454
-83.7006
-83.6554
-83.6097
-83.5637
-83.5171
-83.4701
-83.4227
-83.3748
-83.3264
-83.2775
-83.2282
-83.1783
-83.128
-83.0771
-83.0257
-82.9737
-82.9212
-82.8681
-82.8144
-82.7602
-82.7054
-82.6499
-82.5938
-82.5371
-82.4797
-82.4217
-82.363
-82.3035
-82.2434
-82.1824
-82.1208
-82.0583
-81.9951
-81.931
-81.8661
-81.8003
-81.7336
-81.666
-81.5974
-81.5278
-81.4573
-81.3856
-81.313
-81.2391
-81.1642
-81.088
-81.0106
-80.9319
-80.8519
-80.7705
-80.6876
-80.6033
-80.5174
-80.4299
-80.3407
-80.2497
-80.1569
-80.0622
-79.9654
-79.8666
-79.7655
-79.662
-79.5562
-79.4477
-79.3365
-79.2224
-79.1053
-78.9849
-78.8611
-78.7336
-78.6023
-78.4667
-78.3267
-78.1819
-78.0319
-77.8763
-77.7146
-77.5465
-77.3711
-77.1879
-76.9961
-76.7948
-76.5829
-76.3592
-76.1223
-75.8705
-75.6016
-75.3132
-75.0021
-74.6644
-74.2949
-73.8872
-73.4324
-72.9184
-72.3278
-71.6347
-70.798
-69.7479
-68.352
-66.3188
-62.8328
-54.39
-13.6791
49.2904
49.4311
44.8318
30.6215
9.1426
-5.43837
-16.3735
-27.401
-37.4493
-59.0285
-91.4866
-94.7192
-94.8869
-94.8446
-94.7368
-94.5713
-94.3547
-94.1012
-93.8268
-93.5451
-93.2649
-92.9918
-92.7285
-92.4762
-92.2351
-92.0053
-91.7862
-91.5776
-91.3788
-91.1894
-91.0089
-90.837
-90.673
-90.5168
-90.3678
-90.2258
-90.0903
-89.9611
-89.8378
-89.7202
-89.608
-89.501
-89.3988
-89.3013
-89.2083
-89.1195
-89.0347
-88.9538
-88.8765
-88.8027
-88.7323
-88.6651
-88.6009
-88.5396
-88.481
-88.4251
-88.3717
-88.3207
-88.272
-88.2255
-88.1811
-88.1386
-88.0981
-88.0594
-88.0223
-87.987
-87.9531
-87.9208
-87.8899
-87.8604
-87.8321
-87.8051
-87.7793
-87.7545
-87.7309
-87.7082
-87.6865
-87.6657
-87.6457
-87.6266
-87.6082
-87.5906
-87.5737
-87.5574
-87.5418
-87.5267
-87.5122
-87.4982
-87.4847
-87.4717
-87.4591
-87.4469
-87.4351
-87.4237
-87.4126
-87.4017
-87.3912
-87.381
-87.3709
-87.3612
-87.3516
-87.3422
-87.3329
-87.3239
-87.3149
-87.3061
-87.2974
-87.2888
-87.2802
-87.2717
-87.2633
-87.2549
-87.2465
-87.2382
-87.2299
-87.2215
-87.2132
-87.2048
-87.1964
-87.1879
-87.1794
-87.1708
-87.1622
-87.1535
-87.1447
-87.1358
-87.1268
-87.1177
-87.1085
-87.0992
-87.0898
-87.0803
-87.0706
-87.0608
-87.0508
-87.0407
-87.0305
-87.0201
-87.0095
-86.9988
-86.9879
-86.9769
-86.9657
-86.9543
-86.9427
-86.931
-86.919
-86.9069
-86.8946
-86.8821
-86.8694
-86.8565
-86.8434
-86.8301
-86.8167
-86.803
-86.7891
-86.775
-86.7606
-86.7461
-86.7314
-86.7164
-86.7013
-86.6859
-86.6703
-86.6545
-86.6384
-86.6221
-86.6057
-86.5889
-86.572
-86.5549
-86.5375
-86.5199
-86.502
-86.4839
-86.4656
-86.4471
-86.4283
-86.4094
-86.3901
-86.3707
-86.351
-86.331
-86.3109
-86.2905
-86.2698
-86.2489
-86.2278
-86.2065
-86.1849
-86.163
-86.1409
-86.1186
-86.096
-86.0732
-86.0502
-86.0269
-86.0033
-85.9795
-85.9555
-85.9312
-85.9067
-85.8819
-85.8569
-85.8316
-85.806
-85.7802
-85.7542
-85.7279
-85.7014
-85.6745
-85.6475
-85.6201
-85.5926
-85.5647
-85.5366
-85.5082
-85.4796
-85.4507
-85.4215
-85.3921
-85.3624
-85.3324
-85.3021
-85.2716
-85.2408
-85.2097
-85.1784
-85.1467
-85.1148
-85.0826
-85.0501
-85.0173
-84.9843
-84.9509
-84.9172
-84.8833
-84.849
-84.8145
-84.7796
-84.7445
-84.709
-84.6732
-84.6371
-84.6007
-84.5639
-84.5269
-84.4895
-84.4518
-84.4137
-84.3753
-84.3366
-84.2975
-84.2581
-84.2183
-84.1782
-84.1377
-84.0969
-84.0556
-84.014
-83.9721
-83.9297
-83.8869
-83.8438
-83.8002
-83.7563
-83.7119
-83.6671
-83.6219
-83.5763
-83.5302
-83.4837
-83.4367
-83.3892
-83.3413
-83.2929
-83.2441
-83.1947
-83.1448
-83.0944
-83.0435
-82.9921
-82.9401
-82.8876
-82.8345
-82.7808
-82.7265
-82.6717
-82.6162
-82.5601
-82.5033
-82.4459
-82.3878
-82.329
-82.2695
-82.2092
-82.1482
-82.0865
-82.024
-81.9606
-81.8965
-81.8314
-81.7655
-81.6987
-81.631
-81.5623
-81.4926
-81.4218
-81.3501
-81.2772
-81.2032
-81.128
-81.0517
-80.9741
-80.8951
-80.8149
-80.7332
-80.6501
-80.5655
-80.4793
-80.3914
-80.3019
-80.2105
-80.1173
-80.0222
-79.925
-79.8256
-79.724
-79.6201
-79.5136
-79.4045
-79.2926
-79.1778
-79.0599
-78.9387
-78.814
-78.6856
-78.5532
-78.4165
-78.2752
-78.1291
-77.9776
-77.8205
-77.6571
-77.487
-77.3095
-77.124
-76.9296
-76.7254
-76.5103
-76.283
-76.042
-75.7855
-75.5112
-75.2165
-74.8979
-74.5513
-74.1713
-73.7505
-73.2794
-72.7444
-72.126
-71.3948
-70.5027
-69.3659
-67.8192
-65.4761
-61.1363
-48.5544
16.8356
49.8577
48.2401
39.8193
20.994
1.42978
-10.7674
-21.3693
-32.2134
-46.618
-79.3666
-94.0338
-94.8308
-94.8673
-94.7972
-94.666
-94.4795
-94.2477
-93.9854
-93.7074
-93.4252
-93.1463
-92.875
-92.6137
-92.3633
-92.1241
-91.8959
-91.6783
-91.471
-91.2734
-91.0851
-90.9057
-90.7347
-90.5717
-90.4162
-90.268
-90.1267
-89.9918
-89.8632
-89.7405
-89.6235
-89.5118
-89.4052
-89.3034
-89.2063
-89.1136
-89.0252
-88.9407
-88.8601
-88.7831
-88.7096
-88.6394
-88.5724
-88.5084
-88.4473
-88.3889
-88.3332
-88.2799
-88.2291
-88.1805
-88.1341
-88.0898
-88.0475
-88.007
-87.9684
-87.9315
-87.8962
-87.8625
-87.8303
-87.7995
-87.77
-87.7418
-87.7149
-87.6891
-87.6645
-87.6409
-87.6183
-87.5967
-87.5759
-87.5561
-87.537
-87.5187
-87.5012
-87.4844
-87.4682
-87.4526
-87.4376
-87.4232
-87.4093
-87.3959
-87.383
-87.3705
-87.3584
-87.3467
-87.3353
-87.3243
-87.3136
-87.3032
-87.293
-87.2831
-87.2734
-87.264
-87.2547
-87.2456
-87.2366
-87.2278
-87.2191
-87.2105
-87.202
-87.1936
-87.1852
-87.1769
-87.1686
-87.1604
-87.1522
-87.144
-87.1358
-87.1276
-87.1193
-87.111
-87.1027
-87.0943
-87.0859
-87.0774
-87.0689
-87.0602
-87.0515
-87.0426
-87.0337
-87.0247
-87.0155
-87.0063
-86.9969
-86.9873
-86.9777
-86.9679
-86.9579
-86.9479
-86.9376
-86.9272
-86.9167
-86.906
-86.8951
-86.884
-86.8728
-86.8614
-86.8498
-86.838
-86.826
-86.8139
-86.8016
-86.789
-86.7763
-86.7634
-86.7502
-86.7369
-86.7234
-86.7097
-86.6957
-86.6816
-86.6672
-86.6526
-86.6378
-86.6228
-86.6076
-86.5921
-86.5765
-86.5606
-86.5445
-86.5282
-86.5116
-86.4948
-86.4778
-86.4606
-86.4432
-86.4255
-86.4076
-86.3894
-86.371
-86.3524
-86.3336
-86.3145
-86.2952
-86.2757
-86.2559
-86.2359
-86.2156
-86.1951
-86.1744
-86.1534
-86.1322
-86.1107
-86.089
-86.0671
-86.0449
-86.0225
-85.9998
-85.9769
-85.9537
-85.9303
-85.9067
-85.8828
-85.8586
-85.8342
-85.8096
-85.7847
-85.7595
-85.7341
-85.7084
-85.6825
-85.6563
-85.6299
-85.6032
-85.5763
-85.549
-85.5216
-85.4938
-85.4659
-85.4376
-85.4091
-85.3803
-85.3512
-85.3219
-85.2923
-85.2624
-85.2322
-85.2018
-85.1711
-85.1401
-85.1088
-85.0773
-85.0455
-85.0134
-84.9809
-84.9482
-84.9153
-84.882
-84.8484
-84.8145
-84.7803
-84.7458
-84.7111
-84.676
-84.6405
-84.6048
-84.5688
-84.5324
-84.4957
-84.4587
-84.4214
-84.3837
-84.3457
-84.3073
-84.2686
-84.2296
-84.1902
-84.1504
-84.1103
-84.0698
-84.029
-83.9878
-83.9462
-83.9042
-83.8618
-83.819
-83.7759
-83.7323
-83.6883
-83.6439
-83.5991
-83.5538
-83.5081
-83.462
-83.4154
-83.3684
-83.3209
-83.2729
-83.2244
-83.1754
-83.126
-83.076
-83.0255
-82.9745
-82.9229
-82.8708
-82.8181
-82.7648
-82.711
-82.6565
-82.6015
-82.5458
-82.4895
-82.4325
-82.3748
-82.3165
-82.2574
-82.1976
-82.1371
-82.0758
-82.0138
-81.9509
-81.8872
-81.8227
-81.7573
-81.6909
-81.6237
-81.5555
-81.4863
-81.4161
-81.3449
-81.2726
-81.1991
-81.1245
-81.0487
-80.9717
-80.8934
-80.8137
-80.7327
-80.6502
-80.5662
-80.4806
-80.3935
-80.3046
-80.214
-80.1215
-80.0271
-79.9307
-79.8321
-79.7313
-79.6282
-79.5226
-79.4144
-79.3035
-79.1897
-79.0728
-78.9527
-78.8291
-78.7019
-78.5707
-78.4353
-78.2954
-78.1507
-78.0008
-77.8453
-77.6837
-77.5155
-77.3401
-77.1568
-76.9648
-76.7632
-76.5511
-76.327
-76.0896
-75.837
-75.5673
-75.2778
-74.9654
-74.6259
-74.2543
-73.8438
-73.3854
-72.8667
-72.2697
-71.5676
-70.7177
-69.6468
-68.2147
-66.1083
-62.4279
-53.1207
-6.33319
49.7319
49.4043
44.5204
29.7237
8.06545
-6.18222
-17.0518
-28.1112
-38.6727
-62.0212
-92.2983
-94.7518
-94.8835
-94.8345
-94.7205
-94.5486
-94.3264
-94.0685
-93.7909
-93.5068
-93.2249
-92.9504
-92.6858
-92.4324
-92.1905
-91.9598
-91.7399
-91.5306
-91.3312
-91.1413
-90.9603
-90.788
-90.6237
-90.4672
-90.3181
-90.1759
-90.0403
-89.9111
-89.7878
-89.6703
-89.5582
-89.4513
-89.3494
-89.2521
-89.1593
-89.0708
-88.9864
-88.9058
-88.8289
-88.7556
-88.6856
-88.6188
-88.5551
-88.4943
-88.4363
-88.381
-88.3282
-88.2777
-88.2296
-88.1837
-88.1399
-88.0981
-88.0582
-88.0202
-87.9838
-87.9491
-87.916
-87.8844
-87.8542
-87.8254
-87.7979
-87.7716
-87.7465
-87.7225
-87.6996
-87.6777
-87.6568
-87.6367
-87.6175
-87.5992
-87.5816
-87.5648
-87.5486
-87.5332
-87.5183
-87.5041
-87.4903
-87.4772
-87.4645
-87.4522
-87.4405
-87.4291
-87.4181
-87.4074
-87.3971
-87.3871
-87.3774
-87.3679
-87.3587
-87.3497
-87.3409
-87.3323
-87.3239
-87.3156
-87.3074
-87.2994
-87.2915
-87.2837
-87.2759
-87.2682
-87.2606
-87.253
-87.2454
-87.2378
-87.2303
-87.2227
-87.2151
-87.2075
-87.1999
-87.1922
-87.1845
-87.1767
-87.1688
-87.1608
-87.1528
-87.1447
-87.1365
-87.1281
-87.1197
-87.1112
-87.1025
-87.0937
-87.0848
-87.0757
-87.0665
-87.0571
-87.0476
-87.038
-87.0282
-87.0182
-87.008
-86.9977
-86.9872
-86.9766
-86.9657
-86.9547
-86.9435
-86.9321
-86.9205
-86.9088
-86.8968
-86.8846
-86.8723
-86.8597
-86.8469
-86.8339
-86.8208
-86.8074
-86.7938
-86.78
-86.7659
-86.7517
-86.7373
-86.7226
-86.7077
-86.6926
-86.6773
-86.6617
-86.6459
-86.6299
-86.6137
-86.5973
-86.5806
-86.5637
-86.5466
-86.5292
-86.5117
-86.4938
-86.4758
-86.4575
-86.439
-86.4203
-86.4013
-86.3821
-86.3627
-86.343
-86.3231
-86.3029
-86.2825
-86.2619
-86.241
-86.2199
-86.1986
-86.177
-86.1552
-86.1331
-86.1108
-86.0883
-86.0655
-86.0425
-86.0192
-85.9957
-85.9719
-85.9479
-85.9236
-85.8991
-85.8744
-85.8494
-85.8241
-85.7986
-85.7729
-85.7469
-85.7206
-85.6941
-85.6673
-85.6403
-85.613
-85.5855
-85.5577
-85.5296
-85.5013
-85.4727
-85.4439
-85.4148
-85.3854
-85.3558
-85.3258
-85.2957
-85.2652
-85.2345
-85.2035
-85.1722
-85.1406
-85.1088
-85.0767
-85.0443
-85.0116
-84.9786
-84.9454
-84.9118
-84.878
-84.8438
-84.8094
-84.7746
-84.7396
-84.7042
-84.6686
-84.6326
-84.5963
-84.5597
-84.5228
-84.4856
-84.448
-84.4101
-84.3718
-84.3333
-84.2944
-84.2551
-84.2155
-84.1755
-84.1352
-84.0945
-84.0535
-84.0121
-83.9703
-83.9281
-83.8856
-83.8426
-83.7993
-83.7556
-83.7114
-83.6668
-83.6219
-83.5765
-83.5306
-83.4843
-83.4376
-83.3904
-83.3428
-83.2946
-83.246
-83.197
-83.1474
-83.0973
-83.0467
-82.9955
-82.9439
-82.8917
-82.8389
-82.7855
-82.7316
-82.6771
-82.6219
-82.5662
-82.5098
-82.4528
-82.395
-82.3366
-82.2776
-82.2177
-82.1572
-82.0959
-82.0338
-81.9709
-81.9072
-81.8427
-81.7773
-81.711
-81.6438
-81.5756
-81.5065
-81.4363
-81.3651
-81.2929
-81.2195
-81.145
-81.0693
-80.9924
-80.9141
-80.8346
-80.7537
-80.6714
-80.5876
-80.5022
-80.4152
-80.3266
-80.2362
-80.1439
-80.0498
-79.9536
-79.8554
-79.7549
-79.6522
-79.547
-79.4392
-79.3287
-79.2154
-79.099
-78.9794
-78.8564
-78.7298
-78.5993
-78.4646
-78.3255
-78.1817
-78.0328
-77.8783
-77.7178
-77.5508
-77.3768
-77.195
-77.0046
-76.8049
-76.5948
-76.373
-76.1382
-75.8886
-75.6223
-75.3368
-75.0289
-74.695
-74.3299
-73.9275
-73.479
-72.973
-72.3926
-71.7133
-70.8961
-69.8755
-68.5288
-66.592
-63.3491
-55.9088
-22.5034
46.386
49.3782
44.8574
30.9753
9.79219
-4.93039
-15.8931
-26.8788
-36.578
-56.8913
-90.6372
-94.6835
-94.8874
-94.8512
-94.7482
-94.5872
-94.3737
-94.121
-93.8455
-93.5611
-93.2773
-93
-92.7323
-92.4755
-92.2301
-91.996
-91.7729
-91.5604
-91.3579
-91.1649
-90.9811
-90.8059
-90.6389
-90.4797
-90.3279
-90.1832
-90.0452
-89.9135
-89.7879
-89.6681
-89.5538
-89.4447
-89.3406
-89.2413
-89.1464
-89.0559
-88.9695
-88.8871
-88.8083
-88.7332
-88.6614
-88.5929
-88.5275
-88.4651
-88.4054
-88.3485
-88.2941
-88.2422
-88.1926
-88.1452
-88.1
-88.0568
-88.0156
-87.9762
-87.9385
-87.9025
-87.8682
-87.8354
-87.804
-87.774
-87.7454
-87.718
-87.6918
-87.6667
-87.6427
-87.6198
-87.5979
-87.5769
-87.5567
-87.5374
-87.519
-87.5012
-87.4842
-87.4679
-87.4522
-87.4371
-87.4226
-87.4087
-87.3952
-87.3822
-87.3697
-87.3576
-87.3459
-87.3346
-87.3236
-87.313
-87.3026
-87.2925
-87.2827
-87.2731
-87.2638
-87.2546
-87.2456
-87.2368
-87.2282
-87.2196
-87.2112
-87.2029
-87.1947
-87.1865
-87.1784
-87.1704
-87.1623
-87.1544
-87.1464
-87.1384
-87.1305
-87.1225
-87.1145
-87.1064
-87.0983
-87.0902
-87.0819
-87.0737
-87.0653
-87.0569
-87.0484
-87.0397
-87.031
-87.0222
-87.0132
-87.0042
-86.995
-86.9856
-86.9762
-86.9666
-86.9568
-86.947
-86.9369
-86.9267
-86.9164
-86.9058
-86.8951
-86.8843
-86.8732
-86.862
-86.8506
-86.839
-86.8273
-86.8153
-86.8032
-86.7908
-86.7783
-86.7656
-86.7526
-86.7395
-86.7262
-86.7126
-86.6989
-86.6849
-86.6708
-86.6564
-86.6418
-86.627
-86.612
-86.5968
-86.5813
-86.5656
-86.5497
-86.5336
-86.5173
-86.5007
-86.4839
-86.4669
-86.4497
-86.4322
-86.4145
-86.3966
-86.3785
-86.3601
-86.3415
-86.3226
-86.3035
-86.2842
-86.2647
-86.2449
-86.2249
-86.2046
-86.1842
-86.1634
-86.1425
-86.1213
-86.0998
-86.0781
-86.0562
-86.0341
-86.0117
-85.989
-85.9661
-85.943
-85.9196
-85.896
-85.8721
-85.848
-85.8236
-85.799
-85.7741
-85.749
-85.7237
-85.6981
-85.6722
-85.6461
-85.6197
-85.5931
-85.5662
-85.539
-85.5116
-85.4839
-85.456
-85.4278
-85.3994
-85.3707
-85.3417
-85.3124
-85.2829
-85.2531
-85.2231
-85.1927
-85.1621
-85.1312
-85.1001
-85.0686
-85.0369
-85.0049
-84.9726
-84.94
-84.9072
-84.874
-84.8406
-84.8068
-84.7728
-84.7384
-84.7038
-84.6688
-84.6335
-84.598
-84.5621
-84.5259
-84.4893
-84.4525
-84.4153
-84.3778
-84.34
-84.3018
-84.2633
-84.2244
-84.1852
-84.1457
-84.1057
-84.0655
-84.0248
-83.9838
-83.9424
-83.9007
-83.8585
-83.816
-83.7731
-83.7297
-83.686
-83.6418
-83.5973
-83.5523
-83.5068
-83.461
-83.4147
-83.3679
-83.3207
-83.273
-83.2248
-83.1761
-83.127
-83.0773
-83.0271
-82.9764
-82.9252
-82.8734
-82.8211
-82.7682
-82.7147
-82.6606
-82.6059
-82.5506
-82.4947
-82.4381
-82.3809
-82.3229
-82.2643
-82.205
-82.1449
-82.0841
-82.0225
-81.9601
-81.8969
-81.8329
-81.768
-81.7022
-81.6355
-81.5679
-81.4993
-81.4297
-81.3591
-81.2874
-81.2146
-81.1406
-81.0655
-80.9892
-80.9116
-80.8327
-80.7524
-80.6707
-80.5876
-80.5029
-80.4166
-80.3287
-80.239
-80.1475
-80.0541
-79.9588
-79.8613
-79.7617
-79.6598
-79.5555
-79.4487
-79.3392
-79.2268
-79.1115
-78.993
-78.8711
-78.7457
-78.6165
-78.4831
-78.3455
-78.2031
-78.0557
-77.9029
-77.7442
-77.5792
-77.4072
-77.2276
-77.0397
-76.8426
-76.6353
-76.4167
-76.1855
-75.9399
-75.6781
-75.3976
-75.0957
-74.7686
-74.4117
-74.0191
-73.5828
-73.0919
-72.5313
-71.8784
-71.0987
-70.1344
-68.881
-67.1217
-64.3055
-58.4561
-36.5015
41.1381
49.4287
45.2745
32.1477
11.2924
-3.92529
-14.993
-25.9096
-35.6068
-54.5015
-89.1715
-94.5956
-94.8779
-94.857
-94.765
-94.6152
-94.4122
-94.1679
-93.8976
-93.6154
-93.3315
-93.0527
-92.7824
-92.5227
-92.2741
-92.0368
-91.8105
-91.5949
-91.3894
-91.1937
-91.0071
-90.8294
-90.66
-90.4985
-90.3446
-90.1978
-90.0578
-89.9243
-89.7969
-89.6754
-89.5595
-89.4489
-89.3433
-89.2426
-89.1465
-89.0547
-88.9671
-88.8835
-88.8036
-88.7274
-88.6547
-88.5852
-88.5189
-88.4555
-88.3951
-88.3373
-88.2822
-88.2295
-88.1792
-88.1312
-88.0854
-88.0416
-87.9997
-87.9598
-87.9216
-87.8852
-87.8503
-87.8171
-87.7853
-87.7549
-87.7258
-87.6981
-87.6715
-87.6462
-87.6219
-87.5987
-87.5764
-87.5552
-87.5348
-87.5153
-87.4966
-87.4787
-87.4615
-87.445
-87.4291
-87.4139
-87.3993
-87.3852
-87.3716
-87.3586
-87.346
-87.3338
-87.322
-87.3106
-87.2996
-87.2889
-87.2785
-87.2684
-87.2586
-87.249
-87.2396
-87.2304
-87.2215
-87.2127
-87.204
-87.1955
-87.1871
-87.1788
-87.1707
-87.1626
-87.1545
-87.1465
-87.1386
-87.1307
-87.1228
-87.1149
-87.107
-87.0991
-87.0912
-87.0832
-87.0752
-87.0672
-87.0591
-87.0509
-87.0427
-87.0344
-87.026
-87.0175
-87.0089
-87.0002
-86.9914
-86.9824
-86.9734
-86.9642
-86.9549
-86.9454
-86.9358
-86.9261
-86.9162
-86.9061
-86.8959
-86.8856
-86.875
-86.8643
-86.8534
-86.8424
-86.8312
-86.8198
-86.8082
-86.7964
-86.7844
-86.7722
-86.7599
-86.7473
-86.7346
-86.7216
-86.7085
-86.6951
-86.6816
-86.6678
-86.6538
-86.6396
-86.6252
-86.6106
-86.5958
-86.5807
-86.5655
-86.55
-86.5343
-86.5184
-86.5022
-86.4858
-86.4693
-86.4524
-86.4354
-86.4181
-86.4007
-86.3829
-86.365
-86.3468
-86.3284
-86.3098
-86.2909
-86.2718
-86.2524
-86.2329
-86.2131
-86.193
-86.1728
-86.1522
-86.1315
-86.1105
-86.0893
-86.0678
-86.0461
-86.0242
-86.002
-85.9795
-85.9569
-85.934
-85.9108
-85.8874
-85.8638
-85.8399
-85.8157
-85.7913
-85.7667
-85.7418
-85.7167
-85.6913
-85.6657
-85.6398
-85.6136
-85.5872
-85.5606
-85.5337
-85.5065
-85.4791
-85.4514
-85.4234
-85.3952
-85.3668
-85.338
-85.309
-85.2798
-85.2502
-85.2204
-85.1903
-85.16
-85.1294
-85.0985
-85.0673
-85.0358
-85.0041
-84.972
-84.9397
-84.9071
-84.8742
-84.8411
-84.8076
-84.7738
-84.7398
-84.7054
-84.6707
-84.6357
-84.6004
-84.5648
-84.5289
-84.4927
-84.4562
-84.4193
-84.3821
-84.3445
-84.3067
-84.2685
-84.2299
-84.191
-84.1518
-84.1122
-84.0723
-84.032
-83.9913
-83.9502
-83.9088
-83.867
-83.8248
-83.7823
-83.7393
-83.6959
-83.6521
-83.6079
-83.5633
-83.5183
-83.4728
-83.4268
-83.3805
-83.3337
-83.2864
-83.2386
-83.1904
-83.1416
-83.0924
-83.0427
-82.9924
-82.9416
-82.8903
-82.8384
-82.786
-82.733
-82.6794
-82.6253
-82.5705
-82.5151
-82.459
-82.4023
-82.3449
-82.2869
-82.2281
-82.1686
-82.1084
-82.0475
-81.9857
-81.9231
-81.8598
-81.7956
-81.7305
-81.6645
-81.5976
-81.5297
-81.4609
-81.3911
-81.3202
-81.2482
-81.1751
-81.1009
-81.0255
-80.9488
-80.8709
-80.7916
-80.711
-80.6289
-80.5453
-80.4602
-80.3735
-80.285
-80.1948
-80.1028
-80.0089
-79.9129
-79.8148
-79.7145
-79.6119
-79.5068
-79.3992
-79.2888
-79.1755
-79.0592
-78.9396
-78.8166
-78.69
-78.5594
-78.4247
-78.2855
-78.1415
-77.9923
-77.8375
-77.6767
-77.5093
-77.3348
-77.1524
-76.9613
-76.7608
-76.5497
-76.3268
-76.0906
-75.8394
-75.5712
-75.2834
-74.9728
-74.6355
-74.2663
-73.8587
-73.4039
-72.8895
-72.298
-71.6033
-70.7639
-69.7088
-68.3036
-66.2508
-62.7112
-54.0334
-11.6332
49.4834
49.4418
44.8234
30.5252
8.97056
-5.57251
-16.5006
-27.5383
-37.6858
-59.6138
-91.6739
-94.7261
-94.8853
-94.8406
-94.7298
-94.5606
-94.3398
-94.0817
-93.8029
-93.5168
-93.2326
-92.9556
-92.6886
-92.4329
-92.1887
-91.9559
-91.7341
-91.5229
-91.3218
-91.1303
-90.9479
-90.7741
-90.6086
-90.4509
-90.3005
-90.1573
-90.0208
-89.8906
-89.7665
-89.6482
-89.5354
-89.4278
-89.3253
-89.2274
-89.1341
-89.0452
-88.9603
-88.8793
-88.8021
-88.7285
-88.6582
-88.5912
-88.5273
-88.4663
-88.4082
-88.3527
-88.2998
-88.2494
-88.2012
-88.1553
-88.1116
-88.0698
-88.03
-87.992
-87.9557
-87.9212
-87.8882
-87.8568
-87.8268
-87.7981
-87.7708
-87.7448
-87.7199
-87.6962
-87.6735
-87.6519
-87.6312
-87.6115
-87.5926
-87.5746
-87.5574
-87.5409
-87.5251
-87.51
-87.4955
-87.4816
-87.4683
-87.4555
-87.4432
-87.4314
-87.42
-87.4091
-87.3985
-87.3883
-87.3784
-87.3689
-87.3596
-87.3506
-87.3419
-87.3333
-87.325
-87.3169
-87.309
-87.3012
-87.2935
-87.286
-87.2786
-87.2712
-87.264
-87.2568
-87.2497
-87.2426
-87.2355
-87.2285
-87.2215
-87.2144
-87.2074
-87.2003
-87.1932
-87.1861
-87.1789
-87.1716
-87.1643
-87.1569
-87.1494
-87.1418
-87.1341
-87.1264
-87.1185
-87.1105
-87.1024
-87.0942
-87.0858
-87.0773
-87.0687
-87.0599
-87.0509
-87.0419
-87.0326
-87.0232
-87.0136
-87.0039
-86.994
-86.9839
-86.9736
-86.9632
-86.9526
-86.9418
-86.9308
-86.9196
-86.9082
-86.8966
-86.8849
-86.8729
-86.8607
-86.8483
-86.8357
-86.8229
-86.8099
-86.7967
-86.7833
-86.7697
-86.7558
-86.7418
-86.7275
-86.713
-86.6983
-86.6834
-86.6682
-86.6528
-86.6372
-86.6214
-86.6054
-86.5891
-86.5726
-86.5559
-86.5389
-86.5218
-86.5044
-86.4867
-86.4689
-86.4508
-86.4325
-86.4139
-86.3951
-86.3761
-86.3569
-86.3374
-86.3177
-86.2977
-86.2775
-86.2571
-86.2364
-86.2155
-86.1944
-86.173
-86.1514
-86.1296
-86.1075
-86.0852
-86.0626
-86.0398
-86.0168
-85.9935
-85.9699
-85.9462
-85.9222
-85.8979
-85.8734
-85.8486
-85.8236
-85.7984
-85.7729
-85.7472
-85.7212
-85.6949
-85.6684
-85.6417
-85.6147
-85.5874
-85.5599
-85.5322
-85.5042
-85.4759
-85.4474
-85.4186
-85.3895
-85.3602
-85.3306
-85.3008
-85.2706
-85.2403
-85.2096
-85.1787
-85.1475
-85.116
-85.0843
-85.0522
-85.0199
-84.9873
-84.9545
-84.9213
-84.8879
-84.8541
-84.8201
-84.7858
-84.7512
-84.7162
-84.681
-84.6455
-84.6096
-84.5735
-84.537
-84.5003
-84.4632
-84.4258
-84.388
-84.35
-84.3115
-84.2728
-84.2337
-84.1943
-84.1545
-84.1144
-84.0739
-84.0331
-83.9919
-83.9503
-83.9083
-83.866
-83.8233
-83.7802
-83.7367
-83.6928
-83.6484
-83.6037
-83.5585
-83.513
-83.4669
-83.4205
-83.3736
-83.3262
-83.2784
-83.2301
-83.1813
-83.132
-83.0822
-83.0319
-82.9811
-82.9297
-82.8779
-82.8254
-82.7724
-82.7188
-82.6647
-82.6099
-82.5545
-82.4985
-82.4419
-82.3845
-82.3265
-82.2679
-82.2085
-82.1484
-82.0875
-82.0259
-81.9634
-81.9002
-81.8361
-81.7712
-81.7054
-81.6387
-81.5711
-81.5025
-81.4329
-81.3622
-81.2906
-81.2178
-81.1439
-81.0688
-80.9925
-80.9149
-80.8361
-80.7558
-80.6742
-80.5911
-80.5065
-80.4203
-80.3324
-80.2429
-80.1515
-80.0582
-79.963
-79.8657
-79.7662
-79.6645
-79.5603
-79.4536
-79.3443
-79.2322
-79.117
-78.9988
-78.8772
-78.752
-78.623
-78.49
-78.3526
-78.2106
-78.0636
-77.9112
-77.7529
-77.5884
-77.4169
-77.2379
-77.0506
-76.8542
-76.6477
-76.4299
-76.1996
-75.955
-75.6944
-75.4153
-75.1149
-74.7897
-74.435
-74.0449
-73.6118
-73.1249
-72.5695
-71.9235
-71.1533
-70.2033
-68.9732
-67.2568
-64.5388
-59.0211
-39.2955
38.9563
49.4801
45.544
32.7694
11.978
-3.52444
-14.654
-25.5487
-35.3807
-53.9359
-88.6923
-94.5594
-94.8725
-94.8572
-94.7677
-94.6202
-94.4191
-94.176
-93.9061
-93.6235
-93.3388
-93.0587
-92.7871
-92.5259
-92.2759
-92.0371
-91.8095
-91.5925
-91.3858
-91.1888
-91.0012
-90.8224
-90.652
-90.4896
-90.3347
-90.1871
-90.0463
-89.9121
-89.784
-89.6619
-89.5453
-89.4341
-89.328
-89.2268
-89.1302
-89.038
-88.95
-88.866
-88.7858
-88.7093
-88.6363
-88.5666
-88.5
-88.4364
-88.3758
-88.3179
-88.2626
-88.2098
-88.1594
-88.1113
-88.0654
-88.0215
-87.9797
-87.9397
-87.9015
-87.8651
-87.8303
-87.797
-87.7653
-87.7349
-87.706
-87.6783
-87.6518
-87.6266
-87.6024
-87.5793
-87.5572
-87.5361
-87.5158
-87.4965
-87.478
-87.4602
-87.4432
-87.4269
-87.4112
-87.3962
-87.3818
-87.3679
-87.3546
-87.3417
-87.3293
-87.3174
-87.3059
-87.2947
-87.2839
-87.2735
-87.2634
-87.2535
-87.2439
-87.2346
-87.2255
-87.2167
-87.208
-87.1994
-87.1911
-87.1829
-87.1748
-87.1668
-87.1589
-87.1511
-87.1434
-87.1357
-87.1281
-87.1205
-87.1129
-87.1054
-87.0978
-87.0902
-87.0826
-87.075
-87.0673
-87.0596
-87.0518
-87.044
-87.0361
-87.0281
-87.0201
-87.0119
-87.0036
-86.9953
-86.9868
-86.9782
-86.9695
-86.9607
-86.9517
-86.9426
-86.9334
-86.924
-86.9145
-86.9048
-86.8949
-86.8849
-86.8748
-86.8644
-86.8539
-86.8432
-86.8324
-86.8213
-86.8101
-86.7987
-86.7871
-86.7753
-86.7633
-86.7511
-86.7387
-86.7262
-86.7134
-86.7004
-86.6872
-86.6738
-86.6602
-86.6464
-86.6324
-86.6182
-86.6037
-86.5891
-86.5742
-86.5591
-86.5438
-86.5283
-86.5125
-86.4966
-86.4804
-86.464
-86.4473
-86.4305
-86.4134
-86.3961
-86.3785
-86.3608
-86.3428
-86.3245
-86.3061
-86.2874
-86.2685
-86.2493
-86.23
-86.2103
-86.1905
-86.1704
-86.1501
-86.1295
-86.1087
-86.0877
-86.0664
-86.0449
-86.0232
-86.0012
-85.979
-85.9565
-85.9338
-85.9109
-85.8877
-85.8643
-85.8406
-85.8167
-85.7925
-85.7681
-85.7434
-85.7185
-85.6934
-85.668
-85.6423
-85.6164
-85.5902
-85.5638
-85.5372
-85.5103
-85.4831
-85.4557
-85.428
-85.4
-85.3718
-85.3433
-85.3146
-85.2856
-85.2563
-85.2268
-85.197
-85.1669
-85.1366
-85.106
-85.0751
-85.0439
-85.0125
-84.9808
-84.9488
-84.9165
-84.8839
-84.8511
-84.8179
-84.7845
-84.7507
-84.7167
-84.6824
-84.6477
-84.6128
-84.5776
-84.542
-84.5061
-84.47
-84.4335
-84.3966
-84.3595
-84.322
-84.2842
-84.2461
-84.2076
-84.1687
-84.1296
-84.09
-84.0502
-84.0099
-83.9693
-83.9284
-83.887
-83.8453
-83.8032
-83.7607
-83.7178
-83.6745
-83.6308
-83.5867
-83.5422
-83.4972
-83.4518
-83.406
-83.3597
-83.313
-83.2658
-83.2182
-83.17
-83.1214
-83.0723
-83.0227
-82.9725
-82.9219
-82.8707
-82.8189
-82.7666
-82.7137
-82.6603
-82.6062
-82.5516
-82.4963
-82.4404
-82.3838
-82.3265
-82.2686
-82.21
-82.1507
-82.0906
-82.0298
-81.9682
-81.9058
-81.8425
-81.7785
-81.7135
-81.6477
-81.581
-81.5133
-81.4446
-81.3749
-81.3042
-81.2324
-81.1595
-81.0854
-81.0102
-80.9337
-80.856
-80.7769
-80.6964
-80.6145
-80.5311
-80.4462
-80.3596
-80.2714
-80.1814
-80.0896
-79.9958
-79.9001
-79.8022
-79.7021
-79.5997
-79.4948
-79.3873
-79.2772
-79.1641
-79.048
-78.9287
-78.8059
-78.6795
-78.5491
-78.4146
-78.2756
-78.1318
-77.9829
-77.8284
-77.6678
-77.5006
-77.3263
-77.1441
-76.9533
-76.753
-76.5421
-76.3195
-76.0835
-75.8326
-75.5646
-75.277
-74.9666
-74.6295
-74.2605
-73.8531
-73.3984
-72.884
-72.2925
-71.5977
-70.7578
-69.702
-68.2951
-66.2384
-62.6878
-53.9574
-11.1856
49.5156
49.4439
44.8207
30.5024
8.93137
-5.60256
-16.529
-27.5689
-37.739
-59.7456
-91.714
-94.7276
-94.8849
-94.8397
-94.7283
-94.5583
-94.3365
-94.0776
-93.7979
-93.5109
-93.2259
-92.9481
-92.6804
-92.424
-92.1792
-91.9458
-91.7235
-91.5118
-91.3103
-91.1184
-90.9356
-90.7615
-90.5957
-90.4377
-90.2872
-90.1437
-90.007
-89.8767
-89.7525
-89.6341
-89.5212
-89.4136
-89.311
-89.2132
-89.1199
-89.0309
-88.9461
-88.8652
-88.7881
-88.7145
-88.6444
-88.5775
-88.5137
-88.4529
-88.3949
-88.3396
-88.2868
-88.2366
-88.1886
-88.1429
-88.0993
-88.0578
-88.0182
-87.9804
-87.9444
-87.9101
-87.8774
-87.8462
-87.8165
-87.7881
-87.7611
-87.7353
-87.7107
-87.6873
-87.6649
-87.6436
-87.6232
-87.6038
-87.5853
-87.5675
-87.5506
-87.5344
-87.519
-87.5042
-87.49
-87.4765
-87.4635
-87.4511
-87.4391
-87.4276
-87.4166
-87.406
-87.3957
-87.3859
-87.3763
-87.3671
-87.3582
-87.3496
-87.3412
-87.333
-87.325
-87.3173
-87.3097
-87.3022
-87.2949
-87.2878
-87.2807
-87.2737
-87.2668
-87.26
-87.2533
-87.2465
-87.2398
-87.2331
-87.2265
-87.2198
-87.2131
-87.2064
-87.1997
-87.1929
-87.186
-87.1791
-87.1722
-87.1651
-87.158
-87.1508
-87.1435
-87.1361
-87.1286
-87.121
-87.1132
-87.1054
-87.0974
-87.0892
-87.0809
-87.0725
-87.064
-87.0552
-87.0464
-87.0373
-87.0281
-87.0188
-87.0092
-86.9995
-86.9896
-86.9795
-86.9693
-86.9589
-86.9482
-86.9374
-86.9264
-86.9152
-86.9038
-86.8922
-86.8804
-86.8684
-86.8562
-86.8438
-86.8311
-86.8183
-86.8053
-86.792
-86.7786
-86.7649
-86.751
-86.7369
-86.7226
-86.708
-86.6932
-86.6783
-86.6631
-86.6476
-86.632
-86.6161
-86.6
-86.5837
-86.5671
-86.5503
-86.5333
-86.5161
-86.4987
-86.481
-86.4631
-86.4449
-86.4265
-86.4079
-86.3891
-86.37
-86.3507
-86.3312
-86.3114
-86.2914
-86.2712
-86.2507
-86.23
-86.2091
-86.1879
-86.1665
-86.1449
-86.123
-86.1009
-86.0785
-86.0559
-86.0331
-86.01
-85.9867
-85.9631
-85.9393
-85.9153
-85.891
-85.8665
-85.8417
-85.8167
-85.7915
-85.766
-85.7402
-85.7142
-85.688
-85.6615
-85.6348
-85.6078
-85.5805
-85.553
-85.5253
-85.4973
-85.469
-85.4405
-85.4117
-85.3827
-85.3534
-85.3239
-85.294
-85.264
-85.2336
-85.203
-85.1721
-85.141
-85.1095
-85.0778
-85.0459
-85.0136
-84.9811
-84.9483
-84.9152
-84.8818
-84.8481
-84.8142
-84.7799
-84.7454
-84.7105
-84.6754
-84.64
-84.6042
-84.5682
-84.5318
-84.4951
-84.4581
-84.4208
-84.3832
-84.3452
-84.3069
-84.2683
-84.2294
-84.1901
-84.1504
-84.1104
-84.0701
-84.0294
-83.9883
-83.9469
-83.9051
-83.8629
-83.8203
-83.7774
-83.734
-83.6903
-83.6461
-83.6016
-83.5566
-83.5112
-83.4654
-83.4191
-83.3724
-83.3252
-83.2776
-83.2295
-83.1809
-83.1319
-83.0823
-83.0323
-82.9817
-82.9306
-82.8789
-82.8268
-82.774
-82.7207
-82.6668
-82.6123
-82.5572
-82.5015
-82.4452
-82.3882
-82.3305
-82.2721
-82.2131
-82.1533
-82.0928
-82.0315
-81.9694
-81.9066
-81.8429
-81.7784
-81.713
-81.6467
-81.5795
-81.5113
-81.4421
-81.372
-81.3008
-81.2285
-81.1551
-81.0805
-81.0047
-80.9277
-80.8494
-80.7698
-80.6888
-80.6063
-80.5224
-80.4368
-80.3497
-80.2608
-80.1702
-80.0777
-79.9833
-79.8868
-79.7883
-79.6874
-79.5843
-79.4786
-79.3703
-79.2593
-79.1453
-79.0283
-78.908
-78.7842
-78.6567
-78.5252
-78.3895
-78.2492
-78.1041
-77.9536
-77.7976
-77.6353
-77.4663
-77.2901
-77.1058
-76.9126
-76.7098
-76.496
-76.2702
-76.0308
-75.7759
-75.5034
-75.2105
-74.894
-74.5497
-74.1722
-73.7543
-73.2865
-72.7556
-72.1422
-71.4174
-70.5343
-69.4108
-67.8866
-65.5893
-61.3782
-49.4613
12.823
49.8753
48.6108
41.069
22.9894
2.65487
-9.87223
-20.4169
-31.3601
-44.8306
-76.039
-93.8479
-94.8206
-94.8693
-94.8016
-94.6714
-94.4847
-94.251
-93.9855
-93.7034
-93.4167
-93.1332
-92.8574
-92.5919
-92.3375
-92.0945
-91.8628
-91.642
-91.4316
-91.2313
-91.0405
-90.8587
-90.6856
-90.5206
-90.3634
-90.2135
-90.0707
-89.9346
-89.8049
-89.6812
-89.5632
-89.4507
-89.3435
-89.2412
-89.1436
-89.0506
-88.9619
-88.8772
-88.7965
-88.7195
-88.6461
-88.5761
-88.5093
-88.4456
-88.3848
-88.3268
-88.2716
-88.2188
-88.1686
-88.1206
-88.0749
-88.0313
-87.9897
-87.9501
-87.9123
-87.8762
-87.8419
-87.8091
-87.7778
-87.748
-87.7196
-87.6925
-87.6666
-87.642
-87.6184
-87.596
-87.5746
-87.5541
-87.5346
-87.516
-87.4982
-87.4812
-87.4649
-87.4494
-87.4345
-87.4203
-87.4066
-87.3936
-87.3811
-87.369
-87.3575
-87.3464
-87.3357
-87.3254
-87.3155
-87.3059
-87.2966
-87.2876
-87.2789
-87.2705
-87.2622
-87.2542
-87.2464
-87.2388
-87.2313
-87.224
-87.2167
-87.2097
-87.2026
-87.1957
-87.1889
-87.1821
-87.1753
-87.1686
-87.1619
-87.1552
-87.1485
-87.1418
-87.1351
-87.1284
-87.1216
-87.1147
-87.1078
-87.1009
-87.0938
-87.0867
-87.0795
-87.0722
-87.0648
-87.0573
-87.0497
-87.042
-87.0341
-87.0261
-87.018
-87.0098
-87.0014
-86.9928
-86.9841
-86.9753
-86.9663
-86.9571
-86.9478
-86.9383
-86.9286
-86.9187
-86.9087
-86.8985
-86.8881
-86.8775
-86.8667
-86.8557
-86.8446
-86.8332
-86.8216
-86.8099
-86.7979
-86.7858
-86.7734
-86.7608
-86.748
-86.735
-86.7218
-86.7084
-86.6948
-86.6809
-86.6669
-86.6526
-86.6381
-86.6234
-86.6084
-86.5933
-86.5779
-86.5623
-86.5465
-86.5304
-86.5141
-86.4976
-86.4809
-86.464
-86.4468
-86.4294
-86.4117
-86.3939
-86.3758
-86.3575
-86.3389
-86.3201
-86.3011
-86.2818
-86.2624
-86.2426
-86.2227
-86.2025
-86.1821
-86.1614
-86.1405
-86.1194
-86.098
-86.0764
-86.0546
-86.0325
-86.0102
-85.9876
-85.9649
-85.9418
-85.9185
-85.895
-85.8713
-85.8473
-85.823
-85.7985
-85.7738
-85.7488
-85.7236
-85.6981
-85.6724
-85.6464
-85.6202
-85.5937
-85.567
-85.5401
-85.5128
-85.4854
-85.4576
-85.4296
-85.4014
-85.3729
-85.3441
-85.3151
-85.2858
-85.2563
-85.2265
-85.1964
-85.166
-85.1354
-85.1045
-85.0734
-85.0419
-85.0102
-84.9782
-84.946
-84.9134
-84.8806
-84.8475
-84.8141
-84.7804
-84.7464
-84.7121
-84.6775
-84.6427
-84.6075
-84.572
-84.5362
-84.5001
-84.4637
-84.427
-84.3899
-84.3525
-84.3148
-84.2768
-84.2384
-84.1997
-84.1607
-84.1213
-84.0816
-84.0415
-84.001
-83.9602
-83.919
-83.8775
-83.8356
-83.7933
-83.7506
-83.7075
-83.664
-83.6201
-83.5758
-83.5311
-83.486
-83.4404
-83.3944
-83.3479
-83.301
-83.2536
-83.2058
-83.1575
-83.1087
-83.0594
-83.0096
-82.9593
-82.9084
-82.857
-82.8051
-82.7526
-82.6996
-82.646
-82.5917
-82.5369
-82.4814
-82.4253
-82.3686
-82.3112
-82.2531
-82.1943
-82.1348
-82.0745
-82.0135
-81.9517
-81.8891
-81.8257
-81.7615
-81.6964
-81.6303
-81.5634
-81.4955
-81.4266
-81.3567
-81.2858
-81.2138
-81.1407
-81.0664
-80.9909
-80.9142
-80.8362
-80.7569
-80.6761
-80.594
-80.5103
-80.4251
-80.3382
-80.2497
-80.1594
-80.0672
-79.9731
-79.877
-79.7787
-79.6782
-79.5754
-79.4701
-79.3621
-79.2515
-79.1379
-79.0212
-78.9012
-78.7778
-78.6507
-78.5196
-78.3843
-78.2445
-78.0998
-77.9498
-77.7942
-77.6325
-77.464
-77.2883
-77.1046
-76.9121
-76.7098
-76.4968
-76.2717
-76.033
-75.779
-75.5074
-75.2157
-74.9004
-74.5574
-74.1814
-73.7654
-73.2999
-72.7718
-72.162
-71.4421
-70.5658
-69.453
-67.9473
-65.688
-61.5838
-50.2142
9.24397
49.8777
48.8694
42.0324
24.6536
3.77508
-9.07517
-19.678
-30.6846
-43.4691
-73.2231
-93.6665
-94.8115
-94.8719
-94.8072
-94.6796
-94.4948
-94.2623
-93.9973
-93.715
-93.4279
-93.1437
-92.8674
-92.6012
-92.3463
-92.1028
-91.8706
-91.6494
-91.4387
-91.2381
-91.047
-90.865
-90.6916
-90.5264
-90.3691
-90.2192
-90.0763
-89.9401
-89.8103
-89.6866
-89.5686
-89.4562
-89.349
-89.2468
-89.1493
-89.0564
-88.9678
-88.8833
-88.8027
-88.7259
-88.6526
-88.5827
-88.5161
-88.4526
-88.392
-88.3343
-88.2792
-88.2268
-88.1767
-88.129
-88.0835
-88.0402
-87.9989
-87.9595
-87.9219
-87.8861
-87.852
-87.8195
-87.7885
-87.759
-87.7309
-87.704
-87.6785
-87.6541
-87.6309
-87.6087
-87.5876
-87.5674
-87.5482
-87.5298
-87.5123
-87.4956
-87.4797
-87.4644
-87.4498
-87.4359
-87.4225
-87.4098
-87.3975
-87.3858
-87.3745
-87.3637
-87.3533
-87.3433
-87.3337
-87.3244
-87.3154
-87.3067
-87.2983
-87.2901
-87.2822
-87.2744
-87.2669
-87.2595
-87.2523
-87.2453
-87.2383
-87.2315
-87.2248
-87.2181
-87.2116
-87.205
-87.1986
-87.1921
-87.1857
-87.1793
-87.1728
-87.1664
-87.1599
-87.1534
-87.1469
-87.1403
-87.1337
-87.127
-87.1202
-87.1133
-87.1064
-87.0994
-87.0922
-87.085
-87.0776
-87.0701
-87.0625
-87.0548
-87.0469
-87.0389
-87.0308
-87.0225
-87.014
-87.0054
-86.9967
-86.9877
-86.9786
-86.9694
-86.9599
-86.9503
-86.9405
-86.9306
-86.9204
-86.9101
-86.8995
-86.8888
-86.8779
-86.8667
-86.8554
-86.8439
-86.8322
-86.8203
-86.8081
-86.7958
-86.7833
-86.7705
-86.7575
-86.7444
-86.731
-86.7174
-86.7035
-86.6895
-86.6753
-86.6608
-86.6461
-86.6312
-86.616
-86.6007
-86.5851
-86.5693
-86.5533
-86.537
-86.5205
-86.5038
-86.4869
-86.4697
-86.4524
-86.4347
-86.4169
-86.3988
-86.3805
-86.362
-86.3432
-86.3242
-86.305
-86.2855
-86.2659
-86.2459
-86.2258
-86.2054
-86.1848
-86.1639
-86.1428
-86.1215
-86.0999
-86.0781
-86.0561
-86.0338
-86.0113
-85.9885
-85.9656
-85.9423
-85.9189
-85.8951
-85.8712
-85.847
-85.8226
-85.7979
-85.773
-85.7478
-85.7224
-85.6967
-85.6708
-85.6447
-85.6183
-85.5916
-85.5647
-85.5376
-85.5102
-85.4825
-85.4546
-85.4265
-85.398
-85.3694
-85.3404
-85.3112
-85.2818
-85.2521
-85.2221
-85.1919
-85.1613
-85.1306
-85.0995
-85.0682
-85.0366
-85.0047
-84.9726
-84.9402
-84.9075
-84.8745
-84.8412
-84.8076
-84.7738
-84.7397
-84.7052
-84.6705
-84.6355
-84.6002
-84.5645
-84.5286
-84.4923
-84.4558
-84.4189
-84.3817
-84.3442
-84.3064
-84.2682
-84.2297
-84.1908
-84.1517
-84.1121
-84.0723
-84.032
-83.9915
-83.9505
-83.9092
-83.8675
-83.8255
-83.783
-83.7402
-83.697
-83.6534
-83.6093
-83.5649
-83.5201
-83.4748
-83.4291
-83.3829
-83.3363
-83.2893
-83.2418
-83.1938
-83.1454
-83.0964
-83.047
-82.9971
-82.9466
-82.8956
-82.8441
-82.792
-82.7394
-82.6862
-82.6325
-82.5781
-82.5231
-82.4675
-82.4113
-82.3544
-82.2968
-82.2385
-82.1796
-82.1199
-82.0595
-81.9983
-81.9364
-81.8736
-81.81
-81.7456
-81.6803
-81.6141
-81.5469
-81.4789
-81.4098
-81.3397
-81.2685
-81.1963
-81.123
-81.0485
-80.9727
-80.8958
-80.8175
-80.7379
-80.6569
-80.5745
-80.4905
-80.405
-80.3178
-80.2289
-80.1383
-80.0457
-79.9512
-79.8547
-79.756
-79.6551
-79.5518
-79.446
-79.3376
-79.2263
-79.1122
-78.9949
-78.8743
-78.7502
-78.6223
-78.4904
-78.3543
-78.2135
-78.0679
-77.9168
-77.7601
-77.597
-77.4272
-77.25
-77.0646
-76.8702
-76.6659
-76.4506
-76.2229
-75.9814
-75.724
-75.4486
-75.1524
-74.8319
-74.4828
-74.0994
-73.6743
-73.1973
-72.6544
-72.0251
-71.2779
-70.3616
-69.1854
-67.5666
-65.0655
-60.2435
-44.8893
29.2673
49.6843
46.7164
35.552
15.1738
-1.77392
-13.2292
-24.0277
-34.3451
-51.4171
-86.1713
-94.3952
-94.8541
-94.859
-94.7775
-94.6363
-94.4404
-94.2007
-93.9322
-93.6494
-93.3632
-93.081
-92.8068
-92.5428
-92.29
-92.0485
-91.8182
-91.5987
-91.3895
-91.1903
-91.0005
-90.8196
-90.6473
-90.4831
-90.3266
-90.1774
-90.0352
-89.8996
-89.7702
-89.6469
-89.5293
-89.4171
-89.3101
-89.208
-89.1106
-89.0177
-88.9291
-88.8445
-88.7639
-88.6869
-88.6134
-88.5434
-88.4765
-88.4127
-88.3518
-88.2937
-88.2383
-88.1854
-88.135
-88.0869
-88.041
-87.9972
-87.9554
-87.9155
-87.8775
-87.8412
-87.8066
-87.7735
-87.742
-87.712
-87.6833
-87.6559
-87.6298
-87.6048
-87.581
-87.5583
-87.5366
-87.5159
-87.4961
-87.4772
-87.4591
-87.4418
-87.4253
-87.4095
-87.3943
-87.3798
-87.3659
-87.3526
-87.3398
-87.3275
-87.3157
-87.3043
-87.2934
-87.2828
-87.2726
-87.2628
-87.2533
-87.244
-87.2351
-87.2264
-87.218
-87.2097
-87.2017
-87.1938
-87.1861
-87.1786
-87.1711
-87.1638
-87.1566
-87.1495
-87.1424
-87.1355
-87.1285
-87.1216
-87.1147
-87.1079
-87.101
-87.0941
-87.0872
-87.0803
-87.0733
-87.0663
-87.0593
-87.0522
-87.045
-87.0377
-87.0304
-87.023
-87.0154
-87.0078
-87.0001
-86.9922
-86.9842
-86.9761
-86.9679
-86.9596
-86.951
-86.9424
-86.9336
-86.9247
-86.9156
-86.9063
-86.8969
-86.8873
-86.8775
-86.8676
-86.8575
-86.8472
-86.8367
-86.826
-86.8152
-86.8042
-86.793
-86.7815
-86.7699
-86.7581
-86.7461
-86.7339
-86.7215
-86.7089
-86.6961
-86.683
-86.6698
-86.6563
-86.6427
-86.6288
-86.6147
-86.6004
-86.5859
-86.5712
-86.5562
-86.541
-86.5257
-86.51
-86.4942
-86.4782
-86.4619
-86.4454
-86.4287
-86.4117
-86.3945
-86.3771
-86.3595
-86.3416
-86.3236
-86.3052
-86.2867
-86.2679
-86.2489
-86.2297
-86.2102
-86.1906
-86.1706
-86.1505
-86.1301
-86.1094
-86.0886
-86.0675
-86.0462
-86.0246
-86.0028
-85.9808
-85.9585
-85.936
-85.9132
-85.8902
-85.867
-85.8435
-85.8198
-85.7958
-85.7717
-85.7472
-85.7225
-85.6976
-85.6724
-85.647
-85.6214
-85.5954
-85.5693
-85.5429
-85.5162
-85.4893
-85.4621
-85.4347
-85.4071
-85.3791
-85.351
-85.3225
-85.2938
-85.2649
-85.2356
-85.2062
-85.1764
-85.1464
-85.1161
-85.0856
-85.0548
-85.0237
-84.9923
-84.9607
-84.9288
-84.8966
-84.8641
-84.8313
-84.7983
-84.765
-84.7313
-84.6974
-84.6632
-84.6287
-84.5939
-84.5588
-84.5234
-84.4877
-84.4517
-84.4153
-84.3787
-84.3417
-84.3044
-84.2668
-84.2288
-84.1905
-84.1519
-84.1129
-84.0736
-84.034
-83.9939
-83.9536
-83.9128
-83.8717
-83.8302
-83.7884
-83.7462
-83.7035
-83.6605
-83.6171
-83.5733
-83.529
-83.4844
-83.4393
-83.3938
-83.3478
-83.3014
-83.2546
-83.2072
-83.1595
-83.1112
-83.0624
-83.0132
-82.9634
-82.9131
-82.8623
-82.811
-82.7591
-82.7067
-82.6536
-82.6
-82.5458
-82.491
-82.4356
-82.3795
-82.3227
-82.2653
-82.2072
-82.1484
-82.0889
-82.0286
-81.9675
-81.9057
-81.8431
-81.7796
-81.7153
-81.6501
-81.584
-81.517
-81.449
-81.3801
-81.3101
-81.239
-81.1669
-81.0936
-81.0192
-80.9435
-80.8666
-80.7884
-80.7089
-80.6279
-80.5455
-80.4616
-80.3761
-80.2889
-80.2
-80.1093
-80.0168
-79.9222
-79.8257
-79.7269
-79.6259
-79.5225
-79.4165
-79.3079
-79.1966
-79.0822
-78.9647
-78.8438
-78.7194
-78.5913
-78.459
-78.3225
-78.1813
-78.0351
-77.8835
-77.7261
-77.5624
-77.3918
-77.2136
-77.0272
-76.8317
-76.6261
-76.4093
-76.1799
-75.9364
-75.6768
-75.3987
-75.0994
-74.7752
-74.4217
-74.0328
-73.6009
-73.1154
-72.5614
-71.917
-71.1487
-70.201
-68.9739
-67.2619
-64.5521
-59.0572
-39.462
38.7691
49.4839
45.5634
32.8117
12.0217
-3.50091
-14.6348
-25.5286
-35.3682
-53.9046
-88.6615
-94.5563
-94.8717
-94.8565
-94.7668
-94.6187
-94.4168
-94.1726
-93.9014
-93.6174
-93.3313
-93.0499
-92.777
-92.5145
-92.2633
-92.0235
-91.7948
-91.577
-91.3694
-91.1718
-90.9835
-90.8041
-90.6332
-90.4703
-90.3151
-90.1672
-90.0262
-89.8917
-89.7635
-89.6413
-89.5247
-89.4135
-89.3074
-89.2063
-89.1098
-89.0177
-88.9299
-88.8461
-88.7662
-88.6899
-88.6172
-88.5477
-88.4815
-88.4184
-88.3581
-88.3006
-88.2457
-88.1934
-88.1435
-88.0959
-88.0504
-88.0071
-87.9657
-87.9263
-87.8887
-87.8528
-87.8186
-87.7859
-87.7548
-87.7251
-87.6967
-87.6697
-87.6439
-87.6193
-87.5958
-87.5733
-87.5519
-87.5315
-87.512
-87.4933
-87.4755
-87.4584
-87.4421
-87.4265
-87.4116
-87.3973
-87.3836
-87.3705
-87.3579
-87.3458
-87.3341
-87.3229
-87.3122
-87.3018
-87.2917
-87.2821
-87.2727
-87.2636
-87.2548
-87.2463
-87.2379
-87.2298
-87.2219
-87.2142
-87.2066
-87.1992
-87.1919
-87.1847
-87.1776
-87.1706
-87.1636
-87.1567
-87.1499
-87.1431
-87.1363
-87.1295
-87.1227
-87.1159
-87.1091
-87.1023
-87.0954
-87.0885
-87.0815
-87.0745
-87.0674
-87.0602
-87.0529
-87.0456
-87.0381
-87.0306
-87.0229
-87.0151
-87.0072
-86.9992
-86.991
-86.9827
-86.9743
-86.9657
-86.957
-86.9481
-86.9391
-86.9299
-86.9205
-86.911
-86.9013
-86.8914
-86.8814
-86.8711
-86.8607
-86.8501
-86.8394
-86.8284
-86.8172
-86.8059
-86.7943
-86.7826
-86.7707
-86.7585
-86.7462
-86.7336
-86.7209
-86.7079
-86.6947
-86.6814
-86.6678
-86.654
-86.64
-86.6257
-86.6113
-86.5966
-86.5818
-86.5667
-86.5514
-86.5358
-86.5201
-86.5041
-86.4879
-86.4715
-86.4548
-86.438
-86.4209
-86.4036
-86.386
-86.3683
-86.3503
-86.332
-86.3136
-86.2949
-86.276
-86.2569
-86.2375
-86.2179
-86.1981
-86.178
-86.1577
-86.1372
-86.1165
-86.0955
-86.0743
-86.0528
-86.0311
-86.0092
-85.987
-85.9646
-85.942
-85.9191
-85.896
-85.8727
-85.8491
-85.8253
-85.8012
-85.7769
-85.7524
-85.7276
-85.7025
-85.6773
-85.6517
-85.626
-85.6
-85.5737
-85.5472
-85.5205
-85.4934
-85.4662
-85.4387
-85.4109
-85.3829
-85.3547
-85.3261
-85.2973
-85.2683
-85.239
-85.2095
-85.1796
-85.1495
-85.1192
-85.0886
-85.0577
-85.0265
-84.9951
-84.9634
-84.9314
-84.8992
-84.8666
-84.8338
-84.8007
-84.7673
-84.7336
-84.6997
-84.6654
-84.6309
-84.596
-84.5609
-84.5254
-84.4897
-84.4536
-84.4172
-84.3805
-84.3435
-84.3062
-84.2685
-84.2305
-84.1922
-84.1536
-84.1146
-84.0752
-84.0355
-83.9955
-83.9551
-83.9144
-83.8732
-83.8317
-83.7899
-83.7476
-83.705
-83.662
-83.6185
-83.5747
-83.5305
-83.4858
-83.4407
-83.3952
-83.3493
-83.3029
-83.256
-83.2087
-83.161
-83.1127
-83.064
-83.0147
-82.965
-82.9148
-82.864
-82.8127
-82.7608
-82.7084
-82.6554
-82.6018
-82.5477
-82.4929
-82.4375
-82.3815
-82.3248
-82.2674
-82.2094
-82.1506
-82.0911
-82.0309
-81.97
-81.9082
-81.8457
-81.7823
-81.7181
-81.653
-81.587
-81.52
-81.4522
-81.3833
-81.3134
-81.2425
-81.1704
-81.0973
-81.023
-80.9475
-80.8707
-80.7926
-80.7132
-80.6324
-80.5502
-80.4664
-80.3811
-80.2941
-80.2054
-80.1149
-80.0226
-79.9283
-79.8319
-79.7334
-79.6326
-79.5295
-79.4238
-79.3156
-79.2045
-79.0905
-78.9733
-78.8528
-78.7288
-78.6011
-78.4693
-78.3332
-78.1925
-78.0469
-77.8959
-77.7391
-77.5761
-77.4062
-77.2289
-77.0434
-76.8489
-76.6444
-76.4287
-76.2007
-75.9587
-75.7008
-75.4247
-75.1277
-74.8062
-74.4559
-74.0708
-73.6437
-73.1641
-72.6177
-71.9835
-71.2295
-70.3029
-69.1099
-67.4606
-64.8919
-59.8584
-43.2258
33.1249
49.6054
46.2325
34.3705
13.7724
-2.52923
-13.8358
-24.6771
-34.8026
-52.5131
-87.3421
-94.4662
-94.8609
-94.8577
-94.7731
-94.6293
-94.4312
-94.1897
-93.9202
-93.6368
-93.3505
-93.0684
-92.7945
-92.5309
-92.2785
-92.0374
-91.8076
-91.5885
-91.3799
-91.1811
-90.9917
-90.8113
-90.6395
-90.4757
-90.3196
-90.1708
-90.029
-89.8938
-89.7649
-89.6419
-89.5247
-89.4129
-89.3062
-89.2045
-89.1074
-89.0149
-88.9266
-88.8423
-88.762
-88.6853
-88.6121
-88.5424
-88.4758
-88.4123
-88.3517
-88.2939
-88.2388
-88.1862
-88.136
-88.0881
-88.0425
-87.9989
-87.9574
-87.9178
-87.88
-87.844
-87.8096
-87.7768
-87.7455
-87.7157
-87.6872
-87.6601
-87.6342
-87.6095
-87.5859
-87.5634
-87.542
-87.5215
-87.5019
-87.4832
-87.4653
-87.4483
-87.432
-87.4164
-87.4014
-87.3871
-87.3734
-87.3603
-87.3477
-87.3356
-87.324
-87.3129
-87.3021
-87.2918
-87.2818
-87.2722
-87.2628
-87.2538
-87.2451
-87.2366
-87.2283
-87.2203
-87.2125
-87.2048
-87.1973
-87.1899
-87.1827
-87.1756
-87.1686
-87.1617
-87.1548
-87.148
-87.1413
-87.1345
-87.1279
-87.1212
-87.1145
-87.1078
-87.1011
-87.0944
-87.0877
-87.0808
-87.074
-87.0671
-87.0601
-87.053
-87.0459
-87.0386
-87.0313
-87.0239
-87.0163
-87.0087
-87.0009
-86.993
-86.985
-86.9768
-86.9685
-86.9601
-86.9515
-86.9427
-86.9338
-86.9248
-86.9155
-86.9061
-86.8966
-86.8869
-86.8769
-86.8669
-86.8566
-86.8461
-86.8355
-86.8247
-86.8137
-86.8025
-86.7911
-86.7795
-86.7677
-86.7557
-86.7435
-86.7311
-86.7185
-86.7057
-86.6927
-86.6795
-86.666
-86.6524
-86.6385
-86.6244
-86.6102
-86.5957
-86.5809
-86.566
-86.5508
-86.5355
-86.5199
-86.5041
-86.488
-86.4718
-86.4553
-86.4386
-86.4217
-86.4045
-86.3871
-86.3695
-86.3517
-86.3337
-86.3154
-86.2969
-86.2781
-86.2592
-86.24
-86.2205
-86.2009
-86.181
-86.1609
-86.1405
-86.12
-86.0992
-86.0781
-86.0568
-86.0353
-86.0136
-85.9916
-85.9694
-85.9469
-85.9243
-85.9013
-85.8782
-85.8548
-85.8311
-85.8073
-85.7831
-85.7588
-85.7342
-85.7094
-85.6843
-85.659
-85.6334
-85.6076
-85.5815
-85.5552
-85.5287
-85.5019
-85.4748
-85.4475
-85.42
-85.3922
-85.3641
-85.3358
-85.3072
-85.2784
-85.2493
-85.22
-85.1904
-85.1605
-85.1304
-85.1
-85.0693
-85.0384
-85.0072
-84.9757
-84.944
-84.912
-84.8797
-84.8471
-84.8142
-84.7811
-84.7477
-84.714
-84.68
-84.6457
-84.6111
-84.5762
-84.541
-84.5055
-84.4697
-84.4336
-84.3972
-84.3605
-84.3234
-84.286
-84.2483
-84.2103
-84.1719
-84.1333
-84.0942
-84.0548
-84.0151
-83.975
-83.9346
-83.8938
-83.8526
-83.8111
-83.7692
-83.7269
-83.6842
-83.6412
-83.5977
-83.5538
-83.5095
-83.4648
-83.4197
-83.3741
-83.3281
-83.2817
-83.2348
-83.1874
-83.1396
-83.0913
-83.0425
-82.9932
-82.9434
-82.8931
-82.8422
-82.7909
-82.7389
-82.6864
-82.6334
-82.5797
-82.5255
-82.4706
-82.4151
-82.359
-82.3022
-82.2448
-82.1866
-82.1278
-82.0682
-82.0079
-81.9468
-81.8849
-81.8223
-81.7588
-81.6944
-81.6292
-81.563
-81.4959
-81.4279
-81.3589
-81.2888
-81.2177
-81.1455
-81.0721
-80.9976
-80.9219
-80.8449
-80.7666
-80.6869
-80.6059
-80.5234
-80.4393
-80.3537
-80.2664
-80.1773
-80.0865
-79.9938
-79.8991
-79.8023
-79.7033
-79.6021
-79.4985
-79.3923
-79.2834
-79.1717
-79.0571
-78.9392
-78.818
-78.6932
-78.5646
-78.4319
-78.2948
-78.1531
-78.0063
-77.854
-77.6959
-77.5313
-77.3598
-77.1807
-76.9931
-76.7964
-76.5894
-76.371
-76.1398
-75.8942
-75.6322
-75.3514
-75.0488
-74.7209
-74.3627
-73.9682
-73.5293
-73.0349
-72.4693
-71.8093
-71.0188
-70.0377
-68.7557
-66.9411
-63.992
-57.6624
-32.311
42.5772
49.3884
45.0589
31.621
10.6802
-4.30837
-15.3268
-26.2669
-35.8259
-55.0545
-89.5986
-94.6277
-94.8822
-94.8551
-94.7585
-94.6036
-94.3953
-94.1457
-93.8709
-93.585
-93.2982
-93.0169
-92.7448
-92.4834
-92.2335
-91.995
-91.7677
-91.5512
-91.345
-91.1486
-90.9616
-90.7834
-90.6136
-90.4519
-90.2978
-90.1509
-90.0108
-89.8773
-89.7501
-89.6287
-89.513
-89.4027
-89.2974
-89.1971
-89.1013
-89.01
-88.9229
-88.8399
-88.7606
-88.6851
-88.613
-88.5442
-88.4786
-88.4161
-88.3564
-88.2995
-88.2452
-88.1934
-88.144
-88.0969
-88.052
-88.0092
-87.9684
-87.9294
-87.8923
-87.8569
-87.8231
-87.7909
-87.7602
-87.731
-87.7031
-87.6764
-87.6511
-87.6268
-87.6038
-87.5817
-87.5607
-87.5406
-87.5215
-87.5032
-87.4857
-87.4691
-87.4531
-87.4379
-87.4233
-87.4093
-87.396
-87.3832
-87.3709
-87.3591
-87.3478
-87.3369
-87.3265
-87.3164
-87.3067
-87.2973
-87.2882
-87.2795
-87.2709
-87.2627
-87.2547
-87.2468
-87.2392
-87.2317
-87.2244
-87.2173
-87.2102
-87.2033
-87.1965
-87.1897
-87.1831
-87.1764
-87.1699
-87.1633
-87.1568
-87.1503
-87.1437
-87.1372
-87.1306
-87.1241

