-70
-68.4746
-66.668
-64.0545
-59.2328
-44.7976
26.0531
47.4772
22.0517
-12.8326
-26.8012
-40.4357
-70.4034
-94.1239
-94.9209
-94.9098
-94.7987
-94.5505
-94.0735
-93.2887
-92.1856
-90.8303
-89.3254
-87.7668
-86.224
-84.7391
-83.3332
-82.0134
-80.7791
-79.6245
-78.5414
-77.52
-76.5493
-75.6175
-74.7116
-73.8168
-72.9154
-71.9852
-70.9956
-69.901
-68.6259
-67.0287
-64.7959
-61.0375
-51.905
-7.478
49.5887
42.9789
4.40653
-13.9742
-27.6945
-42.2226
-74.4437
-94.3791
-94.9239
-94.8683
-94.69
-94.3095
-93.6201
-92.5731
-91.2166
-89.6611
-88.0219
-86.3862
-84.8074
-83.3125
-81.9112
-80.6031
-79.3821
-78.2388
-77.162
-76.139
-75.1561
-74.1978
-73.2461
-72.2787
-71.2664
-70.167
-68.9127
-67.3813
-65.3144
-62.0283
-54.9
-25.3781
41.6981
42.7131
6.30313
-13.1195
-26.63
-40.2623
-70.1834
-94.1829
-94.9239
-94.8798
-94.7191
-94.3738
-93.7369
-92.7447
-91.4271
-89.8857
-88.2381
-86.5789
-84.9688
-83.4401
-82.0058
-80.6672
-79.4189
-78.2515
-77.1537
-76.1123
-75.113
-74.1398
-73.1737
-72.1917
-71.163
-70.0431
-68.7598
-67.1819
-65.0255
-61.5176
-53.5374
-17.7855
47.9817
42.594
4.85171
-13.6438
-27.2544
-41.3873
-72.6571
-94.3051
-94.9223
-94.87
-94.6967
-94.3265
-93.649
-92.6064
-91.2397
-89.6599
-87.9877
-86.3163
-84.7036
-83.1787
-81.7521
-80.4233
-79.1856
-78.0287
-76.9405
-75.9074
-74.9147
-73.9456
-72.9807
-71.9958
-70.9583
-69.8204
-68.5034
-66.8602
-64.5633
-60.6757
-51.0735
-3.66423
49.6867
41.9374
1.31651
-15.2273
-29.1279
-44.9548
-79.6445
-94.542
-94.9164
-94.843
-94.6371
-94.2102
-93.4566
-92.3381
-90.9148
-89.3041
-87.6227
-85.9567
-84.3572
-82.8493
-81.4409
-80.1299
-78.9089
-77.767
-76.6918
-75.6695
-74.6847
-73.7204
-72.756
-71.7662
-70.7161
-69.5532
-68.1893
-66.4547
-63.9555
-59.4853
-47.0643
16.1559
49.1023
30.3338
-12.3392
-26.3532
-40.0004
-69.4222
-93.915
-94.8936
-94.8851
-94.7503
-94.4549
-93.9009
-93.0106
-91.7849
-90.3043
-88.6816
-87.0182
-85.3854
-83.8247
-82.3557
-80.9838
-79.7059
-78.5138
-77.3966
-76.3416
-75.3346
-74.3597
-73.3989
-72.4304
-71.4259
-70.346
-69.1288
-67.666
-65.7368
-62.7863
-56.8719
-35.9083
38.676
43.4974
8.60766
-12.6908
-26.1925
-39.7815
-69.088
-94.1233
-94.9223
-94.8808
-94.7256
-94.3941
-93.7819
-92.8198
-91.5267
-89.9967
-88.3468
-86.6748
-85.0464
-83.498
-82.0453
-80.6911
-79.4307
-78.2549
-77.1522
-76.1093
-75.1115
-74.1427
-73.1839
-72.2124
-71.1981
-70.0982
-68.8439
-67.312
-65.2413
-61.9399
-54.7518
-24.8566
42.384
42.6397
6.12432
-13.1539
-26.6614
-40.3099
-70.2844
-94.1875
-94.9211
-94.8732
-94.7051
-94.3452
-93.6832
-92.6557
-91.2972
-89.7154
-88.033
-86.3468
-84.718
-83.1782
-81.7391
-80.4009
-79.1568
-77.9964
-76.9074
-75.876
-74.8869
-73.9234
-72.966
-71.9906
-70.9653
-69.8434
-68.5486
-66.9399
-64.7077
-60.9824
-52.0749
-9.52639
49.4629
42.9777
4.19596
-14.0805
-27.8391
-42.5231
-75.0792
-94.3963
-94.9165
-94.8523
-94.6583
-94.2503
-93.5173
-92.4106
-90.9842
-89.3574
-87.653
-85.9627
-84.3412
-82.8154
-81.3933
-80.0729
-78.8459
-77.7011
-76.6254
-75.6045
-74.6227
-73.6625
-72.7035
-71.72
-70.6771
-69.5228
-68.1696
-66.4496
-63.9755
-59.5692
-47.4717
14.3326
49.285
32.0389
-11.4374
-25.1902
-39.1769
-67.4764
-93.7175
-94.8847
-94.8828
-94.7464
-94.4467
-93.884
-92.9793
-91.7343
-90.2317
-88.5872
-86.9044
-85.2555
-83.6825
-82.2049
-80.8275
-79.5466
-78.3536
-77.2369
-76.1833
-75.178
-74.2046
-73.2444
-72.2747
-71.2663
-70.1776
-68.9433
-67.447
-65.4469
-62.3188
-55.7701
-30.4828
40.1222
42.9018
7.04489
-12.9199
-26.4012
-39.9344
-69.4306
-94.1402
-94.9203
-94.8739
-94.7082
-94.355
-93.7056
-92.6942
-91.3491
-89.7736
-88.0893
-86.3947
-84.7537
-83.2001
-81.7473
-80.3965
-79.1413
-77.9716
-76.8749
-75.837
-74.8427
-73.8748
-72.9132
-71.9336
-70.9033
-69.7742
-68.4683
-66.8395
-64.5646
-60.7233
-51.309
-5.17953
49.6503
42.2586
2.13924
-14.8616
-28.7139
-44.158
-78.2257
-94.4993
-94.9132
-94.839
-94.6298
-94.196
-93.428
-92.2844
-90.8265
-89.1765
-87.4568
-85.7571
-84.1307
-82.6026
-81.1802
-79.8605
-78.6349
-77.4915
-76.4167
-75.3957
-74.4122
-73.4477
-72.4807
-71.4835
-70.4183
-69.227
-67.8095
-65.9668
-63.2157
-57.9593
-41.1657
32.8173
45.2158
12.8941
-12.8245
-26.6187
-40.2565
-70.2161
-94.1826
-94.9171
-94.8742
-94.7169
-94.384
-93.7719
-92.8091
-91.5102
-89.9667
-88.2966
-86.6007
-84.9479
-83.3767
-81.9043
-80.5338
-79.2604
-78.0745
-76.9639
-75.9145
-74.9111
-73.9362
-72.9701
-71.9883
-70.9585
-69.8338
-68.5379
-66.9299
-64.7007
-60.9846
-52.1172
-9.86704
49.4391
43.0307
4.38954
-14.0127
-27.7614
-42.3773
-74.7799
-94.3843
-94.9142
-94.8482
-94.6499
-94.2338
-93.4869
-92.3598
-90.908
-89.2539
-87.5233
-85.8098
-84.1692
-82.6281
-81.1944
-79.8651
-78.6315
-77.4814
-76.4012
-75.3756
-74.3881
-73.4201
-72.4495
-71.4486
-70.3788
-69.181
-67.7533
-65.8919
-63.0984
-57.7068
-40.1098
34.4842
44.692
11.4214
-12.7338
-26.4282
-39.9853
-69.6021
-94.1487
-94.9169
-94.8729
-94.7127
-94.3741
-93.752
-92.7758
-91.4621
-89.9051
-88.2238
-86.5195
-84.8607
-83.2854
-81.8101
-80.4378
-79.1632
-77.9763
-76.8648
-75.8142
-74.8089
-73.8312
-72.8605
-71.8717
-70.8311
-69.6891
-68.3645
-66.7039
-64.3643
-60.3476
-50.1448
1.23153
49.73
40.468
-1.75551
-16.8584
-30.9663
-48.6222
-85.0485
-94.6769
-94.9057
-94.8116
-94.5726
-94.0911
-93.2636
-92.0633
-90.5626
-88.8864
-87.1536
-85.4493
-83.8231
-82.2978
-80.8794
-79.5641
-78.3425
-77.202
-76.1286
-75.1067
-74.119
-73.1459
-72.1637
-71.142
-70.0371
-68.78
-67.247
-65.1768
-61.8779
-54.7026
-24.9641
42.1229
42.5388
5.72746
-13.282
-26.8138
-40.5866
-70.908
-94.2185
-94.9166
-94.8622
-94.6819
-94.2999
-93.6034
-92.5309
-91.122
-89.4906
-87.7636
-86.0398
-84.3809
-82.8179
-81.3615
-80.0107
-78.7574
-77.59
-76.4947
-75.4565
-74.4586
-73.4824
-72.5057
-71.5009
-70.4295
-69.2336
-67.8128
-65.9682
-63.2174
-57.9689
-41.2452
32.7046
45.2578
13.0436
-12.8246
-26.6235
-40.2615
-70.2232
-94.1824
-94.9157
-94.8713
-94.7108
-94.372
-93.7499
-92.7723
-91.4546
-89.8905
-88.1997
-86.4848
-84.8153
-83.2301
-81.7461
-80.3661
-79.0848
-77.8921
-76.7751
-75.7193
-74.7083
-73.7241
-72.7454
-71.7459
-70.6902
-69.5255
-68.1638
-66.4363
-63.9537
-59.5318
-47.3746
14.7403
49.2501
31.7461
-11.5417
-25.3198
-39.2654
-67.6826
-93.7438
-94.8837
-94.8772
-94.7343
-94.422
-93.8376
-92.9009
-91.6159
-90.07
-88.3833
-86.6623
-84.9808
-83.3809
-81.8816
-80.4869
-79.1922
-77.9876
-76.8604
-75.796
-74.7782
-73.789
-72.8071
-71.8065
-70.7524
-69.5933
-68.2435
-66.541
-64.1152
-59.8601
-48.5322
9.44702
49.5951
36.1319
-7.93354
-21.4551
-35.8715
-59.5768
-92.3334
-94.8465
-94.8871
-94.7586
-94.4673
-93.9097
-92.9981
-91.7289
-90.187
-88.495
-86.7634
-85.0693
-83.4567
-81.9456
-80.5404
-79.2364
-78.0239
-76.89
-75.8201
-74.7978
-73.8051
-72.8206
-71.8185
-70.7639
-69.6056
-68.259
-66.5637
-64.1551
-59.9506
-48.8714
7.71184
49.6504
37.2078
-6.77509
-20.4779
-34.8978
-57.297
-91.5639
-94.8271
-94.8896
-94.7658
-94.4811
-93.9323
-93.0288
-91.7637
-90.2211
-88.5248
-86.7869
-85.0859
-83.4668
-81.9497
-80.5394
-79.231
-78.0147
-76.8776
-75.8048
-74.7799
-73.7846
-72.7975
-71.7924
-70.7342
-69.5709
-68.2166
-66.5077
-64.0706
-59.786
-48.3197
10.3439
49.5513
35.3553
-8.84063
-22.2627
-36.6588
-61.4592
-92.8044
-94.8571
-94.8825
-94.7481
-94.4475
-93.8771
-92.9515
-91.6699
-90.1187
-88.4204
-86.6847
-84.9878
-83.3735
-81.8611
-80.455
-79.1503
-77.937
-76.802
-75.7305
-74.7058
-73.7093
-72.7194
-71.7092
-70.6423
-69.4647
-68.0859
-66.331
-63.7933
-59.214
-46.2508
19.1595
48.6725
27.0992
-13.4785
-27.8031
-42.4231
-74.6831
-94.2603
-94.8982
-94.8641
-94.705
-94.3682
-93.7518
-92.7823
-91.4706
-89.9066
-88.2093
-86.4827
-84.7986
-83.1976
-81.6979
-80.3031
-79.0081
-77.8027
-76.6739
-75.6065
-74.5837
-73.5866
-72.5929
-71.5744
-70.4929
-69.2905
-67.8681
-66.03
-63.3049
-58.1501
-41.9932
31.3139
45.7142
14.4992
-12.9307
-26.818
-40.5907
-70.954
-94.2217
-94.9144
-94.868
-94.7047
-94.3607
-93.7303
-92.741
-91.4084
-89.8271
-88.1184
-86.3859
-84.7001
-83.1002
-81.6031
-80.2116
-78.9199
-77.7175
-76.591
-75.5251
-74.5028
-73.5048
-72.5083
-71.4845
-70.394
-69.1762
-67.7268
-65.8367
-62.9911
-57.4472
-38.9426
36.0277
44.2538
10.3635
-12.6706
-26.2807
-39.8682
-69.3161
-94.1331
-94.9155
-94.868
-94.7011
-94.349
-93.7039
-92.6948
-91.3421
-89.7451
-88.0265
-86.2897
-84.6033
-83.0053
-81.5112
-80.1231
-78.8347
-77.6351
-76.5107
-75.4461
-74.424
-73.4247
-72.425
-71.3957
-70.2956
-69.0616
-67.5838
-65.638
-62.6611
-56.6761
-35.3369
38.9218
43.2857
7.9344
-12.8138
-26.3224
-39.8857
-69.3325
-94.1337
-94.9158
-94.8658
-94.6935
-94.33
-93.6654
-92.6316
-91.255
-89.6397
-87.9102
-86.1689
-84.4828
-82.8877
-81.3981
-80.0149
-78.7312
-77.5357
-76.4145
-75.352
-74.3305
-73.3302
-72.3273
-71.2914
-70.1799
-68.9267
-67.4144
-65.3999
-62.2564
-55.6839
-30.3357
40.059
42.8061
6.68039
-13.0242
-26.5232
-40.075
-69.7558
-94.1557
-94.9153
-94.8625
-94.6843
-94.3076
-93.6199
-92.5555
-91.148
-89.5081
-87.7631
-86.0148
-84.3281
-82.7366
-81.2529
-79.8765
-78.5996
-77.4102
-76.2941
-75.2352
-74.2156
-73.215
-72.209
-71.1661
-70.042
-68.766
-67.2122
-65.1133
-61.7586
-54.3966
-23.3627
44.1082
42.3638
5.15028
-13.4489
-26.9969
-40.9102
-71.6143
-94.2533
-94.914
-94.8547
-94.6661
-94.2679
-93.5448
-92.436
-90.9858
-89.3134
-87.5493
-85.7939
-84.109
-82.5248
-81.0512
-79.6859
-78.4199
-77.2405
-76.1326
-75.0799
-74.0641
-73.0643
-72.0552
-71.0041
-69.8637
-68.5584
-66.9492
-64.7346
-61.078
-52.5009
-12.4905
49.1708
42.7835
4.09218
-14.0591
-27.7933
-42.4266
-74.8694
-94.3858
-94.9101
-94.8395
-94.6331
-94.2028
-93.4329
-92.2724
-90.7783
-89.0771
-87.2992
-85.5417
-83.8621
-82.2874
-80.8252
-79.4717
-78.2167
-77.0469
-75.9469
-74.8998
-73.8868
-72.8865
-71.8726
-70.8103
-69.6491
-68.3061
-66.6258
-64.2588
-60.1851
-49.7617
2.87154
49.7199
39.6097
-3.48543
-17.9969
-32.2568
-51.3733
-87.9414
-94.7405
-94.8957
-94.7859
-94.5215
-93.9998
-93.1204
-91.8641
-90.3111
-88.5898
-86.8197
-85.0852
-83.4348
-81.8902
-80.4562
-79.1277
-77.8941
-76.7417
-75.6549
-74.6162
-73.6063
-72.6025
-71.5765
-70.49
-69.2852
-67.864
-66.0336
-63.3315
-58.2577
-42.5962
29.8633
46.0578
15.3673
-13.1631
-27.1702
-41.25
-72.4074
-94.2861
-94.9117
-94.8615
-94.6924
-94.3391
-93.6962
-92.693
-91.3464
-89.752
-88.0313
-86.2879
-84.5923
-82.9838
-81.4792
-80.0812
-78.7837
-77.5759
-76.4441
-75.3723
-74.343
-73.3361
-72.3275
-71.2866
-70.1706
-68.9127
-67.3948
-65.3718
-62.2106
-55.5774
-29.8117
40.0459
42.8124
6.69328
-13.0204
-26.5192
-40.0693
-69.7441
-94.1548
-94.9146
-94.8608
-94.6803
-94.2988
-93.6031
-92.5282
-91.1089
-89.4578
-87.7031
-85.947
-84.2543
-82.6584
-81.1712
-79.7923
-78.5133
-77.3221
-76.204
-75.1428
-74.12
-73.1149
-72.1023
-71.0496
-69.91
-68.6091
-67.0107
-64.8214
-61.2346
-52.9512
-15.1046
48.7288
42.6231
4.24453
-13.9295
-27.6141
-42.0727
-74.1225
-94.3588
-94.9109
-94.8427
-94.64
-94.2162
-93.4547
-92.3016
-90.8111
-89.1091
-87.3271
-85.5636
-83.8773
-82.2961
-80.8279
-79.469
-78.2092
-77.0353
-75.9315
-74.881
-73.8647
-72.8609
-71.8429
-70.7757
-69.6076
-68.2542
-66.5556
-64.1507
-59.9715
-49.0536
6.53945
49.6735
37.763
-6.20993
-20.0282
-34.4452
-56.2585
-91.1118
-94.8133
-94.887
-94.7617
-94.4733
-93.9168
-92.9994
-91.7129
-90.1431
-88.417
-86.65
-84.9225
-83.2804
-81.7439
-80.3173
-78.9951
-77.7666
-76.6179
-75.5332
-74.495
-73.4833
-72.4747
-71.44
-70.3386
-69.1087
-67.6436
-65.7278
-62.8275
-57.1097
-37.5283
37.3336
43.7424
8.92178
-12.7684
-26.3344
-39.913
-69.4242
-94.1388
-94.9139
-94.8627
-94.6885
-94.3231
-93.6571
-92.6219
-91.2422
-89.621
-87.8828
-86.1308
-84.4332
-82.8269
-81.3267
-79.9339
-78.6417
-77.4385
-76.3102
-75.2406
-74.2116
-73.2025
-72.1886
-71.1379
-70.005
-68.7182
-67.148
-65.0189
-61.5907
-53.9476
-20.8465
46.3346
42.3218
4.66779
-13.6362
-27.2202
-41.3169
-72.4991
-94.294
-94.9127
-94.8497
-94.6549
-94.2452
-93.504
-92.3725
-90.8991
-89.2067
-87.4273
-85.6611
-83.9692
-82.3808
-80.9049
-79.5386
-78.272
-77.092
-75.9832
-74.9285
-73.909
-72.903
-71.8842
-70.8175
-69.6522
-68.305
-66.6194
-64.2438
-60.149
-49.6312
3.59187
49.7159
39.3134
-3.93739
-18.3086
-32.5973
-52.1091
-88.5607
-94.7545
-94.8938
-94.781
-94.5115
-93.9817
-93.0917
-91.8242
-90.2608
-88.5306
-86.7532
-85.013
-83.358
-81.8098
-80.3729
-79.0419
-77.806
-76.6513
-75.5618
-74.5198
-73.5053
-72.4951
-71.4597
-70.359
-69.1318
-67.6725
-65.7696
-62.9009
-57.291
-38.4004
36.4856
43.9982
9.52287
-12.7548
-26.3559
-39.9359
-69.4874
-94.1421
-94.9133
-94.8622
-94.6883
-94.3237
-93.6595
-92.6266
-91.2486
-89.6277
-87.8883
-86.1341
-84.4336
-82.8242
-81.321
-79.9254
-78.6307
-77.4254
-76.2951
-75.2236
-74.1927
-73.1817
-72.1656
-71.112
-69.9752
-68.6824
-67.1018
-64.9521
-61.4716
-53.6225
-18.9934
47.421
42.3872
4.47557
-13.7423
-27.3572
-41.5737
-73.0531
-94.3172
-94.9118
-94.8468
-94.6487
-94.2329
-93.4824
-92.3401
-90.8566
-89.1564
-87.3718
-85.6028
-83.9096
-82.3212
-80.8459
-79.4805
-78.2149
-77.0358
-75.9275
-74.8728
-73.8527
-72.8452
-71.8233
-70.7515
-69.5777
-68.2156
-66.5023
-64.0669
-59.8024
-48.4749
9.40417
49.5869
35.9187
-8.36836
-21.8495
-36.2756
-60.5482
-92.5787
-94.8483
-94.8792
-94.7421
-94.4354
-93.8535
-92.9091
-91.6015
-90.0196
-88.2893
-86.5233
-84.7993
-83.1616
-81.6296
-80.207
-78.8883
-77.6625
-76.5156
-75.4316
-74.3927
-73.3784
-72.365
-71.3218
-70.2064
-68.9533
-67.4471
-65.4507
-62.3571
-55.9711
-31.9379
39.8889
42.8364
6.72852
-13.0231
-26.527
-40.0822
-69.78
-94.1578
-94.9138
-94.8592
-94.6776
-94.2958
-93.6013
-92.5288
-91.1116
-89.4602
-87.7024
-85.9408
-84.2411
-82.6376
-81.1431
-79.7571
-78.4717
-77.2746
-76.1512
-75.0847
-74.0565
-73.0454
-72.0256
-70.9634
-69.8102
-68.4881
-66.8528
-64.5881
-60.8027
-51.6835
-7.76385
49.5514
42.6048
2.99307
-14.5293
-28.35
-43.484
-76.9734
-94.4562
-94.9067
-94.8279
-94.608
-94.1539
-93.3507
-92.1538
-90.6276
-88.9022
-87.108
-85.3403
-83.6546
-82.0766
-80.6128
-79.2585
-78.0029
-76.8321
-75.7301
-74.6792
-73.6598
-72.6491
-71.6187
-70.5307
-69.3281
-67.915
-66.1038
-63.4501
-58.534
-43.7925
26.8782
46.8961
18.2609
-13.6129
-27.8475
-42.499
-74.998
-94.3741
-94.908
-94.8556
-94.6825
-94.3229
-93.6724
-92.661
-91.3063
-89.7037
-87.9746
-86.2228
-84.5192
-82.9032
-81.3921
-79.9883
-78.6858
-77.4734
-76.337
-75.2605
-74.2257
-73.2117
-72.1937
-71.1395
-70.0036
-68.7138
-67.1404
-65.0067
-61.5688
-53.8904
-20.5317
46.5501
42.3555
4.72802
-13.6175
-27.1994
-41.2786
-72.4188
-94.2906
-94.9121
-94.8486
-94.6524
-94.2397
-93.4936
-92.3555
-90.8746
-89.1747
-87.3885
-85.6165
-83.9198
-82.3276
-80.8488
-79.4801
-78.2116
-77.0299
-75.9193
-74.8625
-73.8404
-72.8308
-71.8068
-70.7323
-69.5548
-68.1871
-66.464
-64.0077
-59.6838
-48.0653
11.3362
49.4929
34.4523
-9.76964
-23.1114
-37.4457
-63.345
-93.1661
-94.8635
-94.8744
-94.7304
-94.4131
-93.817
-92.8579
-91.5388
-89.9503
-88.2177
-86.4519
-84.7296
-83.0942
-81.5645
-80.1442
-78.8274
-77.6031
-76.4572
-75.3737
-74.3344
-73.3189
-72.3026
-71.2545
-70.1311
-68.8645
-67.3342
-65.2896
-62.0779
-55.2627
-28.2098
39.8979
42.7868
6.48737
-13.092
-26.6094
-40.2328
-70.1197
-94.1745
-94.913
-94.8563
-94.6702
-94.278
-93.565
-92.4677
-91.025
-89.3529
-87.5816
-85.8133
-84.1123
-82.5109
-81.0205
-79.6395
-78.3592
-77.1668
-76.0472
-74.9834
-73.9565
-72.9447
-71.9217
-70.8526
-69.687
-68.3425
-66.665
-64.3096
-60.2749
-50.0398
1.42077
49.7241
40.2313
-2.36247
-17.2517
-31.4233
-49.5927
-86.1838
-94.6996
-94.8972
-94.7921
-94.5339
-94.0202
-93.1466
-91.8891
-90.3263
-88.5889
-86.8
-85.0468
-83.3792
-81.8197
-80.373
-79.0337
-77.7909
-76.6303
-75.5356
-74.489
-73.4701
-72.4553
-71.4147
-70.3075
-69.0709
-67.5967
-65.6658
-62.7328
-56.909
-36.6627
37.9842
43.4833
8.22976
-12.8417
-26.3912
-39.9538
-69.5144
-94.1432
-94.913
-94.8599
-94.682
-94.3092
-93.6313
-92.5808
-91.185
-89.5491
-87.7989
-86.0378
-84.3335
-82.7225
-81.2191
-79.8241
-78.5301
-77.3255
-76.1955
-75.1235
-74.0911
-73.077
-72.0554
-70.9927
-69.8411
-68.5232
-66.8974
-64.6538
-60.9267
-52.059
-9.93909
49.425
42.9202
3.96761
-14.1672
-27.9432
-42.7275
-75.4991
-94.4066
-94.9074
-94.8324
-94.6176
-94.1718
-93.3786
-92.19
-90.6675
-88.9411
-87.1428
-85.3694
-83.6779
-82.0944
-80.6257
-79.2672
-78.0082
-76.8346
-75.7303
-74.6776
-73.6567
-72.6447
-71.6133
-70.5243
-69.3206
-67.906
-66.0926
-63.4339
-58.5026
-43.6767
27.1802
46.8097
17.9302
-13.5693
-27.7826
-42.379
-74.7567
-94.3672
-94.9081
-94.8553
-94.6816
-94.3209
-93.6683
-92.6539
-91.2956
-89.6892
-87.9564
-86.2016
-84.4954
-82.8776
-81.365
-79.9601
-78.6569
-77.4439
-76.3071
-75.2301
-74.1946
-73.1797
-72.1601
-71.1035
-69.9636
-68.6673
-67.0818
-64.9233
-61.4211
-53.4857
-18.2193
47.7722
42.4532
4.5155
-13.744
-27.3652
-41.5908
-73.0937
-94.3188
-94.9111
-94.845
-94.6447
-94.2246
-93.4673
-92.3163
-90.8233
-89.1143
-87.3221
-85.5471
-83.8495
-82.2577
-80.7802
-79.4131
-78.1465
-76.9664
-75.8572
-74.8013
-73.7794
-72.7689
-71.7425
-70.6636
-69.4781
-68.0962
-66.3455
-63.828
-59.3246
-46.7995
16.8119
48.9962
29.3496
-12.9235
-27.1145
-41.1987
-72.0924
-94.1014
-94.89
-94.8618
-94.701
-94.3591
-93.7314
-92.742
-91.4021
-89.8045
-88.0723
-86.3125
-84.5986
-82.9722
-81.4512
-80.0386
-78.7286
-77.51
-76.3687
-75.2883
-74.2507
-73.235
-72.2163
-71.1627
-70.029
-68.7439
-67.1798
-65.0655
-61.6777
-54.194
-22.2676
45.1856
42.3419
4.97727
-13.5067
-27.0631
-41.0272
-71.8728
-94.2658
-94.9121
-94.8498
-94.6551
-94.2456
-93.5043
-92.3714
-90.8945
-89.1962
-87.4092
-85.6348
-83.9346
-82.3387
-80.8561
-79.484
-78.2125
-77.0282
-75.9154
-74.8567
-73.833
-72.8221
-71.7966
-70.7207
-69.5413
-68.1709
-66.443
-63.9764
-59.6229
-47.8558
12.2907
49.4331
33.6612
-10.4224
-23.8756
-38.1224
-64.9691
-93.4173
-94.87
-94.8716
-94.7238
-94.4009
-93.797
-92.8295
-91.5033
-89.9098
-88.1741
-86.4067
-84.6838
-83.0483
-81.5189
-80.099
-78.7827
-77.5589
-76.4135
-75.33
-74.2904
-73.2739
-72.2558
-71.2045
-70.0757
-68.7998
-67.2528
-65.1742
-61.8768
-54.7404
-25.3647
41.5099
42.5936
5.87882
-13.2445
-26.7751
-40.5198
-70.7626
-94.2088
-94.9122
-94.853
-94.6624
-94.2609
-93.5325
-92.4154
-90.9529
-89.265
-87.4832
-85.7097
-84.0075
-82.4077
-80.9204
-79.5433
-78.267
-77.0784
-75.962
-74.9006
-73.8749
-72.8629
-71.8377
-70.7636
-69.5884
-68.2264
-66.5152
-64.0861
-59.8413
-48.608
8.75913
49.6114
36.3773
-7.86323
-21.4078
-35.8442
-59.5228
-92.3024
-94.841
-94.8799
-94.7443
-94.4395
-93.8594
-92.9148
-91.6037
-90.0152
-88.2766
-86.5017
-84.7695
-83.1247
-81.5868
-80.1594
-78.8369
-77.6079
-76.4583
-75.3718
-74.3302
-73.3129
-72.2953
-71.2463
-70.1223
-68.8552
-67.3247
-65.2799
-62.0678
-55.2506
-28.1843
39.8763
42.7667
6.40346
-13.118
-26.6403
-40.2873
-70.2438
-94.181
-94.9125
-94.8549
-94.6674
-94.2726
-93.5558
-92.4539
-91.0064
-89.3298
-87.5546
-85.7832
-84.0797
-82.4766
-80.9849
-79.6031
-78.3223
-77.1296
-76.0096
-74.9455
-73.9179
-72.905
-71.8802
-70.8082
-69.6375
-68.2842
-66.5902
-64.1991
-60.063
-49.3514
5.04095
49.7002
38.6104
-5.00534
-19.0878
-33.4447
-53.9831
-89.8913
-94.7843
-94.8894
-94.7692
-94.488
-93.9403
-93.0287
-91.7406
-90.161
-88.4195
-86.6349
-84.8903
-83.2328
-81.6833
-80.2458
-78.9146
-77.6787
-76.5236
-75.433
-74.3888
-73.3705
-72.3539
-71.3082
-70.1909
-68.9363
-67.4287
-65.4305
-62.3338
-55.9371
-31.8366
39.865
42.7958
6.57228
-13.0691
-26.5811
-40.177
-69.9948
-94.1695
-94.9129
-94.8567
-94.6725
-94.2859
-93.5844
-92.503
-91.0764
-89.4162
-87.6508
-85.883
-84.1785
-82.5713
-81.0742
-79.6864
-78.3998
-77.2018
-76.0775
-75.01
-73.9803
-72.9667
-71.9429
-70.8743
-69.7108
-68.3709
-66.7025
-64.3674
-60.3891
-50.409
-0.592118
49.7169
40.9383
-1.00007
-16.4317
-30.5
-47.6843
-83.852
-94.6442
-94.8997
-94.8012
-94.5523
-94.0522
-93.1929
-91.9452
-90.3852
-88.6444
-86.8485
-85.087
-83.4114
-81.8447
-80.392
-79.0479
-77.8013
-76.6378
-75.5411
-74.4931
-73.4735
-72.4586
-71.4186
-70.3128
-69.0787
-67.6089
-65.6865
-62.7729
-57.0135
-37.1809
37.5748
43.6088
8.51759
-12.8238
-26.3873
-39.955
-69.5224
-94.1433
-94.9125
-94.8593
-94.6811
-94.3082
-93.6305
-92.58
-91.1836
-89.5464
-87.7942
-86.0307
-84.3241
-82.7109
-81.2057
-79.8094
-78.5145
-77.3093
-76.1791
-75.1071
-74.0749
-73.0609
-72.0395
-70.9769
-69.8251
-68.5063
-66.8784
-64.6293
-60.886
-51.9446
-9.28993
49.4681
42.8308
3.68156
-14.2696
-28.0581
-42.94
-75.9194
-94.421
-94.9067
-94.8301
-94.6127
-94.1623
-93.3628
-92.1672
-90.6385
-88.9076
-87.1062
-85.3312
-83.6389
-82.0555
-80.5873
-79.2298
-77.9719
-76.7995
-75.6964
-74.6448
-73.6247
-72.6132
-71.5817
-70.4918
-69.2858
-67.8663
-66.0422
-63.3577
-58.3436
-43.0425
28.7669
46.3523
16.2868
-13.3327
-27.4273
-41.7254
-73.4165
-94.324
-94.9093
-94.8564
-94.6827
-94.3215
-93.667
-92.6488
-91.2854
-89.6739
-87.9367
-86.1785
-84.4703
-82.8513
-81.3384
-79.9338
-78.6312
-77.4192
-76.2835
-75.2078
-74.1736
-73.1598
-72.1414
-71.0857
-69.9463
-68.65
-67.0633
-64.9011
-61.3869
-53.3988
-17.7349
47.9607
42.4722
4.45297
-13.7796
-27.4114
-41.6794
-73.2834
-94.3263
-94.9106
-94.8435
-94.6417
-94.2189
-93.4576
-92.3017
-90.8042
-89.0914
-87.2966
-85.52
-83.8215
-82.2297
-80.7527
-79.3866
-78.1211
-76.9424
-75.8347
-74.7803
-73.7598
-72.7508
-71.7257
-70.6478
-69.4631
-68.0814
-66.3299
-63.8088
-59.2915
-46.6894
17.2383
48.9388
28.8948
-13.0958
-27.3338
-41.5914
-72.9346
-94.1495
-94.8907
-94.8598
-94.6969
-94.3517
-93.7196
-92.7257
-91.3819
-89.7817
-88.0478
-86.2874
-84.5735
-82.9476
-81.4274
-80.0161
-78.7075
-77.4905
-76.3508
-75.2721
-74.2362
-73.2223
-72.2053
-71.1534
-70.0214
-68.7381
-67.176
-65.0641
-61.68
-54.206
-22.3422
45.116
42.3449
4.99941
-13.4983
-27.053
-41.0088
-71.8324
-94.2638
-94.9119
-94.8494
-94.6544
-94.2442
-93.5019
-92.3678
-90.8893
-89.1896
-87.4012
-85.6257
-83.9249
-82.3286
-80.8462
-79.4745
-78.2037
-77.0204
-75.9088
-74.8517
-73.8296
-72.8206
-71.7974
-70.7241
-69.5483
-68.1828
-66.4628
-64.0116
-59.6995
-48.1315
11.0109
49.5107
34.7095
-9.53998
-22.9009
-37.2553
-62.8876
-93.0835
-94.8608
-94.8741
-94.7302
-94.4127
-93.8156
-92.8541
-91.531
-89.9372
-88.1989
-86.4279
-84.7013
-83.0625
-81.5307
-80.1091
-78.7918
-77.5677
-76.4225
-75.3399
-74.3016
-73.2871
-72.2718
-71.2244
-70.1011
-68.8335
-67.3002
-65.2478
-62.0136
-55.1096
-27.4094
39.8087
42.8035
6.47705
-13.1051
-26.6294
-40.2721
-70.2121
-94.1787
-94.9122
-94.8545
-94.6662
-94.2696
-93.5496
-92.4431
-90.9908
-89.3103
-87.5326
-85.7601
-84.0567
-82.4546
-80.9645
-79.5848
-78.3062
-77.116
-75.9986
-74.9369
-73.912
-72.9019
-71.88
-70.8113
-69.6447
-68.2968
-66.6113
-64.2361
-60.1419
-49.6209
3.62331
49.7152
39.297
-3.95962
-18.324
-32.6139
-52.1449
-88.5881
-94.7544
-94.8922
-94.7777
-94.5048
-93.9692
-93.0701
-91.7909
-90.2147
-88.4719
-86.6834
-84.934
-83.2719
-81.7185
-80.278
-78.9447
-77.7075
-76.5519
-75.4617
-74.4186
-73.4024
-72.389
-71.3483
-70.2384
-68.9953
-67.5072
-65.5465
-62.5381
-56.4487
-34.4338
39.2006
43.0572
7.21765
-12.9583
-26.4772
-40.0062
-69.6214
-94.1487
-94.9128
-94.858
-94.6766
-94.2963
-93.6057
-92.5386
-91.1261
-89.4766
-87.7175
-85.9519
-84.2468
-82.6373
-81.137
-79.746
-78.4565
-77.2563
-76.1306
-75.0626
-74.0337
-73.0222
-72.0024
-70.9403
-69.7874
-68.465
-66.8283
-64.5592
-60.7588
-51.5666
-7.119
49.5783
42.494
2.67528
-14.656
-28.4928
-43.7523
-77.4791
-94.4716
-94.9054
-94.8243
-94.6002
-94.139
-93.3255
-92.1168
-90.5793
-88.8444
-87.043
-85.2702
-83.5815
-82.0021
-80.538
-79.1844
-77.9302
-76.7612
-75.661
-74.6119
-73.5939
-72.5839
-71.5533
-70.4632
-69.2558
-67.8324
-65.9994
-63.2925
-58.2049
-42.4747
30.0609
45.9672
15.0073
-13.1517
-27.147
-41.2153
-72.3384
-94.2825
-94.91
-94.8575
-94.6841
-94.3227
-93.6671
-92.6466
-91.2803
-89.6658
-87.9265
-86.1672
-84.4586
-82.84
-81.3279
-79.9245
-78.6233
-77.4128
-76.2788
-75.2048
-74.1725
-73.1608
-72.1446
-71.0916
-69.9556
-68.6639
-67.0845
-64.9357
-61.4543
-53.5948
-18.8763
47.4739
42.4007
4.50102
-13.7342
-27.3482
-41.5571
-73.0192
-94.3155
-94.9109
-94.8446
-94.6441
-94.2237
-93.466
-92.3142
-90.8201
-89.1096
-87.3159
-85.5396
-83.841
-82.2489
-80.7715
-79.4052
-78.1398
-76.9615
-75.8544
-74.8011
-73.7822
-72.7754
-71.7534
-70.68
-69.5019
-68.1309
-66.3984
-63.9178
-59.5177
-47.5066
13.8133
49.315
32.2862
-11.4198
-25.1766
-39.1829
-67.5025
-93.724
-94.8785
-94.8677
-94.7148
-94.3842
-93.7701
-92.7925
-91.4587
-89.8612
-88.1247
-86.3587
-84.6386
-83.0066
-81.4812
-80.0656
-78.7536
-77.5343
-76.3932
-75.3142
-74.279
-73.2669
-72.2535
-71.2073
-70.0843
-68.8157
-67.2791
-65.2184
-61.961
-54.9675
-26.6097
39.7554
42.8515
6.58413
-13.0845
-26.61
-40.2427
-70.1492
-94.1747
-94.9121
-94.8544
-94.6658
-94.2681
-93.5457
-92.4359
-90.98
-89.2967
-87.5172
-85.7443
-84.0415
-82.4406
-80.9523
-79.5746
-78.2983
-77.1102
-75.9951
-74.9358
-73.9132
-72.9056
-71.8865
-70.8211
-69.6587
-68.3168
-66.6408
-64.2845
-60.2406
-49.9505
1.86515
49.723
40.0456
-2.70435
-17.4722
-31.6706
-50.1154
-86.7388
-94.712
-94.8955
-94.7877
-94.5251
-94.0044
-93.1218
-91.8553
-90.2852
-88.5426
-86.7508
-84.9964
-83.3293
-81.7713
-80.327
-78.9908
-77.7515
-76.5948
-75.5042
-74.4618
-73.4473
-72.4369
-71.4011
-70.2991
-69.0686
-67.6021
-65.6829
-62.7724
-57.0158
-37.1814
37.5714
43.6184
8.55813
-12.8147
-26.3767
-39.9462
-69.5015
-94.1422
-94.9124
-94.8592
-94.681
-94.3081
-93.6304
-92.5799
-91.1836
-89.5464
-87.7943
-86.0313
-84.3254
-82.7133
-81.2096
-79.8151
-78.5224
-77.3196
-76.1922
-75.1235
-74.095
-73.0855
-72.0695
-71.0139
-69.8717
-68.5673
-66.9631
-64.7612
-61.1386
-52.6993
-13.6888
48.9943
42.7137
4.17881
-13.9931
-27.703
-42.2483
-74.4942
-94.3715
-94.9087
-94.8373
-94.6284
-94.1931
-93.4139
-92.2388
-90.7256
-89.003
-87.2042
-85.428
-83.7328
-82.1459
-80.6745
-79.3143
-78.0546
-76.8814
-75.7787
-74.7289
-73.7123
-72.7064
-71.6837
-70.6071
-69.4221
-68.0375
-66.2781
-63.7362
-59.1526
-46.1957
19.1218
48.6519
26.8377
-13.6796
-28.0716
-42.9394
-75.7263
-94.2975
-94.8945
-94.8544
-94.6853
-94.3309
-93.6877
-92.6837
-91.3337
-89.7317
-87.9995
-86.2426
-84.5333
-82.9122
-81.3968
-79.9901
-78.6859
-77.4731
-76.3374
-75.2626
-74.2305
-73.2203
-72.2073
-71.1596
-70.0327
-68.7559
-67.2032
-65.1082
-61.7635
-54.4348
-23.6301
43.796
42.4173
5.36248
-13.3746
-26.91
-40.7511
-71.2678
-94.2361
-94.9121
-94.8512
-94.6583
-94.2521
-93.5158
-92.3889
-90.917
-89.222
-87.4364
-85.662
-83.9613
-82.3646
-80.8816
-79.5096
-78.2388
-77.056
-75.9455
-74.8901
-73.8707
-72.8653
-71.8475
-70.7819
-69.6175
-68.2704
-66.5831
-64.2007
-60.0808
-49.4309
4.59847
49.7053
38.8245
-4.69311
-18.855
-33.1936
-53.4233
-89.5288
-94.7759
-94.8899
-94.771
-94.4916
-93.9464
-93.0371
-91.7503
-90.1706
-88.4283
-86.6428
-84.8978
-83.2406
-81.6921
-80.2565
-78.9279
-77.6952
-76.5439
-75.4578
-74.4189
-73.4069
-72.3979
-71.3621
-70.2582
-69.0229
-67.5465
-65.6061
-62.6433
-56.7055
-35.6803
38.6021
43.2803
7.76576
-12.8822
-26.4126
-39.9631
-69.528
-94.1438
-94.9127
-94.8587
-94.6788
-94.3021
-93.6177
-92.5586
-91.1539
-89.5107
-87.7554
-85.9918
-84.2872
-82.6775
-81.1768
-79.7855
-78.496
-77.2962
-76.1715
-75.1053
-74.0788
-73.0711
-72.0566
-71.0022
-69.8606
-68.5563
-66.9512
-64.7459
-61.1127
-52.6265
-13.2664
49.0605
42.7389
4.15409
-14.0139
-27.7317
-42.3049
-74.6133
-94.3758
-94.9084
-94.8365
-94.6269
-94.1901
-93.409
-92.2319
-90.7171
-88.9937
-87.1948
-85.419
-83.7246
-82.1387
-80.6684
-79.3094
-78.051
-76.8791
-75.7776
-74.7291
-73.7139
-72.7095
-71.6885
-70.614
-69.4317
-68.0511
-66.2984
-63.7704
-59.2262
-46.4719
18.0576
48.8193
27.9866
-13.4039
-27.7258
-42.3047
-74.4309
-94.229
-94.8923
-94.8566
-94.6903
-94.3399
-93.7015
-92.7018
-91.3544
-89.7531
-88.0202
-86.262
-84.5512
-82.9287
-81.4123
-80.0049
-78.7003
-77.4873
-76.3519
-75.2776
-74.2463
-73.2375
-72.2263
-71.1814
-70.0585
-68.7881
-67.2462
-65.1726
-61.8803
-54.7498
-25.3892
41.4919
42.6367
6.04846
-13.1904
-26.7113
-40.4035
-70.5025
-94.1953
-94.9122
-94.8535
-94.6634
-94.2627
-93.5352
-92.4189
-90.9569
-89.2691
-87.4874
-85.7143
-84.0129
-82.4145
-80.9292
-79.5548
-78.2819
-77.0973
-75.9856
-74.9296
-73.9103
-72.9061
-71.8906
-70.8291
-69.6716
-68.3363
-66.6707
-64.3343
-60.3426
-50.2851
0.0432041
49.7197
40.7117
-1.46506
-16.7031
-30.8075
-48.3148
-84.6772
-94.6638
-94.8983
-94.797
-94.5438
-94.0373
-93.1708
-91.9171
-90.3536
-88.6121
-86.8177
-85.0593
-83.3878
-81.8259
-80.3785
-79.04
-77.7992
-76.6418
-75.5515
-74.5104
-73.4983
-72.492
-71.4623
-70.3696
-69.1539
-67.7123
-65.8403
-63.0387
-57.6392
-40.0355
34.4283
44.6276
11.1156
-12.7774
-26.4792
-40.0355
-69.7342
-94.1545
-94.9115
-94.8602
-94.6862
-94.322
-93.6593
-92.6277
-91.2492
-89.6249
-87.8798
-86.1187
-84.4114
-82.7961
-81.2886
-79.8903
-78.5945
-77.3893
-76.2605
-75.1915
-74.164
-73.1573
-72.1462
-71.0987
-69.9693
-68.6861
-67.1195
-64.9936
-61.5667
-53.9148
-20.725
46.407
42.3148
4.62565
-13.6529
-27.2402
-41.3538
-72.5785
-94.2969
-94.9113
-94.8465
-94.6484
-94.2324
-93.4816
-92.3379
-90.8512
-89.1462
-87.356
-85.5814
-83.8835
-82.2915
-80.8142
-79.4481
-78.1832
-77.0059
-75.9004
-74.8495
-73.8339
-72.8317
-71.8163
-70.7523
-69.5882
-68.2397
-66.5476
-64.1523
-59.9927
-49.1493
6.02406
49.6831
38.0594
-5.79892
-19.7006
-34.1002
-55.4668
-90.7294
-94.8034
-94.8863
-94.7611
-94.4719
-93.913
-92.9894
-91.6923
-90.1084
-88.3673
-86.5862
-84.8471
-83.1963
-81.654
-80.2241
-78.9007
-77.6727
-76.5257
-75.4435
-74.4081
-73.3993
-72.3934
-71.3605
-70.2596
-69.0276
-67.5553
-65.6211
-62.6702
-56.7693
-35.9739
38.4334
43.3495
7.94908
-12.8558
-26.3886
-39.9458
-69.4892
-94.1418
-94.9128
-94.859
-94.6798
-94.3043
-93.622
-92.5655
-91.1634
-89.5223
-87.7686
-86.0061
-84.3023
-82.6934
-81.1934
-79.8029
-78.5144
-77.3159
-76.1926
-75.1282
-74.104
-73.0992
-72.0884
-71.0391
-69.9049
-68.6119
-67.026
-64.8591
-61.3245
-53.2383
-16.8234
48.2692
42.5023
4.3074
-13.8581
-27.5126
-41.8731
-73.6963
-94.3422
-94.9099
-94.8415
-94.6377
-94.2115
-93.4456
-92.285
-90.7838
-89.0692
-87.2744
-85.4994
-83.8039
-82.2158
-80.7432
-79.3819
-78.1217
-76.9486
-75.8468
-74.7988
-73.7854
-72.7845
-71.7691
-70.7035
-69.5356
-68.179
-66.4705
-64.0382
-59.7713
-48.4089
9.65248
49.5747
35.7104
-8.6013
-22.0567
-36.4756
-61.0266
-92.6933
-94.8503
-94.8766
-94.7365
-94.4247
-93.8349
-92.8804
-91.562
-89.9702
-88.2318
-86.46
-84.7327
-83.0939
-81.5628
-80.1428
-78.8279
-77.607
-76.4658
-75.3882
-74.3561
-73.3493
-72.3438
-71.3095
-70.2043
-68.964
-67.4755
-65.5079
-62.4753
-56.2886
-33.5825
39.5172
42.983
7.10418
-12.9555
-26.4616
-39.9886
-69.5732
-94.1462
-94.913
-94.8584
-94.6769
-94.2961
-93.604
-92.5347
-91.12
-89.4691
-87.71
-85.9459
-84.2434
-82.6375
-81.1415
-79.7553
-78.471
-77.2763
-76.1565
-75.0949
-74.073
-73.0697
-72.0597
-71.0102
-69.8744
-68.5776
-66.9837
-64.7989
-61.2159
-52.9315
-15.0468
48.7362
42.6186
4.2216
-13.9385
-27.6248
-42.0929
-74.1649
-94.3597
-94.9092
-94.8391
-94.6324
-94.2012
-93.4281
-92.2595
-90.7519
-89.0334
-87.2371
-85.4625
-83.7684
-82.1825
-80.7122
-79.3534
-78.0955
-76.9245
-75.8246
-74.7783
-73.7662
-72.7662
-71.7514
-70.6858
-69.5171
-68.1585
-66.4453
-64.0018
-59.7015
-48.1727
10.7583
49.5219
34.8656
-9.42957
-22.8023
-37.1697
-62.686
-93.0439
-94.8593
-94.8739
-94.7299
-94.4121
-93.8146
-92.8527
-91.5294
-89.9358
-88.1984
-86.4291
-84.7049
-83.0693
-81.5412
-80.124
-78.8116
-77.5929
-76.4536
-75.3776
-74.3469
-73.3412
-72.3367
-71.3029
-70.1981
-68.9576
-67.4681
-65.4979
-62.4581
-56.2448
-33.3536
39.588
42.9641
7.07029
-12.9576
-26.4613
-39.9871
-69.5684
-94.1459
-94.9131
-94.8585
-94.6769
-94.2958
-93.6032
-92.5331
-91.1175
-89.466
-87.7066
-85.9426
-84.2405
-82.6352
-81.14
-79.7545
-78.4711
-77.2773
-76.1583
-75.0976
-74.0767
-73.0745
-72.0658
-71.0178
-69.884
-68.5901
-67.0009
-64.8255
-61.2661
-53.0761
-15.8868
48.5366
42.5615
4.25606
-13.9023
-27.5736
-41.9921
-73.9509
-94.3518
-94.9096
-94.8402
-94.635
-94.2062
-93.4367
-92.2722
-90.768
-89.0517
-87.2567
-85.4824
-83.7882
-82.202
-80.7313
-79.3721
-78.1139
-76.9428
-75.843
-74.7971
-73.7857
-72.7869
-71.7738
-70.7109
-69.5464
-68.1947
-66.4941
-64.0776
-59.8538
-48.6957
8.25491
49.6263
36.676
-7.55626
-21.1461
-35.5879
-58.9207
-92.1207
-94.8361
-94.8801
-94.7452
-94.4412
-93.8618
-92.9178
-91.6065
-90.0175
-88.2786
-86.5044
-84.774
-83.1321
-81.5984
-80.1763
-78.86
-77.6381
-76.4966
-75.4192
-74.388
-73.3829
-72.3802
-71.3501
-70.2514
-69.0213
-67.5502
-65.6161
-62.6628
-56.7485
-35.8522
38.5156
43.3385
7.95085
-12.8463
-26.3743
-39.933
-69.4571
-94.1402
-94.9129
-94.8594
-94.6804
-94.3053
-93.6234
-92.5674
-91.1658
-89.5253
-87.7724
-86.0108
-84.3082
-82.7007
-81.2023
-79.8135
-78.5268
-77.3302
-76.2091
-75.147
-74.1255
-73.1239
-72.1171
-71.0731
-69.9461
-68.6641
-67.0965
-64.9653
-61.5205
-53.7903
-20.0041
46.8646
42.3308
4.52857
-13.7005
-27.3002
-41.4654
-72.8192
-94.3072
-94.9111
-94.8457
-94.6466
-94.2292
-93.4761
-92.3299
-90.8415
-89.1358
-87.3459
-85.5727
-83.8768
-82.2874
-80.8128
-79.4497
-78.188
-77.0139
-75.9118
-74.8644
-73.8528
-72.8551
-71.845
-70.7877
-69.633
-68.2984
-66.6301
-64.2829
-60.2546
-50.0193
1.45481
49.7225
40.1906
-2.45663
-17.3138
-31.4946
-49.7454
-86.35
-94.7029
-94.896
-94.7892
-94.5282
-94.0099
-93.1301
-91.8661
-90.2978
-88.5569
-86.7666
-85.0143
-83.3497
-81.7948
-80.3542
-79.0222
-77.7876
-76.6362
-75.5516
-74.5162
-73.51
-72.5099
-71.4871
-70.4029
-69.1984
-67.7735
-65.9305
-63.1912
-57.986
-41.5282
31.9769
45.3975
13.2917
-12.9263
-26.78
-40.55
-70.8882
-94.2165
-94.9109
-94.8595
-94.6867
-94.3259
-93.6696
-92.6471
-91.2782
-89.6618
-87.9221
-86.1642
-84.4585
-82.8441
-81.3371
-79.9394
-78.6444
-77.4407
-76.3138
-75.2477
-74.2241
-73.2225
-72.2185
-71.181
-70.0663
-68.8058
-67.2777
-65.2276
-61.9881
-55.0474
-27.0485
39.7939
42.8412
6.60022
-13.075
-26.5958
-40.2152
-70.0821
-94.1711
-94.9123
-94.8551
-94.6674
-94.2716
-93.5521
-92.4459
-90.9941
-89.3146
-87.5387
-85.769
-84.0695
-82.472
-80.9873
-79.6135
-78.3416
-77.1585
-76.049
-74.9963
-73.9815
-72.9835
-71.9766
-70.9275
-69.7884
-68.4822
-66.8676
-64.6355
-60.9227
-52.0865
-10.1629
49.4046
42.8945
3.91656
-14.1821
-27.9593
-42.7579
-75.5609
-94.4085
-94.9067
-94.831
-94.6148
-94.1668
-93.3707
-92.1787
-90.6535
-88.9255
-87.1271
-85.3552
-83.6668
-82.088
-80.6252
-79.2738
-78.0228
-76.8583
-75.764
-74.7226
-73.7146
-72.7179
-71.7051
-70.6404
-69.4706
-68.1078
-66.3841
-63.9148
-59.5354
-47.6047
13.3134
49.3529
32.6814
-11.1979
-24.891
-38.967
-66.9905
-93.6655
-94.8763
-94.8678
-94.7153
-94.3852
-93.7719
-92.7953
-91.4626
-89.8665
-88.1317
-86.368
-84.6507
-83.0223
-81.5012
-80.0903
-78.7837
-77.5702
-76.4357
-75.364
-74.3373
-73.3352
-72.334
-71.3036
-70.2021
-68.9654
-67.4808
-65.5178
-62.4928
-56.3265
-33.7435
39.4894
43.0281
7.26409
-12.9158
-26.4165
-39.9529
-69.4888
-94.1419
-94.9133
-94.8591
-94.6785
-94.2991
-93.6093
-92.5426
-91.1304
-89.4818
-87.7246
-85.9621
-84.2611
-82.6567
-81.1623
-79.7779
-78.4955
-77.3031
-76.1858
-75.1272
-74.1089
-73.1101
-72.1059
-71.0641
-69.9391
-68.6589
-67.093
-64.9636
-61.5208
-53.795
-20.0365
46.8448
42.3277
4.52672
-13.7002
-27.2996
-41.464
-72.8165
-94.3071
-94.9111
-94.8458
-94.6468
-94.2295
-93.4768
-92.3312
-90.8434
-89.1385
-87.3494
-85.5771
-83.8822
-82.2938
-80.8203
-79.4584
-78.1979
-77.0251
-75.9246
-74.8789
-73.8693
-72.874
-71.867
-70.8139
-69.665
-68.3395
-66.6866
-64.3711
-60.4288
-50.5814
-1.62399
49.706
41.2199
-0.441606
-16.1241
-30.1548
-46.991
-82.8848
-94.6203
-94.9003
-94.804
-94.5581
-94.0627
-93.2089
-91.9659
-90.409
-88.6702
-86.8761
-85.1171
-83.4451
-81.8832
-80.4365
-79.0995
-77.861
-76.7068
-75.6207
-74.5851
-73.5802
-72.5834
-71.5665
-70.4919
-69.3033
-67.9056
-66.1142
-63.4918
-58.6508
-44.2754
25.486
47.2713
19.7686
-13.7969
-28.1197
-43.0052
-75.9851
-94.3959
-94.9054
-94.8528
-94.6781
-94.3159
-93.6622
-92.6474
-91.2895
-89.684
-87.9528
-86.2002
-84.4974
-82.8839
-81.3768
-79.9786
-78.683
-77.4788
-76.3518
-75.286
-74.2634
-73.2635
-72.2624
-71.2293
-70.1213
-68.8716
-67.3624
-65.3491
-62.2001
-55.5895
-29.9379
40.0182
42.8194
6.72848
-13.0088
-26.5053
-40.0447
-69.6896
-94.1513
-94.9131
-94.8577
-94.6738
-94.2863
-93.5813
-92.494
-91.0608
-89.3956
-87.6284
-85.8622
-84.1624
-82.5622
-81.0737
-79.6958
-78.4199
-77.2335
-76.1216
-75.0674
-74.0524
-73.0558
-72.0524
-71.0095
-69.881
-68.593
-67.0114
-64.8481
-61.3156
-53.2272
-16.7836
48.2796
42.4951
4.27442
-13.8707
-27.5275
-41.9012
-73.7562
-94.3446
-94.9099
-94.8413
-94.6373
-94.2109
-93.4451
-92.285
-90.7849
-89.072
-87.2794
-85.507
-83.8143
-82.2294
-80.7601
-79.4025
-78.1462
-76.9773
-75.8801
-74.8373
-73.8298
-72.836
-71.8296
-70.7759
-69.6247
-68.294
-66.6303
-64.2904
-60.2783
-50.1114
0.925624
49.7215
40.3759
-2.13017
-17.1093
-31.2665
-49.2687
-85.8228
-94.6905
-94.8966
-94.7915
-94.5327
-94.0179
-93.1422
-91.8816
-90.3154
-88.5752
-86.7851
-85.0327
-83.3682
-81.8137
-80.3738
-79.0428
-77.8096
-76.66
-75.5776
-74.5448
-73.542
-72.5461
-71.5291
-70.4528
-69.26
-67.8539
-66.045
-63.3816
-58.4115
-43.3057
28.1092
46.553
17.0271
-13.4182
-27.5588
-41.962
-73.9049
-94.3402
-94.9086
-94.8558
-94.6821
-94.3211
-93.6675
-92.6511
-91.2902
-89.6816
-87.9479
-86.1939
-84.4906
-82.8773
-81.371
-79.9738
-78.6793
-77.4764
-76.3508
-75.2863
-74.2651
-73.2668
-72.2673
-71.2362
-70.1307
-68.8846
-67.3809
-65.3779
-62.2527
-55.7265
-30.6653
40.0133
42.8236
6.75221
-13.0034
-26.4989
-40.0325
-69.6613
-94.15
-94.9132
-94.8581
-94.6748
-94.289
-93.5872
-92.5041
-91.0752
-89.4135
-87.6486
-85.8836
-84.1841
-82.5838
-81.0949
-79.7165
-78.4403
-77.2536
-76.1417
-75.0879
-74.0736
-73.0782
-72.0766
-71.0366
-69.9123
-68.6313
-67.062
-64.9232
-61.4533
-53.6161
-19.0286
47.3929
42.3635
4.41297
-13.7631
-27.3809
-41.6174
-73.1463
-94.3206
-94.9107
-94.8442
-94.6436
-94.2234
-93.4665
-92.3163
-90.8248
-89.1177
-87.3281
-85.5565
-83.8631
-82.2769
-80.8059
-79.4466
-78.1887
-77.0186
-75.9206
-74.8776
-73.8706
-72.8781
-71.8742
-70.8247
-69.6804
-68.3614
-66.719
-64.424
-60.5353
-50.9248
-3.55874
49.6775
41.7295
0.69232
-15.5401
-29.4944
-45.682
-80.8721
-94.5686
-94.9023
-94.8115
-94.5735
-94.0903
-93.2508
-92.0199
-90.4701
-88.7335
-86.9383
-85.1766
-83.5013
-81.9363
-80.487
-79.148
-77.9082
-76.7534
-75.6675
-74.6328
-73.6299
-72.6364
-71.6247
-70.558
-69.3818
-68.0049
-66.252
-63.714
-59.1264
-46.1132
19.3984
48.6032
26.5188
-13.7456
-28.1542
-43.093
-76.034
-94.3137
-94.8949
-94.8536
-94.6837
-94.3283
-93.6843
-92.6802
-91.331
-89.7311
-88.002
-86.2493
-84.5449
-82.9294
-81.4203
-80.0203
-78.7234
-77.5183
-76.3911
-75.3256
-74.3041
-73.3064
-72.3086
-71.2805
-70.1802
-68.943
-67.455
-65.4829
-62.4325
-56.1723
-32.9421
39.7411
42.9737
7.18872
-12.9095
-26.3995
-39.9361
-69.4441
-94.1393
-94.9135
-94.8594
-94.6787
-94.2985
-93.6068
-92.5372
-91.1218
-89.4709
-87.7126
-85.9503
-84.2507
-82.6484
-81.1566
-79.775
-78.4957
-77.3064
-76.1924
-75.1371
-74.1223
-73.1274
-72.1277
-71.0914
-69.9738
-68.7042
-67.1555
-65.0588
-61.6969
-54.2824
-22.8148
44.6548
42.3236
4.98163
-13.505
-27.0609
-41.025
-71.8652
-94.2646
-94.9118
-94.8494
-94.6547
-94.2455
-93.5052
-92.374
-90.8995
-89.2041
-87.4206
-85.6504
-83.9553
-82.3655
-80.8901
-79.5262
-78.264
-77.0902
-75.9893
-74.9443
-73.9365
-72.9445
-71.9429
-70.8983
-69.7627
-68.4592
-66.8456
-64.6117
-60.8885
-51.9982
-9.68035
49.4394
42.8548
3.75022
-14.2455
-28.0325
-42.896
-75.8374
-94.418
-94.9064
-94.8297
-94.612
-94.1617
-93.3627
-92.1684
-90.6421
-88.9144
-87.1174
-85.3478
-83.6622
-82.0864
-80.6269
-79.2788
-78.0314
-76.8705
-75.7801
-74.7429
-73.7396
-72.7482
-71.742
-70.6857
-69.5277
-68.1828
-66.4902
-64.0852
-59.886
-48.8296
7.54771
49.6459
37.1005
-7.08279
-20.7475
-35.1896
-57.9895
-91.8088
-94.8283
-94.8814
-94.7486
-94.4477
-93.8726
-92.933
-91.6252
-90.0383
-88.3005
-86.5271
-84.7976
-83.1573
-81.6255
-80.206
-78.8927
-77.6744
-76.5371
-75.4646
-74.4393
-73.4412
-72.4474
-71.4288
-70.3462
-69.1396
-67.7066
-65.843
-63.0504
-57.6624
-40.0812
34.3876
44.6775
11.329
-12.7522
-26.452
-40.0078
-69.6658
-94.1512
-94.9118
-94.8612
-94.6884
-94.3264
-93.6669
-92.639
-91.2644
-89.6439
-87.9025
-86.1454
-84.4424
-82.8319
-81.3296
-79.9371
-78.6474
-77.4491
-76.3278
-75.2674
-74.2499
-73.2551
-72.2589
-71.2309
-70.1286
-68.8861
-67.387
-65.3908
-62.2797
-55.8
-31.0551
39.988
42.8181
6.72362
-13.0148
-26.513
-40.0567
-69.7157
-94.1531
-94.9132
-94.8581
-94.6753
-94.2903
-93.5902
-92.5095
-91.0832
-89.4238
-87.6607
-85.8971
-84.1987
-82.5993
-81.1113
-79.7338
-78.4586
-77.2733
-76.1628
-75.1107
-74.0986
-73.106
-72.108
-71.0729
-69.9556
-68.6855
-67.1343
-65.0312
-61.6508
-54.1619
-22.1457
45.2808
42.2976
4.81217
-13.5682
-27.1356
-41.1611
-72.1606
-94.2783
-94.9117
-94.8484
-94.6525
-94.2412
-93.4977
-92.363
-90.8855
-89.1884
-87.4044
-85.6347
-83.9409
-82.3528
-80.8793
-79.5174
-78.2572
-77.0853
-75.9863
-74.9431
-73.9371
-72.9471
-71.9475
-70.9053
-69.7727
-68.4732
-66.8661
-64.6445
-60.9523
-52.1922
-10.8087
49.3481
42.8558
3.93314
-14.1603
-27.9275
-42.693
-75.4248
-94.404
-94.907
-94.8318
-94.6166
-94.1706
-93.3775
-92.1892
-90.6674
-88.9425
-87.1468
-85.3774
-83.6915
-82.1152
-80.6552
-79.3068
-78.0592
-76.8984
-75.8085
-74.7721
-73.7701
-72.7808
-71.7777
-70.726
-69.575
-68.2415
-66.5695
-64.2079
-60.1297
-49.6451
3.3786
49.7144
39.3498
-3.93109
-18.3091
-32.6028
-52.1274
-88.5747
-94.7535
-94.8916
-94.7764
-94.5022
-93.9647
-93.0639
-91.7841
-90.2091
-88.4695
-86.6862
-84.9435
-83.2896
-81.7455
-80.3153
-78.9932
-77.768
-76.6255
-75.5495
-74.5225
-73.5249
-72.5339
-71.5213
-70.4493
-69.261
-67.8599
-66.0576
-63.4052
-58.4633
-43.4999
27.6262
46.6974
17.5705
-13.4827
-27.6564
-42.1396
-74.2663
-94.3513
-94.9082
-94.8556
-94.6822
-94.3217
-93.6691
-92.6543
-91.2953
-89.6887
-87.9569
-86.2048
-84.5033
-82.892
-81.3877
-79.9927
-78.7007
-77.5003
-76.3776
-75.3163
-74.2988
-73.305
-72.3112
-71.2874
-70.1921
-68.9612
-67.4824
-65.5262
-62.5113
-56.3707
-33.9477
39.4569
43.0759
7.43251
-12.8765
-26.3723
-39.9184
-69.4049
-94.1372
-94.9136
-94.86
-94.6804
-94.3029
-93.6156
-92.5518
-91.1423
-89.4963
-87.7414
-85.9812
-84.2827
-82.681
-81.1895
-79.8082
-78.5294
-77.3408
-76.2279
-75.1742
-74.1617
-73.17
-72.1746
-71.1445
-70.036
-68.7805
-67.2561
-65.2069
-61.9621
-54.9887
-26.7312
39.759
42.8409
6.56899
-13.0886
-26.6137
-40.2483
-70.1581
-94.1749
-94.9122
-94.8549
-94.6671
-94.271
-93.5512
-92.4446
-90.9928
-89.314
-87.5397
-85.7725
-84.0761
-82.4824
-81.002
-79.6329
-78.3659
-77.188
-76.0843
-75.0378
-74.0301
-73.0405
-72.0438
-71.008
-69.8871
-68.6086
-67.0402
-64.8996
-61.42
-53.5351
-18.5831
47.5988
42.3722
4.32879
-13.8048
-27.4336
-41.7181
-73.3627
-94.3294
-94.9105
-94.8433
-94.6416
-94.2198
-93.4609
-92.3091
-90.8167
-89.1099
-87.3215
-85.5519
-83.861
-82.2774
-80.8094
-79.4531
-78.1984
-77.0316
-75.9372
-74.8979
-73.8951
-72.9076
-71.9096
-70.8678
-69.734
-68.431
-66.8156
-64.5748
-60.8284
-51.8332
-8.7589
49.4961
42.7157
3.30849
-14.4098
-28.218
-43.2425
-76.5163
-94.4408
-94.9058
-94.8271
-94.6065
-94.1513
-93.3462
-92.1465
-90.6169
-88.8885
-87.0929
-85.3259
-83.6435
-82.0712
-80.6153
-79.2708
-78.0269
-76.8694
-75.7825
-74.7487
-73.749
-72.7616
-71.76
-70.7093
-69.5586
-68.2245
-66.55
-64.1817
-60.0819
-49.4917
4.17684
49.7074
38.9722
-4.52723
-18.738
-33.0723
-53.1613
-89.3494
-94.7712
-94.8898
-94.7711
-94.4918
-93.9467
-93.0378
-91.7522
-90.1748
-88.436
-86.6553
-84.9163
-83.2662
-81.7259
-80.2991
-78.9802
-77.7579
-76.6179
-75.5444
-74.5197
-73.5242
-72.5353
-71.525
-70.4555
-69.2702
-67.8733
-66.0776
-63.4389
-58.5364
-43.79
26.8677
46.9119
18.3823
-13.5905
-27.8171
-42.4354
-74.8624
-94.3683
-94.9074
-94.855
-94.6814
-94.321
-93.6689
-92.6552
-91.2977
-89.6926
-87.9623
-86.2113
-84.5109
-82.9005
-81.3971
-80.0029
-78.7118
-77.5125
-76.3908
-75.3309
-74.315
-73.323
-72.3316
-71.311
-70.22
-68.9957
-67.5277
-65.5918
-62.6243
-56.6454
-35.2952
38.8905
43.2872
7.95466
-12.8059
-26.3124
-39.8778
-69.3172
-94.1326
-94.9136
-94.8608
-94.6829
-94.3091
-93.6283
-92.5728
-91.1715
-89.5318
-87.7808
-86.0224
-84.324
-82.7216
-81.2289
-79.8464
-78.5665
-77.3771
-76.2638
-75.2103
-74.1987
-73.2085
-72.2157
-71.1898
-70.0879
-68.843
-67.3369
-65.324
-62.1682
-55.5211
-29.5893
39.9967
42.7843
6.58532
-13.053
-26.5578
-40.1368
-69.8963
-94.1624
-94.913
-94.8572
-94.6728
-94.2844
-93.578
-92.489
-91.0546
-89.3893
-87.6233
-85.8595
-84.1629
-82.5668
-81.0828
-79.7097
-78.4389
-77.2579
-76.1516
-75.1036
-74.0955
-73.1068
-72.1129
-71.0824
-69.9706
-68.7076
-67.1674
-65.084
-61.7507
-54.438
-23.7069
43.6867
42.3681
5.19043
-13.436
-26.9825
-40.8857
-71.5617
-94.2497
-94.9119
-94.8504
-94.6571
-94.2506
-93.5146
-92.3891
-90.9202
-89.2297
-87.4498
-85.6821
-83.9888
-82.4004
-80.9263
-79.5637
-78.3031
-77.1312
-76.0327
-74.9908
-73.9869
-73.0001
-72.0053
-70.9702
-69.8484
-68.5664
-66.9898
-64.8302
-61.2987
-53.2002
-16.6646
48.3118
42.4864
4.2108
-13.8974
-27.5602
-41.9634
-73.8881
-94.3496
-94.9097
-94.8406
-94.636
-94.2088
-93.4422
-92.2821
-90.783
-89.0721
-87.2824
-85.5134
-83.8245
-82.2438
-80.7788
-79.4258
-78.1743
-77.0106
-75.919
-74.8824
-73.8822
-72.8969
-71.9011
-70.8615
-69.73
-68.4294
-66.8172
-64.5813
-60.8461
-51.8951
-9.13547
49.4732
42.7637
3.45277
-14.3561
-28.1583
-43.1323
-76.3029
-94.4336
-94.9059
-94.8278
-94.608
-94.1542
-93.351
-92.1532
-90.6252
-88.8981
-87.1032
-85.3368
-83.6549
-82.0832
-80.6279
-79.2842
-78.0412
-76.8848
-75.7992
-74.767
-73.7692
-72.7843
-71.7859
-70.7396
-69.5953
-68.2712
-66.6143
-64.282
-60.2813
-50.1484
0.67609
49.7196
40.4378
-2.04465
-17.0594
-31.2134
-49.1614
-85.7007
-94.6874
-94.8966
-94.7915
-94.5328
-94.018
-93.1425
-91.8825
-90.3176
-88.5795
-86.7921
-85.0431
-83.3824
-81.8322
-80.397
-79.0711
-77.8432
-76.6993
-75.6233
-74.5977
-73.6031
-72.6174
-71.6131
-70.5538
-69.3854
-68.0177
-66.2772
-63.7609
-59.2282
-46.4795
18.0206
48.8257
28.0532
-13.3651
-27.6749
-42.209
-74.2334
-94.2214
-94.8924
-94.8573
-94.6917
-94.3427
-93.7067
-92.7102
-91.3666
-89.7695
-88.0416
-86.2893
-84.5853
-82.9706
-81.4628
-80.0647
-78.7703
-77.5684
-76.445
-75.3843
-74.3685
-73.378
-72.3896
-71.3741
-70.2914
-69.0805
-67.6357
-65.7448
-62.8828
-57.2589
-38.1951
36.7462
44.004
9.72151
-12.6812
-26.2583
-39.8503
-69.2769
-94.1309
-94.9131
-94.8621
-94.6881
-94.3228
-93.6566
-92.6197
-91.2363
-89.6099
-87.8664
-86.1105
-84.4111
-82.8057
-81.3093
-79.9228
-78.6393
-77.4471
-76.3317
-75.2772
-74.2657
-73.2771
-72.2878
-71.268
-70.1761
-68.948
-67.4713
-65.5162
-62.4999
-56.3489
-33.8429
39.4835
43.043
7.32306
-12.9032
-26.4022
-39.9414
-69.457
-94.1395
-94.9135
-94.86
-94.6805
-94.3031
-93.6159
-92.5522
-91.1429
-89.4973
-87.7431
-85.9841
-84.287
-82.6871
-81.1977
-79.8187
-78.5422
-77.3563
-76.2461
-75.1956
-74.1866
-73.1988
-72.2083
-71.1846
-70.0848
-68.8422
-67.3388
-65.3297
-62.1815
-55.5591
-29.7962
39.9993
42.7818
6.58214
-13.0534
-26.558
-40.1366
-69.8956
-94.1625
-94.913
-94.8573
-94.6732
-94.2853
-93.58
-92.4926
-91.0598
-89.3961
-87.6313
-85.8684
-84.1726
-82.5772
-81.0938
-79.7214
-78.4514
-77.2713
-76.1661
-75.1194
-74.1129
-73.1262
-72.135
-71.108
-70.0012
-68.7458
-67.2186
-65.1602
-61.8882
-54.8061
-25.7525
40.931
42.6597
6.06886
-13.2013
-26.7304
-40.4429
-70.5906
-94.1989
-94.9121
-94.8534
-94.6638
-94.2643
-93.5393
-92.4269
-90.97
-89.2882
-87.5132
-85.7471
-84.0531
-82.4627
-80.986
-79.6207
-78.3577
-77.1838
-76.084
-75.0414
-74.0379
-73.0526
-72.0608
-71.0307
-69.9174
-68.6493
-67.0979
-64.9892
-61.5881
-54.0078
-21.3008
45.9775
42.2764
4.60582
-13.6509
-27.2351
-41.3443
-72.5579
-94.296
-94.9113
-94.8468
-94.6492
-94.2349
-93.4875
-92.349
-90.8689
-89.1711
-87.3881
-85.6209
-83.9303
-82.346
-80.8766
-79.519
-78.2633
-77.096
-76.0017
-74.9636
-73.9631
-72.9793
-71.9872
-70.9543
-69.8345
-68.5538
-66.9781
-64.818
-61.2826
-53.1642
-16.4763
48.3669
42.4936
4.18423
-13.9124
-27.5795
-42.0008
-73.968
-94.3526
-94.9096
-94.8402
-94.6351
-94.2071
-93.4396
-92.2787
-90.7793
-89.0687
-87.2798
-85.5119
-83.8244
-82.2451
-80.7818
-79.4304
-78.1806
-77.0187
-75.929
-74.8945
-73.8966
-72.9141
-71.9216
-70.8863
-69.7608
-68.4693
-66.8723
-64.6666
-61.0097
-52.3877
-12.0016
49.2226
42.7733
3.93936
-14.1273
-27.8774
-42.5899
-75.2078
-94.3967
-94.9074
-94.8332
-94.6198
-94.177
-93.3887
-92.2059
-90.6893
-88.9685
-87.1759
-85.4091
-83.7255
-82.1515
-80.6939
-79.3482
-78.1037
-76.9464
-75.8606
-74.8291
-73.8332
-72.8515
-71.8583
-70.8201
-69.6885
-68.3855
-66.7663
-64.513
-60.7268
-51.5504
-7.18278
49.5711
42.4471
2.50367
-14.7307
-28.5815
-43.9271
-77.812
-94.4814
-94.9047
-94.8222
-94.596
-94.1317
-93.3155
-92.1059
-90.5705
-88.841
-87.0477
-85.2851
-83.6082
-82.0419
-80.5919
-79.2533
-78.0151
-76.8633
-75.7818
-74.7535
-73.7595
-72.7781
-71.7832
-70.7407
-69.6006
-68.2818
-66.6327
-64.3143
-60.3488
-50.3689
-0.528384
49.7136
40.8474
-1.24925
-16.5821
-30.6761
-48.0523
-84.3442
-94.6555
-94.8984
-94.7976
-94.5449
-94.0395
-93.1747
-91.9236
-90.364
-88.6277
-86.84
-85.0896
-83.4273
-81.8756
-80.4394
-79.1129
-77.8851
-76.7418
-75.667
-74.6434
-73.6518
-72.6702
-71.672
-70.6214
-69.4663
-68.1202
-66.4186
-63.9856
-59.6939
-48.1595
10.8102
49.5184
34.8252
-9.46197
-22.8316
-37.1964
-62.7518
-93.0606
-94.8601
-94.8739
-94.7297
-94.412
-93.8149
-92.8543
-91.5336
-89.9441
-88.2121
-86.4495
-84.733
-83.106
-81.5872
-80.1799
-78.8781
-77.6707
-76.5437
-75.4812
-74.4658
-73.478
-72.4953
-71.4896
-70.4229
-69.2381
-67.838
-66.032
-63.3642
-58.3632
-43.0396
28.838
46.3813
16.5429
-13.2776
-27.3526
-41.571
-73.0789
-94.311
-94.9099
-94.8586
-94.6871
-94.3296
-93.6802
-92.6677
-91.31
-89.7042
-87.9734
-86.2229
-84.5238
-82.9156
-81.4149
-80.0239
-78.7363
-77.5408
-76.4233
-75.3679
-74.3571
-73.3712
-72.3872
-71.3761
-70.2981
-69.0927
-67.6552
-65.7758
-62.938
-57.3898
-38.7957
36.1203
44.1995
10.2115
-12.6777
-26.2826
-39.8705
-69.3234
-94.1327
-94.9131
-94.8628
-94.69
-94.3271
-93.6647
-92.6324
-91.2534
-89.6303
-87.889
-86.1345
-84.436
-82.8313
-81.3356
-79.9499
-78.6674
-77.4765
-76.3628
-75.3102
-74.3013
-73.3161
-72.3312
-71.3174
-70.234
-69.0189
-67.5637
-65.6492
-62.7278
-56.8993
-36.5204
38.15
43.5199
8.48637
-12.766
-26.2961
-39.8724
-69.3102
-94.1315
-94.9135
-94.8615
-94.6855
-94.3157
-93.6416
-92.5946
-91.2016
-89.5684
-87.8218
-86.0659
-84.3689
-82.7673
-81.2752
-79.8935
-78.6146
-77.4267
-76.3156
-75.2649
-74.257
-73.2719
-72.2861
-71.2697
-70.1816
-68.958
-67.4876
-65.5428
-62.5489
-56.471
-34.447
39.2614
43.1224
7.51249
-12.8774
-26.3808
-39.9274
-69.427
-94.1379
-94.9135
-94.8603
-94.6817
-94.3061
-93.6222
-92.5626
-91.1576
-89.5154
-87.7638
-86.0063
-84.3102
-82.7109
-81.2219
-79.8434
-78.5676
-77.3825
-76.2736
-75.2247
-74.2177
-73.2328
-72.2462
-71.2277
-70.1354
-68.9046
-67.4208
-65.4492
-62.3904
-56.0852
-32.521
39.8109
42.8986
6.94661
-12.9701
-26.4672
-39.9883
-69.5625
-94.1447
-94.9134
-94.8592
-94.6784
-94.2979
-93.6056
-92.5352
-91.1194
-89.469
-87.7124
-85.9532
-84.2576
-82.6602
-81.1739
-79.7983
-78.5254
-77.3428
-76.236
-75.1887
-74.1828
-73.1982
-72.211
-71.1909
-70.0953
-68.8583
-67.3632
-65.3689
-62.2542
-55.7483
-30.7958
39.989
42.7985
6.6551
-13.0329
-26.5338
-40.0928
-69.7975
-94.1575
-94.9132
-94.8579
-94.6749
-94.2899
-93.5896
-92.5089
-91.0832
-89.4252
-87.6643
-85.9036
-84.2086
-82.6131
-81.1294
-79.7566
-78.4864
-77.3064
-76.2017
-75.1559
-74.1512
-73.167
-72.1796
-71.1581
-70.0597
-68.8174
-67.3125
-65.2981
-62.1333
-55.4453
-29.2121
39.9685
42.7736
6.52662
-13.0722
-26.5813
-40.179
-69.9927
-94.1676
-94.9128
-94.8566
-94.6716
-94.282
-93.5739
-92.4832
-91.0477
-89.3825
-87.6174
-85.8555
-84.1612
-82.5678
-81.0868
-79.7168
-78.4494
-77.2718
-76.1692
-75.1252
-74.1215
-73.138
-72.1503
-71.1278
-70.0269
-68.7798
-67.2659
-65.2329
-62.0213
-55.1605
-27.6943
39.8485
42.7946
6.49425
-13.0959
-26.6158
-40.2463
-70.1496
-94.1752
-94.9124
-94.8553
-94.6683
-94.2745
-93.5591
-92.4592
-91.0147
-89.3427
-87.5738
-85.8106
-84.1171
-82.5256
-81.047
-79.6798
-78.415
-77.2398
-76.1393
-75.0969
-74.0944
-73.1116
-72.124
-71.1005
-69.9976
-68.7465
-67.2249
-65.1755
-61.9227
-54.9074
-26.3269
40.0069
42.7873
6.39331
-13.1329
-26.6629
-40.3332
-70.3507
-94.1854
-94.912
-94.854
-94.6652
-94.2675
-93.5457
-92.4376
-90.9854
-89.3075
-87.5354
-85.7712
-84.0783
-82.4885
-81.0122
-79.6475
-78.385
-77.2121
-76.1135
-75.0727
-74.0714
-73.0893
-72.1019
-71.0779
-69.9735
-68.7193
-67.1915
-65.1291
-61.8431
-54.7009
-25.1995
41.7367
42.5443
5.74012
-13.2835
-26.8177
-40.5962
-70.9293
-94.2171
-94.912
-94.8523
-94.6613
-94.2595
-93.5313
-92.4158
-90.9569
-89.2744
-87.5001
-85.7356
-84.044
-82.4561
-80.9822
-79.6198
-78.3597
-77.1888
-76.092
-75.0527
-74.0527
-73.0713
-72.0842
-71.06
-69.9544
-68.6979
-67.1651
-65.0922
-61.7792
-54.5332
-24.2725
42.9831
42.4124
5.34363
-13.3918
-26.9347
-40.8021
-71.3806
-94.2406
-94.912
-94.8509
-94.6582
-94.2532
-93.5202
-92.3989
-90.9349
-89.249
-87.473
-85.7085
-84.0178
-82.4315
-80.9594
-79.599
-78.3407
-77.1716
-76.0763
-75.0383
-74.0393
-73.0587
-72.072
-71.0478
-69.9418
-68.6839
-67.1483
-65.069
-61.7392
-54.4284
-23.6945
43.6897
42.3539
5.14022
-13.4531
-27.0027
-40.9228
-71.6434
-94.2537
-94.9119
-94.8501
-94.6564
-94.2495
-93.5135
-92.3889
-90.9219
-89.234
-87.4571
-85.6926
-84.0025
-82.4173
-80.9464
-79.5873
-78.3303
-77.1623
-76.0681
-75.031
-74.0328
-73.0529
-72.0667
-71.043
-69.9372
-68.6793
-67.1432
-65.0627
-61.729
-54.4031
-23.5577
43.847
42.342
5.09497
-13.4678
-27.0193
-40.9524
-71.708
-94.2568
-94.9119
-94.8499
-94.656
-94.2486
-93.512
-92.3866
-90.9189
-89.2306
-87.4537
-85.6893
-83.9996
-82.4148
-80.9445
-79.5859
-78.3294
-77.162
-76.0683
-75.0318
-74.0341
-73.0547
-72.0692
-71.0462
-69.9413
-68.6848
-67.1509
-65.0744
-61.7506
-54.4619
-23.8894
43.4576
42.3703
5.20113
-13.4339
-26.9811
-40.8846
-71.5602
-94.2496
-94.9119
-94.8504
-94.6571
-94.2508
-93.5159
-92.3925
-90.9267
-89.2397
-87.4635
-85.6995
-84.0098
-82.4248
-80.9542
-79.5953
-78.3386
-77.171
-76.0772
-75.0407
-74.0432
-73.0642
-72.0794
-71.0574
-69.9542
-68.7003
-67.1711
-65.1038
-61.8033
-54.6026
-24.6739
42.4516
42.4629
5.50124
-13.3469
-26.8856
-40.7155
-71.1904
-94.2309
-94.9121
-94.8516
-94.6597
-94.2562
-93.5254
-92.4068
-90.9453
-89.2614
-87.4867
-85.7231
-84.033
-82.4471
-80.9754
-79.6154
-78.3576
-77.1891
-76.0946
-75.0577
-74.06
-73.0812
-72.097
-71.0763
-69.9753
-68.7252
-67.2029
-65.1496
-61.8839
-54.8154
-25.8482
40.7671
42.6687
6.07947
-13.2024
-26.7337
-40.4505
-70.6088
-94.1998
-94.9121
-94.8534
-94.6638
-94.2644
-93.54
-92.4291
-90.9744
-89.2953
-87.5231
-85.7599
-84.069
-82.4815
-81.0078
-79.6457
-78.3861
-77.2159
-76.1201
-75.0821
-74.0838
-73.105
-72.1213
-71.1021
-70.0037
-68.7584
-67.2449
-65.2096
-61.9889
-55.0896
-27.3433
39.7994
42.7974
6.46797
-13.1085
-26.633
-40.2784
-70.224
-94.179
-94.9124
-94.8551
-94.6676
-94.2728
-93.5558
-92.4539
-91.0079
-89.3351
-87.5665
-85.8044
-84.1126
-82.5233
-81.0473
-79.6827
-78.4206
-77.2482
-76.1505
-75.1112
-74.112
-73.1328
-72.1496
-71.1316
-70.0361
-68.7958
-67.2916
-65.2758
-62.1036
-55.3831
-28.9161
39.9401
42.765
6.47641
-13.0887
-26.6017
-40.2158
-70.0767
-94.1721
-94.9129
-94.8564
-94.671
-94.2805
-93.5709
-92.4786
-91.0419
-89.3761
-87.6115
-85.8508
-84.1584
-82.5672
-81.0887
-79.7214
-78.4566
-77.2819
-76.1822
-75.1413
-74.141
-73.1613
-72.1783
-71.1616
-70.0686
-68.8331
-67.3381
-65.3408
-62.2151
-55.6644
-30.3931
39.9874
42.7779
6.57715
-13.0548
-26.5593
-40.1378
-69.8992
-94.1632
-94.9132
-94.8576
-94.6742
-94.288
-93.5858
-92.5029
-91.0753
-89.4164
-87.6556
-85.896
-84.2028
-82.6096
-81.1285
-79.7585
-78.4911
-77.314
-76.2123
-75.1698
-74.1685
-73.1883
-72.2054
-71.1898
-70.0992
-68.8682
-67.3816
-65.4016
-62.3186
-55.9217
-31.722
39.9169
42.8333
6.75817
-13.0109
-26.5105
-40.0524
-69.7076
-94.1529
-94.9134
-94.8587
-94.6769
-94.2944
-93.5986
-92.5239
-91.1042
-89.4513
-87.6938
-85.9352
-84.2414
-82.6465
-81.1631
-79.7907
-78.521
-77.3418
-76.2384
-75.1944
-74.1922
-73.2115
-72.2287
-71.2139
-70.1253
-68.8982
-67.4188
-65.4534
-62.4062
-56.1376
-32.8175
39.7433
42.9178
6.9883
-12.9649
-26.4636
-39.9862
-69.5591
-94.1447
-94.9135
-94.8595
-94.6791
-94.2995
-93.6087
-92.5403
-91.1268
-89.4785
-87.7237
-85.9659
-84.2716
-82.6754
-81.1903
-79.816
-78.5445
-77.3636
-76.2587
-75.2137
-74.2106
-73.2295
-72.2468
-71.2327
-70.1456
-68.9214
-67.4475
-65.4934
-62.4737
-56.3014
-33.6342
39.5324
43.0067
7.21565
-12.9253
-26.4255
-39.9591
-69.4984
-94.1417
-94.9136
-94.86
-94.6805
-94.303
-93.6158
-92.5521
-91.1432
-89.4984
-87.7456
-85.9885
-84.2938
-82.6966
-81.2102
-79.8346
-78.5617
-77.3796
-76.2737
-75.2279
-74.2242
-73.2428
-72.2602
-71.2465
-70.1606
-68.9386
-67.4688
-65.523
-62.5236
-56.422
-34.2293
39.3319
43.0859
7.41381
-12.8941
-26.3971
-39.9393
-69.4546
-94.1394
-94.9136
-94.8603
-94.6816
-94.3056
-93.6211
-92.5609
-91.1554
-89.5132
-87.7619
-86.0052
-84.3103
-82.7124
-81.225
-79.8483
-78.5744
-77.3914
-76.2847
-75.2383
-74.2342
-73.2526
-72.2701
-71.2568
-70.1718
-68.9515
-67.4849
-65.5454
-62.5615
-56.5131
-34.6755
39.1528
43.154
7.58183
-12.8702
-26.3764
-39.9253
-69.4238
-94.1377
-94.9136
-94.8606
-94.6823
-94.3076
-93.6251
-92.5675
-91.1647
-89.5244
-87.7742
-86.0179
-84.3226
-82.7242
-81.2361
-79.8586
-78.584
-77.4003
-76.2931
-75.2462
-74.2418
-73.2601
-72.2776
-71.2648
-70.1804
-68.9615
-67.4974
-65.563
-62.5912
-56.5846
-35.0245
38.995
43.2124
7.72496
-12.8511
-26.3604
-39.9146
-69.4007
-94.1365
-94.9136
-94.8608
-94.6829
-94.3091
-93.6282
-92.5728
-91.1719
-89.5332
-87.7838
-86.0278
-84.3324
-82.7335
-81.2448
-79.8667
-78.5915
-77.4073
-76.2997
-75.2525
-74.2479
-73.2662
-72.2838
-71.2712
-70.1875
-68.9697
-67.5077
-65.5776
-62.6159
-56.6441
-35.3122
38.8523
43.2641
7.85121
-12.8352
-26.3476
-39.9061
-69.3826
-94.1355
-94.9135
-94.8609
-94.6834
-94.3103
-93.6308
-92.5771
-91.1779
-89.5404
-87.7918
-86.0359
-84.3404
-82.7411
-81.252
-79.8734
-78.5978
-77.4132
-76.3053
-75.2578
-74.2531
-73.2713
-72.2891
-71.2768
-70.1937
-68.977
-67.5169
-65.5905
-62.6378
-56.6968
-35.5659
38.7169
43.3126
7.96953
-12.8215
-26.3371
-39.8993
-69.3682
-94.1347
-94.9135
-94.861
-94.6838
-94.3114
-93.6331
-92.5809
-91.1832
-89.5469
-87.7989
-86.0432
-84.3476
-82.748
-81.2585
-79.8795
-78.6035
-77.4185
-76.3103
-75.2626
-74.2579
-73.2761
-72.294
-71.282
-70.1995
-68.9838
-67.5256
-65.6028
-62.6585
-56.7467
-35.8059
38.5805
43.3607
8.08685
-12.8084
-26.3274
-39.8931
-69.3552
-94.1339
-94.9135
-94.8611
-94.6842
-94.3124
-93.6352
-92.5845
-91.1882
-89.5529
-87.8055
-86.05
-84.3543
-82.7544
-81.2646
-79.8852
-78.6088
-77.4236
-76.3151
-75.2673
-74.2625
-73.2807
-72.2988
-71.2872
-70.2052
-68.9906
-67.5341
-65.6149
-62.679
-56.7958
-36.0415
38.4383
43.4103
8.20783
-12.7959
-26.3187
-39.8877
-69.3439
-94.1333
-94.9134
-94.8612
-94.6845
-94.3134
-93.6373
-92.588
-91.1932
-89.5589
-87.8121
-86.0568
-84.3609
-82.7608
-81.2706
-79.8909
-78.6142
-77.4287
-76.32
-75.272
-74.2671
-73.2854
-72.3036
-71.2924
-70.2111
-68.9974
-67.5428
-65.6272
-62.6998
-56.8453
-36.2787
38.2868
43.4627
8.33559
-12.7834
-26.3104
-39.8825
-69.3333
-94.1326
-94.9134
-94.8613
-94.6849
-94.3145
-93.6395
-92.5917
-91.1982
-89.565
-87.8188
-86.0636
-84.3677
-82.7673
-81.2767
-79.8966
-78.6196
-77.4338
-76.3249
-75.2768
-74.2718
-73.2902
-72.3086
-71.2978
-70.2171
-69.0045
-67.5519
-65.6399
-62.7214
-56.8964
-36.5211
38.1229
43.5187
8.47263
-12.7713
-26.3032
-39.8782
-69.3248
-94.1321
-94.9133
-94.8614
-94.6853
-94.3156
-93.6418
-92.5954
-91.2034
-89.5713
-87.8256
-86.0707
-84.3746
-82.7739
-81.283
-79.9026
-78.6252
-77.4391
-76.33
-75.2818
-74.2768
-73.2952
-72.3138
-71.3034
-70.2234
-69.012
-67.5613
-65.6532
-62.7438
-56.9496
-36.7726
37.9429
43.5799
8.62265
-12.7586
-26.2958
-39.8739
-69.3163
-94.1315
-94.9133
-94.8615
-94.6858
-94.3167
-93.6442
-92.5994
-91.2089
-89.5779
-87.8329
-86.0781
-84.3819
-82.7809
-81.2896
-79.9088
-78.6311
-77.4447
-76.3354
-75.287
-74.2819
-73.3005
-72.3193
-71.3093
-70.23
-69.0197
-67.5711
-65.6672
-62.7673
-57.0051
-37.0344
37.7443
43.6467
8.787
-12.7466
-26.2904
-39.871
-69.3113
-94.1312
-94.9132
-94.8616
-94.6862
-94.3179
-93.6467
-92.6036
-91.2146
-89.5848
-87.8403
-86.0857
-84.3894
-82.7881
-81.2965
-79.9152
-78.6372
-77.4505
-76.3409
-75.2924
-74.2873
-73.3059
-72.325
-71.3154
-70.2368
-69.0278
-67.5814
-65.6816
-62.7916
-57.0625
-37.3042
37.5274
43.7191
8.96546
-12.7349
-26.2861
-39.869
-69.3087
-94.131
-94.9131
-94.8617
-94.6867
-94.3191
-93.6492
-92.6078
-91.2204
-89.5917
-87.8479
-86.0935
-84.3971
-82.7955
-81.3034
-79.9218
-78.6434
-77.4564
-76.3466
-75.2979
-74.2928
-73.3115
-72.3308
-71.3216
-70.2439
-69.0361
-67.5919
-65.6964
-62.8164
-57.121
-37.5771
37.2947
43.7961
9.15664
-12.7236
-26.2829
-39.868
-69.3084
-94.131
-94.9131
-94.8618
-94.6871
-94.3204
-93.6518
-92.612
-91.2263
-89.5988
-87.8557
-86.1014
-84.4048
-82.8029
-81.3105
-79.9284
-78.6496
-77.4623
-76.3523
-75.3035
-74.2984
-73.3171
-72.3367
-71.328
-70.251
-69.0445
-67.6025
-65.7113
-62.8415
-57.18
-37.8499
37.0482
43.877
9.35855
-12.7138
-26.2823
-39.8687
-69.3121
-94.1311
-94.913
-94.8619
-94.6876
-94.3216
-93.6544
-92.6164
-91.2323
-89.6059
-87.8634
-86.1093
-84.4126
-82.8103
-81.3175
-79.935
-78.6559
-77.4683
-76.358
-75.3091
-74.3039
-73.3227
-72.3425
-71.3343
-70.258
-69.0528
-67.613
-65.7261
-62.8664
-57.2384
-38.1196
36.7905
43.961
9.56927
-12.7057
-26.2842
-39.8713
-69.3201
-94.1315
-94.9129
-94.862
-94.6881
-94.3229
-93.657
-92.6207
-91.2382
-89.613
-87.8711
-86.1172
-84.4202
-82.8176
-81.3244
-79.9415
-78.662
-77.4741
-76.3636
-75.3145
-74.3093
-73.3283
-72.3483
-71.3405
-70.265
-69.0611
-67.6235
-65.7408
-62.891
-57.2959
-38.3844
36.5231
44.0476
9.78835
-12.6994
-26.2889
-39.8759
-69.3325
-94.1321
-94.9128
-94.8621
-94.6885
-94.3242
-93.6596
-92.625
-91.2441
-89.62
-87.8787
-86.1249
-84.4278
-82.8248
-81.3312
-79.9479
-78.668
-77.4799
-76.3691
-75.3199
-74.3147
-73.3337
-72.354
-71.3466
-70.2719
-69.0692
-67.6337
-65.7552
-62.9152
-57.3523
-38.6421
36.2487
44.1359
10.0133
-12.6951
-26.2964
-39.8823
-69.3493
-94.1329
-94.9127
-94.8622
-94.689
-94.3254
-93.6622
-92.6292
-91.2498
-89.6268
-87.886
-86.1323
-84.435
-82.8318
-81.3377
-79.9541
-78.6739
-77.4854
-76.3745
-75.3251
-74.3199
-73.339
-72.3595
-71.3526
-70.2786
-69.077
-67.6437
-65.7692
-62.9386
-57.4065
-38.8878
35.9737
44.2238
10.2392
-12.693
-26.3066
-39.8905
-69.37
-94.134
-94.9126
-94.8623
-94.6894
-94.3265
-93.6646
-92.6331
-91.2552
-89.6333
-87.893
-86.1394
-84.442
-82.8384
-81.344
-79.96
-78.6794
-77.4907
-76.3796
-75.3301
-74.3248
-73.344
-72.3648
-71.3583
-70.285
-69.0846
-67.6533
-65.7827
-62.9612
-57.4586
-39.1231
35.6976
44.3117
10.4672
-12.6929
-26.3194
-39.9005
-69.3948
-94.1353
-94.9125
-94.8624
-94.6898
-94.3276
-93.6668
-92.6369
-91.2604
-89.6394
-87.8997
-86.1462
-84.4486
-82.8447
-81.3499
-79.9656
-78.6847
-77.4957
-76.3844
-75.3349
-74.3295
-73.3489
-72.3698
-71.3638
-70.2911
-69.0919
-67.6625
-65.7957
-62.9828
-57.5083
-39.347
35.4232
44.3989
10.6949
-12.695
-26.3347
-39.9122
-69.4233
-94.1368
-94.9124
-94.8624
-94.6902
-94.3287
-93.669
-92.6405
-91.2653
-89.6452
-87.906
-86.1526
-84.4548
-82.8506
-81.3555
-79.9709
-78.6897
-77.5005
-76.389
-75.3394
-74.334
-73.3534
-72.3746
-71.369
-70.297
-69.0988
-67.6712
-65.808
-63.0033
-57.5555
-39.5594
35.1516
44.4847
10.9213
-12.6988
-26.3521
-39.9252
-69.4547
-94.1385
-94.9123
-94.8625
-94.6905
-94.3297
-93.6711
-92.6439
-91.2699
-89.6508
-87.912
-86.1586
-84.4607
-82.8563
-81.3609
-79.9759
-78.6944
-77.505
-76.3934
-75.3436
-74.3383
-73.3578
-72.3792
-71.3739
-70.3026
-69.1054
-67.6796
-65.8198
-63.023
-57.6006
-39.7605
34.8842
44.5689
11.1455
-12.7043
-26.3713
-39.9393
-69.4885
-94.1402
-94.9122
-94.8625
-94.6909
-94.3306
-93.673
-92.6471
-91.2744
-89.6561
-87.9177
-86.1644
-84.4663
-82.8616
-81.3659
-79.9806
-78.6989
-77.5093
-76.3975
-75.3477
-74.3424
-73.362
-72.3836
-71.3787
-70.3079
-69.1117
-67.6876
-65.831
-63.0417
-57.6436
-39.9508
34.6218
44.6512
11.3666
-12.7115
-26.3924
-39.9547
-69.5249
-94.142
-94.9121
-94.8626
-94.6912
-94.3315
-93.6749
-92.6502
-91.2786
-89.6611
-87.9231
-86.1699
-84.4716
-82.8667
-81.3707
-79.9851
-78.7032
-77.5133
-76.4014
-75.3516
-74.3462
-73.3659
-72.3877
-71.3832
-70.313
-69.1177
-67.6953
-65.8417
-63.0595
-57.6843
-40.1306
34.3654
44.7315
11.5842
-12.7203
-26.4152
-39.9711
-69.5636
-94.144
-94.912
-94.8626
-94.6915
-94.3323
-93.6767
-92.6532
-91.2826
-89.6658
-87.9282
-86.175
-84.4766
-82.8714
-81.3752
-79.9894
-78.7072
-77.5172
-76.4051
-75.3552
-74.3499
-73.3696
-72.3917
-71.3874
-70.3178
-69.1235
-67.7025
-65.8519
-63.0764
-57.7229
-40.3007
34.1149
44.8097
11.7982
-12.7305
-26.4394
-39.9884
-69.6043
-94.1461
-94.9119
-94.8626
-94.6917
-94.3331
-93.6783
-92.6559
-91.2863
-89.6703
-87.9329
-86.1798
-84.4813
-82.8759
-81.3794
-79.9933
-78.7109
-77.5208
-76.4086
-75.3586
-74.3533
-73.3732
-72.3954
-71.3915
-70.3224
-69.1289
-67.7095
-65.8617
-63.0925
-57.7597
-40.4625
33.8691
44.8862
12.0094
-12.7421
-26.4652
-40.0067
-69.6471
-94.1483
-94.9118
-94.8627
-94.692
-94.3338
-93.6799
-92.6585
-91.2899
-89.6745
-87.9375
-86.1844
-84.4858
-82.8802
-81.3834
-79.9971
-78.7145
-77.5242
-76.412
-75.3619
-74.3566
-73.3766
-72.399
-71.3954
-70.3268
-69.1342
-67.7162
-65.8711
-63.1081
-57.7952
-40.618
33.6263
44.9616
12.2195
-12.7552
-26.4927
-40.0404
-69.7239
-94.1525
-94.9117
-94.8626
-94.6921
-94.3343
-93.681
-92.6605
-91.2927
-89.678
-87.9413
-86.1884
-84.4897
-82.8839
-81.3869
-80.0005
-78.7177
-77.5273
-76.415
-75.3649
-74.3596
-73.3797
-72.4023
-71.399
-70.3309
-69.139
-67.7223
-65.8797
-63.1223
-57.8276
-40.7593
33.3998
45.0319
12.4176
-12.7689
-26.5201
-40.0861
-69.8271
-94.1583
-94.9116
-94.8625
-94.6921
-94.3345
-93.6817
-92.6618
-91.2948
-89.6806
-87.9443
-86.1915
-84.4928
-82.8869
-81.3898
-80.0033
-78.7204
-77.5299
-76.4175
-75.3674
-74.3622
-73.3824
-72.4051
-71.4021
-70.3345
-69.1433
-67.7277
-65.8873
-63.1349
-57.8561
-40.8823
33.1979
45.0944
12.5957
-12.7816
-26.5451
-40.1279
-69.9205
-94.1636
-94.9116
-94.8624
-94.692
-94.3346
-93.6822
-92.663
-91.2966
-89.6829
-87.9469
-86.1942
-84.4955
-82.8895
-81.3924
-80.0057
-78.7227
-77.5321
-76.4197
-75.3697
-74.3645
-73.3848
-72.4077
-71.4049
-70.3377
-69.1471
-67.7326
-65.8942
-63.1463
-57.8821
-40.9945
33.01
45.1525
12.762
-12.794
-26.5691
-40.1679
-70.0096
-94.1685
-94.9115
-94.8623
-94.692
-94.3347
-93.6827
-92.664
-91.2982
-89.6849
-87.9492
-86.1966
-84.4979
-82.8919
-81.3947
-80.0079
-78.7249
-77.5342
-76.4218
-75.3718
-74.3666
-73.387
-72.4101
-71.4076
-70.3407
-69.1507
-67.7372
-65.9008
-63.1571
-57.9065
-41.0999
32.83
45.2082
12.9226
-12.8073
-26.5939
-40.2093
-70.1021
-94.1735
-94.9114
-94.8622
-94.6919
-94.3348
-93.6831
-92.6649
-91.2996
-89.6867
-87.9512
-86.1988
-84.5001
-82.8941
-81.3967
-80.0099
-78.7268
-77.5361
-76.4237
-75.3737
-74.3686
-73.389
-72.4123
-71.41
-70.3435
-69.1541
-67.7416
-65.9069
-63.1673
-57.9295
-41.1986
32.6583
45.2612
13.0769
-12.8205
-26.6181
-40.2499
-70.1933
-94.1784
-94.9114
-94.8621
-94.6918
-94.3348
-93.6834
-92.6656
-91.3008
-89.6883
-87.9531
-86.2008
-84.5021
-82.896
-81.3986
-80.0117
-78.7286
-77.5379
-76.4255
-75.3755
-74.3704
-73.391
-72.4144
-71.4124
-70.3462
-69.1574
-67.7458
-65.9128
-63.177
-57.9513
-41.2923
32.4928
45.3121
13.226
-12.8334
-26.6416
-40.2895
-70.2821
-94.1831
-94.9113
-94.862
-94.6917
-94.3348
-93.6837
-92.6663
-91.3019
-89.6899
-87.9549
-86.2026
-84.504
-82.8979
-81.4004
-80.0135
-78.7303
-77.5396
-76.4271
-75.3772
-74.3722
-73.3929
-72.4164
-71.4146
-70.3488
-69.1605
-67.7498
-65.9185
-63.1865
-57.9725
-41.3831
32.3295
45.3622
13.3736
-12.8477
-26.6668
-40.3319
-70.3769
-94.1882
-94.9112
-94.8619
-94.6916
-94.3348
-93.6838
-92.6669
-91.3029
-89.6912
-87.9564
-86.2043
-84.5057
-82.8996
-81.4021
-80.0151
-78.7319
-77.5411
-76.4287
-75.3788
-74.3739
-73.3946
-72.4184
-71.4168
-70.3513
-69.1635
-67.7537
-65.924
-63.1955
-57.9927
-41.4699
32.1713
45.4108
13.518
-12.8609
-26.6903
-40.3716
-70.4648
-94.1927
-94.9112
-94.8618
-94.6915
-94.3348
-93.6841
-92.6675
-91.3039
-89.6925
-87.958
-86.206
-84.5074
-82.9012
-81.4037
-80.0167
-78.7334
-77.5427
-76.4302
-75.3803
-74.3755
-73.3964
-72.4202
-71.4189
-70.3538
-69.1665
-67.7575
-65.9293
-63.2044
-58.0126
-41.555
32.0139
45.459
13.6619
-12.8753
-26.7153
-40.4137
-70.5582
-94.1975
-94.9111
-94.8616
-94.6914
-94.3347
-93.6842
-92.668
-91.3048
-89.6938
-87.9594
-86.2075
-84.509
-82.9028
-81.4052
-80.0182
-78.7349
-77.5441
-76.4317
-75.3818
-74.3771
-73.3981
-72.4221
-71.4209
-70.3561
-69.1693
-67.7612
-65.9346
-63.213
-58.032
-41.6376
31.8586
45.5064
13.8047
-12.89
-26.7405
-40.4579
-70.6558
-94.2025
-94.911
-94.8615
-94.6912
-94.3346
-93.6843
-92.6684
-91.3056
-89.6949
-87.9608
-86.209
-84.5104
-82.9043
-81.4067
-80.0196
-78.7363
-77.5455
-76.4331
-75.3833
-74.3786
-73.3997
-72.4238
-71.4229
-70.3584
-69.1721
-67.7647
-65.9396
-63.2214
-58.0507
-41.7174
31.7067
45.5529
13.9455
-12.9044
-26.7651
-40.5016
-70.7526
-94.2073
-94.9109
-94.8614
-94.6911
-94.3345
-93.6844
-92.6687
-91.3063
-89.6959
-87.962
-86.2103
-84.5118
-82.9057
-81.4081
-80.0209
-78.7376
-77.5469
-76.4345
-75.3847
-74.3801
-73.4012
-72.4255
-71.4248
-70.3606
-69.1748
-67.7682
-65.9445
-63.2295
-58.0689
-41.7946
31.5579
45.5981
14.0834
-12.9199
-26.791
-40.5477
-70.8546
-94.2123
-94.9109
-94.8612
-94.6909
-94.3344
-93.6844
-92.669
-91.3069
-89.6968
-87.9631
-86.2116
-84.5131
-82.907
-81.4093
-80.0222
-78.7389
-77.5481
-76.4358
-75.386
-74.3815
-73.4027
-72.4272
-71.4267
-70.3628
-69.1774
-67.7715
-65.9493
-63.2374
-58.0864
-41.8686
31.4133
45.6421
14.2187
-12.934
-26.8148
-40.5901
-70.9477
-94.2169
-94.9108
-94.8611
-94.6908
-94.3343
-93.6844
-92.6693
-91.3076
-89.6978
-87.9643
-86.2128
-84.5144
-82.9082
-81.4106
-80.0234
-78.7401
-77.5494
-76.437
-75.3873
-74.3828
-73.4042
-72.4288
-71.4285
-70.3649
-69.18
-67.7749
-65.954
-63.2451
-58.1038
-41.9418
31.2683
45.6861
14.3545
-12.9498
-26.8409
-40.6366
-71.0492
-94.2217
-94.9107
-94.861
-94.6906
-94.3341
-93.6844
-92.6696
-91.3081
-89.6986
-87.9653
-86.2139
-84.5156
-82.9094
-81.4118
-80.0246
-78.7413
-77.5505
-76.4382
-75.3886
-74.3842
-73.4056
-72.4304
-71.4302
-70.367
-69.1825
-67.7781
-65.9585
-63.2527
-58.1207
-42.0126
31.1265
45.729
14.4881
-12.9646
-26.8654
-40.6803
-71.1449
-94.2263
-94.9107
-94.8608
-94.6905
-94.334
-93.6844
-92.6698
-91.3087
-89.6994
-87.9663
-86.215
-84.5167
-82.9106
-81.4129
-80.0257
-78.7424
-77.5517
-76.4394
-75.3898
-74.3854
-73.407
-72.4319
-71.432
-70.369
-69.1849
-67.7813
-65.963
-63.2601
-58.1372
-42.082
30.986
45.7716
14.6215
-12.9804
-26.8911
-40.7264
-71.2457
-94.231
-94.9106
-94.8607
-94.6903
-94.3338
-93.6843
-92.67
-91.3091
-89.7001
-87.9672
-86.216
-84.5178
-82.9116
-81.414
-80.0268
-78.7435
-77.5528
-76.4405
-75.3909
-74.3867
-73.4083
-72.4334
-71.4336
-70.3709
-69.1873
-67.7844
-65.9674
-63.2673
-58.1532
-42.1491
30.8484
45.8129
14.7518
-12.9956
-26.916
-40.7711
-71.3436
-94.2355
-94.9105
-94.8606
-94.6901
-94.3336
-93.6842
-92.6701
-91.3095
-89.7007
-87.968
-86.217
-84.5188
-82.9127
-81.415
-80.0278
-78.7445
-77.5538
-76.4416
-75.3921
-74.3879
-73.4096
-72.4348
-71.4353
-70.3728
-69.1896
-67.7873
-65.9716
-63.2743
-58.1688
-42.2144
30.7132
45.8538
14.8814
-13.0112
-26.9412
-40.8165
-71.443
-94.2401
-94.9104
-94.8604
-94.6899
-94.3334
-93.6841
-92.6702
-91.3098
-89.7013
-87.9688
-86.2178
-84.5197
-82.9136
-81.416
-80.0288
-78.7455
-77.5548
-76.4426
-75.3931
-74.389
-73.4109
-72.4362
-71.4368
-70.3746
-69.1919
-67.7902
-65.9757
-63.281
-58.1839
-42.2775
30.5809
45.8935
15.0079
-13.0267
-26.9661
-40.8613
-71.5401
-94.2445
-94.9103
-94.8603
-94.6898
-94.3333
-93.684
-92.6703
-91.3102
-89.7019
-87.9695
-86.2187
-84.5206
-82.9145
-81.4169
-80.0297
-78.7464
-77.5557
-76.4436
-75.3942
-74.3901
-73.4121
-72.4375
-71.4384
-70.3764
-69.1941
-67.7931
-65.9797
-63.2877
-58.1988
-42.3398
30.4492
45.9331
15.135
-13.0423
-26.9911
-40.9059
-71.6368
-94.2488
-94.9103
-94.8601
-94.6896
-94.3331
-93.6839
-92.6703
-91.3105
-89.7024
-87.9702
-86.2195
-84.5215
-82.9154
-81.4178
-80.0306
-78.7473
-77.5567
-76.4446
-75.3952
-74.3912
-73.4133
-72.4388
-71.4399
-70.3782
-69.1962
-67.7959
-65.9837
-63.2943
-58.2134
-42.4008
30.3187
45.972
15.2611
-13.0582
-27.0165
-40.9514
-71.7353
-94.2531
-94.9102
-94.86
-94.6894
-94.3329
-93.6837
-92.6704
-91.3108
-89.7029
-87.9709
-86.2203
-84.5223
-82.9162
-81.4186
-80.0315
-78.7482
-77.5576
-76.4455
-75.3962
-74.3923
-73.4144
-72.4401
-71.4413
-70.3799
-69.1984
-67.7987
-65.9876
-63.3007
-58.2277
-42.4604
30.19
46.0105
15.3861
-13.0738
-27.0412
-40.9957
-71.8314
-94.2573
-94.9101
-94.8599
-94.6892
-94.3327
-93.6836
-92.6704
-91.311
-89.7034
-87.9715
-86.221
-84.5231
-82.9171
-81.4195
-80.0323
-78.7491
-77.5584
-76.4464
-75.3971
-74.3933
-73.4156
-72.4414
-71.4428
-70.3816
-69.2004
-67.8014
-65.9914
-63.307
-58.2418
-42.519
30.0623
46.0485
15.5106
-13.09
-27.0667
-41.0415
-71.9307
-94.2615
-94.91
-94.8597
-94.689
-94.3324
-93.6834
-92.6704
-91.3112
-89.7038
-87.9721
-86.2217
-84.5238
-82.9178
-81.4202
-80.0331
-78.7499
-77.5593
-76.4473
-75.3981
-74.3943
-73.4167
-72.4426
-71.4442
-70.3833
-69.2025
-67.804
-65.9951
-63.3132
-58.2554
-42.5758
29.9374
46.0856
15.6327
-13.1053
-27.0909
-41.0852
-72.0246
-94.2654
-94.9099
-94.8596
-94.6889
-94.3322
-93.6833
-92.6704
-91.3114
-89.7042
-87.9726
-86.2223
-84.5245
-82.9186
-81.421
-80.0338
-78.7506
-77.5601
-76.4481
-75.399
-74.3953
-73.4177
-72.4438
-71.4456
-70.3849
-69.2045
-67.8066
-65.9988
-63.3193
-58.2689
-42.632
29.8125
46.1227
15.7552
-13.1216
-27.1163
-41.131
-72.1226
-94.2695
-94.9098
-94.8594
-94.6887
-94.332
-93.6831
-92.6703
-91.3116
-89.7046
-87.9731
-86.223
-84.5252
-82.9193
-81.4217
-80.0346
-78.7514
-77.5609
-76.4489
-75.3998
-74.3962
-73.4188
-72.445
-71.4469
-70.3865
-69.2064
-67.8091
-66.0024
-63.3252
-58.282
-42.6867
29.6902
46.1588
15.8757
-13.1369
-27.1403
-41.1744
-72.2158
-94.2733
-94.9097
-94.8593
-94.6885
-94.3318
-93.6829
-92.6703
-91.3118
-89.7049
-87.9737
-86.2236
-84.5258
-82.9199
-81.4224
-80.0353
-78.7521
-77.5616
-76.4497
-75.4007
-74.3972
-73.4198
-72.4462
-71.4482
-70.3881
-69.2083
-67.8116
-66.0059
-63.331
-58.295
-42.7407
29.5681
46.1949
15.9967
-13.1531
-27.1654
-41.2199
-72.3133
-94.2773
-94.9096
-94.8592
-94.6883
-94.3316
-93.6827
-92.6702
-91.3119
-89.7052
-87.9741
-86.2241
-84.5264
-82.9206
-81.423
-80.036
-78.7528
-77.5623
-76.4505
-75.4015
-74.3981
-73.4208
-72.4473
-71.4495
-70.3896
-69.2102
-67.8141
-66.0094
-63.3367
-58.3077
-42.7927
29.4494
46.2298
16.1145
-13.1683
-27.1891
-41.2627
-72.4052
-94.2809
-94.9095
-94.859
-94.6881
-94.3313
-93.6825
-92.6702
-91.312
-89.7055
-87.9745
-86.2246
-84.527
-82.9212
-81.4237
-80.0366
-78.7535
-77.563
-76.4513
-75.4023
-74.3989
-73.4218
-72.4484
-71.4508
-70.3911
-69.212
-67.8165
-66.0128
-63.3424
-58.3202
-42.8441
29.3313
46.2645
16.2321
-13.1842
-27.2135
-41.307
-72.4997
-94.2846
-94.9094
-94.8589
-94.6879
-94.3311
-93.6823
-92.6701
-91.3121
-89.7058
-87.9749
-86.2251
-84.5276
-82.9218
-81.4243
-80.0372
-78.7541
-77.5637
-76.452
-75.4031
-74.3998
-73.4227
-72.4494
-71.452
-70.3926
-69.2139
-67.8188
-66.0161
-63.3479
-58.3324
-42.8943
29.2151
46.2985
16.3483
-13.1994
-27.237
-41.3494
-72.5894
-94.2881
-94.9093
-94.8587
-94.6877
-94.3309
-93.6821
-92.67
-91.3122
-89.7061
-87.9753
-86.2256
-84.5281
-82.9223
-81.4249
-80.0379
-78.7548
-77.5644
-76.4527
-75.4039
-74.4007
-73.4237
-72.4505
-71.4533
-70.394
-69.2157
-67.8212
-66.0195
-63.3534
-58.3447
-42.9445
29.0977
46.3328
16.4659
-13.2152
-27.2613
-41.3933
-72.6823
-94.2916
-94.9092
-94.8586
-94.6876
-94.3307
-93.6819
-92.6699
-91.3122
-89.7063
-87.9757
-86.2261
-84.5286
-82.9229
-81.4255
-80.0385
-78.7554
-77.5651
-76.4534
-75.4047
-74.4015
-73.4246
-72.4516
-71.4545
-70.3955
-69.2174
-67.8235
-66.0228
-63.3589
-58.3568
-42.9938
28.9815
46.3667
16.5828
-13.2308
-27.2851
-41.4364
-72.7736
-94.295
-94.9091
-94.8585
-94.6874
-94.3304
-93.6817
-92.6698
-91.3123
-89.7066
-87.9761
-86.2266
-84.5292
-82.9235
-81.4261
-80.0391
-78.7561
-77.5657
-76.4541
-75.4054
-74.4023
-73.4255
-72.4526
-71.4557
-70.3969
-69.2192
-67.8258
-66.0261
-63.3643
-58.3687
-43.0427
28.8656
46.4003
16.6996
-13.2464
-27.3091
-41.4798
-72.8653
-94.2984
-94.909
-94.8583
-94.6872
-94.3302
-93.6815
-92.6697
-91.3124
-89.7068
-87.9765
-86.227
-84.5297
-82.924
-81.4266
-80.0397
-78.7567
-77.5664
-76.4548
-75.4062
-74.4031
-73.4264
-72.4537
-71.4569
-70.3983
-69.221
-67.8281
-66.0293
-63.3696
-58.3805
-43.0909
28.7503
46.4338
16.8166
-13.2621
-27.333
-41.5233
-72.9574
-94.3017
-94.9089
-94.8582
-94.687
-94.33
-93.6813
-92.6696
-91.3124
-89.707
-87.9768
-86.2275
-84.5302
-82.9245
-81.4272
-80.0402
-78.7573
-77.567
-76.4555
-75.4069
-74.404
-73.4273
-72.4547
-71.4581
-70.3997
-69.2227
-67.8304
-66.0325
-63.3749
-58.3922
-43.1385
28.6355
46.4669
16.9329
-13.2776
-27.3566
-41.5662
-73.0474
-94.3049
-94.9088
-94.8581
-94.6868
-94.3298
-93.6811
-92.6695
-91.3125
-89.7072
-87.9772
-86.2279
-84.5307
-82.9251
-81.4277
-80.0408
-78.7579
-77.5677
-76.4562
-75.4076
-74.4048
-73.4282
-72.4557
-71.4592
-70.4011
-69.2244
-67.8326
-66.0357
-63.3802
-58.4038
-43.1857
28.5208
46.5
17.05
-13.2934
-27.3807
-41.61
-73.1389
-94.3081
-94.9087
-94.8579
-94.6867
-94.3295
-93.6809
-92.6694
-91.3125
-89.7074
-87.9775
-86.2283
-84.5311
-82.9256
-81.4283
-80.0414
-78.7585
-77.5683
-76.4568
-75.4084
-74.4056
-73.4291
-72.4567
-71.4604
-70.4025
-69.2261
-67.8348
-66.0388
-63.3853
-58.4152
-43.2322
28.407
46.5325
17.1659
-13.3087
-27.4039
-41.6524
-73.2272
-94.3112
-94.9086
-94.8578
-94.6865
-94.3293
-93.6807
-92.6693
-91.3126
-89.7076
-87.9778
-86.2287
-84.5316
-82.9261
-81.4288
-80.0419
-78.759
-77.5689
-76.4575
-75.4091
-74.4063
-73.43
-72.4577
-71.4615
-70.4039
-69.2278
-67.837
-66.0419
-63.3905
-58.4266
-43.2785
28.293
46.5653
17.2832
-13.3247
-27.428
-41.6964
-73.3192
-94.3143
-94.9085
-94.8577
-94.6863
-94.3291
-93.6805
-92.6692
-91.3126
-89.7078
-87.9781
-86.2291
-84.5321
-82.9266
-81.4293
-80.0424
-78.7596
-77.5695
-76.4581
-75.4098
-74.4071
-73.4309
-72.4587
-71.4627
-70.4052
-69.2295
-67.8392
-66.045
-63.3956
-58.4378
-43.324
28.1802
46.5973
17.3985
-13.3396
-27.4507
-41.738
-73.4058
-94.3172
-94.9083
-94.8575
-94.6861
-94.3289
-93.6803
-92.6691
-91.3127
-89.708
-87.9785
-86.2295
-84.5325
-82.9271
-81.4298
-80.043
-78.7602
-77.5701
-76.4588
-75.4105
-74.4079
-73.4317
-72.4596
-71.4638
-70.4066
-69.2311
-67.8414
-66.0481
-63.4007
-58.449
-43.3695
28.0665
46.6298
17.5162
-13.3557
-27.4749
-41.7819
-73.4976
-94.3202
-94.9082
-94.8574
-94.6859
-94.3286
-93.6801
-92.6689
-91.3127
-89.7082
-87.9787
-86.2299
-84.5329
-82.9275
-81.4303
-80.0435
-78.7607
-77.5707
-76.4594
-75.4112
-74.4086
-73.4326
-72.4606
-71.4649
-70.4079
-69.2328
-67.8435
-66.0511
-63.4056
-58.4599
-43.4136
27.9556
46.6612
17.6305
-13.3702
-27.4969
-41.822
-73.58
-94.3228
-94.9081
-94.8573
-94.6858
-94.3285
-93.6799
-92.6688
-91.3127
-89.7084
-87.9791
-86.2303
-84.5334
-82.928
-81.4308
-80.044
-78.7613
-77.5713
-76.4601
-75.4119
-74.4094
-73.4334
-72.4616
-71.466
-70.4092
-69.2344
-67.8456
-66.0541
-63.4106
-58.4708
-43.4582
27.8424
46.6933
17.7482
-13.3863
-27.521
-41.8659
-73.6703
-94.3257
-94.908
-94.8571
-94.6856
-94.3282
-93.6797
-92.6687
-91.3127
-89.7085
-87.9794
-86.2307
-84.5338
-82.9285
-81.4313
-80.0446
-78.7618
-77.5719
-76.4607
-75.4125
-74.4102
-73.4343
-72.4625
-71.4671
-70.4105
-69.236
-67.8477
-66.0571
-63.4156
-58.4816
-43.5017
27.7314
46.7245
17.8634
-13.4007
-27.5427
-41.9055
-73.7517
-94.3281
-94.9078
-94.857
-94.6854
-94.328
-93.6795
-92.6686
-91.3128
-89.7088
-87.9797
-86.2311
-84.5343
-82.929
-81.4318
-80.0451
-78.7624
-77.5724
-76.4613
-75.4132
-74.4109
-73.4351
-72.4635
-71.4683
-70.4118
-69.2377
-67.8498
-66.0601
-63.4205
-58.4924
-43.5456
27.6186
46.7562
17.981
-13.4168
-27.5666
-41.9493
-73.8418
-94.331
-94.9077
-94.8569
-94.6853
-94.3278
-93.6793
-92.6685
-91.3128
-89.7089
-87.9799
-86.2314
-84.5347
-82.9294
-81.4323
-80.0456
-78.7629
-77.573
-76.4619
-75.4139
-74.4116
-73.4359
-72.4644
-71.4693
-70.4131
-69.2393
-67.8519
-66.0631
-63.4253
-58.5029
-43.5883
27.5084
46.787
18.0961
-13.4308
-27.5877
-41.9881
-73.9215
-94.3333
-94.9076
-94.8568
-94.6851
-94.3276
-93.6791
-92.6684
-91.3129
-89.7091
-87.9803
-86.2318
-84.5351
-82.9299
-81.4328
-80.0461
-78.7634
-77.5736
-76.4625
-75.4146
-74.4124
-73.4368
-72.4654
-71.4704
-70.4144
-69.2409
-67.854
-66.066
-63.4303
-58.5137
-43.6317
27.3953
46.8185
18.2144
-13.4467
-27.6115
-42.0316
-74.0109
-94.336
-94.9074
-94.8566
-94.6849
-94.3274
-93.6788
-92.6682
-91.3128
-89.7092
-87.9805
-86.2321
-84.5355
-82.9303
-81.4332
-80.0466
-78.764
-77.5741
-76.4631
-75.4152
-74.4131
-73.4376
-72.4663
-71.4715
-70.4157
-69.2424
-67.8561
-66.0689
-63.435
-58.5241
-43.6737
27.2852
46.8491
18.3302
-13.4605
-27.6323
-42.0699
-74.0886
-94.3382
-94.9073
-94.8565
-94.6848
-94.3272
-93.6787
-92.6682
-91.3129
-89.7094
-87.9808
-86.2325
-84.536
-82.9308
-81.4337
-80.0471
-78.7645
-77.5747
-76.4638
-75.4159
-74.4139
-73.4384
-72.4672
-71.4726
-70.417
-69.244
-67.8581
-66.0719
-63.4399
-58.5346
-43.7165
27.1722
46.8803
18.4487
-13.4761
-27.6555
-42.1126
-74.175
-94.3407
-94.9072
-94.8564
-94.6846
-94.327
-93.6785
-92.668
-91.3129
-89.7096
-87.9811
-86.2329
-84.5363
-82.9312
-81.4342
-80.0476
-78.765
-77.5753
-76.4644
-75.4166
-74.4146
-73.4392
-72.4682
-71.4737
-70.4183
-69.2456
-67.8602
-66.0748
-63.4446
-58.5449
-43.758
27.0622
46.9106
18.5651
-13.4898
-27.6761
-42.1506
-74.2521
-94.3428
-94.907
-94.8563
-94.6844
-94.3268
-93.6783
-92.668
-91.313
-89.7098
-87.9814
-86.2333
-84.5368
-82.9317
-81.4347
-80.0481
-78.7656
-77.5758
-76.465
-75.4172
-74.4153
-73.44
-72.4691
-71.4748
-70.4196
-69.2472
-67.8622
-66.0777
-63.4494
-58.5553
-43.7994
26.9517
46.9408
18.6815
-13.5046
-27.6981
-42.1913
-74.3343
-94.3451
-94.9069
-94.8561
-94.6843
-94.3266
-93.6781
-92.6679
-91.313
-89.7099
-87.9816
-86.2336
-84.5372
-82.9321
-81.4351
-80.0486
-78.7661
-77.5764
-76.4656
-75.4179
-74.416
-73.4408
-72.47
-71.4758
-70.4208
-69.2487
-67.8642
-66.0805
-63.454
-58.5654
-43.8397
26.8432
46.9706
18.7971
-13.5181
-27.7183
-42.2283
-74.4092
-94.347
-94.9068
-94.856
-94.6841
-94.3264
-93.678
-92.6678
-91.313
-89.7101
-87.9819
-86.234
-84.5376
-82.9325
-81.4356
-80.0491
-78.7666
-77.5769
-76.4662
-75.4185
-74.4168
-73.4416
-72.4709
-71.4769
-70.4221
-69.2503
-67.8663
-66.0834
-63.4587
-58.5756
-43.8804
26.7332
47.0004
18.9133
-13.5324
-27.7396
-42.2673
-74.4882
-94.3491
-94.9066
-94.8559
-94.684
-94.3262
-93.6778
-92.6677
-91.3131
-89.7103
-87.9822
-86.2343
-84.538
-82.933
-81.4361
-80.0496
-78.7671
-77.5775
-76.4668
-75.4192
-74.4175
-73.4424
-72.4718
-71.4779
-70.4233
-69.2518
-67.8682
-66.0862
-63.4633
-58.5856
-43.9203
26.6245
47.0301
19.0296
-13.5457
-27.7596
-42.3041
-74.5613
-94.3509
-94.9065
-94.8558
-94.6838
-94.3261
-93.6776
-92.6676
-91.3131
-89.7105
-87.9825
-86.2347
-84.5384
-82.9334
-81.4365
-80.0501
-78.7676
-77.578
-76.4673
-75.4198
-74.4182
-73.4432
-72.4727
-71.479
-70.4246
-69.2534
-67.8702
-66.089
-63.4679
-58.5957
-43.9605
26.5143
47.0597
19.1467
-13.5595
-27.7802
-42.3421
-74.6371
-94.3528
-94.9063
-94.8557
-94.6837
-94.3259
-93.6775
-92.6676
-91.3132
-89.7106
-87.9828
-86.235
-84.5388
-82.9338
-81.437
-80.0505
-78.7681
-77.5786
-76.4679
-75.4205
-74.4189
-73.444
-72.4736
-71.48
-70.4258
-69.2549
-67.8722
-66.0918
-63.4725
-58.6057
-44.0001
26.4054
47.0891
19.2634
-13.5726
-27.7998
-42.3782
-74.7089
-94.3545
-94.9062
-94.8556
-94.6836
-94.3257
-93.6774
-92.6675
-91.3133
-89.7108
-87.9831
-86.2354
-84.5392
-82.9343
-81.4374
-80.051
-78.7686
-77.5791
-76.4685
-75.4211
-74.4196
-73.4448
-72.4745
-71.481
-70.427
-69.2564
-67.8742
-66.0946
-63.4771
-58.6156
-44.0394
26.2964
47.1182
19.3799
-13.5858
-27.8195
-42.4145
-74.7812
-94.3562
-94.906
-94.8555
-94.6834
-94.3256
-93.6772
-92.6675
-91.3133
-89.711
-87.9834
-86.2358
-84.5396
-82.9347
-81.4379
-80.0515
-78.7691
-77.5797
-76.4691
-75.4217
-74.4203
-73.4456
-72.4754
-71.482
-70.4282
-69.2579
-67.8761
-66.0974
-63.4816
-58.6254
-44.0783
26.1882
47.147
19.4961
-13.5985
-27.8385
-42.4497
-74.851
-94.3578
-94.9059
-94.8553
-94.6833
-94.3254
-93.6771
-92.6674
-91.3134
-89.7112
-87.9837
-86.2361
-84.54
-82.9351
-81.4384
-80.052
-78.7696
-77.5802
-76.4697
-75.4223
-74.421
-73.4464
-72.4763
-71.4831
-70.4294
-69.2594
-67.8781
-66.1001
-63.4861
-58.6351
-44.117
26.0795
47.1759
19.6132
-13.6111
-27.8573
-42.4848
-74.921
-94.3593
-94.9057
-94.8552
-94.6832
-94.3253
-93.677
-92.6674
-91.3135
-89.7114
-87.984
-86.2365
-84.5404
-82.9356
-81.4388
-80.0524
-78.7701
-77.5807
-76.4702
-75.423
-74.4216
-73.4471
-72.4771
-71.4841
-70.4306
-69.2609
-67.88
-66.1028
-63.4905
-58.6448
-44.1551
25.972
47.2042
19.7286
-13.6233
-27.8756
-42.5189
-74.9886
-94.3608
-94.9056
-94.8551
-94.683
-94.3251
-93.6768
-92.6673
-91.3136
-89.7116
-87.9843
-86.2368
-84.5408
-82.936
-81.4392
-80.0529
-78.7706
-77.5812
-76.4708
-75.4236
-74.4223
-73.4479
-72.478
-71.4851
-70.4318
-69.2623
-67.8819
-66.1055
-63.4949
-58.6543
-44.1931
25.8643
47.2326
19.8453
-13.6352
-27.8934
-42.5521
-75.0539
-94.3621
-94.9054
-94.855
-94.6829
-94.325
-93.6767
-92.6673
-91.3137
-89.7119
-87.9846
-86.2372
-84.5412
-82.9364
-81.4397
-80.0533
-78.7711
-77.5818
-76.4713
-75.4242
-74.423
-73.4486
-72.4788
-71.4861
-70.433
-69.2638
-67.8838
-66.1082
-63.4993
-58.6639
-44.2311
25.7559
47.2608
19.9619
-13.6472
-27.9113
-42.5856
-75.1193
-94.3634
-94.9052
-94.8549
-94.6828
-94.3248
-93.6766
-92.6673
-91.3138
-89.7121
-87.9849
-86.2376
-84.5416
-82.9368
-81.4401
-80.0538
-78.7716
-77.5823
-76.4719
-75.4248
-74.4237
-73.4494
-72.4797
-71.4871
-70.4342
-69.2653
-67.8857
-66.1109
-63.5038
-58.6735
-44.269
25.6473
47.2893
20.08
-13.6584
-27.9283
-42.6174
-75.1817
-94.3646
-94.9051
-94.8548
-94.6827
-94.3247
-93.6765
-92.6673
-91.3139
-89.7123
-87.9852
-86.238
-84.542
-82.9373
-81.4406
-80.0543
-78.7721
-77.5828
-76.4725
-75.4254
-74.4244
-73.4502
-72.4806
-71.4881
-70.4354
-69.2668
-67.8876
-66.1137
-63.5082
-58.6831
-44.307
25.5377
47.3175
20.1984
-13.6701
-27.9456
-42.6499
-75.2453
-94.3657
-94.9049
-94.8547
-94.6826
-94.3246
-93.6765
-92.6673
-91.314
-89.7126
-87.9856
-86.2384
-84.5425
-82.9377
-81.441
-80.0548
-78.7726
-77.5833
-76.4731
-75.426
-74.425
-73.4509
-72.4814
-71.4891
-70.4366
-69.2682
-67.8895
-66.1163
-63.5126
-58.6927
-44.3447
25.4286
47.3457
20.3172
-13.6807
-27.9617
-42.68
-75.3041
-94.3667
-94.9048
-94.8546
-94.6825
-94.3245
-93.6764
-92.6674
-91.3142
-89.7128
-87.9859
-86.2388
-84.5429
-82.9382
-81.4415
-80.0553
-78.7731
-77.5839
-76.4736
-75.4267
-74.4257
-73.4517
-72.4823
-71.4901
-70.4378
-69.2697
-67.8915
-66.1191
-63.517
-58.7023
-44.3826
25.3179
47.3741
20.4375
-13.6919
-27.9785
-42.7114
-75.3655
-94.3677
-94.9046
-94.8546
-94.6824
-94.3244
-93.6763
-92.6674
-91.3144
-89.7131
-87.9863
-86.2392
-84.5433
-82.9386
-81.442
-80.0557
-78.7736
-77.5844
-76.4742
-75.4273
-74.4264
-73.4524
-72.4832
-71.4911
-70.439
-69.2712
-67.8934
-66.1218
-63.5214
-58.7118
-44.4202
25.2076
47.4022
20.5577
-13.7018
-27.9937
-42.7399
-75.4211
-94.3685
-94.9044
-94.8545
-94.6823
-94.3243
-93.6763
-92.6674
-91.3145
-89.7134
-87.9866
-86.2396
-84.5438
-82.9391
-81.4425
-80.0562
-78.7741
-77.585
-76.4748
-75.4279
-74.4271
-73.4532
-72.4841
-71.4921
-70.4402
-69.2727
-67.8953
-66.1245
-63.5259
-58.7214
-44.4582
25.0952
47.4308
20.6804
-13.7125
-28.0098
-42.7701
-75.4796
-94.3694
-94.9042
-94.8544
-94.6822
-94.3242
-93.6762
-92.6675
-91.3147
-89.7137
-87.987
-86.24
-84.5442
-82.9396
-81.443
-80.0567
-78.7747
-77.5855
-76.4754
-75.4286
-74.4278
-73.454
-72.4849
-71.4931
-70.4414
-69.2741
-67.8972
-66.1272
-63.5303
-58.731
-44.4961
24.9833
47.4589
20.8025
-13.7218
-28.0241
-42.7972
-75.5314
-94.3699
-94.9041
-94.8543
-94.6821
-94.3242
-93.6762
-92.6676
-91.315
-89.7141
-87.9875
-86.2405
-84.5447
-82.9401
-81.4435
-80.0573
-78.7752
-77.5861
-76.476
-75.4292
-74.4285
-73.4548
-72.4858
-71.4942
-70.4426
-69.2757
-67.8992
-66.13
-63.5348
-58.7408
-44.5345
24.8688
47.4877
20.928
-13.7318
-28.0393
-42.8258
-75.5863
-94.3706
-94.9039
-94.8542
-94.6821
-94.3241
-93.6762
-92.6677
-91.3152
-89.7144
-87.9879
-86.241
-84.5452
-82.9406
-81.444
-80.0578
-78.7758
-77.5867
-76.4766
-75.4299
-74.4293
-73.4556
-72.4867
-71.4952
-70.4438
-69.2772
-67.9011
-66.1327
-63.5393
-58.7504
-44.5726
24.7547
47.5161
21.0526
-13.7406
-28.0529
-42.8515
-75.6351
-94.371
-94.9037
-94.8541
-94.682
-94.324
-93.6763
-92.6679
-91.3155
-89.7148
-87.9883
-86.2415
-84.5458
-82.9411
-81.4445
-80.0584
-78.7763
-77.5873
-76.4772
-75.4305
-74.43
-73.4564
-72.4877
-71.4962
-70.4451
-69.2787
-67.9031
-66.1355
-63.5438
-58.7602
-44.6111
24.6384
47.545
21.1805
-13.7497
-28.0669
-42.878
-75.6858
-94.3714
-94.9035
-94.8541
-94.6819
-94.324
-93.6763
-92.668
-91.3158
-89.7152
-87.9888
-86.242
-84.5463
-82.9417
-81.4451
-80.0589
-78.7769
-77.5878
-76.4779
-75.4312
-74.4307
-73.4572
-72.4886
-71.4973
-70.4463
-69.2802
-67.9051
-66.1383
-63.5483
-58.77
-44.6495
24.522
47.5735
21.3077
-13.7578
-28.0797
-42.9022
-75.7317
-94.3716
-94.9033
-94.854
-94.6819
-94.324
-93.6763
-92.6682
-91.3161
-89.7156
-87.9893
-86.2425
-84.5469
-82.9422
-81.4456
-80.0595
-78.7775
-77.5885
-76.4785
-75.4319
-74.4315
-73.458
-72.4895
-71.4984

