-70
-57.136
20.5858
49.9841
49.7863
48.7178
45.6784
39.4469
29.4213
16.8066
4.74149
-5.38609
-14.3395
-22.8537
-29.8051
-36.6496
-50.3025
-81.5592
-94.4159
-94.9096
-94.8888
-94.7893
-94.6048
-94.3102
-93.9
-93.395
-92.8308
-92.2422
-91.6549
-91.0847
-90.5396
-90.0227
-89.5344
-89.0734
-88.6379
-88.2258
-87.8349
-87.4631
-87.1084
-86.769
-86.443
-86.1287
-85.8246
-85.529
-85.2405
-84.9577
-84.6789
-84.4029
-84.128
-83.8526
-83.5752
-83.2938
-83.0064
-82.7106
-82.4038
-82.0826
-81.7431
-81.3803
-80.9876
-80.5564
-80.0748
-79.5256
-78.883
-78.1056
-77.1216
-75.792
-73.8012
-70.2164
-60.5824
-1.96125
49.98
49.9459
49.4534
47.654
43.3709
35.5691
24.2699
11.6145
0.440956
-9.08011
-17.7764
-25.9808
-31.505
-39.594
-57.6808
-89.7711
-94.7655
-94.9138
-94.8501
-94.7069
-94.4587
-94.0876
-93.607
-93.0549
-92.4738
-91.8971
-91.3456
-90.8296
-90.3529
-89.9155
-89.5152
-89.1494
-88.8149
-88.5089
-88.2285
-87.9713
-87.735
-87.5176
-87.3172
-87.1322
-86.9611
-86.8027
-86.6558
-86.5193
-86.3923
-86.274
-86.1637
-86.0606
-85.9642
-85.8739
-85.7893
-85.7098
-85.635
-85.5647
-85.4985
-85.436
-85.377
-85.3212
-85.2685
-85.2185
-85.1711
-85.1262
-85.0834
-85.0428
-85.0041
-84.9672
-84.932
-84.8984
-84.8662
-84.8353
-84.8058
-84.7773
-84.75
-84.7237
-84.6982
-84.6736
-84.6498
-84.6266
-84.6041
-84.5822
-84.5608
-84.5399
-84.5193
-84.4991
-84.4792
-84.4595
-84.4399
-84.4205
-84.4012
-84.3819
-84.3626
-84.3432
-84.3237
-84.3041
-84.2842
-84.2641
-84.2437
-84.2229
-84.2017
-84.1801
-84.1579
-84.1352
-84.1119
-84.088
-84.0633
-84.0378
-84.0115
-83.9843
-83.9562
-83.927
-83.8967
-83.8653
-83.8326
-83.7986
-83.7632
-83.7263
-83.6878
-83.6475
-83.6055
-83.5615
-83.5155
-83.4672
-83.4166
-83.3634
-83.3076
-83.2488
-83.1869
-83.1216
-83.0526
-82.9797
-82.9024
-82.8205
-82.7334
-82.6406
-82.5415
-82.4356
-82.3219
-82.1996
-82.0676
-81.9245
-81.7689
-81.5987
-81.4118
-81.205
-80.9745
-80.7156
-80.4216
-80.0838
-79.6897
-79.221
-78.6497
-77.9301
-76.9805
-75.638
-73.5105
-69.3288
-55.7162
28.3112
49.9801
49.765
48.7612
46.0554
40.6139
31.7887
20.1928
8.22423
-2.19586
-11.3643
-20.0278
-27.9317
-33.9257
-44.5676
-70.4185
-93.5949
-94.8743
-94.8884
-94.791
-94.6006
-94.2855
-93.8312
-93.257
-92.6062
-91.9254
-91.2513
-90.6071
-90.0048
-89.449
-88.9399
-88.4752
-88.0516
-87.6654
-87.3131
-86.9911
-86.6964
-86.426
-86.1774
-85.9483
-85.7366
-85.5406
-85.3586
-85.1892
-85.0311
-84.8833
-84.7447
-84.6144
-84.4916
-84.3755
-84.2656
-84.1613
-84.062
-83.9672
-83.8765
-83.7895
-83.7058
-83.6251
-83.5471
-83.4714
-83.3979
-83.3261
-83.256
-83.1872
-83.1195
-83.0527
-82.9866
-82.9208
-82.8553
-82.7899
-82.7242
-82.658
-82.5911
-82.5233
-82.4543
-82.3837
-82.3113
-82.2368
-82.1598
-82.0798
-81.9965
-81.9093
-81.8176
-81.7209
-81.6183
-81.509
-81.3919
-81.2659
-81.1295
-80.9809
-80.818
-80.6381
-80.4379
-80.2128
-79.9571
-79.6631
-79.3199
-78.9118
-78.4153
-77.7925
-76.9789
-75.8507
-74.1342
-71.0589
-63.2792
-20.2471
49.743
49.9512
49.5473
48.0499
44.4313
37.6909
27.5317
15.3314
3.82861
-6.02163
-14.9054
-23.4472
-30.2975
-37.6963
-53.2103
-85.9725
-94.6469
-94.9045
-94.8385
-94.6807
-94.3993
-93.9651
-93.3865
-92.7079
-91.9857
-91.2671
-90.5828
-89.9486
-89.3703
-88.8476
-88.3775
-87.9555
-87.5771
-87.2374
-86.9325
-86.6583
-86.4115
-86.1892
-85.9886
-85.8076
-85.644
-85.496
-85.3623
-85.2413
-85.1319
-85.0331
-84.9439
-84.8636
-84.7913
-84.7266
-84.6687
-84.6173
-84.5717
-84.5318
-84.497
-84.4671
-84.4418
-84.4208
-84.4038
-84.3907
-84.3812
-84.3752
-84.3725
-84.3728
-84.3762
-84.3823
-84.3912
-84.4026
-84.4164
-84.4326
-84.451
-84.4714
-84.4939
-84.5183
-84.5445
-84.5723
-84.6018
-84.6327
-84.6651
-84.6988
-84.7337
-84.7698
-84.8069
-84.845
-84.8839
-84.9237
-84.9642
-85.0053
-85.047
-85.0892
-85.1318
-85.1747
-85.2179
-85.2613
-85.3049
-85.3485
-85.3921
-85.4356
-85.4791
-85.5224
-85.5654
-85.6082
-85.6507
-85.6927
-85.7344
-85.7756
-85.8164
-85.8566
-85.8962
-85.9352
-85.9736
-86.0114
-86.0484
-86.0848
-86.1204
-86.1552
-86.1892
-86.2225
-86.255
-86.2866
-86.3174
-86.3473
-86.3764
-86.4046
-86.4319
-86.4583
-86.4838
-86.5084
-86.5321
-86.5549
-86.5768
-86.5977
-86.6178
-86.6369
-86.6551
-86.6724
-86.6887
-86.7042
-86.7187
-86.7323
-86.745
-86.7568
-86.7677
-86.7777
-86.7867
-86.7949
-86.8022
-86.8085
-86.814
-86.8186
-86.8224
-86.8252
-86.8272
-86.8283
-86.8285
-86.8279
-86.8264
-86.824
-86.8208
-86.8167
-86.8118
-86.806
-86.7994
-86.792
-86.7837
-86.7745
-86.7645
-86.7537
-86.742
-86.7295
-86.7162
-86.702
-86.6869
-86.671
-86.6543
-86.6367
-86.6182
-86.5989
-86.5787
-86.5577
-86.5358
-86.513
-86.4893
-86.4647
-86.4393
-86.4129
-86.3855
-86.3573
-86.3281
-86.2979
-86.2668
-86.2347
-86.2016
-86.1674
-86.1323
-86.096
-86.0587
-86.0203
-85.9807
-85.94
-85.8981
-85.855
-85.8106
-85.765
-85.718
-85.6697
-85.6199
-85.5687
-85.516
-85.4617
-85.4058
-85.3481
-85.2887
-85.2275
-85.1643
-85.0991
-85.0318
-84.9622
-84.8903
-84.8159
-84.7388
-84.659
-84.5762
-84.4903
-84.401
-84.308
-84.2112
-84.1102
-84.0046
-83.8942
-83.7784
-83.6567
-83.5286
-83.3935
-83.2505
-83.0987
-82.9372
-82.7645
-82.5793
-82.3796
-82.1633
-81.9274
-81.6684
-81.3818
-81.0614
-80.6991
-80.2835
-79.7981
-79.2183
-78.5045
-77.5879
-76.3363
-74.4509
-71.0554
-61.963
-7.89005
49.9712
49.96
49.5696
48.0908
44.4822
37.7222
27.5053
15.2379
3.70769
-6.14397
-15.0221
-23.5491
-30.3441
-37.7526
-53.3219
-86.0292
-94.6325
-94.8828
-94.7945
-94.5916
-94.2289
-93.665
-92.9049
-92.0007
-91.0224
-90.031
-89.0677
-88.1551
-87.3025
-86.5109
-85.7768
-85.0943
-84.4566
-83.8563
-83.286
-82.7382
-82.2052
-81.6792
-81.1512
-80.6112
-80.0467
-79.4417
-78.7738
-78.0095
-77.0945
-75.9312
-74.3191
-71.7571
-66.5028
-47.2341
45.3261
49.9451
49.4999
47.8104
43.707
36.1278
25
12.3334
1.04434
-8.54888
-17.277
-25.5491
-31.3092
-39.2522
-56.8027
-89.1794
-94.7234
-94.8648
-94.7511
-94.5113
-94.0996
-93.4873
-92.6976
-91.7947
-90.8518
-89.9269
-89.0557
-88.2552
-87.53
-86.8777
-86.2926
-85.7676
-85.2954
-84.8693
-84.483
-84.1312
-83.8089
-83.5119
-83.2365
-82.9795
-82.7379
-82.5092
-82.2911
-82.0815
-81.8783
-81.6796
-81.4837
-81.2886
-81.0924
-80.8932
-80.6886
-80.4761
-80.2525
-80.0143
-79.7569
-79.4743
-79.1589
-78.7998
-78.3816
-77.8812
-77.262
-76.4614
-75.3604
-73.7007
-70.777
-63.7432
-28.5275
48.842
49.9381
49.4821
47.8267
43.8826
36.644
25.96
13.5463
2.20769
-7.47489
-16.2707
-24.6899
-30.9571
-38.7641
-55.7661
-88.4708
-94.7155
-94.8767
-94.773
-94.55
-94.1613
-93.577
-92.8216
-91.9636
-91.0794
-90.2272
-89.4406
-88.7335
-88.1073
-87.5574
-87.0764
-86.6565
-86.2899
-85.9699
-85.6904
-85.4463
-85.2332
-85.0473
-84.8854
-84.7448
-84.6231
-84.5184
-84.429
-84.3533
-84.2902
-84.2386
-84.1974
-84.1658
-84.1432
-84.1288
-84.122
-84.1225
-84.1296
-84.1429
-84.1621
-84.1868
-84.2166
-84.2513
-84.2904
-84.3338
-84.381
-84.432
-84.4863
-84.5437
-84.6041
-84.6671
-84.7325
-84.8001
-84.8697
-84.941
-85.0139
-85.0881
-85.1634
-85.2396
-85.3167
-85.3944
-85.4725
-85.5508
-85.6293
-85.7078
-85.7862
-85.8643
-85.9421
-86.0193
-86.096
-86.172
-86.2473
-86.3217
-86.3953
-86.4679
-86.5394
-86.6099
-86.6793
-86.7476
-86.8147
-86.8805
-86.9451
-87.0085
-87.0705
-87.1313
-87.1908
-87.2489
-87.3058
-87.3613
-87.4155
-87.4684
-87.52
-87.5702
-87.6192
-87.6668
-87.7132
-87.7583
-87.8021
-87.8447
-87.886
-87.926
-87.9649
-88.0026
-88.039
-88.0743
-88.1084
-88.1414
-88.1732
-88.2039
-88.2335
-88.262
-88.2895
-88.3158
-88.3412
-88.3655
-88.3888
-88.4111
-88.4324
-88.4527
-88.4721
-88.4905
-88.508
-88.5246
-88.5402
-88.555
-88.5689
-88.5819
-88.5941
-88.6054
-88.6159
-88.6256
-88.6345
-88.6426
-88.6499
-88.6564
-88.6622
-88.6671
-88.6714
-88.6749
-88.6777
-88.6798
-88.6811
-88.6818
-88.6817
-88.681
-88.6796
-88.6776
-88.6749
-88.6715
-88.6675
-88.6628
-88.6576
-88.6517
-88.6451
-88.638
-88.6303
-88.6219
-88.613
-88.6035
-88.5934
-88.5827
-88.5715
-88.5596
-88.5473
-88.5343
-88.5208
-88.5068
-88.4922
-88.477
-88.4613
-88.4451
-88.4284
-88.4111
-88.3933
-88.3749
-88.356
-88.3366
-88.3167
-88.2962
-88.2753
-88.2538
-88.2318
-88.2092
-88.1862
-88.1626
-88.1385
-88.1139
-88.0888
-88.0631
-88.0369
-88.0102
-87.983
-87.9552
-87.927
-87.8981
-87.8688
-87.8389
-87.8084
-87.7774
-87.7458
-87.7137
-87.681
-87.6478
-87.614
-87.5796
-87.5445
-87.5089
-87.4727
-87.4359
-87.3985
-87.3604
-87.3217
-87.2823
-87.2423
-87.2015
-87.1601
-87.118
-87.0752
-87.0316
-86.9872
-86.9421
-86.8963
-86.8495
-86.802
-86.7536
-86.7043
-86.6542
-86.6031
-86.551
-86.4979
-86.4439
-86.3887
-86.3325
-86.2751
-86.2165
-86.1568
-86.0957
-86.0334
-85.9696
-85.9044
-85.8377
-85.7694
-85.6995
-85.6279
-85.5544
-85.479
-85.4016
-85.322
-85.2402
-85.156
-85.0693
-84.9798
-84.8875
-84.792
-84.6933
-84.591
-84.4848
-84.3746
-84.2598
-84.1402
-84.0152
-83.8845
-83.7473
-83.603
-83.4508
-83.2899
-83.1192
-82.9373
-82.7427
-82.5336
-82.3076
-82.062
-81.793
-81.4961
-81.1649
-80.7914
-80.3637
-79.8654
-79.2709
-78.5398
-77.6013
-76.3186
-74.3791
-70.8496
-61.0983
-1.62255
49.9833
49.9528
49.5195
47.9326
44.1313
37.1082
26.6447
14.3098
2.89378
-6.86064
-15.6935
-24.1692
-30.6949
-38.3419
-54.7645
-87.4803
-94.6653
-94.8578
-94.7395
-94.4823
-94.0269
-93.3245
-92.3839
-91.2699
-90.0675
-88.8496
-87.6647
-86.5384
-85.4798
-84.4871
-83.5526
-82.6641
-81.807
-80.9638
-80.1131
-79.2276
-78.2687
-77.1767
-75.8471
-74.0667
-71.2982
-65.6284
-44.0036
47.1155
49.9318
49.4047
47.4587
42.8209
34.4411
22.5545
9.74813
-1.23178
-10.5996
-19.2202
-27.1419
-32.519
-41.3264
-61.8551
-91.7426
-94.7807
-94.8175
-94.6462
-94.307
-93.7367
-92.9108
-91.8758
-90.7245
-89.5501
-88.4189
-87.3674
-86.4087
-85.5422
-84.7601
-84.0515
-83.4049
-82.8087
-82.2522
-81.7251
-81.2176
-80.7196
-80.2207
-79.7089
-79.1699
-78.5847
-77.9265
-77.1537
-76.1962
-74.9199
-73.0259
-69.6614
-61.0784
-12.1269
49.923
49.941
49.4169
47.4534
42.743
34.2139
22.1514
9.27971
-1.66585
-10.9992
-19.6054
-27.4299
-32.8914
-41.9928
-63.4628
-92.2384
-94.7961
-94.8175
-94.6464
-94.313
-93.7617
-92.9794
-92.0213
-90.9808
-89.9449
-88.9717
-88.09
-87.3079
-86.6217
-86.0225
-85.4998
-85.0431
-84.6431
-84.2916
-83.9817
-83.7073
-83.4637
-83.2466
-83.0526
-82.8788
-82.7227
-82.5824
-82.4562
-82.3424
-82.24
-82.148
-82.0654
-81.9916
-81.9259
-81.8678
-81.817
-81.7731
-81.7359
-81.7051
-81.6805
-81.6621
-81.6499
-81.6436
-81.6434
-81.6493
-81.6612
-81.6792
-81.7034
-81.7338
-81.7704
-81.8133
-81.8626
-81.9183
-81.9803
-82.0486
-82.1232
-82.204
-82.2907
-82.3834
-82.4817
-82.5853
-82.6942
-82.8078
-82.9258
-83.0478
-83.1736
-83.3025
-83.4342
-83.5681
-83.704
-83.8412
-83.9794
-84.1182
-84.2571
-84.3958
-84.5338
-84.6709
-84.8068
-84.9411
-85.0736
-85.2042
-85.3326
-85.4586
-85.5821
-85.703
-85.8212
-85.9366
-86.0492
-86.1589
-86.2657
-86.3696
-86.4706
-86.5687
-86.6639
-86.7563
-86.8458
-86.9326
-87.0167
-87.0981
-87.1768
-87.2531
-87.3268
-87.398
-87.4668
-87.5334
-87.5976
-87.6596
-87.7195
-87.7772
-87.8329
-87.8866
-87.9384
-87.9883
-88.0364
-88.0826
-88.1271
-88.17
-88.2111
-88.2507
-88.2887
-88.3252
-88.3602
-88.3938
-88.426
-88.4568
-88.4863
-88.5144
-88.5413
-88.5669
-88.5914
-88.6146
-88.6367
-88.6577
-88.6776
-88.6964
-88.7141
-88.7308
-88.7465
-88.7612
-88.7749
-88.7877
-88.7996
-88.8105
-88.8205
-88.8297
-88.838
-88.8455
-88.8522
-88.858
-88.863
-88.8673
-88.8708
-88.8735
-88.8754
-88.8767
-88.8772
-88.877
-88.8761
-88.8745
-88.8722
-88.8693
-88.8657
-88.8614
-88.8565
-88.851
-88.8448
-88.838
-88.8306
-88.8227
-88.8141
-88.8049
-88.7951
-88.7848
-88.7739
-88.7624
-88.7504
-88.7378
-88.7246
-88.711
-88.6967
-88.682
-88.6667
-88.6509
-88.6346
-88.6177
-88.6004
-88.5825
-88.5641
-88.5452
-88.5258
-88.5058
-88.4854
-88.4645
-88.4431
-88.4212
-88.3988
-88.3759
-88.3525
-88.3286
-88.3042
-88.2793
-88.2539
-88.2281
-88.2017
-88.1748
-88.1475
-88.1196
-88.0913
-88.0624
-88.033
-88.0031
-87.9727
-87.9418
-87.9103
-87.8783
-87.8458
-87.8128
-87.7792
-87.7451
-87.7104
-87.6752
-87.6394
-87.603
-87.566
-87.5285
-87.4903
-87.4516
-87.4122
-87.3722
-87.3316
-87.2903
-87.2483
-87.2057
-87.1624
-87.1183
-87.0735
-87.028
-86.9817
-86.9347
-86.8868
-86.8382
-86.7886
-86.7382
-86.687
-86.6347
-86.5816
-86.5274
-86.4722
-86.416
-86.3587
-86.3003
-86.2406
-86.1798
-86.1177
-86.0542
-85.9894
-85.9231
-85.8553
-85.786
-85.715
-85.6422
-85.5676
-85.4911
-85.4125
-85.3318
-85.2488
-85.1634
-85.0754
-84.9847
-84.8911
-84.7943
-84.6942
-84.5905
-84.4829
-84.371
-84.2547
-84.1334
-84.0066
-83.8739
-83.7347
-83.5882
-83.4338
-83.2703
-83.0967
-82.9117
-82.7136
-82.5006
-82.2701
-82.0193
-81.7443
-81.4401
-81.1002
-80.7158
-80.2742
-79.7574
-79.1376
-78.3694
-77.3724
-75.9861
-73.8274
-69.6561
-56.2363
26.615
49.9829
49.7869
48.8396
46.2458
40.975
32.3442
20.8712
8.86744
-1.63692
-10.853
-19.5218
-27.5303
-33.3386
-43.3619
-67.5409
-93.1886
-94.8245
-94.811
-94.6321
-94.2863
-93.7061
-92.8554
-91.7624
-90.5051
-89.1722
-87.8349
-86.5387
-85.3053
-84.1397
-83.0352
-81.9775
-80.9458
-79.9125
-78.8403
-77.6735
-76.3209
-74.6072
-72.122
-67.5639
-53.7921
30.5757
49.9614
49.5892
47.9654
43.7793
35.8234
24.0748
10.9774
-0.320656
-9.83036
-18.454
-26.4669
-31.5484
-39.4006
-56.765
-88.9268
-94.67
-94.8078
-94.6405
-94.2955
-93.7077
-92.842
-91.7379
-90.49
-89.2009
-87.9472
-86.773
-85.6959
-84.7163
-83.8257
-83.0107
-82.2564
-81.5473
-80.8675
-80.2002
-79.5266
-78.8242
-78.0627
-77.1977
-76.1557
-74.798
-72.8151
-69.3155
-60.2941
-7.55215
49.9529
49.9349
49.3532
47.1963
42.0729
32.9309
20.3401
7.46328
-3.25189
-12.4356
-20.9858
-28.4315
-34.2963
-44.7424
-70.1118
-93.5201
-94.8183
-94.7692
-94.5475
-94.1356
-93.4783
-92.5771
-91.5044
-90.3635
-89.2437
-88.201
-87.2613
-86.4296
-85.7
-85.0615
-84.502
-84.0097
-83.5743
-83.1865
-82.8388
-82.5245
-82.2381
-81.9749
-81.7309
-81.5026
-81.2869
-81.081
-80.8825
-80.689
-80.4981
-80.3074
-80.1146
-79.917
-79.7116
-79.4946
-79.2618
-79.0074
-78.7242
-78.4022
-78.0269
-77.5771
-77.0189
-76.2955
-75.3004
-73.8069
-71.2211
-65.331
-39.889
48.5072
49.9394
49.493
47.8599
43.953
36.761
26.115
13.7037
2.34106
-7.35822
-16.1611
-24.5902
-30.904
-38.6712
-55.5282
-88.2655
-94.6975
-94.8515
-94.7207
-94.4456
-93.9686
-93.2566
-92.3456
-91.3248
-90.2902
-89.3117
-88.4268
-87.6481
-86.9736
-86.3943
-85.8986
-85.4752
-85.1136
-84.8049
-84.5414
-84.3168
-84.1259
-83.9641
-83.828
-83.7144
-83.6209
-83.5454
-83.486
-83.4412
-83.4099
-83.3908
-83.383
-83.3856
-83.398
-83.4194
-83.4493
-83.4871
-83.5322
-83.5843
-83.6427
-83.7071
-83.7771
-83.8521
-83.9318
-84.0158
-84.1037
-84.1951
-84.2896
-84.3868
-84.4864
-84.5881
-84.6914
-84.7961
-84.9019
-85.0084
-85.1155
-85.2227
-85.33
-85.4371
-85.5438
-85.6498
-85.7551
-85.8594
-85.9627
-86.0648
-86.1655
-86.2649
-86.3628
-86.4591
-86.5539
-86.647
-86.7383
-86.828
-86.9159
-87.002
-87.0863
-87.1688
-87.2495
-87.3285
-87.4056
-87.4809
-87.5545
-87.6263
-87.6964
-87.7648
-87.8315
-87.8964
-87.9598
-88.0215
-88.0815
-88.14
-88.197
-88.2524
-88.3063
-88.3587
-88.4096
-88.4591
-88.5072
-88.5539
-88.5992
-88.6432
-88.6858
-88.7272
-88.7673
-88.8062
-88.8438
-88.8802
-88.9154
-88.9495
-88.9824
-89.0142
-89.0449
-89.0745
-89.103
-89.1305
-89.1569
-89.1824
-89.2068
-89.2303
-89.2527
-89.2743
-89.2949
-89.3145
-89.3333
-89.3512
-89.3682
-89.3844
-89.3997
-89.4142
-89.4278
-89.4406
-89.4527
-89.4639
-89.4744
-89.4842
-89.4931
-89.5014
-89.5089
-89.5157
-89.5218
-89.5272
-89.5319
-89.5359
-89.5393
-89.542
-89.5441
-89.5455
-89.5463
-89.5465
-89.5461
-89.5451
-89.5434
-89.5412
-89.5384
-89.5351
-89.5311
-89.5266
-89.5216
-89.516
-89.5099
-89.5032
-89.496
-89.4883
-89.4801
-89.4714
-89.4622
-89.4524
-89.4422
-89.4315
-89.4204
-89.4087
-89.3966
-89.384
-89.3709
-89.3574
-89.3434
-89.329
-89.3141
-89.2988
-89.283
-89.2668
-89.2502
-89.2331
-89.2156
-89.1977
-89.1794
-89.1606
-89.1415
-89.1219
-89.1019
-89.0815
-89.0606
-89.0394
-89.0177
-88.9957
-88.9733
-88.9504
-88.9271
-88.9035
-88.8794
-88.855
-88.8301
-88.8049
-88.7792
-88.7531
-88.7267
-88.6998
-88.6725
-88.6449
-88.6168
-88.5883
-88.5594
-88.5301
-88.5004
-88.4702
-88.4397
-88.4087
-88.3773
-88.3455
-88.3133
-88.2806
-88.2475
-88.2139
-88.1799
-88.1455
-88.1106
-88.0752
-88.0394
-88.0031
-87.9663
-87.929
-87.8913
-87.853
-87.8143
-87.775
-87.7352
-87.6949
-87.654
-87.6126
-87.5706
-87.528
-87.4848
-87.4411
-87.3967
-87.3517
-87.306
-87.2597
-87.2127
-87.1651
-87.1167
-87.0676
-87.0177
-86.9671
-86.9156
-86.8634
-86.8102
-86.7562
-86.7013
-86.6455
-86.5887
-86.5309
-86.4721
-86.4121
-86.3511
-86.2888
-86.2254
-86.1607
-86.0947
-86.0272
-85.9583
-85.8879
-85.8159
-85.7423
-85.6668
-85.5895
-85.5103
-85.429
-85.3454
-85.2596
-85.1713
-85.0803
-84.9865
-84.8898
-84.7897
-84.6863
-84.5791
-84.4679
-84.3523
-84.232
-84.1065
-83.9753
-83.8379
-83.6937
-83.5418
-83.3814
-83.2115
-83.0308
-82.838
-82.6312
-82.4082
-82.1664
-81.9023
-81.6117
-81.2889
-80.9261
-80.5129
-80.0342
-79.4675
-78.7775
-77.9041
-76.7346
-75.0249
-72.1074
-65.1973
-30.3154
49.1519
49.9501
49.5636
48.1544
44.7685
38.4499
28.819
16.9554
5.40101
-4.58716
-13.5543
-22.1811
-29.5372
-36.5083
-50.4728
-82.3576
-94.4966
-94.8551
-94.7454
-94.4892
-94.0227
-93.2785
-92.2469
-90.9885
-89.5993
-88.1692
-86.7616
-85.4111
-84.1298
-82.9136
-81.7474
-80.6068
-79.4577
-78.2508
-76.909
-75.2939
-73.1086
-69.5247
-60.9561
-14.1314
49.8861
49.9264
49.2976
46.9914
41.5598
31.983
19.0614
6.23985
-4.31095
-13.3949
-21.8893
-29.0282
-35.1616
-46.532
-74.1439
-93.9426
-94.8146
-94.7195
-94.4429
-93.9372
-93.138
-92.0514
-90.7624
-89.3874
-88.0248
-86.736
-85.5486
-84.467
-83.4823
-82.5791
-81.7391
-80.9423
-80.1675
-79.3907
-78.5829
-77.7044
-76.6951
-75.4496
-73.7527
-71.0586
-65.4073
-43.3016
47.314
49.9276
49.3851
47.3925
42.6606
34.1451
22.1407
9.32896
-1.59648
-10.9288
-19.5414
-27.3925
-32.8605
-41.9677
-63.4497
-92.2406
-94.7845
-94.7914
-94.5919
-94.2047
-93.5637
-92.6537
-91.5397
-90.3312
-89.1298
-88.0028
-86.9823
-86.0763
-85.2789
-84.5785
-83.9614
-83.4143
-82.9254
-82.4841
-82.0814
-81.7094
-81.3612
-81.0307
-80.7122
-80.4001
-80.089
-79.773
-79.4455
-79.0985
-78.722
-78.3022
-77.8196
-77.2443
-76.5275
-75.5807
-74.2235
-72.0133
-67.4792
-51.9334
38.408
49.9553
49.5818
48.0766
44.3087
37.1855
26.4638
13.8584
2.3546
-7.39314
-16.1947
-24.5933
-30.8519
-38.4889
-54.9143
-87.5917
-94.6569
-94.839
-94.7033
-94.416
-93.9208
-93.1849
-92.2438
-91.1873
-90.1131
-89.0941
-88.1704
-87.3562
-86.6503
-86.0437
-85.5246
-85.0809
-84.7018
-84.3776
-84.1003
-83.8632
-83.6607
-83.4882
-83.3419
-83.2186
-83.1158
-83.0314
-82.9634
-82.9105
-82.8714
-82.845
-82.8303
-82.8267
-82.8334
-82.8499
-82.8755
-82.9098
-82.9524
-83.0027
-83.0604
-83.125
-83.1962
-83.2736
-83.3566
-83.445
-83.5382
-83.636
-83.7377
-83.8431
-83.9517
-84.0631
-84.1769
-84.2926
-84.4099
-84.5285
-84.648
-84.768
-84.8882
-85.0084
-85.1282
-85.2475
-85.366
-85.4834
-85.5997
-85.7147
-85.8281
-85.9399
-86.05
-86.1583
-86.2647
-86.3692
-86.4716
-86.5721
-86.6704
-86.7666
-86.8608
-86.9528
-87.0428
-87.1306
-87.2164
-87.3001
-87.3818
-87.4614
-87.5391
-87.6148
-87.6885
-87.7603
-87.8303
-87.8984
-87.9647
-88.0292
-88.092
-88.153
-88.2124
-88.2701
-88.3262
-88.3807
-88.4337
-88.4852
-88.5351
-88.5836
-88.6306
-88.6763
-88.7205
-88.7634
-88.805
-88.8453
-88.8843
-88.922
-88.9585
-88.9938
-89.028
-89.0609
-89.0928
-89.1235
-89.1531
-89.1816
-89.2091
-89.2355
-89.2609
-89.2853
-89.3087
-89.3312
-89.3526
-89.3732
-89.3928
-89.4116
-89.4294
-89.4464
-89.4625
-89.4777
-89.4921
-89.5057
-89.5185
-89.5305
-89.5417
-89.5522
-89.5619
-89.5708
-89.579
-89.5865
-89.5933
-89.5994
-89.6047
-89.6094
-89.6135
-89.6168
-89.6196
-89.6216
-89.6231
-89.6239
-89.6241
-89.6237
-89.6227
-89.6211
-89.6189
-89.6161
-89.6128
-89.6089
-89.6045
-89.5995
-89.5939
-89.5879
-89.5813
-89.5742
-89.5666
-89.5584
-89.5498
-89.5407
-89.531
-89.5209
-89.5103
-89.4993
-89.4877
-89.4757
-89.4633
-89.4504
-89.437
-89.4232
-89.4089
-89.3942
-89.3791
-89.3635
-89.3475
-89.3311
-89.3142
-89.2969
-89.2792
-89.2611
-89.2426
-89.2237
-89.2044
-89.1846
-89.1645
-89.1439
-89.123
-89.1017
-89.0799
-89.0578
-89.0352
-89.0123
-88.989
-88.9653
-88.9412
-88.9167
-88.8918
-88.8666
-88.8409
-88.8149
-88.7884
-88.7616
-88.7344
-88.7067
-88.6787
-88.6503
-88.6215
-88.5923
-88.5627
-88.5327
-88.5023
-88.4715
-88.4402
-88.4086
-88.3765
-88.344
-88.3111
-88.2778
-88.244
-88.2098
-88.1752
-88.1401
-88.1046
-88.0686
-88.0321
-87.9952
-87.9578
-87.9199
-87.8816
-87.8427
-87.8033
-87.7634
-87.723
-87.682
-87.6406
-87.5985
-87.5559
-87.5127
-87.4689
-87.4245
-87.3795
-87.3339
-87.2876
-87.2407
-87.193
-87.1447
-87.0957
-87.0459
-86.9953
-86.944
-86.8919
-86.8389
-86.7851
-86.7303
-86.6747
-86.6181
-86.5605
-86.5019
-86.4423
-86.3815
-86.3196
-86.2565
-86.1921
-86.1265
-86.0594
-85.991
-85.9211
-85.8496
-85.7765
-85.7016
-85.6249
-85.5464
-85.4658
-85.383
-85.298
-85.2106
-85.1206
-85.0278
-84.9322
-84.8334
-84.7313
-84.6255
-84.5159
-84.402
-84.2836
-84.1601
-84.0312
-83.8964
-83.7549
-83.6061
-83.4492
-83.2832
-83.107
-82.9192
-82.7182
-82.502
-82.2681
-82.0135
-81.7342
-81.4252
-81.0796
-80.6884
-80.2385
-79.7109
-79.0765
-78.2874
-77.2574
-75.8126
-73.5253
-68.9468
-52.8169
38.1643
49.9699
49.6865
48.5278
45.5806
39.8599
30.8199
19.2076
7.42606
-2.8321
-11.9308
-20.5955
-28.3947
-34.6748
-46.2515
-74.3367
-93.978
-94.8379
-94.7746
-94.5568
-94.1489
-93.4794
-92.5177
-91.3022
-89.9197
-88.4638
-87.0081
-85.5974
-84.2511
-82.9698
-81.7403
-80.5378
-79.3258
-78.0498
-76.6222
-74.8806
-72.4592
-68.2563
-56.7554
15.2016
49.9802
49.7999
48.6601
45.2465
38.1338
26.8438
13.3889
1.48048
-8.32968
-17.0494
-25.2157
-30.91
-38.1699
-53.4693
-85.6405
-94.53
-94.7945
-94.6291
-94.2721
-93.6551
-92.7331
-91.5412
-90.1812
-88.7675
-87.388
-86.0934
-84.903
-83.8164
-82.8213
-81.8999
-81.0312
-80.1918
-79.3552
-78.4889
-77.5486
-76.4659
-75.1188
-73.249
-70.1624
-63.0889
-29.0791
48.5407
49.9146
49.3066
47.1328
42.0576
33.0766
20.7083
7.93388
-2.79726
-12.0124
-20.5928
-28.182
-33.9866
-44.1995
-68.9698
-93.4051
-94.8133
-94.7599
-94.5246
-94.0841
-93.3743
-92.3941
-91.2227
-89.9745
-88.7489
-87.6082
-86.58
-85.6689
-84.8672
-84.1617
-83.538
-82.9824
-82.4824
-82.0271
-81.6071
-81.2138
-80.8396
-80.4774
-80.1201
-79.7605
-79.3905
-79.0005
-78.5784
-78.1075
-77.5641
-76.9104
-76.0826
-74.9596
-73.2748
-70.291
-62.957
-24.7547
48.9694
49.9301
49.416
47.5445
43.1043
35.0633
23.5334
10.8292
-0.253568
-9.70672
-18.362
-26.4643
-31.6738
-39.8307
-58.1947
-90.122
-94.738
-94.8205
-94.6522
-94.3128
-93.7375
-92.9046
-91.8726
-90.75
-89.6396
-88.6096
-87.6918
-86.8933
-86.2072
-85.6212
-85.1215
-84.6953
-84.3313
-84.02
-83.7534
-83.5251
-83.3296
-83.1628
-83.0209
-82.901
-82.8007
-82.7181
-82.6514
-82.5993
-82.5607
-82.5346
-82.5201
-82.5166
-82.5234
-82.5401
-82.5662
-82.6013
-82.6448
-82.6965
-82.756
-82.8228
-82.8967
-82.9771
-83.0638
-83.1562
-83.2541
-83.3568
-83.464
-83.5753
-83.6902
-83.8081
-83.9288
-84.0517
-84.1764
-84.3025
-84.4296
-84.5574
-84.6854
-84.8133
-84.9408
-85.0677
-85.1938
-85.3186
-85.4422
-85.5642
-85.6845
-85.803
-85.9196
-86.0342
-86.1467
-86.2569
-86.365
-86.4708
-86.5744
-86.6756
-86.7745
-86.8711
-86.9655
-87.0575
-87.1473
-87.2349
-87.3202
-87.4034
-87.4844
-87.5633
-87.6402
-87.715
-87.7878
-87.8586
-87.9275
-87.9946
-88.0598
-88.1231
-88.1848
-88.2447
-88.3028
-88.3594
-88.4143
-88.4676
-88.5194
-88.5696
-88.6183
-88.6656
-88.7115
-88.756
-88.799
-88.8408
-88.8812
-88.9203
-88.9582
-88.9948
-89.0302
-89.0644
-89.0975
-89.1294
-89.1602
-89.1898
-89.2184
-89.2459
-89.2724
-89.2978
-89.3223
-89.3457
-89.3682
-89.3897
-89.4103
-89.43
-89.4487
-89.4666
-89.4836
-89.4997
-89.515
-89.5294
-89.543
-89.5558
-89.5679
-89.5791
-89.5896
-89.5993
-89.6082
-89.6165
-89.624
-89.6308
-89.6369
-89.6423
-89.647
-89.6511
-89.6545
-89.6572
-89.6593
-89.6608
-89.6617
-89.6619
-89.6615
-89.6606
-89.659
-89.6569
-89.6541
-89.6509
-89.647
-89.6426
-89.6377
-89.6322
-89.6262
-89.6197
-89.6127
-89.6051
-89.5971
-89.5885
-89.5794
-89.5699
-89.5599
-89.5494
-89.5384
-89.5269
-89.515
-89.5026
-89.4898
-89.4766
-89.4628
-89.4487
-89.4341
-89.4191
-89.4036
-89.3877
-89.3714
-89.3547
-89.3376
-89.32
-89.302
-89.2836
-89.2649
-89.2457
-89.2261
-89.2061
-89.1857
-89.1649
-89.1438
-89.1222
-89.1002
-89.0779
-89.0551
-89.032
-89.0085
-88.9846
-88.9603
-88.9356
-88.9106
-88.8852
-88.8593
-88.8331
-88.8065
-88.7795
-88.7522
-88.7244
-88.6963
-88.6677
-88.6388
-88.6095
-88.5797
-88.5496
-88.5191
-88.4882
-88.4568
-88.4251
-88.393
-88.3604
-88.3274
-88.294
-88.2602
-88.2259
-88.1912
-88.1561
-88.1205
-88.0844
-88.0479
-88.011
-87.9736
-87.9357
-87.8973
-87.8584
-87.819
-87.7791
-87.7387
-87.6977
-87.6563
-87.6143
-87.5717
-87.5285
-87.4848
-87.4404
-87.3955
-87.3499
-87.3037
-87.2568
-87.2093
-87.161
-87.1121
-87.0624
-87.0119
-86.9607
-86.9087
-86.8559
-86.8022
-86.7476
-86.6922
-86.6358
-86.5784
-86.52
-86.4605
-86.4
-86.3383
-86.2755
-86.2114
-86.146
-86.0793
-86.0112
-85.9417
-85.8706
-85.7978
-85.7234
-85.6472
-85.5691
-85.489
-85.4068
-85.3224
-85.2356
-85.1463
-85.0543
-84.9594
-84.8615
-84.7603
-84.6555
-84.547
-84.4343
-84.3171
-84.1951
-84.0677
-83.9345
-83.7949
-83.6482
-83.4936
-83.3303
-83.157
-82.9726
-82.7754
-82.5636
-82.335
-82.0865
-81.8145
-81.5143
-81.1797
-80.8023
-80.3702
-79.8666
-79.2656
-78.5258
-77.5748
-76.2712
-74.2896
-70.6403
-60.2259
4.36112
49.9878
49.9395
49.4429
47.7092
43.663
36.3284
25.6037
13.2401
1.97848
-7.66374
-16.4482
-24.8564
-31.0633
-38.9798
-56.3608
-88.8239
-94.691
-94.8236
-94.6655
-94.3363
-93.7596
-92.8785
-91.7082
-90.3302
-88.8482
-87.3489
-85.8883
-84.4927
-83.1667
-81.8986
-80.6645
-79.4281
-78.1354
-76.7003
-74.9647
-72.5776
-68.499
-57.6785
9.16923
49.9799
49.8561
48.8893
45.7885
39.0626
28.0508
14.5239
2.34143
-7.61933
-16.3958
-24.6244
-30.5879
-37.5831
-51.9619
-83.6782
-94.4479
-94.7939
-94.6361
-94.2849
-93.6732
-92.7515
-91.5513
-90.1742
-88.7377
-87.3334
-86.0144
-84.8016
-83.6942
-82.6795
-81.7387
-80.8494
-79.9865
-79.1208
-78.2159
-77.2204
-76.0515
-74.554
-72.3751
-68.4545
-57.5788
10.868
49.9796
49.8525
48.9014
45.8845
39.3616
28.6441
15.3073
3.07389
-6.96528
-15.8001
-24.1173
-30.3708
-37.3017
-51.4056
-82.9774
-94.4339
-94.8092
-94.6679
-94.3473
-93.7885
-92.9489
-91.8638
-90.6343
-89.3732
-88.1659
-87.0595
-86.0711
-85.1991
-84.4328
-83.7577
-83.1594
-82.6241
-82.1397
-81.6957
-81.2826
-80.892
-80.5161
-80.1475
-79.7783
-79.4002
-79.0032
-78.575
-78.0986
-77.5498
-76.8904
-76.0553
-74.9207
-73.212
-70.1603
-62.5041
-21.0674
49.574
49.933
49.417
47.525
43.0219
34.8646
23.2034
10.4511
-0.601354
-10.0256
-18.6607
-26.7003
-31.9407
-40.2867
-59.2986
-90.7026
-94.7504
-94.8122
-94.6346
-94.2797
-93.6814
-92.8211
-91.7637
-90.622
-89.5006
-88.4664
-87.5497
-86.7556
-86.0759
-85.4972
-85.0053
-84.5869
-84.2304
-83.9263
-83.6665
-83.4447
-83.2555
-83.0945
-82.9582
-82.8438
-82.7488
-82.6712
-82.6096
-82.5624
-82.5287
-82.5074
-82.4977
-82.499
-82.5107
-82.5323
-82.5632
-82.6031
-82.6516
-82.7081
-82.7724
-82.8441
-82.9227
-83.0078
-83.099
-83.1959
-83.2981
-83.405
-83.5162
-83.6312
-83.7497
-83.871
-83.9948
-84.1206
-84.2479
-84.3764
-84.5056
-84.6353
-84.7649
-84.8943
-85.0231
-85.1511
-85.2779
-85.4034
-85.5275
-85.6498
-85.7703
-85.889
-86.0055
-86.1199
-86.2322
-86.3422
-86.4498
-86.5552
-86.6583
-86.759
-86.8574
-86.9534
-87.0471
-87.1386
-87.2278
-87.3147
-87.3994
-87.482
-87.5624
-87.6407
-87.7169
-87.7911
-87.8634
-87.9336
-88.002
-88.0685
-88.1332
-88.1961
-88.2573
-88.3167
-88.3744
-88.4305
-88.4851
-88.538
-88.5894
-88.6392
-88.6877
-88.7346
-88.7802
-88.8243
-88.8671
-88.9086
-88.9488
-88.9877
-89.0253
-89.0617
-89.0969
-89.131
-89.1638
-89.1956
-89.2262
-89.2557
-89.2842
-89.3116
-89.3379
-89.3633
-89.3876
-89.411
-89.4334
-89.4548
-89.4753
-89.4949
-89.5136
-89.5314
-89.5484
-89.5645
-89.5797
-89.5941
-89.6077
-89.6205
-89.6326
-89.6438
-89.6543
-89.664
-89.673
-89.6813
-89.6888
-89.6956
-89.7017
-89.7072
-89.712
-89.7161
-89.7195
-89.7223
-89.7245
-89.726
-89.7269
-89.7273
-89.727
-89.7261
-89.7246
-89.7226
-89.72
-89.7168
-89.7131
-89.7088
-89.704
-89.6986
-89.6927
-89.6863
-89.6794
-89.672
-89.6641
-89.6557
-89.6468
-89.6374
-89.6275
-89.6172
-89.6064
-89.5951
-89.5834
-89.5712
-89.5586
-89.5455
-89.532
-89.518
-89.5036
-89.4888
-89.4736
-89.4579
-89.4418
-89.4253
-89.4084
-89.3911
-89.3734
-89.3552
-89.3367
-89.3178
-89.2985
-89.2787
-89.2586
-89.2381
-89.2172
-89.196
-89.1743
-89.1523
-89.1299
-89.1071
-89.0839
-89.0603
-89.0364
-89.0121
-88.9874
-88.9623
-88.9368
-88.911
-88.8848
-88.8582
-88.8313
-88.8039
-88.7762
-88.7481
-88.7196
-88.6907
-88.6615
-88.6318
-88.6018
-88.5714
-88.5405
-88.5093
-88.4777
-88.4457
-88.4133
-88.3804
-88.3472
-88.3135
-88.2794
-88.2449
-88.21
-88.1746
-88.1388
-88.1025
-88.0658
-88.0286
-87.991
-87.9529
-87.9143
-87.8752
-87.8357
-87.7956
-87.755
-87.7139
-87.6722
-87.63
-87.5873
-87.544
-87.5001
-87.4556
-87.4105
-87.3648
-87.3185
-87.2715
-87.2238
-87.1754
-87.1264
-87.0766
-87.026
-86.9747
-86.9227
-86.8697
-86.816
-86.7613
-86.7058
-86.6493
-86.5919
-86.5334
-86.474
-86.4134
-86.3517
-86.2888
-86.2247
-86.1594
-86.0927
-86.0246
-85.9551
-85.884
-85.8113
-85.7369
-85.6608
-85.5828
-85.5028
-85.4207
-85.3364
-85.2497
-85.1606
-85.0688
-84.9741
-84.8764
-84.7754
-84.6709
-84.5627
-84.4503
-84.3335
-84.2119
-84.085
-83.9524
-83.8134
-83.6674
-83.5135
-83.351
-83.1788
-82.9955
-82.7996
-82.5894
-82.3625
-82.1162
-81.8468
-81.5497
-81.2189
-80.8463
-80.4205
-79.9253
-79.336
-78.6132
-77.689
-76.4325
-74.5481
-71.1714
-62.1674
-9.0043
49.9677
49.9612
49.5788
48.123
44.5601
37.8692
27.7251
15.4891
3.93579
-5.94073
-14.8315
-23.3721
-30.2417
-37.5855
-52.9224
-85.5684
-94.5955
-94.8349
-94.6949
-94.3892
-93.8429
-92.9908
-91.8385
-90.4632
-88.9706
-87.4523
-85.9685
-84.549
-83.1998
-81.9099
-80.6554
-79.3989
-78.0851
-76.6244
-74.8518
-72.3954
-68.1292
-56.3476
17.4462
49.9784
49.765
48.5167
44.8865
37.467
25.9039
12.4325
0.697022
-9.00423
-17.6691
-25.7447
-31.1431
-38.5469
-54.3763
-86.6337
-94.564
-94.7855
-94.6066
-94.2285
-93.5796
-92.6167
-91.3809
-89.979
-88.5281
-87.1165
-85.7938
-84.5779
-83.4665
-82.4456
-81.4951
-80.5914
-79.7074
-78.8111
-77.8604
-76.7936
-75.506
-73.7867
-71.1089
-65.612
-44.849
46.5046
49.9268
49.3764
47.3436
42.51
33.8265
21.6567
8.81504
-2.05564
-11.3473
-19.9459
-27.6949
-33.2718
-42.7431
-65.3516
-92.7124
-94.7891
-94.7696
-94.5473
-94.1223
-93.4262
-92.4486
-91.2632
-89.9867
-88.7247
-87.545
-86.479
-85.5333
-84.7002
-83.9663
-83.3165
-82.7361
-82.2117
-81.7316
-81.2854
-80.8635
-80.4572
-80.0578
-79.6565
-79.2434
-78.8066
-78.3306
-77.7943
-77.1652
-76.3904
-75.374
-73.917
-71.517
-66.4153
-47.1303
45.3587
49.9414
49.4895
47.7781
43.6288
35.9795
24.7819
12.0966
0.834508
-8.73727
-17.453
-25.699
-31.3699
-39.3452
-57.0221
-89.3527
-94.7132
-94.8227
-94.66
-94.3284
-93.7637
-92.9394
-91.9078
-90.7744
-89.6437
-88.5875
-87.6415
-86.8151
-86.1031
-85.4936
-84.973
-84.528
-84.1472
-83.8206
-83.54
-83.2986
-83.0909
-82.9122
-82.7588
-82.6277
-82.5165
-82.423
-82.3455
-82.2828
-82.2336
-82.1969
-82.1721
-82.1585
-82.1554
-82.1626
-82.1795
-82.2057
-82.2411
-82.2852
-82.3378
-82.3986
-82.4672
-82.5434
-82.6268
-82.717
-82.8137
-82.9164
-83.0247
-83.1381
-83.2562
-83.3784
-83.5043
-83.6334
-83.7651
-83.8989
-84.0345
-84.1713
-84.3088
-84.4467
-84.5845
-84.722
-84.8587
-84.9944
-85.1288
-85.2616
-85.3927
-85.5219
-85.6489
-85.7737
-85.8962
-86.0163
-86.1339
-86.2489
-86.3614
-86.4713
-86.5786
-86.6833
-86.7854
-86.8849
-86.9819
-87.0764
-87.1683
-87.2579
-87.3451
-87.4299
-87.5124
-87.5926
-87.6706
-87.7465
-87.8202
-87.8919
-87.9616
-88.0292
-88.095
-88.1589
-88.2209
-88.2811
-88.3396
-88.3964
-88.4515
-88.5049
-88.5568
-88.6071
-88.6559
-88.7032
-88.749
-88.7934
-88.8364
-88.8781
-88.9184
-88.9574
-88.9951
-89.0316
-89.0669
-89.1009
-89.1338
-89.1655
-89.1961
-89.2256
-89.254
-89.2813
-89.3075
-89.3328
-89.357
-89.3803
-89.4025
-89.4238
-89.4442
-89.4637
-89.4822
-89.4999
-89.5166
-89.5325
-89.5476
-89.5618
-89.5753
-89.5879
-89.5997
-89.6107
-89.621
-89.6306
-89.6393
-89.6474
-89.6547
-89.6613
-89.6673
-89.6725
-89.6771
-89.6809
-89.6842
-89.6868
-89.6887
-89.69
-89.6907
-89.6908
-89.6903
-89.6892
-89.6875
-89.6852
-89.6824
-89.679
-89.675
-89.6705
-89.6655
-89.6599
-89.6538
-89.6472
-89.6401
-89.6324
-89.6243
-89.6156
-89.6065
-89.5969
-89.5868
-89.5762
-89.5651
-89.5536
-89.5417
-89.5292
-89.5163
-89.503
-89.4893
-89.4751
-89.4604
-89.4454
-89.4299
-89.414
-89.3976
-89.3809
-89.3637
-89.3462
-89.3282
-89.3098
-89.291
-89.2718
-89.2522
-89.2323
-89.2119
-89.1911
-89.17
-89.1484
-89.1265
-89.1042
-89.0815
-89.0584
-89.0349
-89.0111
-88.9868
-88.9622
-88.9372
-88.9119
-88.8861
-88.86
-88.8335
-88.8066
-88.7793
-88.7516
-88.7235
-88.6951
-88.6663
-88.6371
-88.6075
-88.5775
-88.5471
-88.5163
-88.4851
-88.4535
-88.4215
-88.3891
-88.3562
-88.323
-88.2893
-88.2552
-88.2207
-88.1858
-88.1504
-88.1146
-88.0783
-88.0415
-88.0043
-87.9666
-87.9285
-87.8899
-87.8507
-87.8111
-87.771
-87.7303
-87.6891
-87.6474
-87.6052
-87.5623
-87.5189
-87.4749
-87.4303
-87.3851
-87.3393
-87.2928
-87.2457
-87.1979
-87.1494
-87.1002
-87.0502
-86.9995
-86.948
-86.8957
-86.8426
-86.7886
-86.7338
-86.678
-86.6213
-86.5636
-86.5048
-86.4451
-86.3842
-86.3222
-86.2589
-86.1945
-86.1287
-86.0616
-85.9931
-85.9231
-85.8515
-85.7783
-85.7034
-85.6267
-85.548
-85.4673
-85.3845
-85.2995
-85.212
-85.122
-85.0292
-84.9335
-84.8347
-84.7325
-84.6268
-84.5171
-84.4033
-84.2848
-84.1614
-84.0325
-83.8977
-83.7562
-83.6075
-83.4506
-83.2847
-83.1086
-82.9209
-82.72
-82.504
-82.2703
-82.0158
-81.7368
-81.428
-81.0828
-80.692
-80.2427
-79.7159
-79.0826
-78.2948
-77.2672
-75.8262
-73.5468
-68.9907
-52.986
37.7365
49.9704
49.6898
48.5374
45.6008
39.8935
30.8657
19.2575
7.46952
-2.7956
-11.8976
-20.5625
-28.369
-34.6338
-46.1594
-74.1334
-93.9585
-94.8338
-94.7678
-94.543
-94.1222
-93.4311
-92.4381
-91.1827
-89.7542
-88.2496
-86.7446
-85.285
-83.8899
-82.5583
-81.2737
-80.0061
-78.7096
-77.3128
-75.6917
-73.592
-70.3489
-63.3768
-31.8998
48.6627
49.9073
49.2514
46.9347
41.5753
32.2002
19.5295
6.79555
-3.78541
-12.9093
-21.4477
-28.7729
-34.8436
-45.9605
-73.0294
-93.8657
-94.8109
-94.7143
-94.4295
-93.9044
-93.0668
-91.918
-90.5462
-89.0759
-87.6143
-86.2284
-84.948
-83.7769
-82.7035
-81.7084
-80.7675
-79.8532
-78.9329
-77.9646
-76.8875
-75.5995
-73.8991
-71.29
-66.0665
-47.3691
44.5671
49.9314
49.4014
47.4103
42.6354
34.0078
21.8567
8.97871
-1.92931
-11.2376
-19.8367
-27.6049
-33.1319
-42.4487
-64.5827
-92.5105
-94.7806
-94.7702
-94.5501
-94.1277
-93.4341
-92.4566
-91.2666
-89.9805
-88.7045
-87.5082
-86.4244
-85.4605
-84.6095
-83.8578
-83.1902
-82.5919
-82.049
-81.5492
-81.0816
-80.6359
-80.2024
-79.7711
-79.3313
-78.8705
-78.3727
-77.816
-77.1675
-76.3735
-75.3367
-73.8554
-71.4186
-66.2271
-46.4016
45.879
49.9395
49.4754
47.7283
43.5071
35.7516
24.4527
11.7461
0.526456
-9.01352
-17.7116
-25.9176
-31.4573
-39.4795
-57.3355
-89.5646
-94.7183
-94.8194
-94.6525
-94.3138
-93.7381
-92.9002
-91.8548
-90.7088
-89.5677
-88.5031
-87.55
-86.7176
-86
-85.3851
-84.8592
-84.4091
-84.0229
-83.6908
-83.4045
-83.1571
-82.9432
-82.758
-82.598
-82.46
-82.3415
-82.2405
-82.1553
-82.0846
-82.0271
-81.9821
-81.9487
-81.9263
-81.9145
-81.9127
-81.9207
-81.9382
-81.9649
-82.0006
-82.0451
-82.0982
-82.1596
-82.229
-82.3063
-82.3912
-82.4832
-82.5821
-82.6875
-82.7989
-82.9159
-83.038
-83.1647
-83.2954
-83.4296
-83.5668
-83.7065
-83.8481
-83.9911
-84.135
-84.2793
-84.4237
-84.5676
-84.7108
-84.8529
-84.9936
-85.1326
-85.2697
-85.4046
-85.5373
-85.6675
-85.7952
-85.9203
-86.0426
-86.1622
-86.279
-86.393
-86.5041
-86.6124
-86.718
-86.8208
-86.9208
-87.0181
-87.1128
-87.2048
-87.2944
-87.3814
-87.4659
-87.5481
-87.6279
-87.7054
-87.7807
-87.8538
-87.9248
-87.9937
-88.0606
-88.1256
-88.1886
-88.2498
-88.3091
-88.3667
-88.4225
-88.4766
-88.5291
-88.58
-88.6293
-88.6771
-88.7234
-88.7683
-88.8117
-88.8537
-88.8943
-88.9336
-88.9716
-89.0084
-89.0439
-89.0781
-89.1112
-89.1431
-89.1738
-89.2034
-89.232
-89.2594
-89.2858
-89.3111
-89.3354
-89.3587
-89.381
-89.4024
-89.4228
-89.4423
-89.4609
-89.4785
-89.4953
-89.5113
-89.5263
-89.5406
-89.554
-89.5666
-89.5784
-89.5894
-89.5997
-89.6092
-89.6179
-89.6259
-89.6332
-89.6398
-89.6457
-89.6509
-89.6554
-89.6593
-89.6624
-89.665
-89.6669
-89.6681
-89.6688
-89.6688
-89.6682
-89.6671
-89.6653
-89.663
-89.6601
-89.6566
-89.6526
-89.648
-89.6429
-89.6372
-89.6311
-89.6244
-89.6172
-89.6094
-89.6012
-89.5925
-89.5833
-89.5736
-89.5634
-89.5527
-89.5416
-89.53
-89.5179
-89.5054
-89.4924
-89.479
-89.4652
-89.4509
-89.4362
-89.421
-89.4054
-89.3894
-89.373
-89.3562
-89.3389
-89.3212
-89.3031
-89.2847
-89.2658
-89.2465
-89.2268
-89.2067
-89.1862
-89.1653
-89.1441
-89.1224
-89.1004
-89.0779
-89.0551
-89.0319
-89.0083
-88.9843
-88.96
-88.9352
-88.9101
-88.8846
-88.8587
-88.8325
-88.8058
-88.7787
-88.7513
-88.7235
-88.6953
-88.6667
-88.6377
-88.6084
-88.5786
-88.5484
-88.5179
-88.4869
-88.4555
-88.4238
-88.3916
-88.359
-88.326
-88.2926
-88.2587
-88.2244
-88.1897
-88.1545
-88.119
-88.0829
-88.0464
-88.0094
-87.972
-87.9341
-87.8957
-87.8568
-87.8174
-87.7775
-87.7371
-87.6962
-87.6547
-87.6127
-87.5701
-87.527
-87.4833
-87.439
-87.394
-87.3485
-87.3023
-87.2554
-87.2079
-87.1597
-87.1108
-87.0612
-87.0108
-86.9596
-86.9076
-86.8549
-86.8012
-86.7467
-86.6913
-86.635
-86.5776
-86.5193
-86.4599
-86.3995
-86.3379
-86.2751
-86.2111
-86.1459
-86.0793
-86.0113
-85.9418
-85.8708
-85.7982
-85.7239
-85.6478
-85.5699
-85.4899
-85.4079
-85.3236
-85.237
-85.1479
-85.0561
-84.9614
-84.8637
-84.7627
-84.6582
-84.5499
-84.4375
-84.3206
-84.1989
-84.0719
-83.9391
-83.7999
-83.6537
-83.4996
-83.3368
-83.1642
-82.9804
-82.7841
-82.5732
-82.3456
-82.0983
-81.8278
-81.5294
-81.1968
-80.822
-80.3933
-79.8942
-79.2994
-78.5685
-77.6315
-76.3523
-74.4211
-70.9136
-61.2437
-2.52854
49.9823
49.9543
49.5291
47.9624
44.1971
37.223
26.8049
14.4816
3.04433
-6.72764
-15.5686
-24.0543
-30.6316
-38.235
-54.5006
-87.2243
-94.6433
-94.8274
-94.6763
-94.3546
-93.7853
-92.9065
-91.7285
-90.3324
-88.8243
-87.2946
-85.802
-84.3746
-83.0168
-81.7164
-80.4472
-79.1692
-77.8217
-76.3045
-74.4264
-71.7347
-66.7463
-50.7161
39.2308
49.9385
49.4305
47.4519
42.6325
33.8641
21.5171
8.54443
-2.3467
-11.6254
-20.203
-27.8568
-33.4472
-42.9969
-65.8271
-92.7339
-94.7709
-94.7469
-94.5065
-94.0479
-93.2963
-92.2326
-90.923
-89.4836
-88.0252
-86.6243
-85.3198
-84.1223
-83.025
-82.0112
-81.0586
-80.1413
-79.229
-78.2836
-77.2521
-76.0499
-74.5184
-72.2977
-68.2985
-57.0963
13.6503
49.9795
49.824
48.7757
45.5629
38.7608
27.7853
14.4087
2.34095
-7.58524
-16.3673
-24.6258
-30.6369
-37.742
-52.4628
-84.4425
-94.4922
-94.8032
-94.6496
-94.312
-93.728
-92.8574
-91.7404
-90.4817
-89.1957
-87.9672
-86.8426
-85.838
-84.9508
-84.1697
-83.4796
-82.8655
-82.3131
-81.8096
-81.344
-80.9059
-80.4859
-80.0751
-79.664
-79.2425
-78.7984
-78.316
-77.7739
-77.1394
-76.3591
-75.3365
-73.8707
-71.4531
-66.2924
-46.5628
45.7766
49.9401
49.4804
47.7472
43.5556
35.8455
24.5915
11.8962
0.659466
-8.8938
-17.5997
-25.8237
-31.421
-39.4255
-57.213
-89.4837
-94.7162
-94.8201
-94.6541
-94.317
-93.7438
-92.9092
-91.8676
-90.7259
-89.5894
-88.5298
-87.5822
-86.7555
-86.044
-85.4356
-84.9163
-84.4729
-84.0938
-83.7689
-83.49
-83.2503
-83.0442
-82.8672
-82.7156
-82.5862
-82.4767
-82.3849
-82.3092
-82.2483
-82.2009
-82.1662
-82.1434
-82.1318
-82.1309
-82.1402
-82.1594
-82.188
-82.2257
-82.2722
-82.3273
-82.3907
-82.4619
-82.5406
-82.6266
-82.7194
-82.8186
-82.9238
-83.0346
-83.1504
-83.2707
-83.3951
-83.5231
-83.6541
-83.7876
-83.9232
-84.0603
-84.1985
-84.3372
-84.4763
-84.6151
-84.7534
-84.8909
-85.0272
-85.1621
-85.2954
-85.4268
-85.5562
-85.6834
-85.8083
-85.9308
-86.0509
-86.1684
-86.2833
-86.3957
-86.5054
-86.6125
-86.717
-86.8189
-86.9182
-87.0149
-87.1092
-87.2009
-87.2902
-87.3771
-87.4617
-87.544
-87.624
-87.7018
-87.7774
-87.8509
-87.9224
-87.9919
-88.0594
-88.1249
-88.1886
-88.2505
-88.3106
-88.3689
-88.4256
-88.4806
-88.5339
-88.5857
-88.6359
-88.6846
-88.7318
-88.7775
-88.8219
-88.8648
-88.9064
-88.9467
-88.9857
-89.0234
-89.0598
-89.095
-89.1291
-89.1619
-89.1936
-89.2242
-89.2537
-89.2821
-89.3094
-89.3357
-89.3609
-89.3852
-89.4084
-89.4307
-89.4521
-89.4725
-89.4919
-89.5105
-89.5282
-89.545
-89.561
-89.5761
-89.5904
-89.6038
-89.6165
-89.6284
-89.6395
-89.6498
-89.6594
-89.6682
-89.6763
-89.6837
-89.6904
-89.6964
-89.7017
-89.7063
-89.7103
-89.7136
-89.7163
-89.7183
-89.7197
-89.7205
-89.7206
-89.7202
-89.7192
-89.7176
-89.7154
-89.7126
-89.7093
-89.7055
-89.7011
-89.6961
-89.6906
-89.6846
-89.6781
-89.6711
-89.6635
-89.6555
-89.647
-89.6379
-89.6284
-89.6185
-89.608
-89.5971
-89.5857
-89.5738
-89.5615
-89.5488
-89.5356
-89.522
-89.5079
-89.4934
-89.4785
-89.4631
-89.4474
-89.4312
-89.4146
-89.3976
-89.3802
-89.3623
-89.3441
-89.3255
-89.3065
-89.287
-89.2672
-89.247
-89.2264
-89.2055
-89.1841
-89.1624
-89.1402
-89.1177
-89.0948
-89.0716
-89.0479
-89.0239
-88.9995
-88.9747
-88.9496
-88.924
-88.8981
-88.8718
-88.8452
-88.8181
-88.7907
-88.7629
-88.7347
-88.7061
-88.6772
-88.6479
-88.6181
-88.588
-88.5575
-88.5266
-88.4953
-88.4636
-88.4315
-88.399
-88.3661
-88.3328
-88.299
-88.2649
-88.2303
-88.1953
-88.1598
-88.1239
-88.0876
-88.0508
-88.0135
-87.9758
-87.9376
-87.8989
-87.8598
-87.8201
-87.7799
-87.7392
-87.698
-87.6563
-87.614
-87.5711
-87.5277
-87.4837
-87.4391
-87.3939
-87.3481
-87.3017
-87.2545
-87.2067
-87.1583
-87.1091
-87.0592
-87.0085
-86.957
-86.9048
-86.8517
-86.7978
-86.743
-86.6873
-86.6307
-86.573
-86.5144
-86.4547
-86.394
-86.332
-86.2689
-86.2046
-86.139
-86.072
-86.0037
-85.9338
-85.8625
-85.7894
-85.7147
-85.6382
-85.5598
-85.4794
-85.3969
-85.3121
-85.225
-85.1353
-85.0429
-84.9476
-84.8493
-84.7476
-84.6423
-84.5332
-84.42
-84.3022
-84.1795
-84.0514
-83.9175
-83.777
-83.6294
-83.4737
-83.3092
-83.1346
-82.9487
-82.7499
-82.5362
-82.3052
-82.054
-81.7789
-81.4748
-81.1355
-80.7521
-80.3123
-79.7984
-79.183
-78.4222
-77.4376
-76.0743
-73.9656
-69.9428
-57.3857
21.1516
49.9875
49.8388
49.0181
46.6467
41.6708
33.3236
21.9723
9.83843
-0.838041
-10.1409
-18.8092
-26.9304
-32.4572
-41.5744
-63.0216
-92.1763
-94.7865
-94.7995
-94.6092
-94.2348
-93.5975
-92.6507
-91.4215
-89.9977
-88.4816
-86.9563
-85.4735
-84.0561
-82.7052
-81.4056
-80.1283
-78.8287
-77.4379
-75.8381
-73.7919
-70.6934
-64.2889
-37.7398
48.4362
49.9105
49.2691
46.9896
41.6965
32.4046
19.7878
7.03329
-3.5829
-12.7262
-21.2733
-28.6536
-34.6647
-45.5788
-72.1579
-93.7769
-94.8082
-94.7181
-94.4383
-93.9209
-93.0927
-91.9519
-90.5837
-89.1119
-87.6446
-86.2507
-84.9612
-83.7809
-82.6987
-81.6952
-80.7462
-79.8238
-78.8946
-77.9158
-76.8247
-75.5155
-73.777
-71.0813
-65.567
-44.7856
46.5153
49.9259
49.3693
47.3171
42.4431
33.7009
21.481
8.63895
-2.20902
-11.486
-20.0803
-27.7949
-33.4121
-43.0165
-66.0291
-92.8611
-94.7915
-94.7634
-94.5347
-94.0996
-93.3894
-92.3949
-91.1916
-89.8972
-88.6174
-87.4205
-86.3378
-85.3755
-84.5262
-83.7758
-83.1089
-82.5105
-81.9668
-81.4652
-80.9947
-80.5449
-80.1058
-79.667
-79.2174
-78.7434
-78.2275
-77.6453
-76.9592
-76.1065
-74.9695
-73.2922
-70.3762
-63.4058
-28.8136
48.607
49.9251
49.3901
47.459
42.9031
34.6987
23.0253
10.3087
-0.706613
-10.1144
-18.7498
-26.7799
-32.0573
-40.5191
-59.9122
-91.0074
-94.7581
-94.8072
-94.6237
-94.2598
-93.6495
-92.7746
-91.7
-90.5383
-89.394
-88.3352
-87.3929
-86.5732
-85.8685
-85.2658
-84.7507
-84.31
-83.9319
-83.6068
-83.3264
-83.0841
-82.8744
-82.693
-82.5361
-82.4009
-82.2848
-82.186
-82.1027
-82.0337
-81.9779
-81.9343
-81.9023
-81.8813
-81.8708
-81.8704
-81.8798
-81.8986
-81.9267
-81.9638
-82.0097
-82.0642
-82.1272
-82.1983
-82.2772
-82.3637
-82.4576
-82.5582
-82.6654
-82.7787
-82.8975
-83.0214
-83.1498
-83.2823
-83.4183
-83.5572
-83.6985
-83.8417
-83.9862
-84.1315
-84.2771
-84.4228
-84.5679
-84.7122
-84.8552
-84.9968
-85.1367
-85.2745
-85.4102
-85.5435
-85.6743
-85.8025
-85.928
-86.0508
-86.1707
-86.2878
-86.402
-86.5134
-86.6219
-86.7276
-86.8306
-86.9307
-87.0281
-87.1229
-87.215
-87.3046
-87.3916
-87.4762
-87.5583
-87.6382
-87.7157
-87.791
-87.8641
-87.9351
-88.004
-88.0708
-88.1358
-88.1988
-88.2599
-88.3192
-88.3767
-88.4325
-88.4866
-88.5391
-88.59
-88.6392
-88.687
-88.7333
-88.7781
-88.8214
-88.8634
-88.904
-88.9433
-88.9813
-89.018
-89.0535
-89.0877
-89.1208
-89.1526
-89.1834
-89.213
-89.2415
-89.2689
-89.2952
-89.3206
-89.3449
-89.3681
-89.3905
-89.4118
-89.4322
-89.4517
-89.4703
-89.4879
-89.5047
-89.5206
-89.5357
-89.5499
-89.5633
-89.5759
-89.5878
-89.5988
-89.609
-89.6185
-89.6273
-89.6353
-89.6426
-89.6492
-89.6551
-89.6603
-89.6648
-89.6687
-89.6719
-89.6744
-89.6763
-89.6776
-89.6782
-89.6783
-89.6777
-89.6766
-89.6748
-89.6725
-89.6696
-89.6662
-89.6622
-89.6576
-89.6525
-89.6469
-89.6407
-89.6341
-89.6269
-89.6192
-89.611
-89.6023
-89.5931
-89.5834
-89.5732
-89.5626
-89.5515
-89.5399
-89.5279
-89.5154
-89.5025
-89.4891
-89.4753
-89.4611
-89.4464
-89.4313
-89.4157
-89.3998
-89.3834
-89.3666
-89.3494
-89.3317
-89.3137
-89.2952
-89.2764
-89.2572
-89.2375
-89.2175
-89.1971
-89.1762
-89.155
-89.1334
-89.1114
-89.0891
-89.0663
-89.0432
-89.0196
-88.9957
-88.9714
-88.9468
-88.9217
-88.8963
-88.8705
-88.8443
-88.8177
-88.7907
-88.7634
-88.7356
-88.7075
-88.679
-88.6501
-88.6209
-88.5912
-88.5611
-88.5306
-88.4998
-88.4685
-88.4369
-88.4048
-88.3723
-88.3394
-88.3061
-88.2723
-88.2382
-88.2036
-88.1686
-88.1331
-88.0972
-88.0608
-88.024
-87.9867
-87.9489
-87.9107
-87.8719
-87.8327
-87.793
-87.7527
-87.712
-87.6707
-87.6289
-87.5865
-87.5435
-87.5
-87.4559
-87.4112
-87.3658
-87.3199
-87.2733
-87.226
-87.178
-87.1294
-87.08
-87.0299
-86.979
-86.9273
-86.8748
-86.8215
-86.7673
-86.7123
-86.6563
-86.5993
-86.5414
-86.4824
-86.4224
-86.3612
-86.2989
-86.2354
-86.1706
-86.1045
-86.037
-85.9681
-85.8978
-85.8258
-85.7521
-85.6768
-85.5995
-85.5204
-85.4392
-85.3558
-85.2701
-85.1819
-85.0912
-84.9976
-84.9012
-84.8015
-84.6983
-84.5915
-84.4808
-84.3657
-84.2459
-84.121
-83.9905
-83.8538
-83.7104
-83.5595
-83.4002
-83.2315
-83.0523
-82.861
-82.6561
-82.4352
-82.1959
-81.9348
-81.6478
-81.3294
-80.9721
-80.5658
-80.0963
-79.5421
-78.8699
-78.0236
-76.8995
-75.2772
-72.5747
-66.5173
-38.8817
48.9278
49.953
49.5819
48.2182
44.9258
38.7534
29.2884
17.5194
5.93348
-4.11028
-13.1075
-21.7515
-29.2493
-36.0513
-49.4184
-80.6433
-94.4172
-94.8474
-94.7387
-94.4774
-93.9999
-93.233
-92.16
-90.838
-89.3658
-87.8395
-86.3291
-84.8732
-83.485
-82.1582
-80.8718
-79.5911
-78.2627
-76.8016
-75.0531
-72.6765
-68.6772
-58.3391
4.43823
49.9774
49.8861
49.0307
46.1544
39.7416
29.0069
15.5019
3.11786
-6.97203
-15.8058
-24.0929
-30.3021
-37.0998
-50.7897
-81.9453
-94.3729
-94.793
-94.6402
-94.2906
-93.6766
-92.7438
-91.5212
-90.112
-88.6381
-87.1954
-85.8392
-84.5913
-83.4504
-82.4027
-81.4273
-80.4994
-79.5902
-78.6653
-77.6791
-76.563
-75.1972
-73.3322
-70.3083
-63.5529
-32.5135
48.6493
49.9119
49.2904
47.0793
41.9341
32.8596
20.422
7.65978
-3.03314
-12.2258
-20.798
-28.329
-34.2002
-44.6365
-70.0104
-93.5455
-94.8123
-94.7456
-94.4948
-94.0283
-93.2806
-92.2539
-91.0332
-89.7379
-88.47
-87.2921
-86.2315
-85.2916
-84.4634
-83.7325
-83.0833
-82.5012
-81.9724
-81.4851
-81.0285
-80.5925
-80.1678
-79.7446
-79.3123
-78.8587
-78.3679
-77.8182
-77.1771
-76.3913
-75.3643
-73.8964
-71.4817
-66.3408
-46.7389
45.6345
49.9401
49.48
47.7433
43.5413
35.8124
24.5368
11.8324
0.600897
-8.94721
-17.6494
-25.8648
-31.4357
-39.4449
-57.2525
-89.5082
-94.7164
-94.8193
-94.6525
-94.3139
-93.7385
-92.9008
-91.8554
-90.7093
-89.5678
-88.5028
-87.5496
-86.7174
-86.0003
-85.3864
-84.8616
-84.4128
-84.0282
-83.6977
-83.4132
-83.1678
-82.9558
-82.7727
-82.6148
-82.479
-82.3628
-82.2642
-82.1815
-82.1132
-82.0584
-82.016
-81.9853
-81.9657
-81.9567
-81.9578
-81.9688
-81.9892
-82.0189
-82.0576
-82.1051
-82.161
-82.2253
-82.2975
-82.3774
-82.4648
-82.5593
-82.6604
-82.7678
-82.881
-82.9995
-83.1229
-83.2507
-83.3822
-83.5171
-83.6546
-83.7944
-83.9359
-84.0785
-84.2219
-84.3655
-84.509
-84.6519
-84.7939
-84.9347
-85.074
-85.2115
-85.3471
-85.4805
-85.6116
-85.7402
-85.8663
-85.9897
-86.1104
-86.2284
-86.3436
-86.456
-86.5657
-86.6725
-86.7766
-86.878
-86.9767
-87.0727
-87.1661
-87.257
-87.3453
-87.4312
-87.5147
-87.5958
-87.6746
-87.7512
-87.8256
-87.8978
-87.968
-88.0361
-88.1023
-88.1665
-88.2288
-88.2893
-88.348
-88.405
-88.4602
-88.5138
-88.5658
-88.6162
-88.665
-88.7123
-88.7582
-88.8026
-88.8456
-88.8872
-88.9275
-88.9664
-89.0041
-89.0405
-89.0757
-89.1097
-89.1424
-89.1741
-89.2045
-89.2339
-89.2622
-89.2894
-89.3155
-89.3406
-89.3647
-89.3879
-89.41
-89.4312
-89.4514
-89.4707
-89.4891
-89.5067
-89.5233
-89.5391
-89.554
-89.5681
-89.5814
-89.5939
-89.6056
-89.6165
-89.6267
-89.6361
-89.6447
-89.6526
-89.6598
-89.6663
-89.6721
-89.6773
-89.6817
-89.6855
-89.6886
-89.6911
-89.6929
-89.6941
-89.6947
-89.6947
-89.6941
-89.6929
-89.6911
-89.6887
-89.6858
-89.6823
-89.6782
-89.6736
-89.6685
-89.6628
-89.6567
-89.6499
-89.6427
-89.635
-89.6268
-89.6181
-89.6088
-89.5991
-89.589
-89.5783
-89.5672
-89.5556
-89.5436
-89.5311
-89.5182
-89.5048
-89.491
-89.4767
-89.462
-89.4469
-89.4314
-89.4154
-89.399
-89.3823
-89.3651
-89.3474
-89.3294
-89.311
-89.2922
-89.2729
-89.2533
-89.2333
-89.2129
-89.1921
-89.1709
-89.1494
-89.1274
-89.1051
-89.0823
-89.0592
-89.0357
-89.0119
-88.9876
-88.963
-88.938
-88.9126
-88.8868
-88.8607
-88.8342
-88.8073
-88.78
-88.7523
-88.7242
-88.6958
-88.667
-88.6378
-88.6082
-88.5782
-88.5478
-88.517
-88.4858
-88.4542
-88.4222
-88.3898
-88.357
-88.3238
-88.2902
-88.2561
-88.2216
-88.1867
-88.1513
-88.1155
-88.0793
-88.0426
-88.0054
-87.9678
-87.9297
-87.8911
-87.852
-87.8124
-87.7723
-87.7317
-87.6906
-87.6489
-87.6067
-87.5639
-87.5206
-87.4766
-87.4321
-87.387
-87.3412
-87.2948
-87.2478
-87.2
-87.1516
-87.1025
-87.0526
-87.002
-86.9506
-86.8984
-86.8454
-86.7915
-86.7368
-86.6811
-86.6245
-86.5669
-86.5083
-86.4487
-86.388
-86.3261
-86.263
-86.1987
-86.1331
-86.0662
-85.9978
-85.928
-85.8567
-85.7837
-85.709
-85.6325
-85.554
-85.4736
-85.3911
-85.3063
-85.2192
-85.1294
-85.037
-84.9417
-84.8433
-84.7416
-84.6363
-84.5271
-84.4137
-84.2958
-84.173
-84.0448
-83.9107
-83.7701
-83.6223
-83.4664
-83.3016
-83.1267
-82.9405
-82.7412
-82.527
-82.2954
-82.0435
-81.7675
-81.4624
-81.1217
-80.7367
-80.2947
-79.7778
-79.1583
-78.3912
-77.3967
-76.0157
-73.8689
-69.7311
-56.4758
25.5447
49.984
49.7974
48.8746
46.3235
41.1092
32.5326
21.0824
9.05385
-1.48253
-10.7146
-19.3834
-27.4156
-33.1681
-43.0098
-66.6655
-93.0309
-94.8088
-94.7889
-94.587
-94.197
-93.5415
-92.5786
-91.3395
-89.9125
-88.3982
-86.8772
-85.3994
-83.9864
-82.6388
-81.3407
-80.0626
-78.7591
-77.3594
-75.7414
-73.6568
-70.4609
-63.6848
-33.9582
48.657
49.9074
49.2518
46.9362
41.5797
32.2087
19.5415
6.80731
-3.77508
-12.8999
-21.4388
-28.7672
-34.8351
-45.942
-72.9843
-93.8591
-94.8098
-94.7132
-94.4276
-93.9011
-93.0612
-91.9089
-90.532
-89.0554
-87.5869
-86.1939
-84.9066
-83.7287
-82.6487
-81.6466
-80.6981
-79.7747
-78.8427
-77.8584
-76.7574
-75.4303
-73.6556
-70.8726
-65.0498
-41.9188
47.679
49.921
49.3414
47.2358
42.2752
33.4323
21.1518
8.34087
-2.4559
-11.7062
-20.2954
-27.9599
-33.6571
-43.5188
-67.2917
-93.119
-94.7999
-94.7582
-94.5229
-94.0785
-93.3572
-92.353
-91.1438
-89.8479
-88.5699
-87.3764
-86.2977
-85.3394
-84.4935
-83.746
-83.0813
-82.4846
-81.9419
-81.4409
-80.9705
-80.5202
-80.08
-79.6396
-79.1874
-78.7099
-78.189
-77.5995
-76.9025
-76.0323
-74.865
-73.1263
-70.0521
-62.4272
-21.7201
49.4915
49.9301
49.3973
47.4499
42.8289
34.4935
22.666
9.88891
-1.0967
-10.4738
-19.0986
-27.0508
-32.4046
-41.1298
-61.3952
-91.5999
-94.7708
-94.7994
-94.6079
-94.2326
-93.6081
-92.7203
-91.6377
-90.4739
-89.3322
-88.2788
-87.3433
-86.5306
-85.8327
-85.2362
-84.7268
-84.2911
-83.9177
-83.5966
-83.32
-83.0811
-82.8747
-82.6962
-82.5421
-82.4096
-82.2961
-82.1997
-82.1189
-82.0522
-81.9988
-81.9575
-81.9279
-81.9092
-81.901
-81.9029
-81.9145
-81.9356
-81.966
-82.0053
-82.0534
-82.1101
-82.1751
-82.2482
-82.329
-82.4173
-82.5127
-82.6149
-82.7234
-82.8378
-82.9576
-83.0823
-83.2114
-83.3443
-83.4805
-83.6194
-83.7606
-83.9034
-84.0474
-84.1921
-84.3371
-84.4819
-84.626
-84.7693
-84.9113
-85.0517
-85.1903
-85.3269
-85.4613
-85.5933
-85.7228
-85.8498
-85.974
-86.0955
-86.2141
-86.33
-86.443
-86.5533
-86.6606
-86.7653
-86.8671
-86.9662
-87.0626
-87.1564
-87.2476
-87.3363
-87.4225
-87.5062
-87.5876
-87.6667
-87.7435
-87.818
-87.8905
-87.9608
-88.0291
-88.0954
-88.1597
-88.2222
-88.2828
-88.3416
-88.3986
-88.454
-88.5076
-88.5597
-88.6101
-88.659
-88.7064
-88.7523
-88.7967
-88.8398
-88.8814
-88.9217
-88.9607
-88.9984
-89.0348
-89.07
-89.104
-89.1367
-89.1684
-89.1988
-89.2282
-89.2565
-89.2837
-89.3098
-89.3349
-89.359
-89.3821
-89.4043
-89.4254
-89.4457
-89.465
-89.4833
-89.5008
-89.5175
-89.5332
-89.5481
-89.5622
-89.5755
-89.588
-89.5996
-89.6105
-89.6207
-89.63
-89.6387
-89.6466
-89.6538
-89.6602
-89.666
-89.6711
-89.6755
-89.6793
-89.6824
-89.6848
-89.6866
-89.6878
-89.6884
-89.6883
-89.6877
-89.6864
-89.6846
-89.6822
-89.6793
-89.6757
-89.6717
-89.667
-89.6619
-89.6562
-89.65
-89.6432
-89.636
-89.6282
-89.62
-89.6112
-89.602
-89.5923
-89.5821
-89.5714
-89.5602
-89.5486
-89.5366
-89.524
-89.5111
-89.4977
-89.4838
-89.4695
-89.4548
-89.4397
-89.4241
-89.4081
-89.3917
-89.3749
-89.3576
-89.34
-89.3219
-89.3035
-89.2846
-89.2654
-89.2457
-89.2257
-89.2052
-89.1844
-89.1632
-89.1416
-89.1196
-89.0972
-89.0744
-89.0513
-89.0278
-89.0039
-88.9796
-88.9549
-88.9299
-88.9044
-88.8786
-88.8524
-88.8259
-88.7989
-88.7716
-88.7439
-88.7158
-88.6873
-88.6584
-88.6292
-88.5995
-88.5695
-88.539
-88.5082
-88.477
-88.4453
-88.4133
-88.3808
-88.348
-88.3147
-88.281
-88.2469
-88.2123
-88.1773
-88.1419
-88.1061
-88.0697
-88.033
-87.9957
-87.958
-87.9198
-87.8812
-87.842
-87.8024
-87.7622
-87.7215
-87.6803
-87.6385
-87.5962
-87.5534
-87.5099
-87.4659
-87.4213
-87.3761
-87.3302
-87.2837
-87.2365
-87.1887
-87.1402
-87.0909
-87.0409
-86.9902
-86.9386
-86.8863
-86.8331
-86.7791
-86.7242
-86.6684
-86.6116
-86.5539
-86.4951
-86.4352
-86.3743
-86.3122
-86.2489
-86.1844
-86.1186
-86.0514
-85.9828
-85.9127
-85.841
-85.7677
-85.6927
-85.6158
-85.537
-85.4562
-85.3733
-85.2881
-85.2004
-85.1102
-85.0173
-84.9214
-84.8224
-84.72
-84.6139
-84.504
-84.3898
-84.271
-84.1472
-84.0178
-83.8825
-83.7405
-83.5912
-83.4337
-83.267
-83.09
-82.9013
-82.6993
-82.4818
-82.2465
-81.9902
-81.7088
-81.3972
-81.0486
-80.6533
-80.1981
-79.6634
-79.0188
-78.2142
-77.159
-75.6667
-73.2708
-68.3255
-49.5206
44.0401
49.9635
49.6444
48.4035
45.3205
39.4264
30.2284
18.5636
6.86431
-3.30671
-12.3647
-21.0246
-28.7225
-35.2
-47.4451
-76.8907
-94.1811
-94.8404
-94.7565
-94.5185
-94.0778
-93.3608
-92.3405
-91.0617
-89.6162
-88.1007
-86.5892
-85.1256
-83.7271
-82.3913
-81.0997
-79.8205
-78.5044
-77.0738
-75.3907
-73.1627
-69.5849
-61.2284
-16.7817
49.8121
49.9198
49.2669
46.8992
41.3601
31.6533
18.6574
5.87994
-4.61482
-13.6689
-22.147
-29.1946
-35.4154
-47.0844
-75.3338
-94.0349
-94.806
-94.6909
-94.3836
-93.8254
-92.9485
-91.7645
-90.3692
-88.8886
-87.4268
-86.0468
-84.7751
-83.6129
-82.5474
-81.558
-80.62
-79.7047
-78.7782
-77.7961
-76.6928
-75.3553
-73.5535
-70.6946
-64.5785
-39.033
48.2783
49.9169
49.319
47.1699
42.1373
33.2089
20.8752
8.08836
-2.66686
-11.8951
-20.4793
-28.0982
-33.8623
-43.9421
-68.3393
-93.3021
-94.8057
-94.7538
-94.5128
-94.0605
-93.3299
-92.3181
-91.1056
-89.8109
-88.5377
-87.3512
-86.2804
-85.33
-84.4917
-83.7514
-83.0936
-82.5033
-81.9669
-81.4722
-81.0081
-80.5646
-80.1318
-79.6996
-79.2571
-78.7912
-78.285
-77.7151
-77.0457
-76.2176
-75.1207
-73.5196
-70.7882
-64.5159
-35.9764
48.7019
49.927
49.4039
47.516
43.0569
35.0038
23.4788
10.7948
-0.273252
-9.72099
-18.3764
-26.4797
-31.6873
-39.8634
-58.29
-90.1821
-94.7373
-94.8144
-94.6393
-94.2871
-93.6909
-92.8286
-91.7613
-90.6011
-89.4543
-88.3908
-87.4434
-86.6189
-85.9101
-85.3039
-84.786
-84.3431
-83.9633
-83.6368
-83.3553
-83.1123
-82.902
-82.7202
-82.563
-82.4276
-82.3115
-82.2127
-82.1295
-82.0606
-82.0049
-81.9616
-81.9298
-81.909
-81.8987
-81.8985
-81.9081
-81.9272
-81.9555
-81.9928
-82.0389
-82.0935
-82.1566
-82.2277
-82.3067
-82.3933
-82.487
-82.5876
-82.6946
-82.8077
-82.9262
-83.0498
-83.1779
-83.31
-83.4456
-83.584
-83.7248
-83.8674
-84.0114
-84.1561
-84.3012
-84.4462
-84.5907
-84.7344
-84.8769
-85.0179
-85.1571
-85.2944
-85.4295
-85.5622
-85.6925
-85.8201
-85.9451
-86.0674
-86.1868
-86.3035
-86.4172
-86.5282
-86.6363
-86.7416
-86.8442
-86.944
-87.0411
-87.1355
-87.2273
-87.3166
-87.4033
-87.4876
-87.5695
-87.6491
-87.7264
-87.8015
-87.8744
-87.9452
-88.0139
-88.0806
-88.1453
-88.2082
-88.2691
-88.3283
-88.3857
-88.4414
-88.4953
-88.5477
-88.5984
-88.6476
-88.6953
-88.7414
-88.7861
-88.8294
-88.8713
-88.9118
-88.951
-88.989
-89.0256
-89.061
-89.0951
-89.1281
-89.1599
-89.1906
-89.2202
-89.2486
-89.276
-89.3023
-89.3275
-89.3518
-89.375
-89.3973
-89.4186
-89.439
-89.4585
-89.477
-89.4946
-89.5114
-89.5273
-89.5423
-89.5565
-89.5699
-89.5825
-89.5943
-89.6053
-89.6155
-89.625
-89.6337
-89.6417
-89.649
-89.6556
-89.6615
-89.6667
-89.6712
-89.675
-89.6782
-89.6807
-89.6826
-89.6839
-89.6845
-89.6846
-89.684
-89.6829
-89.6811
-89.6788
-89.6759
-89.6725
-89.6685
-89.6639
-89.6588
-89.6532
-89.647
-89.6404
-89.6332
-89.6255
-89.6173
-89.6086
-89.5994
-89.5898
-89.5796
-89.569
-89.5579
-89.5464
-89.5344
-89.5219
-89.509
-89.4956
-89.4818
-89.4676
-89.4529
-89.4378
-89.4223
-89.4064
-89.39
-89.3732
-89.356
-89.3384
-89.3204
-89.302
-89.2832
-89.264
-89.2444
-89.2244
-89.204
-89.1832
-89.162
-89.1404
-89.1185
-89.0962
-89.0734
-89.0503
-89.0268
-89.003
-88.9787
-88.9541
-88.9291
-88.9037
-88.8779
-88.8518
-88.8252
-88.7983
-88.771
-88.7433
-88.7153
-88.6868
-88.658
-88.6288
-88.5991
-88.5691
-88.5387
-88.5079
-88.4767
-88.4451
-88.4131
-88.3807
-88.3479
-88.3146
-88.281
-88.2469
-88.2123
-88.1774
-88.142
-88.1062
-88.0699
-88.0331
-87.9959
-87.9583
-87.9201
-87.8815
-87.8424
-87.8027
-87.7626
-87.7219
-87.6808
-87.639
-87.5968
-87.5539
-87.5105
-87.4665
-87.422
-87.3768
-87.3309
-87.2845
-87.2373
-87.1895
-87.141
-87.0918
-87.0419
-86.9912
-86.9397
-86.8874
-86.8343
-86.7803
-86.7254
-86.6696
-86.6129
-86.5552
-86.4964
-86.4367
-86.3758
-86.3137
-86.2505
-86.186
-86.1203
-86.0531
-85.9846
-85.9145
-85.8429
-85.7697
-85.6947
-85.618
-85.5393
-85.4586
-85.3757
-85.2906
-85.203
-85.1129
-85.0201
-84.9243
-84.8254
-84.7231
-84.6172
-84.5074
-84.3934
-84.2747
-84.1511
-84.022
-83.8869
-83.7452
-83.5961
-83.4389
-83.2725
-83.0959
-82.9077
-82.7062
-82.4893
-82.2547
-81.9991
-81.7187
-81.4083
-81.0611
-80.6676
-80.2149
-79.6834
-79.0434
-78.2457
-77.2018
-75.7306
-73.3832
-68.6036
-51.0248
41.8504
49.9659
49.6601
48.4497
45.4172
39.588
30.4495
18.805
7.07578
-3.12724
-12.2002
-20.8623
-28.5999
-35.0028
-46.9939
-75.9456
-94.1085
-94.8379
-94.7602
-94.5267
-94.0927
-93.3844
-92.3728
-91.1008
-89.6593
-88.1452
-86.6333
-85.1682
-83.7681
-82.4307
-81.1384
-79.8595
-78.5455
-77.1198
-75.4471
-73.2427
-69.7291
-61.6535
-19.902
49.6384
49.9156
49.2597
46.8995
41.3967
31.763
18.8424
6.0781
-4.4338
-13.5032
-21.9964
-29.1084
-35.3022
-46.8676
-74.9123
-94.0088
-94.8075
-94.6956
-94.3926
-93.8403
-92.9699
-91.791
-90.3981
-88.9172
-87.4532
-86.0701
-84.7947
-83.629
-82.5602
-81.5677
-80.6268
-79.7089
-78.7799
-77.7953
-76.6893
-75.3486
-73.542
-70.6742
-64.5302
-38.776
48.3143
49.9166
49.317
47.1638
42.1242
33.1872
20.8478
8.06298
-2.68832
-11.9144
-20.498
-28.112
-33.8827
-43.984
-68.4417
-93.3183
-94.8062
-94.7533
-94.5119
-94.0589
-93.3274
-92.3149
-91.1017
-89.8064
-88.5327
-87.3454
-86.2738
-85.3225
-84.4832
-83.7418
-83.0828
-82.4912
-81.9534
-81.4571
-80.9913
-80.5457
-80.1105
-79.6756
-79.2297
-78.7595
-78.2478
-77.6705
-76.9904
-76.146
-75.0215
-73.3668
-70.5035
-63.7248
-30.7628
48.7174
49.925
49.3912
47.469
42.9373
34.7753
23.1475
10.4451
-0.582513
-10.0009
-18.6395
-26.6921
-31.9463
-40.3225
-59.4297
-90.7833
-94.7528
-94.8096
-94.6286
-94.2683
-93.662
-92.7902
-91.7169
-90.5548
-89.4094
-88.3492
-87.4058
-86.5853
-85.8802
-85.2774
-84.7624
-84.3219
-83.9442
-83.6194
-83.3395
-83.0977
-82.8886
-82.7077
-82.5513
-82.4167
-82.3012
-82.2029
-82.1202
-82.0518
-81.9965
-81.9536
-81.9222
-81.9018
-81.8918
-81.892
-81.9019
-81.9213
-81.95
-81.9876
-82.034
-82.0891
-82.1525
-82.224
-82.3033
-82.3901
-82.4842
-82.5851
-82.6924
-82.8058
-82.9246
-83.0485
-83.1769
-83.3092
-83.445
-83.5836
-83.7246
-83.8674
-84.0115
-84.1563
-84.3015
-84.4467
-84.5913
-84.735
-84.8775
-85.0186
-85.1578
-85.2951
-85.4302
-85.563
-85.6932
-85.8209
-85.9459
-86.0681
-86.1875
-86.3041
-86.4179
-86.5288
-86.6369
-86.7422
-86.8447
-86.9444
-87.0415
-87.1359
-87.2277
-87.3169
-87.4036
-87.4879
-87.5697
-87.6493
-87.7265
-87.8016
-87.8744
-87.9452
-88.0139
-88.0805
-88.1452
-88.2081
-88.269
-88.3281
-88.3855
-88.4411
-88.4951
-88.5474
-88.5981
-88.6472
-88.6949
-88.741
-88.7857
-88.8289
-88.8708
-88.9113
-88.9505
-88.9884
-89.025
-89.0604
-89.0945
-89.1275
-89.1593
-89.1899
-89.2194
-89.2479
-89.2752
-89.3015
-89.3267
-89.351
-89.3742
-89.3965
-89.4178
-89.4381
-89.4575
-89.476
-89.4937
-89.5104
-89.5263
-89.5413
-89.5555
-89.5688
-89.5814
-89.5932
-89.6041
-89.6144
-89.6238
-89.6326
-89.6406
-89.6478
-89.6544
-89.6602
-89.6654
-89.6699
-89.6737
-89.6769
-89.6794
-89.6813
-89.6826
-89.6832
-89.6832
-89.6826
-89.6815
-89.6797
-89.6774
-89.6745
-89.671
-89.667
-89.6624
-89.6573
-89.6517
-89.6455
-89.6388
-89.6317
-89.6239
-89.6157
-89.607
-89.5978
-89.5882
-89.578
-89.5674
-89.5563
-89.5447
-89.5327
-89.5202
-89.5073
-89.4939
-89.4801
-89.4659
-89.4512
-89.4361
-89.4206
-89.4046
-89.3882
-89.3714
-89.3542
-89.3366
-89.3186
-89.3002
-89.2814
-89.2621
-89.2425
-89.2225
-89.2021
-89.1813
-89.1601
-89.1385
-89.1166
-89.0942
-89.0715
-89.0484
-89.0249
-89.001
-88.9767
-88.9521
-88.9271
-88.9017
-88.8759
-88.8497
-88.8232
-88.7962
-88.7689
-88.7412
-88.7132
-88.6847
-88.6559
-88.6266
-88.597
-88.567
-88.5365
-88.5057
-88.4745
-88.4429
-88.4109
-88.3785
-88.3456
-88.3124
-88.2787
-88.2446
-88.21
-88.1751
-88.1397
-88.1038
-88.0675
-88.0308
-87.9935
-87.9559
-87.9177
-87.879
-87.8399
-87.8003
-87.7601
-87.7194
-87.6782
-87.6365
-87.5942
-87.5514
-87.5079
-87.4639
-87.4193
-87.3741
-87.3283
-87.2818
-87.2346
-87.1868
-87.1383
-87.089
-87.039
-86.9883
-86.9368
-86.8845
-86.8313
-86.7773
-86.7224
-86.6666
-86.6098
-86.552
-86.4933
-86.4334
-86.3725
-86.3104
-86.2471
-86.1826
-86.1168
-86.0496
-85.981
-85.9109
-85.8392
-85.7659
-85.6909
-85.6141
-85.5353
-85.4545
-85.3715
-85.2863
-85.1987
-85.1085
-85.0155
-84.9196
-84.8205
-84.7181
-84.6121
-84.5021
-84.3879
-84.2691
-84.1452
-84.0159
-83.8805
-83.7385
-83.5891
-83.4315
-83.2647
-83.0877
-82.8989
-82.6968
-82.4792
-82.2437
-81.9872
-81.7056
-81.3938
-81.0448
-80.6491
-80.1934
-79.6579
-79.0123
-78.2062
-77.1485
-75.6516
-73.2455
-68.2669
-49.2292
44.3896
49.9631
49.6418
48.3957
45.3041
39.399
30.1906
18.5221
6.82777
-3.33791
-12.3933
-21.0528
-28.7437
-35.2341
-47.5237
-77.0526
-94.1934
-94.8409
-94.756
-94.5171
-94.0753
-93.3569
-92.3353
-91.0555
-89.6096
-88.0943
-86.5834
-85.1204
-83.7229
-82.3878
-81.0971
-79.8186
-78.5032
-77.0731
-75.3905
-73.163
-69.586
-61.232
-16.8084
49.8112
49.9197
49.2669
46.8996
41.3614
31.6561
18.6614
5.88393
-4.61129
-13.6657
-22.144
-29.1929
-35.4129
-47.0793
-75.3233
-94.0341
-94.8061
-94.6911
-94.3841
-93.8262
-92.9497
-91.7663
-90.3716
-88.8915
-87.4301
-86.0506
-84.7792
-83.6175
-82.5524
-81.5634
-80.6259
-79.7113
-78.7858
-77.8051
-76.7038
-75.3698
-73.5747
-70.7322
-64.6754
-39.6132
48.1892
49.9177
49.3232
47.1827
42.1645
33.2537
20.9314
8.14019
-2.62323
-11.8559
-20.4412
-28.0699
-33.8204
-43.8558
-68.1268
-93.2673
-94.8048
-94.7548
-94.5151
-94.0646
-93.3362
-92.3264
-91.1152
-89.8212
-88.548
-87.3611
-86.2898
-85.339
-84.5003
-83.7597
-83.1017
-82.5114
-81.975
-81.4804
-81.0166
-80.5735
-80.1413
-79.7099
-79.2684
-78.8039
-78.2997
-77.7325
-77.0672
-76.2453
-75.1592
-73.5792
-70.9
-64.8246
-37.9566
48.5601
49.9286
49.4132
47.5451
43.1218
35.1168
23.6318
10.9486
-0.141145
-9.60285
-18.2657
-26.3882
-31.6516
-39.8074
-58.1565
-90.1031
-94.7352
-94.8153
-94.6414
-94.2911
-93.6978
-92.8386
-91.774
-90.6154
-89.4692
-88.4055
-87.4573
-86.6318
-85.9218
-85.3145
-84.7956
-84.3517
-83.9711
-83.6438
-83.3618
-83.1181
-82.9074
-82.7251
-82.5675
-82.4317
-82.3152
-82.216
-82.1325
-82.0633
-82.0074
-81.9637
-81.9316
-81.9105
-81.9
-81.8995
-81.9088
-81.9276
-81.9556
-81.9926
-82.0384
-82.0928
-82.1555
-82.2264
-82.3051
-82.3913
-82.4848
-82.5851
-82.692
-82.8047
-82.9231
-83.0465
-83.1745
-83.3064
-83.4418
-83.5802
-83.7209
-83.8634
-84.0073
-84.152
-84.2971
-84.4421
-84.5866
-84.7303
-84.8728
-85.0139
-85.1532
-85.2905
-85.4257
-85.5585
-85.6888
-85.8166
-85.9417
-86.064
-86.1835
-86.3002
-86.4141
-86.5252
-86.6334
-86.7388
-86.8414
-86.9413
-87.0385
-87.133
-87.2249
-87.3142
-87.401
-87.4854
-87.5674
-87.647
-87.7244
-87.7995
-87.8725
-87.9433
-88.0121
-88.0788
-88.1436
-88.2065
-88.2675
-88.3267
-88.3842
-88.4399
-88.4939
-88.5463
-88.5971
-88.6463
-88.694
-88.7402
-88.7849
-88.8282
-88.8701
-88.9107
-88.95
-88.9879
-89.0246
-89.06
-89.0942
-89.1272
-89.159
-89.1897
-89.2193
-89.2477
-89.2751
-89.3015
-89.3267
-89.351
-89.3743
-89.3966
-89.4179
-89.4383
-89.4578
-89.4763
-89.494
-89.5108
-89.5267
-89.5417
-89.5559
-89.5693
-89.5819
-89.5937
-89.6048
-89.615
-89.6245
-89.6333
-89.6413
-89.6486
-89.6552
-89.6611
-89.6663
-89.6708
-89.6747
-89.6778
-89.6804
-89.6823
-89.6836
-89.6843
-89.6843
-89.6838
-89.6826
-89.6809
-89.6786
-89.6757
-89.6723
-89.6683
-89.6637
-89.6587
-89.653
-89.6469
-89.6403
-89.6331
-89.6254
-89.6172
-89.6085
-89.5994
-89.5897
-89.5796
-89.569
-89.5579
-89.5464
-89.5344
-89.5219
-89.509
-89.4957
-89.4819
-89.4677
-89.453
-89.4379
-89.4224
-89.4065
-89.3901
-89.3734
-89.3562
-89.3386
-89.3206
-89.3022
-89.2834
-89.2642
-89.2446
-89.2246
-89.2042
-89.1834
-89.1623
-89.1407
-89.1188
-89.0965
-89.0737
-89.0506
-89.0272
-89.0033
-88.9791
-88.9545
-88.9295
-88.9041
-88.8783
-88.8522
-88.8257
-88.7988
-88.7715
-88.7438
-88.7158
-88.6873
-88.6585
-88.6293
-88.5997
-88.5697
-88.5393
-88.5085
-88.4773
-88.4457
-88.4137
-88.3813
-88.3485
-88.3153
-88.2816
-88.2476
-88.2131
-88.1781
-88.1428
-88.107
-88.0707
-88.034
-87.9968
-87.9591
-87.921
-87.8824
-87.8433
-87.8037
-87.7635
-87.7229
-87.6817
-87.6401
-87.5978
-87.555
-87.5116
-87.4676
-87.4231
-87.3779
-87.3321
-87.2857
-87.2386
-87.1908
-87.1423
-87.0931
-87.0432
-86.9925
-86.9411
-86.8888
-86.8357
-86.7818
-86.7269
-86.6712
-86.6145
-86.5568
-86.4981
-86.4384
-86.3776
-86.3156
-86.2524
-86.188
-86.1222
-86.0552
-85.9867
-85.9167
-85.8451
-85.772
-85.6971
-85.6204
-85.5418
-85.4611
-85.3783
-85.2933
-85.2059
-85.1158
-85.0231
-84.9275
-84.8287
-84.7265
-84.6208
-84.5111
-84.3972
-84.2788
-84.1553
-84.0264
-83.8916
-83.7501
-83.6013
-83.4444
-83.2784
-83.1022
-82.9144
-82.7134
-82.4971
-82.2632
-82.0084
-81.729
-81.4198
-81.074
-80.6824
-80.232
-79.7037
-79.0683
-78.2773
-77.2444
-75.7936
-73.4921
-68.8636
-52.3584
39.2331
49.9687
49.6787
48.5045
45.532
39.779
30.7099
19.0882
7.32251
-2.91909
-12.01
-20.6742
-28.4557
-34.7719
-46.4701
-74.8172
-94.017
-94.835
-94.7642
-94.5355
-94.1085
-93.409
-92.4061
-91.1406
-89.7028
-88.1898
-86.6772
-85.2105
-83.8086
-82.4696
-81.1764
-79.8977
-78.5857
-77.1648
-75.5024
-73.3208
-69.8691
-62.0567
-22.8188
49.2851
49.9118
49.2532
46.8992
41.4271
31.8558
19.0003
6.24827
-4.27786
-13.3601
-21.8657
-29.0324
-35.2018
-46.6756
-74.5318
-93.9839
-94.8087
-94.6998
-94.4005
-93.8537
-92.9893
-91.8153
-90.4249
-88.944
-87.4782
-86.0923
-84.8138
-83.6449
-82.5731
-81.5779
-80.6345
-79.7143
-78.7833
-77.7967
-76.6888
-75.346
-73.5371
-70.6657
-64.5134
-38.7093
48.3235
49.9165
49.3163
47.1619
42.12
33.18
20.8387
8.05443
-2.69559
-11.921
-20.5043
-28.1167
-33.8896
-43.998
-68.4753
-93.3233
-94.8063
-94.7532
-94.5116
-94.0584
-93.3268
-92.314
-91.1005
-89.8049
-88.5305
-87.3425
-86.27
-85.3177
-84.4773
-83.7348
-83.0746
-82.4818
-81.9427
-81.445
-80.9777
-80.5304
-80.0933
-79.656
-79.2073
-78.7337
-78.2175
-77.6341
-76.9453
-76.0875
-74.9406
-73.2416
-70.2671
-63.0475
-26.0831
48.5257
49.9262
49.3932
47.4592
42.8854
34.6419
22.9202
10.1822
-0.825714
-10.2246
-18.8562
-26.8626
-32.162
-40.7005
-60.3505
-91.1951
-94.7622
-94.8049
-94.619
-94.2516
-93.6365
-92.7567
-91.6785
-90.5151
-89.3711
-88.314
-87.3744
-86.5577
-85.8562
-85.2565
-84.7443
-84.3063
-83.9307
-83.6078
-83.3295
-83.0891
-82.8813
-82.7016
-82.5463
-82.4126
-82.298
-82.2006
-82.1187
-82.0511
-81.9967
-81.9544
-81.9238
-81.9041
-81.8949
-81.8958
-81.9064
-81.9265
-81.9559
-81.9942
-82.0413
-82.097
-82.1611
-82.2332
-82.3132
-82.4006
-82.4952
-82.5966
-82.7045
-82.8182
-82.9375
-83.0617
-83.1903
-83.3229
-83.4588
-83.5976
-83.7387
-83.8815
-84.0255
-84.1703
-84.3154
-84.4604
-84.6048
-84.7484
-84.8907
-85.0315
-85.1705
-85.3075
-85.4423
-85.5748
-85.7048
-85.8321
-85.9568
-86.0787
-86.1978
-86.3142
-86.4276
-86.5383
-86.6461
-86.7511
-86.8533
-86.9528
-87.0496
-87.1438
-87.2353
-87.3243
-87.4108
-87.4949
-87.5766
-87.6559
-87.733
-87.8078
-87.8805
-87.9511
-88.0196
-88.0861
-88.1507
-88.2134
-88.2742
-88.3332
-88.3904
-88.4459
-88.4998
-88.552
-88.6026
-88.6516
-88.6991
-88.7452
-88.7898
-88.8329
-88.8747
-88.9151
-88.9542
-88.992
-89.0286
-89.0638
-89.0979
-89.1308
-89.1625
-89.1931
-89.2226
-89.2509
-89.2782
-89.3044
-89.3296
-89.3538
-89.377
-89.3992
-89.4204
-89.4407
-89.4601
-89.4785
-89.4961
-89.5128
-89.5286
-89.5436
-89.5577
-89.5711
-89.5836
-89.5953
-89.6063
-89.6165
-89.6259
-89.6346
-89.6425
-89.6498
-89.6563
-89.6621
-89.6672
-89.6717
-89.6755
-89.6786
-89.6811
-89.683
-89.6842
-89.6848
-89.6848
-89.6842
-89.683
-89.6812
-89.6789
-89.6759
-89.6725
-89.6684
-89.6638
-89.6587
-89.653
-89.6469
-89.6402
-89.6329
-89.6252
-89.617
-89.6083
-89.5991
-89.5894
-89.5792
-89.5685
-89.5574
-89.5458
-89.5338
-89.5213
-89.5084
-89.495
-89.4812
-89.4669
-89.4522
-89.4371
-89.4215
-89.4056
-89.3892
-89.3724
-89.3552
-89.3376
-89.3195
-89.3011
-89.2823
-89.263
-89.2434
-89.2234
-89.2029
-89.1821
-89.1609
-89.1394
-89.1174
-89.095
-89.0723
-89.0492
-89.0257
-89.0018
-88.9775
-88.9529
-88.9278
-88.9024
-88.8767
-88.8505
-88.8239
-88.797
-88.7697
-88.742
-88.7139
-88.6855
-88.6566
-88.6274
-88.5977
-88.5677
-88.5373
-88.5065
-88.4753
-88.4436
-88.4116
-88.3792
-88.3464
-88.3131
-88.2794
-88.2453
-88.2108
-88.1758
-88.1404
-88.1046
-88.0683
-88.0315
-87.9943
-87.9566
-87.9185
-87.8798
-87.8407
-87.801
-87.7609
-87.7202
-87.679
-87.6373
-87.595
-87.5522
-87.5088
-87.4648
-87.4202
-87.375
-87.3291
-87.2826
-87.2355
-87.1877
-87.1392
-87.0899
-87.04
-86.9892
-86.9377
-86.8854
-86.8323
-86.7783
-86.7234
-86.6676
-86.6109
-86.5531
-86.4944
-86.4346
-86.3737
-86.3116
-86.2484
-86.1839
-86.1181
-86.0509
-85.9823
-85.9123
-85.8406
-85.7674
-85.6924
-85.6156
-85.5368
-85.4561
-85.3732
-85.288
-85.2004
-85.1102
-85.0173
-84.9215
-84.8225
-84.7202
-84.6142
-84.5043
-84.3902
-84.2715
-84.1478
-84.0185
-83.8833
-83.7414
-83.5922
-83.4348
-83.2682
-83.0914
-82.9029
-82.701
-82.4838
-82.2488
-81.9927
-81.7117
-81.4006
-81.0524
-80.6578
-80.2035
-79.6699
-79.027
-78.2248
-77.1737
-75.6888
-73.3101
-68.424
-50.0621
43.3325
49.9643
49.6496
48.4187
45.3524
39.4797
30.3015
18.6435
6.93437
-3.24711
-12.31
-20.9707
-28.682
-35.1348
-47.295
-76.5793
-94.1576
-94.8396
-94.7579
-94.5214
-94.0832
-93.3696
-92.3528
-91.0768
-89.6332
-88.1188
-86.6077
-85.1441
-83.7456
-82.4097
-81.1184
-79.8401
-78.5257
-77.0982
-75.4212
-73.2065
-69.6643
-61.4633
-18.5103
49.7333
49.9175
49.2631
46.9003
41.3826
31.7183
18.7656
5.99493
-4.50999
-13.573
-22.0597
-29.1447
-35.3498
-46.9582
-75.0879
-94.0197
-94.8069
-94.6937
-94.389
-93.8344
-92.9616
-91.7809
-90.3874
-88.9071
-87.4445
-86.0632
-84.7898
-83.626
-82.5591
-81.5684
-80.6293
-79.7132
-78.7863
-77.8041
-76.7012
-75.3652
-73.567
-70.7185
-64.6426
-39.4375
48.2177
49.9174
49.3218
47.1784
42.1554
33.2387
20.9125
8.12272
-2.63795
-11.8692
-20.4541
-28.0794
-33.8345
-43.8848
-68.1978
-93.2789
-94.8051
-94.7545
-94.5144
-94.0635
-93.3345
-92.3242
-91.1126
-89.8182
-88.5447
-87.3575
-86.2857
-85.3344
-84.4952
-83.754
-83.0954
-82.5043
-81.9671
-81.4717
-81.0069
-80.5627
-80.1291
-79.6962
-79.2529
-78.786
-78.2786
-77.7073
-77.036
-76.205
-75.1036
-73.4941
-70.7429
-64.3993
-35.2717
48.7323
49.9265
49.4011
47.5068
43.0355
34.9655
23.4258
10.7406
-0.320342
-9.76331
-18.416
-26.5121
-31.7272
-39.9345
-58.4672
-90.2824
-94.74
-94.8138
-94.6378
-94.2846
-93.6872
-92.8238
-91.7561
-90.596
-89.4497
-88.3868
-87.44
-86.616
-85.9075
-85.3016
-84.7839
-84.341
-83.9613
-83.6348
-83.3533
-83.1102
-82.8999
-82.7179
-82.5607
-82.4252
-82.3089
-82.2099
-82.1266
-82.0575
-82.0017
-81.9581
-81.9262
-81.9052
-81.8948
-81.8944
-81.9038
-81.9227
-81.9508
-81.9879
-82.0338
-82.0883
-82.1512
-82.2222
-82.301
-82.3874
-82.4811
-82.5815
-82.6885
-82.8014
-82.9199
-83.0434
-83.1715
-83.3036
-83.4391
-83.5776
-83.7184
-83.861
-84.005
-84.1498
-84.295
-84.4401
-84.5847
-84.7285
-84.8711
-85.0122
-85.1515
-85.2889
-85.4241
-85.557
-85.6874
-85.8152
-85.9403
-86.0627
-86.1822
-86.299
-86.4129
-86.5239
-86.6322
-86.7376
-86.8402
-86.9401
-87.0373
-87.1318
-87.2237
-87.3131
-87.3999
-87.4843
-87.5663
-87.646
-87.7233
-87.7985
-87.8714
-87.9423
-88.011
-88.0778
-88.1426
-88.2055
-88.2665
-88.3257
-88.3832
-88.4389
-88.4929
-88.5453
-88.5961
-88.6453
-88.693
-88.7392
-88.7839
-88.8272
-88.8691
-88.9097
-88.9489
-88.9869
-89.0235
-89.0589
-89.0931
-89.1261
-89.158
-89.1887
-89.2182
-89.2467
-89.2741
-89.3004
-89.3257
-89.35
-89.3732
-89.3955
-89.4169
-89.4373
-89.4567
-89.4753
-89.4929
-89.5097
-89.5256
-89.5406
-89.5549
-89.5683
-89.5808
-89.5926
-89.6037
-89.6139
-89.6234
-89.6322
-89.6402
-89.6475
-89.6541
-89.66
-89.6652
-89.6697
-89.6735
-89.6767
-89.6793
-89.6812
-89.6825
-89.6831
-89.6832
-89.6826
-89.6815
-89.6797
-89.6774
-89.6745
-89.6711
-89.6671
-89.6626
-89.6575
-89.6519
-89.6457
-89.6391
-89.6319
-89.6242
-89.616
-89.6073
-89.5982
-89.5885
-89.5784
-89.5678
-89.5567
-89.5451
-89.5331
-89.5207
-89.5078
-89.4944
-89.4806
-89.4664
-89.4518
-89.4367
-89.4212
-89.4052
-89.3889
-89.3721
-89.3549
-89.3373
-89.3193
-89.3009
-89.2821
-89.2629
-89.2433
-89.2233
-89.2029
-89.1821
-89.161
-89.1394
-89.1175
-89.0952
-89.0724
-89.0493
-89.0259
-89.002
-88.9778
-88.9531
-88.9281
-88.9028
-88.877
-88.8509
-88.8243
-88.7974
-88.7701
-88.7425
-88.7144
-88.686
-88.6571
-88.6279
-88.5983
-88.5683
-88.5379
-88.5071
-88.4759
-88.4444
-88.4124
-88.38
-88.3471
-88.3139
-88.2802
-88.2462
-88.2117
-88.1767
-88.1414
-88.1055
-88.0693
-88.0325
-87.9953
-87.9577
-87.9195
-87.8809
-87.8418
-87.8022
-87.7621
-87.7214
-87.6803
-87.6386
-87.5963
-87.5535
-87.5101
-87.4661
-87.4216
-87.3764
-87.3306
-87.2841
-87.237
-87.1892
-87.1407
-87.0915
-87.0416
-86.9909
-86.9395
-86.8872
-86.8341
-86.7801
-86.7253
-86.6695
-86.6128
-86.5551
-86.4964
-86.4367
-86.3758
-86.3138
-86.2506
-86.1861
-86.1204
-86.0533
-85.9848
-85.9148
-85.8432
-85.77
-85.6951
-85.6184
-85.5397
-85.459
-85.3762
-85.2911
-85.2036
-85.1136
-85.0208
-84.9251
-84.8262
-84.724
-84.6182
-84.5085
-84.3945
-84.276
-84.1525
-84.0234
-83.8885
-83.7468
-83.5979
-83.4409
-83.2747
-83.0983
-82.9102
-82.7089
-82.4923
-82.258
-82.0029
-81.7229
-81.413
-81.0665
-80.6738
-80.2221
-79.6921
-79.0541
-78.2594
-77.2203
-75.758
-73.4306
-68.7169
-51.6074
40.7938
49.9671
49.6676
48.4716
45.463
39.6643
30.5537
18.9185
7.17467
-3.04362
-12.1237
-20.7866
-28.5421
-34.9099
-46.7821
-75.493
-94.0723
-94.8367
-94.7619
-94.5304
-94.0995
-93.3951
-92.3874
-91.1185
-89.6788
-88.1655
-86.6536
-85.1881
-83.7874
-82.4496
-81.1572
-79.8787
-78.5659
-77.143
-75.4759
-73.2835
-69.8026
-61.8658
-21.4432
49.4844
49.9136
49.2562
46.8993
41.4133
31.8136
18.9284
6.17063
-4.34897
-13.4253
-21.9254
-29.0673
-35.2479
-46.7639
-74.7066
-93.9954
-94.8082
-94.698
-94.397
-93.8478
-92.9808
-91.8047
-90.4134
-88.9326
-87.4679
-86.0834
-84.8065
-83.6393
-82.569
-81.5753
-80.6332
-79.7144
-78.7847
-77.7995
-76.6933
-75.3528
-73.5477
-70.6843
-64.5596
-38.9732
48.2874
49.9168
49.3183
47.1678
42.1326
33.2009
20.865
8.07878
-2.67501
-11.9025
-20.4864
-28.1034
-33.87
-43.9577
-68.3773
-93.3077
-94.8059
-94.7537
-94.5126
-94.0603
-93.3297
-92.3179
-91.1051
-89.8099
-88.5359
-87.3481
-86.2758
-85.3238
-84.4837
-83.7416
-83.0819
-82.4896
-81.9511
-81.4541
-80.9876
-80.5413
-80.1053
-79.6694
-79.2225
-78.7511
-78.2379
-77.6585
-76.9756
-76.1269
-74.9953
-73.3269
-70.4299
-63.5219
-29.4097
48.6474
49.9251
49.3907
47.4636
42.9181
34.7314
23.0767
10.3654
-0.65513
-10.0673
-18.7041
-26.7435
-32.0101
-40.435
-59.7046
-90.9128
-94.7559
-94.8083
-94.6259
-94.2637
-93.655
-92.7812
-91.7068
-90.5446
-89.3998
-88.3405
-87.3982
-86.5787
-85.8744
-85.2723
-84.7579
-84.3178
-83.9405
-83.6161
-83.3364
-83.0949
-82.8859
-82.7052
-82.549
-82.4144
-82.299
-82.2008
-82.1182
-82.0499
-81.9947
-81.9518
-81.9205
-81.9001
-81.8902
-81.8905
-81.9004
-81.9199
-81.9486
-81.9863
-82.0328
-82.0879
-82.1513
-82.2229
-82.3022
-82.3892
-82.4833
-82.5842
-82.6917
-82.805
-82.9239
-83.0479
-83.1763
-83.3087
-83.4445
-83.5832
-83.7242
-83.867
-84.0111
-84.156
-84.3012
-84.4464
-84.591
-84.7347
-84.8773
-85.0183
-85.1576
-85.2949
-85.43
-85.5628
-85.693
-85.8207
-85.9457
-86.0679
-86.1873
-86.3039
-86.4177
-86.5286
-86.6367
-86.742
-86.8445
-86.9442
-87.0413
-87.1357
-87.2275
-87.3167
-87.4034
-87.4877
-87.5695
-87.6491
-87.7263
-87.8014
-87.8742
-87.945
-88.0136
-88.0803
-88.145
-88.2078
-88.2688
-88.3279
-88.3852
-88.4409
-88.4948
-88.5471
-88.5979
-88.647
-88.6946
-88.7408
-88.7854
-88.8287
-88.8706
-88.9111
-88.9503
-88.9881
-89.0247
-89.0601
-89.0942
-89.1272
-89.159
-89.1896
-89.2192
-89.2476
-89.2749
-89.3012
-89.3265
-89.3507
-89.3739
-89.3962
-89.4175
-89.4378
-89.4573
-89.4758
-89.4934
-89.5101
-89.526
-89.541
-89.5552
-89.5685
-89.5811
-89.5929
-89.6039
-89.6141
-89.6236
-89.6323
-89.6403
-89.6475
-89.6541
-89.66
-89.6651
-89.6696
-89.6734
-89.6766
-89.6791
-89.681
-89.6823
-89.6829
-89.6829
-89.6824
-89.6812
-89.6794
-89.6771
-89.6742
-89.6707
-89.6667
-89.6622
-89.6571
-89.6514
-89.6453
-89.6386
-89.6314
-89.6237
-89.6155
-89.6068
-89.5976
-89.5879
-89.5778
-89.5671
-89.556
-89.5445
-89.5325
-89.52
-89.5071
-89.4937
-89.4799
-89.4657
-89.451
-89.4359
-89.4204
-89.4044
-89.388
-89.3713
-89.3541
-89.3364
-89.3184
-89.3
-89.2812
-89.262
-89.2424
-89.2223
-89.2019
-89.1811
-89.16
-89.1384
-89.1164
-89.0941
-89.0714
-89.0483
-89.0248
-89.0009
-88.9766
-88.952
-88.927
-88.9016
-88.8758
-88.8497
-88.8231
-88.7962
-88.7689
-88.7412
-88.7132
-88.6847
-88.6559
-88.6266
-88.597
-88.567
-88.5366
-88.5058
-88.4746
-88.443
-88.411
-88.3786
-88.3457
-88.3125
-88.2788
-88.2447
-88.2102
-88.1752
-88.1399
-88.104
-88.0677
-88.031
-87.9938
-87.9561
-87.9179
-87.8793
-87.8402
-87.8006
-87.7604
-87.7198
-87.6786
-87.6369
-87.5946
-87.5517
-87.5083
-87.4644
-87.4198
-87.3746
-87.3287
-87.2823
-87.2351
-87.1873
-87.1388
-87.0896
-87.0396
-86.9889
-86.9374
-86.8851
-86.832
-86.778
-86.7231
-86.6674
-86.6106
-86.5529
-86.4942
-86.4344
-86.3735
-86.3114
-86.2482
-86.1837
-86.1179
-86.0508
-85.9822
-85.9121
-85.8405
-85.7673
-85.6923
-85.6155
-85.5368
-85.456
-85.3732
-85.288
-85.2004
-85.1103
-85.0174
-84.9216
-84.8226
-84.7203
-84.6144
-84.5045
-84.3904
-84.2717
-84.148
-84.0188
-83.8836
-83.7418
-83.5926
-83.4353
-83.2687
-83.092
-82.9035
-82.7018
-82.4846
-82.2497
-81.9938
-81.7129
-81.4019
-81.054
-80.6596
-80.2056
-79.6725
-79.0303
-78.229
-77.1794
-75.6975
-73.3254
-68.4623
-50.2697
43.038
49.9646
49.6517
48.4249
45.3654
39.5015
30.3313
18.676
6.96275
-3.22303
-12.2879
-20.9489
-28.6656
-35.1084
-47.2347
-76.4529
-94.1478
-94.8393
-94.7584
-94.5226
-94.0853
-93.3729
-92.3573
-91.0823
-89.6394
-88.1252
-86.6141
-85.1503
-83.7516
-82.4155
-81.1242
-79.846
-78.532
-77.1053
-75.4301
-73.2191
-69.6872
-61.5308
-19.004
49.7035
49.9169
49.262
46.9003
41.3883
31.7355
18.7947
6.02622
-4.48141
-13.5468
-22.036
-29.1311
-35.3318
-46.9236
-75.0207
-94.0155
-94.8072
-94.6945
-94.3905
-93.8369
-92.9651
-91.7853
-90.3923
-88.912
-87.449
-86.0672
-84.7933
-83.6291
-82.5616
-81.5705
-80.631
-79.7146
-78.7873
-77.8049
-76.7018
-75.3657
-73.5676
-70.7196
-64.6466
-39.4681
48.2129
49.9175
49.322
47.179
42.1567
33.2407
20.915
8.12496
-2.63607
-11.8675
-20.4524
-28.0782
-33.8327
-43.881
-68.1884
-93.2772
-94.805
-94.7546
-94.5146
-94.0637
-93.3349
-92.3247
-91.1132
-89.8187
-88.5452
-87.3578
-86.2858
-85.3343
-84.4949
-83.7535
-83.0946
-82.5033
-81.9659
-81.4702
-81.0052
-80.5607
-80.1269
-79.6936
-79.2498
-78.7825
-78.2745
-77.7023
-77.0299
-76.1972
-75.0929
-73.478
-70.7136
-64.3208
-34.773
48.7479
49.9262
49.3993
47.5009
43.0216
34.9403
23.3905
10.7042
-0.352115
-9.79194
-18.4428
-26.534
-31.754
-39.9825
-58.5868
-90.349
-94.7418
-94.8133
-94.6368
-94.2828
-93.6844
-92.8201
-91.7519
-90.5917
-89.4455
-88.383
-87.4366
-86.613
-85.9048
-85.2992
-84.7817
-84.339
-83.9594
-83.633
-83.3517
-83.1086
-82.8984
-82.7165
-82.5592
-82.4237
-82.3075
-82.2085
-82.1252
-82.0561
-82.0003
-81.9568
-81.9248
-81.9038
-81.8934
-81.893
-81.9024
-81.9213
-81.9494
-81.9865
-82.0324
-82.0869
-82.1498
-82.2208
-82.2996
-82.386
-82.4796
-82.58
-82.687
-82.7999
-82.9184
-83.042
-83.1701
-83.3022
-83.4378
-83.5762
-83.7171
-83.8597
-84.0037
-84.1486
-84.2938
-84.4389
-84.5835
-84.7273
-84.8699
-85.0111
-85.1505
-85.2879
-85.4231
-85.556
-85.6864
-85.8142
-85.9394
-86.0618
-86.1814
-86.2981
-86.4121
-86.5231
-86.6314
-86.7368
-86.8395
-86.9394
-87.0366
-87.1311
-87.2231
-87.3124
-87.3993
-87.4837
-87.5657
-87.6453
-87.7227
-87.7979
-87.8708
-87.9417
-88.0105
-88.0773
-88.1421
-88.205
-88.266
-88.3252
-88.3826
-88.4384
-88.4924
-88.5448
-88.5956
-88.6448
-88.6925
-88.7387
-88.7834
-88.8267
-88.8687
-88.9092
-88.9485
-88.9864
-89.0231
-89.0585
-89.0927
-89.1257
-89.1576
-89.1883
-89.2178
-89.2463
-89.2737
-89.3
-89.3253
-89.3496
-89.3728
-89.3951
-89.4165
-89.4369
-89.4563
-89.4749
-89.4925
-89.5093
-89.5252
-89.5403
-89.5545
-89.5679
-89.5805
-89.5923
-89.6033
-89.6135
-89.623
-89.6318
-89.6398
-89.6471
-89.6537
-89.6596
-89.6648
-89.6693
-89.6732
-89.6764
-89.6789
-89.6808
-89.6821
-89.6828
-89.6828
-89.6823
-89.6811
-89.6794
-89.6771
-89.6742
-89.6708
-89.6668
-89.6622
-89.6571
-89.6515
-89.6454
-89.6387
-89.6316
-89.6239
-89.6157
-89.607
-89.5978
-89.5882
-89.578
-89.5674
-89.5564
-89.5448
-89.5328
-89.5204
-89.5075
-89.4941
-89.4803
-89.4661
-89.4514
-89.4364
-89.4208
-89.4049
-89.3886
-89.3718
-89.3546
-89.337
-89.319
-89.3006
-89.2818
-89.2626
-89.243
-89.223
-89.2026
-89.1818
-89.1607
-89.1391
-89.1172
-89.0949
-89.0721
-89.049
-89.0256
-89.0017
-88.9775
-88.9528
-88.9278
-88.9025
-88.8767
-88.8506
-88.8241
-88.7971
-88.7699
-88.7422
-88.7141
-88.6857
-88.6569
-88.6277
-88.5981
-88.5681
-88.5377
-88.5069
-88.4757
-88.4441
-88.4121
-88.3797
-88.3469
-88.3137
-88.28
-88.2459
-88.2114
-88.1765
-88.1411
-88.1053
-88.069
-88.0323
-87.9951
-87.9574
-87.9193
-87.8807
-87.8416
-87.802
-87.7618
-87.7212
-87.68
-87.6384
-87.5961
-87.5533
-87.5099
-87.4659
-87.4214
-87.3762
-87.3304
-87.2839
-87.2368
-87.189
-87.1406
-87.0914
-87.0414
-86.9907
-86.9393
-86.887
-86.8339
-86.78
-86.7251
-86.6694
-86.6127
-86.555
-86.4963
-86.4365
-86.3757
-86.3136
-86.2504
-86.186
-86.1203
-86.0532
-85.9847
-85.9147
-85.8431
-85.7699
-85.695
-85.6183
-85.5396
-85.459
-85.3762
-85.2911
-85.2036
-85.1135
-85.0207
-84.9251
-84.8262
-84.724
-84.6182
-84.5085
-84.3945
-84.276
-84.1525
-84.0235
-83.8885
-83.7469
-83.598
-83.441
-83.2748
-83.0984
-82.9104
-82.7091
-82.4926
-82.2583
-82.0032
-81.7232
-81.4134
-81.0669
-80.6744
-80.2228
-79.6928
-79.0551
-78.2606
-77.222
-75.7605
-73.4351
-68.7273
-51.6602
40.6914
49.9672
49.6683
48.4737
45.4675
39.6718
30.5639
18.9295
7.18425
-3.03555
-12.1163
-20.7793
-28.5365
-34.9009
-46.7617
-75.4492
-94.0688
-94.8366
-94.7621
-94.5308
-94.1002
-93.3961
-92.3889
-91.1202
-89.6808
-88.1676
-86.6557
-85.1902
-83.7895
-82.4517
-81.1592
-79.8808
-78.5682
-77.1456
-75.4792
-73.2883
-69.8111
-61.8905
-21.6224
49.4624
49.9133
49.2558
46.8994
41.4152
31.8195
18.9384
6.18131
-4.3392
-13.4163
-21.9172
-29.0625
-35.2415
-46.7518
-74.6826
-93.9938
-94.8083
-94.6982
-94.3975
-93.8487
-92.9822
-91.8064
-90.4152
-88.9346
-87.4697
-86.0851
-84.8081
-83.6407
-82.5703
-81.5764
-80.6343
-79.7154
-78.7856
-77.8005
-76.6944
-75.3542
-73.5496
-70.6878
-64.5691
-39.0339
48.2788
49.9169
49.3187
47.169
42.1353
33.2054
20.8706
8.08393
-2.67067
-11.8986
-20.4826
-28.1006
-33.8658
-43.9492
-68.3561
-93.3043
-94.8058
-94.7538
-94.5129
-94.0607
-93.3304
-92.3188
-91.1061
-89.811
-88.5369
-87.349
-86.2766
-85.3245
-84.4843
-83.7421
-83.0822
-82.4899
-81.9513
-81.4543
-80.9877
-80.5413
-80.1053
-79.6694
-79.2224
-78.751
-78.2377
-77.6583
-76.9753
-76.1266
-74.995
-73.3266
-70.4297
-63.5228
-29.4252
48.6485
49.9251
49.3907
47.4636
42.9181
34.7316
23.0772
10.366
-0.654606
-10.0669
-18.7036
-26.7432
-32.0097
-40.4342
-59.7027
-90.9119
-94.7558
-94.8083
-94.626
-94.2637
-93.6551
-92.7814
-91.7071
-90.5451
-89.4003
-88.3411
-87.3987
-86.5792
-85.8749
-85.2726
-84.7582
-84.3181
-83.9408
-83.6163
-83.3365
-83.0949
-82.8859
-82.7052
-82.5489
-82.4143
-82.2989
-82.2007
-82.118
-82.0496
-81.9944
-81.9515
-81.9201
-81.8997
-81.8898
-81.89
-81.9
-81.9194
-81.9481
-81.9858
-82.0322
-82.0873
-82.1507
-82.2222
-82.3016
-82.3885
-82.4826
-82.5835
-82.6909
-82.8043
-82.9232
-83.0471
-83.1755
-83.3079
-83.4437
-83.5824
-83.7234
-83.8662
-84.0103
-84.1553
-84.3005
-84.4456
-84.5903
-84.734
-84.8766
-85.0176
-85.157
-85.2943
-85.4294
-85.5621
-85.6924
-85.8201
-85.9451
-86.0673
-86.1868
-86.3034
-86.4172
-86.5281
-86.6362
-86.7415
-86.844
-86.9438
-87.0408
-87.1352
-87.227
-87.3163
-87.403
-87.4873
-87.5691
-87.6487
-87.726
-87.801
-87.8739
-87.9446
-88.0133
-88.08
-88.1447
-88.2075
-88.2685
-88.3276
-88.385
-88.4406
-88.4946
-88.5469
-88.5976
-88.6467
-88.6944
-88.7405
-88.7852
-88.8284
-88.8703
-88.9108
-88.95
-88.9879
-89.0245
-89.0599
-89.094
-89.127
-89.1588
-89.1894
-89.219
-89.2474
-89.2747
-89.301
-89.3263
-89.3505
-89.3737
-89.396
-89.4173
-89.4377
-89.4571
-89.4756
-89.4932
-89.5099
-89.5258
-89.5408
-89.555
-89.5684
-89.581
-89.5927
-89.6037
-89.614
-89.6234
-89.6321
-89.6401
-89.6474
-89.654
-89.6598
-89.665
-89.6695
-89.6733
-89.6765
-89.679
-89.6809
-89.6822
-89.6828
-89.6828
-89.6823
-89.6811
-89.6793
-89.677
-89.6741
-89.6707
-89.6666
-89.6621
-89.657
-89.6513
-89.6452
-89.6385
-89.6313
-89.6236
-89.6154
-89.6067
-89.5975
-89.5879
-89.5777
-89.5671
-89.556
-89.5444
-89.5324
-89.5199
-89.507
-89.4937
-89.4799
-89.4656
-89.4509
-89.4358
-89.4203
-89.4044
-89.388
-89.3712
-89.354
-89.3364
-89.3184
-89.3
-89.2812
-89.2619
-89.2423
-89.2223
-89.2019
-89.1811
-89.16
-89.1384
-89.1164
-89.0941
-89.0714
-89.0483
-89.0248
-89.0009
-88.9766
-88.952
-88.927
-88.9016
-88.8758
-88.8497
-88.8232
-88.7962
-88.7689
-88.7413
-88.7132
-88.6847
-88.6559
-88.6267
-88.5971
-88.5671
-88.5366
-88.5058
-88.4746
-88.443
-88.411
-88.3786
-88.3458
-88.3125
-88.2789
-88.2448
-88.2103
-88.1753
-88.1399
-88.1041
-88.0678
-88.0311
-87.9939
-87.9562
-87.9181
-87.8794
-87.8403
-87.8007
-87.7605
-87.7199
-87.6787
-87.637
-87.5947
-87.5519
-87.5085
-87.4645
-87.4199
-87.3747
-87.3289
-87.2824
-87.2353
-87.1875
-87.139
-87.0898
-87.0398
-86.9891
-86.9377
-86.8854
-86.8322
-86.7783
-86.7234
-86.6676
-86.6109
-86.5532
-86.4944
-86.4347
-86.3738
-86.3117
-86.2485
-86.184
-86.1183
-86.0511
-85.9826
-85.9125
-85.8409
-85.7677
-85.6927
-85.6159
-85.5372
-85.4565
-85.3737
-85.2885
-85.201
-85.1108
-85.018
-84.9222
-84.8233
-84.721
-84.6151
-84.5052
-84.3912
-84.2725
-84.1488
-84.0197
-83.8845
-83.7427
-83.5936
-83.4364
-83.2699
-83.0932
-82.9049
-82.7032
-82.4862
-82.2514
-81.9956
-81.715
-81.4042
-81.0566
-80.6626
-80.2092
-79.6767
-79.0354
-78.2356
-77.1883
-75.7106
-73.3482
-68.5177
-50.5623
42.5997
49.9651
49.6548
48.4341
45.3846
39.5336
30.3752
18.7239
7.00473
-3.18745
-12.2553
-20.9168
-28.6413
-35.0693
-47.1453
-76.266
-94.1333
-94.8388
-94.7591
-94.5242
-94.0883
-93.3775
-92.3637
-91.09
-89.6479
-88.134
-86.6228
-85.1587
-83.7596
-82.4233
-81.1318
-79.8535
-78.5399
-77.1142
-75.4409
-73.2344
-69.7146
-61.6115
-19.5936
49.6625
49.9161
49.2606
46.9002
41.3948
31.7553
18.8284
6.06253
-4.44821
-13.5164
-22.0084
-29.1152
-35.3109
-46.8838
-74.9433
-94.0106
-94.8074
-94.6954
-94.3922
-93.8396
-92.9691
-91.7902
-90.3977
-88.9173
-87.4539
-86.0715
-84.7969
-83.632
-82.5639
-81.5722
-80.6321
-79.7152
-78.7874
-77.8044
-76.7007
-75.3639
-73.5648
-70.7147
-64.635
-39.4068
48.2227
49.9174
49.3215
47.1776
42.1535
33.2354
20.9084
8.11889
-2.64119
-11.8721
-20.4569
-28.0815
-33.8376
-43.891
-68.2131
-93.2813
-94.8051
-94.7545
-94.5143
-94.0633
-93.3343
-92.3239
-91.1122
-89.8177
-88.544
-87.3565
-86.2844
-85.3327
-84.4931
-83.7514
-83.0923
-82.5008
-81.9632
-81.4672
-81.0018
-80.5569
-80.1226
-79.6888
-79.2444
-78.7762
-78.2672
-77.6935
-77.019
-76.1832
-75.0736
-73.4484
-70.6587
-64.1697

