-70
-56.5925
23.539
49.8722
47.5456
37.2187
16.4584
-1.53189
-13.1484
-23.9974
-34.3798
-51.6515
-87.3847
-94.8724
-94.9891
-94.9857
-94.9714
-94.9415
-94.8838
-94.7832
-94.628
-94.4183
-94.1653
-93.8842
-93.5888
-93.2886
-92.9892
-92.6934
-92.4023
-92.1162
-91.835
-91.5582
-91.2855
-91.0163
-90.7503
-90.4871
-90.2262
-89.9672
-89.7098
-89.4535
-89.1981
-88.9429
-88.6878
-88.4322
-88.1756
-87.9176
-87.6577
-87.3953
-87.1297
-86.8604
-86.5864
-86.3072
-86.0215
-85.7285
-85.4267
-85.1148
-84.791
-84.4532
-84.0989
-83.7251
-83.3277
-82.902
-82.4414
-81.9373
-81.3777
-80.7458
-80.0159
-79.1475
-78.0715
-76.6558
-74.6072
-71.09
-62.3523
-12.6353
49.9452
49.594
45.6971
32.7758
11.6314
-3.8261
-14.9232
-25.8519
-35.5604
-54.478
-89.9466
-94.918
-94.9902
-94.9855
-94.9704
-94.939
-94.8782
-94.7729
-94.6136
-94.4037
-94.1566
-93.8884
-93.612
-93.3358
-93.0642
-92.7992
-92.5417
-92.2915
-92.0484
-91.8117
-91.5811
-91.356
-91.136
-90.9207
-90.7096
-90.5024
-90.2988
-90.0984
-89.9009
-89.706
-89.5133
-89.3227
-89.1338
-88.9463
-88.76
-88.5745
-88.3897
-88.2052
-88.0207
-87.836
-87.6507
-87.4645
-87.2772
-87.0883
-86.8976
-86.7045
-86.5087
-86.3098
-86.1072
-85.9003
-85.6886
-85.4713
-85.2477
-85.0169
-84.7778
-84.5293
-84.2698
-83.9978
-83.7111
-83.4074
-83.0834
-82.7356
-82.3587
-81.9464
-81.49
-80.9773
-80.3911
-79.7053
-78.8782
-77.8376
-76.4455
-74.3907
-70.7696
-61.3875
-5.38223
49.9767
49.5781
45.5327
32.3553
11.1591
-4.10424
-15.1606
-26.1038
-35.7105
-54.8446
-90.1949
-94.9214
-94.9902
-94.9853
-94.9701
-94.9384
-94.8777
-94.7729
-94.6152
-94.4088
-94.1674
-93.907
-93.6406
-93.376
-93.1177
-92.8676
-92.6261
-92.393
-92.1681
-91.9506
-91.74
-91.5358
-91.3375
-91.1446
-90.9567
-90.7733
-90.5942
-90.419
-90.2474
-90.079
-89.9136
-89.7508
-89.5906
-89.4325
-89.2765
-89.1221
-88.9693
-88.8177
-88.6673
-88.5177
-88.3689
-88.2205
-88.0723
-87.9243
-87.7761
-87.6276
-87.4785
-87.3286
-87.1777
-87.0257
-86.8721
-86.7167
-86.5594
-86.3997
-86.2373
-86.072
-85.9033
-85.7307
-85.5539
-85.3723
-85.1853
-84.9923
-84.7924
-84.5849
-84.3687
-84.1427
-83.9054
-83.6551
-83.3899
-83.1073
-82.8043
-82.477
-82.1203
-81.7279
-81.2908
-80.797
-80.2287
-79.5594
-78.7463
-77.7155
-76.3238
-74.2457
-70.5214
-60.5663
0.650821
49.984
49.4892
45.0209
31.1684
9.9051
-4.847
-15.7975
-26.7739
-36.3775
-56.4755
-91.171
-94.9353
-94.9902
-94.9847
-94.9689
-94.9361
-94.8738
-94.7672
-94.6084
-94.402
-94.1622
-93.9048
-93.6423
-93.3827
-93.13
-92.886
-92.6511
-92.4252
-92.2077
-91.998
-91.7955
-91.5998
-91.4102
-91.2262
-91.0475
-90.8736
-90.7041
-90.5387
-90.3771
-90.219
-90.064
-89.912
-89.7626
-89.6156
-89.4708
-89.328
-89.187
-89.0475
-88.9094
-88.7724
-88.6364
-88.5013
-88.3668
-88.2327
-88.099
-87.9654
-87.8317
-87.6978
-87.5635
-87.4286
-87.2929
-87.1563
-87.0186
-86.8795
-86.7388
-86.5964
-86.4518
-86.305
-86.1555
-86.0032
-85.8476
-85.6884
-85.5252
-85.3576
-85.1849
-85.0067
-84.8223
-84.631
-84.4318
-84.2238
-84.0058
-83.7765
-83.5342
-83.2768
-83.002
-82.7066
-82.3868
-82.0378
-81.6528
-81.2232
-80.7367
-80.1756
-79.5133
-78.7069
-77.682
-76.2944
-74.2159
-70.4758
-60.4136
1.78246
49.9846
49.4666
44.9076
30.9317
9.68479
-4.97181
-15.9026
-26.882
-36.5523
-56.9051
-91.3916
-94.9385
-94.9902
-94.9845
-94.9686
-94.9356
-94.8729
-94.7659
-94.6068
-94.4004
-94.1609
-93.9042
-93.6428
-93.3845
-93.1333
-92.8911
-92.6583
-92.4345
-92.2193
-92.0121
-91.8123
-91.6193
-91.4325
-91.2515
-91.0758
-90.9051
-90.7389
-90.5768
-90.4186
-90.264
-90.1125
-89.9641
-89.8184
-89.6753
-89.5343
-89.3954
-89.2584
-89.123
-88.989
-88.8564
-88.7248
-88.5941
-88.4641
-88.3348
-88.2059
-88.0772
-87.9486
-87.82
-87.6911
-87.5619
-87.4321
-87.3015
-87.1701
-87.0375
-86.9037
-86.7684
-86.6314
-86.4925
-86.3515
-86.208
-86.0618
-85.9126
-85.7601
-85.6039
-85.4435
-85.2786
-85.1087
-84.9331
-84.7512
-84.5622
-84.3653
-84.1595
-83.9436
-83.7163
-83.4757
-83.22
-82.9465
-82.6523
-82.3335
-81.9849
-81.5999
-81.1696
-80.6814
-80.1172
-79.4495
-78.6339
-77.5928
-76.1746
-74.0293
-70.0966
-59.0384
11.0523
49.9808
49.1274
43.3376
27.6809
6.70151
-6.84061
-17.5453
-28.5631
-39.4299
-64.1087
-93.5774
-94.9695
-94.9899
-94.9824
-94.9641
-94.9272
-94.8587
-94.745
-94.5799
-94.3695
-94.1282
-93.8715
-93.6109
-93.3537
-93.1039
-92.863
-92.6313
-92.4087
-92.1946
-91.9884
-91.7897
-91.5976
-91.4119
-91.2319
-91.0572
-90.8875
-90.7223
-90.5612
-90.404
-90.2504
-90.1
-89.9526
-89.8079
-89.6657
-89.5258
-89.3879
-89.2519
-89.1175
-88.9846
-88.853
-88.7224
-88.5928
-88.464
-88.3357
-88.2079
-88.0803
-87.9529
-87.8254
-87.6977
-87.5696
-87.441
-87.3117
-87.1815
-87.0503
-86.9178
-86.7839
-86.6484
-86.511
-86.3715
-86.2296
-86.0851
-85.9377
-85.7871
-85.6329
-85.4746
-85.312
-85.1444
-84.9714
-84.7922
-84.6063
-84.4127
-84.2106
-83.9987
-83.7758
-83.5403
-83.2903
-83.0235
-82.7369
-82.4269
-82.089
-81.717
-81.3028
-80.8352
-80.298
-79.6673
-78.9052
-77.9473
-76.6725
-74.8175
-71.6628
-64.238
-26.3138
48.9647
49.5159
45.727
33.5129
13.2412
-2.53458
-13.7153
-24.4974
-34.6238
-52.183
-88.0466
-94.8924
-94.9906
-94.9871
-94.9739
-94.9462
-94.8924
-94.7975
-94.651
-94.4544
-94.2204
-93.9653
-93.7028
-93.4418
-93.1875
-92.9419
-92.7058
-92.479
-92.2611
-92.0513
-91.8492
-91.6541
-91.4655
-91.2828
-91.1056
-90.9335
-90.766
-90.6029
-90.4437
-90.2882
-90.136
-89.987
-89.8408
-89.6971
-89.5558
-89.4166
-89.2794
-89.1439
-89.0099
-88.8772
-88.7457
-88.6151
-88.4854
-88.3563
-88.2278
-88.0995
-87.9714
-87.8433
-87.715
-87.5864
-87.4573
-87.3275
-87.1969
-87.0653
-86.9325
-86.7983
-86.6624
-86.5248
-86.3851
-86.243
-86.0984
-85.9509
-85.8002
-85.6459
-85.4877
-85.3252
-85.1577
-84.9849
-84.806
-84.6204
-84.4272
-84.2255
-84.0143
-83.7921
-83.5575
-83.3085
-83.0429
-82.7579
-82.4498
-82.1142
-81.7451
-81.3345
-80.8717
-80.3409
-79.719
-78.9697
-78.0316
-76.7905
-75.0021
-72.0145
-65.2655
-33.6437
49.1471
49.5096
45.7374
33.6556
13.5639
-2.26763
-13.4659
-24.2152
-34.4122
-51.6704
-87.5316
-94.8851
-94.9906
-94.9874
-94.9747
-94.9478
-94.8955
-94.8032
-94.6601
-94.4669
-94.2353
-93.9813
-93.7189
-93.4572
-93.2017
-92.9547
-92.717
-92.4887
-92.2692
-92.058
-91.8544
-91.658
-91.468
-91.2841
-91.1057
-90.9325
-90.7639
-90.5997
-90.4396
-90.2831
-90.13
-89.9801
-89.833
-89.6885
-89.5464
-89.4064
-89.2684
-89.1321
-88.9973
-88.8639
-88.7317
-88.6004
-88.47
-88.3402
-88.2109
-88.0819
-87.9531
-87.8243
-87.6953
-87.566
-87.4361
-87.3056
-87.1743
-87.0419
-86.9082
-86.7732
-86.6365
-86.4979
-86.3573
-86.2143
-86.0686
-85.92
-85.7682
-85.6127
-85.4532
-85.2893
-85.1204
-84.9459
-84.7652
-84.5777
-84.3824
-84.1784
-83.9645
-83.7394
-83.5015
-83.2487
-82.9788
-82.6886
-82.3746
-82.0318
-81.6539
-81.2325
-80.7557
-80.2067
-79.5598
-78.7746
-77.7813
-76.4465
-74.473
-71.014
-62.2891
-12.0824
49.9492
49.6147
45.8969
33.4758
12.7084
-3.0753
-14.2466
-25.1072
-35.0728
-53.2838
-89.0266
-94.9052
-94.9903
-94.9861
-94.9717
-94.9418
-94.8838
-94.7829
-94.6294
-94.4264
-94.1877
-93.9299
-93.6661
-93.405
-93.151
-92.9062
-92.6711
-92.4454
-92.2285
-92.02
-91.8191
-91.6252
-91.4379
-91.2565
-91.0806
-90.9098
-90.7436
-90.5818
-90.424
-90.2699
-90.1191
-89.9715
-89.8266
-89.6844
-89.5445
-89.4068
-89.271
-89.137
-89.0045
-88.8733
-88.7433
-88.6143
-88.4861
-88.3586
-88.2316
-88.105
-87.9785
-87.8521
-87.7255
-87.5986
-87.4713
-87.3434
-87.2147
-87.085
-86.9542
-86.822
-86.6883
-86.5529
-86.4155
-86.2758
-86.1337
-85.9889
-85.841
-85.6896
-85.5345
-85.3753
-85.2114
-85.0424
-84.8676
-84.6864
-84.4981
-84.3018
-84.0964
-83.8808
-83.6534
-83.4127
-83.1566
-82.8824
-82.5871
-82.2666
-81.9157
-81.5276
-81.0929
-80.5986
-80.0257
-79.3453
-78.5102
-77.4374
-75.9617
-73.6927
-69.3985
-56.3553
25.8588
49.8871
47.9516
39.3574
21.0575
2.103
-10.0177
-20.4606
-31.3321
-44.7758
-76.6932
-94.6261
-94.9862
-94.9891
-94.979
-94.9572
-94.9145
-94.8376
-94.7142
-94.5403
-94.3236
-94.0787
-93.82
-93.5585
-93.3009
-93.0507
-92.8095
-92.5775
-92.3545
-92.14
-91.9335
-91.7344
-91.5421
-91.356
-91.1758
-91.0009
-90.831
-90.6656
-90.5044
-90.3472
-90.1934
-90.043
-89.8955
-89.7508
-89.6086
-89.4687
-89.3308
-89.1948
-89.0604
-88.9275
-88.7959
-88.6654
-88.5358
-88.4069
-88.2786
-88.1507
-88.0232
-87.8956
-87.7681
-87.6403
-87.5121
-87.3834
-87.254
-87.1236
-86.9922
-86.8595
-86.7253
-86.5894
-86.4516
-86.3117
-86.1693
-86.0243
-85.8763
-85.7249
-85.5699
-85.4108
-85.2471
-85.0784
-84.9041
-84.7235
-84.5358
-84.3404
-84.136
-83.9216
-83.6958
-83.4569
-83.2028
-82.9313
-82.6391
-82.3224
-81.9763
-81.5941
-81.167
-80.6827
-80.1232
-79.4616
-78.6545
-77.626
-76.2291
-74.127
-70.3137
-59.8718
5.49847
49.9852
49.3637
44.3901
29.8048
8.5815
-5.64816
-16.4918
-27.4932
-37.5689
-59.432
-92.4345
-94.9531
-94.9901
-94.9836
-94.9665
-94.9317
-94.8661
-94.7553
-94.5921
-94.3819
-94.1391
-93.8797
-93.6161
-93.3558
-93.103
-92.8594
-92.6254
-92.4008
-92.1849
-91.9773
-91.7772
-91.5841
-91.3975
-91.2168
-91.0416
-90.8714
-90.7059
-90.5447
-90.3875
-90.2339
-90.0837
-89.9366
-89.7922
-89.6505
-89.5111
-89.3738
-89.2384
-89.1048
-88.9726
-88.8418
-88.7122
-88.5835
-88.4556
-88.3284
-88.2017
-88.0753
-87.9491
-87.8229
-87.6965
-87.5699
-87.4427
-87.315
-87.1864
-87.0568
-86.9261
-86.794
-86.6603
-86.5249
-86.3874
-86.2477
-86.1056
-85.9606
-85.8125
-85.6609
-85.5056
-85.346
-85.1817
-85.0122
-84.837
-84.6552
-84.4661
-84.2689
-84.0625
-83.8457
-83.617
-83.3746
-83.1165
-82.84
-82.5419
-82.218
-81.8628
-81.4693
-81.0277
-80.5243
-79.9391
-79.2412
-78.3801
-77.2648
-75.7117
-73.2718
-68.4465
-52.0709
39.9624
49.7034
46.7697
36.214
16.7879
-0.351774
-11.8888
-22.4943
-33.091
-48.5982
-83.6056
-94.815
-94.9896
-94.9883
-94.9768
-94.9526
-94.9058
-94.8228
-94.6921
-94.5117
-94.2902
-94.0425
-93.7826
-93.5207
-93.2632
-93.0134
-92.7724
-92.5407
-92.318
-92.1038
-91.8975
-91.6985
-91.5063
-91.3203
-91.1402
-90.9653
-90.7954
-90.6301
-90.4689
-90.3116
-90.1578
-90.0073
-89.8598
-89.715
-89.5727
-89.4326
-89.2946
-89.1584
-89.0239
-88.8908
-88.7589
-88.6281
-88.4982
-88.3691
-88.2405
-88.1123
-87.9844
-87.8565
-87.7285
-87.6003
-87.4717
-87.3425
-87.2125
-87.0815
-86.9495
-86.8161
-86.6812
-86.5445
-86.4059
-86.265
-86.1217
-85.9756
-85.8264
-85.6738
-85.5174
-85.3568
-85.1914
-85.0209
-84.8445
-84.6617
-84.4716
-84.2733
-84.0658
-83.8479
-83.618
-83.3744
-83.1151
-82.8372
-82.5377
-82.2121
-81.8551
-81.4596
-81.0156
-80.5093
-79.9204
-79.2177
-78.3497
-77.2235
-75.6511
-73.1686
-68.2073
-50.9078
42.1496
49.6759
46.6202
35.8447
16.3211
-0.616976
-12.0994
-22.7236
-33.2756
-49.0179
-84.2287
-94.8276
-94.9898
-94.9882
-94.9766
-94.952
-94.9044
-94.8204
-94.6883
-94.5064
-94.2836
-94.0349
-93.7742
-93.5117
-93.2537
-93.0034
-92.762
-92.5299
-92.3068
-92.0922
-91.8855
-91.6861
-91.4935
-91.3072
-91.1267
-90.9515
-90.7812
-90.6154
-90.4539
-90.2962
-90.142
-89.9912
-89.8433
-89.6981
-89.5554
-89.4149
-89.2765
-89.14
-89.005
-88.8715
-88.7392
-88.608
-88.4777
-88.3481
-88.2191
-88.0904
-87.962
-87.8336
-87.7051
-87.5764
-87.4472
-87.3174
-87.1868
-87.0552
-86.9225
-86.7884
-86.6528
-86.5154
-86.3759
-86.2342
-86.09
-85.9429
-85.7926
-85.6389
-85.4812
-85.3193
-85.1525
-84.9804
-84.8024
-84.6176
-84.4254
-84.2249
-84.0148
-83.7939
-83.5608
-83.3135
-83.0498
-82.7669
-82.4613
-82.1286
-81.763
-81.3567
-80.8991
-80.3751
-79.7622
-79.0254
-78.1059
-76.8955
-75.1648
-72.315
-66.0778
-38.8844
48.9095
49.5356
45.8811
34.0357
14.0687
-1.94159
-13.185
-23.9066
-34.1844
-51.1276
-86.942
-94.8759
-94.9905
-94.9876
-94.975
-94.9484
-94.8969
-94.8059
-94.6646
-94.473
-94.2422
-93.9881
-93.7244
-93.4609
-93.203
-92.9535
-92.7133
-92.4825
-92.2607
-92.0474
-91.8419
-91.6437
-91.4522
-91.2668
-91.0872
-90.9128
-90.7433
-90.5782
-90.4173
-90.2602
-90.1066
-89.9562
-89.8087
-89.6639
-89.5216
-89.3815
-89.2434
-89.1071
-88.9723
-88.839
-88.7069
-88.5758
-88.4456
-88.316
-88.187
-88.0584
-87.9299
-87.8015
-87.6729
-87.544
-87.4147
-87.2847
-87.1539
-87.022
-86.889
-86.7546
-86.6186
-86.4807
-86.3408
-86.1985
-86.0537
-85.9059
-85.755
-85.6004
-85.4419
-85.2789
-85.1111
-84.9377
-84.7583
-84.572
-84.3781
-84.1756
-83.9633
-83.7399
-83.5038
-83.2532
-82.9856
-82.6981
-82.3871
-82.0478
-81.6741
-81.2577
-80.7872
-80.2461
-79.6099
-78.8398
-77.8692
-76.5725
-74.6741
-71.4074
-63.514
-21.158
49.7024
49.5503
45.7814
33.4967
13.0621
-2.71605
-13.8933
-24.7021
-34.7773
-52.5583
-88.3978
-94.8971
-94.9904
-94.9866
-94.973
-94.9442
-94.8883
-94.7902
-94.6394
-94.4382
-94.1996
-93.9404
-93.6743
-93.4103
-93.1533
-92.9055
-92.6673
-92.4388
-92.2194
-92.0084
-91.8052
-91.6092
-91.4199
-91.2366
-91.059
-90.8866
-90.719
-90.5558
-90.3968
-90.2414
-90.0895
-89.9408
-89.795
-89.6519
-89.5112
-89.3726
-89.2361
-89.1013
-88.9681
-88.8363
-88.7056
-88.5761
-88.4473
-88.3193
-88.1918
-88.0646
-87.9377
-87.8107
-87.6837
-87.5564
-87.4286
-87.3002
-87.171
-87.0408
-86.9095
-86.7768
-86.6425
-86.5065
-86.3685
-86.2282
-86.0855
-85.9399
-85.7912
-85.639
-85.483
-85.3228
-85.1578
-84.9875
-84.8114
-84.6288
-84.4388
-84.2406
-84.033
-83.815
-83.5849
-83.341
-83.0812
-82.8026
-82.5021
-82.1752
-81.8166
-81.4188
-80.9718
-80.4614
-79.8668
-79.1557
-78.2748
-77.1274
-75.5152
-72.9428
-67.6866
-48.3342
45.4124
49.6315
46.3837
35.2646
15.5937
-1.03588
-12.4367
-23.091
-33.566
-49.684
-85.1607
-94.8454
-94.9901
-94.988
-94.976
-94.9508
-94.902
-94.8159
-94.6811
-94.4962
-94.2709
-94.0202
-93.7582
-93.4949
-93.2364
-92.9858
-92.7442
-92.512
-92.2889
-92.0743
-91.8677
-91.6684
-91.4759
-91.2898
-91.1094
-90.9344
-90.7643
-90.5989
-90.4376
-90.2802
-90.1263
-89.9757
-89.8281
-89.6833
-89.541
-89.4009
-89.2629
-89.1267
-88.9921
-88.859
-88.7272
-88.5964
-88.4665
-88.3374
-88.2088
-88.0806
-87.9527
-87.8248
-87.6968
-87.5686
-87.4399
-87.3107
-87.1806
-87.0496
-86.9175
-86.784
-86.649
-86.5122
-86.3735
-86.2325
-86.089
-85.9426
-85.7932
-85.6403
-85.4835
-85.3225
-85.1567
-84.9857
-84.8088
-84.6253
-84.4344
-84.2352
-84.0267
-83.8076
-83.5764
-83.3313
-83.07
-82.7899
-82.4876
-82.1588
-81.7977
-81.3971
-80.9465
-80.4316
-79.831
-79.1116
-78.2181
-77.0507
-75.401
-72.7418
-67.1886
-45.5856
47.2915
49.5971
46.2031
34.8247
15.0484
-1.35398
-12.6961
-23.3735
-33.784
-50.1892
-85.8206
-94.8572
-94.9903
-94.9878
-94.9756
-94.95
-94.9002
-94.8123
-94.6752
-94.4878
-94.2604
-94.0083
-93.7453
-93.4815
-93.2228
-92.972
-92.7305
-92.4983
-92.2752
-92.0606
-91.8539
-91.6547
-91.4622
-91.276
-91.0956
-90.9206
-90.7505
-90.5849
-90.4235
-90.266
-90.1121
-89.9614
-89.8137
-89.6687
-89.5263
-89.3861
-89.2479
-89.1116
-88.9768
-88.8436
-88.7115
-88.5806
-88.4505
-88.3211
-88.1923
-88.0639
-87.9357
-87.8076
-87.6793
-87.5508
-87.4218
-87.2923
-87.1619
-87.0305
-86.898
-86.7641
-86.6287
-86.4914
-86.3522
-86.2106
-86.0665
-85.9196
-85.7695
-85.6159
-85.4584
-85.2965
-85.1298
-84.9578
-84.7797
-84.595
-84.4028
-84.2021
-83.9919
-83.7709
-83.5375
-83.2899
-83.0257
-82.7423
-82.4359
-82.1023
-81.7355
-81.3275
-80.8677
-80.3407
-79.7237
-78.9808
-78.0519
-76.8254
-75.0636
-72.1379
-65.6153
-35.9432
49.0955
49.5179
45.7856
33.7903
13.7508
-2.1427
-13.3569
-24.095
-34.3238
-51.4591
-87.3075
-94.8816
-94.9906
-94.9874
-94.9746
-94.9476
-94.8952
-94.8027
-94.6592
-94.4651
-94.232
-93.9759
-93.7107
-93.4461
-93.1874
-92.9373
-92.6967
-92.4656
-92.2436
-92.0301
-91.8245
-91.6262
-91.4347
-91.2493
-91.0698
-90.8955
-90.7261
-90.5611
-90.4004
-90.2435
-90.0901
-89.9399
-89.7927
-89.6481
-89.5061
-89.3663
-89.2285
-89.0924
-88.958
-88.8251
-88.6933
-88.5626
-88.4328
-88.3036
-88.175
-88.0468
-87.9188
-87.7908
-87.6626
-87.5342
-87.4054
-87.2759
-87.1455
-87.0142
-86.8818
-86.7479
-86.6124
-86.4752
-86.3359
-86.1942
-86.0501
-85.903
-85.7528
-85.599
-85.4412
-85.2791
-85.1122
-84.9398
-84.7613
-84.5762
-84.3834
-84.1822
-83.9713
-83.7494
-83.5151
-83.2664
-83.0009
-82.7159
-82.4077
-82.0719
-81.7022
-81.2908
-80.8265
-80.2936
-79.6684
-78.914
-77.9674
-76.7111
-74.8916
-71.8243
-64.7542
-30.1647
49.1026
49.5062
45.7046
33.53
13.3521
-2.42502
-13.6086
-24.3751
-34.5309
-51.957
-87.8251
-94.8893
-94.9906
-94.9871
-94.974
-94.9463
-94.8925
-94.7976
-94.6509
-94.4532
-94.217
-93.9587
-93.6923
-93.4272
-93.1685
-92.9188
-92.6787
-92.4483
-92.227
-92.0142
-91.8093
-91.6117
-91.4208
-91.2362
-91.0572
-90.8835
-90.7146
-90.5503
-90.39
-90.2336
-90.0807
-89.931
-89.7843
-89.6402
-89.4986
-89.3592
-89.2218
-89.0862
-88.9522
-88.8196
-88.6883
-88.5579
-88.4285
-88.2997
-88.1715
-88.0437
-87.916
-87.7884
-87.6606
-87.5326
-87.4041
-87.275
-87.1451
-87.0141
-86.8821
-86.7486
-86.6135
-86.4767
-86.3378
-86.1966
-86.0529
-85.9063
-85.7566
-85.6033
-85.4461
-85.2846
-85.1182
-84.9464
-84.7687
-84.5843
-84.3923
-84.1919
-83.982
-83.7612
-83.528
-83.2806
-83.0166
-82.7334
-82.4272
-82.0937
-81.7269
-81.319
-80.8593
-80.3322
-79.7149
-78.9716
-78.0421
-76.8144
-75.0504
-72.1205
-65.5888
-35.9074
49.0976
49.5175
45.7835
33.7845
13.7428
-2.148
-13.3615
-24.1002
-34.3276
-51.4681
-87.3172
-94.8818
-94.9905
-94.9874
-94.9745
-94.9475
-94.895
-94.8024
-94.6587
-94.4643
-94.2309
-93.9743
-93.7088
-93.4438
-93.1848
-92.9345
-92.6936
-92.4624
-92.2402
-92.0266
-91.821
-91.6226
-91.431
-91.2457
-91.0661
-90.8918
-90.7224
-90.5575
-90.3968
-90.2399
-90.0866
-89.9365
-89.7893
-89.6449
-89.5029
-89.3632
-89.2255
-89.0896
-88.9553
-88.8225
-88.6908
-88.5603
-88.4306
-88.3016
-88.1731
-88.0451
-87.9172
-87.7894
-87.6615
-87.5333
-87.4046
-87.2753
-87.1452
-87.0141
-86.8819
-86.7482
-86.613
-86.476
-86.337
-86.1957
-86.0518
-85.9051
-85.7552
-85.6018
-85.4444
-85.2827
-85.1162
-84.9443
-84.7663
-84.5817
-84.3896
-84.189
-83.9788
-83.7578
-83.5244
-83.2767
-83.0124
-82.7288
-82.4222
-82.0882
-81.7209
-81.3123
-80.8516
-80.3233
-79.7045
-78.9591
-78.0262
-76.793
-75.0184
-72.0626
-65.4325
-34.881
49.1276
49.5131
45.7588
33.7173
13.6514
-2.20832
-13.4139
-24.158
-34.3701
-51.5696
-87.4254
-94.8834
-94.9906
-94.9873
-94.9744
-94.9473
-94.8945
-94.8014
-94.6571
-94.4619
-94.2278
-93.9707
-93.7047
-93.4395
-93.1804
-92.9299
-92.6891
-92.4578
-92.2357
-92.0221
-91.8165
-91.6182
-91.4267
-91.2413
-91.0618
-90.8875
-90.7182
-90.5533
-90.3927
-90.2358
-90.0825
-89.9324
-89.7853
-89.6409
-89.499
-89.3593
-89.2216
-89.0858
-88.9515
-88.8187
-88.6871
-88.5566
-88.427
-88.298
-88.1696
-88.0416
-87.9138
-87.786
-87.6581
-87.5299
-87.4013
-87.272
-87.1419
-87.0109
-86.8787
-86.7451
-86.6099
-86.473
-86.334
-86.1927
-86.0488
-85.9021
-85.7522
-85.5988
-85.4415
-85.2798
-85.1133
-84.9414
-84.7635
-84.5789
-84.3868
-84.1862
-83.976
-83.755
-83.5215
-83.2738
-83.0095
-82.7258
-82.4192
-82.085
-81.7176
-81.3088
-80.8479
-80.3193
-79.6999
-78.9538
-78.0198
-76.7847
-75.0065
-72.0416
-65.3772
-34.5255
49.1347
49.5118
45.7511
33.6956
13.6212
-2.22872
-13.4318
-24.1778
-34.3847
-51.6044
-87.4622
-94.884
-94.9906
-94.9873
-94.9744
-94.9472
-94.8943
-94.801
-94.6564
-94.4609
-94.2265
-93.9691
-93.703
-93.4376
-93.1783
-92.9278
-92.6869
-92.4556
-92.2335
-92.0199
-91.8143
-91.616
-91.4244
-91.2391
-91.0596
-90.8854
-90.716
-90.5512
-90.3906
-90.2338
-90.0805
-89.9304
-89.7834
-89.639
-89.4972
-89.3575
-89.2199
-89.0841
-88.9499
-88.8171
-88.6856
-88.5551
-88.4256
-88.2967
-88.1683
-88.0404
-87.9126
-87.7849
-87.6571
-87.529
-87.4004
-87.2713
-87.1413
-87.0103
-86.8782
-86.7447
-86.6097
-86.4728
-86.3339
-86.1927
-86.049
-85.9024
-85.7526
-85.5994
-85.4422
-85.2807
-85.1143
-84.9426
-84.7648
-84.5805
-84.3885
-84.1882
-83.9782
-83.7575
-83.5243
-83.277
-83.0131
-82.7298
-82.4237
-82.0902
-81.7235
-81.3156
-80.8559
-80.3288
-79.7115
-78.9682
-78.0386
-76.8107
-75.0463
-72.1155
-65.5816
-35.8935
49.0979
49.5174
45.7829
33.7828
13.7404
-2.14957
-13.3629
-24.1017
-34.3288
-51.4709
-87.3202
-94.8818
-94.9905
-94.9874
-94.9745
-94.9474
-94.8949
-94.8021
-94.6582
-94.4635
-94.2297
-93.9728
-93.7068
-93.4414
-93.182
-92.9313
-92.6902
-92.4586
-92.2362
-92.0224
-91.8165
-91.618
-91.4263
-91.2408
-91.0611
-90.8867
-90.7172
-90.5523
-90.3915
-90.2346
-90.0812
-89.9311
-89.784
-89.6395
-89.4976
-89.3579
-89.2202
-89.0844
-88.9502
-88.8174
-88.6858
-88.5553
-88.4257
-88.2968
-88.1685
-88.0405
-87.9127
-87.785
-87.6572
-87.5291
-87.4006
-87.2714
-87.1415
-87.0105
-86.8784
-86.745
-86.6099
-86.4731
-86.3343
-86.1931
-86.0494
-85.9029
-85.7532
-85.6
-85.4429
-85.2815
-85.1152
-84.9436
-84.7659
-84.5817
-84.3899
-84.1896
-83.9799
-83.7593
-83.5263
-83.2792
-83.0155
-82.7326
-82.4268
-82.0937
-81.7276
-81.3203
-80.8613
-80.3352
-79.7193
-78.9779
-78.0512
-76.8281
-75.0729
-72.1642
-65.7136
-36.7516
49.0608
49.5217
45.8069
33.846
13.8242
-2.09575
-13.3165
-24.0508
-34.2913
-51.3818
-87.2235
-94.8803
-94.9905
-94.9874
-94.9746
-94.9476
-94.8952
-94.8028
-94.6593
-94.4651
-94.2316
-93.975
-93.7091
-93.4436
-93.1842
-92.9333
-92.692
-92.4602
-92.2377
-92.0237
-91.8176
-91.6189
-91.4271
-91.2415
-91.0616
-90.8871
-90.7176
-90.5525
-90.3917
-90.2347
-90.0813
-89.9311
-89.7839
-89.6394
-89.4975
-89.3577
-89.22
-89.0842
-88.9499
-88.8171
-88.6856
-88.5551
-88.4255
-88.2966
-88.1682
-88.0403
-87.9125
-87.7848
-87.657
-87.529
-87.4004
-87.2713
-87.1414
-87.0105
-86.8784
-86.745
-86.61
-86.4732
-86.3344
-86.1934
-86.0497
-85.9033
-85.7536
-85.6005
-85.4435
-85.2821
-85.1159
-84.9444
-84.7669
-84.5827
-84.3911
-84.191
-83.9814
-83.761
-83.5282
-83.2813
-83.0179
-82.7352
-82.4298
-82.0971
-81.7314
-81.3248
-80.8665
-80.3414
-79.7268
-78.9872
-78.0632
-76.8447
-75.0981
-72.21
-65.836
-37.5384
49.0157
49.5263
45.8315
33.9095
13.9067
-2.0432
-13.2715
-24.0014
-34.2548
-51.2951
-87.1288
-94.8788
-94.9905
-94.9874
-94.9747
-94.9478
-94.8955
-94.8034
-94.6604
-94.4666
-94.2334
-93.977
-93.7112
-93.4457
-93.1861
-92.9351
-92.6936
-92.4617
-92.239
-92.0248
-91.8186
-91.6198
-91.4278
-91.2421
-91.0622
-90.8876
-90.718
-90.5529
-90.392
-90.2349
-90.0814
-89.9312
-89.784
-89.6395
-89.4975
-89.3578
-89.2201
-89.0842
-88.9499
-88.8171
-88.6856
-88.5551
-88.4255
-88.2966
-88.1683
-88.0404
-87.9126
-87.785
-87.6572
-87.5292
-87.4007
-87.2716
-87.1417
-87.0109
-86.8789
-86.7455
-86.6106
-86.4739
-86.3351
-86.1941
-86.0506
-85.9042
-85.7547
-85.6016
-85.4447
-85.2835
-85.1174
-84.946
-84.7686
-84.5846
-84.3931
-84.1932
-83.9838
-83.7637
-83.5312
-83.2845
-83.0215
-82.7392
-82.4342
-82.1021
-81.737
-81.3312
-80.8739
-80.3502
-79.7373
-79.0003
-78.08
-76.8677
-75.133
-72.2731
-66.0032
-38.5959
48.9358
49.5332
45.8683
34.0027
14.0257
-1.96868
-13.2081
-23.9321
-34.2034
-51.1729
-86.9928
-94.8767
-94.9905
-94.9875
-94.9748
-94.948
-94.896
-94.8043
-94.6618
-94.4686
-94.236
-93.9799
-93.7142
-93.4487
-93.1891
-92.9379
-92.6962
-92.4641
-92.2412
-92.0268
-91.8205
-91.6215
-91.4294
-91.2435
-91.0635
-90.8888
-90.7191
-90.5539
-90.3929
-90.2358
-90.0823
-89.932
-89.7847
-89.6402
-89.4982
-89.3584
-89.2207
-89.0848
-88.9506
-88.8177
-88.6862
-88.5557
-88.4261
-88.2973
-88.1689
-88.041
-87.9133
-87.7857
-87.658
-87.53
-87.4015
-87.2725
-87.1427
-87.0119
-86.8799
-86.7466
-86.6117
-86.4751
-86.3364
-86.1955
-86.052
-85.9058
-85.7563
-85.6034
-85.4466
-85.2855
-85.1195
-84.9483
-84.7711
-84.5872
-84.3959
-84.1963
-83.9871
-83.7672
-83.535
-83.2887
-83.0261
-82.7443
-82.4398
-82.1083
-81.744
-81.3391
-80.8831
-80.3609
-79.7502
-79.0161
-78.1003
-76.8954
-75.1746
-72.348
-66.2002
-39.8204
48.8095
49.5422
45.9158
34.1213
14.1755
-1.87624
-13.13
-23.8466
-34.1402
-51.0231
-86.8239
-94.874
-94.9905
-94.9875
-94.9749
-94.9483
-94.8966
-94.8054
-94.6636
-94.4712
-94.2392
-93.9834
-93.7179
-93.4525
-93.1927
-92.9414
-92.6995
-92.4672
-92.244
-92.0295
-91.823
-91.6238
-91.4315
-91.2455
-91.0654
-90.8906
-90.7207
-90.5555
-90.3944
-90.2372
-90.0836
-89.9333
-89.786
-89.6414
-89.4994
-89.3596
-89.2219
-89.0859
-88.9517
-88.8189
-88.6873
-88.5568
-88.4273
-88.2984
-88.1701
-88.0422
-87.9146
-87.787
-87.6593
-87.5313
-87.4029
-87.2739
-87.1441
-87.0134
-86.8815
-86.7483
-86.6135
-86.4769
-86.3384
-86.1975
-86.0542
-85.908
-85.7587
-85.6059
-85.4492
-85.2882
-85.1224
-84.9514
-84.7743
-84.5907
-84.3997
-84.2002
-83.9913
-83.7718
-83.5399
-83.2941
-83.0319
-82.7506
-82.4468
-82.1161
-81.7527
-81.3489
-80.8944
-80.374
-79.7658
-79.0353
-78.1249
-76.9289
-75.2249
-72.438
-66.4333
-41.238
48.6047
49.5539
45.977
34.2723
14.3636
-1.76197
-13.0342
-23.7421
-34.0624
-50.84
-86.6123
-94.8705
-94.9904
-94.9876
-94.975
-94.9486
-94.8973
-94.8067
-94.6658
-94.4743
-94.2431
-93.9878
-93.7225
-93.4571
-93.1972
-92.9457
-92.7036
-92.4711
-92.2477
-92.033
-91.8262
-91.6269
-91.4344
-91.2483
-91.068
-90.8931
-90.7231
-90.5578
-90.3966
-90.2394
-90.0857
-89.9353
-89.788
-89.6434
-89.5013
-89.3615
-89.2237
-89.0878
-88.9535
-88.8207
-88.6892
-88.5587
-88.4291
-88.3003
-88.172
-88.0442
-87.9166
-87.789
-87.6614
-87.5335
-87.4051
-87.2762
-87.1465
-87.0158
-86.884
-86.7508
-86.6161
-86.4797
-86.3412
-86.2005
-86.0573
-85.9112
-85.762
-85.6094
-85.4529
-85.2921
-85.1265
-84.9557
-84.7789
-84.5955
-84.4047
-84.2056
-83.9971
-83.7779
-83.5466
-83.3012
-83.0396
-82.7591
-82.4561
-82.1263
-81.7641
-81.3618
-80.9091
-80.3911
-79.7861
-79.0601
-78.1566
-76.9718
-75.2892
-72.5524
-66.725
-42.9661
48.2368
49.5697
46.0598
34.4747
14.6145
-1.61132
-12.9087
-23.6053
-33.96
-50.5997
-86.3273
-94.8658
-94.9904
-94.9877
-94.9752
-94.949
-94.8981
-94.8084
-94.6687
-94.4783
-94.2481
-93.9935
-93.7286
-93.4632
-93.2032
-92.9515
-92.7092
-92.4764
-92.2527
-92.0377
-91.8308
-91.6312
-91.4386
-91.2523
-91.0718
-90.8968
-90.7267
-90.5612
-90.4
-90.2427
-90.0889
-89.9385
-89.7911
-89.6464
-89.5043
-89.3645
-89.2267
-89.0908
-88.9565
-88.8237
-88.6922
-88.5617
-88.4322
-88.3034
-88.1752
-88.0474
-87.9198
-87.7923
-87.6647
-87.5369
-87.4086
-87.2798
-87.1501
-87.0196
-86.8879
-86.7548
-86.6203
-86.4839
-86.3456
-86.205
-86.062
-85.9161
-85.7671
-85.6147
-85.4584
-85.2979
-85.1326
-84.962
-84.7856
-84.6025
-84.4122
-84.2135
-84.0054
-83.7868
-83.5561
-83.3114
-83.0507
-82.771
-82.4692
-82.1407
-81.7801
-81.3798
-80.9295
-80.4148
-79.8143
-79.0945
-78.2002
-77.0309
-75.377
-72.7068
-67.1122
-45.1808
47.4749
49.5925
46.1788
34.7649
14.9733
-1.39847
-12.7329
-23.4138
-33.8149
-50.2609
-85.9113
-94.8587
-94.9903
-94.9878
-94.9755
-94.9496
-94.8994
-94.8108
-94.6726
-94.484
-94.2551
-94.0014
-93.7369
-93.4717
-93.2116
-92.9596
-92.717
-92.4838
-92.2599
-92.0445
-91.8373
-91.6375
-91.4446
-91.2581
-91.0775
-90.9022
-90.732
-90.5664
-90.4051
-90.2476
-90.0938
-89.9433
-89.7958
-89.6511
-89.509
-89.3691
-89.2313
-89.0954
-88.9611
-88.8283
-88.6968
-88.5664
-88.4369
-88.3081
-88.1799
-88.0522
-87.9247
-87.7973
-87.6697
-87.542
-87.4138
-87.2851
-87.1556
-87.0251
-86.8936
-86.7607
-86.6263
-86.4901
-86.352
-86.2116
-86.0687
-85.9231
-85.7743
-85.6222
-85.4662
-85.3059
-85.141
-84.9708
-84.7948
-84.6122
-84.4223
-84.2242
-84.0168
-83.7988
-83.5689
-83.3252
-83.0654
-82.787
-82.4866
-82.1598
-81.8013
-81.4035
-80.9565
-80.446
-79.851
-79.1392
-78.257
-77.1071
-75.4894
-72.9026
-67.592
-47.7942
45.8677
49.6241
46.3447
35.1691
15.4746
-1.10524
-12.4932
-23.1526
-33.6139
-49.7946
-85.3091
-94.848
-94.9901
-94.9879
-94.9758
-94.9503
-94.901
-94.814
-94.6779
-94.4914
-94.2642
-94.0116
-93.7477
-93.4825
-93.2222
-92.97
-92.727
-92.4934
-92.2691
-92.0534
-91.8458
-91.6457
-91.4525
-91.2658
-91.0849
-90.9094
-90.739
-90.5732
-90.4117
-90.2542
-90.1002
-89.9496
-89.802
-89.6573
-89.515
-89.3751
-89.2373
-89.1013
-88.967
-88.8342
-88.7026
-88.5722
-88.4427
-88.314
-88.1858
-88.0581
-87.9307
-87.8033
-87.6758
-87.5482
-87.4201
-87.2914
-87.162
-87.0317
-86.9002
-86.7675
-86.6332
-86.4972
-86.3592
-86.219
-86.0763
-85.9309
-85.7824
-85.6305
-85.4748
-85.3148
-85.1502
-84.9804
-84.8047
-84.6226
-84.4332
-84.2356
-84.0288
-83.8116
-83.5825
-83.3396
-83.0809
-82.8037
-82.5047
-82.1797
-81.8232
-81.428
-80.9841
-80.4778
-79.8884
-79.1846
-78.3142
-77.1836
-75.6014
-73.0951
-68.0506
-50.1524
43.2852
49.661
46.5402
35.6471
16.0712
-0.761085
-12.2153
-22.8501
-33.3767
-49.2488
-84.5594
-94.834
-94.9899
-94.988
-94.9762
-94.9512
-94.9029
-94.8174
-94.6834
-94.4989
-94.2734
-94.0218
-93.7584
-93.4933
-93.2328
-92.9802
-92.7369
-92.5029
-92.2782
-92.0622
-91.8543
-91.6539
-91.4605
-91.2735
-91.0924
-90.9167
-90.7461
-90.5802
-90.4185
-90.2608
-90.1068
-89.956
-89.8084
-89.6635
-89.5212
-89.3812
-89.2433
-89.1073
-88.973
-88.8401
-88.7086
-88.5782
-88.4487
-88.3199
-88.1918
-88.0641
-87.9367
-87.8093
-87.6819
-87.5543
-87.4263
-87.2977
-87.1684
-87.0381
-86.9068
-86.7741
-86.64
-86.5041
-86.3663
-86.2262
-86.0838
-85.9385
-85.7902
-85.6385
-85.483
-85.3234
-85.1591
-84.9895
-84.8143
-84.6325
-84.4436
-84.2465
-84.0403
-83.8237
-83.5952
-83.3531
-83.0954
-82.8193
-82.5216
-82.198
-81.8434
-81.4505
-81.0095
-80.5069
-79.9226
-79.2259
-78.366
-77.2524
-75.7017
-73.2653
-68.4459
-52.0771
39.9047
49.7039
46.7719
36.2184
16.7918
-0.350693
-11.8885
-22.4943
-33.0913
-48.599
-83.606
-94.8149
-94.9896
-94.9882
-94.9766
-94.9521
-94.9047
-94.8209
-94.6888
-94.5062
-94.2822
-94.0314
-93.7683
-93.5032
-93.2425
-92.9897
-92.746
-92.5118
-92.2868
-92.0705
-91.8624
-91.6618
-91.4681
-91.2809
-91.0997
-90.9239
-90.7532
-90.5871
-90.4254
-90.2676
-90.1134
-89.9627
-89.815
-89.6701
-89.5277
-89.3877
-89.2498
-89.1138
-88.9795
-88.8467
-88.7152
-88.5848
-88.4553
-88.3267
-88.1986
-88.071
-87.9436
-87.8164
-87.6891
-87.5616
-87.4337
-87.3052
-87.176
-87.0459
-86.9147
-86.7823
-86.6483
-86.5126
-86.375
-86.2352
-86.093
-85.948
-85.8
-85.6486
-85.4935
-85.3342
-85.1703
-85.0012
-84.8264
-84.6452
-84.4569
-84.2604
-84.055
-83.8392
-83.6117
-83.3707
-83.1141
-82.8394
-82.5434
-82.222
-81.8697
-81.4799
-81.0427
-80.545
-79.9673
-79.2797
-78.4335
-77.3421
-75.8312
-73.4832
-68.9403
-54.3473
33.7649
49.7841
47.2346
37.392
18.3154
0.510781
-11.2171
-21.7636
-32.484
-47.2434
-81.4057
-94.7654
-94.9886
-94.9885
-94.9774
-94.9538
-94.9081
-94.8266
-94.6975
-94.5176
-94.2954
-94.0457
-93.7829
-93.5177
-93.2568
-93.0036
-92.7595
-92.5249
-92.2996
-92.083
-91.8746
-91.6738
-91.48
-91.2926
-91.1112
-90.9353
-90.7646
-90.5984
-90.4367
-90.2789
-90.1247
-89.974
-89.8263
-89.6815
-89.5392
-89.3993
-89.2615
-89.1256
-88.9915
-88.8588
-88.7274
-88.5972
-88.468
-88.3395
-88.2117
-88.0843
-87.9572
-87.8302
-87.7032
-87.576
-87.4484
-87.3203
-87.1914
-87.0617
-86.9309
-86.7989
-86.6654
-86.5302
-86.3931
-86.2538
-86.1122
-85.9678
-85.8205
-85.6699
-85.5155
-85.3571
-85.1941
-85.0261
-84.8524
-84.6724
-84.4854
-84.2905
-84.0867
-83.8727
-83.6473
-83.4087
-83.1549
-82.8834
-82.5912
-82.2742
-81.9274
-81.5441
-81.1154
-80.6285
-80.0653
-79.3978
-78.5812
-77.5368
-76.1104
-73.9435
-69.9399
-58.4735
14.4887
49.9723
48.9211
42.5248
26.1763
5.51706
-7.61973
-18.2444
-29.2546
-40.693
-67.2638
-94.0125
-94.9759
-94.9896
-94.9812
-94.9615
-94.9224
-94.8503
-94.7316
-94.5606
-94.344
-94.0967
-93.8339
-93.5677
-93.3052
-93.0505
-92.8051
-92.5694
-92.3432
-92.1259
-91.917
-91.7158
-91.5218
-91.3343
-91.1529
-90.9771
-90.8065
-90.6406
-90.4792
-90.3218
-90.1681
-90.0179
-89.8708
-89.7266
-89.585
-89.4459
-89.3089
-89.1738
-89.0406
-88.9089
-88.7785
-88.6494
-88.5213
-88.394
-88.2674
-88.1413
-88.0155
-87.89
-87.7645
-87.6388
-87.5129
-87.3865
-87.2595
-87.1317
-87.0029
-86.873
-86.7418
-86.6089
-86.4744
-86.3378
-86.199
-86.0577
-85.9136
-85.7665
-85.6159
-85.4615
-85.3029
-85.1396
-84.9711
-84.7968
-84.616
-84.428
-84.2318
-84.0264
-83.8107
-83.5831
-83.3418
-83.0848
-82.8095
-82.5125
-82.1896
-81.8355
-81.4432
-81.0026
-80.5002
-79.9158
-79.2187
-78.3577
-77.2415
-75.6852
-73.2349
-68.3684
-51.6742
40.7432
49.6934
46.7152
36.0789
16.6165
-0.448971
-11.966
-22.5787
-33.1595
-48.7535
-83.839
-94.8197
-94.9896
-94.9882
-94.9765
-94.9519
-94.9043
-94.82
-94.6875
-94.5045
-94.2802
-94.0294
-93.7664
-93.5016
-93.2413
-92.9889
-92.7456
-92.5119
-92.2873
-92.0715
-91.8639
-91.6637
-91.4706
-91.2839
-91.1031
-90.9278
-90.7576
-90.592
-90.4308
-90.2735
-90.1199
-89.9696
-89.8224
-89.6781
-89.5363
-89.3968
-89.2595
-89.124
-88.9903
-88.858
-88.7271
-88.5973
-88.4684
-88.3404
-88.2129
-88.0859
-87.9592
-87.8327
-87.7061
-87.5793
-87.4521
-87.3244
-87.196
-87.0668
-86.9364
-86.8048
-86.6718
-86.5371
-86.4005
-86.2617
-86.1206
-85.9768
-85.8301
-85.6801
-85.5264
-85.3687
-85.2064
-85.0391
-84.8663
-84.6872
-84.5012
-84.3073
-84.1047
-83.892
-83.6681
-83.4311
-83.1792
-82.9098
-82.62
-82.3059
-81.9626
-81.5836
-81.1601
-80.68
-80.1256
-79.4704
-78.6718
-77.6555
-76.2783
-74.2139
-70.4982
-60.5149
1.04132
49.9839
49.4837
45.006
31.1674
9.94198
-4.81001
-15.7607
-26.7327
-36.3082
-56.3044
-91.0807
-94.9341
-94.99
-94.9844
-94.9682
-94.9348
-94.8712
-94.7623
-94.5999
-94.3888
-94.1436
-93.8807
-93.6131
-93.3489
-93.0925
-92.8456
-92.6086
-92.3814
-92.1633
-91.9538
-91.7521
-91.5577
-91.37
-91.1884
-91.0125
-90.8419
-90.6761
-90.5148
-90.3576
-90.2042
-90.0543
-89.9076
-89.7638
-89.6227
-89.4841
-89.3476
-89.2132
-89.0806
-88.9496
-88.82
-88.6916
-88.5644
-88.438
-88.3123
-88.1872
-88.0625
-87.938
-87.8137
-87.6892
-87.5646
-87.4395
-87.3139
-87.1876
-87.0604
-86.9321
-86.8026
-86.6716
-86.539
-86.4045
-86.2679
-86.1289
-85.9873
-85.8429
-85.6952
-85.5439
-85.3886
-85.229
-85.0644
-84.8944
-84.7184
-84.5356
-84.3452
-84.1463
-83.9378
-83.7183
-83.4863
-83.2399
-82.9769
-82.6943
-82.3886
-82.0552
-81.6882
-81.2795
-80.818
-80.2879
-79.6658
-78.9148
-77.9718
-76.7198
-74.9054
-71.8446
-64.7814
-30.1624
49.0971
49.5065
45.7076
33.5397
13.3667
-2.41489
-13.5997
-24.3653
-34.5239
-51.9402
-87.8082
-94.8891
-94.9905
-94.9871
-94.9739
-94.9461
-94.892
-94.7966
-94.649
-94.4504
-94.2132
-93.9539
-93.6866
-93.4207
-93.1615
-92.9114
-92.6711
-92.4406
-92.2193
-92.0067
-91.8021
-91.6048
-91.4144
-91.2302
-91.0519
-90.8788
-90.7107
-90.5472
-90.3878
-90.2323
-90.0804
-89.9317
-89.7861
-89.6431
-89.5027
-89.3646
-89.2285
-89.0942
-88.9616
-88.8304
-88.7005
-88.5717
-88.4438
-88.3167
-88.1901
-88.064
-87.9381
-87.8123
-87.6864
-87.5604
-87.4339
-87.3069
-87.1791
-87.0505
-86.9208
-86.7898
-86.6573
-86.5231
-86.3871
-86.2489
-86.1083
-85.965
-85.8188
-85.6692
-85.516
-85.3588
-85.1969
-85.0301
-84.8577
-84.6791
-84.4935
-84.3001
-84.0979
-83.8857
-83.6622
-83.4256
-83.1742
-82.9053
-82.6159
-82.3024
-81.9596
-81.5811
-81.1583
-80.6789
-80.1254
-79.4713
-78.6742
-77.6602
-76.2868
-74.2305
-70.5389
-60.6892
-0.254085
49.9829
49.5098
45.1518
31.5075
10.3047
-4.58788
-15.5677
-26.5293
-35.9974
-55.5436
-90.6449
-94.9279
-94.99
-94.9847
-94.9688
-94.9359
-94.8731
-94.7652
-94.6038
-94.3933
-94.1484
-93.8856
-93.618
-93.3537
-93.0972
-92.8502
-92.6132
-92.386
-92.168
-91.9585
-91.7569
-91.5625
-91.3749
-91.1935
-91.0177
-90.8472
-90.6816
-90.5204
-90.3634
-90.2102
-90.0604
-89.9139
-89.7703
-89.6295
-89.491
-89.3548
-89.2206
-89.0883
-88.9575
-88.8282
-88.7001
-88.5731
-88.447
-88.3216
-88.1968
-88.0724
-87.9483
-87.8243
-87.7002
-87.5759
-87.4512
-87.3261
-87.2001
-87.0734
-86.9456
-86.8165
-86.6861
-86.554
-86.42
-86.2841
-86.1457
-86.0049
-85.8611
-85.7142
-85.5637
-85.4093
-85.2506
-85.0871
-84.9183
-84.7435
-84.562
-84.3732
-84.1759
-83.9692
-83.7518
-83.5222
-83.2786
-83.0186
-82.7397
-82.4383
-82.11
-81.7493
-81.3483
-80.8966
-80.3796
-79.7751
-79.049
-78.1442
-76.9559
-75.2644
-72.5029
-66.5789
-41.9941
48.4603
49.5609
46.0149
34.3676
14.4855
-1.68672
-12.9709
-23.6729
-34.0105
-50.7183
-86.4696
-94.8682
-94.9904
-94.9876
-94.9751
-94.9487
-94.8975
-94.8072
-94.6666
-94.4754
-94.2444
-93.9893
-93.7243
-93.4591
-93.1995
-92.9483
-92.7066
-92.4745
-92.2516
-92.0374
-91.8313
-91.6326
-91.4408
-91.2554
-91.0758
-90.9017
-90.7326
-90.568
-90.4078
-90.2514
-90.0987
-89.9493
-89.8029
-89.6593
-89.5182
-89.3794
-89.2428
-89.108
-88.9748
-88.8432
-88.7128
-88.5836
-88.4553
-88.3277
-88.2008
-88.0743
-87.9481
-87.822
-87.6959
-87.5695
-87.4428
-87.3155
-87.1876
-87.0587
-86.9288
-86.7976
-86.6649
-86.5306
-86.3944
-86.2561
-86.1154
-85.972
-85.8257
-85.676
-85.5227
-85.3654
-85.2036
-85.0368
-84.8644
-84.6858
-84.5002
-84.3069
-84.1048
-83.8927
-83.6694
-83.4331
-83.1819
-82.9134
-82.6245
-82.3115
-81.9695
-81.5919
-81.1703
-80.6924
-80.141
-79.4899
-78.697
-77.6898
-76.3283
-74.2962
-70.6704
-61.1345
-3.44925
49.9793
49.5614
45.4606
32.2571
11.1431
-4.07481
-15.1225
-26.0566
-35.6766
-54.7587
-90.1386
-94.9207
-94.99
-94.985
-94.9696
-94.9374
-94.8756
-94.7692
-94.6091
-94.3997
-94.1553
-93.8926
-93.6248
-93.3603
-93.1034
-92.8561
-92.6189
-92.3913
-92.1731
-91.9633
-91.7615
-91.567
-91.3792
-91.1976
-91.0217
-90.8511
-90.6854
-90.5241
-90.367
-90.2137
-90.0639
-89.9173
-89.7737
-89.6328
-89.4943
-89.3581
-89.2239
-89.0915
-88.9608
-88.8314
-88.7034
-88.5764
-88.4503
-88.325
-88.2002
-88.0759
-87.9518
-87.8279
-87.7038
-87.5796
-87.455
-87.3299
-87.2041
-87.0775
-86.9498
-86.8209
-86.6905
-86.5586
-86.4248
-86.289
-86.1508
-86.0101
-85.8666
-85.7199
-85.5696
-85.4155
-85.2571
-85.0939
-84.9254
-84.751
-84.5699
-84.3815
-84.1847
-83.9786
-83.7619
-83.533
-83.2901
-83.0312
-82.7533
-82.4532
-82.1265
-81.7676
-81.3689
-80.9203
-80.4071
-79.8078
-79.0891
-78.1954
-77.0255
-75.3687
-72.6881
-67.0502
-44.7486
47.6572
49.588
46.1567
34.7135
14.9133
-1.43205
-12.76
-23.4431
-33.8369
-50.3122
-85.9759
-94.8599
-94.9903
-94.9877
-94.9754
-94.9494
-94.899
-94.8102
-94.6715
-94.4823
-94.2531
-93.9992
-93.7347
-93.4697
-93.2099
-92.9585
-92.7164
-92.4839
-92.2606
-92.046
-91.8396
-91.6406
-91.4485
-91.2628
-91.083
-90.9087
-90.7393
-90.5746
-90.4142
-90.2578
-90.1049
-89.9554
-89.8089
-89.6653
-89.5242
-89.3854
-89.2487
-89.1138
-88.9807
-88.8491
-88.7187
-88.5895
-88.4612
-88.3338
-88.2069
-88.0805
-87.9543
-87.8283
-87.7023
-87.576
-87.4494
-87.3223
-87.1944
-87.0657
-86.9359
-86.8049
-86.6725
-86.5384
-86.4024
-86.2643
-86.1238
-85.9807
-85.8347
-85.6854
-85.5325
-85.3755
-85.2141
-85.0477
-84.8759
-84.6978
-84.5128
-84.3202
-84.1189
-83.9077
-83.6853
-83.4501
-83.2001
-82.9331
-82.6459
-82.3349
-81.9953
-81.6207
-81.2028
-80.7297
-80.1845
-79.542
-78.7616
-77.7738
-76.4458
-74.4817
-71.0375
-62.3442
-12.3711
49.9458
49.613
45.8964
33.4871
12.7352
-3.05351
-14.2264
-25.0848
-35.0574
-53.2464
-88.9959
-94.9048
-94.9902
-94.9859
-94.9713
-94.9409
-94.882
-94.7794
-94.6233
-94.417
-94.1744
-93.9124
-93.6445
-93.3794
-93.1218
-92.8737
-92.6356
-92.4074
-92.1884
-91.978
-91.7755
-91.5805
-91.3921
-91.21
-91.0337
-90.8626
-90.6965
-90.5348
-90.3773
-90.2237
-90.0736
-89.9267
-89.7828
-89.6416
-89.503
-89.3665
-89.2321
-89.0995
-88.9686
-88.8391
-88.7109
-88.5838
-88.4576
-88.3322
-88.2073
-88.0829
-87.9587
-87.8347
-87.7107
-87.5864
-87.4618
-87.3367
-87.2109
-87.0842
-86.9565
-86.8276
-86.6973
-86.5655
-86.4318
-86.296
-86.158
-86.0174
-85.874
-85.7274
-85.5774
-85.4234
-85.2652
-85.1023
-84.9341
-84.7599
-84.5793
-84.3912
-84.1949
-83.9893
-83.7732
-83.545
-83.3029
-83.0449
-82.7682
-82.4694
-82.1442
-81.7872
-81.3909
-80.9454
-80.4361
-79.8422
-79.1312
-78.2491
-77.0983
-75.4769
-72.8789
-67.5255
-47.3978
46.1862
49.6189
46.319
35.109
15.4037
-1.14437
-12.5244
-23.1864
-33.6398
-49.8543
-85.3884
-94.8495
-94.9902
-94.9879
-94.9757
-94.9502
-94.9007
-94.8133
-94.6768
-94.4898
-94.2623
-94.0095
-93.7456
-93.4807
-93.2208
-92.969
-92.7265
-92.4936
-92.2699
-92.055
-91.8481
-91.6488
-91.4564
-91.2704
-91.0904
-90.9158
-90.7463
-90.5814
-90.4208
-90.2642
-90.1112
-89.9616
-89.815
-89.6712
-89.53
-89.3911
-89.2544
-89.1195
-88.9863
-88.8547
-88.7243
-88.5951
-88.4668
-88.3393
-88.2125
-88.0861
-87.96
-87.834
-87.708
-87.5818
-87.4553
-87.3282
-87.2005
-87.0719
-86.9422
-86.8113
-86.679
-86.5451
-86.4092
-86.2713
-86.131
-85.9881
-85.8423
-85.6933
-85.5406
-85.384
-85.2229
-85.0568
-84.8853
-84.7077
-84.5232
-84.3311
-84.1304
-83.9199
-83.6982
-83.4639
-83.215
-82.949
-82.6632
-82.3538
-82.0161
-81.6439
-81.2289
-80.7596
-80.2194
-79.5837
-78.8132
-77.8408
-76.5391
-74.6279
-71.322
-63.2407
-19.0464
49.8142
49.567
45.8165
33.5168
13.0159
-2.77574
-13.9546
-24.7736
-34.8316
-52.6917
-88.5183
-94.8986
-94.9903
-94.9864
-94.9724
-94.9431
-94.8862
-94.7863
-94.6333
-94.4294
-94.1884
-93.9269
-93.6588
-93.3931
-93.1347
-92.8857
-92.6466
-92.4174
-92.1974
-91.9861
-91.7827
-91.5868
-91.3976
-91.2146
-91.0374
-90.8655
-90.6986
-90.5361
-90.3779
-90.2234
-90.0726
-89.925
-89.7803
-89.6384
-89.499
-89.3618
-89.2267
-89.0935
-88.9618
-88.8317
-88.7027
-88.5749
-88.448
-88.3219
-88.1963
-88.0712
-87.9463
-87.8215
-87.6967
-87.5717
-87.4463
-87.3204
-87.1938
-87.0663
-86.9378
-86.808
-86.6768
-86.5439
-86.4093
-86.2725
-86.1334
-85.9916
-85.847
-85.6992
-85.5478
-85.3925
-85.2327
-85.0682
-84.8981
-84.7221
-84.5393
-84.349
-84.1502
-83.9418
-83.7225
-83.4907
-83.2446
-82.9819
-82.6998
-82.3947
-82.062
-81.6959
-81.2884
-80.8285
-80.3006
-79.6815
-78.9348
-77.9987
-76.7583
-74.9672
-71.9653
-65.141
-32.7532
49.1429
49.5076
45.7251
33.6176
13.5068
-2.30759
-13.5016
-24.2553
-34.4421
-51.7425
-87.6072
-94.8862
-94.9905
-94.9872
-94.9741
-94.9466
-94.8931
-94.7988
-94.6526
-94.4553
-94.2191
-93.9604
-93.6932
-93.4272
-93.1676
-92.917
-92.6762
-92.4451
-92.2232
-92.0101
-91.8049
-91.6072
-91.4163
-91.2317
-91.0529
-90.8795
-90.711
-90.5471
-90.3874
-90.2316
-90.0794
-89.9304
-89.7845
-89.6413
-89.5006
-89.3622
-89.2259
-89.0914
-88.9586
-88.8272
-88.6971
-88.5681
-88.44
-88.3127
-88.1859
-88.0596
-87.9336
-87.8076
-87.6816
-87.5554
-87.4288
-87.3016
-87.1737
-87.0449
-86.915
-86.7839
-86.6512
-86.5169
-86.3807
-86.2424
-86.1016
-85.9582
-85.8118
-85.662
-85.5086
-85.3511
-85.1891
-85.0221
-84.8494
-84.6705
-84.4846
-84.2909
-84.0883
-83.8758
-83.6518
-83.4148
-83.1628
-82.8932
-82.6031
-82.2887
-81.9448
-81.5651
-81.1406
-80.6592
-80.1029
-79.445
-78.6423
-77.6196
-76.2311
-74.1436
-70.3667
-60.0992
3.87151
49.9849
49.4131
44.6348
30.3326
9.09116
-5.33286
-16.2163
-27.2087
-37.0918
-58.2419
-91.9925
-94.9469
-94.99
-94.9837
-94.9669
-94.9323
-94.8668
-94.7558
-94.5914
-94.379
-94.1332
-93.8702
-93.6028
-93.339
-93.0829
-92.8364
-92.5997
-92.3728
-92.1549
-91.9456
-91.7441
-91.5499
-91.3624
-91.181
-91.0053
-90.8348
-90.6692
-90.5081
-90.351
-90.1978
-90.048
-89.9015
-89.7579
-89.617
-89.4785
-89.3422
-89.208
-89.0755
-88.9447
-88.8153
-88.6871
-88.56
-88.4338
-88.3083
-88.1833
-88.0588
-87.9346
-87.8104
-87.6861
-87.5617
-87.4368
-87.3114
-87.1853
-87.0583
-86.9303
-86.801
-86.6703
-86.5379
-86.4036
-86.2673
-86.1287
-85.9874
-85.8432
-85.6958
-85.5449
-85.39
-85.2307
-85.0666
-84.8971
-84.7215
-84.5392
-84.3494
-84.1511
-83.9433
-83.7245
-83.4934
-83.248
-82.986
-82.7047
-82.4005
-82.0689
-81.704
-81.2978
-80.8396
-80.314
-79.6977
-78.955
-78.0249
-76.7942
-75.0218
-72.0654
-65.4165
-34.6082
49.1285
49.5124
45.756
33.7108
13.6438
-2.21292
-13.4179
-24.1625
-34.3734
-51.5776
-87.4341
-94.8836
-94.9905
-94.9873
-94.9743
-94.947
-94.894
-94.8004
-94.6552
-94.459
-94.2238
-93.9657
-93.6989
-93.433
-93.1735
-92.9228
-92.6819
-92.4506
-92.2287
-92.0154
-91.8101
-91.6123
-91.4213
-91.2367
-91.0578
-90.8843
-90.7158
-90.5519
-90.3922
-90.2364
-90.0841
-89.9352
-89.7893
-89.6461
-89.5055
-89.3671
-89.2308
-89.0963
-88.9636
-88.8323
-88.7022
-88.5733
-88.4453
-88.318
-88.1914
-88.0652
-87.9392
-87.8134
-87.6875
-87.5614
-87.4349
-87.3079
-87.1801
-87.0515
-86.9218
-86.7908
-86.6583
-86.5242
-86.3882
-86.2501
-86.1096
-85.9664
-85.8203
-85.6709
-85.5178
-85.3606
-85.199
-85.0324
-84.8602
-84.6818
-84.4964
-84.3033
-84.1015
-83.8896
-83.6665
-83.4305
-83.1796
-82.9113
-82.6228
-82.3101
-81.9685
-81.5914
-81.1702
-80.693
-80.1424
-79.4923
-78.701
-77.6961
-76.3387
-74.315
-70.7133
-61.3008
-4.7149
49.9772
49.5774
45.5638
32.5177
11.4477
-3.88786
-14.9605
-25.8834
-35.5726
-54.5038
-89.9616
-94.9182
-94.9901
-94.9851
-94.9698
-94.9379
-94.8766
-94.7706
-94.6111
-94.4021
-94.1579
-93.8953
-93.6274
-93.3628
-93.1058
-92.8584
-92.621
-92.3934
-92.1751
-91.9653
-91.7635
-91.569
-91.3812
-91.1996
-91.0237
-90.8532
-90.6875
-90.5263
-90.3692
-90.216
-90.0663
-89.9198
-89.7763
-89.6354
-89.4971
-89.361
-89.227
-89.0947
-88.9641
-88.835
-88.7071
-88.5802
-88.4543
-88.3292
-88.2046
-88.0805
-87.9567
-87.8329
-87.7091
-87.5852
-87.4609
-87.336
-87.2105
-87.0841
-86.9568
-86.8282
-86.6982
-86.5666
-86.4332
-86.2978
-86.1601
-86.0199
-85.8768
-85.7306
-85.581
-85.4275
-85.2697
-85.1072
-84.9394
-84.7658
-84.5857
-84.3983
-84.2027
-83.9978
-83.7824
-83.5551
-83.3141
-83.0571
-82.7817
-82.4844
-82.161
-81.8062
-81.4125
-80.9701
-80.4651
-79.8768
-79.1737
-78.3035
-77.1718
-75.5861
-73.0694
-67.9878
-49.8414
43.73
49.6553
46.5112
35.5785
15.9888
-0.806294
-12.2509
-22.8886
-33.4069
-49.3178
-84.658
-94.836
-94.9899
-94.988
-94.9761
-94.951
-94.9025
-94.8168
-94.6823
-94.4974
-94.2716
-94.02
-93.7566
-93.4918
-93.2317
-92.9797
-92.7369
-92.5037
-92.2797
-92.0644
-91.8573
-91.6577
-91.4652
-91.279
-91.0988
-90.9241
-90.7544
-90.5895
-90.4288
-90.2721
-90.1191
-89.9695
-89.8229
-89.6791
-89.538
-89.3991
-89.2624
-89.1276
-88.9945
-88.8629
-88.7326
-88.6035
-88.4754
-88.348
-88.2213
-88.0951
-87.9691
-87.8433
-87.7175
-87.5916
-87.4652
-87.3384
-87.2109
-87.0826
-86.9532
-86.8226
-86.6906
-86.557
-86.4216
-86.284
-86.1442
-86.0018
-85.8565
-85.7079
-85.5558
-85.3998
-85.2394
-85.0741
-84.9034
-84.7266
-84.5431
-84.3521
-84.1525
-83.9433
-83.7232
-83.4905
-83.2436
-82.9799
-82.6967
-82.3904
-82.0564
-81.6888
-81.2794
-80.8173
-80.2867
-79.664
-78.9123
-77.9687
-76.7162
-74.9014
-71.841
-64.7838
-30.2428
49.1
49.5064
45.708
33.5423
13.3722
-2.41047
-13.5956
-24.3607
-34.5205
-51.9321
-87.8001
-94.889
-94.9905
-94.9871
-94.9739
-94.946
-94.892
-94.7966
-94.649
-94.4502
-94.2128
-93.9532
-93.6856
-93.4193
-93.1597
-92.9092
-92.6685
-92.4375
-92.2158
-92.0028
-91.7978
-91.6002
-91.4094
-91.2249
-91.0462
-90.8729
-90.7045
-90.5406
-90.381
-90.2252
-90.073
-89.9241
-89.7782
-89.635
-89.4943
-89.3559
-89.2196
-89.0851
-88.9523
-88.8209
-88.6907
-88.5617
-88.4336
-88.3062
-88.1794
-88.0531
-87.927
-87.801
-87.6749
-87.5486
-87.4219
-87.2946
-87.1666
-87.0377
-86.9077
-86.7764
-86.6437
-86.5092
-86.3729
-86.2343
-86.0934
-85.9498
-85.8032
-85.6532
-85.4995
-85.3418
-85.1795
-85.0121
-84.8391
-84.6598
-84.4734
-84.2792
-84.0761
-83.8629
-83.6382
-83.4004
-83.1474
-82.8767
-82.5853
-82.2693
-81.9236
-81.5414
-81.114
-80.6287
-80.0674
-79.4023
-78.5892
-77.55
-76.1324
-73.9841
-70.0353
-58.8802
11.9551
49.9789
49.0775
43.1349
27.2976
6.39102
-7.04223
-17.7255
-28.743
-39.7541
-64.9233
-93.7089
-94.9713
-94.9897
-94.9818
-94.9628
-94.9247
-94.8541
-94.7371
-94.5675
-94.3517
-94.1045
-93.8416
-93.575
-93.3122
-93.0571
-92.8114
-92.5755
-92.3492
-92.1318
-91.9229
-91.7218
-91.5278
-91.3404
-91.1592
-90.9836
-90.8132
-90.6476
-90.4864
-90.3293
-90.176
-90.0261
-89.8794
-89.7357
-89.5945
-89.4558
-89.3193
-89.1848
-89.0521
-88.9209
-88.7911
-88.6626
-88.5351
-88.4084
-88.2825
-88.1571
-88.0321
-87.9073
-87.7826
-87.6577
-87.5326
-87.4071
-87.2811
-87.1542
-87.0265
-86.8976
-86.7674
-86.6358
-86.5024
-86.3672
-86.2297
-86.0899
-85.9474
-85.8019
-85.6531
-85.5005
-85.344
-85.1829
-85.0167
-84.845
-84.6671
-84.4821
-84.2894
-84.0879
-83.8763
-83.6535
-83.4177
-83.1669
-82.8987
-82.6101
-82.2972
-81.9552
-81.5776
-81.1556
-80.6771
-80.1246
-79.4717
-78.6759
-77.6636
-76.2925
-74.2399
-70.5561
-60.7349
-0.550511
49.9826
49.5154
45.1841
31.5845
10.3887
-4.53635
-15.5229
-26.482
-35.9258
-55.3693
-90.5385
-94.9264
-94.99
-94.9847
-94.9689
-94.9362
-94.8734
-94.7657
-94.6044
-94.394
-94.1491
-93.8863
-93.6186
-93.3543
-93.0977
-92.8508
-92.6139
-92.3867
-92.1688
-91.9594
-91.7579
-91.5638
-91.3763
-91.1951
-91.0196
-90.8493
-90.6839
-90.523
-90.3663
-90.2133
-90.0639
-89.9177
-89.7745
-89.6339
-89.4958
-89.36
-89.2262
-89.0942
-88.9638
-88.8349
-88.7073
-88.5807
-88.455
-88.3301
-88.2058
-88.0819
-87.9583
-87.8348
-87.7113
-87.5876
-87.4635
-87.3389
-87.2136
-87.0875
-86.9604
-86.8321
-86.7024
-86.5711
-86.438
-86.3029
-86.1655
-86.0256
-85.8829
-85.737
-85.5877
-85.4346
-85.2773
-85.1152
-84.948
-84.7749
-84.5953
-84.4085
-84.2135
-84.0094
-83.7948
-83.5684
-83.3284
-83.0726
-82.7985
-82.5028
-82.1813
-81.8286
-81.4376
-80.9986
-80.4979
-79.9155
-79.2205
-78.3623
-77.2499
-75.6996
-73.2614
-68.4319
-51.9917
40.1117
49.7014
46.7597
36.1909
16.7606
-0.366141
-11.9
-22.5066
-33.1009
-48.6207
-83.6398
-94.8157
-94.9896
-94.9882
-94.9766
-94.952
-94.9046
-94.8206
-94.6883
-94.5056
-94.2815
-94.0308
-93.7679
-93.5032
-93.243
-92.9907
-92.7476
-92.5141
-92.2898
-92.0743
-91.8669
-91.6671
-91.4744
-91.288
-91.1077
-90.9329
-90.7631
-90.5981
-90.4373
-90.2806
-90.1275
-89.9779
-89.8313
-89.6875
-89.5463
-89.4075
-89.2709
-89.1361
-89.003
-88.8715
-88.7413
-88.6123
-88.4843
-88.357
-88.2304
-88.1043
-87.9785
-87.8529
-87.7272
-87.6014
-87.4753
-87.3487
-87.2214
-87.0933
-86.9641
-86.8338
-86.7021
-86.5688
-86.4336
-86.2964
-86.157
-86.0149
-85.87
-85.7219
-85.5703
-85.4148
-85.2549
-85.0903
-84.9203
-84.7442
-84.5616
-84.3714
-84.1729
-83.9648
-83.7459
-83.5148
-83.2694
-83.0077
-82.7267
-82.4231
-82.0922
-81.7285
-81.3239
-80.8679
-80.3452
-79.7334
-78.997
-78.0769
-76.8635
-75.1245
-72.2497
-65.9082
-37.7727
48.9954
49.5282
45.8432
33.9423
13.9522
-2.01293
-13.2453
-23.9726
-34.2333
-51.244
-87.0729
-94.878
-94.9905
-94.9874
-94.9746
-94.9477
-94.8954
-94.8031
-94.6598
-94.4656
-94.232
-93.9751
-93.7089
-93.4431
-93.1832
-92.9321
-92.6905
-92.4586
-92.2359
-92.0219
-91.816
-91.6175
-91.4258
-91.2405
-91.0611
-90.887
-90.718
-90.5535
-90.3933
-90.2369
-90.0842
-89.9348
-89.7884
-89.6448
-89.5037
-89.3649
-89.2282
-89.0933
-88.9601
-88.8284
-88.6979
-88.5686
-88.4402
-88.3125
-88.1855
-88.0589
-87.9325
-87.8063
-87.68
-87.5534
-87.4265
-87.2991
-87.1709
-87.0418
-86.9116
-86.7802
-86.6472
-86.5126
-86.3761
-86.2374
-86.0963
-85.9526
-85.8058
-85.6557
-85.5019
-85.344
-85.1816
-85.014
-84.8409
-84.6615
-84.475
-84.2807
-84.0774
-83.8641
-83.6393
-83.4013
-83.1482
-82.8774
-82.5859
-82.2697
-81.9238
-81.5415
-81.1138
-80.6283
-80.0666
-79.4011
-78.5873
-77.5471
-76.1277
-73.9754
-70.0144
-58.787
12.5459
49.9777
49.0434
42.9986
27.0425
6.18742
-7.17542
-17.8447
-28.8612
-39.9688
-65.4612
-93.7877
-94.9725
-94.9897
-94.9816
-94.9625
-94.9241
-94.8532
-94.7357
-94.5657
-94.3496
-94.1023
-93.8394
-93.5727
-93.3099
-93.0549
-92.8092
-92.5733
-92.3469
-92.1296
-91.9206
-91.7194
-91.5254
-91.338
-91.1568
-90.9811
-90.8107
-90.645
-90.4838
-90.3267
-90.1733
-90.0234
-89.8766
-89.7328
-89.5916
-89.4529
-89.3163
-89.1817
-89.0489
-88.9177
-88.7879
-88.6592
-88.5317
-88.4049
-88.2789
-88.1535
-88.0284
-87.9035
-87.7787
-87.6538
-87.5286
-87.403
-87.2768
-87.1499
-87.022
-86.893
-86.7627
-86.631
-86.4975
-86.3621
-86.2245
-86.0845
-85.9418
-85.7961
-85.6471
-85.4944
-85.3376
-85.1762
-85.0098
-84.8378
-84.6595
-84.4742
-84.2811
-84.0791
-83.8671
-83.6437
-83.4073
-83.1557
-82.8867
-82.5971
-82.2831
-81.9396
-81.5602
-81.136
-80.6547
-80.0984
-79.4402
-78.6367
-77.6122
-76.2197
-74.1227
-70.3157
-59.8761
5.46753
49.9849
49.3644
44.3944
29.8143
8.5907
-5.64252
-16.4871
-27.4887
-37.5615
-59.4139
-92.4283
-94.953
-94.99
-94.9834
-94.9661
-94.9308
-94.8643
-94.752
-94.5866
-94.3735
-94.1275
-93.8647
-93.5976
-93.3342
-93.0785
-92.8323
-92.596
-92.3694
-92.1519
-91.9429
-91.7417
-91.5478
-91.3606
-91.1795
-91.0041
-90.834
-90.6687
-90.5078
-90.3511
-90.1981
-90.0487
-89.9024
-89.7591
-89.6184
-89.4803
-89.3443
-89.2104
-89.0782
-88.9477
-88.8186
-88.6907
-88.5639
-88.438
-88.3128
-88.1882
-88.064
-87.9401
-87.8163
-87.6924
-87.5683
-87.4438
-87.3188
-87.1931
-87.0665
-86.9389
-86.81
-86.6797
-86.5478
-86.4141
-86.2783
-86.1402
-85.9995
-85.8559
-85.7092
-85.5589
-85.4047
-85.2462
-85.0829
-84.9143
-84.7397
-84.5585
-84.3698
-84.1728
-83.9664
-83.7492
-83.5199
-83.2765
-83.0169
-82.7383
-82.4372
-82.1093
-81.749
-81.3484
-80.8974
-80.381
-79.7773
-79.0522
-78.1487
-76.9624
-75.2742
-72.5197
-66.6169
-42.1767
48.42
49.5626
46.0241
34.3908
14.5147
-1.66892
-12.956
-23.6567
-33.9983
-50.6897
-86.4355
-94.8676
-94.9904
-94.9876
-94.9751
-94.9487
-94.8976
-94.8073
-94.6668
-94.4756
-94.2446
-93.9895
-93.7244
-93.4591
-93.1994
-92.9481
-92.7063
-92.4741
-92.2512
-92.0369
-91.8308
-91.6321
-91.4403
-91.255
-91.0755
-90.9014
-90.7323
-90.5679
-90.4077
-90.2515
-90.0989
-89.9496
-89.8034
-89.66
-89.5191
-89.3805
-89.244
-89.1094
-88.9765
-88.8451
-88.715
-88.586
-88.4579
-88.3307
-88.204
-88.0778
-87.9519
-87.8261
-87.7003
-87.5743
-87.4479
-87.321
-87.1934
-87.065
-86.9354
-86.8047
-86.6725
-86.5387
-86.403
-86.2652
-86.1251
-85.9823
-85.8366
-85.6876
-85.5351
-85.3785
-85.2175
-85.0516
-84.8802
-84.7027
-84.5183
-84.3263
-84.1256
-83.9151
-83.6935
-83.4592
-83.2103
-82.9444
-82.6586
-82.3491
-82.0114
-81.639
-81.2238
-80.7542
-80.2136
-79.5773
-78.8058
-77.8317
-76.5271
-74.6099
-71.2885
-63.1405
-18.32
49.8409
49.5726
45.8274
33.5194
12.9929
-2.80135
-13.9802
-24.8033
-34.8535
-52.7456
-88.5662
-94.8992
-94.9903
-94.9863
-94.9723
-94.9429
-94.8857
-94.7856
-94.6321
-94.428
-94.1867
-93.9251
-93.657
-93.3913
-93.1329
-92.884
-92.6451
-92.4159
-92.1961
-91.9849
-91.7817
-91.5859
-91.3968
-91.214
-91.037
-90.8653
-90.6985
-90.5363
-90.3782
-90.224
-90.0733
-89.9259
-89.7814
-89.6397
-89.5006
-89.3636
-89.2287
-89.0957
-88.9643
-88.8344
-88.7057
-88.5781
-88.4515
-88.3256
-88.2003
-88.0755
-87.9509
-87.8264
-87.7019
-87.5773
-87.4522
-87.3266
-87.2004
-87.0733
-86.9451
-86.8158
-86.685
-86.5526
-86.4183
-86.2821
-86.1435
-86.0023
-85.8583
-85.7111
-85.5603
-85.4057
-85.2467
-85.083
-84.9138
-84.7387
-84.557
-84.3679
-84.1703
-83.9633
-83.7456
-83.5156
-83.2716
-83.0112
-82.7318
-82.4299
-82.101
-81.7396
-81.3377
-80.885
-80.3666
-79.7604
-79.0317
-78.1231
-76.9286
-75.2255
-72.4364
-66.4141
-41.0225
48.6376
49.5523
45.97
34.2578
14.3489
-1.76926
-13.0398
-23.7481
-34.0667
-50.8501
-86.6244
-94.8707
-94.9904
-94.9876
-94.975
-94.9485
-94.897
-94.8062
-94.6649
-94.4728
-94.2411
-93.9854
-93.7199
-93.4544
-93.1946
-92.9432
-92.7014
-92.4692
-92.2462
-92.0319
-91.8257
-91.627
-91.4352
-91.2497
-91.0702
-90.896
-90.7269
-90.5623
-90.4021
-90.2458
-90.093
-89.9436
-89.7973
-89.6537
-89.5127
-89.374
-89.2374
-89.1026
-88.9695
-88.838
-88.7077
-88.5785
-88.4503
-88.3228
-88.196
-88.0696
-87.9435
-87.8175
-87.6915
-87.5652
-87.4386
-87.3115
-87.1836
-87.0549
-86.9251
-86.7941
-86.6616
-86.5274
-86.3914
-86.2533
-86.1127
-85.9696
-85.8234
-85.674
-85.521
-85.3639
-85.2023
-85.0358
-84.8637
-84.6854
-84.5002
-84.3073
-84.1056
-83.894
-83.6712
-83.4355
-83.185
-82.9172
-82.6291
-82.3171
-81.9762
-81.6001
-81.1802
-80.7045
-80.156
-79.5088
-78.7215
-77.723
-76.3766
-74.3749
-70.8314
-61.6852
-7.51915
49.9704
49.6061
45.7626
33.0377
12.0796
-3.49726
-14.6218
-25.5188
-35.3462
-53.9517
-89.5569
-94.9125
-94.9901
-94.9854
-94.9704
-94.939
-94.8786
-94.7738
-94.6155
-94.4074
-94.1637
-93.9011
-93.6331
-93.3682
-93.1109
-92.8632
-92.6255
-92.3977
-92.179
-91.969
-91.767
-91.5723
-91.3843
-91.2026
-91.0266
-90.8559
-90.6901
-90.5288
-90.3716
-90.2183
-90.0685
-89.922
-89.7785
-89.6376
-89.4993
-89.3632
-89.2291
-89.0969
-88.9663
-88.8371
-88.7093
-88.5825
-88.4566
-88.3315
-88.207
-88.083
-87.9592
-87.8356
-87.7119
-87.588
-87.4638
-87.3391
-87.2137
-87.0875
-86.9602
-86.8318
-86.702
-86.5706
-86.4374
-86.3021
-86.1647
-86.0246
-85.8818
-85.7359
-85.5866
-85.4334
-85.2759
-85.1138
-84.9465
-84.7733
-84.5937
-84.4068
-84.2117
-84.0075
-83.7929
-83.5664
-83.3263
-83.0705
-82.7963
-82.5005
-82.179
-81.8262
-81.4352
-80.9961
-80.4954
-79.9129
-79.2179
-78.3597
-77.2474
-75.6974
-73.2601
-68.4344
-52.0276
40.0342
49.7023
46.7648
36.2032
16.7761
-0.357499
-11.8932
-22.4992
-33.095
-48.6074
-83.6196
-94.8153
-94.9896
-94.9882
-94.9766
-94.9521
-94.9046
-94.8206
-94.6884
-94.5057
-94.2815
-94.0308
-93.7678
-93.503
-93.2427
-92.9903
-92.7471
-92.5135
-92.2891
-92.0735
-91.8661
-91.6662
-91.4734
-91.287
-91.1066
-90.9317
-90.7619
-90.5968
-90.436
-90.2792
-90.1261
-89.9764
-89.8298
-89.686
-89.5448
-89.406
-89.2693
-89.1345
-89.0014
-88.8699
-88.7397
-88.6107
-88.4826
-88.3553
-88.2287
-88.1026
-87.9768
-87.8512
-87.7255
-87.5997
-87.4736
-87.347
-87.2197
-87.0916
-86.9624
-86.8321
-86.7004
-86.5671
-86.432
-86.2948
-86.1553
-86.0133
-85.8684
-85.7203
-85.5688
-85.4133
-85.2534
-85.0888
-84.9188
-84.7428
-84.5602
-84.3701
-84.1715
-83.9635
-83.7447
-83.5136
-83.2683
-83.0067
-82.7258
-82.4222
-82.0915
-81.7279
-81.3235
-80.8677
-80.3454
-79.7339
-78.9982
-78.079
-76.867
-75.1308
-72.263
-65.9479
-38.0481
48.9757
49.5299
45.8524
33.9656
13.982
-1.99432
-13.2295
-23.9553
-34.2205
-51.2135
-87.0388
-94.8774
-94.9905
-94.9874
-94.9747
-94.9478
-94.8955
-94.8033
-94.6602
-94.4661
-94.2327
-93.9759
-93.7097
-93.4438
-93.184
-92.9327
-92.6911
-92.4591
-92.2363
-92.0222
-91.8162
-91.6177
-91.426
-91.2406
-91.0611
-90.8871
-90.718
-90.5535
-90.3932
-90.2369
-90.0842
-89.9347
-89.7883
-89.6447
-89.5036
-89.3648
-89.2281
-89.0933
-88.9601
-88.8284
-88.6979
-88.5686
-88.4402
-88.3126
-88.1856
-88.059
-87.9327
-87.8065
-87.6802
-87.5538
-87.4269
-87.2995
-87.1714
-87.0423
-86.9122
-86.7809
-86.648
-86.5135
-86.377
-86.2384
-86.0975
-85.9538
-85.8071
-85.6571
-85.5035
-85.3457
-85.1834
-85.0161
-84.8431
-84.6639
-84.4776
-84.2835
-84.0805
-83.8675
-83.643
-83.4054
-83.1527
-82.8824
-82.5914
-82.276
-81.9308
-81.5495
-81.1231
-80.6392
-80.0796
-79.4171
-78.6076
-77.5742
-76.1666
-74.0392
-70.149
-59.2934
9.31012
49.9829
49.2132
43.7028
28.3944
7.30506
-6.45237
-17.2007
-28.2169
-38.8155
-62.5617
-93.28
-94.965
-94.9898
-94.9824
-94.9642
-94.9272
-94.8582
-94.7431
-94.5751
-94.3602
-94.1133
-93.8503
-93.5833
-93.3201
-93.0646
-92.8185
-92.5823
-92.3557
-92.1382
-91.929
-91.7277
-91.5336
-91.3462
-91.1649
-90.9892
-90.8188
-90.6532
-90.492
-90.3349
-90.1817
-90.0318
-89.8852
-89.7415
-89.6004
-89.4618
-89.3254
-89.191
-89.0584
-88.9274
-88.7977
-88.6694
-88.542
-88.4156
-88.2898
-88.1646
-88.0398
-87.9152
-87.7908
-87.6662
-87.5414
-87.4161
-87.2903
-87.1638
-87.0364
-86.9079
-86.7781
-86.6468
-86.5139
-86.379
-86.2421
-86.1027
-85.9607
-85.8158
-85.6676
-85.5157
-85.3598
-85.1995
-85.0342
-84.8634
-84.6864
-84.5025
-84.311
-84.1108
-83.9008
-83.6796
-83.4456
-83.197
-82.9313
-82.6457
-82.3363
-81.9985
-81.626
-81.2104
-80.74
-80.1983
-79.5602
-78.7858
-77.8069
-76.4935
-74.5579
-71.1875
-62.8226
-15.9366
49.9011
49.5902
45.8607
33.5204
12.9072
-2.89216
-14.0702
-24.9069
-34.9296
-52.9326
-88.7301
-94.9013
-94.9903
-94.9862
-94.9719
-94.9421
-94.8843
-94.7832
-94.6287
-94.4237
-94.1819
-93.9202
-93.6523
-93.3871
-93.1292
-92.8809
-92.6425
-92.414
-92.1948
-91.9842
-91.7817
-91.5864
-91.398
-91.2158
-91.0394
-90.8683
-90.7021
-90.5405
-90.383
-90.2294
-90.0793
-89.9325
-89.7887
-89.6476
-89.5091
-89.3728
-89.2385
-89.1061
-88.9753
-88.846
-88.718
-88.5911
-88.4651
-88.3399
-88.2153
-88.0912
-87.9673
-87.8436
-87.7198
-87.5959
-87.4717
-87.3469
-87.2215
-87.0952
-86.968
-86.8396
-86.7098
-86.5784
-86.4452
-86.3101
-86.1727
-86.0327
-85.89
-85.7442
-85.595
-85.442
-85.2847
-85.1228
-84.9556
-84.7827
-84.6034
-84.4168
-84.2222
-84.0184
-83.8042
-83.5783
-83.3389
-83.0839
-82.8106
-82.5159
-82.1956
-81.8444
-81.4554
-81.0189
-80.5214
-79.9433
-79.2545
-78.4055
-77.3083
-75.7855
-73.4092
-68.7759
-53.6216
36.0591
49.7535
47.0535
36.9287
17.7097
0.17072
-11.4791
-22.0485
-32.7239
-47.7741
-82.3012
-94.7867
-94.989
-94.9884
-94.9771
-94.9531
-94.9068
-94.8244
-94.6941
-94.5132
-94.2904
-94.0404
-93.7777
-93.5129
-93.2524
-92.9998
-92.7563
-92.5224
-92.2978
-92.0819
-91.8743
-91.6742
-91.4812
-91.2947
-91.1142
-90.9392
-90.7693
-90.6041
-90.4432
-90.2864
-90.1332
-89.9835
-89.8368
-89.693
-89.5518
-89.413
-89.2763
-89.1416
-89.0085
-88.877
-88.7469
-88.6179
-88.4899
-88.3627
-88.2362
-88.1102
-87.9845
-87.8589
-87.7334
-87.6077
-87.4817
-87.3552
-87.2281
-87.1002
-86.9712
-86.8411
-86.7096
-86.5765
-86.4416
-86.3047
-86.1655
-86.0238
-85.8792
-85.7315
-85.5803
-85.4252
-85.2658
-85.1017
-84.9322
-84.7568
-84.5748
-84.3854
-84.1876
-83.9805
-83.7627
-83.5327
-83.2888
-83.0286
-82.7495
-82.448
-82.1198
-81.7592
-81.3585
-80.9075
-80.3914
-79.7885
-79.0647
-78.1637
-76.9821
-75.3037
-72.5735
-66.7599
-43.0546
48.2103
49.5709
46.0673
34.4962
14.6451
-1.5909
-12.8912
-23.5859
-33.9452
-50.565
-86.2863
-94.8651
-94.9904
-94.9877
-94.9752
-94.949
-94.898
-94.8082
-94.6682
-94.4776
-94.247
-93.9921
-93.727
-93.4615
-93.2014
-92.9497
-92.7075
-92.4749
-92.2515
-92.0367
-91.8301
-91.631
-91.4388
-91.2529
-91.073
-90.8985
-90.729
-90.5641
-90.4036
-90.2469
-90.0939
-89.9442
-89.7976
-89.6537
-89.5124
-89.3734
-89.2366
-89.1016
-88.9682
-88.8364
-88.7059
-88.5764
-88.448
-88.3203
-88.1932
-88.0665
-87.9402
-87.8139
-87.6876
-87.5612
-87.4343
-87.3069
-87.1788
-87.0498
-86.9197
-86.7884
-86.6556
-86.5211
-86.3848
-86.2463
-86.1054
-85.9618
-85.8153
-85.6655
-85.512
-85.3545
-85.1924
-85.0253
-84.8527
-84.6738
-84.4879
-84.2942
-84.0917
-83.8792
-83.6553
-83.4184
-83.1665
-82.8971
-82.6073
-82.2931
-81.9496
-81.5703
-81.1464
-80.6657
-80.1105
-79.4539
-78.6531
-77.6333
-76.2497
-74.1717
-70.4186
-60.2534
2.84325
49.9846
49.441
44.7782
30.6502
9.40844
-5.13735
-16.0458
-27.0312
-36.7973
-57.5109
-91.6789
-94.9425
-94.99
-94.984
-94.9674
-94.9332
-94.8683
-94.758
-94.5943
-94.3821
-94.1364
-93.8732
-93.6056
-93.3415
-93.0851
-92.8382
-92.6013
-92.3741
-92.1561
-91.9466
-91.745
-91.5507
-91.3631
-91.1816
-91.0058
-90.8353
-90.6697
-90.5085
-90.3515
-90.1982
-90.0485
-89.9019
-89.7584
-89.6175
-89.479
-89.3428
-89.2086
-89.0763
-88.9455
-88.8162
-88.6881
-88.5611
-88.4349
-88.3096
-88.1847
-88.0604
-87.9362
-87.8122
-87.6881
-87.5638
-87.4391
-87.3139
-87.1879
-87.0612
-86.9333
-86.8042
-86.6737
-86.5416
-86.4076
-86.2715
-86.1332
-85.9922
-85.8484
-85.7013
-85.5507
-85.3962
-85.2374
-85.0737
-84.9047
-84.7296
-84.548
-84.3588
-84.1612
-83.9542
-83.7363
-83.5062
-83.2619
-83.0013
-82.7215
-82.419
-82.0895
-81.7271
-81.3241
-80.8699
-80.3493
-79.7401
-79.0071
-78.0917
-76.8856
-75.1598
-72.3156
-66.0859
-38.9105
48.9019
49.5358
45.8832
34.0427
14.0794
-1.93419
-13.1786
-23.8998
-34.1794
-51.1158
-86.9289
-94.8757
-94.9905
-94.9875
-94.9747
-94.948
-94.8959
-94.8041
-94.6615
-94.4681
-94.2352
-93.9788
-93.713
-93.4474
-93.1877
-92.9366
-92.6952
-92.4633
-92.2408
-92.0269
-91.8211
-91.6227
-91.4313
-91.2462
-91.0669
-90.8931
-90.7243
-90.5601
-90.4001
-90.2441
-90.0917
-89.9426
-89.7965
-89.6532
-89.5124
-89.374
-89.2376
-89.1032
-88.9703
-88.839
-88.709
-88.5801
-88.4521
-88.3249
-88.1983
-88.0722
-87.9464
-87.8206
-87.6949
-87.5689
-87.4426
-87.3157
-87.1882
-87.0597
-86.9303
-86.7995
-86.6674
-86.5336
-86.3979
-86.2601
-86.12
-85.9772
-85.8315
-85.6825
-85.5299
-85.3734
-85.2123
-85.0464
-84.8749
-84.6973
-84.5128
-84.3207
-84.1199
-83.9093
-83.6876
-83.4531
-83.204
-82.9378
-82.6517
-82.3419
-82.0037
-81.6308
-81.2149
-80.7443
-80.2025
-79.5645
-78.7906
-77.8127
-76.5016
-74.5716
-71.2175
-62.9291
-16.7835
49.8838
49.5841
45.8492
33.5209
12.9387
-2.85922
-14.0377
-24.8694
-34.9022
-52.8651
-88.6711
-94.9005
-94.9903
-94.9862
-94.9721
-94.9424
-94.8848
-94.784
-94.6299
-94.4252
-94.1835
-93.9217
-93.6536
-93.3881
-93.1299
-92.8811
-92.6424
-92.4135
-92.1939
-91.983
-91.78
-91.5844
-91.3956
-91.213
-91.0362
-90.8648
-90.6982
-90.5362
-90.3784
-90.2244
-90.0739
-89.9268
-89.7826
-89.6411
-89.5022
-89.3655
-89.2309
-89.0981
-88.9669
-88.8372
-88.7088
-88.5815
-88.4551
-88.3295
-88.2045
-88.08
-87.9557
-87.8315
-87.7073
-87.5829
-87.4582
-87.3329
-87.207
-87.0803
-86.9525
-86.8235
-86.6931
-86.5611
-86.4273
-86.2915
-86.1533
-86.0127
-85.8692
-85.7225
-85.5724
-85.4184
-85.2601
-85.0971
-84.9288
-84.7545
-84.5738
-84.3856
-84.1892
-83.9835
-83.7672
-83.5389
-83.2967
-83.0385
-82.7615
-82.4624
-82.137
-81.7796
-81.3829
-80.9368
-80.4268
-79.8319
-79.1194
-78.2351
-77.0808
-75.4529
-72.84
-67.4373
-46.9564
46.5004
49.6133
46.2893
35.0366
15.3136
-1.1973
-12.5677
-23.2337
-33.6765
-49.9393
-85.4997
-94.8515
-94.9902
-94.9878
-94.9757
-94.95
-94.9004
-94.8127
-94.6757
-94.4882
-94.2603
-94.0071
-93.743
-93.4778
-93.2178
-92.9659
-92.7234
-92.4904
-92.2667
-92.0517
-91.8449
-91.6455
-91.4531
-91.2672
-91.0872
-90.9126
-90.7431
-90.5783
-90.4177
-90.2612
-90.1082
-89.9587
-89.8122
-89.6685
-89.5274
-89.3886
-89.2519
-89.1172
-88.9841
-88.8525
-88.7223
-88.5932
-88.4651
-88.3377
-88.211
-88.0847
-87.9588
-87.833
-87.7072
-87.5812
-87.4548
-87.3279
-87.2004
-87.072
-86.9425
-86.8119
-86.6798
-86.5461
-86.4105
-86.2729
-86.1329
-85.9904
-85.8449
-85.6962
-85.5439
-85.3877
-85.227
-85.0615
-84.8905
-84.7134
-84.5295
-84.3381
-84.138
-83.9283
-83.7076
-83.4743
-83.2265
-82.9619
-82.6776
-82.37
-82.0344
-81.6648
-81.253
-80.7877
-80.2529
-79.6245
-78.8645
-77.9081
-76.6336
-74.7761
-71.6082
-64.1128
-25.4796
49.148
49.5199
45.7309
33.5024
13.2069
-2.56558
-13.7452
-24.5318
-34.6498
-52.2465
-88.1078
-94.8932
-94.9905
-94.9868
-94.9733
-94.9449
-94.8897
-94.7924
-94.6424
-94.4412
-94.2019
-93.9412
-93.6731
-93.4068
-93.1475
-92.8974
-92.6573
-92.4269
-92.2059
-91.9935
-91.7891
-91.5921
-91.402
-91.2181
-91.04
-90.8672
-90.6994
-90.5361
-90.377
-90.2218
-90.0702
-89.9218
-89.7764
-89.6338
-89.4937
-89.3558
-89.22
-89.086
-88.9537
-88.8229
-88.6933
-88.5648
-88.4372
-88.3104
-88.1842
-88.0584
-87.9329
-87.8074
-87.682
-87.5563
-87.4302
-87.3036
-87.1762
-87.048
-86.9187
-86.7882
-86.6562
-86.5225
-86.387
-86.2493
-86.1093
-85.9666
-85.821
-85.672
-85.5195
-85.363
-85.2019
-85.0359
-84.8644
-84.6867
-84.5022
-84.3099
-84.1089
-83.8981
-83.6761
-83.4413
-83.1917
-82.925
-82.6382
-82.3276
-81.9884
-81.6143
-81.1968
-80.7242
-80.1796
-79.5377
-78.7581
-77.7715
-76.4453
-74.4845
-71.0501
-62.4081
-12.9314
49.9409
49.6096
45.8911
33.4923
12.7615
-3.029
-14.2027
-25.0579
-35.0383
-53.1994
-88.9571
-94.9043
-94.9902
-94.9859
-94.9714
-94.9411
-94.8824
-94.78
-94.6242
-94.4181
-94.1756
-93.9135
-93.6455
-93.3803
-93.1226
-92.8744
-92.6363
-92.408
-92.1889
-91.9786
-91.7761
-91.5811
-91.3928
-91.2108
-91.0345
-90.8636
-90.6975
-90.536
-90.3787
-90.2252
-90.0752
-89.9285
-89.7848
-89.6438
-89.5054
-89.3691
-89.235
-89.1027
-88.972
-88.8428
-88.7148
-88.588
-88.4621
-88.337
-88.2125
-88.0884
-87.9646
-87.841
-87.7173
-87.5934
-87.4692
-87.3446
-87.2192
-87.0931
-86.9659
-86.8375
-86.7078
-86.5765
-86.4434
-86.3083
-86.171
-86.0311
-85.8885
-85.7427
-85.5936
-85.4406
-85.2835
-85.1216
-84.9546
-84.7818
-84.6026
-84.4161
-84.2215
-84.0179
-83.8039
-83.5781
-83.3389
-83.084
-82.811
-82.5165
-82.1966
-81.8457
-81.4572
-81.0212
-80.5244
-79.9472
-79.2598
-78.4127
-77.3187
-75.8017
-73.4382
-68.8456
-53.9562
35.0539
49.7668
47.1317
37.1286
17.971
0.318036
-11.365
-21.9243
-32.6198
-47.5429
-81.9167
-94.7778
-94.9889
-94.9884
-94.9772
-94.9534
-94.9073
-94.8253
-94.6955
-94.515
-94.2925
-94.0426
-93.7799
-93.5151
-93.2545
-93.0018
-92.7583
-92.5243
-92.2996
-92.0837
-91.876
-91.6759
-91.4829
-91.2963
-91.1158
-90.9408
-90.7708
-90.6057
-90.4448
-90.288
-90.1349
-89.9851
-89.8385
-89.6947
-89.5536
-89.4148
-89.2781
-89.1434
-89.0104
-88.879
-88.7489
-88.6199
-88.492
-88.3649
-88.2385
-88.1125
-87.9869
-87.8614
-87.736
-87.6104
-87.4845
-87.3581
-87.2311
-87.1032
-86.9744
-86.8444
-86.713
-86.5801
-86.4454
-86.3086
-86.1696
-86.028
-85.8836
-85.7361
-85.5851
-85.4303
-85.2711
-85.1073
-84.9381
-84.763
-84.5814
-84.3924
-84.1951
-83.9885
-83.7713
-83.542
-83.2987
-83.0394
-82.7613
-82.461
-82.1341
-81.7752
-81.3766
-80.9283
-80.4157
-79.8174
-79.1003
-78.2093
-77.0444
-75.397
-72.7393
-67.1818
-45.5053
47.325
49.5963
46.2003
34.82
15.0457
-1.35398
-12.6958
-23.3731
-33.7836
-50.1883
-85.82
-94.8572
-94.9903
-94.9878
-94.9755
-94.9496
-94.8994
-94.8109
-94.6727
-94.484
-94.255
-94.0012
-93.7365
-93.4712
-93.211
-92.9591
-92.7166
-92.4836
-92.2598
-92.0448
-91.8379
-91.6385
-91.446
-91.26
-91.0798
-90.9051
-90.7355
-90.5705
-90.4098
-90.253
-90.0999
-89.9501
-89.8034
-89.6595
-89.5181
-89.3791
-89.2422
-89.1072
-88.9738
-88.842
-88.7114
-88.582
-88.4536
-88.3259
-88.1989
-88.0723
-87.946
-87.8198
-87.6936
-87.5672
-87.4404
-87.3131
-87.1851
-87.0562
-86.9262
-86.7951
-86.6624
-86.5281
-86.3919
-86.2536
-86.113
-85.9697
-85.8234
-85.6738
-85.5206
-85.3634
-85.2017
-85.035
-84.8628
-84.6843
-84.499
-84.3058
-84.104
-83.8922
-83.6691
-83.4332
-83.1823
-82.9142
-82.6259
-82.3134
-81.9721
-81.5953
-81.1747
-80.6981
-80.1483
-79.4994
-78.7096
-77.7072
-76.3538
-74.3376
-70.7543
-61.412
-5.46266
49.9757
49.586
45.6213
32.6655
11.6242
-3.77915
-14.8663
-25.7822
-35.511
-54.3537
-89.8544
-94.9167
-94.9901
-94.9852
-94.97
-94.9381
-94.877
-94.7713
-94.612
-94.4031
-94.1589
-93.8961
-93.6281
-93.3632
-93.106
-92.8584
-92.6209
-92.3931
-92.1746
-91.9646
-91.7627
-91.568
-91.3801
-91.1984
-91.0225
-90.8518
-90.6861
-90.5248
-90.3677
-90.2145
-90.0647
-89.9182
-89.7747
-89.6339
-89.4955
-89.3594
-89.2254
-89.0932
-88.9626
-88.8335
-88.7056
-88.5788
-88.453
-88.3279
-88.2034
-88.0793
-87.9555
-87.8319
-87.7082
-87.5843
-87.4601
-87.3353
-87.2099
-87.0837
-86.9564
-86.8279
-86.698
-86.5666
-86.4334
-86.2981
-86.1605
-86.0205
-85.8776
-85.7316
-85.5822
-85.4289
-85.2713
-85.1091
-84.9416
-84.7683
-84.5885
-84.4015
-84.2062
-84.0017
-83.7868
-83.5601
-83.3196
-83.0634
-82.7887
-82.4923
-82.17
-81.8164
-81.4243
-80.9839
-80.4813
-79.8963
-79.1978
-78.3344
-77.2134
-75.6473
-73.1737
-68.2299
-51.0113
41.9623
49.6781
46.6331
35.8777
16.3644
-0.591233
-12.0787
-22.7012
-33.2577
-48.9772
-84.1695
-94.8264
-94.9898
-94.9881
-94.9763
-94.9515
-94.9035
-94.8187
-94.6854
-94.5016
-94.2767
-94.0255
-93.7623
-93.4974
-93.2372
-92.9849
-92.7419
-92.5084
-92.2841
-92.0687
-91.8614
-91.6616
-91.4689
-91.2826
-91.1023
-90.9275
-90.7578
-90.5928
-90.4321
-90.2754
-90.1224
-89.9727
-89.8262
-89.6824
-89.5413
-89.4025
-89.2659
-89.1311
-88.9981
-88.8666
-88.7365
-88.6075
-88.4795
-88.3522
-88.2257
-88.0996
-87.9738
-87.8482
-87.7226
-87.5968
-87.4707
-87.3441
-87.2168
-87.0887
-86.9596
-86.8293
-86.6976
-86.5643
-86.4292
-86.2921
-86.1526
-86.0106
-85.8657
-85.7176
-85.566
-85.4105
-85.2507
-85.086
-84.916
-84.74
-84.5573
-84.3672
-84.1686
-83.9605
-83.7417
-83.5105
-83.2651
-83.0033
-82.7223
-82.4186
-82.0876
-81.7237
-81.3189
-80.8627
-80.3397
-79.7273
-78.9902
-78.069
-76.8535
-75.1105
-72.2257
-65.8453
-37.3657
49.0216
49.5257
45.8298
33.9079
13.9078
-2.04107
-13.2693
-23.999
-34.2529
-51.2907
-87.1243
-94.8788
-94.9905
-94.9874
-94.9746
-94.9476
-94.8952
-94.8027
-94.6591
-94.4647
-94.2309
-93.9738
-93.7075
-93.4416
-93.1817
-92.9305
-92.689
-92.457
-92.2344
-92.0204
-91.8145
-91.616
-91.4244
-91.2392
-91.0598
-90.8858
-90.7168
-90.5524
-90.3922
-90.236
-90.0833
-89.934
-89.7877
-89.6442
-89.5032
-89.3645
-89.2278
-89.0931
-88.96
-88.8284
-88.6981
-88.5688
-88.4406
-88.313
-88.1861
-88.0597
-87.9334
-87.8073
-87.6812
-87.5548
-87.4281
-87.3008
-87.1728
-87.0439
-86.9139
-86.7827
-86.65
-86.5156
-86.3793
-86.2409
-86.1001
-85.9566
-85.8101
-85.6603
-85.5069
-85.3494
-85.1873
-85.0202
-84.8476
-84.6686
-84.4827
-84.289
-84.0864
-83.8739
-83.6499
-83.4129
-83.1608
-82.8913
-82.6012
-82.2868
-81.9429
-81.5632
-81.1387
-80.6572
-80.1009
-79.4429
-78.64
-77.6168
-76.2272
-74.1371
-70.3514
-60.0277
4.38506
49.9849
49.3982
44.5599
30.1693
8.93124
-5.43175
-16.3028
-27.2983
-37.2413
-58.6144
-92.1393
-94.9489
-94.99
-94.9836
-94.9666
-94.9318
-94.866
-94.7544
-94.5896
-94.3769
-94.1308
-93.8677
-93.6002
-93.3363
-93.0802
-92.8335
-92.5968
-92.3698
-92.1519
-91.9426
-91.7411
-91.5468
-91.3593
-91.1779
-91.0022
-90.8318
-90.6662
-90.505
-90.348
-90.1948
-90.0451
-89.8986
-89.7551
-89.6142
-89.4758
-89.3396
-89.2054
-89.073
-88.9423
-88.8129
-88.6848
-88.5578
-88.4317
-88.3063
-88.1815
-88.0571
-87.9329
-87.8089
-87.6848
-87.5604
-87.4357
-87.3105
-87.1845
-87.0577
-86.9298
-86.8007
-86.6701
-86.5379
-86.4039
-86.2678
-86.1293
-85.9883
-85.8444
-85.6972
-85.5466
-85.392
-85.233
-85.0692
-84.9
-84.7248
-84.543
-84.3536
-84.1559
-83.9485
-83.7304
-83.5
-83.2554
-82.9943
-82.714
-82.411
-82.0808
-81.7176
-81.3136
-80.858
-80.3358
-79.7241
-78.9878
-78.0674
-76.8529
-75.111
-72.2285
-65.8568
-37.4692
49.0149
49.5262
45.8325
33.9144
13.9158
-2.03622
-13.2653
-23.9946
-34.2496
-51.2829
-87.1157
-94.8786
-94.9905
-94.9874
-94.9746
-94.9476
-94.8952
-94.8028
-94.6593
-94.465
-94.2313
-93.9743
-93.7081
-93.4424
-93.1828
-92.9318
-92.6905
-92.4589
-92.2365
-92.0228
-91.8172
-91.619
-91.4277
-91.2427
-91.0637
-90.89
-90.7213
-90.5572
-90.3973
-90.2414
-90.0891
-89.9401
-89.7941
-89.6509
-89.5102
-89.3718
-89.2355
-89.1011
-88.9684
-88.8371
-88.7072
-88.5783
-88.4504
-88.3233
-88.1968
-88.0707
-87.9449
-87.8192
-87.6935
-87.5676
-87.4413
-87.3145
-87.187
-87.0586
-86.9292
-86.7985
-86.6664
-86.5326
-86.397
-86.2593
-86.1192
-85.9764
-85.8308
-85.6819
-85.5294
-85.3728
-85.2119
-85.0459
-84.8745
-84.697
-84.5126
-84.3206
-84.1198
-83.9093
-83.6877
-83.4533
-83.2043
-82.9382
-82.6522
-82.3426
-82.0046
-81.6319
-81.2163
-80.7461
-80.2048
-79.5674
-78.7944
-77.818
-76.5094
-74.5844
-71.2436
-63.0163
-17.4565
49.867
49.5791
45.8396
33.52
12.9621
-2.83408
-14.0127
-24.8407
-34.881
-52.8131
-88.6255
-94.9
-94.9903
-94.9863
-94.9722
-94.9426
-94.8852
-94.7848
-94.631
-94.4265
-94.185
-93.9233
-93.6551
-93.3895
-93.1313
-92.8824
-92.6436
-92.4146
-92.1949
-91.9839
-91.7808
-91.5852
-91.3963
-91.2136
-91.0368
-90.8652
-90.6986
-90.5365
-90.3786
-90.2246
-90.0741
-89.9268
-89.7826
-89.6411
-89.5021
-89.3654
-89.2307
-89.0978
-88.9666
-88.8369
-88.7084
-88.5811
-88.4547
-88.329
-88.204
-88.0794
-87.955
-87.8308
-87.7066
-87.5822
-87.4574
-87.3321
-87.2061
-87.0793
-86.9515
-86.8225
-86.6921
-86.56
-86.4262
-86.2903
-86.1521
-86.0114
-85.8679
-85.7212
-85.571
-85.417
-85.2586
-85.0955
-84.9271
-84.7528
-84.572
-84.3838
-84.1873
-83.9815
-83.7651
-83.5366
-83.2943
-83.0359
-82.7588
-82.4596
-82.1339
-81.7763
-81.3792
-80.9326
-80.422
-79.8264
-79.1129
-78.2271
-77.0702
-75.4376
-72.8141
-67.3758
-46.6344
46.71
49.6093
46.2684
34.9857
15.2503
-1.23412
-12.5977
-23.2664
-33.7018
-49.998
-85.5763
-94.8529
-94.9902
-94.9878
-94.9756
-94.9499
-94.9001
-94.8123
-94.675
-94.4872
-94.2591
-94.0058
-93.7415
-93.4764
-93.2163
-92.9645
-92.722
-92.489
-92.2653
-92.0504
-91.8436
-91.6443
-91.4519
-91.266
-91.086
-90.9114
-90.742
-90.5771
-90.4166
-90.2601
-90.1072
-89.9576
-89.8111
-89.6675
-89.5264
-89.3876
-89.2509
-89.1162
-88.9831
-88.8516
-88.7213
-88.5923
-88.4641
-88.3368
-88.2101
-88.0839
-87.9579
-87.8321
-87.7063
-87.5803
-87.454
-87.3271
-87.1996
-87.0712
-86.9417
-86.8111
-86.679
-86.5453
-86.4098
-86.2722
-86.1322
-85.9896
-85.8442
-85.6955
-85.5432
-85.387
-85.2263
-85.0608
-84.8898
-84.7128
-84.5289
-84.3375
-84.1375
-83.9278
-83.7071
-83.4738
-83.226
-82.9614
-82.6772
-82.3696
-82.0341
-81.6645
-81.2528
-80.7875
-80.2528
-79.6245
-78.8646
-77.9085
-76.6344
-74.7777
-71.612
-64.1267
-25.5924
49.1242
49.5193
45.7301
33.5032
13.211
-2.56164
-13.7414
-24.5274
-34.6465
-52.2386
-88.1003
-94.8931
-94.9905
-94.9868
-94.9733
-94.9449
-94.8897
-94.7925
-94.6425
-94.4414
-94.2022
-93.9415
-93.6733
-93.4071
-93.1477
-92.8976
-92.6575
-92.4271
-92.2061
-91.9936
-91.7893
-91.5923
-91.4021
-91.2182
-91.04
-90.8673
-90.6995
-90.5362
-90.3771
-90.2219
-90.0702
-89.9219
-89.7765
-89.6338
-89.4937
-89.3559
-89.2201
-89.0861
-88.9538
-88.823
-88.6934
-88.5649
-88.4374
-88.3106
-88.1844
-88.0586
-87.9331
-87.8077
-87.6822
-87.5565
-87.4305
-87.3039
-87.1766
-87.0484
-86.9191
-86.7886
-86.6566
-86.523
-86.3875
-86.2498
-86.1099
-85.9672
-85.8216
-85.6728
-85.5203
-85.3638
-85.2028
-85.0369
-84.8654
-84.6878
-84.5034
-84.3112
-84.1103
-83.8996
-83.6777
-83.4431
-83.1937
-82.9272
-82.6406
-82.3303
-81.9915
-81.6177
-81.2008
-80.7288
-80.1851
-79.5444
-78.7665
-77.7825
-76.4608
-74.5092
-71.0991
-62.567
-14.1239
49.9284
49.6023
45.8802
33.5062
12.8223
-2.97313
-14.1489
-24.9967
-34.9946
-53.0924
-88.8665
-94.9031
-94.9902
-94.986
-94.9716
-94.9415
-94.8832
-94.7813
-94.626
-94.4203
-94.1781
-93.9161
-93.6481
-93.3828
-93.125
-92.8766
-92.6383
-92.4099
-92.1907
-91.9802
-91.7776
-91.5824
-91.394
-91.2119
-91.0355
-90.8644
-90.6983
-90.5366
-90.3792
-90.2256
-90.0755
-89.9288
-89.7849
-89.6439
-89.5053
-89.369
-89.2348
-89.1024
-88.9716
-88.8423
-88.7143
-88.5874
-88.4614
-88.3362
-88.2116
-88.0875
-87.9636
-87.8399
-87.7161
-87.5922
-87.4679
-87.3432
-87.2178
-87.0915
-86.9642
-86.8358
-86.706
-86.5746
-86.4414
-86.3063
-86.1688
-86.0289
-85.8861
-85.7403
-85.5911
-85.438
-85.2807
-85.1187
-84.9515
-84.7786
-84.5992
-84.4125
-84.2178
-84.0139
-83.7997
-83.5737
-83.3341
-83.0789
-82.8055
-82.5106
-82.19
-81.8386
-81.4492
-81.0121
-80.514
-79.9351
-79.2452
-78.3945
-77.2946
-75.7671
-73.3804
-68.7159
-53.3739
36.7629
49.7442
46.9997
36.7919
17.5316
0.0699584
-11.5576
-22.1341
-32.7952
-47.9337
-82.5619
-94.7925
-94.9891
-94.9883
-94.977
-94.9529
-94.9064
-94.8237
-94.6931
-94.5118
-94.2888
-94.0387
-93.7759
-93.511
-93.2505
-92.9979
-92.7544
-92.5205
-92.2959
-92.0801
-91.8724
-91.6724
-91.4794
-91.2929
-91.1124
-90.9374
-90.7675
-90.6023
-90.4415
-90.2847
-90.1315
-89.9818
-89.8352
-89.6914
-89.5502
-89.4114
-89.2747
-89.14
-89.007
-88.8755
-88.7454
-88.6164
-88.4884
-88.3613
-88.2348
-88.1088
-87.9831
-87.8576
-87.7321
-87.6064
-87.4805
-87.354
-87.2269
-87.099
-86.9701
-86.84
-86.7085
-86.5755
-86.4406
-86.3038
-86.1646
-86.0229
-85.8784
-85.7308
-85.5796
-85.4246
-85.2653
-85.1012
-84.9318
-84.7565
-84.5746
-84.3852
-84.1876
-83.9806
-83.7629
-83.5331
-83.2893
-83.0294
-82.7505
-82.4493
-82.1214
-81.7611
-81.3609
-80.9105
-80.3952
-79.7933
-79.071
-78.1723
-76.9944
-75.3231
-72.6094
-66.8562
-43.6428
48.043
49.5766
46.0974
34.5694
14.7357
-1.53698
-12.8465
-23.5373
-33.9085
-50.4791
-86.1819
-94.8634
-94.9903
-94.9877
-94.9753
-94.9491
-94.8984
-94.8088
-94.6693
-94.4791
-94.2489
-93.9942
-93.7291
-93.4636
-93.2035
-92.9518
-92.7094
-92.4767
-92.2532
-92.0384
-91.8317
-91.6325
-91.4402
-91.2543
-91.0743
-90.8997
-90.7302
-90.5653
-90.4047
-90.2481
-90.095
-89.9453
-89.7987
-89.6548
-89.5135
-89.3746
-89.2377
-89.1027
-88.9694
-88.8376
-88.7071
-88.5777
-88.4492
-88.3216
-88.1945
-88.0679
-87.9416
-87.8154
-87.6892
-87.5628
-87.436
-87.3086
-87.1806
-87.0517
-86.9217
-86.7904
-86.6577
-86.5234
-86.3871
-86.2488
-86.108
-85.9646
-85.8182
-85.6686
-85.5153
-85.3579
-85.196
-85.0292
-84.8567
-84.6781
-84.4925
-84.2991
-84.0969
-83.8848
-83.6614
-83.425
-83.1737
-82.905
-82.616
-82.3027
-81.9604
-81.5824
-81.1602
-80.6817
-80.1293
-79.4768
-78.6818
-77.6713
-76.3036
-74.2586
-70.5963
-60.8779
-1.58902
49.9816
49.5334
45.2894
31.8362
10.6654
-4.3675
-15.3765
-26.3271
-35.8341
-55.1441
-90.395
-94.9244
-94.99
-94.9848
-94.9691
-94.9366
-94.8741
-94.7668
-94.6058
-94.3956
-94.1506
-93.8876
-93.6195
-93.3548
-93.0979
-92.8505
-92.6131
-92.3856
-92.1672
-91.9575
-91.7557
-91.5611
-91.3734
-91.1918
-91.0159
-90.8454
-90.6797
-90.5185
-90.3615
-90.2083
-90.0585
-89.9121
-89.7686
-89.6278
-89.4894
-89.3533
-89.2193
-89.087
-88.9564
-88.8273
-88.6994
-88.5726
-88.4467
-88.3215
-88.1969
-88.0728
-87.9489
-87.8252
-87.7014
-87.5774
-87.4531
-87.3282
-87.2027
-87.0763
-86.9489
-86.8203
-86.6903
-86.5586
-86.4252
-86.2897
-86.152
-86.0117
-85.8686
-85.7223
-85.5725
-85.4189
-85.2611
-85.0984
-84.9305
-84.7568
-84.5765
-84.3888
-84.193
-83.9878
-83.7721
-83.5444
-83.3029
-83.0455
-82.7695
-82.4714
-82.1472
-81.7912
-81.3961
-80.9519
-80.4445
-79.853
-79.1452
-78.2678
-77.1243
-75.5164
-72.9485
-67.6933
-48.2734
45.4545
49.6308
46.3814
35.261
15.5923
-1.03507
-12.4357
-23.0899
-33.565
-49.6818
-85.1582
-94.8453
-94.9901
-94.9879
-94.9758
-94.9504
-94.9013
-94.8144
-94.6786
-94.4922
-94.2653
-94.0128
-93.749
-93.484
-93.224
-92.972
-92.7294
-92.4963
-92.2725
-92.0574
-91.8505
-91.6511
-91.4586
-91.2726
-91.0926
-90.9181
-90.7486
-90.5837
-90.4232
-90.2667
-90.1138
-89.9643
-89.8179
-89.6743
-89.5332
-89.3946
-89.258
-89.1233
-88.9904
-88.8589
-88.7288
-88.5999
-88.4719
-88.3447
-88.2181
-88.092
-87.9663
-87.8406
-87.715
-87.5892
-87.4631
-87.3364
-87.2091
-87.081
-86.9518
-86.8214
-86.6896
-86.5562
-86.421
-86.2837
-86.1441
-86.0019
-85.8569
-85.7086
-85.5568
-85.4011
-85.241
-85.0761
-84.9058
-84.7294
-84.5464
-84.3558
-84.1567
-83.9481
-83.7286
-83.4967
-83.2505
-82.9878
-82.7056
-82.4006
-82.0681
-81.7022
-81.2949
-80.8355
-80.3084
-79.6904
-78.9454
-78.0119
-76.776
-74.9936
-72.0123
-65.2628
-33.5074
49.1415
49.5093
45.7366
33.6541
13.5624
-2.26855
-13.4669
-24.2167
-34.4135
-51.6739
-87.5355
-94.8851
-94.9905
-94.9872
-94.9742
-94.9468
-94.8934
-94.7993
-94.6535
-94.4566
-94.2207
-93.9621
-93.695
-93.4288
-93.169
-92.9181
-92.677
-92.4456
-92.2234
-92.01
-91.8045
-91.6065
-91.4154
-91.2306
-91.0516
-90.878
-90.7093
-90.5453
-90.3854
-90.2295
-90.0771
-89.9281
-89.782
-89.6387
-89.498
-89.3595
-89.2231
-89.0885
-88.9557
-88.8242
-88.6941
-88.5651
-88.437
-88.3096
-88.1829
-88.0565
-87.9305
-87.8045
-87.6785
-87.5523
-87.4257
-87.2986
-87.1707
-87.0419
-86.9121
-86.781
-86.6484
-86.5141
-86.378
-86.2397
-86.099
-85.9557
-85.8093
-85.6597
-85.5064
-85.349
-85.1871
-85.0202
-84.8477
-84.6689
-84.4832
-84.2896
-84.0873
-83.8749
-83.6512
-83.4144
-83.1626
-82.8934
-82.6037
-82.2897
-81.9463
-81.5672
-81.1434
-80.6628
-80.1077
-79.4513
-78.6508
-77.6313
-76.2483
-74.1718
-70.4236
-60.2924
2.53818
49.9845
49.4487
44.8181
30.7393
9.49856
-5.08221
-15.9978
-26.9812
-36.715
-57.3074
-91.5856
-94.9412
-94.99
-94.984
-94.9675
-94.9335
-94.8688
-94.7587
-94.5952
-94.3833
-94.1375
-93.8744
-93.6068
-93.3426
-93.0862
-92.8394
-92.6025
-92.3753
-92.1573
-91.9479
-91.7463
-91.552
-91.3644
-91.183
-91.0073
-90.8369
-90.6713
-90.5102
-90.3533
-90.2001
-90.0505
-89.904
-89.7605
-89.6197
-89.4814
-89.3453
-89.2112
-89.079
-88.9483
-88.8191
-88.6911
-88.5642
-88.4383
-88.313
-88.1884
-88.0641
-87.9401
-87.8163
-87.6923
-87.5682
-87.4437
-87.3187
-87.1929
-87.0664
-86.9387
-86.8099
-86.6796
-86.5477
-86.414
-86.2782
-86.1401
-85.9995
-85.856
-85.7093
-85.5591
-85.405
-85.2466
-85.0835
-84.9149
-84.7405
-84.5594
-84.371
-84.1742
-83.968
-83.7511
-83.5221
-83.2791
-83.0199
-82.7418
-82.4413
-82.1142
-81.7547
-81.3553
-80.9056
-80.391
-79.7899
-79.0684
-78.1703
-76.9931
-75.3223
-72.6088
-66.8539
-43.6232
48.0488
49.5764
46.0959
34.5655
14.7303
-1.54046
-12.8495
-23.5406
-33.9111
-50.4851
-86.1891
-94.8635
-94.9903
-94.9877
-94.9753
-94.9491
-94.8984
-94.8088
-94.6693
-94.4791
-94.249
-93.9945
-93.7296
-93.4643
-93.2045
-92.9529
-92.7109
-92.4784
-92.2552
-92.0407
-91.8344
-91.6355
-91.4435
-91.258
-91.0783
-90.9041
-90.7349
-90.5704
-90.4101
-90.2538
-90.1012
-89.9518
-89.8056
-89.6621
-89.5212
-89.3826
-89.2461
-89.1115
-88.9786
-88.8472
-88.7171
-88.5881
-88.4601
-88.3329
-88.2063
-88.0802
-87.9543
-87.8286
-87.7029
-87.577
-87.4507
-87.324
-87.1965
-87.0682
-86.9388
-86.8082
-86.6762
-86.5425
-86.407
-86.2695
-86.1295
-85.987
-85.8416
-85.6929
-85.5407
-85.3844
-85.2238
-85.0583
-84.8873
-84.7102
-84.5263
-84.3349
-84.1348
-83.9251
-83.7043
-83.4709
-83.223
-82.9583
-82.6739
-82.3661
-82.0303
-81.6604
-81.2482
-80.7824
-80.2468
-79.6174
-78.8559
-77.8972
-76.6187
-74.7532
-71.5648
-63.9836
-24.538
49.3212
49.5256
45.7389
33.4965
13.1728
-2.59867
-13.7774
-24.5686
-34.6773
-52.3138
-88.1713
-94.8941
-94.9904
-94.9868
-94.9732
-94.9447
-94.8892
-94.7915
-94.641
-94.4394
-94.1998
-93.939
-93.6708
-93.4046
-93.1454
-92.8955
-92.6555
-92.4254
-92.2045
-91.9923
-91.7881
-91.5913
-91.4012
-91.2175
-91.0396
-90.867
-90.6993
-90.5362
-90.3773
-90.2223
-90.0708
-89.9226
-89.7773
-89.6349
-89.4949
-89.3572
-89.2216
-89.0878
-88.9556
-88.8249
-88.6955
-88.5672
-88.4398
-88.3132
-88.1871
-88.0615
-87.9362
-87.811
-87.6857
-87.5602
-87.4343
-87.3079
-87.1808
-87.0528
-86.9238
-86.7935
-86.6617
-86.5283
-86.3931
-86.2557
-86.116
-85.9736
-85.8283
-85.6798
-85.5276
-85.3715
-85.2109
-85.0454
-84.8744
-84.6973
-84.5134
-84.3218
-84.1216
-83.9116
-83.6905
-83.4568
-83.2085
-82.9432
-82.658
-82.3494
-82.0125
-81.6412
-81.2272
-80.7591
-80.2204
-79.5866
-78.8187
-77.85
-76.5546
-74.6556
-71.3819
-63.4469
-20.6722
49.7313
49.554
45.7901
33.5045
13.0574
-2.72542
-13.9036
-24.7145
-34.787
-52.5824
-88.4196
-94.8973
-94.9904
-94.9865
-94.9727
-94.9436
-94.8871
-94.788
-94.6357
-94.4326
-94.1919
-93.9306
-93.6625
-93.3966
-93.138
-92.8887
-92.6494
-92.42
-92.1998
-91.9883
-91.7848
-91.5887
-91.3994
-91.2164
-91.0391
-90.8672
-90.7002
-90.5377
-90.3794
-90.225
-90.0742
-89.9266
-89.782
-89.6402
-89.5008
-89.3637
-89.2287
-89.0955
-88.964
-88.834
-88.7052
-88.5775
-88.4507
-88.3248
-88.1994
-88.0744
-87.9498
-87.8252
-87.7006
-87.5759
-87.4507
-87.3251
-87.1988
-87.0716
-86.9434
-86.814
-86.6831
-86.5507
-86.4164
-86.28
-86.1414
-86.0002
-85.8561
-85.7088
-85.558
-85.4034
-85.2443
-85.0805
-84.9113
-84.7362
-84.5544
-84.3652
-84.1676
-83.9606
-83.7428
-83.5128
-83.2687
-83.0083
-82.7288
-82.4268
-82.0978
-81.7363
-81.3343
-80.8815
-80.3629
-79.7564
-79.0275
-78.1185
-76.9235
-75.2194
-72.4287
-66.4034
-41.0131
48.6401
49.5522
45.9693
34.2558
14.3464
-1.77088
-13.0412
-23.7497
-34.0679
-50.8529
-86.6276
-94.8708
-94.9904
-94.9876
-94.975
-94.9484
-94.897
-94.8061
-94.6648
-94.4727
-94.2409
-93.9852
-93.7196
-93.454
-93.1941
-92.9427
-92.7008
-92.4685
-92.2455
-92.0312
-91.8249
-91.6262
-91.4343
-91.2488
-91.0692
-90.8951
-90.7259
-90.5614
-90.4011
-90.2447
-90.092
-89.9426
-89.7962
-89.6527
-89.5117
-89.373
-89.2363
-89.1016
-88.9686
-88.837
-88.7067
-88.5776
-88.4494
-88.322
-88.1951
-88.0688
-87.9427
-87.8167
-87.6907
-87.5646
-87.438
-87.3109
-87.1831
-87.0544
-86.9247
-86.7937
-86.6613
-86.5272
-86.3913
-86.2532
-86.1128
-85.9697
-85.8237
-85.6744
-85.5214
-85.3645
-85.2031
-85.0367
-84.8647
-84.6866
-84.5016
-84.3089
-84.1075
-83.8961
-83.6736
-83.4382
-83.1881
-82.9207
-82.6332
-82.3218
-81.9816
-81.6063
-81.1875
-80.7132
-80.1665
-79.5218
-78.7382
-77.7454
-76.4087
-74.427
-70.9369
-62.0424
-10.1952
49.9597
49.6239
45.9067
33.4387
12.597
-3.17133
-14.3382
-25.2113
-35.1463
-53.466
-89.1761
-94.9071
-94.9901
-94.9857
-94.9709
-94.9401
-94.8805
-94.777
-94.6199
-94.4127
-94.1696
-93.9072
-93.6391
-93.374
-93.1165
-92.8685
-92.6306
-92.4025
-92.1836
-91.9734
-91.7712
-91.5763
-91.3882
-91.2063
-91.0302
-90.8594
-90.6935
-90.5321
-90.3748
-90.2215
-90.0716
-89.9251
-89.7815
-89.6406
-89.5022
-89.3661
-89.232
-89.0998
-88.9692
-88.8401
-88.7122
-88.5854
-88.4596
-88.3346
-88.2101
-88.0861
-87.9624
-87.8388
-87.7152
-87.5914
-87.4673
-87.3427
-87.2174
-87.0913
-86.9641
-86.8359
-86.7062
-86.5749
-86.4419
-86.3069
-86.1696
-86.0298
-85.8872
-85.7415
-85.5924
-85.4395
-85.2824
-85.1206
-84.9537
-84.7809
-84.6017
-84.4153
-84.2209
-84.0173
-83.8034
-83.5777
-83.3385
-83.0837
-82.8108
-82.5164
-82.1966
-81.8459
-81.4574
-81.0216
-80.525
-79.9481
-79.261
-78.4144
-77.321
-75.8052
-73.4441
-68.8579
-54.0042
34.9015
49.7689
47.1438
37.1594
18.0113
0.340871
-11.3473
-21.9052
-32.6036
-47.5073
-81.8566
-94.7764
-94.9888
-94.9884
-94.9772
-94.9535
-94.9074
-94.8255
-94.6957
-94.5153
-94.2928
-94.043
-93.7803
-93.5154
-93.2549
-93.0021
-92.7586
-92.5246
-92.2999
-92.084
-91.8763
-91.6762
-91.4832
-91.2967
-91.1161
-90.9411
-90.7712
-90.6061
-90.4453
-90.2885
-90.1354
-89.9857
-89.8391
-89.6953
-89.5542
-89.4154
-89.2788
-89.1442
-89.0112
-88.8798
-88.7498
-88.6209
-88.493
-88.3659
-88.2395
-88.1136
-87.9881
-87.8627
-87.7373
-87.6118
-87.4859
-87.3596
-87.2327
-87.1049
-86.9762
-86.8463
-86.715
-86.5822
-86.4475
-86.3109
-86.172
-86.0305
-85.8863
-85.7389
-85.5881
-85.4334
-85.2744
-85.1107
-84.9417
-84.7669
-84.5855
-84.3968
-84.1998
-83.9935
-83.7766
-83.5477
-83.305
-83.0462
-82.7687
-82.4691
-82.1431
-81.7852
-81.3879
-80.9412
-80.4307
-79.8352
-79.1221
-78.2371
-77.0819
-75.4527
-72.8369
-67.423
-46.836
46.576
49.6119
46.2821
35.0195
15.2928
-1.20915
-12.5773
-23.2441
-33.6845
-49.9579
-85.5242
-94.852
-94.9902
-94.9878
-94.9757
-94.95
-94.9003
-94.8125
-94.6754
-94.4878
-94.2597
-94.0064
-93.7421
-93.4768
-93.2166
-92.9646
-92.7219
-92.4887
-92.2648
-92.0496
-91.8425
-91.643
-91.4504
-91.2642
-91.084
-90.9092
-90.7395
-90.5744
-90.4137
-90.2569
-90.1037
-89.9539
-89.8072
-89.6633
-89.5219
-89.3829
-89.246
-89.111
-88.9776
-88.8458
-88.7153
-88.5859
-88.4575
-88.3299
-88.2029
-88.0764
-87.9501
-87.824
-87.6979
-87.5716
-87.4449
-87.3177
-87.1898
-87.061
-86.9312
-86.8001
-86.6676
-86.5334
-86.3974
-86.2593
-86.1188
-85.9757
-85.8296
-85.6803
-85.5274
-85.3704
-85.209
-85.0426
-84.8707
-84.6927
-84.5077
-84.3151
-84.1137
-83.9025
-83.6801
-83.4449
-83.195
-82.9279
-82.6406
-82.3296
-81.9899
-81.6152
-81.1971
-80.7238
-80.1783
-79.5353
-78.7541
-77.7651
-76.4348
-74.4655
-71.007
-62.2449
-11.6227
49.9512
49.617
45.901
33.4729
12.6904
-3.09261
-14.2637
-25.1272
-35.0873
-53.3201
-89.0568
-94.9055
-94.9901
-94.9858
-94.9712
-94.9406
-94.8815
-94.7785
-94.6219
-94.4152
-94.1722
-93.91
-93.6419
-93.3766
-93.119
-92.8708
-92.6327
-92.4044
-92.1854
-91.975
-91.7726
-91.5776
-91.3893
-91.2073
-91.031
-90.86
-90.694
-90.5325
-90.3751
-90.2216
-90.0716
-89.9249
-89.7812
-89.6402
-89.5017
-89.3654
-89.2313
-89.0989
-88.9682
-88.8389
-88.711
-88.5841
-88.4581
-88.333
-88.2084
-88.0842
-87.9604
-87.8367
-87.7129
-87.589
-87.4648
-87.34
-87.2146
-87.0883
-86.961
-86.8326
-86.7027
-86.5713
-86.4381
-86.3029
-86.1654
-86.0254
-85.8826
-85.7367
-85.5873
-85.4341
-85.2767
-85.1147
-84.9473
-84.7742
-84.5947
-84.4078
-84.2129
-84.0087
-83.7942
-83.5679
-83.3279
-83.0723
-82.7983
-82.5028
-82.1815
-81.8291
-81.4385
-80.9999
-80.4999
-79.9183
-79.2246

