-70
-67.8335
-65
-60.0392
-46.05
23.5034
48.1075
25.0683
-12.5763
-26.5111
-39.947
-69.2553
-94.0027
-94.921
-94.9468
-94.9065
-94.8198
-94.6708
-94.4491
-94.1617
-93.8307
-93.4825
-93.1388
-92.8133
-92.5131
-92.2404
-91.9949
-91.7749
-91.5783
-91.4026
-91.2456
-91.1052
-90.9797
-90.8672
-90.7664
-90.6759
-90.5946
-90.5214
-90.4555
-90.396
-90.3422
-90.2934
-90.2492
-90.209
-90.1724
-90.1389
-90.1082
-90.08
-90.054
-90.0299
-90.0075
-89.9867
-89.9671
-89.9487
-89.9313
-89.9148
-89.8991
-89.8839
-89.8694
-89.8553
-89.8415
-89.8281
-89.8149
-89.8019
-89.7891
-89.7763
-89.7636
-89.751
-89.7383
-89.7255
-89.7127
-89.6998
-89.6867
-89.6735
-89.6601
-89.6466
-89.6329
-89.619
-89.6048
-89.5904
-89.5758
-89.5609
-89.5458
-89.5305
-89.5148
-89.4989
-89.4828
-89.4663
-89.4496
-89.4326
-89.4153
-89.3977
-89.3798
-89.3616
-89.3432
-89.3244
-89.3054
-89.286
-89.2664
-89.2465
-89.2262
-89.2057
-89.1849
-89.1638
-89.1424
-89.1208
-89.0988
-89.0765
-89.054
-89.0311
-89.008
-88.9846
-88.9609
-88.9369
-88.9126
-88.8881
-88.8633
-88.8382
-88.8128
-88.7871
-88.7612
-88.735
-88.7085
-88.6817
-88.6547
-88.6274
-88.5999
-88.5721
-88.544
-88.5156
-88.487
-88.4581
-88.429
-88.3996
-88.3699
-88.34
-88.3098
-88.2794
-88.2487
-88.2178
-88.1866
-88.1551
-88.1235
-88.0915
-88.0593
-88.0269
-87.9942
-87.9613
-87.9281
-87.8947
-87.861
-87.8271
-87.7929
-87.7586
-87.7239
-87.689
-87.6539
-87.6186
-87.583
-87.5471
-87.5111
-87.4748
-87.4382
-87.4014
-87.3644
-87.3271
-87.2896
-87.2519
-87.2139
-87.1757
-87.1373
-87.0986
-87.0597
-87.0205
-86.9811
-86.9415
-86.9016
-86.8615
-86.8212
-86.7806
-86.7398
-86.6987
-86.6574
-86.6159
-86.5741
-86.5321
-86.4898
-86.4473
-86.4046
-86.3616
-86.3184
-86.2749
-86.2312
-86.1872
-86.143
-86.0985
-86.0538
-86.0088
-85.9636
-85.9181
-85.8724
-85.8264
-85.7801
-85.7336
-85.6869
-85.6398
-85.5925
-85.5449
-85.4971
-85.449
-85.4006
-85.3519
-85.303
-85.2538
-85.2043
-85.1545
-85.1044
-85.054
-85.0033
-84.9524
-84.9011
-84.8495
-84.7976
-84.7454
-84.6929
-84.6401
-84.5869
-84.5335
-84.4796
-84.4255
-84.371
-84.3162
-84.261
-84.2054
-84.1495
-84.0933
-84.0366
-83.9796
-83.9222
-83.8644
-83.8062
-83.7477
-83.6886
-83.6292
-83.5694
-83.5091
-83.4484
-83.3872
-83.3256
-83.2635
-83.2009
-83.1378
-83.0742
-83.0101
-82.9455
-82.8804
-82.8147
-82.7485
-82.6816
-82.6142
-82.5462
-82.4776
-82.4083
-82.3384
-82.2679
-82.1966
-82.1246
-82.0519
-81.9785
-81.9043
-81.8293
-81.7535
-81.6768
-81.5993
-81.5209
-81.4415
-81.3612
-81.2799
-81.1976
-81.1142
-81.0297
-80.9441
-80.8572
-80.7692
-80.6798
-80.5891
-80.497
-80.4035
-80.3084
-80.2118
-80.1134
-80.0134
-79.9115
-79.8077
-79.7019
-79.594
-79.4838
-79.3713
-79.2563
-79.1387
-79.0182
-78.8948
-78.7683
-78.6384
-78.5049
-78.3676
-78.2261
-78.0803
-77.9296
-77.7738
-77.6124
-77.4449
-77.2708
-77.0894
-76.9
-76.7017
-76.4937
-76.2747
-76.0434
-75.7983
-75.5373
-75.2582
-74.9581
-74.6334
-74.2795
-73.8906
-73.4588
-72.9736
-72.4201
-71.7766
-71.0096
-70.0646
-68.8441
-67.1517
-64.5122
-59.372
-42.9672
33.0338
46.4718
19.9858
-11.4867
-24.8814
-38.5182
-65.7688
-93.7893
-94.9203
-94.9381
-94.8855
-94.776
-94.5862
-94.3006
-93.9273
-93.4967
-93.0461
-92.6064
-92.1971
-91.8275
-91.5004
-91.2145
-90.9665
-90.7526
-90.5688
-90.4115
-90.2772
-90.163
-90.0663
-89.9848
-89.9165
-89.8597
-89.8129
-89.7747
-89.7439
-89.7197
-89.7012
-89.6875
-89.6779
-89.672
-89.6692
-89.669
-89.6711
-89.6751
-89.6806
-89.6876
-89.6956
-89.7044
-89.714
-89.7242
-89.7347
-89.7456
-89.7566
-89.7677
-89.7788
-89.7898
-89.8006
-89.8113
-89.8217
-89.8319
-89.8417
-89.8512
-89.8602
-89.8689
-89.8771
-89.8849
-89.8922
-89.899
-89.9053
-89.9112
-89.9165
-89.9213
-89.9256
-89.9294
-89.9327
-89.9354
-89.9376
-89.9393
-89.9405
-89.9412
-89.9413
-89.9409
-89.94
-89.9386
-89.9367
-89.9342
-89.9313
-89.9279
-89.924
-89.9195
-89.9147
-89.9093
-89.9034
-89.8971
-89.8903
-89.8831
-89.8754
-89.8672
-89.8586
-89.8495
-89.84
-89.8301
-89.8197
-89.809
-89.7977
-89.7861
-89.7741
-89.7616
-89.7488
-89.7355
-89.7219
-89.7079
-89.6935
-89.6787
-89.6635
-89.648
-89.632
-89.6158
-89.5991
-89.5821
-89.5648
-89.5471
-89.529
-89.5106
-89.4919
-89.4728
-89.4534
-89.4337
-89.4136
-89.3933
-89.3726
-89.3516
-89.3302
-89.3086
-89.2867
-89.2644
-89.2419
-89.219
-89.1959
-89.1724
-89.1487
-89.1247
-89.1004
-89.0758
-89.051
-89.0258
-89.0004
-88.9748
-88.9488
-88.9226
-88.8961
-88.8694
-88.8423
-88.8151
-88.7875
-88.7597
-88.7317
-88.7034
-88.6749
-88.6461
-88.6171
-88.5878
-88.5582
-88.5285
-88.4985
-88.4682
-88.4377
-88.407
-88.3761
-88.3449
-88.3135
-88.2818
-88.2499
-88.2178
-88.1855
-88.153
-88.1202
-88.0872
-88.0539
-88.0205
-87.9868
-87.9529
-87.9188
-87.8845
-87.8499
-87.8152
-87.7802
-87.745
-87.7096
-87.674
-87.6382
-87.6021
-87.5659
-87.5294
-87.4927
-87.4558
-87.4187
-87.3814
-87.3439
-87.3061
-87.2682
-87.23
-87.1917
-87.1531
-87.1143
-87.0753
-87.0361
-86.9967
-86.9571
-86.9173
-86.8772
-86.837
-86.7965
-86.7559
-86.715
-86.6739
-86.6326
-86.5911
-86.5493
-86.5074
-86.4652
-86.4229
-86.3803
-86.3375
-86.2945
-86.2512
-86.2078
-86.1641
-86.1202
-86.0761
-86.0317
-85.9872
-85.9424
-85.8973
-85.8521
-85.8066
-85.7609
-85.715
-85.6688
-85.6224
-85.5757
-85.5288
-85.4817
-85.4343
-85.3867
-85.3388
-85.2907
-85.2423
-85.1937
-85.1448
-85.0956
-85.0462
-84.9965
-84.9466
-84.8964
-84.8459
-84.7951
-84.744
-84.6927
-84.6411
-84.5892
-84.5369
-84.4844
-84.4316
-84.3785
-84.325
-84.2713
-84.2172
-84.1628
-84.108
-84.053
-83.9976
-83.9418
-83.8857
-83.8292
-83.7723
-83.7151
-83.6575
-83.5995
-83.5411
-83.4823
-83.4231
-83.3635
-83.3034
-83.243
-83.182
-83.1207
-83.0588
-82.9965
-82.9337
-82.8704
-82.8066
-82.7423
-82.6774
-82.612
-82.546
-82.4795
-82.4123
-82.3446
-82.2762
-82.2072
-82.1376
-82.0673
-81.9963
-81.9245
-81.852
-81.7788
-81.7048
-81.63
-81.5543
-81.4778
-81.4004
-81.3221
-81.2428
-81.1626
-81.0813
-80.9989
-80.9155
-80.8309
-80.7452
-80.6581
-80.5699
-80.4802
-80.3892
-80.2967
-80.2027
-80.1071
-80.0099
-79.9109
-79.81
-79.7073
-79.6025
-79.4956
-79.3864
-79.2749
-79.1608
-79.0441
-78.9246
-78.8021
-78.6764
-78.5473
-78.4145
-78.2779
-78.1371
-77.9918
-77.8417
-77.6863
-77.5252
-77.358
-77.1839
-77.0025
-76.8129
-76.6143
-76.4056
-76.1856
-75.9531
-75.7063
-75.4433
-75.1615
-74.858
-74.529
-74.1697
-73.7738
-73.3331
-72.8361
-72.2668
-71.6014
-70.8029
-69.8098
-68.5096
-66.668
-63.6847
-57.3982
-33.4366
41.6467
44.3913
13.6949
-11.3847
-24.5515
-38.2525
-65.1746
-93.7794
-94.9213
-94.9219
-94.8473
-94.6979
-94.4413
-94.06
-93.5693
-93.0117
-92.4357
-91.8797
-91.3669
-90.908
-90.5052
-90.1563
-89.8568
-89.6014
-89.3849
-89.2025
-89.0499
-88.923
-88.8186
-88.7337
-88.6656
-88.6122
-88.5715
-88.5418
-88.5215
-88.5095
-88.5046
-88.5058
-88.5123
-88.5233
-88.5381
-88.5561
-88.5769
-88.6
-88.6251
-88.6517
-88.6796
-88.7085
-88.7382
-88.7685
-88.7992
-88.8301
-88.8612
-88.8922
-88.9231
-88.9538
-88.9842
-89.0143
-89.0439
-89.0731
-89.1017
-89.1298
-89.1573
-89.1842
-89.2104
-89.2359
-89.2608
-89.285
-89.3084
-89.3311
-89.3531
-89.3744
-89.3949
-89.4147
-89.4338
-89.452
-89.4696
-89.4864
-89.5025
-89.5178
-89.5324
-89.5463
-89.5595
-89.5719
-89.5837
-89.5947
-89.605
-89.6147
-89.6236
-89.6319
-89.6395
-89.6465
-89.6528
-89.6584
-89.6634
-89.6678
-89.6716
-89.6747
-89.6772
-89.6791
-89.6804
-89.6811
-89.6813
-89.6808
-89.6798
-89.6783
-89.6762
-89.6735
-89.6703
-89.6666
-89.6623
-89.6575
-89.6523
-89.6465
-89.6402
-89.6334
-89.6261
-89.6184
-89.6102
-89.6015
-89.5923
-89.5827
-89.5726
-89.5621
-89.5512
-89.5398
-89.528
-89.5158
-89.5032
-89.4901
-89.4767
-89.4628
-89.4486
-89.4339
-89.4189
-89.4035
-89.3877
-89.3716
-89.3551
-89.3382
-89.3209
-89.3033
-89.2854
-89.2671
-89.2485
-89.2295
-89.2102
-89.1906
-89.1706
-89.1503
-89.1298
-89.1088
-89.0876
-89.0661
-89.0443
-89.0221
-88.9997
-88.977
-88.9539
-88.9306
-88.907
-88.8832
-88.859
-88.8346
-88.8099
-88.7849
-88.7597
-88.7341
-88.7084
-88.6823
-88.656
-88.6295
-88.6027
-88.5756
-88.5483
-88.5208
-88.493
-88.4649
-88.4367
-88.4081
-88.3794
-88.3504
-88.3212
-88.2917
-88.262
-88.2321
-88.202
-88.1716
-88.141
-88.1102
-88.0792
-88.0479
-88.0165
-87.9848
-87.9529
-87.9208
-87.8885
-87.8559
-87.8232
-87.7902
-87.7571
-87.7237
-87.6901
-87.6564
-87.6224
-87.5882
-87.5538
-87.5192
-87.4844
-87.4495
-87.4143
-87.3789
-87.3433
-87.3075
-87.2716
-87.2354
-87.199
-87.1625
-87.1257
-87.0887
-87.0516
-87.0142
-86.9767
-86.939
-86.9011
-86.863
-86.8246
-86.7861
-86.7474
-86.7085
-86.6695
-86.6302
-86.5907
-86.551
-86.5112
-86.4711
-86.4309
-86.3904
-86.3498
-86.309
-86.2679
-86.2267
-86.1853
-86.1436
-86.1018
-86.0598
-86.0175
-85.9751
-85.9325
-85.8896
-85.8466
-85.8034
-85.7599
-85.7162
-85.6724
-85.6283
-85.584
-85.5395
-85.4947
-85.4498
-85.4046
-85.3593
-85.3136
-85.2678
-85.2218
-85.1755
-85.129
-85.0822
-85.0353
-84.988
-84.9406
-84.8929
-84.845
-84.7968
-84.7483
-84.6997
-84.6507
-84.6015
-84.5521
-84.5023
-84.4523
-84.4021
-84.3515
-84.3007
-84.2496
-84.1982
-84.1465
-84.0945
-84.0423
-83.9897
-83.9368
-83.8836
-83.83
-83.7762
-83.722
-83.6675
-83.6126
-83.5574
-83.5018
-83.4459
-83.3895
-83.3329
-83.2758
-83.2183
-83.1605
-83.1022
-83.0435
-82.9844
-82.9248
-82.8648
-82.8044
-82.7434
-82.682
-82.6202
-82.5578
-82.4949
-82.4314
-82.3675
-82.3029
-82.2378
-82.1722
-82.1059
-82.039
-81.9715
-81.9033
-81.8344
-81.7649
-81.6946
-81.6236
-81.5519
-81.4793
-81.406
-81.3318
-81.2567
-81.1808
-81.1039
-81.0261
-80.9473
-80.8674
-80.7865
-80.7045
-80.6213
-80.5369
-80.4513
-80.3643
-80.276
-80.1863
-80.0951
-80.0024
-79.908
-79.8119
-79.714
-79.6143
-79.5126
-79.4088
-79.3028
-79.1946
-79.0838
-78.9705
-78.8545
-78.7355
-78.6135
-78.4881
-78.3592
-78.2266
-78.0899
-77.9488
-77.803
-77.6522
-77.4959
-77.3336
-77.1647
-76.9887
-76.8049
-76.6123
-76.4102
-76.1972
-75.9723
-75.7337
-75.4797
-75.2079
-74.9156
-74.5994
-74.2548
-73.8761
-73.456
-72.9842
-72.4468
-71.8232
-71.0822
-70.1733
-69.0075
-67.4088
-64.9637
-60.3869
-47.0443
21.4704
48.7307
29.9978
-9.49031
-22.6243
-36.6226
-61.05
-92.7206
-94.8596
-94.9111
-94.8381
-94.6824
-94.4094
-93.9927
-93.4407
-92.7977
-92.1204
-91.4575
-90.8403
-90.2845
-89.795
-89.3702
-89.0055
-88.6949
-88.4324
-88.2121
-88.0286
-87.8774
-87.7541
-87.6551
-87.5773
-87.5179
-87.4744
-87.4446
-87.4269
-87.4195
-87.4211
-87.4304
-87.4463
-87.468
-87.4945
-87.5251
-87.5593
-87.5964
-87.636
-87.6776
-87.7209
-87.7655
-87.8111
-87.8575
-87.9044
-87.9517
-87.9991
-88.0466
-88.094
-88.1411
-88.1879
-88.2343
-88.2802
-88.3255
-88.3702
-88.4142
-88.4575
-88.5
-88.5417
-88.5827
-88.6227
-88.662
-88.7003
-88.7378
-88.7743
-88.81
-88.8447
-88.8785
-88.9114
-88.9434
-88.9745
-89.0046
-89.0339
-89.0622
-89.0897
-89.1162
-89.1419
-89.1666
-89.1905
-89.2135
-89.2357
-89.257
-89.2774
-89.2971
-89.3159
-89.3338
-89.351
-89.3674
-89.3829
-89.3977
-89.4117
-89.425
-89.4375
-89.4493
-89.4603
-89.4706
-89.4802
-89.489
-89.4972
-89.5047
-89.5115
-89.5176
-89.5231
-89.5279
-89.5321
-89.5356
-89.5386
-89.5409
-89.5426
-89.5437
-89.5442
-89.5441
-89.5434
-89.5422
-89.5404
-89.5381
-89.5352
-89.5318
-89.5278
-89.5233
-89.5183
-89.5129
-89.5069
-89.5004
-89.4934
-89.486
-89.478
-89.4696
-89.4608
-89.4515
-89.4417
-89.4315
-89.4209
-89.4099
-89.3984
-89.3865
-89.3742
-89.3615
-89.3484
-89.3349
-89.321
-89.3067
-89.292
-89.277
-89.2616
-89.2458
-89.2297
-89.2132
-89.1964
-89.1792
-89.1617
-89.1439
-89.1257
-89.1072
-89.0883
-89.0692
-89.0497
-89.0299
-89.0098
-88.9894
-88.9687
-88.9477
-88.9265
-88.9049
-88.883
-88.8609
-88.8385
-88.8158
-88.7928
-88.7696
-88.746
-88.7223
-88.6982
-88.674
-88.6494
-88.6246
-88.5996
-88.5743
-88.5487
-88.523
-88.4969
-88.4707
-88.4442
-88.4175
-88.3905
-88.3633
-88.3359
-88.3083
-88.2804
-88.2524
-88.2241
-88.1956
-88.1668
-88.1379
-88.1088
-88.0794
-88.0499
-88.0201
-87.9901
-87.96
-87.9296
-87.8991
-87.8683
-87.8373
-87.8062
-87.7748
-87.7433
-87.7116
-87.6797
-87.6476
-87.6153
-87.5828
-87.5501
-87.5173
-87.4843
-87.4511
-87.4177
-87.3841
-87.3503
-87.3164
-87.2823
-87.248
-87.2136
-87.1789
-87.1441
-87.1091
-87.074
-87.0386
-87.0031
-86.9674
-86.9316
-86.8956
-86.8594
-86.823
-86.7865
-86.7498
-86.7129
-86.6758
-86.6386
-86.6012
-86.5637
-86.5259
-86.488
-86.45
-86.4117
-86.3733
-86.3347
-86.296
-86.257
-86.2179
-86.1787
-86.1392
-86.0996
-86.0598
-86.0199
-85.9797
-85.9394
-85.8989
-85.8583
-85.8174
-85.7764
-85.7352
-85.6938
-85.6523
-85.6105
-85.5686
-85.5265
-85.4842
-85.4418
-85.3991
-85.3562
-85.3132
-85.2699
-85.2265
-85.1829
-85.1391
-85.0951
-85.0508
-85.0064
-84.9618
-84.917
-84.872
-84.8267
-84.7813
-84.7356
-84.6897
-84.6436
-84.5973
-84.5507
-84.5039
-84.4569
-84.4097
-84.3622
-84.3145
-84.2666
-84.2184
-84.1699
-84.1212
-84.0723
-84.0231
-83.9736
-83.9238
-83.8738
-83.8235
-83.773
-83.7221
-83.671
-83.6195
-83.5678
-83.5157
-83.4634
-83.4107
-83.3577
-83.3044
-83.2507
-83.1967
-83.1423
-83.0876
-83.0325
-82.9771
-82.9213
-82.8651
-82.8084
-82.7514
-82.694
-82.6361
-82.5779
-82.5191
-82.4599
-82.4003
-82.3401
-82.2795
-82.2184
-82.1568
-82.0946
-82.0319
-81.9686
-81.9047
-81.8403
-81.7752
-81.7096
-81.6432
-81.5762
-81.5086
-81.4402
-81.3711
-81.3012
-81.2305
-81.1591
-81.0868
-81.0137
-80.9396
-80.8646
-80.7887
-80.7118
-80.6338
-80.5548
-80.4747
-80.3934
-80.3109
-80.2271
-80.142
-80.0555
-79.9676
-79.8782
-79.7873
-79.6947
-79.6003
-79.5042
-79.4061
-79.3061
-79.2039
-79.0995
-78.9928
-78.8835
-78.7716
-78.6569
-78.5392
-78.4183
-78.294
-78.1661
-78.0343
-77.8983
-77.7578
-77.6124
-77.4617
-77.3053
-77.1427
-76.9732
-76.7963
-76.611
-76.4166
-76.2121
-75.9961
-75.7673
-75.5239
-75.2639
-74.9848
-74.6833
-74.3555
-73.9966
-73.5997
-73.1562
-72.6538
-72.0754
-71.3949
-70.572
-69.5376
-68.1628
-66.1684
-62.7969
-55.0019
-19.6571
47.6433
44.1758
11.9351
-11.7629
-25.0175
-38.6917
-66.2838
-93.8818
-94.9083
-94.8889
-94.7779
-94.5604
-94.192
-93.6548
-92.9792
-92.229
-91.4698
-90.7495
-90.095
-89.5167
-89.0151
-88.5856
-88.2215
-87.9152
-87.6597
-87.4485
-87.2756
-87.136
-87.0253
-86.9395
-86.8754
-86.8299
-86.8006
-86.7853
-86.782
-86.7891
-86.8051
-86.8289
-86.8592
-86.895
-86.9357
-86.9803
-87.0283
-87.0791
-87.1322
-87.1872
-87.2437
-87.3013
-87.3597
-87.4188
-87.4782
-87.5378
-87.5973
-87.6568
-87.7159
-87.7747
-87.8329
-87.8906
-87.9476
-88.0038
-88.0593
-88.114
-88.1678
-88.2206
-88.2726
-88.3235
-88.3735
-88.4225
-88.4705
-88.5175
-88.5634
-88.6083
-88.6521
-88.6949
-88.7367
-88.7774
-88.8171
-88.8558
-88.8934
-88.9301
-88.9657
-89.0003
-89.0338
-89.0665
-89.0981
-89.1287
-89.1584
-89.1872
-89.2149
-89.2418
-89.2677
-89.2927
-89.3169
-89.3401
-89.3624
-89.3839
-89.4045
-89.4243
-89.4432
-89.4613
-89.4786
-89.4951
-89.5108
-89.5257
-89.5398
-89.5532
-89.5658
-89.5777
-89.5888
-89.5992
-89.6089
-89.618
-89.6263
-89.6339
-89.6409
-89.6472
-89.6528
-89.6578
-89.6622
-89.6659
-89.6691
-89.6716
-89.6735
-89.6749
-89.6756
-89.6758
-89.6754
-89.6745
-89.673
-89.671
-89.6684
-89.6653
-89.6617
-89.6577
-89.6531
-89.648
-89.6424
-89.6363
-89.6298
-89.6228
-89.6154
-89.6075
-89.5991
-89.5903
-89.5811
-89.5715
-89.5614
-89.5509
-89.54
-89.5288
-89.5171
-89.505
-89.4926
-89.4798
-89.4666
-89.453
-89.4391
-89.4248
-89.4101
-89.3952
-89.3798
-89.3642
-89.3482
-89.3319
-89.3152
-89.2983
-89.281
-89.2634
-89.2455
-89.2273
-89.2088
-89.19
-89.1709
-89.1516
-89.1319
-89.112
-89.0918
-89.0714
-89.0506
-89.0296
-89.0084
-88.9868
-88.9651
-88.9431
-88.9208
-88.8983
-88.8755
-88.8525
-88.8293
-88.8058
-88.7822
-88.7582
-88.7341
-88.7097
-88.6851
-88.6603
-88.6353
-88.6101
-88.5847
-88.559
-88.5332
-88.5071
-88.4808
-88.4544
-88.4277
-88.4009
-88.3739
-88.3466
-88.3192
-88.2916
-88.2638
-88.2359
-88.2077
-88.1794
-88.1509
-88.1222
-88.0933
-88.0643
-88.0351
-88.0057
-87.9761
-87.9464
-87.9165
-87.8865
-87.8563
-87.8259
-87.7954
-87.7647
-87.7338
-87.7028
-87.6716
-87.6403
-87.6088
-87.5772
-87.5454
-87.5135
-87.4814
-87.4492
-87.4168
-87.3842
-87.3516
-87.3187
-87.2858
-87.2526
-87.2194
-87.186
-87.1524
-87.1187
-87.0849
-87.0509
-87.0167
-86.9825
-86.9481
-86.9135
-86.8788
-86.844
-86.809
-86.7739
-86.7387
-86.7033
-86.6678
-86.6321
-86.5963
-86.5604
-86.5243
-86.4881
-86.4517
-86.4152
-86.3786
-86.3418
-86.3049
-86.2679
-86.2307
-86.1933
-86.1559
-86.1183
-86.0805
-86.0426
-86.0046
-85.9664
-85.9281
-85.8897
-85.8511
-85.8123
-85.7734
-85.7344
-85.6952
-85.6559
-85.6164
-85.5768
-85.537
-85.4971
-85.457
-85.4168
-85.3764
-85.3359
-85.2952
-85.2544
-85.2134
-85.1723
-85.1309
-85.0895
-85.0478
-85.006
-84.9641
-84.9219
-84.8796
-84.8371
-84.7945
-84.7517
-84.7087
-84.6655
-84.6221
-84.5786
-84.5349
-84.491
-84.4469
-84.4026
-84.3581
-84.3134
-84.2686
-84.2235
-84.1782
-84.1327
-84.087
-84.0411
-83.995
-83.9487
-83.9021
-83.8553
-83.8083
-83.761
-83.7135
-83.6658
-83.6178
-83.5695
-83.5211
-83.4723
-83.4233
-83.374
-83.3245
-83.2746
-83.2245
-83.1741
-83.1234
-83.0724
-83.0211
-82.9695
-82.9175
-82.8653
-82.8126
-82.7597
-82.7064
-82.6527
-82.5987
-82.5443
-82.4896
-82.4344
-82.3788
-82.3228
-82.2664
-82.2096
-82.1523
-82.0946
-82.0364
-81.9777
-81.9185
-81.8588
-81.7986
-81.7379
-81.6766
-81.6147
-81.5523
-81.4893
-81.4256
-81.3613
-81.2964
-81.2307
-81.1644
-81.0973
-81.0295
-80.9609
-80.8915
-80.8213
-80.7502
-80.6782
-80.6053
-80.5315
-80.4566
-80.3807
-80.3037
-80.2256
-80.1463
-80.0659
-79.9841
-79.901
-79.8165
-79.7306
-79.6431
-79.5541
-79.4634
-79.3709
-79.2766
-79.1803
-79.082
-78.9816
-78.8788
-78.7736
-78.6659
-78.5554
-78.4421
-78.3257
-78.206
-78.0828
-77.9558
-77.8247
-77.6893
-77.5492
-77.4041
-77.2534
-77.0967
-76.9334
-76.7629
-76.5846
-76.3974
-76.2005
-75.9927
-75.7727
-75.5389
-75.2894
-75.0217
-74.733
-74.4197
-74.0773
-73.6997
-73.2791
-72.8048
-72.2617
-71.6276
-70.8687
-69.9287
-68.707
-66.9982
-64.2963
-58.889
-40.4931
36.6947
45.5987
17.1254
-11.4609
-24.7748
-38.4358
-65.6002
-93.7896
-94.9007
-94.8896
-94.784
-94.5747
-94.2154
-93.6778
-92.9791
-92.177
-91.3419
-90.5312
-89.7813
-89.1098
-88.5212
-88.0129
-87.5786
-87.2108
-86.9017
-86.6442
-86.4316
-86.2583
-86.119
-86.0094
-85.9256
-85.8641
-85.8221
-85.7971
-85.7867
-85.7891
-85.8025
-85.8254
-85.8566
-85.8948
-85.9391
-85.9886
-86.0425
-86.1001
-86.1608
-86.2241
-86.2895
-86.3566
-86.425
-86.4945
-86.5646
-86.6352
-86.7061
-86.777
-86.8478
-86.9184
-86.9885
-87.0582
-87.1272
-87.1955
-87.2631
-87.3298
-87.3957
-87.4606
-87.5245
-87.5874
-87.6493
-87.71
-87.7697
-87.8283
-87.8857
-87.942
-87.9972
-88.0512
-88.104
-88.1557
-88.2063
-88.2557
-88.304
-88.3511
-88.397
-88.4419
-88.4856
-88.5282
-88.5697
-88.6101
-88.6494
-88.6876
-88.7248
-88.7609
-88.796
-88.83
-88.863
-88.895
-88.926
-88.956
-88.985
-89.0131
-89.0402
-89.0663
-89.0916
-89.1159
-89.1393
-89.1618
-89.1835
-89.2043
-89.2242
-89.2432
-89.2615
-89.2789
-89.2955
-89.3113
-89.3263
-89.3405
-89.354
-89.3667
-89.3787
-89.3899
-89.4004
-89.4103
-89.4194
-89.4278
-89.4355
-89.4426
-89.449
-89.4547
-89.4598
-89.4643
-89.4681
-89.4714
-89.474
-89.4761
-89.4775
-89.4784
-89.4787
-89.4785
-89.4777
-89.4764
-89.4745
-89.4721
-89.4692
-89.4658
-89.4619
-89.4574
-89.4525
-89.4472
-89.4413
-89.435
-89.4283
-89.421
-89.4134
-89.4053
-89.3968
-89.3878
-89.3785
-89.3687
-89.3585
-89.348
-89.337
-89.3256
-89.3139
-89.3018
-89.2894
-89.2765
-89.2633
-89.2498
-89.2359
-89.2217
-89.2071
-89.1922
-89.177
-89.1615
-89.1457
-89.1295
-89.113
-89.0963
-89.0792
-89.0618
-89.0442
-89.0262
-89.008
-88.9895
-88.9708
-88.9517
-88.9324
-88.9129
-88.8931
-88.873
-88.8527
-88.8321
-88.8113
-88.7903
-88.769
-88.7474
-88.7257
-88.7037
-88.6815
-88.6591
-88.6365
-88.6136
-88.5905
-88.5673
-88.5438
-88.5201
-88.4962
-88.4721
-88.4478
-88.4233
-88.3987
-88.3738
-88.3487
-88.3235
-88.2981
-88.2725
-88.2467
-88.2208
-88.1946
-88.1683
-88.1419
-88.1152
-88.0884
-88.0615
-88.0343
-88.007
-87.9796
-87.952
-87.9242
-87.8963
-87.8682
-87.84
-87.8116
-87.7831
-87.7544
-87.7256
-87.6967
-87.6676
-87.6383
-87.6089
-87.5794
-87.5497
-87.5199
-87.49
-87.4599
-87.4297
-87.3994
-87.3689
-87.3383
-87.3076
-87.2767
-87.2457
-87.2146
-87.1833
-87.152
-87.1205
-87.0889
-87.0571
-87.0253
-86.9933
-86.9612
-86.9289
-86.8966
-86.8641
-86.8315
-86.7988
-86.766
-86.733
-86.7
-86.6668
-86.6335
-86.6001
-86.5665
-86.5329
-86.4991
-86.4652
-86.4313
-86.3971
-86.3629
-86.3286
-86.2941
-86.2595
-86.2249
-86.1901
-86.1551
-86.1201
-86.085
-86.0497
-86.0143
-85.9788
-85.9432
-85.9075
-85.8717
-85.8357
-85.7996
-85.7634
-85.7271
-85.6907
-85.6542
-85.6175
-85.5807
-85.5438
-85.5068
-85.4697
-85.4324
-85.395
-85.3575
-85.3199
-85.2821
-85.2442
-85.2062
-85.1681
-85.1298
-85.0914
-85.0529
-85.0142
-84.9755
-84.9365
-84.8975
-84.8583
-84.819
-84.7795
-84.7399
-84.7001
-84.6603
-84.6202
-84.58
-84.5397
-84.4993
-84.4586
-84.4179
-84.3769
-84.3358
-84.2946
-84.2532
-84.2116
-84.1699
-84.128
-84.086
-84.0437
-84.0013
-83.9587
-83.916
-83.873
-83.8299
-83.7866
-83.7431
-83.6994
-83.6555
-83.6114
-83.5672
-83.5227
-83.478
-83.4331
-83.3879
-83.3426
-83.297
-83.2512
-83.2052
-83.1589
-83.1124
-83.0656
-83.0186
-82.9713
-82.9238
-82.876
-82.8279
-82.7796
-82.731
-82.6821
-82.6328
-82.5833
-82.5335
-82.4834
-82.4329
-82.3821
-82.331
-82.2795
-82.2277
-82.1754
-82.1229
-82.0699
-82.0166
-81.9628
-81.9086
-81.8541
-81.799
-81.7436
-81.6876
-81.6312
-81.5743
-81.517
-81.459
-81.4006
-81.3416
-81.2821
-81.222
-81.1613
-81.0999
-81.038
-80.9754
-80.9121
-80.8481
-80.7833
-80.7179
-80.6516
-80.5846
-80.5167
-80.4479
-80.3783
-80.3077
-80.2361
-80.1636
-80.09
-80.0153
-79.9394
-79.8624
-79.7842
-79.7047
-79.6238
-79.5415
-79.4577
-79.3724
-79.2854
-79.1968
-79.1063
-79.014
-78.9197
-78.8232
-78.7246
-78.6236
-78.5201
-78.4139
-78.305
-78.193
-78.0779
-77.9594
-77.8372
-77.711
-77.5806
-77.4457
-77.3059
-77.1606
-77.0096
-76.8522
-76.6879
-76.5158
-76.3354
-76.1455
-75.9451
-75.733
-75.5075
-75.267
-75.0091
-74.7312
-74.4299
-74.1008
-73.7386
-73.3359
-72.8829
-72.366
-71.7653
-71.0508
-70.1738
-69.0494
-67.5106
-65.1691
-60.8352
-48.515
15.4118
49.3951
35.1783
-5.76611
-19.3913
-33.4382
-53.592
-89.5274
-94.7693
-94.8918
-94.8046
-94.6123
-94.269
-93.7354
-93.0187
-92.1762
-91.285
-90.4116
-89.5995
-88.8703
-88.2307
-87.6787
-87.2078
-86.8099
-86.4767
-86.2002
-85.9732
-85.7892
-85.6426
-85.5285
-85.4426
-85.3811
-85.3408
-85.3189
-85.3129
-85.3206
-85.3402
-85.3701
-85.4088
-85.455
-85.5077
-85.5659
-85.6288
-85.6955
-85.7654
-85.8381
-85.9129
-85.9894
-86.0672
-86.146
-86.2255
-86.3054
-86.3855
-86.4656
-86.5455
-86.625
-86.704
-86.7825
-86.8602
-86.9371
-87.0131
-87.0882
-87.1623
-87.2354
-87.3073
-87.3781
-87.4478
-87.5163
-87.5836
-87.6497
-87.7145
-87.7781
-87.8405
-87.9016
-87.9615
-88.0201
-88.0775
-88.1336
-88.1885
-88.2422
-88.2946
-88.3459
-88.3959
-88.4447
-88.4923
-88.5388
-88.5841
-88.6282
-88.6712
-88.713
-88.7538
-88.7934
-88.8319
-88.8694
-88.9057
-88.941
-88.9753
-89.0086
-89.0408
-89.072
-89.1022
-89.1314
-89.1597
-89.187
-89.2134
-89.2389
-89.2634
-89.287
-89.3098
-89.3316
-89.3526
-89.3728
-89.3921
-89.4106
-89.4282
-89.4451
-89.4611
-89.4764
-89.4909
-89.5047
-89.5177
-89.5299
-89.5415
-89.5523
-89.5624
-89.5719
-89.5806
-89.5887
-89.5961
-89.6029
-89.6091
-89.6146
-89.6194
-89.6237
-89.6274
-89.6305
-89.633
-89.6349
-89.6363
-89.6371
-89.6373
-89.6371
-89.6363
-89.6349
-89.6331
-89.6308
-89.6279
-89.6246
-89.6208
-89.6165
-89.6118
-89.6066
-89.6009
-89.5948
-89.5883
-89.5813
-89.574
-89.5662
-89.558
-89.5494
-89.5404
-89.531
-89.5212
-89.5111
-89.5005
-89.4897
-89.4784
-89.4668
-89.4549
-89.4426
-89.43
-89.4171
-89.4038
-89.3902
-89.3763
-89.3621
-89.3476
-89.3327
-89.3176
-89.3022
-89.2865
-89.2705
-89.2543
-89.2378
-89.221
-89.2039
-89.1866
-89.169
-89.1512
-89.1331
-89.1148
-89.0962
-89.0774
-89.0584
-89.0391
-89.0196
-88.9999
-88.9799
-88.9598
-88.9394
-88.9188
-88.8981
-88.8771
-88.8559
-88.8345
-88.8129
-88.7911
-88.7692
-88.747
-88.7247
-88.7021
-88.6794
-88.6566
-88.6335
-88.6103
-88.5869
-88.5633
-88.5396
-88.5157
-88.4917
-88.4675
-88.4431
-88.4186
-88.3939
-88.3691
-88.3441
-88.319
-88.2938
-88.2684
-88.2428
-88.2171
-88.1913
-88.1654
-88.1393
-88.113
-88.0867
-88.0602
-88.0336
-88.0069
-87.98
-87.953
-87.9259
-87.8987
-87.8713
-87.8439
-87.8163
-87.7886
-87.7608
-87.7328
-87.7048
-87.6767
-87.6484
-87.62
-87.5916
-87.563
-87.5343
-87.5055
-87.4766
-87.4476
-87.4185
-87.3893
-87.36
-87.3306
-87.3011
-87.2714
-87.2417
-87.212
-87.1821
-87.1521
-87.122
-87.0918
-87.0615
-87.0312
-87.0007
-86.9702
-86.9395
-86.9088
-86.878
-86.8471
-86.8161
-86.785
-86.7538
-86.7226
-86.6912
-86.6598
-86.6283
-86.5966
-86.5649
-86.5332
-86.5013
-86.4693
-86.4373
-86.4052
-86.373
-86.3407
-86.3083
-86.2758
-86.2433
-86.2106
-86.1779
-86.1451
-86.1122
-86.0792
-86.0462
-86.013
-85.9798
-85.9465
-85.9131
-85.8796
-85.846
-85.8124
-85.7786
-85.7448
-85.7109
-85.6769
-85.6428
-85.6086
-85.5743
-85.54
-85.5056
-85.471
-85.4364
-85.4017
-85.3669
-85.332
-85.297
-85.262
-85.2268
-85.1915
-85.1562
-85.1207
-85.0852
-85.0495
-85.0138
-84.978
-84.942
-84.906
-84.8699
-84.8336
-84.7973
-84.7609
-84.7243
-84.6877
-84.6509
-84.6141
-84.5771
-84.54
-84.5028
-84.4655
-84.4281
-84.3906
-84.3529
-84.3152
-84.2773
-84.2393
-84.2011
-84.1629
-84.1245
-84.086
-84.0474
-84.0086
-83.9697
-83.9307
-83.8915
-83.8522
-83.8127
-83.7732
-83.7334
-83.6935
-83.6535
-83.6133
-83.5729
-83.5325
-83.4918
-83.451
-83.41
-83.3688
-83.3275
-83.286
-83.2443
-83.2024
-83.1604
-83.1181
-83.0757
-83.0331
-82.9903
-82.9472
-82.904
-82.8606
-82.8169
-82.773
-82.7289
-82.6846
-82.64
-82.5952
-82.5502
-82.5049
-82.4593
-82.4135
-82.3674
-82.3211
-82.2744
-82.2275
-82.1803
-82.1328
-82.085
-82.0368
-81.9884
-81.9396
-81.8905
-81.841
-81.7912
-81.741
-81.6904
-81.6395
-81.5881
-81.5364
-81.4842
-81.4316
-81.3786
-81.3251
-81.2712
-81.2167
-81.1618
-81.1064
-81.0504
-80.9939
-80.9368
-80.8792
-80.821
-80.7621
-80.7026
-80.6425
-80.5817
-80.5202
-80.4579
-80.3949
-80.3311
-80.2665
-80.2011
-80.1348
-80.0676
-79.9994
-79.9303
-79.8601
-79.7889
-79.7166
-79.6431
-79.5685
-79.4925
-79.4153
-79.3367
-79.2566
-79.175
-79.0918
-79.007
-78.9204
-78.832
-78.7416
-78.6491
-78.5545
-78.4576
-78.3582
-78.2563
-78.1516
-78.044
-77.9332
-77.8191
-77.7014
-77.5799
-77.4542
-77.3241
-77.1891
-77.0489
-76.903
-76.7509
-76.592
-76.4255
-76.2508
-76.0669
-75.8727
-75.667
-75.4484
-75.215
-74.9647
-74.6949
-74.4023
-74.0829
-73.7312
-73.3404
-72.9011
-72.4002
-71.8191
-71.1294
-70.2861
-69.2107
-67.7523
-65.5684
-61.653
-51.3094
1.86569
49.7778
42.4708
5.2511
-13.2991
-26.7287
-40.2705
-70.1051
-94.1565
-94.8917
-94.8403
-94.6777
-94.3686
-93.86
-93.143
-92.2701
-91.327
-90.3928
-89.5207
-88.738
-88.0536
-87.4654
-86.9664
-86.5471
-86.1982
-85.9106
-85.6764
-85.4882
-85.34
-85.2263
-85.1424
-85.0842
-85.0483
-85.0315
-85.0313
-85.0454
-85.0718
-85.1087
-85.1546
-85.2082
-85.2684
-85.3342
-85.4045
-85.4788
-85.5562
-85.6363
-85.7185
-85.8023
-85.8873
-85.9732
-86.0596
-86.1464
-86.2333
-86.32
-86.4064
-86.4924
-86.5777
-86.6624
-86.7462
-86.8291
-86.9111
-86.992
-87.0718
-87.1504
-87.2279
-87.3042
-87.3792
-87.4529
-87.5254
-87.5966
-87.6664
-87.735
-87.8022
-87.8681
-87.9327
-87.996
-88.058
-88.1187
-88.178
-88.2361
-88.2929
-88.3484
-88.4027
-88.4557
-88.5074
-88.5579
-88.6072
-88.6553
-88.7022
-88.7479
-88.7925
-88.8358
-88.8781
-88.9192
-88.9592
-88.9981
-89.0359
-89.0726
-89.1083
-89.1429
-89.1765
-89.209
-89.2406
-89.2711
-89.3007
-89.3293
-89.357
-89.3837
-89.4095
-89.4344
-89.4584
-89.4815
-89.5037
-89.5251
-89.5456
-89.5653
-89.5841
-89.6022
-89.6194
-89.6359
-89.6516
-89.6665
-89.6807
-89.6941
-89.7068
-89.7188
-89.7301
-89.7407
-89.7506
-89.7598
-89.7683
-89.7763
-89.7835
-89.7902
-89.7962
-89.8016
-89.8064
-89.8106
-89.8142
-89.8173
-89.8198
-89.8218
-89.8231
-89.824
-89.8243
-89.8242
-89.8235
-89.8223
-89.8206
-89.8184
-89.8158
-89.8127
-89.8091
-89.805
-89.8006
-89.7956
-89.7903
-89.7845
-89.7783
-89.7717
-89.7647
-89.7573
-89.7496
-89.7414
-89.7328
-89.7239
-89.7146
-89.705
-89.695
-89.6847
-89.674
-89.663
-89.6517
-89.64
-89.628
-89.6157
-89.6031
-89.5902
-89.577
-89.5635
-89.5498
-89.5357
-89.5214
-89.5068
-89.4919
-89.4767
-89.4613
-89.4457
-89.4298
-89.4136
-89.3972
-89.3806
-89.3637
-89.3466
-89.3293
-89.3117
-89.2939
-89.2759
-89.2577
-89.2393
-89.2207
-89.2018
-89.1828
-89.1636
-89.1442
-89.1246
-89.1048
-89.0848
-89.0647
-89.0443
-89.0238
-89.0031
-88.9823
-88.9613
-88.9401
-88.9187
-88.8972
-88.8756
-88.8538
-88.8318
-88.8097
-88.7874
-88.765
-88.7424
-88.7197
-88.6969
-88.6739
-88.6508
-88.6275
-88.6042
-88.5807
-88.557
-88.5333
-88.5094
-88.4854
-88.4613
-88.437
-88.4127
-88.3882
-88.3636
-88.3389
-88.3141
-88.2892
-88.2641
-88.239
-88.2138
-88.1884
-88.163
-88.1375
-88.1118
-88.0861
-88.0602
-88.0343
-88.0083
-87.9822
-87.956
-87.9297
-87.9033
-87.8768
-87.8502
-87.8236
-87.7968
-87.77
-87.7431
-87.7161
-87.6891
-87.6619
-87.6347
-87.6074
-87.58
-87.5525
-87.525
-87.4974
-87.4697
-87.4419
-87.4141
-87.3862
-87.3582
-87.3301
-87.302
-87.2738
-87.2456
-87.2172
-87.1888
-87.1604
-87.1318
-87.1032
-87.0746
-87.0458
-87.017
-86.9882
-86.9592
-86.9303
-86.9012
-86.8721
-86.8429
-86.8137
-86.7844
-86.755
-86.7256
-86.6961
-86.6665
-86.6369
-86.6073
-86.5775
-86.5478
-86.5179
-86.488
-86.4581
-86.428
-86.398
-86.3678
-86.3376
-86.3074
-86.2771
-86.2467
-86.2163
-86.1858
-86.1553
-86.1247
-86.094
-86.0633
-86.0325
-86.0017
-85.9708
-85.9399
-85.9089
-85.8778
-85.8467
-85.8155
-85.7843
-85.753
-85.7216
-85.6902
-85.6587
-85.6272
-85.5956
-85.564
-85.5323
-85.5005
-85.4687
-85.4368
-85.4048
-85.3728
-85.3408
-85.3086
-85.2764
-85.2442
-85.2119
-85.1795
-85.147
-85.1145
-85.0819
-85.0493
-85.0166
-84.9838
-84.9509
-84.918
-84.885
-84.852
-84.8188
-84.7857
-84.7524
-84.7191
-84.6856
-84.6522
-84.6186
-84.585
-84.5512
-84.5175
-84.4836
-84.4496
-84.4156
-84.3815
-84.3473
-84.313
-84.2787
-84.2442
-84.2097
-84.1751
-84.1404
-84.1056
-84.0707
-84.0357
-84.0007
-83.9655
-83.9302
-83.8948
-83.8594
-83.8238
-83.7882
-83.7524
-83.7165
-83.6805
-83.6444
-83.6082
-83.5719
-83.5355
-83.4989
-83.4622
-83.4254
-83.3885
-83.3515
-83.3143
-83.277
-83.2396
-83.202
-83.1643
-83.1265
-83.0885
-83.0503
-83.0121
-82.9736
-82.9351
-82.8963
-82.8574
-82.8184
-82.7791
-82.7397
-82.7002
-82.6604
-82.6205
-82.5804
-82.5401
-82.4996
-82.4589
-82.418
-82.377
-82.3357
-82.2942
-82.2524
-82.2105
-82.1683
-82.1259
-82.0832
-82.0403
-81.9972
-81.9538
-81.9101
-81.8662
-81.822
-81.7775
-81.7327
-81.6876
-81.6423
-81.5966
-81.5506
-81.5042
-81.4575
-81.4105
-81.3631
-81.3154
-81.2673
-81.2188
-81.1699
-81.1206
-81.0708
-81.0207
-80.9701
-80.919
-80.8675
-80.8154
-80.7629
-80.7098
-80.6563
-80.6021
-80.5474
-80.4921
-80.4362
-80.3797
-80.3225
-80.2647
-80.2061
-80.1469
-80.0868
-80.026
-79.9644
-79.902
-79.8387
-79.7745
-79.7093
-79.6432
-79.576
-79.5078
-79.4384
-79.368
-79.2963
-79.2233
-79.149
-79.0734
-78.9962
-78.9176
-78.8373
-78.7554
-78.6717
-78.5861
-78.4985
-78.4089
-78.317
-78.2228
-78.1262
-78.0269
-77.9247
-77.8196
-77.7113
-77.5996
-77.4841
-77.3648
-77.2412
-77.1129
-76.9797
-76.8411
-76.6965
-76.5455
-76.3874
-76.2214
-76.0468
-75.8625
-75.6675
-75.4602
-75.2392
-75.0025
-74.7477
-74.4719
-74.1713
-73.8415
-73.4762
-73.0674
-72.604
-72.0705
-71.4436
-70.6879
-69.7436
-68.502
-66.7365
-63.8664
-57.7814
-34.3387
41.0445
44.4641
13.776
-11.4443
-24.6406
-38.3355
-65.3852
-93.7855
-94.8952
-94.869
-94.7386
-94.4833
-94.0479
-93.4027
-92.5738
-91.6334
-90.6641
-89.7312
-88.8746
-88.1124
-87.4485
-86.8786
-86.3948
-85.9878
-85.6484
-85.3683
-85.1396
-84.9556
-84.8105
-84.699
-84.6169
-84.5601
-84.5253
-84.5097
-84.5107
-84.5261
-84.5539
-84.5924
-84.6402
-84.6959
-84.7585
-84.8268
-84.9001
-84.9775
-85.0583
-85.142
-85.2279
-85.3157
-85.4049
-85.4951
-85.5861
-85.6775
-85.769
-85.8606
-85.9519
-86.0429
-86.1333
-86.223
-86.312
-86.4001
-86.4872
-86.5733
-86.6583
-86.7421
-86.8248
-86.9062
-86.9864
-87.0653
-87.1428
-87.2191
-87.294
-87.3675
-87.4397
-87.5106
-87.58
-87.6482
-87.7149
-87.7803
-87.8444
-87.9071
-87.9684
-88.0285
-88.0872
-88.1446
-88.2007
-88.2556
-88.3091
-88.3614
-88.4125
-88.4623
-88.5109
-88.5582
-88.6044
-88.6494
-88.6933
-88.736
-88.7775
-88.8179
-88.8572
-88.8955
-88.9326
-88.9687
-89.0037
-89.0376
-89.0706
-89.1025
-89.1335
-89.1634
-89.1924
-89.2204
-89.2475
-89.2737
-89.2989
-89.3233
-89.3467
-89.3693
-89.391
-89.4119
-89.4319
-89.4511
-89.4695
-89.4871
-89.5039
-89.52
-89.5353
-89.5498
-89.5636
-89.5766
-89.589
-89.6006
-89.6116
-89.6219
-89.6315
-89.6404
-89.6487
-89.6564
-89.6634
-89.6698
-89.6756
-89.6808
-89.6854
-89.6895
-89.693
-89.6959
-89.6983
-89.7001
-89.7014
-89.7022
-89.7024
-89.7022
-89.7015
-89.7003
-89.6986
-89.6964
-89.6938
-89.6907
-89.6872
-89.6832
-89.6788
-89.674
-89.6688
-89.6631
-89.6571
-89.6506
-89.6438
-89.6366
-89.629
-89.6211
-89.6128
-89.6041
-89.5951
-89.5857
-89.576
-89.566
-89.5556
-89.5449
-89.5339
-89.5226
-89.511
-89.4992
-89.487
-89.4745
-89.4617
-89.4487
-89.4354
-89.4218
-89.408
-89.3939
-89.3795
-89.3649
-89.3501
-89.335
-89.3197
-89.3041
-89.2884
-89.2723
-89.2561
-89.2397
-89.223
-89.2062
-89.1891
-89.1718
-89.1544
-89.1367
-89.1188
-89.1008
-89.0826
-89.0642
-89.0456
-89.0268
-89.0079
-88.9888
-88.9695
-88.9501
-88.9305
-88.9107
-88.8908
-88.8708
-88.8506
-88.8302
-88.8097
-88.7891
-88.7683
-88.7473
-88.7263
-88.7051
-88.6838
-88.6623
-88.6408
-88.6191
-88.5972
-88.5753
-88.5532
-88.531
-88.5088
-88.4863
-88.4638
-88.4412
-88.4185
-88.3956
-88.3727
-88.3497
-88.3265
-88.3033
-88.2799
-88.2565
-88.233
-88.2093
-88.1856
-88.1618
-88.1379
-88.114
-88.0899
-88.0658
-88.0415
-88.0172
-87.9928
-87.9683
-87.9438
-87.9192
-87.8945
-87.8697
-87.8448
-87.8199
-87.7949
-87.7699
-87.7447
-87.7195
-87.6943
-87.6689
-87.6435
-87.6181
-87.5925
-87.567
-87.5413
-87.5156
-87.4898
-87.464
-87.4381
-87.4121
-87.3861
-87.3601
-87.334
-87.3078
-87.2816
-87.2553
-87.2289
-87.2026
-87.1761
-87.1496
-87.1231
-87.0965
-87.0699
-87.0432
-87.0165
-86.9897
-86.9629
-86.936
-86.9091
-86.8821
-86.8551
-86.828
-86.8009
-86.7738
-86.7466
-86.7193
-86.6921
-86.6648
-86.6374
-86.61
-86.5825
-86.5551
-86.5275
-86.5
-86.4724
-86.4447
-86.417
-86.3893
-86.3615
-86.3337
-86.3059
-86.278
-86.2501
-86.2221
-86.1941
-86.1661
-86.138
-86.1099
-86.0817
-86.0535
-86.0253
-85.997
-85.9687
-85.9404
-85.912
-85.8836
-85.8551
-85.8266
-85.7981
-85.7695
-85.7409
-85.7123
-85.6836
-85.6549
-85.6261
-85.5973
-85.5685
-85.5396
-85.5107
-85.4818
-85.4528
-85.4238
-85.3947
-85.3656
-85.3364
-85.3073
-85.278
-85.2488
-85.2195
-85.1901
-85.1607
-85.1313
-85.1018
-85.0723
-85.0428
-85.0132
-84.9836
-84.9539
-84.9241
-84.8944
-84.8646
-84.8347
-84.8048
-84.7748
-84.7449
-84.7148
-84.6847
-84.6546
-84.6244
-84.5941
-84.5639
-84.5335
-84.5032
-84.4727
-84.4422
-84.4117
-84.3811
-84.3504
-84.3197
-84.289
-84.2582
-84.2273
-84.1964
-84.1654
-84.1343
-84.1032
-84.072
-84.0408
-84.0095
-83.9782
-83.9467
-83.9153
-83.8837
-83.8521
-83.8204
-83.7886
-83.7568
-83.7249
-83.6929
-83.6609
-83.6287
-83.5965
-83.5642
-83.5319
-83.4995
-83.4669
-83.4343
-83.4016
-83.3688
-83.336
-83.303
-83.27
-83.2368
-83.2036
-83.1702
-83.1368
-83.1033
-83.0696
-83.0359
-83.002
-82.9681
-82.934
-82.8998
-82.8656
-82.8312
-82.7966
-82.762
-82.7272
-82.6923
-82.6573
-82.6221
-82.5869
-82.5515
-82.5159
-82.4802
-82.4443
-82.4083
-82.3722
-82.3359
-82.2994
-82.2628
-82.226
-82.1891
-82.152
-82.1147
-82.0772
-82.0395
-82.0017
-81.9637
-81.9254
-81.887
-81.8483
-81.8095
-81.7704
-81.7312
-81.6916
-81.6519
-81.6119
-81.5717
-81.5313
-81.4905
-81.4495
-81.4083
-81.3668
-81.325
-81.2829
-81.2405
-81.1978
-81.1548
-81.1115
-81.0678
-81.0238
-80.9795
-80.9348
-80.8897
-80.8443
-80.7985
-80.7523
-80.7056
-80.6585
-80.6111
-80.5631
-80.5147
-80.4658
-80.4164
-80.3665
-80.3161
-80.2651
-80.2136
-80.1615
-80.1088
-80.0554
-80.0014
-79.9468
-79.8915
-79.8354
-79.7786
-79.7211
-79.6627
-79.6035
-79.5435
-79.4825
-79.4206
-79.3578
-79.2939
-79.229
-79.1629
-79.0958
-79.0273
-78.9577
-78.8867
-78.8144
-78.7405
-78.6652
-78.5882
-78.5096
-78.4292
-78.3469
-78.2626
-78.1763
-78.0877
-77.9968
-77.9033
-77.8073
-77.7083
-77.6064
-77.5012
-77.3926
-77.2802
-77.1639
-77.0432
-76.9178
-76.7874
-76.6515
-76.5095
-76.3609
-76.2051
-76.0413
-75.8685
-75.6859
-75.4921
-75.2858
-75.0652
-74.8284
-74.5727
-74.2951
-73.9916
-73.6572
-73.2852
-72.8669
-72.39
-71.8371
-71.1819
-70.3832
-69.3702
-68.0091
-66.0062
-62.5399
-54.1072
-13.7777
49.1447
44.452
11.5581
-12.0641
-25.4378
-39.0726
-67.2532
-93.958
-94.8898
-94.846
-94.6892
-94.3868
-93.8806
-93.1527
-92.2502
-91.2603
-90.2685
-89.3353
-88.4932
-87.7543
-87.1178
-86.5769
-86.1221
-85.7433
-85.4309
-85.1762
-84.9716
-84.8101
-84.6861
-84.5944
-84.5307
-84.4911
-84.4724
-84.4717
-84.4866
-84.5148
-84.5547
-84.6044
-84.6625
-84.7279
-84.7994
-84.876
-84.957
-85.0415
-85.129
-85.2188
-85.3104
-85.4035
-85.4976
-85.5924
-85.6875
-85.7829
-85.8781
-85.9731
-86.0676
-86.1615
-86.2547
-86.347
-86.4384
-86.5287
-86.618
-86.7061
-86.793
-86.8787
-86.9631
-87.0461
-87.1278
-87.2082
-87.2872
-87.3647
-87.4409
-87.5157
-87.5891
-87.6611
-87.7317
-87.8009
-87.8687
-87.9351
-88.0001
-88.0638
-88.1261
-88.187
-88.2467
-88.305
-88.3619
-88.4176
-88.472
-88.5251
-88.577
-88.6276
-88.677
-88.7252
-88.7721
-88.8179
-88.8625
-88.9059
-88.9482
-88.9894
-89.0294
-89.0684
-89.1062
-89.143
-89.1787
-89.2134
-89.2471
-89.2797
-89.3113
-89.342
-89.3717
-89.4004
-89.4282
-89.455
-89.481
-89.506
-89.5301
-89.5534
-89.5758
-89.5974
-89.6181
-89.638
-89.6571
-89.6754
-89.6929
-89.7096
-89.7256
-89.7408
-89.7553
-89.769
-89.7821
-89.7944
-89.8061
-89.8171
-89.8274
-89.837
-89.846
-89.8544
-89.8622
-89.8693
-89.8759
-89.8818
-89.8872
-89.892
-89.8962
-89.8999
-89.903
-89.9056
-89.9076
-89.9092
-89.9102
-89.9108
-89.9108
-89.9104
-89.9095
-89.9081
-89.9063
-89.904
-89.9013
-89.8982
-89.8946
-89.8906
-89.8862
-89.8815
-89.8763
-89.8707
-89.8647
-89.8584
-89.8517
-89.8446
-89.8372
-89.8294
-89.8213
-89.8129
-89.8041
-89.795
-89.7856
-89.7758
-89.7658
-89.7555
-89.7448
-89.7339
-89.7227
-89.7112
-89.6995
-89.6874
-89.6751
-89.6626
-89.6498
-89.6367
-89.6234
-89.6099
-89.5961
-89.5821
-89.5679
-89.5534
-89.5387
-89.5238
-89.5087
-89.4934
-89.4779
-89.4621
-89.4462
-89.4301
-89.4138
-89.3973
-89.3807
-89.3638
-89.3468
-89.3296
-89.3122
-89.2947
-89.277
-89.2592
-89.2411
-89.223
-89.2047
-89.1862
-89.1676
-89.1488
-89.1299
-89.1109
-89.0917
-89.0724
-89.053
-89.0334
-89.0138
-88.9939
-88.974
-88.954
-88.9338
-88.9135
-88.8931
-88.8726
-88.852
-88.8313
-88.8105
-88.7895
-88.7685
-88.7474
-88.7261
-88.7048
-88.6834
-88.6619
-88.6403
-88.6186
-88.5969
-88.575
-88.5531
-88.531
-88.5089
-88.4868
-88.4645
-88.4422
-88.4197
-88.3973
-88.3747
-88.3521
-88.3294
-88.3066
-88.2838
-88.2609
-88.2379
-88.2149
-88.1918
-88.1686
-88.1454
-88.1222
-88.0988
-88.0754
-88.052
-88.0285
-88.0049
-87.9813
-87.9577
-87.934
-87.9102
-87.8864
-87.8626
-87.8387
-87.8147
-87.7907
-87.7667
-87.7426
-87.7184
-87.6943
-87.6701
-87.6458
-87.6215
-87.5972
-87.5728
-87.5484
-87.5239
-87.4994
-87.4749
-87.4503
-87.4258
-87.4011
-87.3765
-87.3518
-87.327
-87.3023
-87.2775
-87.2526
-87.2278
-87.2029
-87.178
-87.153
-87.128
-87.103
-87.078
-87.0529
-87.0278
-87.0027
-86.9776
-86.9524
-86.9272
-86.902
-86.8767
-86.8515
-86.8262
-86.8009
-86.7755
-86.7501
-86.7248
-86.6994
-86.6739
-86.6485
-86.623
-86.5975
-86.572
-86.5464
-86.5209
-86.4953
-86.4697
-86.4441
-86.4184
-86.3927
-86.3671
-86.3414
-86.3156
-86.2899
-86.2641
-86.2383
-86.2125
-86.1867
-86.1609
-86.135
-86.1092
-86.0833
-86.0574
-86.0314
-86.0055
-85.9795
-85.9536
-85.9276
-85.9015
-85.8755
-85.8494
-85.8234
-85.7973
-85.7712
-85.7451
-85.7189
-85.6928
-85.6666
-85.6404
-85.6142
-85.5879
-85.5617
-85.5354
-85.5091
-85.4828
-85.4565
-85.4302
-85.4038
-85.3774
-85.351
-85.3246
-85.2982
-85.2717
-85.2453
-85.2188
-85.1923
-85.1657
-85.1392
-85.1126
-85.086
-85.0594
-85.0327
-85.0061
-84.9794
-84.9527
-84.926
-84.8992
-84.8725
-84.8457
-84.8189
-84.792
-84.7652
-84.7383
-84.7114
-84.6844
-84.6575
-84.6305
-84.6035
-84.5765
-84.5494
-84.5223
-84.4952
-84.4681
-84.4409
-84.4137
-84.3864
-84.3592
-84.3319
-84.3046
-84.2772
-84.2498
-84.2224
-84.195
-84.1675
-84.14
-84.1124
-84.0848
-84.0572
-84.0296
-84.0019
-83.9742
-83.9464
-83.9186
-83.8907
-83.8629
-83.8349
-83.807
-83.779
-83.7509
-83.7228
-83.6947
-83.6665
-83.6382
-83.61
-83.5816
-83.5533
-83.5249
-83.4964
-83.4679
-83.4393
-83.4106
-83.3819
-83.3532
-83.3244
-83.2956
-83.2666
-83.2377
-83.2086
-83.1795
-83.1504
-83.1211
-83.0919
-83.0625
-83.0331
-83.0036
-82.974
-82.9444
-82.9147
-82.8849
-82.855
-82.8251
-82.7951
-82.765
-82.7348
-82.7045
-82.6741
-82.6437
-82.6132
-82.5826
-82.5518
-82.521
-82.4901
-82.4591
-82.428
-82.3968
-82.3655
-82.334
-82.3025
-82.2709
-82.2391
-82.2072
-82.1752
-82.1431
-82.1109
-82.0785
-82.046
-82.0134
-81.9806
-81.9477
-81.9146
-81.8814
-81.8481
-81.8146
-81.781
-81.7472
-81.7132
-81.679
-81.6447
-81.6103
-81.5756
-81.5408
-81.5058
-81.4706
-81.4352
-81.3996
-81.3638
-81.3278
-81.2915
-81.2551
-81.2184
-81.1815
-81.1444
-81.107
-81.0694
-81.0315
-80.9933
-80.9549
-80.9162
-80.8773
-80.838
-80.7985
-80.7586
-80.7184
-80.6779
-80.6371
-80.5959
-80.5544
-80.5125
-80.4703
-80.4276
-80.3846
-80.3412
-80.2973
-80.253
-80.2083
-80.1631
-80.1174
-80.0713
-80.0246
-79.9774
-79.9297
-79.8814
-79.8326
-79.7831
-79.7331
-79.6824
-79.631
-79.579
-79.5262
-79.4727
-79.4185
-79.3634
-79.3075
-79.2508
-79.1931
-79.1346
-79.075
-79.0144
-78.9528
-78.8901
-78.8262
-78.7611
-78.6948
-78.6271
-78.558
-78.4875
-78.4154
-78.3417
-78.2664
-78.1892
-78.1101
-78.0291
-77.9459
-77.8605
-77.7727
-77.6823
-77.5893
-77.4934
-77.3945
-77.2922
-77.1864
-77.0768
-76.9631
-76.845
-76.7221
-76.594
-76.4602
-76.3203
-76.1735
-76.0192
-75.8566
-75.6847
-75.5026
-75.3088
-75.1018
-74.8799
-74.6407
-74.3816
-74.0991
-73.7888
-73.4451
-73.0605
-72.6249
-72.1243
-71.5378
-70.8338
-69.9604
-68.8259
-67.2446
-64.7695
-59.9305
-44.2912
29.2134
47.2409
22.6034
-11.5713
-25.0589
-38.6852
-66.1215
-93.7042
-94.8741
-94.8648
-94.7378
-94.4857
-94.053
-93.404
-92.5576
-91.5832
-90.5662
-89.5779
-88.6637
-87.846
-87.1309
-86.5154
-85.9918
-85.5509
-85.1828
-84.8788
-84.6304
-84.4305
-84.2727
-84.1515
-84.062
-84.0002
-83.9623
-83.9452
-83.9462
-83.9628
-83.9931
-84.035
-84.0871
-84.1479
-84.2161
-84.2907
-84.3707
-84.4552
-84.5435
-84.635
-84.729
-84.825
-84.9226
-85.0213
-85.1209
-85.221
-85.3213
-85.4217
-85.5218
-85.6215
-85.7206
-85.8191
-85.9167
-86.0134
-86.1091
-86.2037
-86.2971
-86.3893
-86.4802
-86.5698
-86.6581
-86.7449
-86.8304
-86.9145
-86.9971
-87.0783
-87.158
-87.2363
-87.3132
-87.3885
-87.4625
-87.5349
-87.606
-87.6756
-87.7438
-87.8105
-87.8759
-87.9398
-88.0024
-88.0636
-88.1235
-88.182
-88.2392
-88.295
-88.3496
-88.4029
-88.4549
-88.5056
-88.5551
-88.6034
-88.6505
-88.6964
-88.7411
-88.7846
-88.8269
-88.8682
-88.9083
-88.9473
-88.9852
-89.0221
-89.0579
-89.0926
-89.1263
-89.159
-89.1907
-89.2214
-89.2511
-89.2799
-89.3078
-89.3347
-89.3607
-89.3858
-89.41
-89.4333
-89.4558
-89.4774
-89.4982
-89.5182
-89.5374
-89.5557
-89.5733
-89.5902
-89.6062
-89.6216
-89.6362
-89.65
-89.6632
-89.6757
-89.6875
-89.6986
-89.709
-89.7189
-89.728
-89.7366
-89.7445
-89.7518
-89.7585
-89.7647
-89.7702
-89.7752
-89.7796
-89.7835
-89.7869
-89.7897
-89.792
-89.7938
-89.7951
-89.7959
-89.7963
-89.7961
-89.7955
-89.7945
-89.793
-89.791
-89.7886
-89.7858
-89.7826
-89.779
-89.775
-89.7705
-89.7657
-89.7605
-89.755
-89.7491
-89.7428
-89.7362
-89.7292
-89.7219
-89.7142
-89.7062
-89.6979
-89.6893
-89.6804
-89.6712
-89.6617
-89.6519
-89.6418
-89.6315
-89.6208
-89.6099
-89.5987
-89.5873
-89.5756
-89.5637
-89.5515
-89.5391
-89.5264
-89.5135
-89.5004
-89.4871
-89.4735
-89.4598
-89.4458
-89.4316
-89.4172
-89.4027
-89.3879
-89.373
-89.3578
-89.3425
-89.327
-89.3113
-89.2954
-89.2794
-89.2632
-89.2469
-89.2304
-89.2137
-89.1969
-89.1799
-89.1628
-89.1456
-89.1282
-89.1107
-89.093
-89.0752
-89.0573
-89.0392
-89.021
-89.0027
-88.9843
-88.9658
-88.9471
-88.9283
-88.9095
-88.8905
-88.8714
-88.8522
-88.8329
-88.8135
-88.794
-88.7744
-88.7547
-88.7349
-88.7151
-88.6951
-88.6751
-88.655
-88.6348
-88.6145
-88.5941
-88.5737
-88.5531
-88.5325
-88.5119
-88.4911
-88.4703
-88.4494
-88.4285
-88.4075
-88.3864
-88.3653
-88.3441
-88.3228
-88.3015
-88.2801
-88.2587
-88.2372
-88.2156
-88.194
-88.1724
-88.1507
-88.1289
-88.1072
-88.0853
-88.0634
-88.0415
-88.0195
-87.9975
-87.9754
-87.9533
-87.9312
-87.909
-87.8867
-87.8645
-87.8422
-87.8198
-87.7975
-87.7751
-87.7526
-87.7302
-87.7077
-87.6851
-87.6626
-87.64
-87.6173
-87.5947
-87.572
-87.5493
-87.5266
-87.5038
-87.481
-87.4582
-87.4354
-87.4125
-87.3897
-87.3668
-87.3438
-87.3209
-87.2979
-87.2749
-87.2519
-87.2289
-87.2059
-87.1828
-87.1598
-87.1367
-87.1136
-87.0904
-87.0673
-87.0441
-87.021
-86.9978
-86.9746
-86.9514
-86.9282
-86.9049
-86.8817
-86.8584
-86.8351
-86.8118
-86.7885
-86.7652
-86.7419
-86.7186
-86.6952
-86.6719
-86.6485
-86.6252
-86.6018
-86.5784
-86.555
-86.5316
-86.5082
-86.4848
-86.4614
-86.4379
-86.4145
-86.3911
-86.3676
-86.3442
-86.3207
-86.2972
-86.2737
-86.2503
-86.2268
-86.2033
-86.1798
-86.1563
-86.1328
-86.1093
-86.0857
-86.0622
-86.0387
-86.0152
-85.9916
-85.9681
-85.9446
-85.921
-85.8975
-85.8739
-85.8503
-85.8268
-85.8032
-85.7796
-85.7561
-85.7325
-85.7089
-85.6853
-85.6618
-85.6382
-85.6146
-85.591
-85.5674
-85.5437
-85.5201
-85.4965
-85.4729
-85.4493
-85.4257
-85.402
-85.3784
-85.3548
-85.3311
-85.3075
-85.2838
-85.2602
-85.2365
-85.2129
-85.1892
-85.1655
-85.1419
-85.1182
-85.0945
-85.0708
-85.0471
-85.0234
-84.9997
-84.976
-84.9523
-84.9286
-84.9049
-84.8811
-84.8574
-84.8336
-84.8099
-84.7861
-84.7624
-84.7386
-84.7148
-84.691
-84.6672
-84.6434
-84.6196
-84.5958
-84.572
-84.5481
-84.5243
-84.5005
-84.4766
-84.4527
-84.4288
-84.4049
-84.381
-84.3571
-84.3332
-84.3092
-84.2853
-84.2613
-84.2374
-84.2134
-84.1894
-84.1653
-84.1413
-84.1173
-84.0932
-84.0691
-84.0451
-84.021
-83.9968
-83.9727
-83.9485
-83.9244
-83.9002
-83.876
-83.8517
-83.8275
-83.8032
-83.7789
-83.7546
-83.7303
-83.706
-83.6816
-83.6572
-83.6328
-83.6083
-83.5839
-83.5594
-83.5349
-83.5103
-83.4858
-83.4612
-83.4366
-83.4119
-83.3872
-83.3625
-83.3378
-83.313
-83.2882
-83.2634
-83.2385
-83.2136
-83.1887
-83.1637
-83.1387
-83.1137
-83.0886
-83.0635
-83.0383
-83.0131
-82.9879
-82.9626
-82.9373
-82.9119
-82.8865
-82.8611
-82.8356
-82.81
-82.7844
-82.7588
-82.7331
-82.7074
-82.6816
-82.6557
-82.6298
-82.6038
-82.5778
-82.5518
-82.5256
-82.4994
-82.4732
-82.4469
-82.4205
-82.394
-82.3675
-82.3409
-82.3143
-82.2876
-82.2608
-82.2339
-82.207
-82.1799
-82.1528
-82.1257
-82.0984
-82.0711
-82.0436
-82.0161
-81.9885
-81.9608
-81.933
-81.9051
-81.8771
-81.8491
-81.8209
-81.7926
-81.7642
-81.7357
-81.7071
-81.6784
-81.6495
-81.6206
-81.5915
-81.5623
-81.533
-81.5035
-81.474
-81.4442
-81.4144
-81.3844
-81.3543
-81.324
-81.2936
-81.263
-81.2322
-81.2013
-81.1702
-81.139
-81.1076
-81.076
-81.0443
-81.0123
-80.9802
-80.9479
-80.9153
-80.8826
-80.8497
-80.8165
-80.7832
-80.7496
-80.7157
-80.6817
-80.6474
-80.6129
-80.5781
-80.543
-80.5077
-80.472
-80.4362
-80.4
-80.3635
-80.3267
-80.2896
-80.2522
-80.2144
-80.1763
-80.1379
-80.0991
-80.0599
-80.0203
-79.9803
-79.9399
-79.8991
-79.8579
-79.8162
-79.7741
-79.7314
-79.6883
-79.6447
-79.6005
-79.5558
-79.5105
-79.4647
-79.4182
-79.3711
-79.3234
-79.275
-79.2258
-79.176
-79.1254
-79.0741
-79.0219
-78.9688
-78.9149
-78.8601
-78.8043
-78.7475
-78.6897
-78.6308
-78.5708
-78.5095
-78.447
-78.3832
-78.3181
-78.2515
-78.1834
-78.1136
-78.0423
-77.9691
-77.8941
-77.8171
-77.738
-77.6567
-77.573
-77.4868
-77.398
-77.3063
-77.2116
-77.1136
-77.0121
-76.9069
-76.7976
-76.6839
-76.5654
-76.4418
-76.3126
-76.1772
-76.035
-75.8853
-75.7274
-75.5602
-75.3828
-75.1938
-74.9917
-74.7746
-74.5403
-74.2861
-74.0085
-73.703
-73.3642
-72.9844
-72.5534
-72.057
-71.4742
-70.7729
-69.9006
-68.7634
-67.1713
-64.661
-59.684
-43.0894
31.8261
46.644
20.3561
-11.658
-25.1275
-38.7353
-66.2795
-93.7721
-94.8785
-94.8618
-94.7302
-94.4705
-94.0259
-93.3611
-92.497
-91.5051
-90.4727
-89.4718
-88.548
-87.7234
-87.0037
-86.3855
-85.8606
-85.4194
-85.0521
-84.7493
-84.5028
-84.305
-84.1497
-84.0311
-83.9444
-83.8854
-83.8505
-83.8364
-83.8404
-83.8601
-83.8933
-83.9383
-83.9933
-84.0571
-84.1282
-84.2057
-84.2885
-84.3759
-84.4669
-84.5611
-84.6578
-84.7564
-84.8566
-84.9578
-85.0599
-85.1624
-85.2651
-85.3678
-85.4702
-85.5722
-85.6735
-85.7741
-85.8739
-85.9727
-86.0704
-86.167
-86.2624
-86.3565
-86.4493
-86.5408
-86.6309
-86.7195
-86.8068
-86.8926
-86.9769
-87.0598
-87.1412
-87.2211
-87.2996
-87.3765
-87.452
-87.526
-87.5985
-87.6696
-87.7393
-87.8075
-87.8743
-87.9396
-88.0036
-88.0662
-88.1274
-88.1872
-88.2457
-88.3028
-88.3587
-88.4132
-88.4665
-88.5184
-88.5691
-88.6186
-88.6669
-88.7139
-88.7597
-88.8044
-88.8479
-88.8902
-88.9314
-88.9715
-89.0105
-89.0484
-89.0853
-89.121
-89.1558
-89.1895
-89.2222
-89.2539
-89.2846
-89.3144
-89.3432
-89.371
-89.398
-89.424
-89.4492
-89.4734
-89.4968
-89.5194
-89.541
-89.5619
-89.582
-89.6012
-89.6197
-89.6374
-89.6543
-89.6705
-89.686
-89.7007
-89.7147
-89.728
-89.7407
-89.7526
-89.7639
-89.7745
-89.7845
-89.7939
-89.8026
-89.8107
-89.8183
-89.8252
-89.8316
-89.8374
-89.8426
-89.8473
-89.8514
-89.8551
-89.8582
-89.8608
-89.8629
-89.8645
-89.8656
-89.8663
-89.8665
-89.8662
-89.8655
-89.8643
-89.8628
-89.8608
-89.8583
-89.8555
-89.8523
-89.8487
-89.8447
-89.8403
-89.8355
-89.8304
-89.825
-89.8191
-89.813
-89.8065
-89.7997
-89.7925
-89.785
-89.7773
-89.7692
-89.7608
-89.7521
-89.7432
-89.7339
-89.7244
-89.7146
-89.7046
-89.6943
-89.6837
-89.6729
-89.6618
-89.6505
-89.639
-89.6273
-89.6153
-89.6031
-89.5906
-89.578
-89.5651
-89.5521
-89.5388
-89.5254
-89.5117
-89.4979
-89.4839
-89.4697
-89.4553
-89.4407
-89.426
-89.4112
-89.3961
-89.3809
-89.3655
-89.35
-89.3344
-89.3186
-89.3026
-89.2865
-89.2703
-89.2539
-89.2374
-89.2208
-89.204
-89.1871
-89.1701
-89.153
-89.1358
-89.1185
-89.101
-89.0834
-89.0658
-89.048
-89.0301
-89.0121
-88.994
-88.9759
-88.9576
-88.9392
-88.9208
-88.9023
-88.8836
-88.8649
-88.8462
-88.8273
-88.8083
-88.7893
-88.7702
-88.7511
-88.7318
-88.7125
-88.6931
-88.6737
-88.6542
-88.6346
-88.615
-88.5953
-88.5756
-88.5558
-88.5359
-88.516
-88.496
-88.476
-88.4559
-88.4358
-88.4156
-88.3954
-88.3751
-88.3548
-88.3345
-88.3141
-88.2936
-88.2732
-88.2526
-88.2321
-88.2115
-88.1909
-88.1702
-88.1495
-88.1288
-88.108
-88.0872
-88.0664
-88.0456
-88.0247
-88.0038
-87.9828
-87.9619
-87.9409
-87.9199
-87.8988
-87.8778
-87.8567
-87.8356
-87.8144
-87.7933
-87.7721
-87.7509
-87.7297
-87.7085
-87.6873
-87.666
-87.6448
-87.6235
-87.6022
-87.5809
-87.5595
-87.5382
-87.5168
-87.4955
-87.4741
-87.4527
-87.4313
-87.4099
-87.3885
-87.3671
-87.3456
-87.3242
-87.3028
-87.2813
-87.2598
-87.2384
-87.2169
-87.1954
-87.174
-87.1525
-87.131
-87.1095
-87.088
-87.0665
-87.045
-87.0235
-87.002
-86.9805
-86.959
-86.9374
-86.9159
-86.8944
-86.8729
-86.8514
-86.8299
-86.8084
-86.7869
-86.7654
-86.7439
-86.7224
-86.7009
-86.6794
-86.6579
-86.6364
-86.6149
-86.5934
-86.5719
-86.5504
-86.529
-86.5075
-86.486
-86.4646
-86.4431
-86.4217
-86.4002
-86.3788
-86.3573
-86.3359
-86.3145
-86.293
-86.2716
-86.2502
-86.2288
-86.2074
-86.186
-86.1646
-86.1433
-86.1219
-86.1005
-86.0792
-86.0578
-86.0365
-86.0152
-85.9938
-85.9725
-85.9512
-85.9299
-85.9086
-85.8873
-85.866
-85.8447
-85.8235
-85.8022
-85.781
-85.7597
-85.7385
-85.7173
-85.6961
-85.6749
-85.6537
-85.6325
-85.6113
-85.5901
-85.5689
-85.5478
-85.5266
-85.5055
-85.4843
-85.4632
-85.4421
-85.421
-85.3999
-85.3788
-85.3577
-85.3366
-85.3155
-85.2945
-85.2734
-85.2524
-85.2313
-85.2103
-85.1893
-85.1683
-85.1473
-85.1263
-85.1053
-85.0843
-85.0633
-85.0423
-85.0214
-85.0004
-84.9795
-84.9585
-84.9376
-84.9167
-84.8957
-84.8748
-84.8539
-84.833
-84.8121
-84.7912
-84.7703
-84.7495
-84.7286
-84.7077
-84.6869
-84.666
-84.6452
-84.6243
-84.6035
-84.5826
-84.5618
-84.541
-84.5202
-84.4994
-84.4785
-84.4577
-84.4369
-84.4161
-84.3953
-84.3745
-84.3537
-84.3329
-84.3122
-84.2914
-84.2706
-84.2498
-84.2291
-84.2083
-84.1875
-84.1667
-84.1459
-84.1252
-84.1044
-84.0836
-84.0629
-84.0421
-84.0213
-84.0006
-83.9798
-83.959
-83.9382
-83.9175
-83.8967
-83.8759
-83.8551
-83.8343
-83.8136
-83.7928
-83.772
-83.7512
-83.7304
-83.7096
-83.6887
-83.6679
-83.6471
-83.6263
-83.6054
-83.5846
-83.5638
-83.5429
-83.522
-83.5012
-83.4803
-83.4594
-83.4385
-83.4176
-83.3967
-83.3758
-83.3548
-83.3339
-83.3129
-83.292
-83.271
-83.25
-83.229
-83.208
-83.1869
-83.1659
-83.1448
-83.1238
-83.1027
-83.0816
-83.0604
-83.0393
-83.0181
-82.997
-82.9758
-82.9546
-82.9333
-82.9121
-82.8908
-82.8695
-82.8482
-82.8268
-82.8055
-82.7841
-82.7627
-82.7413
-82.7198
-82.6983
-82.6768
-82.6552
-82.6337
-82.6121
-82.5905
-82.5688
-82.5471
-82.5254
-82.5037
-82.4819
-82.46
-82.4382
-82.4163
-82.3944
-82.3724
-82.3504
-82.3284
-82.3063
-82.2842
-82.2621
-82.2399
-82.2176
-82.1953
-82.173
-82.1506
-82.1282
-82.1057
-82.0832
-82.0607
-82.0381
-82.0154
-81.9927
-81.9699
-81.947
-81.9242
-81.9012
-81.8782
-81.8551
-81.832
-81.8088
-81.7856
-81.7623
-81.7389
-81.7154
-81.6919
-81.6683
-81.6447
-81.6209
-81.5971
-81.5732
-81.5493
-81.5252
-81.5011
-81.4769
-81.4526
-81.4282
-81.4037
-81.3791
-81.3545
-81.3297
-81.3049
-81.2799
-81.2549
-81.2297
-81.2044
-81.1791
-81.1536
-81.128
-81.1023
-81.0765
-81.0506
-81.0245
-80.9983
-80.972
-80.9455
-80.9189
-80.8922
-80.8654
-80.8384
-80.8112
-80.7839
-80.7565
-80.7288
-80.7011
-80.6731
-80.645
-80.6168
-80.5883
-80.5597
-80.5309
-80.5018
-80.4726
-80.4432
-80.4136
-80.3838
-80.3538
-80.3236
-80.2931
-80.2624
-80.2314
-80.2003
-80.1688
-80.1372
-80.1052
-80.073
-80.0405
-80.0077
-79.9746
-79.9412
-79.9076
-79.8736
-79.8393
-79.8046
-79.7696
-79.7342
-79.6985
-79.6624
-79.6259
-79.589
-79.5516
-79.5139
-79.4757
-79.4371
-79.398
-79.3584
-79.3183
-79.2776
-79.2365
-79.1948
-79.1525
-79.1096
-79.0661
-79.022
-78.9772
-78.9317
-78.8855
-78.8386
-78.7909
-78.7424
-78.693
-78.6428
-78.5917
-78.5397
-78.4866
-78.4326
-78.3774
-78.3211
-78.2637
-78.205
-78.1451
-78.0838
-78.021
-77.9568
-77.891
-77.8235
-77.7543
-77.6832
-77.6102
-77.5351
-77.4578
-77.3782
-77.296
-77.2113
-77.1237
-77.0331
-76.9392
-76.8419
-76.7408
-76.6358
-76.5263
-76.4121
-76.2927
-76.1677
-76.0366
-75.8987
-75.7534
-75.5998
-75.4369
-75.2638
-75.0791
-74.8812
-74.6684
-74.4382
-74.188
-73.9142
-73.6124
-73.2769
-72.8999
-72.4711
-71.9758
-71.3926
-70.6883
-69.8082
-68.6539
-67.024
-64.4172
-59.0936
-40.1792
36.4927
45.5425
16.7669
-11.567
-24.915
-38.5659
-65.9248
-93.8009
-94.8846
-94.8591
-94.7217
-94.4528
-93.9936
-93.3101
-92.4266
-91.4184
-90.3746
-89.3674
-88.4417
-87.6183
-86.9021
-86.2888
-85.7697
-85.3346
-84.9735
-84.677
-84.4365
-84.2446
-84.0948
-83.9815
-83.8999
-83.8456
-83.8151
-83.8053
-83.8132
-83.8366
-83.8734
-83.9216
-83.9798
-84.0464
-84.1204
-84.2004
-84.2857
-84.3753
-84.4686
-84.5648
-84.6634
-84.7639
-84.8658
-84.9688
-85.0724
-85.1764
-85.2806
-85.3846
-85.4883
-85.5915
-85.6941
-85.7958
-85.8967
-85.9965
-86.0952
-86.1928
-86.2891
-86.3842
-86.4779
-86.5702
-86.6611
-86.7506
-86.8386
-86.9252
-87.0102
-87.0938
-87.1759
-87.2565
-87.3356
-87.4132
-87.4894
-87.564
-87.6372
-87.7089
-87.7791
-87.8479
-87.9152
-87.9812
-88.0457
-88.1088
-88.1706
-88.2309
-88.2899
-88.3476
-88.404
-88.459
-88.5127
-88.5652
-88.6164
-88.6664
-88.7151
-88.7626
-88.8089
-88.854
-88.898
-88.9408
-88.9824
-89.023
-89.0624
-89.1008
-89.138
-89.1742
-89.2094
-89.2436
-89.2767
-89.3088
-89.34
-89.3702
-89.3994
-89.4277
-89.455
-89.4815
-89.507
-89.5317
-89.5555
-89.5785
-89.6006
-89.6219
-89.6424
-89.662
-89.6809
-89.6991
-89.7164
-89.733
-89.7489
-89.764
-89.7785
-89.7922
-89.8053
-89.8176
-89.8294
-89.8404
-89.8508
-89.8606
-89.8698
-89.8784
-89.8864
-89.8938
-89.9006
-89.9068
-89.9125
-89.9177
-89.9223
-89.9264
-89.93
-89.933
-89.9356
-89.9377
-89.9393
-89.9404
-89.9411
-89.9414
-89.9411
-89.9405
-89.9394
-89.9379
-89.936
-89.9337
-89.931
-89.9279
-89.9245
-89.9206
-89.9164
-89.9119
-89.907
-89.9017
-89.8961
-89.8902
-89.8839
-89.8774
-89.8705
-89.8633
-89.8558
-89.848
-89.84
-89.8316
-89.823
-89.8141
-89.805
-89.7955
-89.7859
-89.7759
-89.7658
-89.7554
-89.7447
-89.7339
-89.7228
-89.7114
-89.6999
-89.6882
-89.6762
-89.6641
-89.6517
-89.6392
-89.6265
-89.6135
-89.6004
-89.5872
-89.5737
-89.5601
-89.5463
-89.5323
-89.5182
-89.5039
-89.4895
-89.4749
-89.4602
-89.4453
-89.4303
-89.4152
-89.3999
-89.3845
-89.369
-89.3533
-89.3375
-89.3216
-89.3056
-89.2894
-89.2732
-89.2568
-89.2403
-89.2237
-89.2071
-89.1903
-89.1734
-89.1564
-89.1394
-89.1222
-89.105
-89.0876
-89.0702
-89.0527
-89.0351
-89.0174
-88.9997
-88.9819
-88.964
-88.946
-88.928
-88.9099
-88.8917
-88.8735
-88.8552
-88.8368
-88.8184
-88.7999
-88.7814
-88.7628
-88.7441
-88.7254
-88.7067
-88.6879
-88.669
-88.6501
-88.6312
-88.6122
-88.5932
-88.5741
-88.555
-88.5358
-88.5166
-88.4974
-88.4781
-88.4588
-88.4395
-88.4201
-88.4007
-88.3813
-88.3618
-88.3423
-88.3228
-88.3032
-88.2836
-88.264
-88.2444
-88.2247
-88.2051
-88.1854
-88.1657
-88.1459
-88.1262
-88.1064
-88.0866
-88.0668
-88.0469
-88.0271
-88.0072
-87.9874
-87.9675
-87.9476
-87.9277
-87.9077
-87.8878
-87.8679
-87.8479
-87.8279
-87.808
-87.788
-87.768
-87.748
-87.728
-87.708
-87.688
-87.6679
-87.6479
-87.6279
-87.6079
-87.5878
-87.5678
-87.5478
-87.5277
-87.5077
-87.4876
-87.4676
-87.4476
-87.4275
-87.4075
-87.3874
-87.3674
-87.3474
-87.3273
-87.3073
-87.2873
-87.2673
-87.2473
-87.2272
-87.2072
-87.1872
-87.1673
-87.1473
-87.1273
-87.1073
-87.0873
-87.0674
-87.0474
-87.0275
-87.0075
-86.9876
-86.9677
-86.9478
-86.9278
-86.908
-86.8881
-86.8682
-86.8483
-86.8285
-86.8086
-86.7888
-86.7689
-86.7491
-86.7293
-86.7095
-86.6897
-86.67
-86.6502
-86.6305
-86.6107
-86.591
-86.5713
-86.5516
-86.5319
-86.5123
-86.4926
-86.473
-86.4533
-86.4337
-86.4141
-86.3945
-86.3749
-86.3554
-86.3358
-86.3163
-86.2968
-86.2773
-86.2578
-86.2383
-86.2189
-86.1994
-86.18
-86.1606
-86.1412
-86.1218
-86.1024
-86.0831
-86.0637
-86.0444
-86.0251
-86.0058
-85.9866
-85.9673
-85.9481
-85.9288
-85.9096
-85.8904
-85.8713
-85.8521
-85.833
-85.8138
-85.7947
-85.7756
-85.7566
-85.7375
-85.7185
-85.6994
-85.6804
-85.6614
-85.6424
-85.6235
-85.6045
-85.5856
-85.5667
-85.5478
-85.5289
-85.5101
-85.4912
-85.4724
-85.4536
-85.4348
-85.416
-85.3972
-85.3785
-85.3598
-85.341
-85.3223
-85.3037
-85.285
-85.2664
-85.2477
-85.2291
-85.2105
-85.1919
-85.1734
-85.1548
-85.1363
-85.1178
-85.0993
-85.0808
-85.0623
-85.0439
-85.0254
-85.007
-84.9886
-84.9702
-84.9519
-84.9335
-84.9152
-84.8968
-84.8785
-84.8602
-84.8419
-84.8237
-84.8054
-84.7872
-84.769
-84.7508
-84.7326
-84.7144
-84.6962
-84.6781
-84.66
-84.6418
-84.6237
-84.6056
-84.5876
-84.5695
-84.5515
-84.5334
-84.5154
-84.4974
-84.4794
-84.4614
-84.4435
-84.4255
-84.4076
-84.3897
-84.3717
-84.3538
-84.336
-84.3181
-84.3002
-84.2824
-84.2645
-84.2467
-84.2289
-84.2111
-84.1933
-84.1755
-84.1578
-84.14
-84.1222
-84.1045
-84.0868
-84.0691
-84.0514
-84.0337
-84.016
-83.9983
-83.9807
-83.963
-83.9454
-83.9277
-83.9101
-83.8925
-83.8749
-83.8573
-83.8397
-83.8221
-83.8045
-83.787
-83.7694
-83.7519
-83.7343
-83.7168
-83.6993
-83.6818
-83.6642
-83.6467
-83.6292
-83.6117
-83.5942
-83.5768
-83.5593
-83.5418
-83.5244
-83.5069
-83.4894
-83.472
-83.4545
-83.4371
-83.4197
-83.4022
-83.3848
-83.3673
-83.3499
-83.3325
-83.3151
-83.2977
-83.2803
-83.2628
-83.2454
-83.228
-83.2106
-83.1932
-83.1758
-83.1584
-83.1409
-83.1235
-83.1061
-83.0887
-83.0713
-83.0539
-83.0365
-83.0191
-83.0017
-82.9842
-82.9668
-82.9494
-82.9319
-82.9145
-82.8971
-82.8796
-82.8622
-82.8447
-82.8273
-82.8098
-82.7923
-82.7749
-82.7574
-82.7399
-82.7224
-82.7049
-82.6874
-82.6698
-82.6523
-82.6348
-82.6172
-82.5997
-82.5821
-82.5645
-82.5469
-82.5293
-82.5117
-82.4941
-82.4765
-82.4588
-82.4411
-82.4235
-82.4058
-82.3881
-82.3703
-82.3526
-82.3348
-82.3171
-82.2993
-82.2815
-82.2637
-82.2458
-82.2279
-82.2101
-82.1922
-82.1742
-82.1563
-82.1383
-82.1203
-82.1023
-82.0843
-82.0663
-82.0482
-82.0301
-82.0119
-81.9938
-81.9756
-81.9574
-81.9391
-81.9208
-81.9025
-81.8842
-81.8659
-81.8475
-81.8291
-81.8106
-81.7921
-81.7736
-81.755
-81.7364
-81.7178
-81.6991
-81.6804
-81.6616
-81.6429
-81.624
-81.6052
-81.5863
-81.5673
-81.5483
-81.5293
-81.5102
-81.491
-81.4719
-81.4526
-81.4333
-81.414
-81.3946
-81.3752
-81.3557
-81.3362
-81.3166
-81.2969
-81.2772
-81.2574
-81.2375
-81.2176
-81.1977
-81.1776
-81.1575
-81.1374
-81.1172
-81.0969
-81.0765
-81.056
-81.0355
-81.0149
-80.9942
-80.9735
-80.9526
-80.9317
-80.9107
-80.8896
-80.8685
-80.8472
-80.8259
-80.8044
-80.7829
-80.7612
-80.7395
-80.7176
-80.6957
-80.6736
-80.6515
-80.6292
-80.6068
-80.5844
-80.5617
-80.539
-80.5161
-80.4932
-80.47
-80.4468
-80.4234
-80.3999
-80.3763
-80.3525
-80.3286
-80.3045
-80.2802
-80.2558
-80.2313
-80.2066
-80.1817
-80.1566
-80.1314
-80.106
-80.0804
-80.0546
-80.0286
-80.0024
-79.9761
-79.9495
-79.9227
-79.8957
-79.8685
-79.841
-79.8133
-79.7853
-79.7571
-79.7287
-79.7
-79.671
-79.6417
-79.6122
-79.5824
-79.5523
-79.5218
-79.4911
-79.46
-79.4286
-79.3968
-79.3647
-79.3323
-79.2994
-79.2662
-79.2325
-79.1985
-79.164
-79.1291
-79.0937
-79.0579
-79.0215
-78.9847
-78.9474
-78.9095
-78.8711
-78.8321
-78.7925
-78.7522
-78.7114
-78.6699
-78.6277
-78.5848
-78.5411
-78.4967
-78.4514
-78.4054
-78.3584
-78.3106
-78.2618
-78.212
-78.1612
-78.1093
-78.0563
-78.0021
-77.9466
-77.8899
-77.8317
-77.7722
-77.7111
-77.6485
-77.5841
-77.518
-77.45
-77.38
-77.3079
-77.2336
-77.157
-77.0777
-76.9958
-76.911
-76.8231
-76.7319
-76.6371
-76.5385
-76.4357
-76.3284
-76.2163
-76.0988
-75.9755
-75.8458
-75.7091
-75.5646
-75.4115
-75.2487
-75.0751
-74.8893
-74.6895
-74.4738
-74.2396
-73.9838
-73.7026
-73.3909
-73.0421
-72.6474
-72.1947
-71.6662
-71.0357
-70.2613
-69.271
-67.9278
-65.9253
-62.3853
-53.3352
-8.99699
49.5519
44.4773
10.7913
-12.3103
-25.7586
-39.3651
-68.0181
-94.0128
-94.8825
-94.8283
-94.6531
-94.3182
-93.763
-92.9735
-92.0049
-90.9521
-89.9053
-88.9267
-88.0487
-87.2825
-86.6262
-86.0717
-85.6085
-85.2255
-84.9123
-84.6595
-84.459
-84.3034
-84.1866
-84.1033
-84.0487
-84.019
-84.0106
-84.0207
-84.0466
-84.0861
-84.1372
-84.1983
-84.2678
-84.3445
-84.4273
-84.5151
-84.6071
-84.7025
-84.8008
-84.9012
-85.0033
-85.1066
-85.2108
-85.3155
-85.4204
-85.5253
-85.6299
-85.7341
-85.8376
-85.9404
-86.0423
-86.1431
-86.2429
-86.3415
-86.4388
-86.5349
-86.6296
-86.7229
-86.8148
-86.9052
-86.9942
-87.0817
-87.1677
-87.2522
-87.3352
-87.4167
-87.4967
-87.5752
-87.6522
-87.7276
-87.8016
-87.8742
-87.9452
-88.0148
-88.083
-88.1497
-88.215
-88.2789
-88.3414
-88.4025
-88.4623
-88.5207
-88.5778
-88.6336
-88.6881
-88.7413
-88.7932
-88.8439
-88.8933
-88.9415
-88.9886
-89.0344
-89.079
-89.1225
-89.1649
-89.2061
-89.2462
-89.2852
-89.3231
-89.36
-89.3959
-89.4307
-89.4644
-89.4972
-89.529
-89.5598
-89.5897
-89.6186
-89.6466
-89.6737
-89.6999
-89.7252
-89.7496
-89.7732
-89.7959
-89.8178
-89.8389
-89.8591
-89.8786
-89.8974
-89.9153
-89.9325
-89.949
-89.9647
-89.9797
-89.9941
-90.0077
-90.0207
-90.033
-90.0446
-90.0556
-90.066
-90.0758
-90.0849
-90.0935
-90.1014
-90.1088
-90.1156
-90.1219
-90.1276
-90.1328
-90.1375
-90.1417
-90.1453
-90.1485
-90.1511
-90.1533
-90.155
-90.1563
-90.1571
-90.1575
-90.1574
-90.1569
-90.156
-90.1547
-90.1529
-90.1508
-90.1483
-90.1455
-90.1422
-90.1386
-90.1346
-90.1303
-90.1256
-90.1206
-90.1153
-90.1097
-90.1037
-90.0974
-90.0909
-90.084
-90.0768
-90.0694
-90.0616
-90.0536
-90.0453
-90.0368
-90.028
-90.019
-90.0097
-90.0001
-89.9904
-89.9803
-89.9701
-89.9597
-89.949
-89.9381
-89.927
-89.9157
-89.9042
-89.8925
-89.8807
-89.8686
-89.8563
-89.8439
-89.8313
-89.8185
-89.8056
-89.7925
-89.7792
-89.7657
-89.7522
-89.7384
-89.7245
-89.7105
-89.6963
-89.682
-89.6676
-89.653
-89.6383
-89.6235
-89.6086
-89.5935
-89.5783
-89.563
-89.5476
-89.5321
-89.5164
-89.5007
-89.4849
-89.4689
-89.4529
-89.4368
-89.4206
-89.4042
-89.3879
-89.3714
-89.3548
-89.3382
-89.3214
-89.3046
-89.2877
-89.2708
-89.2537
-89.2366
-89.2195
-89.2022
-89.1849
-89.1675
-89.1501
-89.1326
-89.1151
-89.0975
-89.0798
-89.0621
-89.0443
-89.0265
-89.0087
-88.9907
-88.9728
-88.9548
-88.9367
-88.9186
-88.9005
-88.8823
-88.8641
-88.8458
-88.8276
-88.8092
-88.7909
-88.7725
-88.754
-88.7356
-88.7171
-88.6986
-88.68
-88.6615
-88.6429
-88.6243
-88.6056
-88.5869
-88.5682
-88.5495
-88.5308
-88.512
-88.4933
-88.4745
-88.4557
-88.4369
-88.418
-88.3992
-88.3803
-88.3614
-88.3425
-88.3236
-88.3047
-88.2858
-88.2668
-88.2479
-88.2289
-88.21
-88.191
-88.172
-88.1531
-88.1341
-88.1151
-88.0961
-88.0771
-88.0581
-88.0391
-88.0201
-88.0011
-87.9821
-87.9631
-87.9441
-87.9251
-87.9061
-87.8871
-87.8681
-87.8491
-87.8301
-87.8111
-87.7921
-87.7731
-87.7541
-87.7352
-87.7162
-87.6972
-87.6783
-87.6593
-87.6404
-87.6215
-87.6025
-87.5836
-87.5647
-87.5458
-87.5269
-87.508
-87.4892
-87.4703
-87.4514
-87.4326
-87.4138
-87.395
-87.3762
-87.3574
-87.3386
-87.3198
-87.3011
-87.2823
-87.2636
-87.2449
-87.2262
-87.2075
-87.1888
-87.1702
-87.1515
-87.1329
-87.1143
-87.0957
-87.0771
-87.0585
-87.04
-87.0214
-87.0029
-86.9844
-86.9659
-86.9475
-86.929
-86.9106
-86.8922
-86.8738
-86.8554
-86.837
-86.8187
-86.8003
-86.782
-86.7637
-86.7455
-86.7272
-86.709
-86.6908
-86.6726
-86.6544
-86.6363
-86.6181
-86.6
-86.5819
-86.5638
-86.5458
-86.5277
-86.5097
-86.4917
-86.4738
-86.4558
-86.4379
-86.42
-86.4021
-86.3842
-86.3664
-86.3485
-86.3307
-86.3129
-86.2952
-86.2774
-86.2597
-86.242
-86.2243
-86.2067
-86.1891
-86.1714
-86.1539
-86.1363
-86.1187
-86.1012
-86.0837
-86.0662
-86.0488
-86.0313
-86.0139
-85.9965
-85.9792
-85.9618
-85.9445
-85.9272
-85.9099
-85.8926
-85.8754
-85.8582
-85.841
-85.8238
-85.8067
-85.7896
-85.7725
-85.7554
-85.7383
-85.7213
-85.7043
-85.6873
-85.6703
-85.6534
-85.6365
-85.6196
-85.6027
-85.5858
-85.569
-85.5522
-85.5354
-85.5187
-85.5019
-85.4852
-85.4685
-85.4519
-85.4352
-85.4186
-85.402
-85.3854
-85.3688
-85.3523
-85.3358
-85.3193
-85.3028
-85.2864
-85.2699
-85.2535
-85.2372
-85.2208
-85.2045
-85.1882
-85.1719
-85.1556
-85.1393
-85.1231
-85.1069
-85.0907
-85.0746
-85.0584
-85.0423
-85.0262
-85.0101
-84.9941
-84.9781
-84.9621
-84.9461
-84.9301
-84.9142
-84.8982
-84.8823
-84.8664
-84.8506
-84.8347
-84.8189
-84.8031
-84.7874
-84.7716
-84.7559
-84.7402
-84.7245
-84.7088
-84.6932
-84.6775
-84.6619
-84.6463
-84.6307
-84.6152
-84.5997
-84.5841
-84.5687
-84.5532
-84.5377
-84.5223
-84.5069
-84.4915
-84.4762
-84.4608
-84.4455
-84.4302
-84.4149
-84.3996
-84.3843
-84.3691
-84.3539
-84.3387
-84.3235
-84.3083
-84.2932
-84.2781
-84.263
-84.2479
-84.2328
-84.2178
-84.2027
-84.1877
-84.1727
-84.1577
-84.1428
-84.1278
-84.1129
-84.098
-84.0831
-84.0682
-84.0534
-84.0385
-84.0237
-84.0089
-83.9941
-83.9793
-83.9646
-83.9498
-83.9351
-83.9204
-83.9057
-83.891
-83.8764
-83.8617
-83.8471
-83.8325
-83.8179
-83.8033
-83.7888
-83.7742
-83.7597
-83.7452
-83.7306
-83.7162
-83.7017
-83.6872
-83.6728
-83.6583
-83.6439
-83.6295
-83.6151
-83.6007
-83.5863
-83.572
-83.5577
-83.5433
-83.529
-83.5147
-83.5005
-83.4862
-83.4719
-83.4577
-83.4434
-83.4292
-83.415
-83.4008
-83.3866
-83.3724
-83.3583
-83.3441
-83.33
-83.3158
-83.3017
-83.2876
-83.2735
-83.2594
-83.2454
-83.2313
-83.2172
-83.2032
-83.1892
-83.1751
-83.1611
-83.1471
-83.1331
-83.1191
-83.1051
-83.0912
-83.0772
-83.0633
-83.0493
-83.0354
-83.0215
-83.0075
-82.9936
-82.9797
-82.9658
-82.9519
-82.938
-82.9241
-82.9103
-82.8964
-82.8826
-82.8687
-82.8549
-82.841
-82.8272
-82.8134
-82.7996
-82.7858
-82.7719
-82.7581
-82.7443
-82.7305
-82.7167
-82.7029
-82.6892
-82.6754
-82.6616
-82.6478
-82.634
-82.6203
-82.6065
-82.5928
-82.579
-82.5653
-82.5515
-82.5378
-82.524
-82.5103
-82.4965
-82.4828
-82.469
-82.4553
-82.4415
-82.4278
-82.414
-82.4003
-82.3865
-82.3728
-82.359
-82.3453
-82.3315
-82.3178
-82.304
-82.2903
-82.2765
-82.2628
-82.249
-82.2352
-82.2214
-82.2077
-82.1939
-82.1801
-82.1663
-82.1525
-82.1387
-82.1249
-82.1111
-82.0973
-82.0835
-82.0697
-82.0558
-82.042
-82.0282
-82.0143
-82.0004
-81.9866
-81.9727
-81.9588
-81.9449
-81.931
-81.9171
-81.9031
-81.8892
-81.8753
-81.8613
-81.8474
-81.8334
-81.8194
-81.8054
-81.7914
-81.7774
-81.7633
-81.7493
-81.7352
-81.7211
-81.707
-81.6929
-81.6787
-81.6646
-81.6504
-81.6363
-81.6221
-81.6079
-81.5936
-81.5794
-81.5651
-81.5509
-81.5365
-81.5222
-81.5079
-81.4935
-81.4791
-81.4647
-81.4503
-81.4358
-81.4213
-81.4068
-81.3923
-81.3777
-81.3632
-81.3486
-81.334
-81.3193
-81.3046
-81.2899
-81.2752
-81.2604
-81.2456
-81.2307
-81.2159
-81.201
-81.1861
-81.1711
-81.1561
-81.1411
-81.126
-81.1109
-81.0958
-81.0807
-81.0654
-81.0502
-81.0349
-81.0196
-81.0042
-80.9888
-80.9734
-80.9579
-80.9423
-80.9268
-80.9111
-80.8955
-80.8798
-80.864
-80.8482
-80.8323
-80.8164
-80.8005
-80.7844
-80.7684
-80.7522
-80.736
-80.7198
-80.7035
-80.6871
-80.6707
-80.6543
-80.6377
-80.6211
-80.6045
-80.5877
-80.5709
-80.5541
-80.5371
-80.5201
-80.503
-80.4859
-80.4686
-80.4513
-80.434
-80.4165
-80.399
-80.3813
-80.3636
-80.3458
-80.3279
-80.31
-80.2919
-80.2737
-80.2555
-80.2371
-80.2187
-80.2001
-80.1814
-80.1627
-80.1438
-80.1249
-80.1058
-80.0866
-80.0672
-80.0478
-80.0282
-80.0085
-79.9887
-79.9688
-79.9487
-79.9285
-79.9082
-79.8877
-79.8671
-79.8463
-79.8254
-79.8043
-79.783
-79.7616
-79.74
-79.7183
-79.6964
-79.6743
-79.6521
-79.6296
-79.607
-79.5841
-79.5611
-79.5378
-79.5144
-79.4907
-79.4668
-79.4427
-79.4184
-79.3938
-79.369
-79.3439
-79.3186
-79.293
-79.2671
-79.241
-79.2145
-79.1878
-79.1608
-79.1335
-79.1058
-79.0779
-79.0495
-79.0209
-78.9918
-78.9624
-78.9327
-78.9025
-78.872
-78.841
-78.8095
-78.7777
-78.7453
-78.7125
-78.6793
-78.6455
-78.6112
-78.5763
-78.5409
-78.5048
-78.4682
-78.431
-78.3931
-78.3546
-78.3153
-78.2753
-78.2345
-78.193
-78.1507
-78.1074
-78.0633
-78.0183
-77.9723
-77.9253
-77.8772
-77.828
-77.7776
-77.7261
-77.6732
-77.619
-77.5634
-77.5063
-77.4477
-77.3874
-77.3253
-77.2614
-77.1956
-77.1276
-77.0575
-76.985
-76.9101
-76.8325
-76.752
-76.6685
-76.5817
-76.4915
-76.3974
-76.2992
-76.1967
-76.0893
-75.9766
-75.8582
-75.7335
-75.6019
-75.4626
-75.3148
-75.1575
-74.9895
-74.8094
-74.6157
-74.4062
-74.1784
-73.9294
-73.6554
-73.3513
-73.0108
-72.625
-72.1823
-71.6653
-71.0484
-70.2908
-69.3231
-68.0133
-66.0699
-62.6671
-54.1572
-13.4822
49.1532
44.4101
11.2577
-12.1374
-25.5304
-39.1616
-67.4929
-93.9742
-94.8841
-94.8334
-94.6632
-94.3362
-93.7912
-93.0112
-92.0486
-90.9973
-89.948
-88.9644
-88.0804
-87.3077
-86.6452
-86.0851
-85.6168
-85.2293
-84.9121
-84.656
-84.4525
-84.2943
-84.1754
-84.0901
-84.034
-84.0029
-83.9934
-84.0026
-84.0277
-84.0666
-84.1172
-84.1779
-84.2472
-84.3238
-84.4065
-84.4943
-84.5864
-84.682
-84.7804
-84.881
-84.9834
-85.087
-85.1915
-85.2966
-85.4019
-85.5071
-85.6122
-85.7168
-85.8207
-85.9239
-86.0263
-86.1276
-86.2278
-86.3269
-86.4247
-86.5212
-86.6163
-86.7101
-86.8024
-86.8933
-86.9828
-87.0707
-87.1571
-87.2421
-87.3255
-87.4074
-87.4878
-87.5667
-87.6441
-87.72
-87.7944
-87.8673
-87.9388
-88.0088
-88.0773
-88.1444
-88.2101
-88.2744
-88.3372
-88.3987
-88.4589
-88.5177
-88.5751
-88.6312
-88.686
-88.7396
-88.7918
-88.8428
-88.8926
-88.9411
-88.9885
-89.0346
-89.0796
-89.1234
-89.166
-89.2076
-89.248
-89.2873
-89.3255
-89.3627
-89.3988
-89.4339
-89.468
-89.5011
-89.5332
-89.5643
-89.5944
-89.6236
-89.6519
-89.6793
-89.7058
-89.7313
-89.7561
-89.7799
-89.8029
-89.8251
-89.8465
-89.867
-89.8868
-89.9058
-89.9241
-89.9415
-89.9583
-89.9743
-89.9896
-90.0042
-90.0182
-90.0314
-90.044
-90.056
-90.0673
-90.0779
-90.088
-90.0974
-90.1063
-90.1146
-90.1223
-90.1294
-90.136
-90.142
-90.1475
-90.1525
-90.157
-90.161
-90.1644
-90.1674
-90.1699
-90.172
-90.1736
-90.1747
-90.1754
-90.1757
-90.1756
-90.175
-90.174
-90.1727
-90.1709
-90.1688
-90.1663
-90.1634
-90.1601
-90.1565
-90.1526
-90.1483
-90.1437
-90.1388
-90.1335
-90.128
-90.1221
-90.1159
-90.1094
-90.1027
-90.0957
-90.0883
-90.0808
-90.0729
-90.0648
-90.0564
-90.0478
-90.039
-90.0299
-90.0206
-90.011
-90.0012
-89.9913
-89.9811
-89.9706
-89.96
-89.9492
-89.9382
-89.927
-89.9156
-89.904
-89.8923
-89.8804
-89.8683
-89.856
-89.8436
-89.831
-89.8182
-89.8053
-89.7923
-89.7791
-89.7657
-89.7522
-89.7386
-89.7249
-89.711
-89.697
-89.6829
-89.6686
-89.6542
-89.6397
-89.6252
-89.6104
-89.5956
-89.5807
-89.5657
-89.5505
-89.5353
-89.52
-89.5046
-89.4891
-89.4735
-89.4578
-89.442
-89.4262
-89.4103
-89.3943
-89.3782
-89.362
-89.3458
-89.3295
-89.3132
-89.2967
-89.2802
-89.2637
-89.2471
-89.2304
-89.2136
-89.1969
-89.18
-89.1631
-89.1462
-89.1292
-89.1121
-89.095
-89.0779
-89.0607
-89.0435
-89.0262
-89.0089
-88.9915
-88.9741
-88.9567
-88.9393
-88.9218
-88.9042
-88.8867
-88.8691
-88.8515
-88.8338
-88.8162
-88.7985
-88.7807
-88.763
-88.7452
-88.7274
-88.7096
-88.6918
-88.6739
-88.656
-88.6382
-88.6202
-88.6023
-88.5844
-88.5664
-88.5485
-88.5305
-88.5125
-88.4945
-88.4765
-88.4584
-88.4404
-88.4224
-88.4043
-88.3863
-88.3682
-88.3502
-88.3321
-88.314
-88.2959
-88.2779
-88.2598
-88.2417
-88.2236
-88.2055
-88.1874
-88.1693
-88.1513
-88.1332
-88.1151
-88.097
-88.0789
-88.0609
-88.0428
-88.0247
-88.0067
-87.9886
-87.9706
-87.9525
-87.9345
-87.9165
-87.8985
-87.8805
-87.8625
-87.8445
-87.8265
-87.8085
-87.7905
-87.7726
-87.7546
-87.7367
-87.7188
-87.7009
-87.683
-87.6651
-87.6472
-87.6294
-87.6115
-87.5937
-87.5759
-87.5581
-87.5403
-87.5225
-87.5047
-87.487
-87.4693
-87.4516
-87.4339
-87.4162
-87.3985
-87.3809
-87.3633
-87.3456
-87.328
-87.3105
-87.2929
-87.2754
-87.2578
-87.2403
-87.2229
-87.2054
-87.188
-87.1705
-87.1531
-87.1357
-87.1184
-87.101
-87.0837
-87.0664
-87.0491
-87.0318
-87.0146
-86.9974
-86.9802
-86.963
-86.9458
-86.9287
-86.9116
-86.8945
-86.8774
-86.8604
-86.8434
-86.8263
-86.8094
-86.7924
-86.7755
-86.7586
-86.7417
-86.7248
-86.708
-86.6912
-86.6744
-86.6576
-86.6408
-86.6241
-86.6074
-86.5907
-86.5741
-86.5575
-86.5408
-86.5243
-86.5077
-86.4912
-86.4747
-86.4582
-86.4417
-86.4253
-86.4089
-86.3925
-86.3762
-86.3598
-86.3435
-86.3272
-86.311
-86.2947
-86.2785
-86.2623
-86.2462
-86.2301
-86.214
-86.1979
-86.1818
-86.1658
-86.1498
-86.1338
-86.1179
-86.1019
-86.086
-86.0701
-86.0543
-86.0385
-86.0227
-86.0069
-85.9911
-85.9754
-85.9597
-85.9441
-85.9284
-85.9128
-85.8972
-85.8816
-85.8661
-85.8506
-85.8351
-85.8196
-85.8042
-85.7887
-85.7734
-85.758
-85.7427
-85.7274
-85.7121
-85.6968
-85.6816
-85.6664
-85.6512
-85.636
-85.6209
-85.6058
-85.5907
-85.5757
-85.5606
-85.5456
-85.5307
-85.5157
-85.5008
-85.4859
-85.471
-85.4562
-85.4414
-85.4266
-85.4118
-85.3971
-85.3823
-85.3676
-85.353
-85.3383
-85.3237
-85.3091
-85.2945
-85.28
-85.2655
-85.251
-85.2365
-85.2221
-85.2077
-85.1933
-85.1789
-85.1646
-85.1503
-85.136
-85.1217
-85.1075
-85.0932
-85.0791
-85.0649
-85.0507
-85.0366
-85.0225
-85.0085
-84.9944
-84.9804
-84.9664
-84.9525
-84.9385
-84.9246
-84.9107
-84.8968
-84.883
-84.8691
-84.8553
-84.8415
-84.8278
-84.8141
-84.8003
-84.7867
-84.773
-84.7594
-84.7458
-84.7322
-84.7186
-84.7051
-84.6916
-84.6781
-84.6646
-84.6511
-84.6377
-84.6243
-84.6109
-84.5976
-84.5842
-84.5709
-84.5576
-84.5444
-84.5311
-84.5179
-84.5047
-84.4916
-84.4784
-84.4653
-84.4522
-84.4391
-84.426
-84.413
-84.4
-84.387
-84.374
-84.361
-84.3481
-84.3352
-84.3223
-84.3094
-84.2966
-84.2838
-84.271
-84.2582
-84.2454
-84.2327
-84.22
-84.2073
-84.1946
-84.1819
-84.1693
-84.1567
-84.1441
-84.1315
-84.119
-84.1064
-84.0939
-84.0814
-84.069
-84.0565
-84.0441
-84.0317
-84.0193
-84.0069
-83.9946
-83.9823
-83.97
-83.9577
-83.9454
-83.9331
-83.9209
-83.9087
-83.8965
-83.8843
-83.8721
-83.86
-83.8479
-83.8358
-83.8237
-83.8117
-83.7996
-83.7876
-83.7756
-83.7636
-83.7516
-83.7397
-83.7278
-83.7158
-83.7039
-83.6921
-83.6802
-83.6683
-83.6565
-83.6447
-83.6329
-83.6211
-83.6094
-83.5976
-83.5859
-83.5742
-83.5625
-83.5509
-83.5392
-83.5276
-83.516
-83.5044
-83.4928
-83.4812
-83.4696
-83.4581
-83.4466
-83.4351
-83.4236
-83.4121
-83.4006
-83.3892
-83.3778
-83.3663
-83.355
-83.3436
-83.3322
-83.3209
-83.3095
-83.2982
-83.2869
-83.2756
-83.2644
-83.2531
-83.2419
-83.2306
-83.2194
-83.2082
-83.197
-83.1858
-83.1747
-83.1635
-83.1524
-83.1413
-83.1302
-83.1191
-83.108
-83.0969
-83.0859
-83.0749
-83.0638
-83.0528
-83.0418
-83.0309
-83.0199
-83.0089
-82.998
-82.987
-82.9761
-82.9652
-82.9543
-82.9434
-82.9325
-82.9217
-82.9108
-82.9
-82.8892
-82.8784
-82.8676
-82.8568
-82.846
-82.8352
-82.8245
-82.8137
-82.803
-82.7923
-82.7816
-82.7709
-82.7602
-82.7495
-82.7388
-82.7282
-82.7175
-82.7069
-82.6963
-82.6856
-82.675
-82.6644
-82.6538
-82.6432
-82.6327
-82.6221
-82.6116
-82.601
-82.5905
-82.58
-82.5695
-82.559
-82.5485
-82.538
-82.5275
-82.517
-82.5065
-82.4961
-82.4856
-82.4752
-82.4647
-82.4543
-82.4439
-82.4335
-82.4231
-82.4127
-82.4023
-82.3919
-82.3815
-82.3711
-82.3608
-82.3504
-82.3401
-82.3298
-82.3194
-82.3091
-82.2988
-82.2884
-82.2781
-82.2678
-82.2575
-82.2472
-82.2369
-82.2266
-82.2163
-82.2061
-82.1958
-82.1855
-82.1752
-82.165
-82.1547
-82.1445
-82.1342
-82.124
-82.1137
-82.1035
-82.0933
-82.0831
-82.0728
-82.0626
-82.0524
-82.0422
-82.032
-82.0218
-82.0115
-82.0013
-81.9911
-81.9809
-81.9707
-81.9605
-81.9503
-81.9401
-81.9299
-81.9197
-81.9095
-81.8993
-81.8891
-81.8789
-81.8688
-81.8586
-81.8484
-81.8382
-81.828
-81.8178
-81.8077
-81.7975
-81.7873
-81.7771
-81.7669
-81.7567
-81.7465
-81.7363
-81.7261
-81.7159
-81.7057
-81.6954
-81.6852
-81.675
-81.6648
-81.6546
-81.6444
-81.6342
-81.6239
-81.6137
-81.6035
-81.5933
-81.583
-81.5728
-81.5625
-81.5523
-81.542
-81.5318
-81.5215
-81.5112
-81.5009
-81.4906
-81.4803
-81.47
-81.4597
-81.4494
-81.4391
-81.4288
-81.4184
-81.4081
-81.3977
-81.3874
-81.377
-81.3667
-81.3563
-81.3459
-81.3355
-81.3251
-81.3147
-81.3043
-81.2938
-81.2834
-81.2729
-81.2624
-81.252
-81.2415
-81.231
-81.2204
-81.2099
-81.1994
-81.1888
-81.1782
-81.1677
-81.1571
-81.1465
-81.1359
-81.1253
-81.1146
-81.104
-81.0933
-81.0826
-81.0719
-81.0612
-81.0504
-81.0397
-81.0289
-81.0181
-81.0073
-80.9965
-80.9856
-80.9748
-80.9639
-80.953
-80.9421
-80.9311
-80.9202
-80.9092
-80.8982
-80.8872
-80.8762
-80.8651
-80.854
-80.8429
-80.8318
-80.8207
-80.8095
-80.7983
-80.787
-80.7758
-80.7645
-80.7532
-80.7418
-80.7305
-80.7191
-80.7077
-80.6962
-80.6848
-80.6733
-80.6617
-80.6502
-80.6386
-80.627
-80.6153
-80.6036
-80.5919
-80.5802
-80.5684
-80.5565
-80.5447
-80.5328
-80.5208
-80.5089
-80.4969
-80.4848
-80.4727
-80.4606
-80.4484
-80.4362
-80.424
-80.4117
-80.3994
-80.387
-80.3746
-80.3621
-80.3496
-80.3371
-80.3245
-80.3118
-80.2991
-80.2863
-80.2735
-80.2607
-80.2477
-80.2348
-80.2217
-80.2087
-80.1955
-80.1823
-80.1691
-80.1558
-80.1425
-80.129
-80.1155
-80.102
-80.0884
-80.0747
-80.0609
-80.0471
-80.0332
-80.0192
-80.0052
-79.9911
-79.9769
-79.9626
-79.9483
-79.9339
-79.9194
-79.9048
-79.8902
-79.8754
-79.8606
-79.8457
-79.8307
-79.8156
-79.8004
-79.7851
-79.7697
-79.7542
-79.7386
-79.7229
-79.7071
-79.6912
-79.6752
-79.6591
-79.6428
-79.6265
-79.61
-79.5934
-79.5767
-79.5599
-79.5429
-79.5258
-79.5085
-79.4912
-79.4736
-79.456
-79.4382
-79.4203
-79.4022
-79.3839
-79.3655
-79.3469
-79.3282
-79.3092
-79.2901
-79.2709
-79.2514
-79.2317
-79.2119
-79.1919
-79.1717
-79.1513
-79.1306
-79.1097
-79.0887
-79.0673
-79.0458
-79.024
-79.002
-78.9797
-78.9571
-78.9344
-78.9113
-78.8879
-78.8643
-78.8403
-78.8161
-78.7915
-78.7666
-78.7414
-78.7159
-78.69
-78.6637
-78.6371
-78.6101
-78.5826
-78.5548
-78.5266
-78.4979
-78.4687
-78.4391
-78.4091
-78.3785
-78.3474
-78.3158
-78.2836
-78.2508
-78.2175
-78.1836
-78.149
-78.1138
-78.0778
-78.0412
-78.0038
-77.9656
-77.9267
-77.8869
-77.8462
-77.8046
-77.7621
-77.7186
-77.674
-77.6284
-77.5816
-77.5336
-77.4844
-77.4338
-77.3819
-77.3285
-77.2736
-77.2171
-77.1589
-77.0988
-77.0368
-76.9728
-76.9067
-76.8383
-76.7674
-76.694
-76.6177
-76.5385
-76.4561
-76.3702
-76.2807
-76.1871
-76.0892
-75.9866
-75.8789
-75.7656
-75.6462
-75.5199
-75.3862
-75.2442
-75.0929
-74.9313
-74.7578
-74.5711
-74.3691
-74.1494
-73.9092
-73.6448
-73.3514
-73.0229
-72.6512
-72.225
-71.7282
-71.1371
-70.4144
-69.4972
-68.2689
-66.479
-63.4544
-56.4903
-26.2817
41.4541
44.2312
12.6852
-11.6594
-24.9075
-38.6037
-66.0811
-93.853
-94.8879
-94.8482
-94.694
-94.3942
-93.887
-93.1465
-92.213
-91.1732
-90.1184
-89.1167
-88.207
-87.4054
-86.7134
-86.1246
-85.6293
-85.2171
-84.8774
-84.6008
-84.3788
-84.2042
-84.0703
-83.9718
-83.9039
-83.8622
-83.8434
-83.8443
-83.8621
-83.8946
-83.9397
-83.9956
-84.0608
-84.1339
-84.2137
-84.2991
-84.3893
-84.4833
-84.5806
-84.6805
-84.7824
-84.8858
-84.9904
-85.0958
-85.2016
-85.3075
-85.4134
-85.519
-85.624
-85.7284
-85.832
-85.9347
-86.0364
-86.1369
-86.2363
-86.3344
-86.4312
-86.5266
-86.6206
-86.7132
-86.8043
-86.8939
-86.9821
-87.0687
-87.1538
-87.2375
-87.3195
-87.4001
-87.4792
-87.5567
-87.6328
-87.7073
-87.7804
-87.8519
-87.9221
-87.9907
-88.0579
-88.1237
-88.1881
-88.2511
-88.3127
-88.3729
-88.4318
-88.4893
-88.5455
-88.6004
-88.654
-88.7064
-88.7574
-88.8073
-88.8559
-88.9033
-88.9495
-88.9945
-89.0384
-89.0811
-89.1227
-89.1631
-89.2025
-89.2408
-89.278
-89.3142
-89.3494
-89.3835
-89.4166
-89.4487
-89.4799
-89.5101
-89.5394
-89.5677
-89.5951
-89.6217
-89.6473
-89.6721
-89.696
-89.7191
-89.7413
-89.7627
-89.7834
-89.8032
-89.8223
-89.8406
-89.8581
-89.875
-89.8911
-89.9065
-89.9212
-89.9352
-89.9485
-89.9612
-89.9733
-89.9847
-89.9954
-90.0056
-90.0151
-90.0241
-90.0325
-90.0403
-90.0476
-90.0543
-90.0604
-90.0661
-90.0712
-90.0758
-90.0799
-90.0835
-90.0867
-90.0893
-90.0915
-90.0933
-90.0946
-90.0955
-90.0959
-90.096
-90.0956
-90.0948
-90.0936
-90.0921
-90.0901
-90.0878
-90.0851
-90.0821
-90.0787
-90.075
-90.0709
-90.0665
-90.0618
-90.0568
-90.0515
-90.0459
-90.0399
-90.0337
-90.0272
-90.0204
-90.0134
-90.0061
-89.9985
-89.9907
-89.9826
-89.9743
-89.9657
-89.9569
-89.9479
-89.9387
-89.9292
-89.9195
-89.9097
-89.8996
-89.8893
-89.8788
-89.8681
-89.8573
-89.8462
-89.835
-89.8236
-89.812
-89.8003
-89.7884
-89.7763
-89.7641
-89.7518
-89.7392
-89.7266
-89.7138
-89.7008
-89.6878
-89.6746
-89.6612
-89.6478
-89.6342
-89.6205
-89.6067
-89.5927
-89.5787
-89.5645
-89.5502
-89.5359
-89.5214
-89.5068
-89.4922
-89.4774
-89.4626
-89.4476
-89.4326
-89.4175
-89.4023
-89.3871
-89.3717
-89.3563
-89.3408
-89.3252
-89.3096
-89.2939
-89.2781
-89.2623
-89.2464
-89.2304
-89.2144
-89.1983
-89.1822
-89.166
-89.1498
-89.1335
-89.1171
-89.1008
-89.0843
-89.0679
-89.0513
-89.0348
-89.0182
-89.0015
-88.9849
-88.9681
-88.9514
-88.9346
-88.9178
-88.901
-88.8841
-88.8672
-88.8502
-88.8333
-88.8163
-88.7993
-88.7822
-88.7652
-88.7481
-88.731
-88.7139
-88.6967
-88.6796
-88.6624
-88.6452
-88.628
-88.6108
-88.5936
-88.5763
-88.5591
-88.5418
-88.5245
-88.5072
-88.4899
-88.4726
-88.4553
-88.438
-88.4207
-88.4033
-88.386
-88.3687
-88.3513
-88.334
-88.3166
-88.2993
-88.282
-88.2646
-88.2473
-88.2299
-88.2126
-88.1952
-88.1779
-88.1606
-88.1432
-88.1259
-88.1086
-88.0913
-88.074
-88.0567
-88.0394
-88.0221
-88.0048
-87.9875
-87.9703
-87.953
-87.9358
-87.9185
-87.9013
-87.8841
-87.8669
-87.8497
-87.8325
-87.8154
-87.7982
-87.7811
-87.7639
-87.7468
-87.7297
-87.7126
-87.6955
-87.6785
-87.6615
-87.6444
-87.6274
-87.6104
-87.5934
-87.5765
-87.5595
-87.5426
-87.5257
-87.5088
-87.4919
-87.4751
-87.4582
-87.4414
-87.4246
-87.4078
-87.3911
-87.3743
-87.3576
-87.3409
-87.3242
-87.3075
-87.2909
-87.2743
-87.2577
-87.2411
-87.2245
-87.208
-87.1915
-87.175
-87.1585
-87.1421
-87.1257
-87.1093
-87.0929
-87.0765
-87.0602
-87.0439
-87.0276
-87.0113
-86.9951
-86.9788
-86.9626
-86.9465
-86.9303
-86.9142
-86.8981
-86.882
-86.866
-86.85
-86.834
-86.818
-86.802
-86.7861
-86.7702
-86.7543
-86.7385
-86.7227
-86.7069
-86.6911
-86.6753
-86.6596
-86.6439
-86.6283
-86.6126
-86.597
-86.5814
-86.5658
-86.5503
-86.5348
-86.5193
-86.5038
-86.4884
-86.473
-86.4576
-86.4422
-86.4269
-86.4116
-86.3963
-86.3811
-86.3659
-86.3507
-86.3355
-86.3203
-86.3052
-86.2901
-86.2751
-86.26
-86.245
-86.2301
-86.2151
-86.2002
-86.1853
-86.1704
-86.1556
-86.1408
-86.126
-86.1112
-86.0965
-86.0817
-86.0671
-86.0524
-86.0378
-86.0232
-86.0086
-85.9941
-85.9796
-85.9651
-85.9506
-85.9362
-85.9218
-85.9074
-85.893
-85.8787
-85.8644
-85.8501
-85.8359
-85.8217
-85.8075
-85.7933
-85.7792
-85.7651
-85.751
-85.737
-85.7229
-85.709
-85.695
-85.681
-85.6671
-85.6532
-85.6394
-85.6255
-85.6117
-85.5979
-85.5842
-85.5705
-85.5568
-85.5431
-85.5294
-85.5158
-85.5022
-85.4887
-85.4751
-85.4616
-85.4482
-85.4347
-85.4213
-85.4079
-85.3945
-85.3811
-85.3678
-85.3545
-85.3412
-85.328
-85.3148
-85.3016
-85.2884
-85.2753
-85.2622
-85.2491
-85.236
-85.223
-85.21
-85.197
-85.1841
-85.1711
-85.1582
-85.1453
-85.1325
-85.1197
-85.1069
-85.0941
-85.0813
-85.0686
-85.0559
-85.0433
-85.0306
-85.018
-85.0054
-84.9928
-84.9803
-84.9678
-84.9553
-84.9428
-84.9304
-84.918
-84.9056
-84.8932
-84.8809
-84.8685
-84.8563
-84.844
-84.8317
-84.8195
-84.8073
-84.7952
-84.783
-84.7709
-84.7588
-84.7468
-84.7347
-84.7227
-84.7107
-84.6987
-84.6868
-84.6749
-84.663
-84.6511
-84.6392
-84.6274
-84.6156
-84.6038
-84.5921
-84.5803
-84.5686
-84.5569
-84.5453
-84.5336
-84.522
-84.5104
-84.4989
-84.4873
-84.4758
-84.4643
-84.4528
-84.4414
-84.43
-84.4185
-84.4072
-84.3958
-84.3845
-84.3731
-84.3618
-84.3506
-84.3393
-84.3281
-84.3169
-84.3057
-84.2946
-84.2834
-84.2723
-84.2612
-84.2502
-84.2391
-84.2281
-84.2171
-84.2061
-84.1951
-84.1842
-84.1733
-84.1624
-84.1515
-84.1406
-84.1298
-84.119
-84.1082
-84.0974
-84.0867
-84.076
-84.0653
-84.0546
-84.0439
-84.0333
-84.0227
-84.0121
-84.0015
-83.9909
-83.9804
-83.9699
-83.9594
-83.9489
-83.9384
-83.928
-83.9175
-83.9071
-83.8968
-83.8864
-83.8761
-83.8657
-83.8554
-83.8452
-83.8349
-83.8247
-83.8144
-83.8042
-83.7941
-83.7839
-83.7738
-83.7636
-83.7535
-83.7434
-83.7334
-83.7233
-83.7133
-83.7033
-83.6933
-83.6833
-83.6733
-83.6634
-83.6535
-83.6436
-83.6337
-83.6238
-83.614
-83.6041
-83.5943
-83.5845
-83.5748
-83.565
-83.5553
-83.5456
-83.5359
-83.5262
-83.5165
-83.5069
-83.4972
-83.4876
-83.478
-83.4684
-83.4588
-83.4493
-83.4398
-83.4302
-83.4207
-83.4112
-83.4018
-83.3923
-83.3829
-83.3735
-83.3641
-83.3547
-83.3453
-83.336
-83.3267
-83.3174
-83.3081
-83.2988
-83.2895
-83.2803
-83.271
-83.2618
-83.2526
-83.2434
-83.2342
-83.2251
-83.2159
-83.2068
-83.1977
-83.1886
-83.1795
-83.1704
-83.1614
-83.1523
-83.1433
-83.1343
-83.1253
-83.1163
-83.1074
-83.0984
-83.0895
-83.0806
-83.0717
-83.0628
-83.0539
-83.0451
-83.0362
-83.0274
-83.0186
-83.0098
-83.001
-82.9922
-82.9834
-82.9747
-82.9659
-82.9572
-82.9485
-82.9398
-82.9311
-82.9224
-82.9138
-82.9051
-82.8965
-82.8879
-82.8793
-82.8707
-82.8621
-82.8535
-82.845
-82.8365
-82.8279
-82.8194
-82.8109
-82.8025
-82.794
-82.7855
-82.7771
-82.7686
-82.7602
-82.7518
-82.7434
-82.735
-82.7266
-82.7182
-82.7099
-82.7015
-82.6932
-82.6849
-82.6766
-82.6683
-82.66
-82.6517
-82.6434
-82.6352
-82.6269
-82.6187
-82.6105
-82.6023
-82.5941
-82.5859
-82.5777
-82.5696
-82.5614
-82.5533
-82.5452
-82.537
-82.5289
-82.5208
-82.5127
-82.5047
-82.4966
-82.4885
-82.4805
-82.4724
-82.4644
-82.4564
-82.4483
-82.4403
-82.4323
-82.4243
-82.4164
-82.4084
-82.4004
-82.3925
-82.3846
-82.3766
-82.3687
-82.3608
-82.3529
-82.345
-82.3372
-82.3293
-82.3214
-82.3136
-82.3057
-82.2979
-82.2901
-82.2823
-82.2744
-82.2666
-82.2588
-82.251
-82.2433
-82.2355
-82.2277
-82.2199
-82.2122
-82.2044
-82.1967
-82.189
-82.1813
-82.1735
-82.1658
-82.1581
-82.1504
-82.1428
-82.1351
-82.1274
-82.1198
-82.1121
-82.1045
-82.0968
-82.0892
-82.0816
-82.074
-82.0664
-82.0588
-82.0512
-82.0436
-82.036
-82.0284
-82.0208
-82.0132
-82.0057
-81.9981
-81.9906
-81.983
-81.9755
-81.9679
-81.9604
-81.9528
-81.9453
-81.9378
-81.9303
-81.9228
-81.9153
-81.9078
-81.9003
-81.8928
-81.8853
-81.8779
-81.8704
-81.863
-81.8555
-81.8481
-81.8406
-81.8332
-81.8257
-81.8183
-81.8109
-81.8034
-81.796
-81.7886
-81.7812
-81.7738
-81.7663
-81.7589
-81.7515
-81.7441
-81.7367
-81.7293
-81.7219
-81.7145
-81.7071
-81.6997
-81.6924
-81.685
-81.6776
-81.6702
-81.6629
-81.6555
-81.6481
-81.6408
-81.6334
-81.6261
-81.6187
-81.6114
-81.604
-81.5967
-81.5894
-81.582
-81.5747
-81.5673
-81.56
-81.5527
-81.5453
-81.538
-81.5306
-81.5233
-81.516
-81.5086
-81.5013
-81.494
-81.4866
-81.4793
-81.4719
-81.4646
-81.4573
-81.4499
-81.4426
-81.4353
-81.4279
-81.4206
-81.4133
-81.406
-81.3986
-81.3913
-81.384
-81.3767
-81.3693
-81.362
-81.3547
-81.3473
-81.34
-81.3327
-81.3253
-81.318
-81.3106
-81.3033
-81.2959
-81.2886
-81.2812
-81.2739
-81.2665
-81.2591
-81.2518
-81.2444
-81.237
-81.2296
-81.2223
-81.2149
-81.2075
-81.2001
-81.1927
-81.1853
-81.1779
-81.1705
-81.1631
-81.1557
-81.1483
-81.1409
-81.1335
-81.1261
-81.1187
-81.1112
-81.1038
-81.0964
-81.0889
-81.0815
-81.074
-81.0666
-81.0591
-81.0516
-81.0441
-81.0366
-81.0291
-81.0216
-81.0141
-81.0066
-80.9991
-80.9915
-80.984
-80.9765
-80.9689
-80.9613
-80.9538
-80.9462
-80.9386
-80.931
-80.9234
-80.9158
-80.9082
-80.9006
-80.893
-80.8854
-80.8777
-80.8701
-80.8624
-80.8548
-80.8471
-80.8394
-80.8317
-80.824
-80.8162
-80.8085
-80.8007
-80.793
-80.7852
-80.7774
-80.7696
-80.7618
-80.754
-80.7462
-80.7383
-80.7305
-80.7226
-80.7147
-80.7068
-80.6989
-80.691
-80.683
-80.6751
-80.6672
-80.6592
-80.6512
-80.6432
-80.6352
-80.6272
-80.6191
-80.6111
-80.603
-80.5949
-80.5868
-80.5787
-80.5705
-80.5623
-80.5542
-80.546
-80.5377
-80.5295
-80.5212
-80.513
-80.5047
-80.4963
-80.488
-80.4796
-80.4713
-80.4629
-80.4545
-80.446
-80.4376
-80.4291
-80.4206
-80.4121
-80.4036
-80.395
-80.3865
-80.3779
-80.3692
-80.3606
-80.3519
-80.3432
-80.3344
-80.3257
-80.3169
-80.3081
-80.2992
-80.2904
-80.2815
-80.2725
-80.2636
-80.2546
-80.2456
-80.2366
-80.2275
-80.2184
-80.2093
-80.2001
-80.1909
-80.1817
-80.1724
-80.1632
-80.1539
-80.1445
-80.1351
-80.1257
-80.1163
-80.1068
-80.0972
-80.0877
-80.0781
-80.0684
-80.0587
-80.049
-80.0392
-80.0294
-80.0196
-80.0097
-79.9997
-79.9897
-79.9797
-79.9697
-79.9596
-79.9494
-79.9392
-79.929
-79.9187
-79.9084
-79.898
-79.8875
-79.8771
-79.8665

