-70
-68.6518
-67.0867
-64.8999
-61.1627
-51.8565
-5.63252
49.6691
42.9907
5.11842
-13.6341
-27.2521
-41.3529
-72.5842
-94.3163
-94.9402
-94.9074
-94.7746
-94.4808
-93.9342
-93.0878
-91.9768
-90.6927
-89.3338
-87.9754
-86.6644
-85.4249
-84.2663
-83.1895
-82.1908
-81.2646
-80.4043
-79.6028
-78.8535
-78.1495
-77.4845
-76.8523
-76.2469
-75.6622
-75.0924
-74.5311
-73.9719
-73.4072
-72.8283
-72.2245
-71.5817
-70.8803
-70.0915
-69.1691
-68.0331
-66.5254
-64.2782
-60.1664
-48.6476
10.6668
49.5807
36.3277
-6.67438
-20.3189
-34.6259
-56.5573
-91.1788
-94.8343
-94.9324
-94.8593
-94.6743
-94.3015
-93.6656
-92.7496
-91.6077
-90.33
-89.0027
-87.6887
-86.4265
-85.2359
-84.1243
-83.0923
-82.1364
-81.2513
-80.4305
-79.6677
-78.9563
-78.29
-77.6627
-77.0687
-76.5025
-75.9589
-75.4326
-74.9184
-74.411
-73.9047
-73.3932
-72.8692
-72.3238
-71.7455
-71.1189
-70.4219
-69.6206
-68.6586
-67.4334
-65.7307
-63.0024
-57.2892
-36.0528
38.7582
43.9838
10.8238
-12.2195
-25.6336
-39.2832
-67.8407
-94.0448
-94.9376
-94.9235
-94.8208
-94.5903
-94.1479
-93.4302
-92.4424
-91.2541
-89.9584
-88.6364
-87.344
-86.1137
-84.9607
-83.8897
-82.8994
-81.9853
-81.1412
-80.3607
-79.6369
-78.9635
-78.3343
-77.7435
-77.1857
-76.6556
-76.1486
-75.6599
-75.185
-74.7194
-74.2586
-73.7974
-73.3306
-72.8518
-72.3534
-71.8257
-71.256
-70.6259
-69.9088
-69.0613
-68.0087
-66.6049
-64.5152
-60.7465
-50.6684
0.850012
49.7499
41.476
1.45493
-15.0018
-28.7684
-44.1517
-78.1623
-94.5198
-94.9397
-94.8945
-94.7472
-94.4321
-93.8638
-93.0066
-91.9033
-90.6453
-89.3266
-88.0178
-86.7623
-85.582
-84.4852
-83.4722
-82.539
-81.6799
-80.8881
-80.1568
-79.4795
-78.8499
-78.262
-77.7106
-77.1904
-76.6969
-76.2256
-75.7725
-75.3334
-74.9046
-74.482
-74.0617
-73.6394
-73.2103
-72.7686
-72.3078
-71.8193
-71.2918
-70.7094
-70.049
-69.2742
-68.3238
-67.0826
-65.3023
-62.3144
-55.5035
-26.2468
40.6773
43.4516
9.32072
-12.3412
-25.7199
-39.3677
-68.0464
-94.0625
-94.9395
-94.9207
-94.8098
-94.5608
-94.0871
-93.3329
-92.3159
-91.1142
-89.8221
-88.5177
-87.2529
-86.0565
-84.9413
-83.9102
-82.9608
-82.0879
-81.2852
-80.5459
-79.8633
-79.2311
-78.6433
-78.0944
-77.5793
-77.0933
-76.6321
-76.1917
-75.7682
-75.3583
-74.9583
-74.5648
-74.1743
-73.7832
-73.3874
-72.9824
-72.5627
-72.1219
-71.6513
-71.1397
-70.571
-69.9215
-69.1539
-68.2044
-66.9525
-65.1341
-62.0239
-54.6726
-21.4392
46.1018
43.1384
8.06223
-12.5623
-25.9454
-39.5343
-68.4356
-94.0892
-94.9397
-94.9187
-94.8033
-94.5445
-94.0557
-93.285
-92.2555
-91.0484
-89.758
-88.4609
-87.2071
-86.024
-84.9233
-83.9073
-82.9733
-82.1157
-81.3282
-80.6038
-79.9361
-79.3185
-78.7453
-78.2111
-77.7107
-77.2398
-76.794
-76.3696
-75.963
-75.5708
-75.1899
-74.8172
-74.4496
-74.0839
-73.7169
-73.3449
-72.9638
-72.5688
-72.1539
-71.7116
-71.2319
-70.7009
-70.0983
-69.3927
-68.5323
-67.4228
-65.8691
-63.383
-58.2825
-40.4114
34.4271
45.3097
14.7041
-12.2273
-25.8023
-39.3901
-68.0546
-94.0315
-94.9322
-94.9256
-94.8302
-94.6135
-94.195
-93.5113
-92.5639
-91.4182
-90.1644
-88.8829
-87.6297
-86.4377
-85.3231
-84.2911
-83.3408
-82.4678
-81.6664
-80.93
-80.2521
-79.6264
-79.0471
-78.5086
-78.0059
-77.5345
-77.09
-76.6688
-76.2671
-75.8819
-75.5099
-75.1483
-74.7942
-74.4449
-74.0975
-73.749
-73.3961
-73.0351
-72.6619
-72.2712
-71.8565
-71.4094
-70.9184
-70.3669
-69.7302
-68.9691
-68.0154
-66.7384
-64.8444
-61.496
-53.0459
-11.9424
49.274
43.6899
7.8562
-12.8759
-26.3976
-39.9153
-69.3929
-94.1496
-94.9388
-94.9128
-94.7884
-94.5134
-94.0015
-93.2067
-92.159
-90.9435
-89.6548
-88.3675
-87.1291
-85.965
-84.8852
-83.8911
-82.9792
-82.1439
-81.3783
-80.6756
-80.0292
-79.4327
-78.8804
-78.367
-77.8875
-77.4376
-77.0134
-76.6112
-76.2276
-75.8596
-75.5043
-75.1591
-74.8212
-74.4882
-74.1575
-73.8262
-73.4916
-73.1503
-72.7988
-72.4326
-72.0462
-71.6326
-71.1828
-70.6838
-70.117
-69.4538
-68.6477
-67.6153
-66.1889
-63.9658
-59.6543
-46.3247
20.303
48.6465
28.221
-11.7345
-25.4478
-39.1692
-67.3199
-93.6873
-94.9017
-94.927
-94.842
-94.6414
-94.2492
-93.5984
-92.6828
-91.5619
-90.3244
-89.052
-87.8032
-86.6133
-85.4999
-84.4691
-83.5206
-82.6503
-81.8524
-81.1204
-80.448
-79.8287
-79.2566
-78.7262
-78.2326
-77.7711
-77.3376
-76.9284
-76.54
-76.1693
-75.8133
-75.4695
-75.135
-74.8077
-74.4849
-74.1643
-73.8432
-73.5191
-73.1888
-72.849
-72.4955
-72.1234
-71.7263
-71.2959
-70.8208
-70.2846
-69.6628
-68.9161
-67.9764
-66.7127
-64.83
-61.4839
-52.968
-11.3626
49.333
43.7434
7.9562
-12.8628
-26.3869
-39.9087
-69.3834
-94.1496
-94.9386
-94.9125
-94.7879
-94.5127
-94.0014
-93.2081
-92.1631
-90.9514
-89.6676
-88.386
-87.1541
-85.997
-84.9249
-83.9388
-83.0354
-82.2088
-81.4523
-80.7588
-80.1218
-79.535
-78.9926
-78.4892
-78.0202
-77.5811
-77.168
-76.7775
-76.4063
-76.0513
-75.71
-75.3798
-75.0582
-74.7429
-74.4317
-74.1223
-73.8122
-73.4989
-73.1795
-72.8509
-72.5092
-72.1496
-71.7665
-71.3519
-70.8954
-70.3823
-69.7903
-69.0847
-68.2065
-67.0451
-65.3625
-62.5216
-56.0538
-28.7128
40.4479
43.5466
9.92197
-12.18
-25.5194
-39.1821
-67.5809
-94.0295
-94.939
-94.9226
-94.8156
-94.5747
-94.1149
-93.38
-92.3861
-91.2091
-89.9424
-88.664
-87.4259
-86.2572
-85.1709
-84.1699
-83.2519
-82.4117
-81.6428
-80.9385
-80.292
-79.697
-79.1477
-78.6387
-78.1652
-77.7226
-77.3071
-76.915
-76.543
-76.1883
-75.848
-75.5196
-75.2007
-74.8891
-74.5826
-74.2789
-73.9758
-73.6709
-73.3617
-73.0454
-72.7184
-72.3769
-72.0161
-71.6294
-71.2089
-70.7429
-70.215
-69.6007
-68.8601
-67.9244
-66.6602
-64.7662
-61.3701
-52.5746
-9.08567
49.5076
43.6928
7.4984
-12.9972
-26.5478
-40.1043
-69.8459
-94.1765
-94.9383
-94.9105
-94.7834
-94.5041
-93.9873
-93.1886
-92.1399
-90.9271
-89.6447
-88.3665
-87.1395
-85.9883
-84.9225
-83.9433
-83.047
-82.2275
-81.4781
-80.7919
-80.1621
-79.5824
-79.0472
-78.5511
-78.0894
-77.6577
-77.2523
-76.8696
-76.5065
-76.16
-75.8276
-75.5067
-75.1952
-74.8908
-74.5914
-74.2949
-73.9991
-73.7018
-73.4005
-73.0927
-72.7751
-72.444
-72.095
-71.7223
-71.3184
-70.8731
-70.372
-69.7936
-69.1043
-68.2472
-67.1167
-65.4869
-62.7637
-56.7095
-32.1563
40.2096
43.6502
10.3196
-12.1124
-25.4434
-39.1075
-67.3936
-94.0135
-94.9381
-94.9239
-94.8205
-94.5874
-94.1407
-93.422
-92.4434
-91.2785
-90.0197
-88.7457
-87.5095
-86.3412
-85.2544
-84.2528
-83.3343
-82.4938
-81.7251
-81.0213
-80.3759
-79.7825
-79.2351
-78.7285
-78.2578
-77.8185
-77.4067
-77.0188
-76.6515
-76.3019
-75.9673
-75.6451
-75.3332
-75.0294
-74.7314
-74.4373
-74.145
-73.8523
-73.557
-73.2566
-72.9483
-72.6287
-72.2941
-71.9394
-71.5583
-71.1426
-70.6806
-70.1558
-69.543
-68.8016
-67.861
-66.5835
-64.6553
-61.1538
-51.8426
-4.9844
49.6725
43.0815
5.63618
-13.4388
-27.0145
-40.9145
-71.6375
-94.274
-94.9388
-94.9063
-94.7742
-94.4862
-93.9575
-93.1463
-92.0878
-90.8697
-89.5863
-88.3107
-87.0884
-85.9433
-84.8844
-83.9123
-83.023
-82.2106
-81.4681
-80.7885
-80.1651
-79.5917
-79.0625
-78.5723
-78.1164
-77.6905
-77.2908
-76.9139
-76.5565
-76.216
-75.8897
-75.5752
-75.2703
-74.973
-74.6811
-74.3927
-74.1058
-73.8183
-73.5279
-73.2324
-72.9288
-72.614
-72.2842
-71.9346
-71.5589
-71.1491
-70.6939
-70.1772
-69.5746
-68.847
-67.9265
-66.6824
-64.8199
-61.491
-52.9428
-11.1016
49.3531
43.7444
7.91088
-12.8801
-26.4092
-39.9283
-69.4331
-94.1521
-94.9383
-94.9117
-94.7864
-94.5106
-93.9992
-93.207
-92.1645
-90.9568
-89.6781
-88.4026
-87.1777
-86.0284
-84.9647
-83.9878
-83.0941
-82.2777
-81.5317
-80.8493
-80.2235
-79.6483
-79.1178
-78.6266
-78.1701
-77.744
-77.3445
-76.9679
-76.6114
-76.2719
-75.9469
-75.6341
-75.3312
-75.0362
-74.747
-74.4618
-74.1785
-73.8951
-73.6096
-73.3196
-73.0226
-72.7155
-72.3949
-72.0564
-71.6944
-71.3017
-70.8685
-70.3809
-69.8184
-69.1488
-68.3184
-67.2282
-65.6695
-63.1066
-57.6027
-36.6806
38.2803
44.2618
11.9717
-12.0418
-25.4303
-39.0914
-67.3478
-93.9996
-94.9353
-94.9252
-94.8265
-94.6035
-94.174
-93.4772
-92.5198
-91.3715
-90.1235
-88.855
-87.6205
-86.4515
-85.3627
-84.3585
-83.4375
-82.5947
-81.8242
-81.1192
-80.4731
-79.8796
-79.3328
-78.8273
-78.3583
-77.9212
-77.5121
-77.1274
-76.7639
-76.4186
-76.0889
-75.7723
-75.4666
-75.1696
-74.8794
-74.594
-74.3115
-74.0299
-73.7471
-73.4611
-73.1694
-72.8692
-72.5575
-72.2301
-71.8825
-71.5083
-71.0991
-70.6436
-70.1253
-69.519
-68.7845
-67.8512
-66.5821
-64.6645
-61.1805
-51.9176
-5.35486
49.6626
43.1613
5.88734
-13.3669
-26.9348
-40.7708
-71.3224
-94.2583
-94.9386
-94.9068
-94.7753
-94.4885
-93.9615
-93.1524
-92.0959
-90.8795
-89.5975
-88.3231
-87.1023
-85.9587
-84.9016
-83.9317
-83.0449
-82.2352
-81.4956
-80.8192
-80.1992
-79.6293
-79.1039
-78.6176
-78.1657
-77.744
-77.3487
-76.9763
-76.6238
-76.2884
-75.9675
-75.6587
-75.36
-75.0693
-74.7846
-74.5041
-74.2258
-73.9479
-73.6683
-73.3848
-73.0951
-72.7964
-72.4854
-72.158
-71.8095
-71.4332
-71.0206
-70.5595
-70.0326
-69.4132
-68.6578
-67.6896
-66.356
-64.2988
-60.4116
-49.1321
8.85826
49.6526
37.9699
-4.03889
-18.2175
-32.3275
-51.3368
-87.8109
-94.7605
-94.9374
-94.8755
-94.7088
-94.3658
-93.7691
-92.8963
-91.7984
-90.5665
-89.2891
-88.0316
-86.8334
-85.7142
-84.6809
-83.7331
-82.8664
-82.0747
-81.3511
-80.6889
-80.0815
-79.5227
-79.0071
-78.5295
-78.0853
-77.6704
-77.2811
-76.9141
-76.5664
-76.2352
-75.9181
-75.6128
-75.3171
-75.029
-74.7468
-74.4683
-74.1919
-73.9156
-73.6374
-73.3552
-73.0664
-72.7684
-72.4578
-72.1306
-71.7819
-71.405
-70.9911
-70.5281
-69.9979
-69.3735
-68.6099
-67.6277
-66.2678
-64.1525
-60.0918
-47.8914
14.3438
49.3619
33.9888
-8.28496
-21.6536
-35.8887
-59.4362
-92.1954
-94.8593
-94.9318
-94.8567
-94.6711
-94.3004
-93.6733
-92.7772
-91.6683
-90.4365
-89.1665
-87.9197
-86.7331
-85.6249
-84.6017
-83.6627
-82.8037
-82.0188
-81.3012
-80.6442
-80.0414
-79.4867
-78.9747
-78.5003
-78.0591
-77.6468
-77.2599
-76.895
-76.5492
-76.2198
-75.9043
-75.6004
-75.3061
-75.0194
-74.7384
-74.4611
-74.1858
-73.9106
-73.6335
-73.3523
-73.0647
-72.7677
-72.4583
-72.1323
-71.7849
-71.4095
-70.9974
-70.5364
-70.0088
-69.3876
-68.6288
-67.6538
-66.3065
-64.2176
-60.2333
-48.4393
12.0311
49.519
35.861
-6.49148
-20.1149
-34.3464
-55.8355
-90.8221
-94.8274
-94.9345
-94.8647
-94.687
-94.3277
-93.7129
-92.8259
-91.7212
-90.4891
-89.2161
-87.965
-86.7739
-85.6616
-84.6347
-83.6927
-82.8312
-82.0442
-81.325
-80.6667
-80.0628
-79.5074
-78.9949
-78.5202
-78.0787
-77.6664
-77.2797
-76.9151
-76.5697
-76.2408
-75.926
-75.6229
-75.3295
-75.0439
-74.764
-74.4882
-74.2145
-73.9411
-73.666
-73.3872
-73.1023
-72.8086
-72.503
-72.1816
-71.8397
-71.471
-71.0674
-70.6174
-70.1047
-69.5043
-68.7761
-67.8501
-66.5898
-64.6848
-61.2235
-52.0239
-5.8961
49.6456
43.2536
6.15482
-13.2978
-26.8609
-40.6398
-71.0361
-94.2435
-94.9384
-94.907
-94.7759
-94.49
-93.9643
-93.1566
-92.1015
-90.8863
-89.6052
-88.3316
-87.1117
-85.9692
-84.9135
-83.9452
-83.0603
-82.2527
-81.5155
-80.8416
-80.2244
-79.6575
-79.135
-78.6519
-78.2034
-77.7852
-77.3935
-77.0249
-76.6764
-76.3452
-76.0287
-75.7247
-75.4311
-75.1457
-74.8669
-74.5927
-74.3214
-74.0512
-73.7801
-73.5061
-73.2272
-72.9409
-72.6442
-72.3338
-72.0054
-71.6537
-71.2717
-70.8497
-70.3745
-69.8261
-69.1737
-68.3657
-67.3079
-65.8044
-63.3595
-58.2355
-39.688
35.3419
45.0986
14.2733
-12.1121
-25.6225
-39.2389
-67.6818
-94.0041
-94.9316
-94.9255
-94.8299
-94.6129
-94.1939
-93.5107
-92.5666
-91.4283
-90.1865
-88.9209
-87.6872
-86.5177
-85.428
-84.4231
-83.5016
-82.6588
-81.8888
-81.1849
-80.5403
-79.9489
-79.4046
-78.9021
-78.4364
-78.0031
-77.5981
-77.2181
-76.8595
-76.5197
-76.1959
-75.8858
-75.5871
-75.2978
-75.016
-74.7398
-74.4674
-74.1971
-73.927
-73.6552
-73.3796
-73.098
-72.8077
-72.5056
-72.1881
-71.8503
-71.4864
-71.0883
-70.645
-70.1406
-69.5511
-68.8381
-67.9353
-66.7148
-64.8898
-61.6426
-53.4061
-13.6102
49.0503
43.6523
8.20913
-12.7281
-26.2043
-39.7538
-68.9942
-94.1263
-94.9386
-94.9136
-94.7909
-94.5199
-94.0154
-93.231
-92.1953
-90.9924
-89.7164
-88.4424
-87.2184
-86.07
-85.0076
-84.0326
-83.1414
-82.328
-81.5857
-80.9074
-80.2864
-79.7163
-79.1913
-78.7061
-78.2559
-77.8365
-77.444
-77.075
-76.7264
-76.3953
-76.0794
-75.7762
-75.4837
-75.1998
-74.9227
-74.6507
-74.3819
-74.1145
-73.8469
-73.5771
-73.3029
-73.022
-72.7318
-72.4291
-72.1101
-71.7698
-71.402
-70.9982
-70.5466
-70.0303
-69.4232
-68.6832
-67.736
-66.4353
-64.4403
-60.7172
-50.2172
3.6387
49.7436
40.633
0.172367
-15.5803
-29.3847
-45.2989
-80.1501
-94.5791
-94.9398
-94.8914
-94.7421
-94.426
-93.8609
-93.0149
-91.9325
-90.7043
-89.4226
-88.1567
-86.9489
-85.8206
-84.7795
-83.8254
-82.9539
-82.1586
-81.4327
-80.7692
-80.1614
-79.603
-79.0885
-78.6125
-78.1706
-77.7586
-77.3727
-77.0095
-76.6661
-76.3398
-76.028
-75.7286
-75.4395
-75.1587
-74.8844
-74.6148
-74.3482
-74.0829
-73.8171
-73.5488
-73.276
-72.9964
-72.7072
-72.4054
-72.087
-71.7471
-71.3793
-70.9752
-70.5228
-70.0048
-69.3949
-68.65
-67.6944
-66.3775
-64.3468
-60.5183
-49.4753
7.27038
49.6945
38.9125
-2.67354
-17.2679
-31.2758
-49.0992
-85.5308
-94.71
-94.9385
-94.881
-94.7202
-94.3862
-93.7998
-92.9355
-91.8424
-90.6116
-89.3331
-88.0737
-86.8737
-85.7534
-84.7198
-83.7725
-82.9071
-82.1173
-81.3963
-80.7372
-80.1332
-79.5783
-79.0669
-78.5938
-78.1544
-77.7447
-77.3609
-76.9997
-76.6581
-76.3335
-76.0233
-75.7254
-75.4377
-75.1583
-74.8854
-74.6171
-74.3519
-74.088
-73.8236
-73.5569
-73.2856
-73.0077
-72.7204
-72.4206
-72.1046
-71.7674
-71.4029
-71.0028
-70.5553
-70.0439
-69.443
-68.7114
-67.7766
-66.4965
-64.5431
-60.9339
-50.9838
-0.279426
49.7426
41.9931
2.94657
-14.3144
-27.9685
-42.6301
-75.2245
-94.4265
-94.9394
-94.8994
-94.7592
-94.4579
-93.9118
-93.0836
-92.0132
-90.7902
-89.5084
-88.2389
-87.0261
-85.8923
-84.8459
-83.887
-83.0114
-82.2126
-81.4839
-80.818
-80.2084
-79.6487
-79.1331
-78.6566
-78.2145
-77.8024
-77.4168
-77.0542
-76.7116
-76.3863
-76.0758
-75.7779
-75.4906
-75.2118
-74.9398
-74.6728
-74.4092
-74.1473
-73.8853
-73.6214
-73.3536
-73.0798
-72.7974
-72.5035
-72.1945
-71.866
-71.5124
-71.1259
-70.6964
-70.2089
-69.6414
-68.9586
-68.1008
-66.9549
-65.2753
-62.3947
-55.6509
-26.1398
40.8003
43.5735
9.94491
-12.1856
-25.5302
-39.1956
-67.6162
-94.0322
-94.9387
-94.9209
-94.8105
-94.5628
-94.093
-93.3476
-92.346
-91.1664
-89.9022
-88.6307
-87.4028
-86.2468
-85.175
-84.19
-83.289
-82.4666
-81.7162
-81.0307
-80.4034
-79.8281
-79.2987
-78.8099
-78.357
-77.9355
-77.5417
-77.1719
-76.8231
-76.4925
-76.1775
-75.8758
-75.5852
-75.304
-75.0301
-74.7618
-74.4974
-74.2353
-73.9737
-73.7109
-73.4448
-73.1735
-72.8946
-72.6052
-72.3021
-71.9811
-71.6371
-71.2632
-70.8502
-70.385
-69.8484
-69.2108
-68.4229
-67.395
-65.9428
-63.6086
-58.8347
-42.407
30.947
46.3002
18.0126
-12.3773
-26.09
-39.5769
-68.4298
-94.0082
-94.9255
-94.9258
-94.8335
-94.6223
-94.2131
-93.5424
-92.6101
-91.4805
-90.2436
-88.9799
-87.746
-86.5754
-85.4843
-84.4781
-83.5556
-82.7124
-81.9423
-81.2388
-80.595
-80.0048
-79.4621
-78.9615
-78.4981
-78.0673
-77.6653
-77.2884
-76.9334
-76.5974
-76.2778
-75.9723
-75.6785
-75.3946
-75.1187
-74.8491
-74.5839
-74.3215
-74.0602
-73.7983
-73.5339
-73.2649
-72.9892
-72.704
-72.4063
-72.0924
-71.7574
-71.3951
-70.9973
-70.5525
-70.0439
-69.4464
-68.7191
-67.7903
-66.5195
-64.584
-61.0223
-51.2989
-1.90876
49.7285
42.4571
4.0776
-13.8973
-27.5046
-41.7852
-73.4933
-94.3595
-94.9391
-94.9023
-94.7656
-94.4702
-93.9317
-93.1111
-92.0464
-90.8263
-89.545
-88.2745
-87.0599
-85.924
-84.8756
-83.9149
-83.0377
-82.2379
-81.5083
-80.8419
-80.2321
-79.6724
-79.1571
-78.681
-78.2395
-77.8283
-77.4436
-77.0821
-76.7408
-76.4169
-76.1081
-75.812
-75.5266
-75.25
-74.9804
-74.7161
-74.4554
-74.1967
-73.9383
-73.6785
-73.4153
-73.1468
-72.8705
-72.5837
-72.2831
-71.9647
-71.6232
-71.2519
-70.8416
-70.3794
-69.8463
-69.2128
-68.4303
-67.41
-65.9707
-63.6634
-58.9719
-43.0266
29.6074
46.6399
19.1607
-12.478
-26.2529
-39.6941
-68.6892
-94.0069
-94.9233
-94.9256
-94.8339
-94.6236
-94.2162
-93.5478
-92.6179
-91.4902
-90.2546
-88.9915
-87.758
-86.5875
-85.4965
-84.4904
-83.5681
-82.7252
-81.9554
-81.2523
-80.6092
-80.0196
-79.4776
-78.9778
-78.5153
-78.0855
-77.6845
-77.3087
-76.9549
-76.6202
-76.302
-75.9979
-75.7058
-75.4237
-75.1496
-74.8819
-74.619
-74.359
-74.1004
-73.8415
-73.5805
-73.3153
-73.0439
-72.7638
-72.4719
-72.1648
-71.8381
-71.486
-71.1008
-70.6722
-70.1854
-69.6179
-68.9341
-68.0737
-66.9218
-65.2283
-62.3094
-55.4102
-24.8054
42.705
43.4063
9.4695
-12.225
-25.5538
-39.2076
-67.6385
-94.0341
-94.9389
-94.9205
-94.8092
-94.5595
-94.0863
-93.3371
-92.332
-91.1498
-89.8844
-88.6128
-87.3857
-86.2312
-85.1612
-84.1784
-83.2798
-82.4598
-81.7118
-81.0288
-80.404
-79.8311
-79.3042
-78.8179
-78.3674
-77.9485
-77.5571
-77.1899
-76.8437
-76.5157
-76.2034
-75.9045
-75.617
-75.3388
-75.0682
-74.8035
-74.543
-74.285
-74.0279
-73.7701
-73.5096
-73.2445
-72.9726
-72.6913
-72.3976
-72.0879
-71.7573
-71.3998
-71.0075
-70.569
-70.0683
-69.4808
-68.7673
-67.859
-66.6227
-64.7558
-61.3766
-52.4793
-8.32501
49.5468
43.6258
7.33424
-13.0185
-26.5629
-40.1261
-69.8937
-94.1797
-94.9378
-94.9092
-94.7811
-94.5005
-93.9827
-93.184
-92.1368
-90.9272
-89.6496
-88.3779
-87.159
-86.0175
-84.9629
-83.9962
-83.1135
-82.3088
-81.575
-80.905
-80.2922
-79.7301
-79.213
-78.7356
-78.2931
-77.8814
-77.4965
-77.1352
-76.7944
-76.4713
-76.1635
-75.8688
-75.585
-75.3104
-75.0432
-74.7816
-74.524
-74.2688
-74.0144
-73.7592
-73.5013
-73.2388
-72.9695
-72.6909
-72.4001
-72.0933
-71.766
-71.4123
-71.0243
-70.5909
-70.0966
-69.5177
-68.816
-67.9258
-66.7203
-64.9156
-61.7011
-53.5342
-14.22
48.9433
43.6024
8.16902
-12.719
-26.1875
-39.7393
-68.9578
-94.1239
-94.9384
-94.9134
-94.7908
-94.5202
-94.017
-93.2345
-92.2013
-91.0009
-89.7277
-88.4565
-87.2354
-86.0903
-85.0314
-84.0603
-83.1734
-82.3647
-81.6273
-80.9542
-80.3387
-79.7742
-79.2551
-78.776
-78.3321
-77.9193
-77.5336
-77.1717
-76.8304
-76.5072
-76.1994
-75.9048
-75.6215
-75.3474
-75.0809
-74.8202
-74.5638
-74.31
-74.0573
-73.804
-73.5483
-73.2885
-73.0223
-72.7474
-72.4609
-72.1593
-71.8385
-71.4927
-71.1146
-70.6942
-70.2171
-69.662
-68.995
-68.1589
-67.0463
-65.427
-62.6866
-56.4569
-30.4217
40.3956
43.6162
10.2752
-12.0979
-25.4195
-39.0871
-67.3429
-94.0103
-94.938
-94.9228
-94.817
-94.5787
-94.1236
-93.3958
-92.4107
-91.2435
-89.9872
-88.7194
-87.4923
-86.3352
-85.2614
-84.274
-83.3708
-82.5463
-81.7942
-81.1076
-80.4797
-79.9042
-79.3751
-78.8872
-78.4355
-78.0158
-77.624
-77.2568
-76.9109
-76.5836
-76.2724
-75.9749
-75.6891
-75.413
-75.1448
-74.8829
-74.6256
-74.3714
-74.1187
-73.8657
-73.6109
-73.3524
-73.0881
-72.8157
-72.5324
-72.235
-71.9195
-71.5805
-71.2113
-70.8027
-70.3413
-69.8081
-69.173
-68.3861
-67.3564
-65.8963
-63.5359
-58.6569
-41.516
32.6085
45.8654
16.6291
-12.2488
-25.8799
-39.4233
-68.0845
-94.0035
-94.9276
-94.9257
-94.8325
-94.6195
-94.2072
-93.5326
-92.5968
-91.4651
-90.2278
-88.9651
-87.7334
-86.5657
-85.4781
-84.4757
-83.5572
-82.7182
-81.9524
-81.2531
-80.6138
-80.0279
-79.4896
-78.9935
-78.5346
-78.1084
-77.711
-77.3389
-76.9887
-76.6578
-76.3434
-76.0433
-75.7553
-75.4775
-75.208
-74.9452
-74.6874
-74.433
-74.1804
-73.9282
-73.6744
-73.4175
-73.1553
-72.8858
-72.6062
-72.3134
-72.0036
-71.6719
-71.3122
-70.9157
-70.4708
-69.9601
-69.3573
-68.6191
-67.6696
-66.3574
-64.3272
-60.4808
-49.2879
8.21903
49.673
38.4394
-3.27807
-17.6681
-31.7119
-50.0056
-86.5235
-94.7326
-94.9381
-94.8788
-94.7157
-94.3782
-93.7881
-92.9213
-91.8276
-90.5982
-89.3226
-88.0668
-86.871
-85.7551
-84.7263
-83.7841
-82.924
-82.1397
-81.4243
-80.7708
-80.1728
-79.6239
-79.1186
-78.6517
-78.2188
-77.8157
-77.4386
-77.0844
-76.7501
-76.4331
-76.1308
-75.8413
-75.5625
-75.2925
-75.0297
-74.7725
-74.5191
-74.2681
-74.0179
-73.767
-73.5135
-73.2556
-72.9911
-72.7178
-72.4327
-72.1324
-71.8126
-71.4676
-71.09
-70.6698
-70.1924
-69.6362
-68.9668
-68.1263
-67.005
-65.3672
-62.579
-56.1614
-28.8329
40.4126
43.6081
10.2086
-12.1153
-25.4419
-39.1104
-67.4028
-94.0158
-94.9383
-94.9221
-94.8147
-94.5729
-94.1123
-93.3781
-92.3872
-91.2162
-89.9579
-88.6899
-87.4638
-86.3086
-85.2371
-84.2524
-83.3518
-82.5301
-81.7807
-81.0967
-80.4714
-79.8983
-79.3716
-78.8859
-78.4364
-78.0188
-77.6291
-77.2638
-76.92
-76.5947
-76.2855
-75.99
-75.7063
-75.4323
-75.1664
-74.9068
-74.652
-74.4004
-74.1504
-73.9005
-73.6491
-73.3942
-73.1341
-72.8664
-72.5885
-72.2974
-71.9893
-71.6592
-71.301
-70.906
-70.4626
-69.9534
-69.352
-68.6153
-67.6672
-66.3562
-64.326
-60.4734
-49.2129
8.55659
49.6629
38.2248
-3.59502
-17.8916
-31.9604
-50.5364
-87.059
-94.7441
-94.9377
-94.8773
-94.7127
-94.3729
-93.7804
-92.9117
-91.8174
-90.5883
-89.3137
-88.0594
-86.8651
-85.7509
-84.7236
-83.7828
-82.9241
-82.1412
-81.4271
-80.775
-80.1782
-79.6305
-79.1265
-78.6608
-78.2291
-77.8272
-77.4514
-77.0984
-76.7653
-76.4496
-76.1487
-75.8606
-75.5832
-75.3148
-75.0536
-74.7981
-74.5467
-74.2977
-74.0498
-73.8013
-73.5505
-73.2957
-73.0347
-72.7654
-72.4849
-72.1899
-71.8765
-71.5393
-71.1714
-70.7636
-70.3023
-69.768
-69.1303
-68.3378
-67.2972
-65.8141
-63.3966
-58.3176
-39.8901
35.064
45.1954
14.6143
-12.1011
-25.6171
-39.2288
-67.6493
-93.9972
-94.9308
-94.9254
-94.8302
-94.6135
-94.195
-93.5125
-92.5696
-91.4333
-90.1942
-88.9322
-87.7027
-86.5382
-85.4543
-84.4557
-83.541
-82.7058
-81.9436
-81.248
-80.612
-80.0295
-79.4944
-79.0014
-78.5455
-78.1223
-77.7278
-77.3586
-77.0114
-76.6833
-76.3719
-76.0748
-75.7899
-75.5153
-75.2492
-74.9899
-74.7358
-74.4855
-74.2373
-73.9897
-73.7412
-73.49
-73.2342
-72.9719
-72.7006
-72.4175
-72.1191
-71.8011
-71.4579
-71.0823
-70.664
-70.1887
-69.6348
-68.9682
-68.131
-67.0144
-65.3843
-62.6131
-56.2584
-29.3526
40.4418
43.6224
10.3029
-12.0889
-25.4084
-39.0786
-67.3218
-94.0095
-94.9382
-94.9226
-94.816
-94.5758
-94.1177
-93.3864
-92.3982
-91.2293
-89.9725
-88.7055
-87.48
-86.3251
-85.2538
-84.2693
-83.3689
-82.5475
-81.7984
-81.1148
-80.49
-79.9175
-79.3916
-78.9067
-78.4581
-78.0415
-77.6528
-77.2888
-76.9462
-76.6223
-76.3145
-76.0206
-75.7386
-75.4665
-75.2026
-74.9452
-74.6928
-74.4438
-74.1968
-73.9501
-73.7022
-73.4514
-73.1958
-72.9333
-72.6615
-72.3775
-72.0778
-71.7579
-71.4121
-71.0329
-70.6096
-70.1272
-69.5632
-68.8813
-68.0199
-66.8612
-65.1462
-62.1577
-54.9262
-21.9695
45.6658
43.2659
8.74759
-12.372
-25.7161
-39.338
-67.9541
-94.057
-94.9389
-94.9187
-94.8042
-94.5486
-94.0671
-93.309
-92.2969
-91.1109
-89.845
-88.5756
-87.3527
-86.2035
-85.1398
-84.1636
-83.2718
-82.4588
-81.7177
-81.0416
-80.4236
-79.8574
-79.3372
-78.8575
-78.4136
-78.0012
-77.6164
-77.2558
-76.9164
-76.5954
-76.2903
-75.9988
-75.7191
-75.449
-75.187
-74.9315
-74.6808
-74.4334
-74.1879
-73.9428
-73.6964
-73.447
-73.1929
-72.9319
-72.6616
-72.3792
-72.0813
-71.7632
-71.4196
-71.0428
-70.6224
-70.1437
-69.5845
-68.9094
-68.058
-66.9161
-65.2338
-62.3269
-55.4219
-24.7076
42.8073
43.393
9.41516
-12.2363
-25.5666
-39.2186
-67.6658
-94.0358
-94.9387
-94.9201
-94.8084
-94.5581
-94.0846
-93.3357
-92.3317
-91.1515
-89.8887
-88.6201
-87.3964
-86.2456
-85.1797
-84.2011
-83.3069
-82.4916
-81.7484
-81.0704
-80.4508
-79.8831
-79.3616
-78.8809
-78.4361
-78.0229
-77.6376
-77.2766
-76.9369
-76.6157
-76.3105
-76.0191
-75.7394
-75.4697
-75.208
-74.953
-74.7028
-74.4562
-74.2115
-73.9674
-73.7221
-73.4741
-73.2216
-72.9624
-72.6944
-72.4146
-72.1197
-71.8055
-71.4666
-71.0957
-70.6829
-70.2145
-69.6693
-69.0144
-68.1944
-67.1056
-65.5275
-62.8793
-56.9693
-33.0408
39.9711
43.7803
10.7899
-12.0385
-25.3624
-39.0322
-67.2037
-93.9963
-94.9369
-94.9238
-94.8211
-94.589
-94.144
-93.4287
-92.4558
-91.2985
-90.0489
-88.7852
-87.56
-86.4035
-85.3294
-84.3414
-83.4374
-82.6124
-81.8601
-81.1736
-80.5462
-79.9715
-79.4437
-78.9574
-78.5076
-78.0901
-77.701
-77.3367
-76.9941
-76.6704
-76.3632
-76.0701
-75.789
-75.5182
-75.2558
-75.0002
-74.7499
-74.5033
-74.259
-74.0155
-73.7712
-73.5245
-73.2737
-73.0168
-72.7514
-72.475
-72.1844
-71.8755
-71.5432
-71.1807
-70.7791
-70.3252
-69.8003
-69.1747
-68.3996
-67.3862
-65.9516
-63.6419
-58.912
-42.6213
30.4937
46.429
18.4944
-12.3848
-26.1094
-39.586
-68.4383
-93.9983
-94.9242
-94.9258
-94.834
-94.6235
-94.2154
-93.5462
-92.6159
-91.4886
-90.2544
-88.9937
-87.7634
-86.5969
-85.5104
-84.5093
-83.5924
-82.7551
-81.9913
-81.2944
-80.6576
-80.0744
-79.5391
-79.0461
-78.5904
-78.1678
-77.7741
-77.4058
-77.0598
-76.7332
-76.4235
-76.1283
-75.8455
-75.5733
-75.3099
-75.0536
-74.8029
-74.5563
-74.3122
-74.0692
-73.8259
-73.5805
-73.3314
-73.0767
-72.8142
-72.5413
-72.2549
-71.9514
-71.6259
-71.2722
-70.8818
-70.443
-69.9387
-69.3426
-68.612
-67.6713
-66.3707
-64.3583
-60.55
-49.4987
7.24091
49.6967
39.0011
-2.43922
-17.1033
-31.0829
-48.6872
-85.0354
-94.6993
-94.9388
-94.8823
-94.7229
-94.3914
-93.8084
-92.948
-91.8588
-90.6317
-89.3568
-88.1011
-86.9053
-85.7897
-84.7615
-83.8203
-82.9617
-82.1792
-81.466
-80.815
-80.2197
-79.6738
-79.1717
-78.7082
-78.2789
-77.8795
-77.5065
-77.1565
-76.8266
-76.5142
-76.217
-75.9328
-75.6597
-75.3958
-75.1395
-74.8893
-74.6436
-74.401
-74.1601
-73.9194
-73.6772
-73.4321
-73.1822
-72.9255
-72.6596
-72.3818
-72.0888
-71.7761
-71.4384
-71.0685
-70.6564
-70.1879
-69.642
-68.9853
-68.1614
-67.0646
-65.4693
-62.776
-56.6926
-31.5823
40.2613
43.6762
10.4896
-12.0648
-25.3835
-39.0523
-67.2547
-94.0024
-94.9375
-94.9232
-94.8188
-94.5831
-94.1325
-93.4105
-92.4316
-91.2705
-90.0193
-88.7557
-87.532
-86.3779
-85.3066
-84.3217
-83.4209
-82.5991
-81.8498
-81.1663
-80.5417
-79.9698
-79.4446
-78.9607
-78.5134
-78.0982
-77.7113
-77.3492
-77.0088
-76.6873
-76.3822
-76.0913
-75.8125
-75.5439
-75.2839
-75.0308
-74.7831
-74.5393
-74.2979
-74.0576
-73.8168
-73.574
-73.3274
-73.0753
-72.8153
-72.5452
-72.2618
-71.9614
-71.6394
-71.2897
-70.904
-70.4709
-69.9738
-69.3874
-68.6706
-67.7512
-66.4877
-64.552
-60.958
-50.9589
-0.0422272
49.7444
41.9619
2.94486
-14.3046
-27.9513
-42.5938
-75.1466
-94.4242
-94.9394
-94.8994
-94.7595
-94.459
-93.9144
-93.0889
-92.0222
-90.8035
-89.5263
-88.2618
-87.0544
-85.9264
-84.8864
-83.9344
-83.0662
-82.2754
-81.5551
-80.898
-80.2975
-79.7472
-79.2414
-78.775
-78.3433
-77.942
-77.5675
-77.2165
-76.886
-76.5733
-76.2761
-75.9923
-75.7197
-75.4568
-75.2018
-74.9531
-74.7093
-74.469
-74.2306
-73.9929
-73.7543
-73.5133
-73.2682
-73.017
-72.7576
-72.4875
-72.2035
-71.902
-71.578
-71.2251
-70.8348
-70.3951
-69.8883
-69.2875
-68.5485
-67.5923
-66.261
-64.1781
-60.15
-47.8832
14.3763
49.3595
34.009
-8.20826
-21.5824
-35.8134
-59.249
-92.1288
-94.857
-94.9317
-94.8567
-94.6712
-94.3008
-93.6744
-92.7799
-91.6738
-90.4462
-89.1818
-87.942
-86.7637
-85.6653
-84.6529
-83.7258
-82.8797
-82.1083
-81.4049
-80.7627
-80.1751
-79.6361
-79.1402
-78.6824
-78.2581
-77.8634
-77.4946
-77.1486
-76.8224
-76.5135
-76.2196
-75.9385
-75.6684
-75.4074
-75.1541
-74.9067
-74.664
-74.4244
-74.1866
-73.949
-73.7103
-73.4689
-73.2229
-72.9706
-72.7096
-72.4373
-72.1506
-71.8455
-71.5168
-71.1579
-70.7596
-70.3091
-69.7874
-69.1652
-68.3934
-67.3833
-65.9522
-63.6458
-58.9169
-42.5981
30.5355
46.4202
18.4751
-12.3765
-26.0976
-39.5765
-68.4174
-93.9991
-94.9244
-94.9258
-94.834
-94.6233
-94.2152
-93.546
-92.616
-91.4896
-90.2567
-88.9977
-87.7693
-86.605
-85.5208
-84.522
-83.6075
-82.7726
-82.0113
-81.3168
-80.6825
-80.1019
-79.569
-79.0785
-78.6254
-78.2054
-77.8143
-77.4488
-77.1056
-76.7819
-76.4751
-76.1831
-75.9036
-75.6349
-75.3751
-75.1227
-74.8762
-74.6341
-74.395
-74.1574
-73.92
-73.6812
-73.4395
-73.1931
-72.9401
-72.6781
-72.4046
-72.1162
-71.8088
-71.4773
-71.1147
-70.7115
-70.2544
-69.7236
-69.088
-68.2956
-67.2512
-65.755
-63.2979
-58.063
-38.5784
36.6229
44.7878
13.5283
-12.0135
-25.4541
-39.0984
-67.3446
-93.9857
-94.9325
-94.9255
-94.8291
-94.6101
-94.1874
-93.4995
-92.5521
-91.4135
-90.1746
-88.9148
-87.689
-86.5291
-85.4503
-84.4572
-83.5482
-82.7186
-81.9621
-81.2721
-80.6418
-80.0648
-79.5353
-79.0478
-78.5974
-78.1798
-77.791
-77.4274
-77.086
-76.764
-76.4587
-76.168
-75.8898
-75.6223
-75.3636
-75.1123
-74.8667
-74.6255
-74.3872
-74.1505
-73.9138
-73.6759
-73.4349
-73.1893
-72.937
-72.6759
-72.4032
-72.1157
-71.8093
-71.4788
-71.1175
-70.7158
-70.2605
-69.732
-69.0996
-68.3119
-67.275
-65.7929
-63.368
-58.2425
-39.4542
35.6331
45.0585
14.277
-12.0538
-25.5381
-39.1639
-67.4932
-93.9887
-94.9313
-94.9257
-94.8302
-94.6132
-94.1938
-93.5103
-92.5669
-91.4311
-90.1937
-88.9341
-87.7079
-86.5471
-85.4673
-84.4731
-83.563
-82.7325
-81.9752
-81.2844
-80.6535
-80.076
-79.546
-79.0582
-78.6075
-78.1897
-77.8008
-77.4372
-77.0958
-76.7738
-76.4687
-76.1781
-75.9002
-75.6329
-75.3745
-75.1235
-74.8784
-74.6377
-74.4
-74.164
-73.9281
-73.691
-73.451
-73.2065
-72.9556
-72.696
-72.4251
-72.1397
-71.8359
-71.5086
-71.1512
-70.7545
-70.3058
-69.7862
-69.1665
-68.3982
-67.3932
-65.9708
-63.6835
-59.0165
-43.0872
29.5003
46.6905
19.4346
-12.431
-26.1913
-39.6415
-68.5512
-93.99
-94.9225
-94.9259
-94.8349
-94.6256
-94.2197
-93.5533
-92.6259
-91.5014
-90.2694
-89.0107
-87.7822
-86.6174
-85.5328
-84.5337
-83.6189
-82.7838
-82.0225
-81.328
-80.6938
-80.1133
-79.5808
-79.0906
-78.638
-78.2184
-77.828
-77.4631
-77.1206
-76.7977
-76.4918
-76.2006
-75.9222
-75.6545
-75.3959
-75.1448
-74.8997
-74.6591
-74.4217
-74.186
-73.9506
-73.7141
-73.475
-73.2315
-72.9818
-72.7237
-72.4546
-72.1714
-71.8703
-71.5465
-71.1933
-70.8021
-70.3607
-69.8511
-69.2456
-68.4988
-67.5291
-66.1721
-64.031
-59.8259
-46.5979
19.3888
48.8032
29.4496
-11.0243
-24.5204
-38.4262
-65.5063
-93.4436
-94.893
-94.9279
-94.8451
-94.648
-94.2608
-93.6164
-92.7082
-91.5955
-90.368
-89.108
-87.8748
-86.7038
-85.6125
-84.6067
-83.6857
-82.8451
-82.0787
-81.3797
-80.7415
-80.1576
-79.6221
-79.1293
-78.6743
-78.2528
-77.8606
-77.4943
-77.1506
-76.8266
-76.5199
-76.2281
-75.9492
-75.6812
-75.4224
-75.1713
-74.9262
-74.6859
-74.4488
-74.2136
-73.9789
-73.7433
-73.5053
-73.2631
-73.015
-72.7587
-72.4919
-72.2115
-71.9138
-71.5941
-71.2462
-70.8618
-70.4292
-69.9317
-69.3433
-68.622
-67.6934
-66.411
-64.4317
-60.7073
-50.0451
4.6125
49.7368
40.2928
-0.324472
-15.8308
-29.6555
-45.8139
-80.9917
-94.6024
-94.9398
-94.8901
-94.7393
-94.4212
-93.8546
-93.0087
-91.9288
-90.7053
-89.4301
-88.172
-86.9731
-85.8546
-84.8241
-83.8812
-83.0215
-82.2386
-81.5255
-80.8751
-80.2808
-79.7362
-79.2358
-78.7744
-78.3473
-77.9506
-77.5804
-77.2335
-76.907
-76.5983
-76.305
-76.0251
-75.7566
-75.4977
-75.2468
-75.0025
-74.7632
-74.5276
-74.2944
-74.0622
-73.8296
-73.5951
-73.3571
-73.114
-72.8638
-72.6041
-72.3323
-72.045
-71.738
-71.4059
-71.0417
-70.6354
-70.173
-69.6337
-68.9844
-68.1695
-67.0847
-65.5082
-62.8531
-56.8911
-32.5502
40.0778
43.7431
10.6927
-12.0442
-25.3651
-39.0346
-67.2097
-93.9974
-94.937
-94.9236
-94.8202
-94.5867
-94.1398
-93.4225
-92.4488
-91.2923
-90.045
-88.7847
-87.5636
-86.4116
-85.3423
-84.3592
-83.4603
-82.6404
-81.8932
-81.2117
-80.5894
-80.0199
-79.4972
-79.0161
-78.5716
-78.1594
-77.7757
-77.4169
-77.0801
-76.7623
-76.4612
-76.1745
-75.9002
-75.6365
-75.3816
-75.1341
-74.8924
-74.6551
-74.4209
-74.1884
-73.9562
-73.723
-73.4873
-73.2473
-73.0013
-72.7472
-72.4824
-72.2041
-71.9085
-71.5911
-71.2455
-70.8636
-70.434
-69.9398
-69.3557
-68.6399
-67.7194
-66.4502
-64.4969
-60.8417
-50.5008
2.34046
49.7492
41.1942
1.34997
-14.9831
-28.705
-43.9892
-77.8355
-94.5139
-94.9398
-94.8953
-94.7504
-94.442
-93.8874
-93.0528
-91.9804
-90.7602
-89.4849
-88.2248
-87.0228
-85.9011
-84.8674
-83.9217
-83.0596
-82.2747
-81.56
-80.9083
-80.313
-79.7677
-79.2668
-78.8051
-78.3779
-77.9812
-77.6112
-77.2647
-76.9387
-76.6307
-76.3382
-76.0592
-75.7917
-75.534
-75.2845
-75.0417
-74.8041
-74.5704
-74.3392
-74.1093
-73.8793
-73.6477
-73.4131
-73.1738
-72.9279
-72.6732
-72.4073
-72.127
-71.8284
-71.5066
-71.1551
-70.7651
-70.3241
-69.8139
-69.2062
-68.4546
-67.475
-66.0968
-63.9041
-59.5251
-45.2341
23.8337
48.0101
24.8913
-12.3269
-26.1602
-39.6377
-68.4481
-93.8555
-94.9097
-94.926
-94.8386
-94.6345
-94.2371
-93.5814
-92.6641
-91.5469
-90.3191
-89.062
-87.8335
-86.668
-85.5823
-84.5821
-83.6664
-82.8307
-82.0689
-81.3742
-80.7401
-80.16
-79.6279
-79.1385
-78.6868
-78.2683
-77.8792
-77.5157
-77.1748
-76.8537
-76.5498
-76.2608
-75.9847
-75.7196
-75.4639
-75.2159
-74.9741
-74.7372
-74.5038
-74.2726
-74.0422
-73.8112
-73.5783
-73.3418
-73.1001
-72.8511
-72.5926
-72.3219
-72.0356
-71.7295
-71.3983
-71.0349
-70.6292
-70.1672
-69.6281
-68.9786
-68.1628
-67.0759
-65.494
-62.8242
-56.8056
-32.0776
40.196
43.7325
10.7052
-12.0265
-25.3399
-39.0118
-67.1529
-93.994
-94.9373
-94.9237
-94.8202
-94.5862
-94.1384
-93.42
-92.4452
-91.288
-90.0406
-88.7805
-87.5602
-86.4092
-85.341
-84.3593
-83.4617
-82.6432
-81.8973
-81.2173
-80.5963
-80.0281
-79.5068
-79.0269
-78.5837
-78.1728
-77.7903
-77.4329
-77.0973
-76.7808
-76.4811
-76.1958
-75.9229
-75.6607
-75.4074
-75.1615
-74.9215
-74.6861
-74.454
-74.2237
-73.994
-73.7634
-73.5306
-73.2939
-73.0517
-72.8018
-72.5419
-72.2693
-71.9805
-71.6711
-71.3356
-70.9663
-70.5528
-70.0802
-69.5258
-68.8538
-68.0023
-66.8541
-65.1496
-62.1691
-54.914
-21.7399
45.8443
43.2859
8.7981
-12.3607
-25.703
-39.3261
-67.9249
-94.0551
-94.9389
-94.9186
-94.804
-94.5485
-94.0675
-93.3107
-92.3007
-91.1179
-89.8559
-88.5911
-87.3732
-86.2296
-85.1716
-84.2015
-83.316
-82.5094
-81.7749
-81.1055
-80.4944
-79.9351
-79.4218
-78.9493
-78.5127
-78.1077
-77.7306
-77.3779
-77.0466
-76.7341
-76.4378
-76.1556
-75.8856
-75.6259
-75.3749
-75.1311
-74.8931
-74.6594
-74.4288
-74.1999
-73.9714
-73.742
-73.5102
-73.2744
-73.0329
-72.7836
-72.5243
-72.2521
-71.9635
-71.6541
-71.3184
-70.9486
-70.5343
-70.0602
-69.5034
-68.8277
-67.9699
-66.81
-65.0814
-62.0362
-54.5002
-19.4137
47.3199
43.3405
8.53152
-12.4702
-25.8444
-39.4453
-68.22
-94.0759
-94.9388
-94.9171
-94.8
-94.5398
-94.0523
-93.2882
-92.2721
-91.0854
-89.8218
-88.5571
-87.3408
-86.1993
-85.144
-84.1766
-83.2939
-82.4899
-81.7579
-81.0908
-80.4818
-79.9246
-79.4132
-78.9424
-78.5073
-78.1038
-77.7281
-77.3767
-77.0467
-76.7353
-76.4401
-76.159
-75.8901
-75.6314
-75.3815
-75.1387
-74.9017
-74.6691
-74.4396
-74.2119
-73.9847
-73.7566
-73.5262
-73.2919
-73.0521
-72.8048
-72.5476
-72.2779
-71.9922
-71.6864
-71.3549
-70.9903
-70.5825
-70.1172
-69.5725
-68.914
-68.0832
-66.9694
-65.3322
-62.5208
-55.9375
-27.3414
40.305
43.66
10.3151
-12.1138
-25.4475
-39.1199
-67.4292
-94.0181
-94.9384
-94.9215
-94.8126
-94.568
-94.1036
-93.3659
-92.3736
-91.2037
-89.9491
-88.6869
-87.4681
-86.3212
-85.2587
-84.2834
-83.3927
-82.5809
-81.8416
-81.1678
-80.5527
-79.9899
-79.4736
-78.9983
-78.5594
-78.1524
-77.7737
-77.4196
-77.0872
-76.7738
-76.4769
-76.1943
-75.924
-75.6643
-75.4135
-75.1701
-74.9326
-74.6996
-74.47
-74.2423
-74.0152
-73.7875
-73.5577
-73.3243
-73.0855
-72.8396
-72.5841
-72.3165
-72.0335
-71.731
-71.4036
-71.0445
-70.6439
-70.188
-69.6567
-69.0176
-68.2168
-67.154
-65.6165
-63.05
-57.3936
-35.0361
39.2124
44.0356
11.5087
-11.9936
-25.336
-39.0062
-67.1356
-93.9857
-94.9356
-94.9246
-94.8242
-94.5968
-94.1598
-93.4547
-92.4924
-91.3446
-90.1028
-88.8451
-87.6247
-86.4722
-85.4017
-84.4172
-83.5169
-82.6957
-81.9475
-81.2653
-80.6426
-80.0729
-79.5503
-79.0695
-78.6256
-78.2143
-77.8317
-77.4742
-77.1389
-76.8229
-76.5237
-76.2392
-75.9673
-75.7063
-75.4544
-75.2101
-74.972
-74.7386
-74.5088
-74.2811
-74.0544
-73.8272
-73.5982
-73.3658
-73.1285
-72.8844
-72.6312
-72.3664
-72.0869
-71.7886
-71.4668
-71.1146
-70.723
-70.2794
-69.7648
-69.15
-68.3864
-67.3858
-65.9668
-63.6786
-58.9852
-42.793
30.1217
46.5335
18.892
-12.3885
-26.1219
-39.5912
-68.4403
-93.99
-94.9233
-94.926
-94.8347
-94.6249
-94.218
-93.5506
-92.6228
-91.4988
-90.2683
-89.0119
-87.7862
-86.6248
-85.5437
-84.5483
-83.6373
-82.8061
-82.0487
-81.3581
-80.7278
-80.1514
-79.6228
-79.1366
-78.688
-78.2725
-77.8862
-77.5255
-77.1874
-76.8689
-76.5676
-76.2813
-76.0079
-75.7456
-75.4926
-75.2475
-75.0087
-74.7749
-74.5449
-74.3172
-74.0907
-73.8639
-73.6355
-73.4041
-73.1679
-72.9252
-72.6739
-72.4115
-72.135
-71.8406
-71.5234
-71.1773
-70.7937
-70.3604
-69.8601
-69.2659
-68.5336
-67.5844
-66.2606
-64.1856
-60.1652
-47.8893
14.4169
49.3599
34.0616
-8.08396
-21.4668
-35.6925
-58.9559
-92.0384
-94.8552
-94.9322
-94.8579
-94.6736
-94.3049
-93.6808
-92.7887
-91.685
-90.4598
-89.198
-87.9609
-86.7856
-85.6904
-84.6815
-83.7582
-82.9161
-82.1489
-81.4498
-80.812
-80.229
-79.6947
-79.2036
-78.7507
-78.3315
-77.942
-77.5786
-77.2381
-76.9177
-76.6148
-76.3272
-76.0528
-75.7897
-75.5362
-75.2908
-75.052
-74.8184
-74.5887
-74.3617
-74.136
-73.9103
-73.6834
-73.4536
-73.2196
-72.9795
-72.7312
-72.4725
-72.2005
-71.9115
-71.6012
-71.2636
-70.8909
-70.472
-69.9913
-69.4245
-68.733
-67.8495
-66.6429
-64.8171
-61.5098
-52.811
-9.96427
49.4458
43.8572
8.18172
-12.8336
-26.3627
-39.8956
-69.3656
-94.149
-94.9378
-94.9107
-94.7846
-94.5081
-93.9968
-93.2065
-92.1684
-90.9677
-89.6983
-88.4345
-87.2234
-86.0899
-85.0438
-84.086
-83.2128
-82.4181
-81.6948
-81.0357
-80.4342
-79.8839
-79.3788
-78.9138
-78.4842
-78.0857
-77.7147
-77.3677
-77.0418
-76.7343
-76.4429
-76.1654
-75.9
-75.6448
-75.3983
-75.159
-74.9254
-74.6964
-74.4705
-74.2466
-74.0234
-73.7995
-73.5737
-73.3445
-73.1101
-72.8689
-72.6186
-72.3568
-72.0803
-71.7852
-71.4666
-71.1181
-70.7307
-70.2918
-69.7831
-69.1761
-68.4233
-67.4395
-66.0502
-63.8268
-59.336
-44.3303
26.3999
47.4452
22.3412
-12.5118
-26.3564
-39.7613
-68.7787
-93.9411
-94.9159
-94.9259
-94.8367
-94.6303
-94.2291
-93.569
-92.6482
-91.5292
-90.3016
-89.0463
-87.8206
-86.6585
-85.5765
-84.5801
-83.6682
-82.8363
-82.0782
-81.3873
-80.7567
-80.1801
-79.6515
-79.1655
-78.7172
-78.3021
-77.9162
-77.5561
-77.2187
-76.901
-76.6007
-76.3153
-76.0431
-75.782
-75.5304
-75.2867
-75.0497
-74.8177
-74.5897
-74.3642
-74.1401
-73.916
-73.6906
-73.4626
-73.2303
-72.992
-72.7458
-72.4893
-72.2197
-71.9336
-71.6265
-71.2928
-70.9248
-70.5119
-70.0389
-69.4826
-68.8065
-67.9467
-66.7813
-65.0393
-61.9552
-54.2488
-17.9816
47.9508
43.4333
8.54833
-12.5028
-25.8943
-39.488
-68.3288
-94.0837
-94.9388
-94.9164
-94.7982
-94.536
-94.0454
-93.278
-92.2594
-91.0715
-89.808
-88.5446
-87.3304
-86.1915
-85.1391
-84.1747
-83.2951
-82.4942
-81.7652
-81.101
-80.4949
-79.9405
-79.4319
-78.9637
-78.5314
-78.1306
-77.7575
-77.4087
-77.0814
-76.7727
-76.4803
-76.2021
-75.9361
-75.6805
-75.4338
-75.1945
-74.9611
-74.7324
-74.507
-74.2838
-74.0615
-73.8388
-73.6144
-73.3868
-73.1544
-72.9155
-72.6681
-72.4096
-72.1372
-71.8471
-71.5348
-71.1939
-70.8165
-70.3907
-69.8997
-69.3178
-68.6027
-67.6802
-66.4028
-64.4251
-60.6839
-49.8434
5.61032
49.7242
39.8274
-1.12793
-16.29
-30.1724
-46.8367
-82.558
-94.6411
-94.9395
-94.8873
-94.7336
-94.4111
-93.8395
-92.9903
-91.9099
-90.6888
-89.418
-88.1654
-86.9725
-85.8601
-84.8357
-83.8988
-83.045
-82.2678
-81.5604
-80.9156
-80.3268
-79.7877
-79.2926
-78.8366
-78.4149
-78.0235
-77.6588
-77.3175
-76.9968
-76.694
-76.4068
-76.1332
-75.8712
-75.6193
-75.3758
-75.1392
-74.9083
-74.6817
-74.4582
-74.2365
-74.0155
-73.7937
-73.57
-73.3428
-73.1106
-72.8716
-72.6236
-72.3641
-72.0902
-71.798
-71.4826
-71.1378
-70.7549
-70.3216
-69.8201
-69.2228
-68.4846
-67.5237
-66.1761
-64.044
-59.8384
-46.4801
19.7625
48.7449
29.0539
-11.2037
-24.7511
-38.6109
-65.9522
-93.5037
-94.8947
-94.9275
-94.8442
-94.6462
-94.258
-93.6129
-92.7049
-91.5939
-90.3694
-89.1135
-87.8851
-86.7193
-85.6334
-84.6333
-83.718
-82.8831
-82.1225
-81.4293
-80.7969
-80.2188
-79.689
-79.2021
-78.753
-78.3374
-77.9513
-77.5911
-77.2537
-76.9362
-76.6362
-76.3514
-76.0798
-75.8194
-75.5688
-75.3263
-75.0904
-74.8599
-74.6334
-74.4098
-74.1877
-73.9659
-73.7432
-73.5181
-73.2891
-73.0548
-72.813
-72.5617
-72.2982
-72.0194
-71.7211
-71.3982
-71.0438
-70.6483
-70.1984
-69.6741
-69.0441
-68.2557
-67.2121
-65.7089
-63.2206
-57.8383
-37.2682
37.8035
44.4647
12.6794
-11.9758
-25.3658
-39.0266
-67.1773
-93.9803
-94.9338
-94.9253
-94.8276
-94.6057
-94.1778
-93.484
-92.5322
-91.3922
-90.1551
-88.8996
-87.6798
-86.5269
-85.4555
-84.4701
-83.5689
-82.747
-81.9983
-81.3159
-80.6932
-80.1237
-79.6016
-79.1215
-78.6785
-78.2683
-77.8869
-77.5309
-77.1973
-76.8831
-76.586
-76.3038
-76.0344
-75.7761
-75.5271
-75.2861
-75.0515
-74.822
-74.5964
-74.3734
-74.1518
-73.9303
-73.7076
-73.4823
-73.2531
-73.0181
-72.7754
-72.5229
-72.2578
-71.9769
-71.6759
-71.3495
-70.9905
-70.5889
-70.1307
-69.5947
-68.9475
-68.1325
-67.0435
-65.4525
-62.7504
-56.5821
-30.7815
40.3635
43.6741
10.5283
-12.0447
-25.3564
-39.0283
-67.1942
-93.9983
-94.9377
-94.9233
-94.8183
-94.5814
-94.1289
-93.4055
-92.4267
-91.2677
-90.0205
-88.7625
-87.5454
-86.3985
-85.3349
-84.3579
-83.4653
-82.6517
-81.9108
-81.2356
-80.6194
-80.0559
-79.5392
-79.0639
-78.6252
-78.2188
-77.8409
-77.4879
-77.157
-76.8452
-76.5502
-76.2698
-76.0021
-75.7452
-75.4975
-75.2575
-75.0238
-74.7952
-74.5702
-74.3477
-74.1265
-73.9052
-73.6826
-73.4573
-73.2279
-72.9925
-72.7492
-72.4959
-72.2297
-71.9473
-71.6444
-71.3156
-70.9533
-70.5474
-70.0832
-69.5387
-68.8791
-68.0444
-66.9214
-65.2622
-62.3882
-55.5373
-25.0894
42.3023
43.4685
9.70189
-12.1838
-25.5092
-39.1696
-67.5462
-94.0272
-94.9386
-94.9205
-94.8095
-94.5607
-94.0901
-93.3455
-92.3472
-91.1735
-89.9176
-88.6562
-87.44
-86.2967
-85.2385
-84.2679
-83.3819
-82.575
-81.8404
-81.1712
-80.5606
-80.0021
-79.49
-79.0189
-78.5839
-78.1809
-77.806
-77.4558
-77.1273
-76.8178
-76.5248
-76.2462
-75.9801
-75.7246
-75.4783
-75.2395
-75.0069
-74.7792
-74.5551
-74.3334
-74.1129
-73.8923
-73.6703
-73.4455
-73.2165
-72.9815
-72.7386
-72.4855
-72.2195
-71.9372
-71.6343
-71.3053
-70.9426
-70.5362
-70.0711
-69.5252
-68.8633
-68.0248
-66.895
-65.2218
-62.3105
-55.3038
-23.7935
43.878
43.347
9.24721
-12.2559
-25.5824
-39.2275
-67.6847
-94.0374
-94.9387
-94.9198
-94.8073
-94.556
-94.0815
-93.3325
-92.3303
-91.1538
-89.8965
-88.6348
-87.4191
-86.2769
-85.2202
-84.2511
-83.3668
-82.5614
-81.8284
-81.1607
-80.5514
-79.9942
-79.4832
-79.0132
-78.5792
-78.1772
-77.8031
-77.4537
-77.1259
-76.8171
-76.5248
-76.2469
-75.9814
-75.7265
-75.4808
-75.2426
-75.0106
-74.7835
-74.56
-74.339
-74.1191
-73.8992
-73.678
-73.454
-73.2259
-72.9918
-72.75
-72.4981
-72.2335
-71.9529
-71.6519
-71.3253
-70.9656
-70.5628
-70.1026
-69.5635
-68.9112
-68.0877
-66.9833
-65.3604
-62.5762
-56.0752
-27.9984
40.3546
43.655
10.3548
-12.0943
-25.4206
-39.0932
-67.3612
-94.0127
-94.9383
-94.9219
-94.8138
-94.5708
-94.109
-93.3749
-92.3863
-91.2202
-89.969
-88.7097
-87.4934
-86.3487
-85.2882
-84.3149
-83.426
-82.6163
-81.879
-81.2073
-80.5944
-80.034
-79.5201
-79.0474
-78.6111
-78.207
-77.8311
-77.4801
-77.151
-76.8409
-76.5476
-76.2688
-76.0026
-75.7471
-75.5009
-75.2623
-75.03
-74.8028
-74.5793
-74.3583
-74.1386
-73.919
-73.6981
-73.4747
-73.2472
-73.014
-72.7733
-72.5227
-72.2597
-71.981
-71.6825
-71.3589
-71.0031
-70.6055
-70.1521
-69.6225
-68.9841
-68.1821
-67.1141
-65.5624
-62.9539
-57.1223
-33.5445
39.8043
43.8574
11.0482
-12.0056
-25.3287
-39.0006
-67.1234
-93.9884
-94.9364
-94.9242
-94.8222
-94.5913
-94.1486
-93.437
-92.4694
-91.3188
-90.0769
-88.8211
-87.604
-86.4556
-85.3897
-84.41
-83.5145
-82.6981
-81.9545
-81.2769
-80.6586
-80.0932
-79.5748
-79.0982
-78.6584
-78.2511
-77.8725
-77.5191
-77.1878
-76.8759
-76.581
-76.3008
-76.0334
-75.777
-75.53
-75.2908
-75.0581
-74.8305
-74.6068
-74.3858
-74.1662
-73.9469
-73.7265
-73.5037
-73.2772
-73.0451
-72.8057
-72.5569
-72.2961
-72.02
-71.7247
-71.4052
-71.0548
-70.664
-70.2198
-69.7029
-69.083
-68.3091
-67.2887
-65.8283
-63.4375
-58.3813
-39.8598
35.0902
45.2154
14.7513
-12.0694
-25.5751
-39.1898
-67.5469
-93.9857
-94.9302
-94.9258
-94.8311
-94.6149
-94.197
-93.5157
-92.5755
-91.4438
-90.2109
-88.9563
-87.7353
-86.58
-85.5057
-84.5173
-83.6132
-82.7888
-82.0378
-81.3534
-80.729
-80.1581
-79.6349
-79.1539
-78.7103
-78.2997
-77.9181
-77.5622
-77.2286
-76.9148
-76.6182
-76.3366
-76.068
-75.8106
-75.5628
-75.323
-75.0899
-74.862
-74.6383
-74.4173
-74.198
-73.9791
-73.7594
-73.5375
-73.312
-73.0813
-72.8437
-72.597
-72.3387
-72.0657
-71.7744
-71.4597
-71.1154
-70.7327
-70.2992
-69.7969
-69.1979
-68.4562
-67.4889
-66.128
-63.9649
-59.659
-45.7214
22.3538
48.311
26.5012
-11.9749
-25.7217
-39.3289
-67.6877
-93.7458
-94.9045
-94.9268
-94.8412
-94.6398
-94.2466
-93.5958
-92.6834
-91.5701
-90.3454
-89.0907
-87.8644
-86.701
-85.6177
-84.6201
-83.7072
-82.8747
-82.1162
-81.4252
-80.7948
-80.2186
-79.6907
-79.2055
-78.7582
-78.3443
-77.9598
-77.6013
-77.2655
-76.9497
-76.6514
-76.3683
-76.0984
-75.8399
-75.5911
-75.3505
-75.1168
-74.8884
-74.6643
-74.4432
-74.2238
-74.005
-73.7854
-73.5639
-73.339
-73.1091
-72.8724
-72.6269
-72.3702
-72.0992
-71.8103
-71.4987
-71.1583
-70.7807
-70.354
-69.8611
-69.2754
-68.5538
-67.6195
-66.3189
-64.289
-60.3899
-48.716
10.8896
49.5781
36.7899
-5.32562
-19.1679
-33.3368
-53.5323
-89.4981
-94.7981
-94.9361
-94.8703
-94.6985
-94.3483
-93.7448
-92.8692
-91.7747
-90.5516
-89.2873
-88.0458
-86.8655
-85.7658
-84.7532
-83.8271
-82.9829
-82.2145
-81.5148
-80.8769
-80.2943
-79.7608
-79.2709
-78.8195
-78.4021
-78.0148
-77.6538
-77.316
-76.9985
-76.6989
-76.4147
-76.1441
-75.8851
-75.6361
-75.3955
-75.1619
-74.934
-74.7105
-74.4903
-74.272
-74.0546
-73.8368
-73.6173
-73.3948
-73.1676
-72.9342
-72.6926
-72.4405
-72.1751
-71.893
-71.5898
-71.2598
-70.8953
-70.4859
-70.0162
-69.4633
-68.7902
-67.9332
-66.7698
-65.0275
-61.9338
-54.1535
-17.3935
48.1536
43.4584
8.48796
-12.5364
-25.9396
-39.527
-68.4269
-94.0903
-94.9387
-94.9158
-94.7969
-94.5334
-94.0413
-93.2727
-92.2536
-91.0661
-89.804
-88.5427
-87.3308
-86.1946
-85.1449
-84.1834
-83.3065
-82.5085
-81.7824
-81.1211
-80.5178
-79.9662
-79.4604
-78.9951
-78.5656
-78.1676
-77.7974
-77.4517
-77.1274
-76.8218
-76.5327
-76.2578
-75.9953
-75.7435
-75.5006
-75.2654
-75.0364
-74.8124
-74.5921
-74.3744
-74.158
-73.9418
-73.7245
-73.5048
-73.2814
-73.0526
-72.8167
-72.5715
-72.3145
-72.0428
-71.7524
-71.4385
-71.0947
-70.712
-70.2782
-69.7748
-69.1736
-68.4278
-67.4527
-66.076
-63.8753
-59.4426
-44.7238
25.3251
47.6955
23.4524
-12.4407
-26.282
-39.7113
-68.6392
-93.9026
-94.9131
-94.9261
-94.838
-94.633
-94.2341
-93.577
-92.6592
-91.5428
-90.3174
-89.064
-87.84
-86.6795
-85.5993
-84.6047
-83.6948
-82.865
-82.1092
-81.4205
-80.7924
-80.2183
-79.6923
-79.209
-78.7634
-78.3511
-77.9683
-77.6113
-77.277
-76.9626
-76.6657
-76.3841
-76.1156
-75.8585
-75.6112
-75.3722
-75.1399
-74.9132
-74.6908
-74.4715
-74.2541
-74.0373
-73.8201
-73.6011
-73.3789
-73.152
-72.9188
-72.6772
-72.4249
-72.1592
-71.8766
-71.5726
-71.2414
-70.8754
-70.4637
-69.9909
-69.4334
-68.7532
-67.8848
-66.7012
-64.9171
-61.712
-53.4436
-13.4124
49.074
43.7112
8.43322
-12.6745
-26.1423
-39.7039
-68.8783
-94.1198
-94.9383
-94.9133
-94.7908
-94.5207
-94.0189
-93.2395
-92.2112
-91.0178
-89.7532
-88.492
-87.2821
-86.1491
-85.1032
-84.1456
-83.2727
-82.4784
-81.7559
-81.0979
-80.4977
-79.9489
-79.4456
-78.9827
-78.5554
-78.1594
-77.7911
-77.4471
-77.1244
-76.8204
-76.5327
-76.2592
-75.998
-75.7475
-75.5059
-75.2719
-75.0442
-74.8214
-74.6024
-74.386
-74.171
-73.9562
-73.7404
-73.5224
-73.3007
-73.0739
-72.8401
-72.5973
-72.3431
-72.0746
-71.788
-71.4786
-71.1403
-70.7646
-70.3397
-69.8484
-69.2642
-68.5437
-67.6098
-66.308
-64.2723
-60.3469
-48.488
11.8573
49.5283
36.06
-6.18201
-19.8551
-34.0668
-55.1835
-90.4748
-94.8189
-94.9348
-94.8662
-94.6903
-94.3341
-93.724
-92.8436
-91.7471
-90.5248
-89.2631
-88.0251
-86.8487
-85.7528
-84.7438
-83.821
-82.9799
-82.2143
-81.5172
-80.8818
-80.3015
-79.7702
-79.2824
-78.8329
-78.4175
-78.0319
-77.6727
-77.3367
-77.021
-76.7231
-76.4408
-76.1719
-75.9147
-75.6676
-75.429
-75.1974
-74.9717
-74.7505
-74.5327
-74.3171
-74.1025
-73.8878
-73.6717
-73.4529
-73.2299
-73.0012
-72.7649
-72.519
-72.2608
-71.9871
-71.694
-71.3765
-71.0276
-70.638
-70.1946
-69.6777
-69.0567
-68.28
-67.2532
-65.7786
-63.3508
-58.1614
-38.7717
36.3777
44.8597
13.7469
-12.014
-25.4628
-39.1036
-67.3536
-93.9828
-94.9319
-94.9256
-94.8295
-94.6108
-94.1885
-93.5018
-92.5571
-91.4227
-90.1895
-88.9364
-87.7178
-86.5657
-85.4949
-84.51
-83.6094
-82.7883
-82.0405
-81.3592
-80.7378
-80.1698
-79.6493
-79.1709
-78.7299
-78.3218
-77.9426
-77.589
-77.2579
-76.9465
-76.6523
-76.3731
-76.107
-75.8522
-75.6071
-75.37
-75.1398
-74.915
-74.6945
-74.4771
-74.2616
-74.0468
-73.8316
-73.6147
-73.3947
-73.1702
-72.9394
-72.7006
-72.4515
-72.1893
-71.9107
-71.6115
-71.2861
-70.9271
-70.5245
-70.0634
-69.5219
-68.865
-68.0327
-66.9114
-65.2523
-62.3723
-55.4833
-24.7542
42.7416
43.4404
9.6198
-12.1892
-25.5111
-39.1693
-67.5438
-94.0271
-94.9387
-94.9205
-94.8093
-94.5602
-94.0892
-93.3444
-92.3463
-91.1733
-89.9188
-88.6592
-87.4451
-86.3042
-85.2486
-84.2806
-83.3973
-82.5931
-81.8613
-81.1948
-80.5869
-80.0312
-79.5218
-79.0534
-78.6213
-78.2211
-77.849
-77.5017
-77.1762
-76.8697
-76.5798
-76.3045
-76.0418
-75.79
-75.5474
-75.3126
-75.0843
-74.8611
-74.6419
-74.4255
-74.2107
-73.9964
-73.7814
-73.5643
-73.3439
-73.1187
-72.8869
-72.6465
-72.3953
-72.1304
-71.8483
-71.5445
-71.2132
-70.8466
-70.4336
-69.9586
-69.3974
-68.711
-67.8318
-66.6282
-64.8007
-61.4723
-52.6157
-8.79968
49.519
43.7249
7.72684
-12.9221
-26.4544
-39.9628
-69.5229
-94.1581
-94.9377
-94.91
-94.7832
-94.5054
-93.9926
-93.201
-92.1627
-90.9629
-89.6958
-88.4353
-87.2282
-86.0991
-85.0578
-84.1049
-83.2367
-82.447
-81.7287
-81.0747
-80.4782
-79.9328
-79.4327
-78.9727
-78.5481
-78.1547
-77.7887
-77.4469
-77.1264
-76.8244
-76.5386
-76.2671
-76.0078
-75.759
-75.5193
-75.2872
-75.0613
-74.8405
-74.6234
-74.409
-74.1962
-73.9837
-73.7704
-73.555
-73.3363
-73.1127
-72.8825
-72.6438
-72.3943
-72.1312
-71.851
-71.5493
-71.2204
-70.8565
-70.4468
-69.9758
-69.4199
-68.741
-67.8734
-66.6891
-64.9007
-61.6769
-53.2907
-12.5296
49.1913
43.7397
8.30835
-12.7342
-26.2221
-39.7731
-69.0524
-94.1302
-94.9381
-94.9124
-94.7887
-94.5167
-94.0124
-93.2305
-92.2005
-91.0066
-89.7425
-88.4826
-87.2745
-86.1436
-85.0999
-84.1446
-83.274
-82.4819
-81.7615
-81.1057
-80.5075
-79.9606
-79.4593
-78.9983
-78.5728
-78.1786
-77.8121
-77.4698
-77.1489
-76.8467
-76.5609
-76.2893
-76.03
-75.7815
-75.542
-75.3102
-75.0848
-74.8644
-74.648
-74.4343
-74.2223
-74.0108
-73.7986
-73.5846
-73.3673
-73.1454
-72.9172
-72.6808
-72.4339
-72.174
-71.8976
-71.6006
-71.2775
-70.9208
-70.5206
-70.0621
-69.5236
-68.8703
-68.0425
-66.9277
-65.2793
-62.4221
-55.6046
-25.3494
41.9299
43.5016
9.80327
-12.173
-25.5005
-39.1636
-67.5333
-94.0261
-94.9386
-94.9206
-94.8097
-94.5615
-94.092
-93.3492
-92.3532
-91.1822
-89.9293
-88.6709
-87.4576
-86.3174
-85.2624
-84.2949
-83.4121
-82.6085
-81.8772
-81.2113
-80.604
-80.049
-79.5403
-79.0726
-78.6412
-78.2418
-77.8706
-77.5242
-77.1996
-76.894
-76.6052
-76.331
-76.0695
-75.8188
-75.5776
-75.3442
-75.1173
-74.8958
-74.6783
-74.4638
-74.2511
-74.039
-73.8265
-73.6122
-73.3949
-73.1731
-72.9452
-72.7093
-72.4633
-72.2044
-71.9296
-71.6346
-71.314
-70.9608
-70.5653
-70.1132
-69.5836
-68.9436
-68.1367
-67.0578
-65.4809
-62.8026
-56.6889
-31.1797
40.3035
43.6945
10.5927
-12.0376
-25.3496
-39.0218
-67.178
-93.9963
-94.9375
-94.9234
-94.8188
-94.5827
-94.1316
-93.4104
-92.4346
-91.2788
-90.0351
-88.7803
-87.5664
-86.4225
-85.3619
-84.3879
-83.4982
-82.6876
-81.9497
-81.2776
-80.6646
-80.1043
-79.5909
-79.1189
-78.6836
-78.2808
-77.9064
-77.5573
-77.2301
-76.9224
-76.6316
-76.3557
-76.0925
-75.8405
-75.598
-75.3635
-75.1356
-74.9132
-74.695
-74.4798
-74.2666
-74.0541
-73.8412
-73.6266
-73.4092
-73.1873
-72.9594
-72.7237
-72.4779
-72.2195
-71.9453
-71.6512
-71.3319
-70.9803
-70.5869
-70.1378
-69.6126
-68.9789
-68.1822
-67.1204
-65.5767
-62.981
-57.1769
-33.7333
39.7396
43.8874
11.1468
-11.9943
-25.3174
-38.9899
-67.0961
-93.9857
-94.9363
-94.9244
-94.8227
-94.5923
-94.1505
-93.4403
-92.4745
-91.326
-90.0864
-88.8329
-87.6182
-86.4722
-85.4087
-84.4314
-83.5384
-82.7245
-81.9834
-81.3084
-80.6926
-80.1298
-79.6141
-79.1402
-78.7031
-78.2987
-77.9229
-77.5724
-77.2442
-76.9355
-76.6438
-76.367
-76.1032
-75.8506
-75.6075
-75.3725
-75.1443
-74.9216
-74.7031
-74.4877
-74.2742
-74.0616
-73.8486
-73.6341
-73.4166
-73.1949
-72.9671
-72.7316
-72.4862
-72.2283
-71.9546
-71.6612
-71.3429
-70.9926
-70.6008
-70.154
-69.6319
-69.0027
-68.213
-67.1633
-65.6429
-63.1034
-57.5071
-35.4382
39.0007
44.1165
11.7601
-11.9732
-25.319
-38.9895
-67.0918
-93.9805
-94.9352
-94.9249
-94.8252
-94.599
-94.1638
-93.4616
-92.503
-91.3595
-90.1223
-88.8693
-87.6537
-86.5059
-85.4402
-84.4605
-83.565
-82.7489
-82.0057
-81.3287
-80.7112
-80.1469
-79.6298
-79.1545
-78.7164
-78.3109
-77.9343
-77.5831
-77.2542
-76.9449
-76.6527
-76.3755
-76.1113
-75.8584
-75.615
-75.3799
-75.1515
-74.9286
-74.7101
-74.4947
-74.2812
-74.0687
-73.8558
-73.6415
-73.4242
-73.2027
-72.9754
-72.7403
-72.4955
-72.2382
-71.9654
-71.673
-71.3559
-71.0073
-70.6176
-70.1737
-69.6556
-69.0322
-68.2513
-67.2165
-65.7248
-63.254
-57.9048
-37.4547
37.6354
44.5148
12.8225
-11.9758
-25.3715
-39.0306
-67.1836
-93.9782
-94.9334
-94.9255
-94.8281
-94.6065
-94.1793
-93.4867
-92.5367
-91.3991
-90.1648
-88.9121
-87.6951
-86.5451
-85.4767
-84.4942
-83.596
-82.7773
-82.0317
-81.3525
-80.7331
-80.167
-79.6483
-79.1718
-78.7324
-78.3259
-77.9483
-77.5963
-77.2667
-76.9568
-76.6641
-76.3865
-76.1219
-75.8687
-75.6251
-75.3898
-75.1613
-74.9384
-74.7199
-74.5045
-74.2912
-74.0788
-73.8662
-73.6521
-73.4353
-73.2142
-72.9875
-72.7531
-72.5091
-72.2528
-71.9812
-71.6904
-71.3752
-71.0289
-70.6424
-70.2026
-69.6903
-69.0752
-68.3068
-67.293
-65.8418
-63.4664
-58.4501
-40.141
34.7128
45.3237
15.0838
-12.0819
-25.6027
-39.209
-67.5872
-93.9847
-94.9297
-94.926
-94.8317
-94.6164
-94.1999
-93.5205
-92.5825
-91.453
-90.2222
-88.9697
-87.7507
-86.5973
-85.5251
-84.5388
-83.6369
-82.8147
-82.0659
-81.3839
-80.7619
-80.1935
-79.6728
-79.1944
-78.7534
-78.3455
-77.9667
-77.6136
-77.2831
-76.9724
-76.679
-76.4008
-76.1357
-75.8821
-75.6382
-75.4026
-75.1739
-74.9509
-74.7323
-74.5169
-74.3037
-74.0915
-73.8791
-73.6653
-73.4489
-73.2283
-73.0021
-72.7685
-72.5254
-72.2703
-72
-71.7108
-71.3978
-71.0542
-70.6711
-70.236
-69.73
-69.124
-68.3696
-67.379
-65.9714
-63.6973
-59.0228
-42.8498
29.9965
46.5735
19.0661
-12.3765
-26.1081
-39.5781
-68.4029
-93.9835
-94.9229
-94.9262
-94.8353
-94.626
-94.2201
-93.5542
-92.6285
-91.5074
-90.2804
-89.0281
-87.8068
-86.6501
-85.5739
-84.5836
-83.6778
-82.8521
-82.1001
-81.4151
-80.7904
-80.2197
-79.6969
-79.2166
-78.774
-78.3646
-77.9846
-77.6303
-77.2988
-76.9872
-76.6931
-76.4142
-76.1485
-75.8943
-75.65
-75.4141
-75.1851
-74.9618
-74.743
-74.5275
-74.3143
-74.102
-73.8897
-73.676
-73.4597
-73.2394
-73.0136
-72.7805
-72.5379
-72.2835
-72.0141
-71.726
-71.4143
-71.0726
-70.6918
-70.2598
-69.758
-69.1582
-68.4132
-67.4382
-66.0599
-63.8527
-59.3959
-44.5371
25.8816
47.5784
22.9752
-12.434
-26.2618
-39.6913
-68.5976
-93.9131
-94.9145
-94.9264
-94.8381
-94.6331
-94.2341
-93.5768
-92.6591
-91.5433
-90.3187
-89.0663
-87.8435
-86.6845
-85.6057
-84.6128
-83.7045
-82.8764
-82.1223
-81.4354
-80.809
-80.2367
-79.7125
-79.2311
-78.7874
-78.377
-77.9961
-77.6411
-77.3089
-76.9968
-76.7021
-76.4228
-76.1567
-75.9022
-75.6576
-75.4214
-75.1922
-74.9688
-74.7498
-74.5343
-74.3209
-74.1087
-73.8964
-73.6827
-73.4665
-73.2464
-73.0207
-72.7878
-72.5456
-72.2916
-72.0227
-71.7352
-71.4243
-71.0836
-70.7042
-70.274
-69.7747
-69.1784
-68.4388
-67.4728
-66.1109
-63.9409
-59.6026
-45.4414
23.2413
48.1424
25.6297
-12.1366
-25.9185
-39.4629
-68.0166
-93.7996
-94.9074
-94.9267
-94.8404
-94.6383
-94.2438
-93.5919
-92.6788
-91.5659
-90.3425
-89.0898
-87.866
-86.7054
-85.6251
-84.6305
-83.7207
-82.8912
-82.1358
-81.4478
-80.8204
-80.2472
-79.7223
-79.2401
-78.7958
-78.385
-78.0036
-77.6482
-77.3157
-77.0032
-76.7083
-76.4288
-76.1626
-75.9079
-75.6632
-75.4269
-75.1977
-74.9742
-74.7553
-74.5397
-74.3265
-74.1143
-73.9021
-73.6886
-73.4726
-73.2526
-73.0273
-72.7947
-72.5528
-72.2993
-72.031
-71.7443
-71.4342
-71.0946
-70.7166
-70.2882
-69.7915
-69.1988
-68.4648
-67.5077
-66.1626
-64.0293
-59.8061
-46.3065
20.411
48.6499
28.4914
-11.3647
-24.9509
-38.7583
-66.3045
-93.5576
-94.8971
-94.9276
-94.8441
-94.6459
-94.2574
-93.6122
-92.7048
-91.5952
-90.3726
-89.1192
-87.8936
-86.731
-85.6484
-84.6518
-83.7401
-82.9089
-82.152
-81.4627
-80.8342
-80.2601
-79.7343
-79.2514
-78.8065
-78.3951
-78.0133
-77.6575
-77.3246
-77.0119
-76.7168
-76.4371
-76.1708
-75.9161
-75.6713
-75.435
-75.2058
-74.9825
-74.7637
-74.5483
-74.3352
-74.1233
-73.9114
-73.6982
-73.4826
-73.2631
-73.0383
-72.8064
-72.5653
-72.3127
-72.0455
-71.7601
-71.4516
-71.114
-70.7387
-70.3137
-69.8215
-69.2354
-68.5112
-67.5703
-66.2544
-64.1856
-60.1595
-47.7591
14.9596
49.3154
33.6263
-8.41662
-21.7591
-35.9714
-59.6123
-92.2383
-94.8602
-94.9318
-94.8568
-94.6713
-94.3013
-93.6761
-92.7842
-91.6823
-90.4604
-89.2029
-87.971
-86.8012
-85.7118
-84.7089
-83.7917
-82.9557
-82.1947
-81.5018
-80.8703
-80.2935
-79.7655
-79.2806
-78.8341
-78.4213
-78.0384
-77.6816
-77.348
-77.0347
-76.7391
-76.4591
-76.1925
-75.9377
-75.693
-75.4568
-75.2278
-75.0047
-74.7863
-74.5715
-74.359
-74.1478
-73.9367
-73.7246
-73.5102
-73.2921
-73.0689
-72.8388
-72.5999
-72.3499
-72.0858
-71.8041
-71.5003
-71.1683
-70.8003
-70.3848
-69.9056
-69.3376
-68.6404
-67.7428
-66.5052
-64.6046
-61.0699
-51.2212
-1.29494
49.734
42.3393
3.87288
-13.9535
-27.5588
-41.878
-73.6829
-94.3682
-94.9392
-94.902
-94.7652
-94.4703
-93.9339
-93.118
-92.0607
-90.8506
-89.5812
-88.3241
-87.1239
-86.0036
-84.9716
-84.0282
-83.1689
-82.3876
-81.6771
-81.0302
-80.4402
-79.9007
-79.406
-78.951
-78.531
-78.1418
-77.7798
-77.4417
-77.1246
-76.8259
-76.5433
-76.2748
-76.0185
-75.7728
-75.536
-75.3068
-75.0839
-74.866
-74.6521
-74.4409
-74.2314
-74.0225
-73.8131
-73.6019
-73.3877
-73.169
-72.9443
-72.7118
-72.4693
-72.2144
-71.9437
-71.6535
-71.3384
-70.9917
-70.6041
-70.162
-69.6459
-69.0244
-68.2456
-67.2131
-65.7242
-63.2575
-57.9171
-37.507
37.5676
44.5173
12.7984
-11.9896
-25.3907
-39.0484
-67.2288
-93.9814
-94.9332
-94.9252
-94.8276
-94.6058
-94.1784
-93.4856
-92.5358
-91.3988
-90.1653
-88.9137
-87.698
-86.5493
-85.4822
-84.5011
-83.6043
-82.7869
-82.0427
-81.3649
-80.7467
-80.1819
-79.6646
-79.1893
-78.7513
-78.3461
-77.9699
-77.6192
-77.291
-76.9825
-76.6914
-76.4152
-76.1523
-75.9007
-75.6589
-75.4254
-75.1988
-74.978
-74.7617
-74.5487
-74.338
-74.1284
-73.9189
-73.7082
-73.4951
-73.2782
-73.0562
-72.8272
-72.5894
-72.3403
-72.0772
-71.7964
-71.4934
-71.1623
-70.795
-70.3802
-69.9016
-69.3341
-68.6373
-67.7398
-66.5016
-64.5985
-61.054
-51.1465
-0.885725
49.7379
42.2366
3.63989
-14.0344
-27.6469
-42.0364
-74.0098
-94.3814
-94.9393
-94.9015
-94.7642
-94.4684
-93.9308
-93.1139
-92.056
-90.8459
-89.5768
-88.3204
-87.1212
-86.0019
-84.9709
-84.0285
-83.1703
-82.3899
-81.6803
-81.0343
-80.4451
-79.9065
-79.4126
-78.9583
-78.5391
-78.1506
-77.7894
-77.452
-77.1357
-76.8377
-76.5559
-76.2882
-76.0327
-75.7877
-75.5518
-75.3235
-75.1015
-74.8847
-74.6718
-74.4618
-74.2535
-74.046
-73.838
-73.6285
-73.416
-73.1993
-72.9769
-72.7469
-72.5074
-72.2559
-71.9893
-71.7038
-71.3947
-71.0553
-70.6769
-70.2472
-69.7476
-69.1499
-68.4069
-67.4335
-66.0559
-63.8463
-59.3702
-44.3386
26.37
47.4571
22.4224
-12.4846
-26.3203
-39.7335
-68.7086
-93.9326
-94.9156
-94.9261
-94.8372
-94.6312
-94.2309
-93.5721
-92.6534
-91.5374
-90.3135
-89.0626
-87.8417
-86.6847
-85.6081
-84.6174
-83.7113
-82.8853
-82.1333
-81.4484
-80.824
-80.2536
-79.7313
-79.2517
-78.8098
-78.4012
-78.0221
-77.6689
-77.3385
-77.0281
-76.7353
-76.4579
-76.1938
-75.9414
-75.6989
-75.4649
-75.238
-75.0171
-74.8008
-74.5881
-74.3778
-74.1688
-73.9601
-73.7504
-73.5385
-73.3233
-73.1031
-72.8765
-72.6414
-72.3956
-72.1365
-71.8606
-71.5636
-71.24
-70.8822
-70.48
-70.0184
-69.4747
-68.8131
-67.9714
-66.8313
-65.1309
-62.1382
-54.7631
-20.7133
46.5693
43.3305
8.79818
-12.374
-25.7222
-39.3412
-67.9632
-94.0583
-94.9389
-94.9183
-94.803
-94.5464
-94.0645
-93.3074
-92.2989
-91.1193
-89.8623
-88.6038
-87.3932
-86.2574
-85.2078
-84.2462
-83.3695
-82.5717
-81.8461
-81.1856
-80.5833
-80.033
-79.5288
-79.0653
-78.6378
-78.2421
-77.8745
-77.5315
-77.2101
-76.9078
-76.6221
-76.3509
-76.0924
-75.8448
-75.6066
-75.3764
-75.1528
-74.9346
-74.7206
-74.5098
-74.3009
-74.0931
-73.885
-73.6756
-73.4636
-73.2477
-73.0264
-72.7979
-72.5604
-72.3114
-72.0481
-71.7667
-71.4628
-71.1302
-70.7606
-70.3425
-69.8591
-69.2845
-68.5766
-67.6605
-66.3881
-64.4105
-60.6472
-49.6059
6.79467
49.7048
39.2616
-1.9983
-16.8169
-30.7596
-48.0191
-84.1899
-94.6798
-94.9392
-94.8844
-94.7275
-94.4002
-93.8233
-92.9705
-91.8895
-90.6709
-89.4049
-88.1585
-86.9725
-85.8673
-84.8501
-83.9204
-83.0737
-82.3036
-81.6031
-80.965
-80.3829
-79.8504
-79.362
-78.9125
-78.4975
-78.1128
-77.7548
-77.4203
-77.1066
-76.8109
-76.5311
-76.2652
-76.0113
-75.7678
-75.5332
-75.306
-75.0851
-74.8692
-74.6571
-74.4478
-74.2402
-74.0332
-73.8257
-73.6166
-73.4045
-73.1881
-72.9658
-72.7359
-72.4964
-72.2448
-71.978
-71.6921
-71.3824
-71.0423
-70.6627
-70.2312
-69.7292
-69.1279
-68.3791
-67.396
-66
-63.7481
-59.134
-43.2739
29.0215
46.815
19.9128
-12.4392
-26.2112
-39.6533
-68.5673
-93.9789
-94.9211
-94.926
-94.8355
-94.6269
-94.2222
-93.558
-92.6344
-91.5152
-90.29
-89.0393
-87.8196
-86.6644
-85.5898
-84.601
-83.6968
-82.8726
-82.1222
-81.4388
-80.8158
-80.2467
-79.7256
-79.2471
-78.8062
-78.3986
-78.0203
-77.6679
-77.3383
-77.0286
-76.7365
-76.4598
-76.1963
-75.9445
-75.7026
-75.4692
-75.243
-75.0227
-74.8071
-74.595
-74.3854
-74.1772
-73.9692
-73.7603
-73.5494
-73.3351
-73.1161
-72.8906
-72.6569
-72.4126
-72.1553
-71.8815
-71.587
-71.2664
-70.9125
-70.5152
-70.0599
-69.525
-68.8762
-68.0543
-66.9482
-65.3154
-62.4955
-55.8271
-26.5687
40.244
43.7178
10.4909
-12.0907
-25.4246
-39.1008
-67.3832
-94.0151
-94.9385
-94.9215
-94.8122
-94.5671
-94.1021
-93.3648
-92.3742
-91.2077
-89.958
-88.7018
-87.4898
-86.3502
-85.2953
-84.3278
-83.4449
-82.6412
-81.9099
-81.2441
-80.6371
-80.0824
-79.5743
-79.1073
-78.6768
-78.2783
-77.9082
-77.563
-77.2398
-76.9358
-76.6487
-76.3762
-76.1166
-75.8681
-75.6291
-75.3982
-75.1741
-74.9555
-74.7412
-74.5302
-74.3213
-74.1134
-73.9055
-73.6964
-73.4848
-73.2694
-73.0488
-72.8213
-72.5849
-72.3374
-72.0758
-71.7966
-71.4954
-71.1662
-70.8011
-70.3889
-69.9135
-69.3503
-68.6592
-67.7704
-66.5468
-64.673
-61.2066
-51.6604
-3.58727
49.7008
42.8757
5.21578
-13.5285
-27.0967
-41.0526
-71.9327
-94.2897
-94.9386
-94.905
-94.772
-94.4834
-93.9557
-93.1489
-92.099
-90.8933
-89.6257
-88.3686
-87.1673
-86.0453
-85.0115
-84.0664
-83.2056
-82.423
-81.7114
-81.0638
-80.4732
-79.9334
-79.4386
-78.9836
-78.5638
-78.175
-77.8135
-77.476
-77.1597
-76.8619
-76.5803
-76.3129
-76.0578
-75.8134
-75.5781
-75.3505
-75.1294
-74.9135
-74.7017
-74.493
-74.2861
-74.0801
-73.8738
-73.6662
-73.4559
-73.2417
-73.0221
-72.7954
-72.5597
-72.3126
-72.0512
-71.772
-71.4705
-71.1406
-70.7744
-70.3603
-69.8819
-69.3141
-68.6158
-67.7149
-66.4689
-64.5465
-60.9402
-50.6917
1.43863
49.7483
41.5152
2.02275
-14.6776
-28.3622
-43.3466
-76.6209
-94.4755
-94.9397
-94.8973
-94.7551
-94.4512
-93.9033
-93.0766
-92.0124
-90.7999
-89.5319
-88.2787
-87.0837
-85.9691
-84.9428
-84.0049
-83.1508
-82.3743
-81.6683
-81.0255
-80.4394
-79.9035
-79.4122
-78.9603
-78.5432
-78.1569
-77.7976
-77.4621
-77.1476
-76.8515
-76.5714
-76.3054
-76.0516
-75.8083
-75.5742
-75.3476
-75.1275
-74.9126
-74.7017
-74.4938
-74.2878
-74.0826
-73.8773
-73.6705
-73.4611
-73.2478
-73.0292
-72.8036
-72.569
-72.3231
-72.0632
-71.7857
-71.486
-71.1584
-70.795
-70.3844
-69.9108
-69.3494
-68.6605
-67.7745
-66.5549
-64.688
-61.2378
-51.7576
-4.11122
49.6894
42.9727
5.46159
-13.4616
-27.0263
-40.9289
-71.6653
-94.2765
-94.9384
-94.9054
-94.7729
-94.4853
-93.959
-93.1538
-92.1053
-90.9009
-89.6342
-88.3778
-87.1771
-86.0556
-85.0224
-84.0777
-83.2175
-82.4354
-81.7244
-81.0773
-80.4874
-79.9482
-79.454
-78.9997
-78.5806
-78.1924
-77.8316
-77.4949
-77.1793
-76.8823
-76.6016
-76.3351
-76.0809
-75.8374
-75.6032
-75.3767
-75.1567
-74.9421
-74.7316
-74.5243
-74.319
-74.1147
-73.9103
-73.7047
-73.4967
-73.285
-73.0683
-72.8449
-72.6129
-72.3702
-72.1139
-71.8409
-71.5467
-71.2259
-70.871
-70.4717
-70.0131
-69.4727
-68.815
-67.9778
-66.8439
-65.1529
-62.1775
-54.8458
-21.0995
46.2983
43.3038
8.75757
-12.3801
-25.7283
-39.3471
-67.9779
-94.059
-94.9388
-94.9182
-94.803
-94.5467
-94.0654
-93.3095
-92.3024
-91.1243
-89.8688
-88.6117
-87.4024
-86.2679
-85.2196
-84.2593
-83.3838
-82.5873
-81.8629
-81.2037
-80.6027
-80.0537
-79.5508
-79.0886
-78.6624
-78.2681
-77.9018
-77.5602
-77.2403
-76.9394
-76.6553
-76.3857
-76.1289
-75.883
-75.6467
-75.4184
-75.1968
-74.9808
-74.7692
-74.5609
-74.3548
-74.1499
-73.9451
-73.7393
-73.5313
-73.3198
-73.1035
-72.8808
-72.6498
-72.4084
-72.1539
-71.8831
-71.5918
-71.2748
-70.9248
-70.5321
-70.0824
-69.5547
-68.9154
-68.1076
-67.0242
-65.4343
-62.7163
-56.4279
-29.7062
40.3936
43.6617
10.4704
-12.0563
-25.3704
-39.0431
-67.233
-94.0019
-94.9379
-94.9228
-94.8167
-94.5775
-94.122
-93.3959
-92.4161
-91.2582
-90.0142
-88.7609
-87.5497
-86.4094
-85.3529
-84.3833
-83.4981
-82.692
-81.9585
-81.2907
-80.6819
-80.1257
-79.6163
-79.1482
-78.7168
-78.3178
-77.9472
-77.6017
-77.2784
-76.9744
-76.6875
-76.4154
-76.1563
-75.9085
-75.6702
-75.4403
-75.2172
-74.9998
-74.787
-74.5775
-74.3704
-74.1646
-73.9589
-73.7524
-73.5437
-73.3316
-73.1148
-72.8916
-72.6603
-72.4185
-72.1638
-71.8929
-71.6017
-71.2848
-70.9352
-70.5432
-70.0945
-69.5683
-68.9315
-68.1277
-67.0514
-65.4758
-62.7939
-56.6451
-30.8616
40.3367
43.692
10.5958
-12.0334
-25.3437
-39.0166
-67.1652
-93.9956
-94.9376
-94.9234
-94.8185
-94.5819
-94.1303
-93.4087
-92.433
-91.2783
-90.0361
-88.7835
-87.572
-86.4307
-85.3728
-84.4015
-83.5146
-82.7068
-81.9717
-81.3023
-80.6921
-80.1345
-79.6238
-79.1547
-78.7222
-78.3222
-77.9508
-77.6045
-77.2804
-76.9758
-76.6883
-76.4156
-76.156
-75.9076
-75.6689
-75.4384
-75.2149
-74.9971
-74.7838
-74.5739
-74.3664
-74.1601
-73.954
-73.7469
-73.5377
-73.3251
-73.1078
-72.884
-72.6519
-72.4094
-72.1538
-71.8819
-71.5895
-71.2712
-70.9198
-70.5254
-70.0737
-69.5434
-68.9007
-68.0877
-66.9959
-65.3896
-62.6318
-56.1885
-28.428
40.3723
43.6688
10.4461
-12.0704
-25.3904
-39.0641
-67.2871
-94.0069
-94.9382
-94.9223
-94.8149
-94.5733
-94.1139
-93.3833
-92.3993
-91.2381
-89.992
-88.7377
-87.5263
-86.3862
-85.3303
-84.3615
-83.4771
-82.6719
-81.9393
-81.2722
-80.6641
-80.1085
-79.5996
-79.132
-78.7009
-78.3022
-77.9318
-77.5866
-77.2633
-76.9594
-76.6725
-76.4004
-76.1412
-75.8932
-75.6549
-75.4247
-75.2013
-74.9836
-74.7704
-74.5606
-74.353
-74.1467
-73.9404
-73.7331
-73.5236
-73.3107
-73.0928
-72.8684
-72.6357
-72.3923
-72.1357
-71.8625
-71.5685
-71.2481
-70.8942
-70.4964
-70.0403
-69.5037
-68.8518
-68.0244
-66.9079
-65.2524
-62.3694
-55.4227
-24.2689
43.325
43.4006
9.46936
-12.2131
-25.5353
-39.1882
-67.5894
-94.0305
-94.9387
-94.9202
-94.8085
-94.5586
-94.0868
-93.3416
-92.3439
-91.1724
-89.9201
-88.6633
-87.4522
-86.3146
-85.2624
-84.2979
-83.4181
-82.6175
-81.8892
-81.2263
-80.622
-80.0699
-79.5642
-79.0994
-78.6709
-78.2745
-77.9062
-77.5628
-77.2412
-76.9388
-76.6532
-76.3823
-76.1241
-75.8771
-75.6395
-75.4101
-75.1874
-74.9703
-74.7576
-74.5482
-74.341
-74.1349
-73.9289
-73.7219
-73.5125
-73.2996
-73.0818
-72.8573
-72.6244
-72.3808
-72.1239
-71.8502
-71.5555
-71.2342
-70.879
-70.4797
-70.0212
-69.4815
-68.8248
-67.9897
-66.8598
-65.1773
-62.2241
-54.9846
-21.8555
45.7396
43.306
8.90007
-12.3349
-25.6724
-39.2999
-67.8613
-94.0507
-94.9388
-94.9188
-94.8045
-94.5499
-94.0712
-93.318
-92.3133
-91.1368
-89.8817
-88.6243
-87.4141
-86.2783
-85.2284
-84.2665
-83.3894
-82.5913
-81.8655
-81.205
-80.6028
-80.0526
-79.5485
-79.0854
-78.6583
-78.2631
-77.8961
-77.5537
-77.2331
-76.9316
-76.6468
-76.3766
-76.1192
-75.8728
-75.6358
-75.4069
-75.1848
-74.9682
-74.756
-74.547
-74.3403
-74.1348
-73.9292
-73.7226
-73.5137
-73.3013
-73.0839
-72.86
-72.6277
-72.3848
-72.1285
-71.8556
-71.5618
-71.2417
-70.8878
-70.4901
-70.0339
-69.497
-68.8445
-68.016
-66.8972
-65.2366
-62.3397
-55.3321
-23.7659
43.8977
43.3609
9.30295
-12.2426
-25.5667
-39.2137
-67.6509
-94.035
-94.9387
-94.9199
-94.8076
-94.5567
-94.0833
-93.3365
-92.3374
-91.1649
-89.9121
-88.6552
-87.4445
-86.3074
-85.2558
-84.2921
-83.4131
-82.6132
-81.8857
-81.2235
-80.6199
-80.0684
-79.5632
-79.099
-78.671
-78.2751
-77.9073
-77.5643
-77.2432
-76.9412
-76.656
-76.3855
-76.1278
-75.8811
-75.644
-75.415
-75.1927
-74.9761
-74.7638
-74.5549
-74.3482
-74.1428
-73.9374
-73.7309
-73.5223
-73.3102
-73.0932
-72.8697
-72.6379
-72.3956
-72.1401
-71.8682
-71.5756
-71.2569
-70.9049
-70.5096
-70.0566
-69.5242
-68.8783
-68.06
-66.9589
-65.3334
-62.5263
-55.882
-26.7648
40.2265
43.7082
10.4559
-12.0982
-25.4335
-39.1085
-67.4025
-94.0163
-94.9384
-94.9214
-94.8122
-94.5672
-94.1028
-93.3664
-92.3771
-91.2119
-89.9634
-88.7082
-87.497
-86.3581
-85.3038
-84.3368
-83.4544
-82.6512
-81.9205
-81.2553
-80.6489
-80.0949
-79.5875
-79.1212
-78.6914
-78.2938
-77.9246
-77.5803
-77.258
-76.955
-76.6689
-76.3976
-76.1391
-75.8918
-75.6541
-75.4246
-75.2019
-74.9849
-74.7723
-74.5631
-74.3562
-74.1505
-73.945
-73.7385
-73.5298
-73.3177
-73.1007
-72.8774
-72.6458
-72.4037
-72.1486
-71.8771
-71.5851
-71.2673
-70.9163
-70.5225
-70.0714
-69.5418
-68.8999
-68.088
-66.9977
-65.394
-62.6415
-56.2145
-28.5565
40.3714
43.6658
10.4384
-12.0712
-25.391
-39.0644
-67.288
-94.0069
-94.9381
-94.9223
-94.815
-94.5736
-94.1146
-93.3846
-92.4012
-91.2406
-89.995
-88.7409
-87.5296
-86.3896
-85.3337
-84.3648
-83.4803
-82.6751
-81.9423
-81.2753
-80.6671
-80.1116
-79.6027
-79.1351
-78.7042
-78.3055
-77.9353
-77.5902
-77.2671
-76.9635
-76.6768
-76.4049
-76.146
-75.8983
-75.6602
-75.4303
-75.2074
-74.9901
-74.7773
-74.5679
-74.3609
-74.1551
-73.9494
-73.7428
-73.5341
-73.322
-73.1051
-72.8818
-72.6503
-72.4084
-72.1535
-71.8823
-71.5907
-71.2733
-70.923
-70.53
-70.0801
-69.5521
-68.9126
-68.1045
-67.0207
-65.4298
-62.7092
-56.4071
-29.5873
40.395
43.6647
10.4801
-12.0547
-25.3686
-39.0416
-67.2293
-94.0016
-94.9379
-94.9228
-94.8166
-94.5773
-94.1216
-93.3954
-92.4156
-91.2577
-90.0138
-88.7606
-87.5492
-86.4086
-85.3517
-84.3816
-83.4959
-82.6894
-81.9555
-81.2873
-80.6781
-80.1216
-79.6118
-79.1435
-78.7119
-78.3126
-77.9418
-77.5962
-77.2727
-76.9686
-76.6816
-76.4094
-76.1503
-75.9023
-75.664
-75.434
-75.2109
-74.9935
-74.7806
-74.5711
-74.364
-74.1582
-73.9525
-73.7459
-73.5372
-73.3252
-73.1084
-72.8852
-72.6539
-72.4121
-72.1574
-71.8865
-71.5953
-71.2784
-70.9287
-70.5366
-70.0878
-69.5613
-68.9241
-68.1195
-67.0416
-65.4625
-62.7708
-56.5805
-30.5107
40.3609
43.6814
10.5563
-12.0396
-25.3506
-39.0235
-67.1828
-93.9972
-94.9376
-94.9232
-94.818
-94.5807
-94.1279
-93.4052
-92.4287
-91.2734
-90.031
-88.7784
-87.567
-86.4259
-85.3681
-84.397
-83.5102
-82.7025
-81.9675
-81.2984
-80.6883
-80.1309
-79.6204
-79.1514
-78.7191
-78.3193
-77.9481
-77.602
-77.2782
-76.9738
-76.6864
-76.414
-76.1546
-75.9065
-75.6681
-75.4379
-75.2147
-74.9972
-74.7843
-74.5748
-74.3677
-74.1619
-73.9563
-73.7497
-73.5411
-73.3292
-73.1125
-72.8896
-72.6585
-72.417
-72.1627
-71.8922
-71.6015
-71.2853
-70.9365
-70.5455
-70.0982
-69.5739
-68.9396
-68.1398
-67.0699
-65.5065
-62.8536
-56.8116
-31.7301
40.2189
43.733
10.7236
-12.02
-25.3313
-39.0041
-67.1331
-93.9919
-94.9372
-94.9237
-94.8198
-94.5851
-94.1364
-93.4185
-92.4464
-91.2945
-90.0541
-88.8023
-87.5908
-86.4488
-85.3899
-84.4174
-83.5291
-82.72
-81.9837
-81.3132
-80.7019
-80.1434
-79.6319
-79.1621
-78.729
-78.3285
-77.9567
-77.6101
-77.2857
-76.9809
-76.6933
-76.4206
-76.1609
-75.9126
-75.674
-75.4437
-75.2203
-75.0028
-74.7898
-74.5803
-74.3732
-74.1674
-73.9618
-73.7554
-73.547
-73.3352
-73.1188
-72.8961
-72.6654
-72.4244
-72.1705
-71.9007
-71.6108
-71.2957
-70.9481
-70.5588
-70.1137
-69.5924
-68.9626
-68.1697
-67.1116
-65.5708
-62.9739
-57.1416
-33.4531
39.8219
43.8662
11.1011
-11.9921
-25.3117
-38.9848
-67.0836
-93.985
-94.9364
-94.9244
-94.8224
-94.5915
-94.1489
-93.4381
-92.4725
-91.3253
-90.0876
-88.8365
-87.6244
-86.4811
-85.4203
-84.4458
-83.5554
-82.7442
-82.0059
-81.3336
-80.7207
-80.1607
-79.6479
-79.1769
-78.7428
-78.3413
-77.9687
-77.6214
-77.2964
-76.991
-76.7029
-76.4298
-76.1698
-75.9211
-75.6823
-75.4518
-75.2283
-75.0106
-74.7976
-74.5881
-74.381
-74.1753
-73.9698
-73.7636
-73.5553
-73.3439
-73.1278
-72.9055
-72.6752
-72.4348
-72.1817
-71.9128
-71.624
-71.3102
-70.9645
-70.5774
-70.1354
-69.6184
-68.9948
-68.2114
-67.1694
-65.6597
-63.138
-57.5836
-35.7251
38.831
44.1718
11.9184
-11.9669
-25.3175
-38.9873
-67.0848
-93.9783
-94.9349
-94.9251
-94.8257
-94.6002
-94.1662
-93.4658
-92.5095
-91.3685
-90.1339
-88.8834
-87.6701
-86.5244
-85.4608
-84.4833
-83.59
-82.776
-82.0351
-81.3604
-80.7453
-80.1834
-79.6689
-79.1963
-78.7608
-78.3582
-77.9844
-77.6362
-77.3105
-77.0044
-76.7157
-76.442
-76.1816
-75.9326
-75.6934
-75.4627
-75.2391
-75.0213
-74.8082
-74.5987
-74.3916
-74.186
-73.9807
-73.7747
-73.5667
-73.3556
-73.14
-72.9183
-72.6887
-72.449
-72.1969
-71.9292
-71.6419
-71.3301
-70.9867
-70.6027
-70.1648
-69.6536
-69.0382
-68.2675
-67.2469
-65.7784
-63.3549
-58.1514
-38.5726
36.5809
44.8155
13.6547
-11.9963
-25.4335
-39.0782
-67.2896
-93.9776
-94.932
-94.9258
-94.8298
-94.6109
-94.1881
-93.5012
-92.557
-91.4241
-90.1932
-88.9428
-87.7275
-86.5786
-85.5111
-84.5296
-83.6325
-82.815
-82.0708
-81.3931
-80.7754
-80.2111
-79.6944
-79.22
-78.7829
-78.3788
-78.0038
-77.6544
-77.3277
-77.0208
-76.7313
-76.457
-76.1961
-75.9466
-75.7071
-75.4761
-75.2522
-75.0343
-74.8211
-74.6115
-74.4045
-74.199
-73.9939
-73.7881
-73.5805
-73.3698
-73.1547
-72.9336
-72.7048
-72.4662
-72.2152
-71.9489
-71.6634
-71.3537
-71.0132
-70.6328
-70.1998
-69.6953
-69.0897
-68.3337
-67.3378
-65.9163
-63.6032
-58.7804
-41.6199
32.3864
45.9517
17.0056
-12.2193
-25.8454
-39.388
-67.9843
-93.9867
-94.9264
-94.9262
-94.8338
-94.6219
-94.2114
-93.5398
-92.6094
-91.4857
-90.2588
-89.0085
-87.7905
-86.6377
-85.5658
-84.5798
-83.6784
-82.8569
-82.109
-81.4281
-80.8074
-80.2405
-79.7215
-79.2449
-78.806
-78.4002
-78.0238
-77.6732
-77.3453
-77.0374
-76.7471
-76.472
-76.2104
-75.9604
-75.7204
-75.4889
-75.2647
-75.0465
-74.8331
-74.6234
-74.4163
-74.2107
-74.0056
-73.7999
-73.5925
-73.3821
-73.1673
-72.9466
-72.7183
-72.4803
-72.2301
-71.9648
-71.6806
-71.3725
-71.034
-70.6563
-70.2269
-69.7274
-69.1289
-68.384
-67.4063
-66.0192
-63.7857
-59.2276
-43.699
28.0427
47.0679
20.8988
-12.4488
-26.2419
-39.672
-68.589
-93.9591
-94.9191
-94.9263
-94.8368
-94.6297
-94.2275
-93.5663
-92.6455
-91.5284
-90.3043
-89.054
-87.8342
-86.6786
-85.6036
-84.6144
-83.71
-82.8856
-82.1352
-81.452
-80.8292
-80.2604
-79.7397
-79.2617
-78.8214
-78.4145
-78.037
-77.6854
-77.3567
-77.0481
-76.7571
-76.4815
-76.2193
-75.9688
-75.7284
-75.4966
-75.2721
-75.0536
-74.8399
-74.63
-74.4227
-74.217
-74.0118
-73.806
-73.5985
-73.3881
-73.1733
-72.9527
-72.7245
-72.4866
-72.2367
-71.9717
-71.6879
-71.3803
-71.0425
-70.6658
-70.2376
-69.7398
-69.1439
-68.4029
-67.4319
-66.0573
-63.8526
-59.389
-44.4311
26.1635
47.516
22.7196
-12.4343
-26.2566
-39.6856
-68.5868
-93.9174
-94.915
-94.9264
-94.8381
-94.633
-94.2339
-93.5767
-92.6595
-91.5446
-90.3216
-89.0711
-87.8506
-86.6939
-85.6177
-84.6273
-83.7217
-82.8963
-82.1449
-81.4608
-80.8372
-80.2677
-79.7464
-79.2678
-78.827
-78.4197
-78.0418
-77.6899
-77.3609
-77.0519
-76.7606
-76.4848
-76.2225
-75.9718
-75.7312
-75.4993
-75.2746
-75.056
-74.8422
-74.6322
-74.4248
-74.219
-74.0138
-73.8079
-73.6004
-73.3899
-73.1752
-72.9545
-72.7263
-72.4885
-72.2386
-71.9736
-71.6899
-71.3824
-71.0448
-70.6682
-70.2404
-69.743
-69.1477
-68.4076
-67.4382
-66.0666
-63.869
-59.4289
-44.614
25.6643
47.6298
23.2135
-12.4095
-26.2334
-39.6712
-68.545
-93.9026
-94.9138
-94.9265
-94.8385
-94.6339
-94.2357
-93.5795
-92.6631
-91.5488
-90.326
-89.0755
-87.8548
-86.6978
-85.6213
-84.6306
-83.7247
-82.899
-82.1474
-81.4631
-80.8393
-80.2697
-79.7482
-79.2695
-78.8286
-78.4211
-78.0431
-77.6911
-77.362
-77.053
-76.7617
-76.4858
-76.2234
-75.9727
-75.7321
-75.5001
-75.2754
-75.0568
-74.843
-74.633
-74.4256
-74.2198
-74.0146
-73.8087
-73.6012
-73.3908
-73.176
-72.9554
-72.7272
-72.4894
-72.2396
-71.9747
-71.691
-71.3836
-71.0461
-70.6697
-70.242
-69.7449
-69.15
-68.4106
-67.4423
-66.0727
-63.8798
-59.4552
-44.7349
25.3264
47.7053
23.5491
-12.3876
-26.2109
-39.6567
-68.5056
-93.8914
-94.913
-94.9265
-94.8388
-94.6345
-94.2368
-93.5813
-92.6656
-91.5517
-90.329
-89.0785
-87.8576
-86.7005
-85.6238
-84.6329
-83.7268
-82.901
-82.1492
-81.4648
-80.8409
-80.2712
-79.7496
-79.2708
-78.8298
-78.4223
-78.0443
-77.6923
-77.3631
-77.0541
-76.7628
-76.4869
-76.2245
-75.9738
-75.7331
-75.5012
-75.2765
-75.0579
-74.8441
-74.6341
-74.4268
-74.221
-74.0158
-73.81
-73.6025
-73.3922
-73.1774
-72.9569
-72.7288
-72.4911
-72.2414
-71.9767
-71.6932
-71.3861
-71.0489
-70.6728
-70.2457
-69.7492
-69.1553
-68.4174
-67.4514
-66.0864
-63.9037
-59.5117
-44.9862
24.6052
47.8625
24.2703
-12.3218
-26.1374
-39.6085
-68.3805
-93.8636
-94.9111
-94.9266
-94.8394
-94.6359
-94.2394
-93.5853
-92.6708
-91.5578
-90.3354
-89.0848
-87.8637
-86.7062
-85.629
-84.6377
-83.7313
-82.9051
-82.153
-81.4683
-80.8441
-80.2742
-79.7525
-79.2735
-78.8324
-78.4247
-78.0466
-77.6945
-77.3653
-77.0562
-76.7648
-76.4889
-76.2265
-75.9757
-75.7351
-75.5031
-75.2785
-75.0599
-74.8461
-74.6362
-74.4289
-74.2232
-74.018
-73.8123
-73.6049
-73.3947
-73.1801
-72.9597
-72.7317
-72.4943
-72.2448
-71.9803
-71.6972
-71.3904
-71.0538
-70.6784
-70.2522
-69.7569
-69.1647
-68.4293
-67.4676
-66.1103
-63.9449
-59.608
-45.4048
23.3503
48.1219
25.5367
-12.1427
-25.9243
-39.4651
-68.0215
-93.8012
-94.9075
-94.9268
-94.8405
-94.6384
-94.2442
-93.5927
-92.6804
-91.5688
-90.3469
-89.0962
-87.8745
-86.7162
-85.6383
-84.6462
-83.7391
-82.9122
-82.1596
-81.4743
-80.8498
-80.2794
-79.7573
-79.2781
-78.8367
-78.4288
-78.0505
-77.6982
-77.3689
-77.0597
-76.7682
-76.4922
-76.2297
-75.979
-75.7383
-75.5063
-75.2817
-75.0631
-74.8494
-74.6395
-74.4322
-74.2266
-74.0215
-73.816
-73.6087
-73.3986
-73.1842
-72.964
-72.7363
-72.4991
-72.25
-71.9859
-71.7033
-71.3972
-71.0613
-70.6869
-70.262
-69.7685
-69.1788
-68.4473
-67.4919
-66.1463
-64.0066
-59.7504
-46.0145
21.3976
48.4863
27.5152
-11.677
-25.3453
-39.0534
-67.0178
-93.6561
-94.9008
-94.9273
-94.8428
-94.6433
-94.2529
-93.6059
-92.6974
-91.5879
-90.3667
-89.1155
-87.8927
-86.7331
-85.6537
-84.6603
-83.7519
-82.924
-82.1704
-81.4843
-80.8589
-80.2879
-79.7653
-79.2855
-78.8438
-78.4355
-78.0569
-77.7044
-77.3748
-77.0654
-76.7738
-76.4977
-76.2351
-75.9843
-75.7436
-75.5116
-75.2869
-75.0684
-74.8548
-74.6449
-74.4378
-74.2323
-74.0274
-73.822
-73.6149
-73.4051
-73.1909
-72.9711
-72.7438
-72.5071
-72.2586
-71.9953
-71.7134
-71.4083
-71.0738
-70.7011
-70.2783
-69.7878
-69.2023
-68.4771
-67.5321
-66.2055
-64.1077
-59.9816
-46.9799
17.9927
48.9958
30.8774
-10.2624
-23.5372
-37.5926
-63.4884
-93.1238
-94.8835
-94.9293
-94.8492
-94.6563
-94.2755
-93.639
-92.7387
-91.6335
-90.4129
-89.1598
-87.9339
-86.7707
-85.6878
-84.6911
-83.7798
-82.9494
-82.1935
-81.5055
-80.8786
-80.3061
-79.7823
-79.3015
-78.8588
-78.4498
-78.0706
-77.7175
-77.3875
-77.0778
-76.7859
-76.5096
-76.2469
-75.996
-75.7553
-75.5233
-75.2987
-75.0803
-74.8669
-74.6572
-74.4504
-74.2452
-74.0408
-73.8358
-73.6294
-73.4201
-73.2068
-72.9878
-72.7616
-72.5261
-72.2789
-72.0173
-71.7375
-71.4349
-71.1035
-70.7348
-70.3172
-69.8338
-69.2583
-68.5482
-67.6275
-66.3451
-64.344
-60.5083
-49.0862
9.23729
49.6425
37.8902
-3.93461
-18.1225
-32.2036
-51.0457
-87.5404
-94.7554
-94.9377
-94.8766
-94.7114
-94.3713
-93.7796
-92.9144
-91.8268
-90.6073
-89.3445
-88.1035
-86.9239
-85.8251
-84.8141
-83.8901
-83.0487
-82.2834
-81.5872
-80.9533
-80.3749
-79.8459
-79.3607
-78.9142
-78.502
-78.1201
-77.7647
-77.4328
-77.1216
-76.8284
-76.5511
-76.2876
-76.0362
-75.7952
-75.5631
-75.3386
-75.1204
-74.9074
-74.6984
-74.4924
-74.2883
-74.085
-73.8816
-73.6768
-73.4696
-73.2586
-73.0424
-72.8194
-72.5877
-72.3451
-72.0889
-71.8157
-71.5211
-71.1996
-70.8436
-70.4426
-69.9816
-69.4375
-68.7738
-67.9271
-66.7758
-65.0492
-61.9799
-54.2499
-17.8139
48.0041
43.4452
8.55473
-12.5064
-25.9001
-39.4932
-68.3431
-94.0847
-94.9387
-94.9162
-94.7978
-94.5356
-94.0456
-93.28
-92.2646
-91.0812
-89.8234
-88.5663
-87.3589
-86.2272
-85.1822
-84.2253
-83.3533
-82.5602
-81.8391
-81.1829
-80.5848
-80.0385
-79.538
-79.0782
-78.6543
-78.2621
-77.8978
-77.5581
-77.24
-76.941
-76.6586
-76.3908
-76.1357
-75.8916
-75.657
-75.4304
-75.2107
-74.9966
-74.787
-74.5807
-74.3769
-74.1743
-73.9719
-73.7688
-73.5637
-73.3555
-73.1428
-72.924
-72.6975
-72.4612
-72.2127
-71.9488
-71.666
-71.3591
-71.0218
-70.645
-70.2163
-69.7172
-69.1189
-68.3732
-67.3935
-66.0012
-63.7532
-59.1406
-43.2448
29.0854
46.8013
19.8727
-12.4293
-26.1966
-39.642
-68.539
-93.9753
-94.921
-94.9261
-94.8357
-94.6273
-94.2228
-93.559
-92.6359
-91.5175
-90.2934
-89.0439
-87.8256
-86.6718
-85.5987
-84.6115
-83.709
-82.8865
-82.1379
-81.4564
-80.8352
-80.268
-79.7488
-79.2722
-78.8333
-78.4277
-78.0515
-77.7013
-77.3738
-77.0665
-76.7767
-76.5024
-76.2415
-75.9924
-75.7534
-75.523
-75.2999
-75.083
-74.871
-74.6628
-74.4573
-74.2536
-74.0506
-73.8472
-73.6423
-73.4346
-73.223
-73.0059
-72.7818
-72.5486
-72.304
-72.0454
-71.769
-71.4705
-71.144
-70.7815
-70.3719
-69.899
-69.3382
-68.6496
-67.7631
-66.5418
-64.67
-61.2051
-51.6599
-3.56098
49.7018
42.8859
5.26962
-13.5072
-27.0706
-41.0032
-71.8237
-94.2848
-94.9386
-94.9053
-94.7725
-94.4845
-93.9576
-93.1517
-92.1028
-90.8981
-89.6316
-88.3757
-87.1757
-86.0552
-85.023
-84.0794
-83.2204
-82.4396
-81.7298
-81.084
-80.4953
-79.9574
-79.4646
-79.0116
-78.5937
-78.207
-77.8476
-77.5123
-77.1982
-76.9027
-76.6235
-76.3586
-76.1061
-75.8644
-75.632
-75.4075
-75.1896
-74.9772
-74.7691
-74.5643
-74.3618
-74.1605
-73.9594
-73.7574
-73.5534
-73.3462
-73.1344
-72.9166
-72.6911
-72.4557
-72.208
-71.9451
-71.6632
-71.3573
-71.021
-70.6454
-70.2181
-69.7207
-69.1244
-68.3816
-67.4063
-66.0217
-63.7907
-59.2314
-43.6504
28.1178
47.0395
20.7557
-12.4709
-26.2704
-39.6951
-68.6484
-93.965
-94.9192
-94.926
-94.8362
-94.6286
-94.2256
-93.5637
-92.6425
-91.5255
-90.3022
-89.053
-87.8347
-86.6808
-85.6076
-84.6202
-83.7175
-82.8949
-82.1462
-81.4646
-80.8434
-80.2762
-79.7571
-79.2805
-78.8417
-78.4363
-78.0603
-77.7102
-77.3829
-77.0758
-76.7863
-76.5123
-76.2517
-76.0029
-75.7642
-75.5342
-75.3116
-75.0951
-74.8836
-74.6759
-74.4711
-74.268
-74.0657
-73.8631
-73.659
-73.4524
-73.2418
-73.026
-72.8033
-72.5717
-72.3291
-72.0726
-71.799
-71.5037
-71.1812
-70.8238
-70.4206
-69.9565
-69.408
-68.7373
-67.8793
-66.708
-64.9397
-61.759
-53.5382
-13.8299
49.0073
43.6985
8.50152
-12.6444
-26.1026
-39.6701
-68.7946
-94.1146
-94.9384
-94.9137
-94.7918
-94.523
-94.0235
-93.2472
-92.2227
-91.0333
-89.773
-88.5161
-87.3108
-86.1823
-85.141
-84.1882
-83.3201
-82.5308
-81.8133
-81.1605
-80.5655
-80.022
-79.5242
-79.0668
-78.645
-78.2548
-77.8924
-77.5545
-77.238
-76.9405
-76.6596
-76.3932
-76.1394
-75.8966
-75.6632
-75.438
-75.2195
-75.0066
-74.7982
-74.5932
-74.3907
-74.1894
-73.9885
-73.7869
-73.5835
-73.377
-73.1662
-72.9496
-72.7255
-72.4919
-72.2464
-71.9862
-71.7075
-71.4058
-71.0748
-70.7061
-70.2879
-69.8027
-69.224
-68.5081
-67.5768
-66.2731
-64.2225
-60.2291
-47.9096
14.3173
49.3667
34.1494
-7.99602
-21.3894
-35.6161
-58.7728
-91.9731
-94.8532
-94.9323
-94.8585
-94.675
-94.3077
-93.686
-92.7975
-91.6986
-90.4793
-89.2242
-87.9946
-86.8274
-85.7407
-84.7407
-83.8266
-82.9939
-82.2363
-81.5469
-80.9189
-80.3458
-79.8215
-79.3405
-78.8978
-78.489
-78.1101
-77.7575
-77.4282
-77.1193
-76.8283
-76.5531
-76.2915
-76.042
-75.8027
-75.5724
-75.3496
-75.1331
-74.9217
-74.7144
-74.51
-74.3077
-74.1063
-73.9047
-73.702
-73.4969
-73.2882
-73.0746
-72.8545
-72.6261
-72.3872
-72.1352
-71.8669
-71.5782
-71.2638
-70.9167
-70.527
-70.0809
-69.5572
-68.9231
-68.1223
-67.0496
-65.479
-62.8063
-56.6887
-31.1024
40.3084
43.7042
10.6427
-12.0252
-25.3345
-39.0076
-67.143
-93.9937
-94.9375
-94.9235
-94.8189
-94.583
-94.1323
-93.4122
-92.4383
-91.2853
-90.045
-88.794
-87.5839
-86.444
-85.3873
-84.4172
-83.5314
-82.7248
-81.9908
-81.3227
-80.7137
-80.1574
-79.6481
-79.1803
-78.7494
-78.3508
-77.981
-77.6364
-77.314
-77.0112
-76.7256
-76.4549
-76.1974
-75.9512
-75.7148
-75.4869
-75.266
-75.051
-74.8408
-74.6342
-74.4302
-74.2278
-74.0259
-73.8235
-73.6195
-73.4126
-73.2016
-72.9851
-72.7613
-72.5283
-72.2838
-72.0249
-71.7482
-71.449
-71.1214
-70.7573
-70.3453
-69.8688
-69.3028
-68.6059
-67.7057
-66.459
-64.5318
-60.9044
-50.5228
2.33935
49.7488
41.2304
1.4839
-14.9125
-28.6208
-43.826
-77.5275
-94.505
-94.94
-94.8961
-94.7525
-94.4463
-93.8956
-93.0665
-92.0011
-90.7888
-89.522
-88.2707
-87.078
-85.9658
-84.9421
-84.0067
-83.1552
-82.3812
-81.6776
-81.0372
-80.4534
-79.9198
-79.4307
-78.9811
-78.5663
-78.1822
-77.8252
-77.492
-77.1798
-76.886
-76.6084
-76.3449
-76.0937
-75.8531
-75.6217
-75.3982
-75.1812
-74.9696
-74.7623
-74.5582
-74.3564
-74.1557
-73.9552
-73.7538
-73.5503
-73.3437
-73.1325
-72.9153
-72.6902
-72.4554
-72.2083
-71.946
-71.6647
-71.3596
-71.0241
-70.6495
-70.2233
-69.7272
-69.1328
-68.3927
-67.4216
-66.0444
-63.8297
-59.3211
-44.0342
27.1638
47.2729
21.6799
-12.4803
-26.3001
-39.7162
-68.6802
-93.9472
-94.9172
-94.9261
-94.8369
-94.6303
-94.229
-93.5691
-92.6498
-91.5342
-90.3116
-89.0626
-87.8442
-86.69
-85.6164
-84.6287
-83.7257
-82.9028
-82.1538
-81.4721
-80.8508
-80.2835
-79.7643
-79.2877
-78.8489
-78.4435
-78.0676
-77.7176
-77.3905
-77.0835
-76.7941
-76.5203
-76.26
-76.0114
-75.773
-75.5433
-75.321
-75.1049
-74.8937
-74.6865
-74.4821
-74.2795
-74.0778
-73.8758
-73.6725
-73.4666
-73.257
-73.0422
-72.8206
-72.5903
-72.3492
-72.0946
-71.8231
-71.5305
-71.2111
-70.8577
-70.4597
-70.0025
-69.4635
-68.8069
-67.9708
-66.8375
-65.1464
-62.1687
-54.8273
-20.9907
46.3829
43.331
8.85688
-12.3547
-25.6981
-39.3206
-67.9123
-94.0547
-94.9389
-94.9185
-94.8036
-94.5478
-94.0672
-93.312
-92.3057
-91.1285
-89.8738
-88.6175
-87.4091
-86.2754
-85.2279
-84.2685
-83.3939
-82.5984
-81.875
-81.2169
-80.617
-80.0692
-79.5674
-79.1065
-78.6817
-78.2887
-77.9238
-77.5837
-77.2653
-76.9661
-76.6836
-76.4158
-76.1608
-75.917
-75.6827
-75.4566
-75.2374
-75.0239
-74.815
-74.6097
-74.4068
-74.2053
-74.0042
-73.8025
-73.5991
-73.3928
-73.1822
-72.9659
-72.7422
-72.5092
-72.2645
-72.0053
-71.7279
-71.4278
-71.099
-70.733
-70.3185
-69.8384
-69.267
-68.5619
-67.6483
-66.3769
-64.3962
-60.6121
-49.4132
7.72084
49.685
38.7727
-2.7196
-17.2829
-31.2781
-49.0874
-85.5039
-94.7099
-94.9388
-94.8817
-94.7219
-94.3901
-93.8083
-92.9517
-91.8694
-90.6519
-89.3887
-88.146
-86.9641
-85.8631
-84.8501
-83.9244
-83.0816
-82.3152
-81.6183
-80.9838
-80.4051
-79.876
-79.3908
-78.9446
-78.5328
-78.1513
-77.7965
-77.4653
-77.1548
-76.8626
-76.5862
-76.3239
-76.0737
-75.834
-75.6033
-75.3804
-75.1639
-74.9527
-74.7457
-74.5419
-74.3402
-74.1396
-73.9391
-73.7375
-73.5338
-73.3268
-73.1152
-72.8974
-72.6717
-72.4359
-72.1877
-71.924
-71.641
-71.3336
-70.9953
-70.6169
-70.1857
-69.6828
-69.0785
-68.3233
-67.3271
-65.9031
-63.5807
-58.7171
-41.2659
32.9717
45.789
16.4794
-12.1873
-25.7887
-39.3483
-67.9007
-93.9887
-94.9273
-94.926
-94.833
-94.62
-94.2076
-93.5339
-92.6018
-91.4776
-90.2513
-89.0024
-87.7865
-86.636
-85.5667
-84.5832
-83.6843
-82.8653
-82.1198
-81.4412
-80.8227
-80.258
-79.7411
-79.2666
-78.8296
-78.4259
-78.0514
-77.7027
-77.3768
-77.0709
-76.7826
-76.5096
-76.2501
-76.0022
-75.7645
-75.5354
-75.3137
-75.0981
-74.8874
-74.6806
-74.4767
-74.2745
-74.0731
-73.8715
-73.6685
-73.463
-73.2536
-73.0391
-72.8178
-72.5878
-72.347
-72.0927
-71.8215
-71.5291
-71.2101
-70.857
-70.4595
-70.0027
-69.4643
-68.8084
-67.9734
-66.8417
-65.1537
-62.1834
-54.8712
-21.2325
46.2146
43.3248
8.87754
-12.3463
-25.6872
-39.3114
-67.8892
-94.0529
-94.9389
-94.9186
-94.804
-94.5486
-94.0686
-93.3143
-92.3087
-91.132
-89.8777
-88.6214
-87.413
-86.2792
-85.2316
-84.272
-83.3972
-82.6016
-81.8781
-81.2198
-80.6199
-80.0719
-79.5701
-79.1092
-78.6844
-78.2914
-77.9265
-77.5864
-77.2681
-76.9689
-76.6865
-76.4188
-76.1639
-75.9202
-75.686
-75.46
-75.241
-75.0277
-74.819
-74.6138
-74.4111
-74.2099
-74.0091
-73.8077
-73.6046
-73.3986
-73.1884
-72.9726
-72.7494
-72.517
-72.2731
-72.0147
-71.7384
-71.4395
-71.1122
-70.7481
-70.3361
-69.8594
-69.2928
-68.5948
-67.6924
-66.4412
-64.5039
-60.8455
-50.2991
3.44616
49.7446
40.803
0.646257
-15.3169
-29.0749
-44.6881
-79.0921
-94.5512
-94.94
-94.8936
-94.747
-94.4362
-93.8796
-93.0452
-91.9765
-90.7631
-89.497
-88.2474
-87.0569
-85.9471
-84.9257
-83.9925
-83.1429
-82.3707
-81.6686
-81.0297
-80.4472
-79.9147
-79.4268
-78.9781
-78.5642
-78.1809
-77.8246
-77.4921
-77.1806
-76.8874
-76.6104
-76.3474
-76.0968
-75.8568
-75.626
-75.403
-75.1866
-74.9755
-74.7688
-74.5653
-74.3641
-74.1641
-73.9643
-73.7636
-73.561
-73.3553
-73.1451
-72.9289
-72.7051
-72.4717
-72.2262
-71.9658
-71.6868
-71.3844
-71.0523
-70.6819
-70.2613
-69.7727
-69.1888
-68.4646
-67.5195
-66.1901
-64.0816
-59.9089
-46.5765
19.4162
48.7989
29.4491
-10.9977
-24.4844
-38.3934
-65.4221
-93.4256
-94.8921
-94.928
-94.8457
-94.6492
-94.2633
-93.6214
-92.7174
-91.611
-90.3914
-89.141
-87.9184
-86.7589
-85.6797
-84.6866
-83.7787
-82.9513
-82.1985
-81.5132
-80.8889
-80.319
-79.7975
-79.319
-78.8785
-78.4716
-78.0945
-77.7435
-77.4155
-77.1078
-76.8179
-76.5436
-76.283
-76.0342
-75.7958
-75.5661
-75.3439
-75.128
-74.9171
-74.7103
-74.5065
-74.3045
-74.1036
-73.9025
-73.7001
-73.4955
-73.2872
-73.074
-72.8543
-72.6263
-72.3878
-72.1363
-71.8685
-71.5804
-71.2666
-70.9202
-70.5315

