-70
-56.9645
21.7588
49.8965
47.7618
37.8461
17.2979
-1.11042
-12.8208
-23.6449
-34.124
-51.0537
-86.7346
-94.865
-94.988
-94.9806
-94.9594
-94.9164
-94.8348
-94.6936
-94.4758
-94.1786
-93.8143
-93.403
-92.964
-92.5121
-92.0566
-91.6029
-91.1537
-90.7101
-90.2721
-89.8395
-89.4114
-88.9871
-88.5656
-88.1458
-87.7266
-87.3067
-86.8845
-86.4585
-86.0269
-85.5875
-85.1377
-84.6744
-84.1941
-83.692
-83.1622
-82.5971
-81.9862
-81.3149
-80.562
-79.695
-78.6602
-77.3605
-75.5966
-72.8668
-67.3876
-46.7259
46.3635
49.564
45.8109
33.3115
12.4931
-3.21706
-14.372
-25.2451
-35.166
-53.5119
-89.2224
-94.9104
-94.9875
-94.9772
-94.9518
-94.9004
-94.8029
-94.6345
-94.3759
-94.0238
-93.5919
-93.103
-92.5798
-92.0397
-91.4945
-90.9512
-90.4134
-89.8828
-89.3596
-88.8433
-88.3329
-87.8271
-87.3243
-86.8227
-86.3201
-85.8141
-85.3018
-84.7798
-84.2439
-83.6889
-83.1084
-82.4938
-81.8335
-81.1113
-80.3034
-79.3723
-78.2557
-76.8369
-74.8652
-71.6617
-64.4596
-29.3099
48.9996
49.427
45.0132
31.1858
9.84789
-4.91557
-15.8693
-26.8574
-36.5191
-56.8289
-91.3738
-94.94
-94.9857
-94.9721
-94.941
-94.8778
-94.7575
-94.5509
-94.2382
-93.8216
-93.3226
-92.7699
-92.1886
-91.597
-91.006
-90.4215
-89.8465
-89.2816
-88.7263
-88.1797
-87.6402
-87.1059
-86.5747
-86.044
-85.5111
-84.9726
-84.4244
-83.8616
-83.2783
-82.6665
-82.0158
-81.3119
-80.534
-79.6508
-78.611
-77.3231
-75.6018
-72.993
-67.9547
-50.6835
41.5699
49.6213
46.0307
33.6098
12.5331
-3.33616
-14.5197
-25.427
-35.3045
-53.856
-89.4751
-94.9118
-94.9854
-94.9727
-94.9426
-94.8817
-94.7667
-94.5691
-94.2671
-93.8572
-93.3564
-92.7919
-92.1906
-91.5732
-90.9536
-90.3398
-89.736
-89.1437
-88.5631
-87.9932
-87.4324
-86.8787
-86.3297
-85.7828
-85.2347
-84.6817
-84.1192
-83.5419
-82.9428
-82.313
-81.6406
-80.9089
-80.0934
-79.1556
-78.0312
-76.5991
-74.5969
-71.3027
-63.6827
-24.5895
49.2496
49.4343
44.9403
30.804
9.21329
-5.3938
-16.3168
-27.3426
-37.3396
-58.8683
-92.2458
-94.9506
-94.9833
-94.9667
-94.9296
-94.8545
-94.7125
-94.471
-94.1096
-93.634
-93.0709
-92.4534
-91.8098
-91.1598
-90.5152
-89.8823
-89.2637
-88.6596
-88.0695
-87.4915
-86.9238
-86.3637
-85.8085
-85.255
-84.6994
-84.1373
-83.5633
-82.971
-82.3517
-81.6944
-80.9837
-80.1973
-79.301
-78.2383
-76.9067
-75.0921
-72.2453
-66.3363
-42.2775
48.1423
49.4772
45.2563
31.7304
10.4043
-4.58856
-15.5893
-26.5648
-36.061
-55.7048
-90.7562
-94.9303
-94.9838
-94.9684
-94.933
-94.8612
-94.7251
-94.4925
-94.1408
-93.6716
-93.108
-92.4827
-91.8255
-91.1583
-90.4952
-89.844
-89.2082
-88.589
-87.9858
-87.3971
-86.8209
-86.2546
-85.6953
-85.1396
-84.5837
-84.0231
-83.4523
-82.8648
-82.2521
-81.6031
-80.9026
-80.1287
-79.2479
-78.2049
-76.9001
-75.127
-72.3602
-66.6962
-44.4461
47.3803
49.5032
45.3891
32.0362
10.7268
-4.39972
-15.4279
-26.3951
-35.8838
-55.2719
-90.4886
-94.9262
-94.9833
-94.9675
-94.9312
-94.8576
-94.7182
-94.4798
-94.1193
-93.6375
-93.0585
-92.4159
-91.7411
-91.0571
-90.3788
-89.7145
-89.0681
-88.4405
-87.8313
-87.2389
-86.661
-86.0949
-85.5377
-84.9857
-84.4352
-83.8813
-83.3188
-82.7411
-82.1396
-81.5036
-80.818
-80.0614
-79.2013
-78.1844
-76.9149
-75.1961
-72.535
-67.189
-47.1981
45.639
49.5435
45.5965
32.5165
11.2389
-4.10487
-15.1778
-26.1317
-35.7346
-54.9072
-90.2454
-94.9222
-94.9829
-94.9668
-94.9297
-94.8547
-94.7132
-94.4713
-94.1051
-93.6148
-93.0245
-92.3688
-91.6802
-90.9832
-90.2934
-89.6197
-88.9661
-88.3338
-87.7223
-87.1299
-86.5543
-85.9927
-85.442
-84.8985
-84.3585
-83.8173
-83.2698
-82.7095
-82.1286
-81.517
-80.8608
-80.1409
-79.3283
-78.3766
-77.2048
-75.6533
-73.3447
-69.0839
-56.2227
23.5013
49.8943
47.7917
38.1263
18.0036
-0.541266
-12.3155
-23.0705
-33.663
-49.9682
-85.4011
-94.837
-94.9821
-94.9693
-94.9358
-94.8678
-94.7388
-94.5144
-94.1661
-93.6879
-93.1004
-92.439
-91.7392
-91.0285
-90.3251
-89.6391
-88.9757
-88.3363
-87.7204
-87.1265
-86.5522
-85.9946
-85.4505
-84.9166
-84.3889
-83.8631
-83.3343
-82.7969
-82.2436
-81.6657
-81.0517
-80.3854
-79.6439
-78.7915
-77.7689
-76.4668
-74.6525
-71.706
-65.1741
-34.8945
48.9776
49.4147
44.9313
30.9516
9.55138
-5.117
-16.0516
-27.0522
-36.8434
-57.632
-91.7497
-94.943
-94.9812
-94.9622
-94.92
-94.8344
-94.6729
-94.3991
-93.9907
-93.4541
-92.8204
-92.1284
-91.4124
-90.6967
-89.9959
-89.3181
-88.6663
-88.0412
-87.4416
-86.8653
-86.3098
-85.7721
-85.2489
-84.7368
-84.232
-83.7302
-83.2268
-82.7164
-82.1925
-81.6469
-81.0692
-80.4451
-79.7546
-78.9671
-78.0334
-76.8655
-75.286
-72.8607
-68.1186
-51.7151
38.8899
49.655
46.2006
33.9764
12.8908
-3.16853
-14.3909
-25.2947
-35.2263
-53.668
-89.3112
-94.9067
-94.9818
-94.9653
-94.9269
-94.8496
-94.7042
-94.4553
-94.0765
-93.5665
-92.9501
-92.2653
-91.5484
-90.827
-90.1189
-89.4341
-88.7771
-88.1491
-87.5494
-86.976
-86.4265
-85.8978
-85.3868
-84.8902
-84.4044
-83.9256
-83.4498
-82.9722
-82.4875
-81.9895
-81.4702
-80.9195
-80.3237
-79.6634
-78.9094
-78.0144
-76.8953
-75.385
-73.0815
-68.6572
-54.068
32.165
49.7654
46.8563
35.6294
14.8679
-2.10055
-13.5183
-24.3593
-34.6026
-52.1662
-87.94
-94.8834
-94.9815
-94.9658
-94.9282
-94.8525
-94.7096
-94.4637
-94.0869
-93.5763
-92.9566
-92.2667
-91.5443
-90.8183
-90.1072
-89.4217
-88.7664
-88.1426
-87.5495
-86.9853
-86.4473
-85.9325
-85.4379
-84.9601
-84.4959
-84.0416
-83.5937
-83.1481
-82.7003
-82.2451
-81.7765
-81.2869
-80.7667
-80.2026
-79.5763
-78.86
-78.0091
-76.9457
-75.5154
-73.3529
-69.2901
-56.6544
21.2056
49.9213
48.0818
39.0862
19.508
0.351565
-11.6042
-22.2857
-33.0237
-48.509
-83.3476
-94.7946
-94.9806
-94.9679
-94.9328
-94.8617
-94.7261
-94.4894
-94.1209
-93.6151
-92.9958
-92.3028
-91.5758
-90.8453
-90.1313
-89.4447
-88.7908
-88.171
-87.5845
-87.0293
-86.5028
-86.0021
-85.524
-85.0654
-84.623
-84.1937
-83.7741
-83.3607
-82.9498
-82.5373
-82.1186
-81.6882
-81.2394
-80.7638
-80.2502
-79.6829
-79.0393
-78.2837
-77.3561
-76.1442
-74.4034
-71.4563
-64.3884
-28.1641
48.8856
49.4246
44.9972
31.1248
9.75431
-4.98434
-15.9331
-26.9266
-36.6349
-57.1166
-91.5124
-94.9392
-94.9798
-94.9594
-94.9139
-94.8216
-94.6477
-94.3532
-93.9161
-93.3463
-92.6796
-91.9599
-91.2245
-90.4994
-89.8003
-89.1349
-88.5062
-87.9142
-87.3573
-86.8328
-86.338
-85.8698
-85.425
-85.0006
-84.5937
-84.2011
-83.82
-83.4474
-83.0801
-82.7149
-82.3482
-81.9761
-81.5938
-81.1959
-80.7753
-80.3228
-79.8261
-79.2676
-78.6206
-77.8423
-76.8574
-75.5167
-73.465
-69.5533
-56.983
19.6911
49.9365
48.2746
39.7764
20.6767
1.10041
-11.0106
-21.6267
-32.4574
-47.2455
-81.312
-94.7474
-94.9798
-94.9682
-94.9336
-94.8631
-94.7283
-94.4918
-94.1219
-93.6128
-92.9889
-92.2916
-91.5623
-90.8326
-90.1234
-89.4462
-88.8064
-88.2053
-87.6421
-87.1146
-86.6202
-86.1558
-85.7184
-85.305
-84.9127
-84.5386
-84.18
-83.8342
-83.4988
-83.1709
-82.8481
-82.5275
-82.2062
-81.8808
-81.5477
-81.2023
-80.8391
-80.4514
-80.0298
-79.5618
-79.0293
-78.4044
-77.6421
-76.6612
-75.297
-73.1421
-68.7677
-52.4394
36.9198
49.7001
46.5352
35.0222
14.4281
-2.17266
-13.5218
-24.3382
-34.5635
-52.0631
-87.862
-94.8833
-94.9808
-94.9644
-94.9252
-94.8462
-94.6973
-94.4411
-94.0495
-93.5212
-92.8843
-92.1811
-91.4523
-90.7284
-90.0289
-89.3647
-88.7404
-88.157
-87.6134
-87.1072
-86.6357
-86.1957
-85.7843
-85.3984
-85.0353
-84.6922
-84.3668
-84.0567
-83.7595
-83.4733
-83.196
-82.9254
-82.6597
-82.3968
-82.1344
-81.8703
-81.6019
-81.326
-81.0393
-80.7375
-80.4151
-80.0652
-79.6783
-79.2413
-78.7345
-78.1278
-77.3702
-76.368
-74.9208
-72.4893
-66.8239
-40.3713
48.4132
49.495
45.4835
32.6016
11.7718
-3.60106
-14.6841
-25.5724
-35.367
-53.9986
-89.6121
-94.9133
-94.9807
-94.9622
-94.9201
-94.8347
-94.6731
-94.3969
-93.9799
-93.4267
-92.7705
-92.056
-91.3242
-90.6043
-89.9145
-89.2644
-88.6576
-88.0943
-87.5729
-87.0908
-86.6447
-86.2317
-85.8484
-85.4921
-85.16
-84.8496
-84.5584
-84.2845
-84.0259
-83.7808
-83.5475
-83.3245
-83.1105
-82.9039
-82.7037
-82.5084
-82.3169
-82.128
-81.9403
-81.7525
-81.5631
-81.3705
-81.173
-80.9682
-80.7538
-80.5265
-80.2826
-80.017
-79.7231
-79.392
-79.0107
-78.5602
-78.0106
-77.311
-76.366
-74.9662
-72.5165
-66.1654
-34.4003
48.9817
49.4696
45.39
32.4652
11.7209
-3.58641
-14.6563
-25.5347
-35.3358
-53.9194
-89.5582
-94.9129
-94.9806
-94.9621
-94.9197
-94.8333
-94.6697
-94.3894
-93.9671
-93.4087
-92.7489
-92.0337
-91.3043
-90.5899
-89.9086
-89.2695
-88.6762
-88.1285
-87.6247
-87.1619
-86.737
-86.3466
-85.9877
-85.6572
-85.3525
-85.0711
-84.8108
-84.5696
-84.3458
-84.1376
-83.9438
-83.763
-83.5942
-83.4363
-83.2885
-83.1501
-83.0202
-82.8983
-82.784
-82.6766
-82.5758
-82.4814
-82.3928
-82.31
-82.2326
-82.1605
-82.0937
-82.0319
-81.9751
-81.9233
-81.8765
-81.8348
-81.7982
-81.7667
-81.7406
-81.72
-81.7052
-81.6963
-81.6935
-81.6973
-81.7079
-81.7256
-81.7508
-81.7837
-81.8249
-81.8746
-81.9332
-82.001
-82.0781
-82.1651
-82.2618
-82.3685
-82.4852
-82.6117
-82.748
-82.8938
-83.0486
-83.2121
-83.3836
-83.5625
-83.7483
-83.94
-84.1369
-84.3382
-84.5431
-84.7508
-84.9605
-85.1714
-85.3828
-85.594
-85.8045
-86.0136
-86.2207
-86.4256
-86.6277
-86.8266
-87.0222
-87.214
-87.402
-87.5859
-87.7656
-87.941
-88.112
-88.2786
-88.4408
-88.5985
-88.7517
-88.9006
-89.045
-89.1852
-89.3212
-89.453
-89.5807
-89.7044
-89.8242
-89.9403
-90.0526
-90.1613
-90.2665
-90.3682
-90.4667
-90.5619
-90.6541
-90.7432
-90.8294
-90.9127
-90.9933
-91.0713
-91.1467
-91.2196
-91.2901
-91.3583
-91.4242
-91.488
-91.5497
-91.6093
-91.6671
-91.7229
-91.7769
-91.8291
-91.8797
-91.9286
-91.9759
-92.0216
-92.0659
-92.1088
-92.1503
-92.1904
-92.2293
-92.2669
-92.3033
-92.3385
-92.3726
-92.4056
-92.4376
-92.4685
-92.4985
-92.5275
-92.5556
-92.5828
-92.6091
-92.6346
-92.6593
-92.6832
-92.7064
-92.7289
-92.7506
-92.7717
-92.7921
-92.8118
-92.831
-92.8495
-92.8675
-92.8849
-92.9017
-92.9181
-92.9339
-92.9493
-92.9641
-92.9785
-92.9925
-93.006
-93.0191
-93.0318
-93.0441
-93.0561
-93.0676
-93.0788
-93.0897
-93.1002
-93.1104
-93.1203
-93.1299
-93.1392
-93.1482
-93.1569
-93.1654
-93.1736
-93.1816
-93.1893
-93.1967
-93.204
-93.211
-93.2178
-93.2245
-93.2309
-93.2371
-93.2431
-93.249
-93.2546
-93.2601
-93.2655
-93.2706
-93.2756
-93.2805
-93.2852
-93.2898
-93.2943
-93.2986
-93.3028
-93.3068
-93.3107
-93.3146
-93.3183
-93.3219
-93.3254
-93.3288
-93.332
-93.3352
-93.3383
-93.3413
-93.3443
-93.3471
-93.3499
-93.3525
-93.3551
-93.3577
-93.3601
-93.3625
-93.3648
-93.367
-93.3692
-93.3714
-93.3734
-93.3754
-93.3774
-93.3793
-93.3811
-93.3829
-93.3846
-93.3863
-93.388
-93.3896
-93.3912
-93.3927
-93.3942
-93.3956
-93.397
-93.3984
-93.3997
-93.401
-93.4022
-93.4035
-93.4047
-93.4058
-93.407
-93.4081
-93.4092
-93.4102
-93.4112
-93.4122
-93.4132
-93.4142
-93.4151
-93.416
-93.4169
-93.4178
-93.4186
-93.4194
-93.4203
-93.421
-93.4218
-93.4226
-93.4233
-93.424
-93.4248
-93.4254
-93.4261
-93.4268
-93.4274
-93.4281
-93.4287
-93.4293
-93.4299
-93.4305
-93.4311
-93.4316
-93.4322
-93.4327
-93.4333
-93.4338
-93.4343
-93.4348
-93.4353
-93.4358
-93.4363
-93.4368
-93.4372
-93.4377
-93.4381
-93.4386
-93.439
-93.4394
-93.4399
-93.4403
-93.4407
-93.4411
-93.4415
-93.4419
-93.4423
-93.4427
-93.443
-93.4434
-93.4438
-93.4441
-93.4445
-93.4449
-93.4452
-93.4455
-93.4459
-93.4462
-93.4466
-93.4469
-93.4472
-93.4475
-93.4479
-93.4482
-93.4485
-93.4488
-93.4491
-93.4494
-93.4497
-93.45
-93.4503
-93.4506
-93.4509
-93.4512
-93.4515
-93.4517
-93.452
-93.4523
-93.4526
-93.4528
-93.4531
-93.4534
-93.4537
-93.4539
-93.4542
-93.4544
-93.4547
-93.455
-93.4552
-93.4555
-93.4557
-93.456
-93.4562
-93.4565
-93.4567
-93.457
-93.4572
-93.4575
-93.4577
-93.4579
-93.4582
-93.4584
-93.4586
-93.4589
-93.4591
-93.4593
-93.4596
-93.4598
-93.46
-93.4603
-93.4605
-93.4607
-93.4609
-93.4612
-93.4614
-93.4616
-93.4618
-93.462
-93.4622
-93.4625
-93.4627
-93.4629
-93.4631
-93.4633
-93.4635
-93.4637
-93.464
-93.4642
-93.4644
-93.4646
-93.4648
-93.465
-93.4652
-93.4654
-93.4656
-93.4658
-93.466
-93.4662
-93.4664
-93.4666
-93.4668
-93.467
-93.4672
-93.4674
-93.4676
-93.4678
-93.468
-93.4682
-93.4683
-93.4685
-93.4687
-93.4689
-93.4691
-93.4693
-93.4695
-93.4697
-93.4698
-93.47
-93.4702
-93.4704
-93.4706
-93.4708
-93.4709
-93.4711
-93.4713
-93.4715
-93.4717
-93.4718
-93.472
-93.4722
-93.4724
-93.4726
-93.4727
-93.4729
-93.4731
-93.4732
-93.4734
-93.4736
-93.4738
-93.4739
-93.4741
-93.4743
-93.4744
-93.4746
-93.4748
-93.4749
-93.4751
-93.4753
-93.4754
-93.4756
-93.4758
-93.4759
-93.4761
-93.4762
-93.4764
-93.4766
-93.4767
-93.4769
-93.477
-93.4772
-93.4774
-93.4775
-93.4777
-93.4778
-93.478
-93.4781
-93.4783
-93.4784
-93.4786
-93.4787
-93.4789
-93.479
-93.4792
-93.4793
-93.4795
-93.4796
-93.4798
-93.4799
-93.4801
-93.4802
-93.4804
-93.4805
-93.4806
-93.4808
-93.4809
-93.4811
-93.4812
-93.4814
-93.4815
-93.4816
-93.4818
-93.4819
-93.482
-93.4822
-93.4823
-93.4825
-93.4826
-93.4827
-93.4829
-93.483
-93.4831
-93.4833
-93.4834
-93.4835
-93.4836
-93.4838
-93.4839
-93.484
-93.4842
-93.4843
-93.4844
-93.4845
-93.4847
-93.4848
-93.4849
-93.485
-93.4852
-93.4853
-93.4854
-93.4855
-93.4856
-93.4858
-93.4859
-93.486
-93.4861
-93.4862
-93.4864
-93.4865
-93.4866
-93.4867
-93.4868
-93.4869
-93.487
-93.4872
-93.4873
-93.4874
-93.4875
-93.4876
-93.4877
-93.4878
-93.4879
-93.488
-93.4882
-93.4883
-93.4884
-93.4885
-93.4886
-93.4887
-93.4888
-93.4889
-93.489
-93.4891
-93.4892
-93.4893
-93.4894
-93.4895
-93.4896
-93.4897
-93.4898
-93.4899
-93.49
-93.4901
-93.4902
-93.4903
-93.4904
-93.4905
-93.4906
-93.4907
-93.4908
-93.4909
-93.491
-93.4911
-93.4911
-93.4912
-93.4913
-93.4914
-93.4915
-93.4916
-93.4917
-93.4918
-93.4919
-93.492
-93.492
-93.4921
-93.4922
-93.4923
-93.4924
-93.4925
-93.4925
-93.4926
-93.4927
-93.4928
-93.4929
-93.493
-93.493
-93.4931
-93.4932
-93.4933
-93.4933
-93.4934
-93.4935
-93.4936
-93.4937
-93.4937
-93.4938
-93.4939
-93.494
-93.494
-93.4941
-93.4942
-93.4942
-93.4943
-93.4944
-93.4945
-93.4945
-93.4946
-93.4947
-93.4947
-93.4948
-93.4949
-93.4949
-93.495
-93.4951
-93.4951
-93.4952
-93.4953
-93.4953
-93.4954
-93.4955
-93.4955
-93.4956
-93.4956
-93.4957
-93.4958
-93.4958
-93.4959
-93.4959
-93.496
-93.4961
-93.4961
-93.4962
-93.4962
-93.4963
-93.4963
-93.4964
-93.4965
-93.4965
-93.4966
-93.4966
-93.4967
-93.4967
-93.4968
-93.4968
-93.4969
-93.4969
-93.497
-93.497
-93.4971
-93.4971
-93.4972
-93.4972
-93.4973
-93.4973
-93.4974
-93.4974
-93.4975
-93.4975
-93.4975
-93.4976
-93.4976
-93.4977
-93.4977
-93.4978
-93.4978
-93.4978
-93.4979
-93.4979
-93.498
-93.498
-93.498
-93.4981
-93.4981
-93.4982
-93.4982
-93.4982
-93.4983
-93.4983
-93.4983
-93.4984
-93.4984
-93.4984
-93.4985
-93.4985
-93.4985
-93.4986
-93.4986
-93.4986
-93.4987
-93.4987
-93.4987
-93.4988
-93.4988
-93.4988
-93.4989
-93.4989
-93.4989
-93.4989
-93.499
-93.499
-93.499
-93.499
-93.4991
-93.4991
-93.4991
-93.4991
-93.4992
-93.4992
-93.4992
-93.4992
-93.4993
-93.4993
-93.4993
-93.4993
-93.4993
-93.4994
-93.4994
-93.4994
-93.4994
-93.4994
-93.4995
-93.4995
-93.4995
-93.4995
-93.4995
-93.4995
-93.4996
-93.4996
-93.4996
-93.4996
-93.4996
-93.4996
-93.4996
-93.4997
-93.4997
-93.4997
-93.4997
-93.4997
-93.4997
-93.4997
-93.4997
-93.4997
-93.4998
-93.4998
-93.4998
-93.4998
-93.4998
-93.4998
-93.4998
-93.4998
-93.4998
-93.4998
-93.4998
-93.4998
-93.4998
-93.4998
-93.4999
-93.4999
-93.4999
-93.4999
-93.4999
-93.4999
-93.4999
-93.4999
-93.4999
-93.4999
-93.4999
-93.4999
-93.4999
-93.4999
-93.4999
-93.4999
-93.4999
-93.4999
-93.4999
-93.4999
-93.4999
-93.4999
-93.4999
-93.4999
-93.4998
-93.4998
-93.4998
-93.4998
-93.4998
-93.4998
-93.4998
-93.4998
-93.4998
-93.4998
-93.4998
-93.4998
-93.4998
-93.4998
-93.4997
-93.4997
-93.4997
-93.4997
-93.4997
-93.4997
-93.4997
-93.4997
-93.4997
-93.4996
-93.4996
-93.4996
-93.4996
-93.4996
-93.4996
-93.4996
-93.4996
-93.4995
-93.4995
-93.4995
-93.4995
-93.4995
-93.4995
-93.4994
-93.4994
-93.4994
-93.4994
-93.4994
-93.4994
-93.4993
-93.4993
-93.4993
-93.4993
-93.4993
-93.4992
-93.4992
-93.4992
-93.4992
-93.4991
-93.4991
-93.4991
-93.4991
-93.4991
-93.499
-93.499
-93.499
-93.499
-93.4989
-93.4989
-93.4989
-93.4989
-93.4988
-93.4988
-93.4988
-93.4988
-93.4987
-93.4987
-93.4987
-93.4986
-93.4986
-93.4986
-93.4986
-93.4985
-93.4985
-93.4985
-93.4984
-93.4984
-93.4984
-93.4984
-93.4983
-93.4983
-93.4983
-93.4982
-93.4982
-93.4982
-93.4981
-93.4981
-93.4981
-93.498
-93.498
-93.498
-93.4979
-93.4979
-93.4979
-93.4978
-93.4978
-93.4977
-93.4977
-93.4977
-93.4976
-93.4976
-93.4976
-93.4975
-93.4975
-93.4974
-93.4974
-93.4974
-93.4973
-93.4973
-93.4972
-93.4972
-93.4972
-93.4971
-93.4971
-93.497
-93.497
-93.497
-93.4969
-93.4969
-93.4968
-93.4968
-93.4967
-93.4967
-93.4967
-93.4966
-93.4966
-93.4965
-93.4965
-93.4964
-93.4964
-93.4963
-93.4963
-93.4963
-93.4962
-93.4962
-93.4961
-93.4961
-93.496
-93.496
-93.4959
-93.4959
-93.4958
-93.4958
-93.4957
-93.4957
-93.4956
-93.4956
-93.4955
-93.4955
-93.4954
-93.4954
-93.4953
-93.4953
-93.4952
-93.4952
-93.4951
-93.4951
-93.495
-93.495
-93.4949
-93.4949
-93.4948
-93.4948
-93.4947
-93.4946
-93.4946
-93.4945
-93.4945
-93.4944
-93.4944
-93.4943
-93.4943
-93.4942
-93.4941
-93.4941
-93.494
-93.494
-93.4939
-93.4939
-93.4938
-93.4937
-93.4937
-93.4936
-93.4936
-93.4935
-93.4934
-93.4934
-93.4933
-93.4933
-93.4932
-93.4931
-93.4931
-93.493
-93.493
-93.4929
-93.4928
-93.4928
-93.4927
-93.4927
-93.4926
-93.4925
-93.4925
-93.4924
-93.4923
-93.4923
-93.4922
-93.4921
-93.4921
-93.492
-93.492
-93.4919
-93.4918
-93.4918
-93.4917
-93.4916
-93.4916
-93.4915
-93.4914
-93.4914
-93.4913
-93.4912
-93.4912
-93.4911
-93.491
-93.491
-93.4909
-93.4908
-93.4907
-93.4907
-93.4906
-93.4905
-93.4905
-93.4904
-93.4903
-93.4903
-93.4902
-93.4901
-93.49
-93.49
-93.4899
-93.4898
-93.4898
-93.4897
-93.4896
-93.4895
-93.4895
-93.4894
-93.4893
-93.4893
-93.4892
-93.4891
-93.489
-93.489
-93.4889
-93.4888
-93.4887
-93.4887
-93.4886
-93.4885
-93.4884
-93.4884
-93.4883
-93.4882
-93.4881
-93.4881
-93.488
-93.4879
-93.4878
-93.4877
-93.4877
-93.4876
-93.4875
-93.4874
-93.4874
-93.4873
-93.4872
-93.4871
-93.487
-93.487
-93.4869
-93.4868
-93.4867
-93.4866
-93.4866
-93.4865
-93.4864
-93.4863
-93.4862
-93.4862
-93.4861
-93.486
-93.4859
-93.4858
-93.4857
-93.4857
-93.4856
-93.4855
-93.4854
-93.4853
-93.4852
-93.4852
-93.4851
-93.485
-93.4849
-93.4848
-93.4847
-93.4847
-93.4846
-93.4845
-93.4844
-93.4843
-93.4842
-93.4841
-93.4841
-93.484
-93.4839
-93.4838
-93.4837
-93.4836
-93.4835
-93.4834
-93.4834
-93.4833
-93.4832
-93.4831
-93.483
-93.4829
-93.4828
-93.4827
-93.4826
-93.4826
-93.4825
-93.4824
-93.4823
-93.4822
-93.4821
-93.482
-93.4819
-93.4818
-93.4817
-93.4817
-93.4816
-93.4815
-93.4814
-93.4813
-93.4812
-93.4811
-93.481
-93.4809
-93.4808
-93.4807
-93.4806
-93.4806
-93.4805
-93.4804
-93.4803
-93.4802
-93.4801
-93.48
-93.4799
-93.4798
-93.4797
-93.4796
-93.4795
-93.4794
-93.4793
-93.4792
-93.4791
-93.479
-93.4789
-93.4788
-93.4788
-93.4787
-93.4786
-93.4785
-93.4784
-93.4783
-93.4782
-93.4781
-93.478
-93.4779
-93.4778
-93.4777
-93.4776
-93.4775
-93.4774
-93.4773
-93.4772
-93.4771
-93.477
-93.4769
-93.4768
-93.4767
-93.4766
-93.4765
-93.4764
-93.4763
-93.4762
-93.4761
-93.476
-93.4759
-93.4758
-93.4757
-93.4756
-93.4755
-93.4754
-93.4753
-93.4752
-93.4751
-93.475
-93.4749
-93.4748
-93.4747
-93.4746
-93.4745
-93.4744
-93.4742
-93.4741
-93.474
-93.4739
-93.4738
-93.4737
-93.4736
-93.4735
-93.4734
-93.4733
-93.4732
-93.4731
-93.473
-93.4729
-93.4728
-93.4727
-93.4726
-93.4725
-93.4724
-93.4723
-93.4721
-93.472
-93.4719
-93.4718
-93.4717
-93.4716
-93.4715
-93.4714
-93.4713
-93.4712
-93.4711
-93.471
-93.4709
-93.4707
-93.4706
-93.4705
-93.4704
-93.4703
-93.4702
-93.4701
-93.47
-93.4699
-93.4698
-93.4697
-93.4695
-93.4694
-93.4693
-93.4692
-93.4691
-93.469
-93.4689
-93.4688
-93.4687
-93.4685
-93.4684
-93.4683
-93.4682
-93.4681
-93.468
-93.4679
-93.4678
-93.4677
-93.4675
-93.4674
-93.4673
-93.4672
-93.4671
-93.467
-93.4669
-93.4668
-93.4666
-93.4665
-93.4664
-93.4663
-93.4662
-93.4661
-93.466
-93.4658
-93.4657
-93.4656
-93.4655
-93.4654
-93.4653
-93.4651
-93.465
-93.4649
-93.4648
-93.4647
-93.4646
-93.4645
-93.4643
-93.4642
-93.4641
-93.464
-93.4639
-93.4638
-93.4636
-93.4635
-93.4634
-93.4633
-93.4632
-93.463
-93.4629
-93.4628
-93.4627
-93.4626
-93.4625
-93.4623
-93.4622
-93.4621
-93.462
-93.4619
-93.4617
-93.4616
-93.4615
-93.4614
-93.4613
-93.4611
-93.461
-93.4609
-93.4608
-93.4607
-93.4605
-93.4604
-93.4603
-93.4602
-93.4601
-93.4599
-93.4598
-93.4597
-93.4596
-93.4595
-93.4593
-93.4592
-93.4591
-93.459
-93.4588
-93.4587
-93.4586
-93.4585
-93.4584
-93.4582
-93.4581
-93.458
-93.4579
-93.4577
-93.4576
-93.4575
-93.4574
-93.4572
-93.4571
-93.457
-93.4569
-93.4567
-93.4566
-93.4565
-93.4564
-93.4562
-93.4561
-93.456
-93.4559
-93.4557
-93.4556
-93.4555
-93.4554
-93.4552
-93.4551
-93.455
-93.4549
-93.4547
-93.4546
-93.4545
-93.4544
-93.4542
-93.4541
-93.454
-93.4539
-93.4537
-93.4536
-93.4535
-93.4533
-93.4532
-93.4531
-93.453
-93.4528
-93.4527
-93.4526
-93.4525
-93.4523
-93.4522
-93.4521
-93.4519
-93.4518
-93.4517
-93.4516
-93.4514
-93.4513
-93.4512
-93.451
-93.4509
-93.4508
-93.4506
-93.4505
-93.4504
-93.4503
-93.4501
-93.45
-93.4499
-93.4497
-93.4496
-93.4495
-93.4493
-93.4492
-93.4491
-93.4489
-93.4488
-93.4487
-93.4486
-93.4484
-93.4483
-93.4482
-93.448
-93.4479
-93.4478
-93.4476
-93.4475
-93.4474
-93.4472
-93.4471
-93.447
-93.4468
-93.4467
-93.4466
-93.4464
-93.4463
-93.4462
-93.446
-93.4459
-93.4458
-93.4456
-93.4455
-93.4454
-93.4452
-93.4451
-93.445
-93.4448
-93.4447
-93.4446
-93.4444
-93.4443
-93.4441
-93.444
-93.4439
-93.4437
-93.4436
-93.4435
-93.4433
-93.4432
-93.4431
-93.4429
-93.4428
-93.4427
-93.4425
-93.4424
-93.4422
-93.4421
-93.442
-93.4418
-93.4417
-93.4416
-93.4414
-93.4413
-93.4411
-93.441
-93.4409
-93.4407
-93.4406
-93.4405
-93.4403
-93.4402
-93.44
-93.4399
-93.4398
-93.4396
-93.4395
-93.4394
-93.4392
-93.4391
-93.4389
-93.4388
-93.4387
-93.4385
-93.4384
-93.4382
-93.4381
-93.438
-93.4378
-93.4377
-93.4375
-93.4374
-93.4373
-93.4371
-93.437
-93.4368
-93.4367
-93.4366
-93.4364
-93.4363
-93.4361
-93.436
-93.4359
-93.4357
-93.4356
-93.4354
-93.4353
-93.4351
-93.435
-93.4349
-93.4347
-93.4346
-93.4344
-93.4343
-93.4342
-93.434
-93.4339
-93.4337
-93.4336
-93.4334
-93.4333
-93.4332
-93.433
-93.4329
-93.4327
-93.4326
-93.4324
-93.4323
-93.4321
-93.432
-93.4319
-93.4317
-93.4316
-93.4314
-93.4313
-93.4311
-93.431
-93.4309
-93.4307
-93.4306
-93.4304
-93.4303
-93.4301
-93.43
-93.4298
-93.4297
-93.4295
-93.4294
-93.4293
-93.4291
-93.429
-93.4288
-93.4287
-93.4285
-93.4284
-93.4282
-93.4281
-93.4279
-93.4278
-93.4276
-93.4275
-93.4274
-93.4272
-93.4271
-93.4269
-93.4268
-93.4266
-93.4265
-93.4263
-93.4262
-93.426
-93.4259
-93.4257
-93.4256
-93.4254
-93.4253
-93.4251
-93.425
-93.4249
-93.4247
-93.4246
-93.4244
-93.4243
-93.4241
-93.424
-93.4238
-93.4237
-93.4235
-93.4234
-93.4232
-93.4231
-93.4229
-93.4228
-93.4226
-93.4225
-93.4223
-93.4222
-93.422
-93.4219
-93.4217
-93.4216
-93.4214
-93.4213
-93.4211
-93.421
-93.4208
-93.4207
-93.4205
-93.4204
-93.4202
-93.4201
-93.4199
-93.4198
-93.4196
-93.4195
-93.4193
-93.4192
-93.419
-93.4189
-93.4187
-93.4186
-93.4184
-93.4182
-93.4181
-93.4179
-93.4178
-93.4176
-93.4175
-93.4173
-93.4172
-93.417
-93.4169
-93.4167
-93.4166
-93.4164
-93.4163
-93.4161
-93.416
-93.4158
-93.4157
-93.4155
-93.4153
-93.4152
-93.415
-93.4149
-93.4147
-93.4146
-93.4144
-93.4143
-93.4141
-93.414
-93.4138
-93.4137
-93.4135
-93.4133
-93.4132
-93.413
-93.4129
-93.4127
-93.4126
-93.4124
-93.4123
-93.4121
-93.412
-93.4118
-93.4116
-93.4115
-93.4113
-93.4112
-93.411
-93.4109
-93.4107
-93.4106
-93.4104
-93.4102
-93.4101
-93.4099
-93.4098
-93.4096
-93.4095
-93.4093
-93.4091
-93.409
-93.4088
-93.4087
-93.4085
-93.4084
-93.4082
-93.408
-93.4079
-93.4077
-93.4076
-93.4074
-93.4073
-93.4071
-93.4069
-93.4068
-93.4066
-93.4065
-93.4063
-93.4062
-93.406
-93.4058
-93.4057
-93.4055
-93.4054
-93.4052
-93.405
-93.4049
-93.4047
-93.4046
-93.4044
-93.4043
-93.4041
-93.4039
-93.4038
-93.4036
-93.4035
-93.4033
-93.4031
-93.403
-93.4028
-93.4027
-93.4025
-93.4023
-93.4022
-93.402
-93.4019
-93.4017
-93.4015
-93.4014
-93.4012
-93.4011
-93.4009
-93.4007
-93.4006
-93.4004
-93.4003
-93.4001
-93.3999
-93.3998
-93.3996
-93.3994
-93.3993
-93.3991
-93.399
-93.3988
-93.3986
-93.3985
-93.3983
-93.3982
-93.398
-93.3978
-93.3977
-93.3975
-93.3973
-93.3972
-93.397
-93.3969
-93.3967
-93.3965
-93.3964
-93.3962
-93.396
-93.3959
-93.3957
-93.3956
-93.3954
-93.3952
-93.3951
-93.3949
-93.3947
-93.3946
-93.3944
-93.3943
-93.3941
-93.3939
-93.3938
-93.3936
-93.3934
-93.3933
-93.3931
-93.3929
-93.3928
-93.3926
-93.3925
-93.3923
-93.3921
-93.392
-93.3918
-93.3916
-93.3915
-93.3913
-93.3911
-93.391
-93.3908
-93.3906
-93.3905
-93.3903
-93.3901
-93.39
-93.3898
-93.3897
-93.3895
-93.3893
-93.3892
-93.389
-93.3888
-93.3887
-93.3885
-93.3883
-93.3882
-93.388
-93.3878
-93.3877
-93.3875
-93.3873
-93.3872
-93.387
-93.3868
-93.3867
-93.3865
-93.3863
-93.3862
-93.386
-93.3858
-93.3857
-93.3855
-93.3853
-93.3852
-93.385
-93.3848
-93.3847
-93.3845
-93.3843
-93.3842
-93.384
-93.3838
-93.3837
-93.3835
-93.3833
-93.3832
-93.383
-93.3828
-93.3826
-93.3825
-93.3823
-93.3821
-93.382
-93.3818
-93.3816
-93.3815
-93.3813
-93.3811
-93.381
-93.3808
-93.3806
-93.3805
-93.3803
-93.3801
-93.3799
-93.3798
-93.3796
-93.3794
-93.3793
-93.3791
-93.3789
-93.3788
-93.3786
-93.3784
-93.3783
-93.3781
-93.3779
-93.3777
-93.3776
-93.3774
-93.3772
-93.3771
-93.3769
-93.3767
-93.3766
-93.3764
-93.3762
-93.376
-93.3759
-93.3757
-93.3755
-93.3754
-93.3752
-93.375
-93.3748
-93.3747
-93.3745
-93.3743
-93.3742
-93.374
-93.3738
-93.3736
-93.3735
-93.3733
-93.3731
-93.373
-93.3728
-93.3726
-93.3724
-93.3723
-93.3721
-93.3719
-93.3718
-93.3716
-93.3714
-93.3712
-93.3711
-93.3709
-93.3707
-93.3705
-93.3704
-93.3702
-93.37
-93.3699
-93.3697
-93.3695
-93.3693
-93.3692
-93.369
-93.3688
-93.3686
-93.3685
-93.3683
-93.3681
-93.368
-93.3678
-93.3676
-93.3674
-93.3673
-93.3671
-93.3669
-93.3667
-93.3666
-93.3664
-93.3662
-93.366
-93.3659
-93.3657
-93.3655
-93.3653
-93.3652
-93.365
-93.3648
-93.3646
-93.3645
-93.3643
-93.3641
-93.3639
-93.3638
-93.3636
-93.3634
-93.3632
-93.3631
-93.3629
-93.3627
-93.3625
-93.3624
-93.3622
-93.362
-93.3618
-93.3617
-93.3615
-93.3613
-93.3611
-93.361
-93.3608
-93.3606
-93.3604
-93.3603
-93.3601
-93.3599
-93.3597
-93.3596
-93.3594
-93.3592
-93.359
-93.3588
-93.3587
-93.3585
-93.3583
-93.3581
-93.358
-93.3578
-93.3576
-93.3574
-93.3573
-93.3571
-93.3569
-93.3567
-93.3565
-93.3564
-93.3562
-93.356
-93.3558
-93.3557
-93.3555
-93.3553
-93.3551
-93.355
-93.3548
-93.3546
-93.3544
-93.3542
-93.3541
-93.3539
-93.3537
-93.3535
-93.3533
-93.3532
-93.353
-93.3528
-93.3526
-93.3525
-93.3523
-93.3521
-93.3519
-93.3517
-93.3516
-93.3514
-93.3512
-93.351
-93.3508
-93.3507
-93.3505
-93.3503
-93.3501
-93.35
-93.3498
-93.3496
-93.3494
-93.3492
-93.3491
-93.3489
-93.3487
-93.3485
-93.3483
-93.3482
-93.348
-93.3478
-93.3476
-93.3474
-93.3473
-93.3471
-93.3469
-93.3467
-93.3465
-93.3464
-93.3462
-93.346
-93.3458
-93.3456
-93.3455
-93.3453
-93.3451
-93.3449
-93.3447
-93.3445
-93.3444
-93.3442
-93.344
-93.3438
-93.3436
-93.3435
-93.3433
-93.3431
-93.3429
-93.3427
-93.3426
-93.3424
-93.3422
-93.342
-93.3418
-93.3416
-93.3415
-93.3413
-93.3411
-93.3409
-93.3407
-93.3406
-93.3404
-93.3402
-93.34
-93.3398
-93.3396
-93.3395
-93.3393
-93.3391
-93.3389
-93.3387
-93.3385
-93.3384
-93.3382
-93.338
-93.3378
-93.3376
-93.3375
-93.3373
-93.3371
-93.3369
-93.3367
-93.3365
-93.3364
-93.3362
-93.336
-93.3358
-93.3356
-93.3354
-93.3353
-93.3351
-93.3349
-93.3347
-93.3345
-93.3343
-93.3341
-93.334
-93.3338
-93.3336
-93.3334
-93.3332
-93.333
-93.3329
-93.3327
-93.3325
-93.3323
-93.3321
-93.3319
-93.3318
-93.3316
-93.3314
-93.3312
-93.331
-93.3308
-93.3306
-93.3305
-93.3303
-93.3301
-93.3299
-93.3297
-93.3295
-93.3294
-93.3292
-93.329
-93.3288
-93.3286
-93.3284
-93.3282
-93.3281
-93.3279
-93.3277
-93.3275
-93.3273
-93.3271
-93.3269
-93.3268
-93.3266
-93.3264
-93.3262
-93.326
-93.3258
-93.3256
-93.3255
-93.3253
-93.3251
-93.3249
-93.3247
-93.3245
-93.3243
-93.3241
-93.324
-93.3238
-93.3236
-93.3234
-93.3232
-93.323
-93.3228
-93.3227
-93.3225
-93.3223
-93.3221
-93.3219
-93.3217
-93.3215
-93.3213
-93.3212
-93.321
-93.3208
-93.3206
-93.3204
-93.3202
-93.32
-93.3198
-93.3197
-93.3195
-93.3193
-93.3191
-93.3189
-93.3187
-93.3185
-93.3183
-93.3182
-93.318
-93.3178
-93.3176
-93.3174
-93.3172
-93.317
-93.3168
-93.3166
-93.3165
-93.3163
-93.3161
-93.3159
-93.3157
-93.3155
-93.3153
-93.3151
-93.3149
-93.3148
-93.3146
-93.3144
-93.3142
-93.314
-93.3138
-93.3136
-93.3134
-93.3132
-93.3131
-93.3129
-93.3127
-93.3125
-93.3123
-93.3121
-93.3119
-93.3117
-93.3115
-93.3113
-93.3112
-93.311
-93.3108
-93.3106
-93.3104
-93.3102
-93.31
-93.3098
-93.3096
-93.3094
-93.3093
-93.3091
-93.3089
-93.3087
-93.3085
-93.3083
-93.3081
-93.3079
-93.3077
-93.3075
-93.3074
-93.3072
-93.307
-93.3068
-93.3066
-93.3064
-93.3062
-93.306
-93.3058
-93.3056
-93.3054
-93.3053
-93.3051
-93.3049
-93.3047
-93.3045
-93.3043
-93.3041
-93.3039
-93.3037
-93.3035
-93.3033
-93.3031
-93.303
-93.3028
-93.3026
-93.3024
-93.3022
-93.302
-93.3018
-93.3016
-93.3014
-93.3012
-93.301
-93.3008
-93.3006
-93.3005
-93.3003
-93.3001
-93.2999
-93.2997
-93.2995
-93.2993
-93.2991
-93.2989
-93.2987
-93.2985
-93.2983
-93.2981
-93.298
-93.2978
-93.2976
-93.2974
-93.2972
-93.297
-93.2968
-93.2966
-93.2964
-93.2962
-93.296
-93.2958
-93.2956
-93.2954
-93.2952
-93.2951
-93.2949
-93.2947
-93.2945
-93.2943
-93.2941
-93.2939
-93.2937
-93.2935
-93.2933
-93.2931
-93.2929
-93.2927
-93.2925
-93.2923
-93.2921
-93.292
-93.2918
-93.2916
-93.2914
-93.2912
-93.291
-93.2908
-93.2906
-93.2904
-93.2902
-93.29
-93.2898
-93.2896
-93.2894
-93.2892
-93.289
-93.2888
-93.2886
-93.2884
-93.2883
-93.2881
-93.2879
-93.2877
-93.2875
-93.2873
-93.2871
-93.2869
-93.2867
-93.2865
-93.2863
-93.2861
-93.2859
-93.2857
-93.2855
-93.2853
-93.2851
-93.2849
-93.2847
-93.2845
-93.2843
-93.2841
-93.284
-93.2838
-93.2836
-93.2834
-93.2832
-93.283
-93.2828
-93.2826
-93.2824
-93.2822
-93.282
-93.2818
-93.2816
-93.2814
-93.2812
-93.281
-93.2808
-93.2806
-93.2804
-93.2802
-93.28
-93.2798
-93.2796
-93.2794
-93.2792
-93.279
-93.2788
-93.2786
-93.2784
-93.2782
-93.2781
-93.2779
-93.2777
-93.2775
-93.2773
-93.2771
-93.2769
-93.2767
-93.2765
-93.2763
-93.2761
-93.2759
-93.2757
-93.2755
-93.2753
-93.2751
-93.2749
-93.2747
-93.2745
-93.2743
-93.2741
-93.2739
-93.2737
-93.2735
-93.2733
-93.2731
-93.2729
-93.2727
-93.2725
-93.2723
-93.2721
-93.2719
-93.2717
-93.2715
-93.2713
-93.2711
-93.2709
-93.2707
-93.2705
-93.2703
-93.2701
-93.2699
-93.2697
-93.2695
-93.2693
-93.2691
-93.2689
-93.2687
-93.2685
-93.2683
-93.2681
-93.2679
-93.2677
-93.2675
-93.2673
-93.2671
-93.2669
-93.2667
-93.2665
-93.2663
-93.2661
-93.2659
-93.2657
-93.2655
-93.2653
-93.2651
-93.2649
-93.2647
-93.2645
-93.2643
-93.2641
-93.2639
-93.2637
-93.2635
-93.2633
-93.2631
-93.2629
-93.2627
-93.2625
-93.2623
-93.2621
-93.2619
-93.2617
-93.2615
-93.2613
-93.2611
-93.2609
-93.2607
-93.2605
-93.2603
-93.2601
-93.2599
-93.2597
-93.2595
-93.2593
-93.2591
-93.2589
-93.2587
-93.2585
-93.2583
-93.2581
-93.2579
-93.2577
-93.2575
-93.2573
-93.2571
-93.2569
-93.2567
-93.2565
-93.2563
-93.2561
-93.2559
-93.2557
-93.2555
-93.2553
-93.2551
-93.2549
-93.2547
-93.2545
-93.2543
-93.2541
-93.2539
-93.2537
-93.2535
-93.2533
-93.2531
-93.2529
-93.2527
-93.2525
-93.2523
-93.2521
-93.2519
-93.2517
-93.2515
-93.2513
-93.251
-93.2508
-93.2506
-93.2504
-93.2502
-93.25
-93.2498
-93.2496
-93.2494
-93.2492
-93.249
-93.2488
-93.2486
-93.2484
-93.2482
-93.248
-93.2478
-93.2476
-93.2474
-93.2472
-93.247
-93.2468
-93.2466
-93.2464
-93.2462
-93.246
-93.2458
-93.2456
-93.2454
-93.2452
-93.245
-93.2447
-93.2445
-93.2443
-93.2441
-93.2439
-93.2437
-93.2435
-93.2433
-93.2431
-93.2429
-93.2427
-93.2425
-93.2423
-93.2421
-93.2419
-93.2417
-93.2415
-93.2413
-93.2411
-93.2409
-93.2407
-93.2405
-93.2403
-93.2401
-93.2398
-93.2396
-93.2394
-93.2392
-93.239
-93.2388
-93.2386
-93.2384
-93.2382
-93.238
-93.2378
-93.2376
-93.2374
-93.2372
-93.237
-93.2368
-93.2366
-93.2364
-93.2362
-93.236
-93.2357
-93.2355
-93.2353
-93.2351
-93.2349
-93.2347
-93.2345
-93.2343
-93.2341
-93.2339
-93.2337
-93.2335
-93.2333
-93.2331
-93.2329
-93.2327
-93.2325
-93.2323
-93.232
-93.2318
-93.2316
-93.2314
-93.2312
-93.231
-93.2308
-93.2306
-93.2304
-93.2302
-93.23
-93.2298
-93.2296
-93.2294
-93.2292
-93.229
-93.2287
-93.2285
-93.2283
-93.2281
-93.2279
-93.2277
-93.2275
-93.2273
-93.2271
-93.2269
-93.2267
-93.2265
-93.2263
-93.2261
-93.2259
-93.2256
-93.2254
-93.2252
-93.225
-93.2248
-93.2246
-93.2244
-93.2242
-93.224
-93.2238
-93.2236
-93.2234
-93.2232
-93.223
-93.2227
-93.2225
-93.2223
-93.2221
-93.2219
-93.2217
-93.2215
-93.2213
-93.2211
-93.2209
-93.2207
-93.2205
-93.2203
-93.22
-93.2198
-93.2196
-93.2194
-93.2192
-93.219
-93.2188
-93.2186
-93.2184
-93.2182
-93.218
-93.2178
-93.2175
-93.2173
-93.2171
-93.2169
-93.2167
-93.2165
-93.2163
-93.2161
-93.2159
-93.2157
-93.2155
-93.2153
-93.215
-93.2148
-93.2146
-93.2144
-93.2142
-93.214
-93.2138
-93.2136
-93.2134
-93.2132
-93.213
-93.2127
-93.2125
-93.2123
-93.2121
-93.2119
-93.2117
-93.2115
-93.2113
-93.2111
-93.2109
-93.2107
-93.2104
-93.2102
-93.21
-93.2098
-93.2096
-93.2094
-93.2092
-93.209
-93.2088
-93.2086
-93.2083
-93.2081
-93.2079
-93.2077
-93.2075
-93.2073
-93.2071
-93.2069
-93.2067
-93.2065
-93.2062
-93.206
-93.2058
-93.2056
-93.2054
-93.2052
-93.205
-93.2048
-93.2046
-93.2044
-93.2041
-93.2039
-93.2037
-93.2035
-93.2033
-93.2031
-93.2029
-93.2027
-93.2025
-93.2022
-93.202
-93.2018
-93.2016
-93.2014
-93.2012
-93.201
-93.2008
-93.2006
-93.2004
-93.2001
-93.1999
-93.1997
-93.1995
-93.1993
-93.1991
-93.1989
-93.1987
-93.1985
-93.1982
-93.198
-93.1978
-93.1976
-93.1974
-93.1972
-93.197
-93.1968
-93.1965
-93.1963
-93.1961
-93.1959
-93.1957
-93.1955
-93.1953
-93.1951
-93.1949
-93.1946
-93.1944
-93.1942
-93.194
-93.1938
-93.1936
-93.1934
-93.1932
-93.1929
-93.1927
-93.1925
-93.1923
-93.1921
-93.1919
-93.1917
-93.1915
-93.1912
-93.191
-93.1908
-93.1906
-93.1904
-93.1902
-93.19
-93.1898
-93.1895
-93.1893
-93.1891
-93.1889
-93.1887
-93.1885
-93.1883
-93.1881
-93.1878
-93.1876
-93.1874
-93.1872
-93.187
-93.1868
-93.1866
-93.1864
-93.1861
-93.1859
-93.1857
-93.1855
-93.1853
-93.1851
-93.1849
-93.1846
-93.1844
-93.1842
-93.184
-93.1838
-93.1836
-93.1834
-93.1832
-93.1829
-93.1827
-93.1825
-93.1823
-93.1821
-93.1819
-93.1817
-93.1814
-93.1812
-93.181
-93.1808
-93.1806
-93.1804
-93.1802
-93.1799
-93.1797
-93.1795
-93.1793
-93.1791
-93.1789
-93.1787
-93.1784
-93.1782
-93.178
-93.1778
-93.1776
-93.1774
-93.1772
-93.1769
-93.1767
-93.1765
-93.1763
-93.1761
-93.1759
-93.1757
-93.1754
-93.1752
-93.175
-93.1748
-93.1746
-93.1744
-93.1742
-93.1739
-93.1737
-93.1735
-93.1733
-93.1731
-93.1729
-93.1727
-93.1724
-93.1722
-93.172
-93.1718
-93.1716
-93.1714
-93.1711
-93.1709
-93.1707
-93.1705
-93.1703
-93.1701
-93.1699
-93.1696
-93.1694
-93.1692
-93.169
-93.1688
-93.1686
-93.1683
-93.1681
-93.1679
-93.1677
-93.1675
-93.1673
-93.1671
-93.1668
-93.1666
-93.1664
-93.1662
-93.166
-93.1658
-93.1655
-93.1653
-93.1651
-93.1649
-93.1647
-93.1645
-93.1642
-93.164
-93.1638
-93.1636
-93.1634
-93.1632
-93.1629
-93.1627
-93.1625
-93.1623
-93.1621
-93.1619
-93.1616
-93.1614
-93.1612
-93.161
-93.1608
-93.1606
-93.1603
-93.1601
-93.1599
-93.1597
-93.1595
-93.1593
-93.159
-93.1588
-93.1586
-93.1584
-93.1582
-93.158
-93.1577
-93.1575
-93.1573
-93.1571
-93.1569
-93.1567
-93.1564
-93.1562
-93.156
-93.1558
-93.1556
-93.1554
-93.1551
-93.1549
-93.1547
-93.1545
-93.1543
-93.154
-93.1538
-93.1536
-93.1534
-93.1532
-93.153
-93.1527
-93.1525
-93.1523
-93.1521
-93.1519
-93.1517
-93.1514
-93.1512
-93.151
-93.1508
-93.1506
-93.1503
-93.1501
-93.1499
-93.1497
-93.1495
-93.1493
-93.149
-93.1488
-93.1486
-93.1484
-93.1482
-93.1479
-93.1477
-93.1475
-93.1473
-93.1471
-93.1469
-93.1466
-93.1464
-93.1462
-93.146
-93.1458
-93.1455
-93.1453
-93.1451
-93.1449
-93.1447
-93.1444
-93.1442
-93.144
-93.1438
-93.1436
-93.1434
-93.1431
-93.1429
-93.1427
-93.1425
-93.1423
-93.142
-93.1418
-93.1416
-93.1414
-93.1412
-93.1409
-93.1407
-93.1405
-93.1403
-93.1401
-93.1398
-93.1396
-93.1394
-93.1392
-93.139
-93.1387
-93.1385
-93.1383
-93.1381
-93.1379
-93.1377
-93.1374
-93.1372
-93.137
-93.1368
-93.1366
-93.1363
-93.1361
-93.1359
-93.1357
-93.1355
-93.1352
-93.135
-93.1348
-93.1346
-93.1344
-93.1341
-93.1339
-93.1337
-93.1335
-93.1333
-93.133
-93.1328
-93.1326
-93.1324
-93.1322
-93.1319
-93.1317
-93.1315
-93.1313
-93.131
-93.1308
-93.1306
-93.1304
-93.1302
-93.1299
-93.1297
-93.1295
-93.1293
-93.1291
-93.1288
-93.1286
-93.1284
-93.1282
-93.128
-93.1277
-93.1275
-93.1273
-93.1271
-93.1269
-93.1266
-93.1264
-93.1262
-93.126
-93.1257
-93.1255
-93.1253
-93.1251
-93.1249
-93.1246
-93.1244
-93.1242
-93.124
-93.1238
-93.1235
-93.1233
-93.1231
-93.1229
-93.1226
-93.1224
-93.1222
-93.122
-93.1218
-93.1215
-93.1213
-93.1211
-93.1209
-93.1207
-93.1204
-93.1202
-93.12
-93.1198
-93.1195
-93.1193
-93.1191
-93.1189
-93.1187
-93.1184
-93.1182
-93.118
-93.1178
-93.1175
-93.1173
-93.1171
-93.1169
-93.1167
-93.1164
-93.1162
-93.116
-93.1158
-93.1155
-93.1153
-93.1151
-93.1149
-93.1147
-93.1144
-93.1142
-93.114
-93.1138
-93.1135
-93.1133
-93.1131
-93.1129
-93.1127
-93.1124
-93.1122
-93.112
-93.1118
-93.1115
-93.1113
-93.1111
-93.1109
-93.1106
-93.1104
-93.1102
-93.11
-93.1098
-93.1095
-93.1093
-93.1091
-93.1089
-93.1086
-93.1084
-93.1082
-93.108
-93.1077
-93.1075
-93.1073
-93.1071
-93.1069
-93.1066
-93.1064
-93.1062
-93.106
-93.1057
-93.1055
-93.1053
-93.1051
-93.1048
-93.1046
-93.1044
-93.1042
-93.1039
-93.1037
-93.1035
-93.1033
-93.1031
-93.1028
-93.1026
-93.1024
-93.1022
-93.1019
-93.1017
-93.1015
-93.1013
-93.101
-93.1008
-93.1006
-93.1004
-93.1001
-93.0999
-93.0997
-93.0995
-93.0992
-93.099
-93.0988
-93.0986
-93.0983
-93.0981
-93.0979
-93.0977
-93.0975
-93.0972
-93.097
-93.0968
-93.0966
-93.0963
-93.0961
-93.0959
-93.0957
-93.0954
-93.0952
-93.095
-93.0948
-93.0945
-93.0943
-93.0941
-93.0939
-93.0936
-93.0934
-93.0932
-93.093
-93.0927
-93.0925
-93.0923
-93.0921
-93.0918
-93.0916
-93.0914
-93.0912
-93.0909
-93.0907
-93.0905
-93.0903
-93.09
-93.0898
-93.0896
-93.0894
-93.0891
-93.0889
-93.0887
-93.0885
-93.0882
-93.088
-93.0878
-93.0875
-93.0873
-93.0871
-93.0869
-93.0866
-93.0864
-93.0862
-93.086
-93.0857
-93.0855
-93.0853
-93.0851
-93.0848
-93.0846
-93.0844
-93.0842
-93.0839
-93.0837
-93.0835
-93.0833
-93.083
-93.0828
-93.0826
-93.0824
-93.0821
-93.0819
-93.0817
-93.0815
-93.0812
-93.081
-93.0808
-93.0805
-93.0803
-93.0801
-93.0799
-93.0796
-93.0794
-93.0792
-93.079
-93.0787
-93.0785
-93.0783
-93.0781
-93.0778
-93.0776
-93.0774
-93.0771
-93.0769
-93.0767
-93.0765
-93.0762
-93.076
-93.0758
-93.0756
-93.0753
-93.0751
-93.0749
-93.0747
-93.0744
-93.0742
-93.074
-93.0737
-93.0735
-93.0733
-93.0731
-93.0728
-93.0726
-93.0724
-93.0722
-93.0719
-93.0717
-93.0715
-93.0712
-93.071
-93.0708
-93.0706
-93.0703
-93.0701
-93.0699
-93.0697
-93.0694
-93.0692
-93.069
-93.0687
-93.0685
-93.0683
-93.0681
-93.0678
-93.0676
-93.0674
-93.0671
-93.0669
-93.0667
-93.0665
-93.0662
-93.066
-93.0658
-93.0656
-93.0653
-93.0651
-93.0649
-93.0646
-93.0644
-93.0642
-93.064
-93.0637
-93.0635
-93.0633
-93.063
-93.0628
-93.0626
-93.0624
-93.0621
-93.0619
-93.0617
-93.0614
-93.0612
-93.061
-93.0608
-93.0605
-93.0603
-93.0601
-93.0598
-93.0596
-93.0594
-93.0592
-93.0589
-93.0587
-93.0585
-93.0582
-93.058
-93.0578
-93.0576
-93.0573
-93.0571
-93.0569
-93.0566
-93.0564
-93.0562
-93.056
-93.0557
-93.0555
-93.0553
-93.055
-93.0548
-93.0546
-93.0544
-93.0541
-93.0539
-93.0537
-93.0534
-93.0532
-93.053
-93.0528
-93.0525
-93.0523
-93.0521
-93.0518
-93.0516
-93.0514
-93.0511
-93.0509
-93.0507
-93.0505
-93.0502
-93.05
-93.0498
-93.0495
-93.0493
-93.0491
-93.0488
-93.0486
-93.0484
-93.0482
-93.0479
-93.0477
-93.0475
-93.0472
-93.047
-93.0468
-93.0466
-93.0463
-93.0461
-93.0459
-93.0456
-93.0454
-93.0452
-93.0449
-93.0447
-93.0445
-93.0443
-93.044
-93.0438
-93.0436
-93.0433
-93.0431
-93.0429
-93.0426
-93.0424
-93.0422
-93.0419
-93.0417
-93.0415
-93.0413
-93.041
-93.0408
-93.0406
-93.0403
-93.0401
-93.0399
-93.0396
-93.0394
-93.0392
-93.039
-93.0387
-93.0385
-93.0383
-93.038
-93.0378
-93.0376
-93.0373
-93.0371
-93.0369
-93.0366
-93.0364
-93.0362
-93.036
-93.0357
-93.0355
-93.0353
-93.035
-93.0348
-93.0346
-93.0343
-93.0341
-93.0339
-93.0336
-93.0334
-93.0332
-93.0329
-93.0327
-93.0325
-93.0323
-93.032
-93.0318
-93.0316
-93.0313
-93.0311
-93.0309
-93.0306
-93.0304
-93.0302
-93.0299
-93.0297
-93.0295
-93.0292
-93.029
-93.0288
-93.0285
-93.0283
-93.0281
-93.0278
-93.0276
-93.0274
-93.0272
-93.0269
-93.0267
-93.0265
-93.0262
-93.026
-93.0258
-93.0255
-93.0253
-93.0251
-93.0248
-93.0246
-93.0244
-93.0241
-93.0239
-93.0237
-93.0234
-93.0232
-93.023
-93.0227
-93.0225
-93.0223
-93.022
-93.0218
-93.0216
-93.0213
-93.0211
-93.0209
-93.0206
-93.0204
-93.0202
-93.02
-93.0197
-93.0195
-93.0193
-93.019
-93.0188
-93.0186
-93.0183
-93.0181
-93.0179
-93.0176
-93.0174
-93.0172
-93.0169
-93.0167
-93.0165
-93.0162
-93.016
-93.0158
-93.0155
-93.0153
-93.0151
-93.0148
-93.0146
-93.0144
-93.0141
-93.0139
-93.0137
-93.0134
-93.0132
-93.013
-93.0127
-93.0125
-93.0123
-93.012
-93.0118
-93.0116
-93.0113
-93.0111
-93.0109
-93.0106
-93.0104
-93.0102
-93.0099
-93.0097
-93.0095
-93.0092
-93.009
-93.0088
-93.0085
-93.0083
-93.0081
-93.0078
-93.0076
-93.0074
-93.0071
-93.0069
-93.0067
-93.0064
-93.0062
-93.006
-93.0057
-93.0055
-93.0053
-93.005
-93.0048
-93.0045
-93.0043
-93.0041
-93.0038
-93.0036
-93.0034
-93.0031
-93.0029
-93.0027
-93.0024
-93.0022
-93.002
-93.0017
-93.0015
-93.0013
-93.001
-93.0008
-93.0006
-93.0003
-93.0001
-92.9999
-92.9996
-92.9994
-92.9992
-92.9989
-92.9987
-92.9985
-92.9982
-92.998
-92.9978
-92.9975
-92.9973
-92.997
-92.9968
-92.9966
-92.9963
-92.9961
-92.9959
-92.9956
-92.9954
-92.9952
-92.9949
-92.9947
-92.9945
-92.9942
-92.994
-92.9938
-92.9935
-92.9933
-92.9931
-92.9928
-92.9926
-92.9923
-92.9921
-92.9919
-92.9916
-92.9914
-92.9912
-92.9909
-92.9907
-92.9905
-92.9902
-92.99
-92.9898
-92.9895
-92.9893
-92.9891
-92.9888
-92.9886
-92.9883
-92.9881
-92.9879
-92.9876
-92.9874
-92.9872
-92.9869
-92.9867
-92.9865
-92.9862
-92.986
-92.9858
-92.9855
-92.9853
-92.985
-92.9848
-92.9846
-92.9843
-92.9841
-92.9839
-92.9836
-92.9834
-92.9832
-92.9829
-92.9827
-92.9824
-92.9822
-92.982
-92.9817
-92.9815
-92.9813
-92.981
-92.9808
-92.9806
-92.9803
-92.9801
-92.9799
-92.9796
-92.9794
-92.9791
-92.9789
-92.9787
-92.9784
-92.9782
-92.978
-92.9777
-92.9775
-92.9773
-92.977
-92.9768
-92.9765
-92.9763
-92.9761
-92.9758
-92.9756
-92.9754
-92.9751
-92.9749
-92.9746
-92.9744
-92.9742
-92.9739
-92.9737
-92.9735
-92.9732
-92.973
-92.9728
-92.9725
-92.9723
-92.972
-92.9718
-92.9716
-92.9713
-92.9711
-92.9709
-92.9706
-92.9704
-92.9701
-92.9699
-92.9697
-92.9694
-92.9692
-92.969
-92.9687
-92.9685
-92.9682
-92.968
-92.9678
-92.9675
-92.9673
-92.9671
-92.9668
-92.9666
-92.9663
-92.9661
-92.9659
-92.9656
-92.9654
-92.9652
-92.9649
-92.9647
-92.9644
-92.9642
-92.964
-92.9637
-92.9635
-92.9633
-92.963
-92.9628
-92.9625
-92.9623
-92.9621
-92.9618
-92.9616
-92.9614
-92.9611
-92.9609
-92.9606
-92.9604
-92.9602
-92.9599
-92.9597
-92.9595
-92.9592
-92.959
-92.9587
-92.9585
-92.9583
-92.958
-92.9578
-92.9575
-92.9573
-92.9571
-92.9568
-92.9566
-92.9564
-92.9561
-92.9559
-92.9556
-92.9554
-92.9552
-92.9549
-92.9547
-92.9544
-92.9542
-92.954
-92.9537
-92.9535
-92.9533
-92.953
-92.9528
-92.9525
-92.9523
-92.9521
-92.9518
-92.9516
-92.9513
-92.9511
-92.9509
-92.9506
-92.9504
-92.9502
-92.9499
-92.9497
-92.9494
-92.9492
-92.949
-92.9487
-92.9485
-92.9482
-92.948
-92.9478
-92.9475
-92.9473
-92.947
-92.9468
-92.9466
-92.9463
-92.9461
-92.9459
-92.9456
-92.9454
-92.9451
-92.9449
-92.9447
-92.9444
-92.9442
-92.9439
-92.9437
-92.9435
-92.9432
-92.943
-92.9427
-92.9425
-92.9423
-92.942
-92.9418
-92.9415
-92.9413
-92.9411
-92.9408
-92.9406
-92.9403
-92.9401
-92.9399
-92.9396
-92.9394
-92.9391
-92.9389
-92.9387
-92.9384
-92.9382
-92.9379
-92.9377
-92.9375
-92.9372
-92.937
-92.9367
-92.9365
-92.9363
-92.936
-92.9358
-92.9355
-92.9353
-92.9351
-92.9348
-92.9346
-92.9343
-92.9341
-92.9339
-92.9336
-92.9334
-92.9331
-92.9329
-92.9327
-92.9324
-92.9322
-92.9319
-92.9317
-92.9315
-92.9312
-92.931
-92.9307
-92.9305
-92.9303
-92.93
-92.9298
-92.9295
-92.9293
-92.9291
-92.9288
-92.9286
-92.9283
-92.9281
-92.9279
-92.9276
-92.9274
-92.9271
-92.9269
-92.9266
-92.9264
-92.9262
-92.9259
-92.9257
-92.9254
-92.9252
-92.925
-92.9247
-92.9245
-92.9242
-92.924
-92.9238
-92.9235
-92.9233
-92.923
-92.9228
-92.9226
-92.9223
-92.9221
-92.9218
-92.9216
-92.9213
-92.9211
-92.9209
-92.9206
-92.9204
-92.9201
-92.9199
-92.9197
-92.9194
-92.9192
-92.9189
-92.9187
-92.9185
-92.9182
-92.918
-92.9177
-92.9175
-92.9172
-92.917
-92.9168
-92.9165
-92.9163
-92.916
-92.9158
-92.9156
-92.9153
-92.9151
-92.9148
-92.9146
-92.9143
-92.9141
-92.9139
-92.9136
-92.9134
-92.9131
-92.9129
-92.9127
-92.9124
-92.9122
-92.9119
-92.9117
-92.9114
-92.9112
-92.911
-92.9107
-92.9105
-92.9102
-92.91
-92.9097
-92.9095
-92.9093
-92.909
-92.9088
-92.9085
-92.9083
-92.9081
-92.9078
-92.9076
-92.9073
-92.9071
-92.9068
-92.9066
-92.9064
-92.9061
-92.9059
-92.9056
-92.9054
-92.9051
-92.9049
-92.9047
-92.9044
-92.9042
-92.9039
-92.9037
-92.9034
-92.9032
-92.903
-92.9027
-92.9025
-92.9022
-92.902
-92.9017
-92.9015
-92.9013
-92.901
-92.9008
-92.9005
-92.9003
-92.9
-92.8998
-92.8996
-92.8993
-92.8991
-92.8988
-92.8986
-92.8983
-92.8981
-92.8979
-92.8976
-92.8974
-92.8971
-92.8969
-92.8966
-92.8964
-92.8962
-92.8959
-92.8957
-92.8954
-92.8952
-92.8949
-92.8947
-92.8945
-92.8942
-92.894
-92.8937
-92.8935
-92.8932
-92.893
-92.8928
-92.8925
-92.8923
-92.892
-92.8918
-92.8915
-92.8913
-92.891
-92.8908
-92.8906
-92.8903
-92.8901
-92.8898
-92.8896
-92.8893
-92.8891
-92.8889
-92.8886
-92.8884
-92.8881
-92.8879
-92.8876
-92.8874
-92.8871
-92.8869
-92.8867
-92.8864
-92.8862
-92.8859
-92.8857
-92.8854
-92.8852
-92.885
-92.8847
-92.8845
-92.8842
-92.884
-92.8837
-92.8835
-92.8832
-92.883
-92.8828
-92.8825
-92.8823
-92.882
-92.8818
-92.8815
-92.8813
-92.881
-92.8808
-92.8806
-92.8803
-92.8801
-92.8798
-92.8796
-92.8793
-92.8791
-92.8788
-92.8786
-92.8784
-92.8781
-92.8779
-92.8776
-92.8774
-92.8771
-92.8769
-92.8766
-92.8764
-92.8762
-92.8759
-92.8757
-92.8754
-92.8752
-92.8749
-92.8747
-92.8744
-92.8742
-92.8739
-92.8737
-92.8735
-92.8732
-92.873
-92.8727
-92.8725
-92.8722
-92.872
-92.8717
-92.8715
-92.8713
-92.871
-92.8708
-92.8705
-92.8703
-92.87
-92.8698
-92.8695
-92.8693
-92.869
-92.8688
-92.8686
-92.8683
-92.8681
-92.8678
-92.8676
-92.8673
-92.8671
-92.8668
-92.8666
-92.8663
-92.8661
-92.8659
-92.8656
-92.8654
-92.8651
-92.8649
-92.8646
-92.8644
-92.8641
-92.8639
-92.8636
-92.8634
-92.8632
-92.8629
-92.8627
-92.8624
-92.8622
-92.8619
-92.8617
-92.8614
-92.8612
-92.8609
-92.8607
-92.8605
-92.8602
-92.86
-92.8597
-92.8595
-92.8592
-92.859
-92.8587
-92.8585
-92.8582
-92.858
-92.8577
-92.8575
-92.8573
-92.857
-92.8568
-92.8565
-92.8563
-92.856
-92.8558
-92.8555
-92.8553
-92.855
-92.8548
-92.8545
-92.8543
-92.8541
-92.8538
-92.8536
-92.8533
-92.8531
-92.8528
-92.8526
-92.8523
-92.8521
-92.8518
-92.8516
-92.8513
-92.8511
-92.8508
-92.8506
-92.8504
-92.8501
-92.8499
-92.8496
-92.8494
-92.8491
-92.8489
-92.8486
-92.8484
-92.8481
-92.8479
-92.8476
-92.8474
-92.8471
-92.8469
-92.8467
-92.8464
-92.8462
-92.8459
-92.8457
-92.8454
-92.8452
-92.8449
-92.8447
-92.8444
-92.8442
-92.8439
-92.8437
-92.8434
-92.8432
-92.8429
-92.8427
-92.8425
-92.8422
-92.842
-92.8417
-92.8415
-92.8412
-92.841
-92.8407
-92.8405
-92.8402
-92.84
-92.8397
-92.8395
-92.8392
-92.839
-92.8387
-92.8385
-92.8383
-92.838
-92.8378
-92.8375
-92.8373
-92.837
-92.8368
-92.8365
-92.8363
-92.836
-92.8358
-92.8355
-92.8353
-92.835
-92.8348
-92.8345
-92.8343
-92.834
-92.8338
-92.8335
-92.8333
-92.8331
-92.8328
-92.8326
-92.8323
-92.8321
-92.8318
-92.8316
-92.8313
-92.8311
-92.8308
-92.8306
-92.8303
-92.8301
-92.8298
-92.8296
-92.8293
-92.8291
-92.8288
-92.8286
-92.8283
-92.8281
-92.8278
-92.8276
-92.8273
-92.8271
-92.8268
-92.8266
-92.8264
-92.8261
-92.8259
-92.8256
-92.8254
-92.8251
-92.8249
-92.8246
-92.8244
-92.8241
-92.8239
-92.8236
-92.8234
-92.8231
-92.8229
-92.8226
-92.8224
-92.8221
-92.8219
-92.8216
-92.8214
-92.8211
-92.8209
-92.8206
-92.8204
-92.8201
-92.8199
-92.8196
-92.8194
-92.8191
-92.8189
-92.8186
-92.8184
-92.8181
-92.8179
-92.8177
-92.8174
-92.8172
-92.8169
-92.8167
-92.8164
-92.8162
-92.8159
-92.8157
-92.8154
-92.8152
-92.8149
-92.8147
-92.8144
-92.8142
-92.8139
-92.8137
-92.8134
-92.8132
-92.8129
-92.8127
-92.8124
-92.8122
-92.8119
-92.8117
-92.8114
-92.8112
-92.8109
-92.8107
-92.8104
-92.8102
-92.8099
-92.8097
-92.8094
-92.8092
-92.8089
-92.8087
-92.8084
-92.8082
-92.8079
-92.8077
-92.8074
-92.8072
-92.8069
-92.8067
-92.8064
-92.8062
-92.8059
-92.8057
-92.8054
-92.8052
-92.8049
-92.8047
-92.8044
-92.8042
-92.8039
-92.8037
-92.8034
-92.8032
-92.8029
-92.8027
-92.8024
-92.8022
-92.8019
-92.8017
-92.8014
-92.8012
-92.8009
-92.8007
-92.8004
-92.8002
-92.7999
-92.7997
-92.7994
-92.7992
-92.7989
-92.7987
-92.7984
-92.7982
-92.7979
-92.7977
-92.7974
-92.7972
-92.7969
-92.7967
-92.7964
-92.7962
-92.7959
-92.7957
-92.7954
-92.7952
-92.7949
-92.7947
-92.7944
-92.7942
-92.7939
-92.7937
-92.7934
-92.7932
-92.7929
-92.7927
-92.7924
-92.7922
-92.7919
-92.7917
-92.7914
-92.7912
-92.7909
-92.7907
-92.7904
-92.7902
-92.7899
-92.7897
-92.7894
-92.7892
-92.7889
-92.7887
-92.7884
-92.7882
-92.7879
-92.7877
-92.7874
-92.7872
-92.7869
-92.7867
-92.7864
-92.7861
-92.7859
-92.7856
-92.7854
-92.7851
-92.7849
-92.7846
-92.7844
-92.7841
-92.7839
-92.7836
-92.7834
-92.7831
-92.7829
-92.7826
-92.7824
-92.7821
-92.7819
-92.7816
-92.7814
-92.7811
-92.7809
-92.7806
-92.7804
-92.7801
-92.7799
-92.7796
-92.7794
-92.7791
-92.7789
-92.7786
-92.7784
-92.7781
-92.7779
-92.7776
-92.7773
-92.7771
-92.7768
-92.7766
-92.7763
-92.7761
-92.7758
-92.7756
-92.7753
-92.7751
-92.7748
-92.7746
-92.7743
-92.7741
-92.7738
-92.7736
-92.7733
-92.7731
-92.7728
-92.7726
-92.7723
-92.7721
-92.7718
-92.7716
-92.7713
-92.771
-92.7708
-92.7705
-92.7703
-92.77
-92.7698
-92.7695
-92.7693
-92.769
-92.7688
-92.7685
-92.7683
-92.768
-92.7678
-92.7675
-92.7673
-92.767
-92.7668
-92.7665
-92.7663
-92.766
-92.7657
-92.7655
-92.7652
-92.765
-92.7647
-92.7645
-92.7642
-92.764
-92.7637
-92.7635
-92.7632
-92.763
-92.7627
-92.7625
-92.7622
-92.762
-92.7617
-92.7615
-92.7612
-92.7609
-92.7607
-92.7604
-92.7602
-92.7599
-92.7597
-92.7594
-92.7592
-92.7589
-92.7587
-92.7584
-92.7582
-92.7579
-92.7577
-92.7574
-92.7572
-92.7569
-92.7566
-92.7564
-92.7561
-92.7559
-92.7556
-92.7554
-92.7551
-92.7549
-92.7546
-92.7544
-92.7541
-92.7539
-92.7536
-92.7534
-92.7531
-92.7528
-92.7526
-92.7523
-92.7521
-92.7518
-92.7516
-92.7513
-92.7511
-92.7508
-92.7506
-92.7503
-92.7501
-92.7498
-92.7496
-92.7493
-92.749
-92.7488
-92.7485
-92.7483
-92.748
-92.7478
-92.7475
-92.7473
-92.747
-92.7468
-92.7465
-92.7463
-92.746
-92.7457
-92.7455
-92.7452
-92.745
-92.7447
-92.7445
-92.7442
-92.744
-92.7437
-92.7435
-92.7432
-92.743
-92.7427
-92.7424
-92.7422
-92.7419
-92.7417
-92.7414
-92.7412
-92.7409
-92.7407
-92.7404
-92.7402
-92.7399
-92.7396
-92.7394
-92.7391
-92.7389
-92.7386
-92.7384
-92.7381
-92.7379
-92.7376
-92.7374
-92.7371
-92.7368
-92.7366
-92.7363
-92.7361
-92.7358
-92.7356
-92.7353
-92.7351
-92.7348
-92.7346
-92.7343
-92.7341
-92.7338
-92.7335
-92.7333
-92.733
-92.7328
-92.7325
-92.7323
-92.732
-92.7318
-92.7315
-92.7312
-92.731
-92.7307
-92.7305
-92.7302
-92.73
-92.7297
-92.7295
-92.7292
-92.729
-92.7287
-92.7284
-92.7282
-92.7279
-92.7277
-92.7274
-92.7272
-92.7269
-92.7267
-92.7264
-92.7262
-92.7259
-92.7256
-92.7254
-92.7251
-92.7249
-92.7246
-92.7244
-92.7241
-92.7239
-92.7236
-92.7233
-92.7231
-92.7228
-92.7226
-92.7223
-92.7221
-92.7218
-92.7216
-92.7213
-92.721
-92.7208
-92.7205
-92.7203
-92.72
-92.7198
-92.7195
-92.7193
-92.719
-92.7187
-92.7185
-92.7182
-92.718
-92.7177
-92.7175
-92.7172
-92.717
-92.7167
-92.7164
-92.7162
-92.7159
-92.7157
-92.7154
-92.7152
-92.7149
-92.7147
-92.7144
-92.7141
-92.7139
-92.7136
-92.7134
-92.7131
-92.7129
-92.7126
-92.7124
-92.7121
-92.7118
-92.7116
-92.7113
-92.7111
-92.7108
-92.7106
-92.7103
-92.71
-92.7098
-92.7095
-92.7093
-92.709
-92.7088
-92.7085
-92.7083
-92.708
-92.7077
-92.7075
-92.7072
-92.707
-92.7067
-92.7065
-92.7062
-92.7059
-92.7057
-92.7054
-92.7052
-92.7049
-92.7047
-92.7044
-92.7042
-92.7039
-92.7036
-92.7034
-92.7031
-92.7029
-92.7026
-92.7024
-92.7021
-92.7018
-92.7016
-92.7013
-92.7011
-92.7008
-92.7006
-92.7003
-92.7
-92.6998
-92.6995
-92.6993
-92.699
-92.6988
-92.6985
-92.6983
-92.698
-92.6977
-92.6975
-92.6972
-92.697
-92.6967
-92.6965
-92.6962
-92.6959
-92.6957
-92.6954
-92.6952
-92.6949
-92.6947
-92.6944
-92.6941
-92.6939
-92.6936
-92.6934
-92.6931
-92.6929
-92.6926
-92.6923
-92.6921
-92.6918
-92.6916
-92.6913
-92.6911
-92.6908
-92.6905
-92.6903
-92.69
-92.6898
-92.6895
-92.6893
-92.689
-92.6887
-92.6885
-92.6882
-92.688
-92.6877
-92.6874
-92.6872
-92.6869
-92.6867
-92.6864
-92.6862
-92.6859
-92.6856
-92.6854
-92.6851
-92.6849
-92.6846
-92.6844
-92.6841
-92.6838
-92.6836
-92.6833
-92.6831
-92.6828
-92.6826
-92.6823
-92.682
-92.6818
-92.6815
-92.6813
-92.681
-92.6807
-92.6805
-92.6802
-92.68
-92.6797
-92.6795
-92.6792
-92.6789
-92.6787
-92.6784
-92.6782
-92.6779
-92.6777
-92.6774
-92.6771
-92.6769
-92.6766
-92.6764
-92.6761
-92.6758
-92.6756
-92.6753
-92.6751
-92.6748
-92.6746
-92.6743
-92.674
-92.6738
-92.6735
-92.6733
-92.673
-92.6727
-92.6725
-92.6722
-92.672
-92.6717
-92.6715
-92.6712
-92.6709
-92.6707
-92.6704
-92.6702
-92.6699
-92.6696
-92.6694
-92.6691
-92.6689
-92.6686
-92.6684
-92.6681
-92.6678
-92.6676
-92.6673
-92.6671
-92.6668
-92.6665
-92.6663
-92.666
-92.6658
-92.6655
-92.6652
-92.665
-92.6647
-92.6645
-92.6642
-92.664
-92.6637
-92.6634
-92.6632
-92.6629
-92.6627
-92.6624
-92.6621
-92.6619
-92.6616
-92.6614
-92.6611
-92.6608
-92.6606
-92.6603
-92.6601
-92.6598
-92.6595
-92.6593
-92.659
-92.6588
-92.6585
-92.6583
-92.658
-92.6577
-92.6575
-92.6572
-92.657
-92.6567
-92.6564
-92.6562
-92.6559
-92.6557
-92.6554
-92.6551
-92.6549
-92.6546
-92.6544
-92.6541
-92.6538
-92.6536
-92.6533
-92.6531
-92.6528
-92.6525
-92.6523
-92.652
-92.6518
-92.6515
-92.6512
-92.651
-92.6507
-92.6505
-92.6502
-92.6499
-92.6497
-92.6494
-92.6492
-92.6489
-92.6486
-92.6484
-92.6481
-92.6479
-92.6476
-92.6473
-92.6471
-92.6468
-92.6466
-92.6463
-92.646
-92.6458
-92.6455
-92.6453
-92.645
-92.6447
-92.6445
-92.6442
-92.644
-92.6437
-92.6434
-92.6432
-92.6429
-92.6427
-92.6424
-92.6421
-92.6419
-92.6416
-92.6414
-92.6411
-92.6408
-92.6406
-92.6403
-92.6401
-92.6398
-92.6395
-92.6393
-92.639
-92.6388
-92.6385
-92.6382
-92.638
-92.6377
-92.6375
-92.6372
-92.6369
-92.6367
-92.6364
-92.6362
-92.6359
-92.6356
-92.6354
-92.6351
-92.6349
-92.6346
-92.6343
-92.6341
-92.6338
-92.6336
-92.6333
-92.633
-92.6328
-92.6325
-92.6322
-92.632
-92.6317
-92.6315
-92.6312
-92.6309
-92.6307
-92.6304
-92.6302
-92.6299
-92.6296
-92.6294
-92.6291
-92.6289
-92.6286
-92.6283
-92.6281
-92.6278
-92.6276
-92.6273
-92.627
-92.6268
-92.6265
-92.6262
-92.626
-92.6257
-92.6255
-92.6252
-92.6249
-92.6247
-92.6244
-92.6242
-92.6239
-92.6236
-92.6234
-92.6231
-92.6229
-92.6226
-92.6223
-92.6221
-92.6218
-92.6215
-92.6213
-92.621
-92.6208
-92.6205
-92.6202
-92.62
-92.6197
-92.6195
-92.6192
-92.6189
-92.6187
-92.6184
-92.6181
-92.6179
-92.6176
-92.6174
-92.6171
-92.6168
-92.6166
-92.6163
-92.6161
-92.6158
-92.6155
-92.6153
-92.615
-92.6147
-92.6145
-92.6142
-92.614
-92.6137
-92.6134
-92.6132
-92.6129
-92.6127
-92.6124
-92.6121
-92.6119
-92.6116
-92.6113
-92.6111
-92.6108
-92.6106
-92.6103
-92.61
-92.6098
-92.6095
-92.6092
-92.609
-92.6087
-92.6085
-92.6082
-92.6079
-92.6077
-92.6074
-92.6071
-92.6069
-92.6066
-92.6064
-92.6061
-92.6058
-92.6056
-92.6053
-92.6051
-92.6048
-92.6045
-92.6043
-92.604
-92.6037
-92.6035
-92.6032
-92.603
-92.6027
-92.6024
-92.6022
-92.6019
-92.6016
-92.6014
-92.6011
-92.6009
-92.6006
-92.6003
-92.6001
-92.5998
-92.5995
-92.5993
-92.599
-92.5988
-92.5985
-92.5982
-92.598
-92.5977
-92.5974
-92.5972
-92.5969
-92.5966
-92.5964
-92.5961
-92.5959
-92.5956
-92.5953
-92.5951
-92.5948
-92.5945
-92.5943
-92.594
-92.5938
-92.5935
-92.5932
-92.593
-92.5927
-92.5924
-92.5922
-92.5919
-92.5917
-92.5914
-92.5911
-92.5909
-92.5906
-92.5903
-92.5901
-92.5898
-92.5896
-92.5893
-92.589
-92.5888
-92.5885
-92.5882
-92.588
-92.5877
-92.5874
-92.5872
-92.5869
-92.5867
-92.5864
-92.5861
-92.5859
-92.5856
-92.5853
-92.5851
-92.5848
-92.5845
-92.5843
-92.584
-92.5838
-92.5835
-92.5832
-92.583
-92.5827
-92.5824
-92.5822
-92.5819
-92.5816
-92.5814
-92.5811
-92.5809
-92.5806
-92.5803
-92.5801
-92.5798
-92.5795
-92.5793
-92.579
-92.5787
-92.5785
-92.5782
-92.578
-92.5777
-92.5774
-92.5772
-92.5769
-92.5766
-92.5764
-92.5761
-92.5758
-92.5756
-92.5753
-92.5751
-92.5748
-92.5745
-92.5743
-92.574
-92.5737
-92.5735
-92.5732
-92.5729
-92.5727
-92.5724
-92.5722
-92.5719
-92.5716
-92.5714
-92.5711
-92.5708
-92.5706
-92.5703
-92.57
-92.5698
-92.5695
-92.5692
-92.569
-92.5687
-92.5685
-92.5682
-92.5679
-92.5677
-92.5674
-92.5671
-92.5669
-92.5666
-92.5663
-92.5661
-92.5658
-92.5655
-92.5653
-92.565
-92.5647
-92.5645
-92.5642
-92.564
-92.5637
-92.5634
-92.5632
-92.5629
-92.5626
-92.5624
-92.5621
-92.5618
-92.5616
-92.5613
-92.561
-92.5608
-92.5605
-92.5603
-92.56
-92.5597
-92.5595
-92.5592
-92.5589
-92.5587
-92.5584
-92.5581
-92.5579
-92.5576
-92.5573
-92.5571
-92.5568
-92.5565
-92.5563
-92.556
-92.5557
-92.5555
-92.5552
-92.555
-92.5547
-92.5544
-92.5542
-92.5539
-92.5536
-92.5534
-92.5531
-92.5528
-92.5526
-92.5523
-92.552
-92.5518
-92.5515
-92.5512
-92.551
-92.5507
-92.5504
-92.5502
-92.5499
-92.5496
-92.5494
-92.5491
-92.5489
-92.5486
-92.5483
-92.5481
-92.5478
-92.5475
-92.5473
-92.547
-92.5467
-92.5465
-92.5462
-92.5459
-92.5457
-92.5454
-92.5451
-92.5449
-92.5446
-92.5443
-92.5441
-92.5438
-92.5435
-92.5433
-92.543
-92.5427
-92.5425
-92.5422
-92.5419
-92.5417
-92.5414
-92.5411
-92.5409
-92.5406
-92.5403
-92.5401
-92.5398
-92.5395
-92.5393
-92.539
-92.5387
-92.5385
-92.5382
-92.538
-92.5377
-92.5374
-92.5372
-92.5369
-92.5366
-92.5364
-92.5361
-92.5358
-92.5356
-92.5353
-92.535
-92.5348
-92.5345
-92.5342
-92.534
-92.5337
-92.5334
-92.5332
-92.5329
-92.5326
-92.5324
-92.5321
-92.5318
-92.5316
-92.5313
-92.531
-92.5308
-92.5305
-92.5302
-92.53
-92.5297
-92.5294
-92.5292
-92.5289
-92.5286
-92.5284
-92.5281
-92.5278
-92.5276
-92.5273
-92.527
-92.5268
-92.5265
-92.5262
-92.526
-92.5257
-92.5254
-92.5252
-92.5249
-92.5246
-92.5244
-92.5241
-92.5238
-92.5236
-92.5233
-92.523
-92.5228
-92.5225
-92.5222
-92.522
-92.5217
-92.5214
-92.5212
-92.5209
-92.5206
-92.5204
-92.5201
-92.5198
-92.5196
-92.5193
-92.519
-92.5187
-92.5185
-92.5182
-92.5179
-92.5177
-92.5174
-92.5171
-92.5169
-92.5166
-92.5163
-92.5161
-92.5158
-92.5155
-92.5153
-92.515
-92.5147
-92.5145
-92.5142
-92.5139
-92.5137
-92.5134
-92.5131
-92.5129
-92.5126
-92.5123
-92.5121
-92.5118
-92.5115
-92.5113
-92.511
-92.5107
-92.5105
-92.5102
-92.5099
-92.5097
-92.5094
-92.5091
-92.5089
-92.5086
-92.5083
-92.508
-92.5078
-92.5075
-92.5072
-92.507
-92.5067
-92.5064
-92.5062
-92.5059
-92.5056
-92.5054
-92.5051
-92.5048
-92.5046
-92.5043
-92.504
-92.5038
-92.5035
-92.5032
-92.503
-92.5027
-92.5024
-92.5022
-92.5019
-92.5016
-92.5013
-92.5011
-92.5008
-92.5005
-92.5003
-92.5
-92.4997
-92.4995
-92.4992
-92.4989
-92.4987
-92.4984
-92.4981
-92.4979
-92.4976
-92.4973
-92.4971
-92.4968
-92.4965
-92.4963
-92.496
-92.4957
-92.4954
-92.4952
-92.4949
-92.4946
-92.4944
-92.4941
-92.4938
-92.4936
-92.4933
-92.493
-92.4928
-92.4925
-92.4922
-92.492
-92.4917
-92.4914
-92.4911
-92.4909
-92.4906
-92.4903
-92.4901
-92.4898
-92.4895
-92.4893
-92.489
-92.4887
-92.4885
-92.4882
-92.4879
-92.4877
-92.4874
-92.4871
-92.4868
-92.4866
-92.4863
-92.486
-92.4858
-92.4855
-92.4852
-92.485
-92.4847
-92.4844
-92.4842
-92.4839
-92.4836
-92.4833
-92.4831
-92.4828
-92.4825
-92.4823
-92.482
-92.4817
-92.4815
-92.4812
-92.4809
-92.4807
-92.4804
-92.4801
-92.4798
-92.4796
-92.4793
-92.479
-92.4788
-92.4785
-92.4782
-92.478
-92.4777
-92.4774
-92.4772
-92.4769
-92.4766
-92.4763
-92.4761
-92.4758
-92.4755
-92.4753
-92.475
-92.4747
-92.4745
-92.4742
-92.4739
-92.4737
-92.4734
-92.4731
-92.4728
-92.4726
-92.4723
-92.472
-92.4718
-92.4715
-92.4712
-92.471
-92.4707
-92.4704
-92.4701
-92.4699
-92.4696
-92.4693
-92.4691
-92.4688
-92.4685
-92.4683
-92.468
-92.4677
-92.4674
-92.4672
-92.4669
-92.4666
-92.4664
-92.4661
-92.4658
-92.4656
-92.4653
-92.465
-92.4647
-92.4645
-92.4642
-92.4639
-92.4637
-92.4634
-92.4631
-92.4629
-92.4626
-92.4623
-92.462
-92.4618
-92.4615
-92.4612
-92.461
-92.4607
-92.4604
-92.4601
-92.4599
-92.4596
-92.4593
-92.4591
-92.4588
-92.4585
-92.4583
-92.458
-92.4577
-92.4574
-92.4572
-92.4569
-92.4566
-92.4564
-92.4561
-92.4558
-92.4556
-92.4553
-92.455
-92.4547
-92.4545
-92.4542
-92.4539
-92.4537
-92.4534
-92.4531
-92.4528
-92.4526
-92.4523
-92.452
-92.4518
-92.4515
-92.4512
-92.4509
-92.4507
-92.4504
-92.4501
-92.4499
-92.4496
-92.4493
-92.4491
-92.4488
-92.4485
-92.4482
-92.448
-92.4477
-92.4474
-92.4472
-92.4469
-92.4466
-92.4463
-92.4461
-92.4458
-92.4455
-92.4453
-92.445
-92.4447
-92.4444
-92.4442
-92.4439
-92.4436
-92.4434
-92.4431
-92.4428
-92.4425
-92.4423
-92.442
-92.4417
-92.4415
-92.4412
-92.4409
-92.4406
-92.4404
-92.4401
-92.4398
-92.4396
-92.4393
-92.439
-92.4387
-92.4385
-92.4382
-92.4379
-92.4377
-92.4374
-92.4371
-92.4368
-92.4366
-92.4363
-92.436
-92.4358
-92.4355
-92.4352
-92.4349
-92.4347
-92.4344
-92.4341
-92.4339
-92.4336
-92.4333
-92.433
-92.4328
-92.4325
-92.4322
-92.4319
-92.4317
-92.4314
-92.4311
-92.4309
-92.4306
-92.4303
-92.43
-92.4298
-92.4295
-92.4292
-92.429
-92.4287
-92.4284
-92.4281
-92.4279
-92.4276
-92.4273
-92.4271
-92.4268
-92.4265
-92.4262
-92.426
-92.4257
-92.4254
-92.4251
-92.4249
-92.4246
-92.4243
-92.4241
-92.4238
-92.4235
-92.4232
-92.423
-92.4227
-92.4224
-92.4222
-92.4219
-92.4216
-92.4213
-92.4211
-92.4208
-92.4205
-92.4202
-92.42
-92.4197
-92.4194
-92.4192
-92.4189
-92.4186
-92.4183
-92.4181
-92.4178
-92.4175
-92.4172
-92.417
-92.4167
-92.4164
-92.4162
-92.4159
-92.4156
-92.4153
-92.4151
-92.4148
-92.4145
-92.4142
-92.414
-92.4137
-92.4134
-92.4132
-92.4129
-92.4126
-92.4123
-92.4121
-92.4118
-92.4115
-92.4112
-92.411
-92.4107
-92.4104
-92.4102
-92.4099
-92.4096
-92.4093
-92.4091
-92.4088
-92.4085
-92.4082
-92.408
-92.4077
-92.4074
-92.4072
-92.4069
-92.4066
-92.4063
-92.4061
-92.4058
-92.4055
-92.4052
-92.405
-92.4047
-92.4044
-92.4041
-92.4039
-92.4036
-92.4033
-92.4031
-92.4028
-92.4025
-92.4022
-92.402
-92.4017
-92.4014
-92.4011
-92.4009
-92.4006
-92.4003
-92.4
-92.3998
-92.3995
-92.3992
-92.399
-92.3987
-92.3984
-92.3981
-92.3979
-92.3976
-92.3973
-92.397
-92.3968
-92.3965
-92.3962
-92.3959
-92.3957
-92.3954
-92.3951
-92.3948
-92.3946
-92.3943
-92.394
-92.3938
-92.3935
-92.3932
-92.3929
-92.3927
-92.3924
-92.3921
-92.3918
-92.3916
-92.3913
-92.391
-92.3907
-92.3905
-92.3902
-92.3899
-92.3896
-92.3894
-92.3891
-92.3888
-92.3886
-92.3883
-92.388
-92.3877
-92.3875
-92.3872
-92.3869
-92.3866
-92.3864
-92.3861
-92.3858
-92.3855
-92.3853
-92.385
-92.3847
-92.3844
-92.3842
-92.3839
-92.3836
-92.3833
-92.3831
-92.3828
-92.3825
-92.3822
-92.382
-92.3817
-92.3814
-92.3811
-92.3809
-92.3806
-92.3803
-92.38
-92.3798
-92.3795
-92.3792
-92.379
-92.3787
-92.3784
-92.3781
-92.3779
-92.3776
-92.3773
-92.377
-92.3768
-92.3765
-92.3762
-92.3759
-92.3757
-92.3754
-92.3751
-92.3748
-92.3746
-92.3743
-92.374
-92.3737
-92.3735
-92.3732
-92.3729
-92.3726
-92.3724
-92.3721
-92.3718
-92.3715
-92.3713
-92.371
-92.3707
-92.3704
-92.3702
-92.3699
-92.3696
-92.3693
-92.3691
-92.3688
-92.3685
-92.3682
-92.368
-92.3677
-92.3674
-92.3671
-92.3669
-92.3666
-92.3663
-92.366
-92.3658
-92.3655
-92.3652
-92.3649
-92.3647
-92.3644
-92.3641
-92.3638
-92.3636
-92.3633
-92.363
-92.3627
-92.3625
-92.3622
-92.3619
-92.3616
-92.3614
-92.3611
-92.3608
-92.3605
-92.3603
-92.36
-92.3597
-92.3594
-92.3592
-92.3589
-92.3586
-92.3583
-92.3581
-92.3578
-92.3575
-92.3572
-92.357
-92.3567
-92.3564
-92.3561
-92.3558
-92.3556
-92.3553
-92.355
-92.3547
-92.3545
-92.3542
-92.3539
-92.3536
-92.3534
-92.3531
-92.3528
-92.3525
-92.3523
-92.352
-92.3517
-92.3514
-92.3512
-92.3509
-92.3506
-92.3503
-92.3501
-92.3498
-92.3495
-92.3492
-92.349
-92.3487
-92.3484
-92.3481
-92.3478
-92.3476
-92.3473
-92.347
-92.3467
-92.3465
-92.3462
-92.3459
-92.3456
-92.3454
-92.3451
-92.3448
-92.3445
-92.3443
-92.344
-92.3437
-92.3434
-92.3432
-92.3429
-92.3426
-92.3423
-92.3421
-92.3418
-92.3415
-92.3412
-92.3409
-92.3407
-92.3404
-92.3401
-92.3398
-92.3396
-92.3393
-92.339
-92.3387
-92.3385
-92.3382
-92.3379
-92.3376
-92.3374
-92.3371
-92.3368
-92.3365
-92.3362
-92.336
-92.3357
-92.3354
-92.3351
-92.3349
-92.3346
-92.3343
-92.334
-92.3338
-92.3335
-92.3332
-92.3329
-92.3326
-92.3324
-92.3321
-92.3318
-92.3315
-92.3313
-92.331
-92.3307
-92.3304
-92.3302
-92.3299
-92.3296
-92.3293
-92.329
-92.3288
-92.3285
-92.3282
-92.3279
-92.3277
-92.3274
-92.3271
-92.3268
-92.3266
-92.3263
-92.326
-92.3257
-92.3254
-92.3252
-92.3249
-92.3246
-92.3243
-92.3241
-92.3238
-92.3235
-92.3232
-92.323
-92.3227
-92.3224
-92.3221
-92.3218
-92.3216
-92.3213
-92.321
-92.3207
-92.3205
-92.3202
-92.3199
-92.3196
-92.3193
-92.3191
-92.3188
-92.3185
-92.3182
-92.318
-92.3177
-92.3174
-92.3171
-92.3169
-92.3166
-92.3163
-92.316
-92.3157
-92.3155
-92.3152
-92.3149
-92.3146
-92.3144
-92.3141
-92.3138
-92.3135
-92.3132
-92.313
-92.3127
-92.3124
-92.3121
-92.3119
-92.3116
-92.3113
-92.311
-92.3107
-92.3105
-92.3102
-92.3099
-92.3096
-92.3094
-92.3091
-92.3088
-92.3085
-92.3082
-92.308
-92.3077
-92.3074
-92.3071
-92.3068
-92.3066
-92.3063
-92.306
-92.3057
-92.3055
-92.3052
-92.3049
-92.3046
-92.3043
-92.3041
-92.3038
-92.3035
-92.3032
-92.303
-92.3027
-92.3024
-92.3021
-92.3018
-92.3016
-92.3013
-92.301
-92.3007
-92.3004
-92.3002
-92.2999
-92.2996
-92.2993
-92.2991
-92.2988
-92.2985
-92.2982
-92.2979
-92.2977
-92.2974
-92.2971
-92.2968
-92.2965
-92.2963
-92.296
-92.2957
-92.2954
-92.2952
-92.2949
-92.2946
-92.2943
-92.294
-92.2938
-92.2935
-92.2932
-92.2929
-92.2926
-92.2924
-92.2921
-92.2918
-92.2915
-92.2912
-92.291
-92.2907
-92.2904
-92.2901
-92.2899
-92.2896
-92.2893
-92.289
-92.2887
-92.2885
-92.2882
-92.2879
-92.2876
-92.2873
-92.2871
-92.2868
-92.2865
-92.2862
-92.2859
-92.2857
-92.2854
-92.2851
-92.2848
-92.2845
-92.2843
-92.284
-92.2837
-92.2834
-92.2831
-92.2829
-92.2826
-92.2823
-92.282
-92.2818
-92.2815
-92.2812
-92.2809
-92.2806
-92.2804
-92.2801
-92.2798
-92.2795
-92.2792
-92.279
-92.2787
-92.2784
-92.2781
-92.2778
-92.2776
-92.2773
-92.277
-92.2767
-92.2764
-92.2762
-92.2759
-92.2756
-92.2753
-92.275
-92.2748
-92.2745
-92.2742
-92.2739
-92.2736
-92.2734
-92.2731
-92.2728
-92.2725
-92.2722
-92.272
-92.2717
-92.2714
-92.2711
-92.2708
-92.2706
-92.2703
-92.27
-92.2697
-92.2694
-92.2692
-92.2689
-92.2686
-92.2683
-92.268
-92.2678
-92.2675
-92.2672
-92.2669
-92.2666
-92.2664
-92.2661
-92.2658
-92.2655
-92.2652
-92.265
-92.2647
-92.2644
-92.2641
-92.2638
-92.2636
-92.2633
-92.263
-92.2627
-92.2624
-92.2622
-92.2619
-92.2616
-92.2613
-92.261
-92.2607
-92.2605
-92.2602
-92.2599
-92.2596
-92.2593
-92.2591
-92.2588
-92.2585
-92.2582
-92.2579
-92.2577
-92.2574
-92.2571
-92.2568
-92.2565
-92.2563
-92.256
-92.2557
-92.2554
-92.2551
-92.2549
-92.2546
-92.2543
-92.254
-92.2537
-92.2534
-92.2532
-92.2529
-92.2526
-92.2523
-92.252
-92.2518
-92.2515
-92.2512
-92.2509
-92.2506
-92.2504
-92.2501
-92.2498
-92.2495
-92.2492
-92.249
-92.2487
-92.2484
-92.2481
-92.2478
-92.2475
-92.2473
-92.247
-92.2467
-92.2464
-92.2461
-92.2459
-92.2456
-92.2453
-92.245
-92.2447
-92.2445
-92.2442
-92.2439
-92.2436
-92.2433
-92.243
-92.2428
-92.2425
-92.2422
-92.2419
-92.2416
-92.2414
-92.2411
-92.2408
-92.2405
-92.2402
-92.2399
-92.2397
-92.2394
-92.2391
-92.2388
-92.2385
-92.2383
-92.238
-92.2377
-92.2374
-92.2371
-92.2368
-92.2366
-92.2363
-92.236
-92.2357
-92.2354
-92.2352
-92.2349
-92.2346
-92.2343
-92.234
-92.2337
-92.2335
-92.2332
-92.2329
-92.2326
-92.2323
-92.2321
-92.2318
-92.2315
-92.2312
-92.2309
-92.2306
-92.2304
-92.2301
-92.2298
-92.2295
-92.2292
-92.2289
-92.2287
-92.2284
-92.2281
-92.2278
-92.2275
-92.2273
-92.227
-92.2267
-92.2264
-92.2261
-92.2258
-92.2256
-92.2253
-92.225
-92.2247
-92.2244
-92.2241
-92.2239
-92.2236
-92.2233
-92.223
-92.2227
-92.2225
-92.2222
-92.2219
-92.2216
-92.2213
-92.221
-92.2208
-92.2205
-92.2202
-92.2199
-92.2196
-92.2193
-92.2191
-92.2188
-92.2185
-92.2182
-92.2179
-92.2176
-92.2174
-92.2171
-92.2168
-92.2165
-92.2162
-92.216
-92.2157
-92.2154
-92.2151
-92.2148
-92.2145
-92.2143
-92.214
-92.2137
-92.2134
-92.2131
-92.2128
-92.2126
-92.2123
-92.212
-92.2117
-92.2114
-92.2111
-92.2109
-92.2106
-92.2103
-92.21
-92.2097
-92.2094
-92.2092
-92.2089
-92.2086
-92.2083
-92.208
-92.2077
-92.2075
-92.2072
-92.2069
-92.2066
-92.2063
-92.206
-92.2058
-92.2055
-92.2052
-92.2049
-92.2046
-92.2043
-92.2041
-92.2038
-92.2035
-92.2032
-92.2029
-92.2026
-92.2024
-92.2021
-92.2018
-92.2015
-92.2012
-92.2009
-92.2007
-92.2004
-92.2001
-92.1998
-92.1995
-92.1992
-92.199
-92.1987
-92.1984
-92.1981
-92.1978
-92.1975
-92.1973
-92.197
-92.1967
-92.1964
-92.1961
-92.1958
-92.1956
-92.1953
-92.195
-92.1947
-92.1944
-92.1941
-92.1938
-92.1936
-92.1933
-92.193
-92.1927
-92.1924
-92.1921
-92.1919
-92.1916
-92.1913
-92.191
-92.1907
-92.1904
-92.1902
-92.1899
-92.1896
-92.1893
-92.189
-92.1887
-92.1885
-92.1882
-92.1879
-92.1876
-92.1873
-92.187
-92.1867
-92.1865
-92.1862
-92.1859
-92.1856
-92.1853
-92.185
-92.1848
-92.1845
-92.1842
-92.1839
-92.1836
-92.1833
-92.1831
-92.1828
-92.1825
-92.1822
-92.1819
-92.1816
-92.1813
-92.1811
-92.1808
-92.1805
-92.1802
-92.1799
-92.1796
-92.1794
-92.1791
-92.1788
-92.1785
-92.1782
-92.1779
-92.1776
-92.1774
-92.1771
-92.1768
-92.1765
-92.1762
-92.1759
-92.1757
-92.1754
-92.1751
-92.1748
-92.1745
-92.1742
-92.1739
-92.1737
-92.1734
-92.1731
-92.1728
-92.1725
-92.1722
-92.172
-92.1717
-92.1714
-92.1711
-92.1708
-92.1705
-92.1702
-92.17
-92.1697
-92.1694
-92.1691
-92.1688
-92.1685
-92.1682
-92.168
-92.1677
-92.1674
-92.1671
-92.1668
-92.1665
-92.1663
-92.166
-92.1657
-92.1654
-92.1651
-92.1648
-92.1645
-92.1643
-92.164
-92.1637
-92.1634
-92.1631
-92.1628
-92.1625
-92.1623
-92.162
-92.1617
-92.1614
-92.1611
-92.1608
-92.1605
-92.1603
-92.16
-92.1597
-92.1594
-92.1591
-92.1588
-92.1585
-92.1583
-92.158
-92.1577
-92.1574
-92.1571
-92.1568
-92.1565
-92.1563
-92.156
-92.1557
-92.1554
-92.1551
-92.1548
-92.1545
-92.1543
-92.154
-92.1537
-92.1534
-92.1531
-92.1528
-92.1525
-92.1523
-92.152
-92.1517
-92.1514
-92.1511
-92.1508
-92.1505
-92.1503
-92.15
-92.1497
-92.1494
-92.1491
-92.1488
-92.1485
-92.1483
-92.148
-92.1477
-92.1474
-92.1471
-92.1468
-92.1465
-92.1463
-92.146
-92.1457
-92.1454
-92.1451
-92.1448
-92.1445
-92.1443
-92.144
-92.1437
-92.1434
-92.1431
-92.1428
-92.1425
-92.1423
-92.142
-92.1417
-92.1414
-92.1411
-92.1408
-92.1405
-92.1402
-92.14
-92.1397
-92.1394
-92.1391
-92.1388
-92.1385
-92.1382
-92.138
-92.1377
-92.1374
-92.1371
-92.1368
-92.1365
-92.1362
-92.136
-92.1357
-92.1354
-92.1351
-92.1348
-92.1345
-92.1342
-92.1339
-92.1337
-92.1334
-92.1331
-92.1328
-92.1325
-92.1322
-92.1319
-92.1317
-92.1314
-92.1311
-92.1308
-92.1305
-92.1302
-92.1299
-92.1296
-92.1294
-92.1291
-92.1288
-92.1285
-92.1282
-92.1279
-92.1276
-92.1273
-92.1271
-92.1268
-92.1265
-92.1262
-92.1259
-92.1256
-92.1253
-92.1251
-92.1248
-92.1245
-92.1242
-92.1239
-92.1236
-92.1233
-92.123
-92.1228
-92.1225
-92.1222
-92.1219
-92.1216
-92.1213
-92.121
-92.1207
-92.1205
-92.1202
-92.1199
-92.1196
-92.1193
-92.119
-92.1187
-92.1184
-92.1182
-92.1179
-92.1176
-92.1173
-92.117
-92.1167
-92.1164
-92.1161
-92.1159
-92.1156
-92.1153
-92.115
-92.1147
-92.1144
-92.1141
-92.1138
-92.1136
-92.1133
-92.113
-92.1127
-92.1124
-92.1121
-92.1118
-92.1115
-92.1113
-92.111
-92.1107
-92.1104
-92.1101
-92.1098
-92.1095
-92.1092
-92.109
-92.1087
-92.1084
-92.1081
-92.1078
-92.1075
-92.1072
-92.1069
-92.1067
-92.1064
-92.1061
-92.1058
-92.1055
-92.1052
-92.1049
-92.1046
-92.1044
-92.1041
-92.1038
-92.1035
-92.1032
-92.1029
-92.1026
-92.1023
-92.102
-92.1018
-92.1015
-92.1012
-92.1009
-92.1006
-92.1003
-92.1
-92.0997
-92.0995
-92.0992
-92.0989
-92.0986
-92.0983
-92.098
-92.0977
-92.0974
-92.0971
-92.0969
-92.0966
-92.0963
-92.096
-92.0957
-92.0954
-92.0951
-92.0948
-92.0946
-92.0943
-92.094
-92.0937
-92.0934
-92.0931
-92.0928
-92.0925
-92.0922
-92.092
-92.0917
-92.0914
-92.0911
-92.0908
-92.0905
-92.0902
-92.0899
-92.0896
-92.0894
-92.0891
-92.0888
-92.0885
-92.0882
-92.0879
-92.0876
-92.0873
-92.087
-92.0868
-92.0865
-92.0862
-92.0859
-92.0856
-92.0853
-92.085
-92.0847
-92.0844
-92.0842
-92.0839
-92.0836
-92.0833
-92.083
-92.0827
-92.0824
-92.0821
-92.0818
-92.0816
-92.0813
-92.081
-92.0807
-92.0804
-92.0801
-92.0798
-92.0795
-92.0792
-92.079
-92.0787
-92.0784
-92.0781
-92.0778
-92.0775
-92.0772
-92.0769
-92.0766
-92.0764
-92.0761
-92.0758
-92.0755
-92.0752
-92.0749
-92.0746
-92.0743
-92.074
-92.0737
-92.0735
-92.0732
-92.0729
-92.0726
-92.0723
-92.072
-92.0717
-92.0714
-92.0711
-92.0709
-92.0706
-92.0703
-92.07
-92.0697
-92.0694
-92.0691
-92.0688
-92.0685
-92.0682
-92.068
-92.0677
-92.0674
-92.0671
-92.0668
-92.0665
-92.0662
-92.0659
-92.0656
-92.0653
-92.0651
-92.0648
-92.0645
-92.0642
-92.0639
-92.0636
-92.0633
-92.063
-92.0627
-92.0624
-92.0622
-92.0619
-92.0616
-92.0613
-92.061
-92.0607
-92.0604
-92.0601
-92.0598
-92.0595
-92.0593
-92.059
-92.0587
-92.0584
-92.0581
-92.0578
-92.0575
-92.0572
-92.0569
-92.0566
-92.0563
-92.0561
-92.0558
-92.0555
-92.0552
-92.0549
-92.0546
-92.0543
-92.054
-92.0537
-92.0534
-92.0532
-92.0529
-92.0526
-92.0523
-92.052
-92.0517
-92.0514
-92.0511
-92.0508
-92.0505
-92.0502
-92.05
-92.0497
-92.0494
-92.0491
-92.0488
-92.0485
-92.0482
-92.0479
-92.0476
-92.0473
-92.047
-92.0468
-92.0465
-92.0462
-92.0459
-92.0456
-92.0453
-92.045
-92.0447
-92.0444
-92.0441
-92.0438
-92.0436
-92.0433
-92.043
-92.0427
-92.0424
-92.0421
-92.0418
-92.0415
-92.0412
-92.0409
-92.0406
-92.0403
-92.0401
-92.0398
-92.0395
-92.0392
-92.0389
-92.0386
-92.0383
-92.038
-92.0377
-92.0374
-92.0371
-92.0369
-92.0366
-92.0363
-92.036
-92.0357
-92.0354
-92.0351
-92.0348
-92.0345
-92.0342
-92.0339
-92.0336
-92.0334
-92.0331
-92.0328
-92.0325
-92.0322
-92.0319
-92.0316
-92.0313
-92.031
-92.0307
-92.0304
-92.0301
-92.0298
-92.0296
-92.0293
-92.029
-92.0287
-92.0284
-92.0281
-92.0278
-92.0275
-92.0272
-92.0269
-92.0266
-92.0263
-92.0261
-92.0258
-92.0255
-92.0252
-92.0249
-92.0246
-92.0243
-92.024
-92.0237
-92.0234
-92.0231
-92.0228
-92.0225
-92.0223
-92.022
-92.0217
-92.0214
-92.0211
-92.0208
-92.0205
-92.0202
-92.0199
-92.0196
-92.0193
-92.019
-92.0187
-92.0185
-92.0182
-92.0179
-92.0176
-92.0173
-92.017
-92.0167
-92.0164
-92.0161
-92.0158
-92.0155
-92.0152
-92.0149
-92.0146
-92.0144
-92.0141
-92.0138
-92.0135
-92.0132
-92.0129
-92.0126
-92.0123
-92.012
-92.0117
-92.0114
-92.0111
-92.0108
-92.0105
-92.0103
-92.01
-92.0097
-92.0094
-92.0091
-92.0088
-92.0085
-92.0082
-92.0079
-92.0076
-92.0073
-92.007
-92.0067
-92.0064
-92.0062
-92.0059
-92.0056
-92.0053
-92.005
-92.0047
-92.0044
-92.0041
-92.0038
-92.0035
-92.0032
-92.0029
-92.0026
-92.0023
-92.002
-92.0018
-92.0015
-92.0012
-92.0009
-92.0006
-92.0003
-92
-91.9997
-91.9994
-91.9991
-91.9988
-91.9985
-91.9982
-91.9979
-91.9976
-91.9974
-91.9971
-91.9968
-91.9965
-91.9962
-91.9959
-91.9956
-91.9953
-91.995
-91.9947
-91.9944
-91.9941
-91.9938
-91.9935
-91.9932
-91.9929
-91.9927
-91.9924
-91.9921
-91.9918
-91.9915
-91.9912
-91.9909
-91.9906
-91.9903
-91.99
-91.9897
-91.9894
-91.9891
-91.9888
-91.9885
-91.9882
-91.9879
-91.9877
-91.9874
-91.9871
-91.9868
-91.9865
-91.9862
-91.9859
-91.9856
-91.9853
-91.985
-91.9847
-91.9844
-91.9841
-91.9838
-91.9835
-91.9832
-91.9829
-91.9827
-91.9824
-91.9821
-91.9818
-91.9815
-91.9812
-91.9809
-91.9806
-91.9803
-91.98
-91.9797
-91.9794
-91.9791
-91.9788
-91.9785
-91.9782
-91.9779
-91.9776
-91.9774
-91.9771
-91.9768
-91.9765
-91.9762
-91.9759
-91.9756
-91.9753
-91.975
-91.9747
-91.9744
-91.9741
-91.9738
-91.9735
-91.9732
-91.9729
-91.9726
-91.9723
-91.9721
-91.9718
-91.9715
-91.9712
-91.9709
-91.9706
-91.9703
-91.97
-91.9697
-91.9694
-91.9691
-91.9688
-91.9685
-91.9682
-91.9679
-91.9676
-91.9673
-91.967
-91.9667
-91.9665
-91.9662
-91.9659
-91.9656
-91.9653
-91.965
-91.9647
-91.9644
-91.9641
-91.9638
-91.9635
-91.9632
-91.9629
-91.9626
-91.9623
-91.962
-91.9617
-91.9614
-91.9611
-91.9608
-91.9605
-91.9603
-91.96
-91.9597
-91.9594
-91.9591
-91.9588
-91.9585
-91.9582
-91.9579
-91.9576
-91.9573
-91.957
-91.9567
-91.9564
-91.9561
-91.9558
-91.9555
-91.9552
-91.9549
-91.9546
-91.9543
-91.954
-91.9538
-91.9535
-91.9532
-91.9529
-91.9526
-91.9523
-91.952
-91.9517
-91.9514
-91.9511
-91.9508
-91.9505
-91.9502
-91.9499
-91.9496
-91.9493
-91.949
-91.9487
-91.9484
-91.9481
-91.9478
-91.9475
-91.9472
-91.947
-91.9467
-91.9464
-91.9461
-91.9458
-91.9455
-91.9452
-91.9449
-91.9446
-91.9443
-91.944
-91.9437
-91.9434
-91.9431
-91.9428
-91.9425
-91.9422
-91.9419
-91.9416
-91.9413
-91.941
-91.9407
-91.9404
-91.9401
-91.9398
-91.9396
-91.9393
-91.939
-91.9387
-91.9384
-91.9381
-91.9378
-91.9375
-91.9372
-91.9369
-91.9366
-91.9363
-91.936
-91.9357
-91.9354
-91.9351
-91.9348
-91.9345
-91.9342
-91.9339
-91.9336
-91.9333
-91.933
-91.9327
-91.9324
-91.9321
-91.9318
-91.9315
-91.9313
-91.931
-91.9307
-91.9304
-91.9301
-91.9298
-91.9295
-91.9292
-91.9289
-91.9286
-91.9283
-91.928
-91.9277
-91.9274
-91.9271
-91.9268
-91.9265
-91.9262
-91.9259
-91.9256
-91.9253
-91.925
-91.9247
-91.9244
-91.9241
-91.9238
-91.9235
-91.9232
-91.9229
-91.9226
-91.9223
-91.9221
-91.9218
-91.9215
-91.9212
-91.9209
-91.9206
-91.9203
-91.92
-91.9197
-91.9194
-91.9191
-91.9188
-91.9185
-91.9182
-91.9179
-91.9176
-91.9173
-91.917
-91.9167
-91.9164
-91.9161
-91.9158
-91.9155
-91.9152
-91.9149
-91.9146
-91.9143
-91.914
-91.9137
-91.9134
-91.9131
-91.9128
-91.9125
-91.9122
-91.9119
-91.9117
-91.9114
-91.9111
-91.9108
-91.9105
-91.9102
-91.9099
-91.9096
-91.9093
-91.909
-91.9087
-91.9084
-91.9081
-91.9078
-91.9075
-91.9072
-91.9069
-91.9066
-91.9063
-91.906
-91.9057
-91.9054
-91.9051
-91.9048
-91.9045
-91.9042
-91.9039
-91.9036
-91.9033
-91.903
-91.9027
-91.9024
-91.9021
-91.9018
-91.9015
-91.9012
-91.9009
-91.9006
-91.9003
-91.9
-91.8997
-91.8994
-91.8991
-91.8988
-91.8985
-91.8983
-91.898
-91.8977
-91.8974
-91.8971
-91.8968
-91.8965
-91.8962
-91.8959
-91.8956
-91.8953
-91.895
-91.8947
-91.8944
-91.8941
-91.8938
-91.8935
-91.8932
-91.8929
-91.8926
-91.8923
-91.892
-91.8917
-91.8914
-91.8911
-91.8908
-91.8905
-91.8902
-91.8899
-91.8896
-91.8893
-91.889
-91.8887
-91.8884
-91.8881
-91.8878
-91.8875
-91.8872
-91.8869
-91.8866
-91.8863
-91.886
-91.8857
-91.8854
-91.8851
-91.8848
-91.8845
-91.8842
-91.8839
-91.8836
-91.8833
-91.883
-91.8827
-91.8824
-91.8821
-91.8818
-91.8815
-91.8812
-91.8809
-91.8806
-91.8803
-91.88
-91.8797
-91.8794
-91.8791
-91.8788
-91.8786
-91.8783
-91.878
-91.8777
-91.8774
-91.8771
-91.8768
-91.8765
-91.8762
-91.8759
-91.8756
-91.8753
-91.875
-91.8747
-91.8744
-91.8741
-91.8738
-91.8735
-91.8732
-91.8729
-91.8726
-91.8723
-91.872
-91.8717
-91.8714
-91.8711
-91.8708
-91.8705
-91.8702
-91.8699
-91.8696
-91.8693
-91.869
-91.8687
-91.8684
-91.8681
-91.8678
-91.8675
-91.8672
-91.8669
-91.8666
-91.8663
-91.866
-91.8657
-91.8654
-91.8651
-91.8648
-91.8645
-91.8642
-91.8639
-91.8636
-91.8633
-91.863
-91.8627
-91.8624
-91.8621
-91.8618
-91.8615
-91.8612
-91.8609
-91.8606
-91.8603
-91.86
-91.8597
-91.8594
-91.8591
-91.8588
-91.8585
-91.8582
-91.8579
-91.8576
-91.8573
-91.857
-91.8567
-91.8564
-91.8561
-91.8558
-91.8555
-91.8552
-91.8549
-91.8546
-91.8543
-91.854
-91.8537
-91.8534
-91.8531
-91.8528
-91.8525
-91.8522
-91.8519
-91.8516
-91.8513
-91.851
-91.8507
-91.8504
-91.8501
-91.8498
-91.8495
-91.8492
-91.8489
-91.8486
-91.8483
-91.848
-91.8477
-91.8474
-91.8471
-91.8468
-91.8465
-91.8462
-91.8459
-91.8456
-91.8453
-91.845
-91.8447
-91.8444
-91.8441
-91.8438
-91.8435
-91.8432
-91.8429
-91.8426
-91.8423
-91.842
-91.8417
-91.8414
-91.8411
-91.8408
-91.8405
-91.8402
-91.8399
-91.8396
-91.8393
-91.839
-91.8387
-91.8384
-91.8381
-91.8378
-91.8375
-91.8372
-91.8369
-91.8366
-91.8363
-91.836
-91.8357
-91.8354
-91.8351
-91.8348
-91.8345
-91.8342
-91.8339
-91.8336
-91.8332
-91.8329
-91.8326
-91.8323
-91.832
-91.8317
-91.8314
-91.8311
-91.8308
-91.8305
-91.8302
-91.8299
-91.8296
-91.8293
-91.829
-91.8287
-91.8284
-91.8281
-91.8278
-91.8275
-91.8272
-91.8269
-91.8266
-91.8263
-91.826
-91.8257
-91.8254
-91.8251
-91.8248
-91.8245
-91.8242
-91.8239
-91.8236
-91.8233
-91.823
-91.8227
-91.8224
-91.8221
-91.8218
-91.8215
-91.8212
-91.8209
-91.8206
-91.8203
-91.82
-91.8197
-91.8194
-91.8191
-91.8188
-91.8185
-91.8182
-91.8179
-91.8176
-91.8173
-91.817
-91.8167
-91.8164
-91.8161
-91.8158
-91.8155
-91.8152
-91.8149
-91.8146
-91.8142
-91.8139
-91.8136
-91.8133
-91.813
-91.8127
-91.8124
-91.8121
-91.8118
-91.8115
-91.8112
-91.8109
-91.8106
-91.8103
-91.81
-91.8097
-91.8094
-91.8091
-91.8088
-91.8085
-91.8082
-91.8079
-91.8076
-91.8073
-91.807
-91.8067
-91.8064
-91.8061
-91.8058
-91.8055
-91.8052
-91.8049
-91.8046
-91.8043
-91.804
-91.8037
-91.8034
-91.8031
-91.8028
-91.8024
-91.8021
-91.8018
-91.8015
-91.8012
-91.8009
-91.8006
-91.8003
-91.8
-91.7997
-91.7994
-91.7991
-91.7988
-91.7985
-91.7982
-91.7979
-91.7976
-91.7973
-91.797
-91.7967
-91.7964
-91.7961
-91.7958
-91.7955
-91.7952
-91.7949
-91.7946
-91.7943
-91.794
-91.7937
-91.7934
-91.793
-91.7927
-91.7924
-91.7921
-91.7918
-91.7915
-91.7912
-91.7909
-91.7906
-91.7903
-91.79
-91.7897
-91.7894
-91.7891
-91.7888
-91.7885
-91.7882
-91.7879
-91.7876
-91.7873
-91.787
-91.7867
-91.7864
-91.7861
-91.7858
-91.7855
-91.7851
-91.7848
-91.7845
-91.7842
-91.7839
-91.7836
-91.7833
-91.783
-91.7827
-91.7824
-91.7821
-91.7818
-91.7815
-91.7812
-91.7809
-91.7806
-91.7803
-91.78
-91.7797
-91.7794
-91.7791
-91.7788
-91.7785
-91.7782
-91.7778
-91.7775
-91.7772
-91.7769
-91.7766
-91.7763
-91.776
-91.7757
-91.7754
-91.7751
-91.7748
-91.7745
-91.7742
-91.7739
-91.7736
-91.7733
-91.773
-91.7727
-91.7724
-91.7721
-91.7718
-91.7715
-91.7711
-91.7708
-91.7705
-91.7702
-91.7699
-91.7696
-91.7693
-91.769
-91.7687
-91.7684
-91.7681
-91.7678
-91.7675
-91.7672
-91.7669
-91.7666
-91.7663
-91.766
-91.7657
-91.7654
-91.7651
-91.7647
-91.7644
-91.7641
-91.7638
-91.7635
-91.7632
-91.7629
-91.7626
-91.7623
-91.762
-91.7617
-91.7614
-91.7611
-91.7608
-91.7605
-91.7602
-91.7599
-91.7596
-91.7593
-91.759
-91.7586
-91.7583
-91.758
-91.7577
-91.7574
-91.7571
-91.7568
-91.7565
-91.7562
-91.7559
-91.7556
-91.7553
-91.755
-91.7547
-91.7544
-91.7541
-91.7538
-91.7535
-91.7531
-91.7528
-91.7525
-91.7522
-91.7519
-91.7516
-91.7513
-91.751
-91.7507
-91.7504
-91.7501
-91.7498
-91.7495
-91.7492
-91.7489
-91.7486
-91.7483
-91.748
-91.7476
-91.7473
-91.747
-91.7467
-91.7464
-91.7461
-91.7458
-91.7455
-91.7452
-91.7449
-91.7446
-91.7443
-91.744
-91.7437
-91.7434
-91.7431
-91.7428
-91.7424
-91.7421
-91.7418
-91.7415
-91.7412
-91.7409
-91.7406
-91.7403
-91.74
-91.7397
-91.7394
-91.7391
-91.7388
-91.7385
-91.7382
-91.7379
-91.7375
-91.7372
-91.7369
-91.7366
-91.7363
-91.736
-91.7357
-91.7354
-91.7351
-91.7348
-91.7345
-91.7342
-91.7339
-91.7336
-91.7333
-91.733
-91.7326
-91.7323
-91.732
-91.7317
-91.7314
-91.7311
-91.7308
-91.7305
-91.7302
-91.7299
-91.7296
-91.7293
-91.729
-91.7287
-91.7284
-91.7281
-91.7277
-91.7274
-91.7271
-91.7268
-91.7265
-91.7262
-91.7259
-91.7256
-91.7253
-91.725
-91.7247
-91.7244
-91.7241
-91.7238
-91.7234
-91.7231
-91.7228
-91.7225
-91.7222
-91.7219
-91.7216
-91.7213
-91.721
-91.7207
-91.7204
-91.7201
-91.7198
-91.7195
-91.7192
-91.7188
-91.7185
-91.7182
-91.7179
-91.7176
-91.7173
-91.717
-91.7167
-91.7164
-91.7161
-91.7158
-91.7155
-91.7152
-91.7149
-91.7145
-91.7142
-91.7139
-91.7136
-91.7133
-91.713
-91.7127
-91.7124
-91.7121
-91.7118
-91.7115
-91.7112
-91.7109
-91.7105
-91.7102
-91.7099
-91.7096
-91.7093
-91.709
-91.7087
-91.7084
-91.7081
-91.7078
-91.7075
-91.7072
-91.7069
-91.7066
-91.7062
-91.7059
-91.7056
-91.7053
-91.705
-91.7047
-91.7044
-91.7041
-91.7038
-91.7035
-91.7032
-91.7029
-91.7026
-91.7022
-91.7019
-91.7016
-91.7013
-91.701
-91.7007
-91.7004
-91.7001
-91.6998
-91.6995
-91.6992
-91.6989
-91.6985
-91.6982
-91.6979
-91.6976
-91.6973
-91.697
-91.6967
-91.6964
-91.6961
-91.6958
-91.6955
-91.6952
-91.6949
-91.6945
-91.6942
-91.6939
-91.6936
-91.6933
-91.693
-91.6927
-91.6924
-91.6921
-91.6918
-91.6915
-91.6912
-91.6908
-91.6905
-91.6902
-91.6899
-91.6896
-91.6893
-91.689
-91.6887
-91.6884
-91.6881
-91.6878
-91.6875
-91.6871
-91.6868
-91.6865
-91.6862
-91.6859
-91.6856
-91.6853
-91.685
-91.6847
-91.6844
-91.6841
-91.6837
-91.6834
-91.6831
-91.6828
-91.6825
-91.6822
-91.6819
-91.6816
-91.6813
-91.681
-91.6807
-91.6804
-91.68
-91.6797
-91.6794
-91.6791
-91.6788
-91.6785
-91.6782
-91.6779
-91.6776
-91.6773
-91.677
-91.6766
-91.6763
-91.676
-91.6757
-91.6754
-91.6751
-91.6748
-91.6745
-91.6742
-91.6739
-91.6736
-91.6732
-91.6729
-91.6726
-91.6723
-91.672
-91.6717
-91.6714
-91.6711
-91.6708
-91.6705
-91.6702
-91.6698
-91.6695
-91.6692
-91.6689
-91.6686
-91.6683
-91.668
-91.6677
-91.6674
-91.6671
-91.6668
-91.6664
-91.6661
-91.6658
-91.6655
-91.6652
-91.6649
-91.6646
-91.6643
-91.664
-91.6637
-91.6633
-91.663
-91.6627
-91.6624
-91.6621
-91.6618
-91.6615
-91.6612
-91.6609
-91.6606
-91.6603
-91.6599
-91.6596
-91.6593
-91.659
-91.6587
-91.6584
-91.6581
-91.6578
-91.6575
-91.6572
-91.6568
-91.6565
-91.6562
-91.6559
-91.6556
-91.6553
-91.655
-91.6547
-91.6544
-91.6541
-91.6537
-91.6534
-91.6531
-91.6528
-91.6525
-91.6522
-91.6519
-91.6516
-91.6513
-91.651
-91.6506
-91.6503
-91.65
-91.6497
-91.6494
-91.6491
-91.6488
-91.6485
-91.6482
-91.6478
-91.6475
-91.6472
-91.6469
-91.6466
-91.6463
-91.646
-91.6457
-91.6454
-91.6451
-91.6447
-91.6444
-91.6441
-91.6438
-91.6435
-91.6432
-91.6429
-91.6426
-91.6423
-91.642
-91.6416
-91.6413
-91.641
-91.6407
-91.6404
-91.6401
-91.6398
-91.6395
-91.6392
-91.6388
-91.6385
-91.6382
-91.6379
-91.6376
-91.6373
-91.637
-91.6367
-91.6364
-91.636
-91.6357
-91.6354
-91.6351
-91.6348
-91.6345
-91.6342
-91.6339
-91.6336
-91.6333
-91.6329
-91.6326
-91.6323
-91.632
-91.6317
-91.6314
-91.6311
-91.6308
-91.6305
-91.6301
-91.6298
-91.6295
-91.6292
-91.6289
-91.6286
-91.6283
-91.628
-91.6276
-91.6273
-91.627
-91.6267
-91.6264
-91.6261
-91.6258
-91.6255
-91.6252
-91.6248
-91.6245
-91.6242
-91.6239
-91.6236
-91.6233
-91.623
-91.6227
-91.6224
-91.622
-91.6217
-91.6214
-91.6211
-91.6208
-91.6205
-91.6202
-91.6199
-91.6196
-91.6192
-91.6189
-91.6186
-91.6183
-91.618
-91.6177
-91.6174
-91.6171
-91.6167
-91.6164
-91.6161
-91.6158
-91.6155
-91.6152
-91.6149
-91.6146
-91.6143
-91.6139
-91.6136
-91.6133
-91.613
-91.6127
-91.6124
-91.6121
-91.6118
-91.6114
-91.6111
-91.6108
-91.6105
-91.6102
-91.6099
-91.6096
-91.6093
-91.6089
-91.6086
-91.6083
-91.608
-91.6077
-91.6074
-91.6071
-91.6068
-91.6064
-91.6061
-91.6058
-91.6055
-91.6052
-91.6049
-91.6046
-91.6043
-91.604
-91.6036
-91.6033
-91.603
-91.6027
-91.6024
-91.6021
-91.6018
-91.6015
-91.6011
-91.6008
-91.6005
-91.6002
-91.5999
-91.5996
-91.5993
-91.599
-91.5986
-91.5983
-91.598
-91.5977
-91.5974
-91.5971
-91.5968
-91.5964
-91.5961
-91.5958
-91.5955
-91.5952
-91.5949
-91.5946
-91.5943
-91.5939
-91.5936
-91.5933
-91.593
-91.5927
-91.5924
-91.5921
-91.5918
-91.5914
-91.5911
-91.5908
-91.5905
-91.5902
-91.5899
-91.5896
-91.5893
-91.5889
-91.5886
-91.5883
-91.588
-91.5877
-91.5874
-91.5871
-91.5867
-91.5864
-91.5861
-91.5858
-91.5855
-91.5852
-91.5849
-91.5846
-91.5842
-91.5839
-91.5836
-91.5833
-91.583
-91.5827
-91.5824
-91.582
-91.5817
-91.5814
-91.5811
-91.5808
-91.5805
-91.5802
-91.5799
-91.5795
-91.5792
-91.5789
-91.5786
-91.5783
-91.578
-91.5777
-91.5773
-91.577
-91.5767
-91.5764
-91.5761
-91.5758
-91.5755
-91.5751
-91.5748
-91.5745
-91.5742
-91.5739
-91.5736
-91.5733
-91.5729
-91.5726
-91.5723
-91.572
-91.5717
-91.5714
-91.5711
-91.5707
-91.5704
-91.5701
-91.5698
-91.5695
-91.5692
-91.5689
-91.5685
-91.5682
-91.5679
-91.5676
-91.5673
-91.567
-91.5667
-91.5663
-91.566
-91.5657
-91.5654
-91.5651
-91.5648
-91.5645
-91.5641
-91.5638
-91.5635
-91.5632
-91.5629
-91.5626
-91.5622
-91.5619
-91.5616
-91.5613
-91.561
-91.5607
-91.5604
-91.56
-91.5597
-91.5594
-91.5591
-91.5588
-91.5585
-91.5581
-91.5578
-91.5575
-91.5572
-91.5569
-91.5566
-91.5563
-91.5559
-91.5556
-91.5553
-91.555
-91.5547
-91.5544
-91.554
-91.5537
-91.5534
-91.5531
-91.5528
-91.5525
-91.5522
-91.5518
-91.5515
-91.5512
-91.5509
-91.5506
-91.5503
-91.5499
-91.5496
-91.5493
-91.549
-91.5487
-91.5484
-91.548
-91.5477
-91.5474
-91.5471
-91.5468
-91.5465
-91.5461
-91.5458
-91.5455
-91.5452
-91.5449
-91.5446
-91.5443
-91.5439
-91.5436
-91.5433
-91.543
-91.5427
-91.5424
-91.542
-91.5417
-91.5414
-91.5411
-91.5408
-91.5405
-91.5401
-91.5398
-91.5395
-91.5392
-91.5389
-91.5386
-91.5382
-91.5379
-91.5376
-91.5373
-91.537
-91.5367
-91.5363
-91.536
-91.5357
-91.5354
-91.5351
-91.5348
-91.5344
-91.5341
-91.5338
-91.5335
-91.5332
-91.5329
-91.5325
-91.5322
-91.5319
-91.5316
-91.5313
-91.531
-91.5306
-91.5303
-91.53
-91.5297
-91.5294
-91.5291
-91.5287
-91.5284
-91.5281
-91.5278
-91.5275
-91.5272
-91.5268
-91.5265
-91.5262
-91.5259
-91.5256
-91.5253
-91.5249
-91.5246
-91.5243
-91.524
-91.5237
-91.5234
-91.523
-91.5227
-91.5224
-91.5221
-91.5218
-91.5215
-91.5211
-91.5208
-91.5205
-91.5202
-91.5199
-91.5196
-91.5192
-91.5189
-91.5186
-91.5183
-91.518
-91.5176
-91.5173
-91.517
-91.5167
-91.5164
-91.5161
-91.5157
-91.5154
-91.5151
-91.5148
-91.5145
-91.5142
-91.5138
-91.5135
-91.5132
-91.5129
-91.5126
-91.5123
-91.5119
-91.5116
-91.5113

