-70
-67.8377
-64.99
-59.9642
-45.5883
25.1275
47.7713
23.4475
-12.7222
-26.6784
-40.2169
-69.8913
-94.08
-94.9342
-94.9659
-94.9478
-94.9066
-94.8401
-94.7475
-94.6339
-94.5082
-94.3794
-94.2542
-94.1365
-94.0279
-93.9287
-93.8383
-93.7562
-93.6814
-93.6131
-93.5507
-93.4934
-93.4406
-93.392
-93.3469
-93.305
-93.266
-93.2295
-93.1953
-93.1631
-93.1327
-93.1039
-93.0765
-93.0504
-93.0255
-93.0016
-92.9786
-92.9564
-92.9349
-92.914
-92.8937
-92.8739
-92.8545
-92.8356
-92.8169
-92.7986
-92.7805
-92.7626
-92.7449
-92.7274
-92.71
-92.6927
-92.6755
-92.6583
-92.6412
-92.6242
-92.6071
-92.5901
-92.573
-92.5559
-92.5388
-92.5217
-92.5045
-92.4872
-92.4699
-92.4525
-92.435
-92.4175
-92.3998
-92.3821
-92.3642
-92.3463
-92.3282
-92.3101
-92.2918
-92.2734
-92.2549
-92.2363
-92.2175
-92.1986
-92.1796
-92.1605
-92.1412
-92.1218
-92.1022
-92.0826
-92.0627
-92.0428
-92.0227
-92.0024
-91.982
-91.9615
-91.9408
-91.92
-91.899
-91.8779
-91.8566
-91.8352
-91.8136
-91.7919
-91.77
-91.748
-91.7258
-91.7035
-91.681
-91.6583
-91.6355
-91.6125
-91.5894
-91.5661
-91.5426
-91.519
-91.4952
-91.4713
-91.4472
-91.4229
-91.3985
-91.3739
-91.3491
-91.3242
-91.2991
-91.2738
-91.2484
-91.2228
-91.197
-91.171
-91.1449
-91.1186
-91.0922
-91.0655
-91.0387
-91.0117
-90.9846
-90.9572
-90.9297
-90.902
-90.8742
-90.8461
-90.8179
-90.7895
-90.7609
-90.7321
-90.7031
-90.674
-90.6447
-90.6152
-90.5855
-90.5556
-90.5255
-90.4953
-90.4648
-90.4342
-90.4033
-90.3723
-90.3411
-90.3097
-90.2781
-90.2463
-90.2143
-90.1821
-90.1497
-90.1171
-90.0843
-90.0513
-90.0181
-89.9847
-89.9511
-89.9172
-89.8832
-89.849
-89.8146
-89.7799
-89.745
-89.71
-89.6747
-89.6392
-89.6035
-89.5675
-89.5314
-89.495
-89.4584
-89.4216
-89.3845
-89.3472
-89.3097
-89.272
-89.234
-89.1959
-89.1574
-89.1188
-89.0799
-89.0407
-89.0014
-88.9618
-88.9219
-88.8818
-88.8415
-88.8009
-88.76
-88.7189
-88.6776
-88.636
-88.5941
-88.552
-88.5096
-88.467
-88.424
-88.3809
-88.3374
-88.2937
-88.2497
-88.2054
-88.1609
-88.116
-88.0709
-88.0255
-87.9798
-87.9338
-87.8875
-87.8409
-87.7941
-87.7469
-87.6994
-87.6516
-87.6034
-87.555
-87.5063
-87.4572
-87.4078
-87.358
-87.308
-87.2576
-87.2068
-87.1557
-87.1043
-87.0525
-87.0003
-86.9478
-86.8949
-86.8417
-86.788
-86.734
-86.6796
-86.6248
-86.5696
-86.514
-86.458
-86.4016
-86.3448
-86.2875
-86.2298
-86.1717
-86.1131
-86.0541
-85.9946
-85.9347
-85.8742
-85.8133
-85.7519
-85.69
-85.6276
-85.5647
-85.5012
-85.4372
-85.3727
-85.3076
-85.242
-85.1758
-85.1089
-85.0415
-84.9735
-84.9048
-84.8356
-84.7656
-84.695
-84.6237
-84.5517
-84.4791
-84.4056
-84.3315
-84.2565
-84.1808
-84.1043
-84.027
-83.9488
-83.8698
-83.7898
-83.709
-83.6272
-83.5445
-83.4607
-83.376
-83.2902
-83.2033
-83.1153
-83.0261
-82.9358
-82.8442
-82.7513
-82.6572
-82.5616
-82.4647
-82.3663
-82.2664
-82.1649
-82.0618
-81.9569
-81.8503
-81.7419
-81.6315
-81.5191
-81.4046
-81.2879
-81.1689
-81.0475
-80.9236
-80.797
-80.6675
-80.5351
-80.3996
-80.2607
-80.1184
-79.9723
-79.8222
-79.6679
-79.5091
-79.3455
-79.1767
-79.0023
-78.8218
-78.6349
-78.4408
-78.2391
-78.0289
-77.8094
-77.5797
-77.3386
-77.0848
-76.8169
-76.5328
-76.2305
-75.9072
-75.5595
-75.1832
-74.7729
-74.3215
-73.8196
-73.254
-72.6061
-71.8478
-70.9348
-69.791
-68.2714
-66.0543
-62.2266
-52.7925
-5.66177
49.7096
44.3604
10.6328
-12.2352
-25.6316
-39.2249
-67.6324
-94.0148
-94.9472
-94.968
-94.9456
-94.8997
-94.8257
-94.7237
-94.6014
-94.4704
-94.3411
-94.2198
-94.1095
-94.011
-93.9237
-93.8464
-93.7781
-93.7176
-93.6639
-93.616
-93.5733
-93.535
-93.5006
-93.4696
-93.4415
-93.4159
-93.3926
-93.3713
-93.3516
-93.3335
-93.3166
-93.3008
-93.286
-93.2721
-93.2589
-93.2463
-93.2342
-93.2226
-93.2113
-93.2004
-93.1898
-93.1794
-93.1692
-93.1591
-93.1491
-93.1392
-93.1293
-93.1195
-93.1097
-93.0999
-93.0901
-93.0802
-93.0703
-93.0603
-93.0502
-93.04
-93.0298
-93.0195
-93.009
-92.9985
-92.9878
-92.977
-92.9661
-92.9551
-92.9439
-92.9326
-92.9212
-92.9096
-92.8979
-92.8861
-92.8741
-92.862
-92.8498
-92.8374
-92.8248
-92.8121
-92.7993
-92.7863
-92.7732
-92.7599
-92.7465
-92.7329
-92.7192
-92.7054
-92.6914
-92.6772
-92.6629
-92.6485
-92.6339
-92.6192
-92.6043
-92.5892
-92.5741
-92.5587
-92.5433
-92.5276
-92.5119
-92.496
-92.4799
-92.4637
-92.4473
-92.4308
-92.4142
-92.3974
-92.3805
-92.3634
-92.3461
-92.3288
-92.3112
-92.2936
-92.2758
-92.2578
-92.2397
-92.2214
-92.203
-92.1845
-92.1658
-92.1469
-92.1279
-92.1088
-92.0895
-92.07
-92.0505
-92.0307
-92.0108
-91.9908
-91.9706
-91.9503
-91.9298
-91.9092
-91.8884
-91.8675
-91.8465
-91.8252
-91.8039
-91.7823
-91.7607
-91.7388
-91.7169
-91.6947
-91.6725
-91.65
-91.6275
-91.6047
-91.5818
-91.5588
-91.5356
-91.5123
-91.4887
-91.4651
-91.4413
-91.4173
-91.3932
-91.3689
-91.3445
-91.3199
-91.2951
-91.2702
-91.2451
-91.2199
-91.1945
-91.169
-91.1433
-91.1174
-91.0914
-91.0652
-91.0388
-91.0123
-90.9856
-90.9588
-90.9318
-90.9046
-90.8773
-90.8498
-90.8221
-90.7943
-90.7663
-90.7381
-90.7097
-90.6812
-90.6525
-90.6237
-90.5947
-90.5655
-90.5361
-90.5066
-90.4768
-90.4469
-90.4169
-90.3866
-90.3562
-90.3256
-90.2948
-90.2639
-90.2327
-90.2014
-90.1699
-90.1382
-90.1064
-90.0743
-90.0421
-90.0097
-89.9771
-89.9443
-89.9113
-89.8781
-89.8448
-89.8112
-89.7775
-89.7435
-89.7094
-89.675
-89.6405
-89.6058
-89.5709
-89.5358
-89.5004
-89.4649
-89.4292
-89.3933
-89.3571
-89.3208
-89.2842
-89.2475
-89.2105
-89.1733
-89.1359
-89.0983
-89.0605
-89.0225
-88.9842
-88.9457
-88.907
-88.8681
-88.829
-88.7896
-88.75
-88.7102
-88.6701
-88.6298
-88.5893
-88.5485
-88.5075
-88.4663
-88.4248
-88.3831
-88.3411
-88.2989
-88.2564
-88.2137
-88.1708
-88.1275
-88.084
-88.0403
-87.9963
-87.952
-87.9075
-87.8627
-87.8176
-87.7723
-87.7266
-87.6807
-87.6345
-87.588
-87.5413
-87.4942
-87.4469
-87.3992
-87.3513
-87.303
-87.2544
-87.2055
-87.1564
-87.1068
-87.057
-87.0068
-86.9564
-86.9055
-86.8544
-86.8029
-86.751
-86.6988
-86.6463
-86.5933
-86.5401
-86.4864
-86.4324
-86.378
-86.3232
-86.268
-86.2124
-86.1564
-86.1
-86.0432
-85.9859
-85.9283
-85.8701
-85.8116
-85.7526
-85.6931
-85.6332
-85.5728
-85.5119
-85.4505
-85.3886
-85.3262
-85.2633
-85.1999
-85.1359
-85.0714
-85.0063
-84.9406
-84.8744
-84.8075
-84.7401
-84.672
-84.6033
-84.5339
-84.4638
-84.3931
-84.3217
-84.2496
-84.1767
-84.1031
-84.0287
-83.9535
-83.8776
-83.8007
-83.7231
-83.6445
-83.5651
-83.4847
-83.4034
-83.3211
-83.2378
-83.1534
-83.068
-82.9814
-82.8938
-82.8049
-82.7148
-82.6234
-82.5308
-82.4367
-82.3413
-82.2444
-82.146
-82.046
-81.9444
-81.8411
-81.736
-81.629
-81.5202
-81.4093
-81.2963
-81.181
-81.0635
-80.9435
-80.821
-80.6958
-80.5677
-80.4367
-80.3025
-80.1649
-80.0239
-79.879
-79.7301
-79.5769
-79.4192
-79.2565
-79.0886
-78.915
-78.7352
-78.5489
-78.3552
-78.1538
-77.9437
-77.7241
-77.494
-77.2523
-76.9976
-76.7283
-76.4424
-76.1376
-75.8111
-75.4593
-75.0777
-74.6607
-74.2006
-73.6872
-73.1063
-72.4377
-71.65
-70.6935
-69.4802
-67.8379
-65.3645
-60.8203
-47.8664
19.1835
49.0783
32.5515
-7.68722
-20.9808
-35.0347
-57.2367
-91.5058
-94.8524
-94.9647
-94.9541
-94.9172
-94.8534
-94.7596
-94.6393
-94.5023
-94.3602
-94.2219
-94.0929
-93.9758
-93.871
-93.7781
-93.6959
-93.6233
-93.5593
-93.5028
-93.4529
-93.4086
-93.3694
-93.3346
-93.3036
-93.276
-93.2513
-93.2291
-93.2092
-93.1912
-93.1749
-93.1601
-93.1466
-93.1342
-93.1228
-93.1122
-93.1023
-93.093
-93.0842
-93.0759
-93.0679
-93.0603
-93.0529
-93.0456
-93.0386
-93.0316
-93.0247
-93.0179
-93.0111
-93.0042
-92.9974
-92.9905
-92.9836
-92.9765
-92.9694
-92.9622
-92.9549
-92.9475
-92.9399
-92.9322
-92.9244
-92.9164
-92.9083
-92.9
-92.8916
-92.883
-92.8743
-92.8653
-92.8563
-92.847
-92.8376
-92.8281
-92.8183
-92.8084
-92.7983
-92.7881
-92.7777
-92.7671
-92.7563
-92.7454
-92.7343
-92.723
-92.7116
-92.7
-92.6882
-92.6763
-92.6642
-92.6519
-92.6395
-92.6269
-92.6141
-92.6012
-92.5881
-92.5749
-92.5615
-92.5479
-92.5342
-92.5203
-92.5063
-92.4921
-92.4777
-92.4632
-92.4485
-92.4337
-92.4187
-92.4035
-92.3882
-92.3728
-92.3572
-92.3414
-92.3255
-92.3094
-92.2932
-92.2769
-92.2604
-92.2437
-92.2269
-92.2099
-92.1928
-92.1755
-92.1581
-92.1406
-92.1229
-92.105
-92.087
-92.0688
-92.0505
-92.0321
-92.0135
-91.9948
-91.9759
-91.9569
-91.9377
-91.9184
-91.8989
-91.8793
-91.8595
-91.8396
-91.8196
-91.7994
-91.7791
-91.7586
-91.7379
-91.7172
-91.6962
-91.6752
-91.654
-91.6326
-91.6111
-91.5895
-91.5677
-91.5458
-91.5237
-91.5015
-91.4791
-91.4566
-91.4339
-91.4111
-91.3882
-91.3651
-91.3418
-91.3184
-91.2949
-91.2712
-91.2474
-91.2234
-91.1993
-91.175
-91.1506
-91.126
-91.1013
-91.0764
-91.0514
-91.0263
-91.001
-90.9755
-90.9499
-90.9241
-90.8982
-90.8722
-90.846
-90.8196
-90.7931
-90.7664
-90.7396
-90.7126
-90.6855
-90.6582
-90.6308
-90.6032
-90.5755
-90.5476
-90.5196
-90.4914
-90.463
-90.4345
-90.4058
-90.377
-90.348
-90.3189
-90.2896
-90.2601
-90.2305
-90.2007
-90.1707
-90.1406
-90.1104
-90.0799
-90.0493
-90.0186
-89.9877
-89.9566
-89.9253
-89.8939
-89.8623
-89.8306
-89.7987
-89.7666
-89.7343
-89.7019
-89.6693
-89.6365
-89.6036
-89.5704
-89.5372
-89.5037
-89.47
-89.4362
-89.4022
-89.3681
-89.3337
-89.2992
-89.2645
-89.2296
-89.1945
-89.1592
-89.1238
-89.0882
-89.0523
-89.0163
-88.9801
-88.9437
-88.9072
-88.8704
-88.8334
-88.7963
-88.7589
-88.7214
-88.6836
-88.6457
-88.6076
-88.5692
-88.5307
-88.4919
-88.4529
-88.4138
-88.3744
-88.3348
-88.295
-88.255
-88.2147
-88.1743
-88.1336
-88.0928
-88.0516
-88.0103
-87.9687
-87.927
-87.8849
-87.8427
-87.8002
-87.7575
-87.7145
-87.6713
-87.6279
-87.5842
-87.5403
-87.4961
-87.4517
-87.407
-87.3621
-87.3168
-87.2714
-87.2257
-87.1797
-87.1334
-87.0868
-87.04
-86.9929
-86.9456
-86.8979
-86.8499
-86.8017
-86.7531
-86.7043
-86.6551
-86.6057
-86.5559
-86.5058
-86.4554
-86.4047
-86.3536
-86.3022
-86.2505
-86.1984
-86.146
-86.0932
-86.0401
-85.9866
-85.9327
-85.8784
-85.8238
-85.7688
-85.7134
-85.6576
-85.6014
-85.5447
-85.4877
-85.4302
-85.3723
-85.3139
-85.2551
-85.1959
-85.1361
-85.0759
-85.0152
-84.954
-84.8923
-84.8301
-84.7674
-84.7041
-84.6402
-84.5758
-84.5109
-84.4453
-84.3792
-84.3124
-84.245
-84.177
-84.1083
-84.0389
-83.9688
-83.8981
-83.8266
-83.7543
-83.6813
-83.6075
-83.5329
-83.4575
-83.3812
-83.3041
-83.226
-83.147
-83.0671
-82.9862
-82.9042
-82.8212
-82.7371
-82.6519
-82.5655
-82.478
-82.3892
-82.2991
-82.2076
-82.1148
-82.0205
-81.9248
-81.8275
-81.7286
-81.628
-81.5256
-81.4214
-81.3153
-81.2072
-81.097
-80.9847
-80.87
-80.7529
-80.6332
-80.5109
-80.3858
-80.2577
-80.1264
-79.9918
-79.8536
-79.7117
-79.5658
-79.4156
-79.2608
-79.1011
-78.9361
-78.7654
-78.5886
-78.4051
-78.2143
-78.0157
-77.8083
-77.5914
-77.3639
-77.1247
-76.8723
-76.6052
-76.3213
-76.0183
-75.6932
-75.3424
-74.9614
-74.5441
-74.0828
-73.567
-72.9819
-72.306
-71.5067
-70.5307
-69.2838
-67.5773
-64.9587
-59.9625
-44.3957
30.1124
47.2074
22.8157
-11.25
-24.6202
-38.2975
-65.1704
-93.6511
-94.9226
-94.9657
-94.9474
-94.904
-94.8315
-94.7273
-94.5958
-94.4477
-94.295
-94.147
-94.0094
-93.8846
-93.7732
-93.6746
-93.5878
-93.5116
-93.4446
-93.3859
-93.3343
-93.2891
-93.2494
-93.2145
-93.1838
-93.1568
-93.133
-93.112
-93.0935
-93.0771
-93.0626
-93.0498
-93.0383
-93.0281
-93.0189
-93.0106
-93.0031
-92.9962
-92.99
-92.9841
-92.9787
-92.9736
-92.9688
-92.9641
-92.9597
-92.9553
-92.951
-92.9467
-92.9425
-92.9382
-92.9339
-92.9296
-92.9251
-92.9206
-92.9159
-92.9112
-92.9063
-92.9013
-92.8961
-92.8907
-92.8853
-92.8796
-92.8738
-92.8677
-92.8616
-92.8552
-92.8486
-92.8419
-92.835
-92.8279
-92.8206
-92.8131
-92.8054
-92.7976
-92.7895
-92.7813
-92.7728
-92.7642
-92.7554
-92.7464
-92.7372
-92.7279
-92.7183
-92.7086
-92.6987
-92.6886
-92.6783
-92.6679
-92.6572
-92.6464
-92.6355
-92.6243
-92.613
-92.6015
-92.5898
-92.578
-92.566
-92.5538
-92.5415
-92.529
-92.5163
-92.5035
-92.4905
-92.4773
-92.464
-92.4505
-92.4369
-92.4231
-92.4091
-92.395
-92.3808
-92.3664
-92.3518
-92.3371
-92.3222
-92.3072
-92.292
-92.2767
-92.2613
-92.2456
-92.2299
-92.214
-92.1979
-92.1817
-92.1654
-92.1489
-92.1323
-92.1155
-92.0986
-92.0816
-92.0644
-92.047
-92.0296
-92.012
-91.9942
-91.9763
-91.9583
-91.9401
-91.9218
-91.9034
-91.8848
-91.8661
-91.8472
-91.8282
-91.8091
-91.7899
-91.7705
-91.751
-91.7313
-91.7115
-91.6916
-91.6715
-91.6513
-91.631
-91.6105
-91.59
-91.5692
-91.5484
-91.5274
-91.5063
-91.485
-91.4636
-91.4421
-91.4205
-91.3987
-91.3768
-91.3547
-91.3325
-91.3102
-91.2878
-91.2652
-91.2425
-91.2197
-91.1967
-91.1736
-91.1504
-91.1271
-91.1036
-91.0799
-91.0562
-91.0323
-91.0083
-90.9842
-90.9599
-90.9355
-90.9109
-90.8863
-90.8615
-90.8365
-90.8115
-90.7863
-90.7609
-90.7355
-90.7099
-90.6841
-90.6583
-90.6323
-90.6061
-90.5799
-90.5535
-90.527
-90.5003
-90.4735
-90.4466
-90.4195
-90.3923
-90.365
-90.3375
-90.3099
-90.2821
-90.2543
-90.2262
-90.1981
-90.1698
-90.1414
-90.1128
-90.0841
-90.0553
-90.0263
-89.9972
-89.9679
-89.9385
-89.909
-89.8793
-89.8495
-89.8196
-89.7895
-89.7592
-89.7288
-89.6983
-89.6676
-89.6368
-89.6059
-89.5748
-89.5435
-89.5121
-89.4806
-89.4489
-89.4171
-89.3851
-89.353
-89.3207
-89.2883
-89.2557
-89.223
-89.1901
-89.1571
-89.1239
-89.0906
-89.0571
-89.0235
-88.9897
-88.9557
-88.9216
-88.8874
-88.8529
-88.8184
-88.7836
-88.7487
-88.7136
-88.6784
-88.643
-88.6075
-88.5718
-88.5359
-88.4998
-88.4636
-88.4272
-88.3907
-88.3539
-88.317
-88.28
-88.2427
-88.2053
-88.1677
-88.1299
-88.092
-88.0538
-88.0155
-87.977
-87.9383
-87.8995
-87.8604
-87.8211
-87.7817
-87.7421
-87.7023
-87.6622
-87.622
-87.5816
-87.541
-87.5002
-87.4592
-87.4179
-87.3765
-87.3349
-87.293
-87.251
-87.2087
-87.1662
-87.1235
-87.0805
-87.0374
-86.994
-86.9504
-86.9065
-86.8624
-86.8181
-86.7735
-86.7287
-86.6837
-86.6384
-86.5929
-86.5471
-86.501
-86.4547
-86.4081
-86.3613
-86.3142
-86.2668
-86.2191
-86.1712
-86.1229
-86.0744
-86.0256
-85.9765
-85.9271
-85.8774
-85.8273
-85.777
-85.7263
-85.6753
-85.624
-85.5723
-85.5203
-85.468
-85.4153
-85.3622
-85.3088
-85.255
-85.2009
-85.1463
-85.0913
-85.036
-84.9802
-84.9241
-84.8675
-84.8105
-84.753
-84.6951
-84.6368
-84.5779
-84.5186
-84.4588
-84.3986
-84.3378
-84.2764
-84.2146
-84.1522
-84.0893
-84.0258
-83.9617
-83.897
-83.8317
-83.7658
-83.6993
-83.6321
-83.5642
-83.4956
-83.4263
-83.3563
-83.2855
-83.214
-83.1416
-83.0685
-82.9945
-82.9196
-82.8439
-82.7672
-82.6896
-82.6109
-82.5313
-82.4507
-82.3689
-82.286
-82.202
-82.1168
-82.0303
-81.9425
-81.8534
-81.7629
-81.671
-81.5775
-81.4825
-81.3858
-81.2875
-81.1873
-81.0853
-80.9814
-80.8754
-80.7672
-80.6569
-80.5441
-80.4289
-80.3111
-80.1905
-80.067
-79.9404
-79.8106
-79.6773
-79.5403
-79.3994
-79.2543
-79.1047
-78.9503
-78.7907
-78.6256
-78.4544
-78.2767
-78.0919
-77.8994
-77.6983
-77.4879
-77.2672
-77.0349
-76.7899
-76.5304
-76.2545
-75.96
-75.644
-75.303
-74.9326
-74.527
-74.0789
-73.5782
-73.0109
-72.3568
-71.5854
-70.6473
-69.4567
-67.8447
-65.4188
-60.9732
-48.3744
16.8853
49.3061
34.4211
-6.21741
-19.7346
-33.7716
-54.3171
-90.0132
-94.8143
-94.9619
-94.9516
-94.9118
-94.8422
-94.7385
-94.6039
-94.4495
-94.2886
-94.1319
-93.9861
-93.8542
-93.7369
-93.6336
-93.5432
-93.4644
-93.3958
-93.3362
-93.2845
-93.2396
-93.2007
-93.167
-93.1379
-93.1127
-93.091
-93.0723
-93.0562
-93.0424
-93.0305
-93.0204
-93.0117
-93.0043
-92.998
-92.9926
-92.988
-92.984
-92.9806
-92.9777
-92.9751
-92.9729
-92.9708
-92.969
-92.9673
-92.9656
-92.9641
-92.9625
-92.9609
-92.9592
-92.9575
-92.9557
-92.9538
-92.9518
-92.9496
-92.9473
-92.9448
-92.9421
-92.9393
-92.9363
-92.9331
-92.9297
-92.9261
-92.9223
-92.9183
-92.9141
-92.9097
-92.9051
-92.9003
-92.8953
-92.8901
-92.8846
-92.879
-92.8732
-92.8671
-92.8609
-92.8544
-92.8477
-92.8409
-92.8338
-92.8266
-92.8191
-92.8115
-92.8036
-92.7956
-92.7874
-92.779
-92.7704
-92.7616
-92.7526
-92.7435
-92.7342
-92.7246
-92.715
-92.7051
-92.6951
-92.6849
-92.6745
-92.6639
-92.6532
-92.6423
-92.6313
-92.6201
-92.6087
-92.5972
-92.5855
-92.5737
-92.5617
-92.5495
-92.5372
-92.5247
-92.5121
-92.4993
-92.4864
-92.4734
-92.4601
-92.4468
-92.4333
-92.4196
-92.4058
-92.3919
-92.3778
-92.3636
-92.3493
-92.3348
-92.3202
-92.3054
-92.2905
-92.2755
-92.2603
-92.245
-92.2296
-92.214
-92.1983
-92.1825
-92.1665
-92.1505
-92.1342
-92.1179
-92.1014
-92.0849
-92.0681
-92.0513
-92.0343
-92.0172
-92
-91.9827
-91.9652
-91.9476
-91.9299
-91.9121
-91.8942
-91.8761
-91.8579
-91.8396
-91.8212
-91.8026
-91.784
-91.7652
-91.7463
-91.7273
-91.7082
-91.6889
-91.6695
-91.6501
-91.6305
-91.6108
-91.5909
-91.571
-91.5509
-91.5308
-91.5105
-91.4901
-91.4696
-91.449
-91.4282
-91.4074
-91.3864
-91.3653
-91.3441
-91.3228
-91.3014
-91.2799
-91.2583
-91.2365
-91.2147
-91.1927
-91.1706
-91.1484
-91.1261
-91.1037
-91.0812
-91.0585
-91.0358
-91.0129
-90.99
-90.9669
-90.9437
-90.9204
-90.897
-90.8735
-90.8498
-90.8261
-90.8022
-90.7783
-90.7542
-90.73
-90.7057
-90.6813
-90.6568
-90.6322
-90.6075
-90.5826
-90.5577
-90.5326
-90.5075
-90.4822
-90.4568
-90.4313
-90.4057
-90.38
-90.3542
-90.3282
-90.3022
-90.276
-90.2497
-90.2234
-90.1969
-90.1703
-90.1435
-90.1167
-90.0898
-90.0628
-90.0356
-90.0083
-89.9809
-89.9535
-89.9258
-89.8981
-89.8703
-89.8424
-89.8143
-89.7862
-89.7579
-89.7295
-89.701
-89.6724
-89.6436
-89.6148
-89.5858
-89.5568
-89.5276
-89.4983
-89.4688
-89.4393
-89.4097
-89.3799
-89.35
-89.32
-89.2899
-89.2597
-89.2293
-89.1988
-89.1683
-89.1376
-89.1067
-89.0758
-89.0447
-89.0136
-88.9822
-88.9508
-88.9193
-88.8876
-88.8558
-88.8239
-88.7919
-88.7597
-88.7274
-88.695
-88.6625
-88.6298
-88.5971
-88.5641
-88.5311
-88.4979
-88.4646
-88.4312
-88.3976
-88.364
-88.3301
-88.2962
-88.2621
-88.2279
-88.1935
-88.159
-88.1244
-88.0897
-88.0548
-88.0197
-87.9846
-87.9492
-87.9138
-87.8782
-87.8425
-87.8066
-87.7705
-87.7344
-87.698
-87.6616
-87.6249
-87.5882
-87.5513
-87.5142
-87.477
-87.4396
-87.402
-87.3643
-87.3265
-87.2885
-87.2503
-87.2119
-87.1734
-87.1348
-87.0959
-87.0569
-87.0177
-86.9784
-86.9389
-86.8992
-86.8593
-86.8192
-86.779
-86.7385
-86.6979
-86.6571
-86.6161
-86.575
-86.5336
-86.492
-86.4503
-86.4083
-86.3661
-86.3237
-86.2812
-86.2384
-86.1954
-86.1521
-86.1087
-86.065
-86.0211
-85.977
-85.9327
-85.8881
-85.8433
-85.7982
-85.7529
-85.7073
-85.6615
-85.6155
-85.5691
-85.5226
-85.4757
-85.4286
-85.3812
-85.3335
-85.2856
-85.2373
-85.1888
-85.1399
-85.0908
-85.0413
-84.9915
-84.9414
-84.891
-84.8402
-84.7891
-84.7377
-84.6859
-84.6337
-84.5812
-84.5283
-84.4751
-84.4214
-84.3673
-84.3129
-84.258
-84.2027
-84.147
-84.0908
-84.0342
-83.9771
-83.9195
-83.8615
-83.8029
-83.7439
-83.6844
-83.6243
-83.5636
-83.5025
-83.4407
-83.3783
-83.3154
-83.2518
-83.1876
-83.1228
-83.0573
-82.9911
-82.9241
-82.8565
-82.7881
-82.7189
-82.649
-82.5782
-82.5065
-82.434
-82.3606
-82.2863
-82.211
-82.1347
-82.0574
-81.979
-81.8995
-81.8188
-81.737
-81.6539
-81.5696
-81.4839
-81.3968
-81.3083
-81.2183
-81.1268
-81.0336
-80.9387
-80.842
-80.7434
-80.6429
-80.5404
-80.4356
-80.3287
-80.2193
-80.1075
-79.993
-79.8757
-79.7555
-79.6321
-79.5054
-79.3752
-79.2412
-79.1032
-78.9609
-78.814
-78.6621
-78.505
-78.342
-78.1729
-77.9969
-77.8136
-77.6222
-77.4218
-77.2117
-76.9907
-76.7576
-76.5109
-76.2488
-75.9691
-75.6694
-75.3464
-74.9962
-74.6137
-74.1922
-73.723
-73.1939
-72.588
-71.8797
-71.0294
-69.97
-68.5772
-66.5836
-63.2718
-55.7896
-22.7992
45.8055
44.2375
12.7233
-11.5607
-24.7638
-38.4564
-65.6911
-93.8409
-94.9422
-94.9646
-94.9388
-94.8855
-94.7978
-94.6739
-94.5213
-94.3542
-94.1862
-94.0269
-93.8815
-93.7517
-93.6376
-93.538
-93.4515
-93.3766
-93.3119
-93.2561
-93.208
-93.1667
-93.1312
-93.1009
-93.075
-93.0529
-93.0342
-93.0184
-93.0051
-92.994
-92.9848
-92.9772
-92.9711
-92.9661
-92.9621
-92.959
-92.9566
-92.9549
-92.9536
-92.9528
-92.9522
-92.952
-92.9519
-92.952
-92.9521
-92.9523
-92.9526
-92.9528
-92.9529
-92.953
-92.9529
-92.9528
-92.9525
-92.9521
-92.9515
-92.9507
-92.9498
-92.9486
-92.9473
-92.9458
-92.944
-92.9421
-92.9399
-92.9375
-92.9349
-92.9321
-92.9291
-92.9258
-92.9223
-92.9186
-92.9147
-92.9106
-92.9062
-92.9017
-92.8969
-92.8919
-92.8867
-92.8812
-92.8756
-92.8698
-92.8637
-92.8575
-92.8511
-92.8444
-92.8376
-92.8306
-92.8233
-92.8159
-92.8083
-92.8005
-92.7925
-92.7844
-92.776
-92.7675
-92.7588
-92.7499
-92.7409
-92.7317
-92.7223
-92.7127
-92.703
-92.6931
-92.6831
-92.6729
-92.6625
-92.652
-92.6413
-92.6304
-92.6194
-92.6083
-92.597
-92.5856
-92.574
-92.5622
-92.5504
-92.5384
-92.5262
-92.5139
-92.5014
-92.4889
-92.4762
-92.4633
-92.4503
-92.4372
-92.4239
-92.4106
-92.397
-92.3834
-92.3696
-92.3557
-92.3417
-92.3276
-92.3133
-92.2989
-92.2844
-92.2698
-92.255
-92.2401
-92.2251
-92.21
-92.1948
-92.1794
-92.164
-92.1484
-92.1327
-92.1169
-92.101
-92.085
-92.0688
-92.0526
-92.0362
-92.0197
-92.0031
-91.9865
-91.9697
-91.9527
-91.9357
-91.9186
-91.9014
-91.8841
-91.8666
-91.8491
-91.8314
-91.8137
-91.7958
-91.7779
-91.7598
-91.7417
-91.7234
-91.7051
-91.6866
-91.668
-91.6494
-91.6306
-91.6118
-91.5928
-91.5738
-91.5546
-91.5354
-91.516
-91.4966
-91.477
-91.4574
-91.4377
-91.4179
-91.3979
-91.3779
-91.3578
-91.3376
-91.3173
-91.2969
-91.2764
-91.2559
-91.2352
-91.2144
-91.1936
-91.1726
-91.1516
-91.1304
-91.1092
-91.0879
-91.0665
-91.045
-91.0234
-91.0017
-90.9799
-90.9581
-90.9361
-90.9141
-90.8919
-90.8697
-90.8474
-90.825
-90.8025
-90.78
-90.7573
-90.7345
-90.7117
-90.6888
-90.6657
-90.6426
-90.6194
-90.5962
-90.5728
-90.5493
-90.5258
-90.5021
-90.4784
-90.4546
-90.4307
-90.4067
-90.3827
-90.3585
-90.3343
-90.31
-90.2855
-90.261
-90.2365
-90.2118
-90.187
-90.1622
-90.1373
-90.1122
-90.0871
-90.0619
-90.0367
-90.0113
-89.9859
-89.9603
-89.9347
-89.909
-89.8832
-89.8574
-89.8314
-89.8054
-89.7792
-89.753
-89.7267
-89.7003
-89.6738
-89.6473
-89.6206
-89.5939
-89.5671
-89.5402
-89.5132
-89.4861
-89.459
-89.4317
-89.4044
-89.377
-89.3495
-89.3219
-89.2942
-89.2664
-89.2386
-89.2106
-89.1826
-89.1545
-89.1263
-89.098
-89.0696
-89.0411
-89.0126
-88.9839
-88.9552
-88.9264
-88.8975
-88.8685
-88.8394
-88.8102
-88.781
-88.7516
-88.7222
-88.6927
-88.663
-88.6333
-88.6035
-88.5736
-88.5436
-88.5135
-88.4834
-88.4531
-88.4228
-88.3923
-88.3618
-88.3311
-88.3004
-88.2696
-88.2386
-88.2076
-88.1765
-88.1453
-88.114
-88.0826
-88.0511
-88.0195
-87.9878
-87.956
-87.9241
-87.8921
-87.86
-87.8278
-87.7955
-87.7631
-87.7306
-87.698
-87.6652
-87.6324
-87.5995
-87.5665
-87.5333
-87.5001
-87.4667
-87.4332
-87.3997
-87.366
-87.3322
-87.2983
-87.2642
-87.2301
-87.1958
-87.1615
-87.127
-87.0924
-87.0576
-87.0228
-86.9878
-86.9527
-86.9175
-86.8822
-86.8467
-86.8111
-86.7754
-86.7395
-86.7035
-86.6674
-86.6312
-86.5948
-86.5583
-86.5216
-86.4848
-86.4479
-86.4108
-86.3736
-86.3362
-86.2987
-86.2611
-86.2232
-86.1853
-86.1472
-86.1089
-86.0705
-86.0319
-85.9931
-85.9542
-85.9151
-85.8759
-85.8364
-85.7968
-85.7571
-85.7171
-85.677
-85.6367
-85.5962
-85.5555
-85.5146
-85.4736
-85.4323
-85.3909
-85.3492
-85.3073
-85.2652
-85.223
-85.1805
-85.1377
-85.0948
-85.0516
-85.0082
-84.9646
-84.9207
-84.8766
-84.8323
-84.7877
-84.7428
-84.6977
-84.6523
-84.6067
-84.5607
-84.5145
-84.4681
-84.4213
-84.3742
-84.3268
-84.2792
-84.2312
-84.1829
-84.1342
-84.0853
-84.036
-83.9863
-83.9363
-83.8859
-83.8352
-83.7841
-83.7326
-83.6807
-83.6284
-83.5757
-83.5225
-83.469
-83.415
-83.3605
-83.3056
-83.2501
-83.1942
-83.1378
-83.0809
-83.0235
-82.9655
-82.9069
-82.8478
-82.7881
-82.7278
-82.6669
-82.6053
-82.5431
-82.4801
-82.4165
-82.3522
-82.2871
-82.2213
-82.1546
-82.0872
-82.0189
-81.9497
-81.8797
-81.8087
-81.7367
-81.6638
-81.5898
-81.5147
-81.4386
-81.3612
-81.2827
-81.203
-81.1219
-81.0395
-80.9556
-80.8704
-80.7835
-80.6951
-80.605
-80.5132
-80.4195
-80.324
-80.2264
-80.1267
-80.0247
-79.9205
-79.8137
-79.7044
-79.5923
-79.4773
-79.3592
-79.2378
-79.1129
-78.9843
-78.8517
-78.7148
-78.5734
-78.427
-78.2754
-78.118
-77.9544
-77.7841
-77.6064
-77.4206
-77.2259
-77.0215
-76.8061
-76.5785
-76.3373
-76.0806
-75.8064
-75.5119
-75.1939
-74.8484
-74.4701
-74.0523
-73.586
-73.0587
-72.4526
-71.7413
-70.8832
-69.8073
-68.3804
-66.3106
-62.7893
-54.4036
-14.695
49.0567
44.5809
12.3096
-11.9102
-25.2512
-38.8992
-66.8112
-93.9467
-94.9433
-94.9624
-94.934
-94.8764
-94.7825
-94.6509
-94.4908
-94.3173
-94.1446
-93.9822
-93.835
-93.7044
-93.5902
-93.4911
-93.4056
-93.332
-93.2688
-93.2148
-93.1686
-93.1293
-93.096
-93.0678
-93.0441
-93.0243
-93.0079
-92.9943
-92.9833
-92.9744
-92.9674
-92.962
-92.958
-92.9551
-92.9532
-92.9522
-92.9518
-92.952
-92.9527
-92.9537
-92.955
-92.9566
-92.9583
-92.9601
-92.962
-92.9639
-92.9657
-92.9675
-92.9693
-92.9709
-92.9724
-92.9737
-92.9749
-92.9759
-92.9768
-92.9774
-92.9778
-92.9781
-92.9781
-92.9779
-92.9774
-92.9768
-92.9759
-92.9748
-92.9734
-92.9718
-92.97
-92.968
-92.9657
-92.9632
-92.9604
-92.9574
-92.9542
-92.9508
-92.9472
-92.9433
-92.9392
-92.9349
-92.9304
-92.9256
-92.9207
-92.9155
-92.9102
-92.9046
-92.8989
-92.8929
-92.8867
-92.8804
-92.8738
-92.8671
-92.8602
-92.8531
-92.8458
-92.8383
-92.8307
-92.8228
-92.8148
-92.8067
-92.7983
-92.7898
-92.7812
-92.7723
-92.7633
-92.7542
-92.7449
-92.7354
-92.7258
-92.716
-92.7061
-92.696
-92.6858
-92.6754
-92.6649
-92.6542
-92.6434
-92.6325
-92.6214
-92.6102
-92.5989
-92.5874
-92.5758
-92.5641
-92.5522
-92.5403
-92.5281
-92.5159
-92.5035
-92.4911
-92.4784
-92.4657
-92.4529
-92.4399
-92.4268
-92.4136
-92.4003
-92.3869
-92.3733
-92.3597
-92.3459
-92.3321
-92.3181
-92.304
-92.2898
-92.2755
-92.2611
-92.2466
-92.2319
-92.2172
-92.2024
-92.1875
-92.1725
-92.1573
-92.1421
-92.1268
-92.1114
-92.0958
-92.0802
-92.0645
-92.0487
-92.0328
-92.0168
-92.0007
-91.9846
-91.9683
-91.9519
-91.9355
-91.9189
-91.9023
-91.8855
-91.8687
-91.8518
-91.8348
-91.8178
-91.8006
-91.7834
-91.766
-91.7486
-91.7311
-91.7135
-91.6958
-91.6781
-91.6602
-91.6423
-91.6243
-91.6062
-91.588
-91.5698
-91.5514
-91.533
-91.5145
-91.496
-91.4773
-91.4586
-91.4398
-91.4209
-91.4019
-91.3829
-91.3638
-91.3446
-91.3253
-91.3059
-91.2865
-91.267
-91.2474
-91.2278
-91.2081
-91.1883
-91.1684
-91.1484
-91.1284
-91.1083
-91.0882
-91.0679
-91.0476
-91.0273
-91.0068
-90.9863
-90.9657
-90.945
-90.9243
-90.9035
-90.8826
-90.8617
-90.8406
-90.8196
-90.7984
-90.7772
-90.7559
-90.7345
-90.7131
-90.6916
-90.6701
-90.6484
-90.6267
-90.605
-90.5832
-90.5613
-90.5393
-90.5173
-90.4952
-90.473
-90.4508
-90.4285
-90.4062
-90.3837
-90.3613
-90.3387
-90.3161
-90.2934
-90.2707
-90.2479
-90.225
-90.2021
-90.1791
-90.156
-90.1329
-90.1097
-90.0865
-90.0632
-90.0398
-90.0164
-89.9929
-89.9693
-89.9457
-89.922
-89.8983
-89.8745
-89.8506
-89.8267
-89.8027
-89.7787
-89.7546
-89.7304
-89.7062
-89.6819
-89.6576
-89.6332
-89.6087
-89.5842
-89.5596
-89.535
-89.5102
-89.4855
-89.4607
-89.4358
-89.4108
-89.3858
-89.3608
-89.3357
-89.3105
-89.2852
-89.2599
-89.2346
-89.2092
-89.1837
-89.1582
-89.1326
-89.1069
-89.0812
-89.0555
-89.0296
-89.0038
-88.9778
-88.9518
-88.9258
-88.8996
-88.8735
-88.8472
-88.8209
-88.7946
-88.7682
-88.7417
-88.7152
-88.6886
-88.6619
-88.6352
-88.6085
-88.5816
-88.5547
-88.5278
-88.5008
-88.4737
-88.4466
-88.4194
-88.3922
-88.3649
-88.3375
-88.3101
-88.2826
-88.2551
-88.2274
-88.1998
-88.1721
-88.1443
-88.1164
-88.0885
-88.0605
-88.0325
-88.0044
-87.9762
-87.948
-87.9197
-87.8914
-87.8629
-87.8345
-87.8059
-87.7773
-87.7486
-87.7199
-87.6911
-87.6622
-87.6333
-87.6043
-87.5752
-87.5461
-87.5169
-87.4876
-87.4583
-87.4288
-87.3994
-87.3698
-87.3402
-87.3105
-87.2808
-87.2509
-87.221
-87.191
-87.161
-87.1309
-87.1007
-87.0704
-87.0401
-87.0096
-86.9791
-86.9486
-86.9179
-86.8872
-86.8564
-86.8255
-86.7945
-86.7635
-86.7323
-86.7011
-86.6698
-86.6385
-86.607
-86.5754
-86.5438
-86.5121
-86.4803
-86.4484
-86.4164
-86.3843
-86.3521
-86.3199
-86.2875
-86.255
-86.2225
-86.1898
-86.1571
-86.1243
-86.0913
-86.0583
-86.0251
-85.9919
-85.9585
-85.925
-85.8915
-85.8578
-85.824
-85.7901
-85.7561
-85.7219
-85.6877
-85.6533
-85.6188
-85.5842
-85.5495
-85.5146
-85.4797
-85.4446
-85.4093
-85.374
-85.3384
-85.3028
-85.267
-85.2311
-85.1951
-85.1589
-85.1225
-85.086
-85.0494
-85.0126
-84.9756
-84.9385
-84.9012
-84.8638
-84.8262
-84.7884
-84.7505
-84.7124
-84.6741
-84.6356
-84.597
-84.5581
-84.5191
-84.4799
-84.4405
-84.4008
-84.361
-84.321
-84.2808
-84.2403
-84.1996
-84.1587
-84.1176
-84.0762
-84.0346
-83.9928
-83.9507
-83.9084
-83.8658
-83.8229
-83.7798
-83.7364
-83.6927
-83.6488
-83.6045
-83.56
-83.5151
-83.47
-83.4245
-83.3787
-83.3326
-83.2861
-83.2393
-83.1921
-83.1446
-83.0967
-83.0484
-82.9997
-82.9506
-82.9011
-82.8512
-82.8008
-82.7501
-82.6988
-82.6471
-82.5949
-82.5422
-82.489
-82.4353
-82.3811
-82.3263
-82.2709
-82.215
-82.1585
-82.1013
-82.0435
-81.9851
-81.926
-81.8661
-81.8056
-81.7443
-81.6823
-81.6195
-81.5558
-81.4913
-81.4259
-81.3597
-81.2924
-81.2242
-81.155
-81.0848
-81.0135
-80.941
-80.8673
-80.7925
-80.7163
-80.6388
-80.56
-80.4797
-80.3979
-80.3145
-80.2295
-80.1427
-80.0542
-79.9637
-79.8713
-79.7767
-79.68
-79.5809
-79.4793
-79.3752
-79.2683
-79.1585
-79.0457
-78.9295
-78.8099
-78.6865
-78.5591
-78.4274
-78.2912
-78.1499
-78.0034
-77.8511
-77.6924
-77.527
-77.3541
-77.173
-76.9828
-76.7826
-76.5714
-76.3476
-76.1098
-75.8561
-75.5842
-75.2914
-74.9743
-74.6284
-74.2481
-73.8262
-73.3529
-72.8143
-72.1906
-71.452
-70.5501
-69.4008
-67.8392
-65.4821
-61.1517
-48.8251
14.6898
49.4667
36.0058
-4.7597
-18.5869
-32.5643
-51.6398
-88.0457
-94.7678
-94.9591
-94.9491
-94.9067
-94.8313
-94.7175
-94.5686
-94.3966
-94.2169
-94.0419
-93.8793
-93.7328
-93.6033
-93.4903
-93.3924
-93.3079
-93.2355
-93.1734
-93.1205
-93.0756
-93.0376
-93.0055
-92.9787
-92.9564
-92.9381
-92.9231
-92.911
-92.9015
-92.8942
-92.8887
-92.8848
-92.8823
-92.881
-92.8806
-92.8811
-92.8822
-92.8839
-92.8861
-92.8886
-92.8914
-92.8944
-92.8976
-92.9008
-92.9041
-92.9073
-92.9106
-92.9137
-92.9168
-92.9197
-92.9225
-92.9251
-92.9276
-92.9298
-92.9319
-92.9337
-92.9353
-92.9367
-92.9379
-92.9388
-92.9395
-92.9399
-92.9401
-92.9401
-92.9398
-92.9393
-92.9385
-92.9375
-92.9362
-92.9347
-92.9329
-92.9309
-92.9287
-92.9262
-92.9235
-92.9206
-92.9174
-92.914
-92.9104
-92.9065
-92.9025
-92.8982
-92.8937
-92.889
-92.8841
-92.879
-92.8737
-92.8682
-92.8625
-92.8566
-92.8505
-92.8442
-92.8377
-92.8311
-92.8242
-92.8172
-92.81
-92.8027
-92.7951
-92.7874
-92.7795
-92.7715
-92.7633
-92.7549
-92.7464
-92.7377
-92.7289
-92.7199
-92.7108
-92.7015
-92.6921
-92.6825
-92.6728
-92.6629
-92.6529
-92.6428
-92.6325
-92.6221
-92.6116
-92.6009
-92.5901
-92.5792
-92.5682
-92.557
-92.5457
-92.5343
-92.5228
-92.5111
-92.4993
-92.4875
-92.4755
-92.4633
-92.4511
-92.4388
-92.4263
-92.4138
-92.4011
-92.3884
-92.3755
-92.3625
-92.3494
-92.3362
-92.323
-92.3096
-92.2961
-92.2825
-92.2689
-92.2551
-92.2412
-92.2273
-92.2132
-92.1991
-92.1848
-92.1705
-92.1561
-92.1416
-92.127
-92.1123
-92.0975
-92.0827
-92.0677
-92.0527
-92.0376
-92.0224
-92.0071
-91.9918
-91.9763
-91.9608
-91.9452
-91.9295
-91.9138
-91.8979
-91.882
-91.866
-91.85
-91.8338
-91.8176
-91.8013
-91.785
-91.7685
-91.752
-91.7354
-91.7188
-91.7021
-91.6853
-91.6684
-91.6515
-91.6345
-91.6174
-91.6003
-91.583
-91.5658
-91.5484
-91.531
-91.5136
-91.496
-91.4784
-91.4607
-91.443
-91.4252
-91.4073
-91.3894
-91.3714
-91.3534
-91.3353
-91.3171
-91.2989
-91.2806
-91.2623
-91.2438
-91.2254
-91.2068
-91.1883
-91.1696
-91.1509
-91.1321
-91.1133
-91.0945
-91.0755
-91.0565
-91.0375
-91.0184
-90.9993
-90.98
-90.9608
-90.9415
-90.9221
-90.9027
-90.8832
-90.8637
-90.8441
-90.8245
-90.8048
-90.7851
-90.7653
-90.7454
-90.7256
-90.7056
-90.6856
-90.6656
-90.6455
-90.6254
-90.6052
-90.585
-90.5647
-90.5444
-90.524
-90.5036
-90.4831
-90.4626
-90.442
-90.4214
-90.4008
-90.3801
-90.3593
-90.3385
-90.3177
-90.2968
-90.2759
-90.2549
-90.2339
-90.2128
-90.1918
-90.1706
-90.1494
-90.1282
-90.1069
-90.0856
-90.0643
-90.0429
-90.0214
-90
-89.9784
-89.9569
-89.9353
-89.9136
-89.892
-89.8702
-89.8485
-89.8267
-89.8049
-89.783
-89.7611
-89.7391
-89.7171
-89.6951
-89.673
-89.6509
-89.6288
-89.6066
-89.5844
-89.5621
-89.5398
-89.5175
-89.4951
-89.4727
-89.4502
-89.4278
-89.4053
-89.3827
-89.3601
-89.3375
-89.3149
-89.2922
-89.2694
-89.2467
-89.2239
-89.201
-89.1782
-89.1553
-89.1324
-89.1094
-89.0864
-89.0633
-89.0403
-89.0172
-88.994
-88.9709
-88.9477
-88.9244
-88.9012
-88.8779
-88.8545
-88.8312
-88.8078
-88.7843
-88.7608
-88.7373
-88.7138
-88.6903
-88.6667
-88.643
-88.6194
-88.5957
-88.572
-88.5482
-88.5244
-88.5006
-88.4767
-88.4528
-88.4289
-88.405
-88.381
-88.357
-88.3329
-88.3089
-88.2847
-88.2606
-88.2364
-88.2122
-88.188
-88.1637
-88.1394
-88.1151
-88.0907
-88.0663
-88.0419
-88.0174
-87.993
-87.9684
-87.9439
-87.9193
-87.8947
-87.87
-87.8453
-87.8206
-87.7959
-87.7711
-87.7463
-87.7214
-87.6965
-87.6716
-87.6467
-87.6217
-87.5967
-87.5716
-87.5465
-87.5214
-87.4963
-87.4711
-87.4458
-87.4206
-87.3953
-87.37
-87.3446
-87.3192
-87.2938
-87.2683
-87.2428
-87.2173
-87.1917
-87.1661
-87.1405
-87.1148
-87.089
-87.0633
-87.0375
-87.0116
-86.9858
-86.9599
-86.9339
-86.9079
-86.8819
-86.8558
-86.8297
-86.8036
-86.7774
-86.7511
-86.7248
-86.6985
-86.6722
-86.6458
-86.6193
-86.5928
-86.5663
-86.5397
-86.5131
-86.4864
-86.4597
-86.433
-86.4062
-86.3793
-86.3524
-86.3254
-86.2984
-86.2714
-86.2443
-86.2172
-86.19
-86.1627
-86.1354
-86.108
-86.0806
-86.0532
-86.0257
-85.9981
-85.9705
-85.9428
-85.915
-85.8872
-85.8594
-85.8315
-85.8035
-85.7754
-85.7473
-85.7192
-85.691
-85.6627
-85.6343
-85.6059
-85.5774
-85.5488
-85.5202
-85.4915
-85.4628
-85.4339
-85.405
-85.3761
-85.347
-85.3179
-85.2887
-85.2594
-85.23
-85.2006
-85.1711
-85.1414
-85.1118
-85.082
-85.0521
-85.0222
-84.9921
-84.962
-84.9318
-84.9015
-84.8711
-84.8406
-84.81
-84.7793
-84.7485
-84.7176
-84.6866
-84.6555
-84.6242
-84.5929
-84.5615
-84.5299
-84.4983
-84.4665
-84.4346
-84.4026
-84.3704
-84.3381
-84.3057
-84.2732
-84.2406
-84.2078
-84.1748
-84.1418
-84.1086
-84.0752
-84.0417
-84.0081
-83.9743
-83.9403
-83.9062
-83.872
-83.8375
-83.8029
-83.7682
-83.7332
-83.6981
-83.6628
-83.6273
-83.5917
-83.5558
-83.5198
-83.4835
-83.447
-83.4104
-83.3735
-83.3364
-83.2991
-83.2616
-83.2238
-83.1858
-83.1476
-83.1091
-83.0704
-83.0314
-82.9921
-82.9526
-82.9128
-82.8727
-82.8324
-82.7917
-82.7508
-82.7095
-82.668
-82.6261
-82.5839
-82.5413
-82.4984
-82.4551
-82.4115
-82.3675
-82.3231
-82.2784
-82.2332
-82.1876
-82.1416
-82.0951
-82.0483
-82.0009
-81.9531
-81.9047
-81.8559
-81.8066
-81.7567
-81.7063
-81.6554
-81.6038
-81.5517
-81.4989
-81.4455
-81.3914
-81.3367
-81.2813
-81.2251
-81.1682
-81.1106
-81.0521
-80.9928
-80.9327
-80.8716
-80.8097
-80.7468
-80.6829
-80.618
-80.552
-80.4849
-80.4166
-80.3472
-80.2764
-80.2044
-80.131
-80.0562
-79.9799
-79.9021
-79.8226
-79.7414
-79.6584
-79.5736
-79.4867
-79.3978
-79.3066
-79.2132
-79.1173
-79.0188
-78.9176
-78.8135
-78.7063
-78.5958
-78.4818
-78.364
-78.2422
-78.1162
-77.9854
-77.8497
-77.7086
-77.5617
-77.4084
-77.2481
-77.0803
-76.9041
-76.7186
-76.5229
-76.3159
-76.096
-75.8616
-75.6108
-75.3412
-75.0497
-74.7328
-74.3857
-74.0024
-73.5748
-73.092
-72.5387
-71.8924
-71.1186
-70.1599
-68.9132
-67.1659
-64.3845
-58.6857
-37.9196
39.2692
45.0604
15.5954
-11.3814
-24.6176
-38.3018
-65.2846
-93.782
-94.9357
-94.9627
-94.9374
-94.8835
-94.7941
-94.6657
-94.5047
-94.3248
-94.1408
-93.9643
-93.8018
-93.6562
-93.5281
-93.4166
-93.3201
-93.2371
-93.1659
-93.105
-93.0532
-93.0093
-92.9722
-92.941
-92.915
-92.8934
-92.8758
-92.8615
-92.8501
-92.8412
-92.8345
-92.8296
-92.8264
-92.8245
-92.8238
-92.824
-92.8251
-92.8268
-92.8291
-92.8319
-92.835
-92.8384
-92.842
-92.8457
-92.8496
-92.8534
-92.8573
-92.8611
-92.8649
-92.8685
-92.8721
-92.8755
-92.8787
-92.8817
-92.8845
-92.8872
-92.8896
-92.8918
-92.8938
-92.8955
-92.897
-92.8982
-92.8992
-92.9
-92.9005
-92.9007
-92.9007
-92.9005
-92.9
-92.8992
-92.8982
-92.897
-92.8955
-92.8938
-92.8918
-92.8896
-92.8872
-92.8845
-92.8816
-92.8785
-92.8752
-92.8716
-92.8678
-92.8638
-92.8596
-92.8552
-92.8506
-92.8458
-92.8407
-92.8355
-92.8301
-92.8245
-92.8187
-92.8127
-92.8065
-92.8002
-92.7936
-92.7869
-92.78
-92.773
-92.7658
-92.7584
-92.7508
-92.7431
-92.7353
-92.7272
-92.7191
-92.7107
-92.7022
-92.6936
-92.6848
-92.6759
-92.6669
-92.6577
-92.6483
-92.6389
-92.6292
-92.6195
-92.6096
-92.5997
-92.5895
-92.5793
-92.5689
-92.5584
-92.5478
-92.5371
-92.5263
-92.5153
-92.5042
-92.493
-92.4818
-92.4704
-92.4588
-92.4472
-92.4355
-92.4237
-92.4117
-92.3997
-92.3876
-92.3753
-92.363
-92.3506
-92.3381
-92.3255
-92.3128
-92.3
-92.2871
-92.2741
-92.261
-92.2479
-92.2346
-92.2213
-92.2079
-92.1944
-92.1808
-92.1672
-92.1534
-92.1396
-92.1257
-92.1117
-92.0976
-92.0835
-92.0693
-92.055
-92.0406
-92.0262
-92.0117
-91.9971
-91.9825
-91.9677
-91.9529
-91.9381
-91.9231
-91.9081
-91.8931
-91.8779
-91.8627
-91.8474
-91.8321
-91.8167
-91.8013
-91.7857
-91.7701
-91.7545
-91.7388
-91.723
-91.7072
-91.6913
-91.6753
-91.6593
-91.6433
-91.6271
-91.611
-91.5947
-91.5784
-91.5621
-91.5457
-91.5292
-91.5127
-91.4962
-91.4795
-91.4629
-91.4461
-91.4294
-91.4125
-91.3957
-91.3787
-91.3618
-91.3448
-91.3277
-91.3106
-91.2934
-91.2762
-91.2589
-91.2416
-91.2243
-91.2069
-91.1894
-91.1719
-91.1544
-91.1368
-91.1192
-91.1015
-91.0838
-91.0661
-91.0483
-91.0304
-91.0126
-90.9946
-90.9767
-90.9587
-90.9407
-90.9226
-90.9045
-90.8863
-90.8681
-90.8499
-90.8316
-90.8133
-90.795
-90.7766
-90.7582
-90.7397
-90.7212
-90.7027
-90.6842
-90.6656
-90.6469
-90.6283
-90.6096
-90.5909
-90.5721
-90.5533
-90.5345
-90.5156
-90.4967
-90.4778
-90.4589
-90.4399
-90.4209
-90.4018
-90.3828
-90.3637
-90.3445
-90.3254
-90.3062
-90.287
-90.2677
-90.2484
-90.2291
-90.2098
-90.1905
-90.1711
-90.1517
-90.1322
-90.1128
-90.0933
-90.0738
-90.0542
-90.0347
-90.0151
-89.9955
-89.9758
-89.9562
-89.9365
-89.9168
-89.8971
-89.8773
-89.8576
-89.8378
-89.818
-89.7981
-89.7783
-89.7584
-89.7385
-89.7185
-89.6986
-89.6786
-89.6587
-89.6386
-89.6186
-89.5986
-89.5785
-89.5584
-89.5383
-89.5182
-89.4981
-89.4779
-89.4577
-89.4376
-89.4173
-89.3971
-89.3769
-89.3566
-89.3363
-89.3161
-89.2957
-89.2754
-89.2551
-89.2347
-89.2143
-89.1939
-89.1735
-89.1531
-89.1327
-89.1122
-89.0918
-89.0713
-89.0508
-89.0303
-89.0098
-88.9892
-88.9687
-88.9481
-88.9275
-88.907
-88.8864
-88.8657
-88.8451
-88.8245
-88.8038
-88.7832
-88.7625
-88.7418
-88.7211
-88.7004
-88.6796
-88.6589
-88.6382
-88.6174
-88.5966
-88.5758
-88.555
-88.5342
-88.5134
-88.4926
-88.4718
-88.4509
-88.4301
-88.4092
-88.3883
-88.3674
-88.3465
-88.3256
-88.3047
-88.2838
-88.2628
-88.2419
-88.2209
-88.1999
-88.179
-88.158
-88.137
-88.116
-88.095
-88.0739
-88.0529
-88.0319
-88.0108
-87.9897
-87.9687
-87.9476
-87.9265
-87.9054
-87.8843
-87.8632
-87.8421
-87.8209
-87.7998
-87.7786
-87.7575
-87.7363
-87.7151
-87.694
-87.6728
-87.6516
-87.6303
-87.6091
-87.5879
-87.5667
-87.5454
-87.5241
-87.5029
-87.4816
-87.4603
-87.439
-87.4177
-87.3964
-87.3751
-87.3538
-87.3324
-87.3111
-87.2897
-87.2683
-87.247
-87.2256
-87.2042
-87.1828
-87.1614
-87.14
-87.1185
-87.0971
-87.0756
-87.0541
-87.0327
-87.0112
-86.9897
-86.9682
-86.9467
-86.9251
-86.9036
-86.882
-86.8605
-86.8389
-86.8173
-86.7957
-86.7741
-86.7525
-86.7309
-86.7092
-86.6876
-86.6659
-86.6442
-86.6225
-86.6008
-86.5791
-86.5573
-86.5356
-86.5138
-86.492
-86.4703
-86.4485
-86.4266
-86.4048
-86.383
-86.3611
-86.3392
-86.3173
-86.2954
-86.2735
-86.2515
-86.2296
-86.2076
-86.1856
-86.1636
-86.1416
-86.1195
-86.0974
-86.0753
-86.0532
-86.0311
-86.009
-85.9868
-85.9646
-85.9424
-85.9202
-85.898
-85.8757
-85.8534
-85.8311
-85.8088
-85.7864
-85.764
-85.7417
-85.7192
-85.6968
-85.6743
-85.6518
-85.6293
-85.6067
-85.5842
-85.5616
-85.5389
-85.5163
-85.4936
-85.4709
-85.4481
-85.4254
-85.4026
-85.3797
-85.3569
-85.334
-85.311
-85.2881
-85.2651
-85.2421
-85.219
-85.1959
-85.1728
-85.1496
-85.1264
-85.1032
-85.0799
-85.0566
-85.0332
-85.0099
-84.9864
-84.963
-84.9395
-84.9159
-84.8923
-84.8686
-84.845
-84.8212
-84.7975
-84.7736
-84.7498
-84.7259
-84.7019
-84.6779
-84.6538
-84.6297
-84.6055
-84.5813
-84.557
-84.5327
-84.5083
-84.4838
-84.4593
-84.4348
-84.4101
-84.3855
-84.3607
-84.3359
-84.311
-84.2861
-84.2611
-84.236
-84.2109
-84.1857
-84.1604
-84.135
-84.1096
-84.0841
-84.0585
-84.0329
-84.0072
-83.9814
-83.9555
-83.9295
-83.9034
-83.8773
-83.8511
-83.8247
-83.7983
-83.7718
-83.7452
-83.7185
-83.6918
-83.6649
-83.6379
-83.6108
-83.5836
-83.5563
-83.5289
-83.5014
-83.4737
-83.446
-83.4181
-83.3901
-83.362
-83.3338
-83.3054
-83.277
-83.2484
-83.2196
-83.1907
-83.1617
-83.1325
-83.1032
-83.0738
-83.0442
-83.0144
-82.9845
-82.9545
-82.9242
-82.8938
-82.8633
-82.8325
-82.8016
-82.7705
-82.7393
-82.7078
-82.6761
-82.6443
-82.6122
-82.58
-82.5476
-82.5149
-82.482
-82.4489
-82.4155
-82.382
-82.3482
-82.3141
-82.2798
-82.2453
-82.2104
-82.1754
-82.14
-82.1044
-82.0685
-82.0323
-81.9957
-81.9589
-81.9218
-81.8843
-81.8465
-81.8084
-81.7699
-81.7311
-81.6919
-81.6523
-81.6124
-81.572
-81.5312
-81.4901
-81.4484
-81.4064
-81.3638
-81.3209
-81.2774
-81.2334
-81.1889
-81.1439
-81.0984
-81.0523
-81.0056
-80.9583
-80.9104
-80.8619
-80.8127
-80.7629
-80.7123
-80.661
-80.609
-80.5562
-80.5026
-80.4481
-80.3928
-80.3366
-80.2795
-80.2214
-80.1623
-80.1022
-80.041
-79.9786
-79.9151
-79.8504
-79.7844
-79.717
-79.6483
-79.5781
-79.5064
-79.4331
-79.3581
-79.2814
-79.2028
-79.1223
-79.0397
-78.9549
-78.8679
-78.7785
-78.6866
-78.5919
-78.4944
-78.3938
-78.29
-78.1828
-78.0718
-77.9569
-77.8377
-77.7139
-77.5852
-77.4511
-77.3113
-77.1651
-77.0121
-76.8515
-76.6826
-76.5045
-76.3162
-76.1165
-75.9041
-75.6772
-75.4339
-75.1717
-74.8877
-74.5781
-74.2383
-73.8619
-73.4409
-72.9642
-72.416
-71.7734
-71.0007
-70.0387
-68.7795
-66.9991
-64.1228
-58.0496
-34.5964
41.0609
44.5673
14.1411
-11.4006
-24.5934
-38.2894
-65.2686
-93.7908
-94.9377
-94.9623
-94.9355
-94.8795
-94.7867
-94.6539
-94.4881
-94.3037
-94.1161
-93.9366
-93.7721
-93.6251
-93.4961
-93.384
-93.2873
-93.2044
-93.1335
-93.0731
-93.0219
-92.9787
-92.9424
-92.9121
-92.887
-92.8664
-92.8497
-92.8364
-92.826
-92.8181
-92.8124
-92.8085
-92.8063
-92.8054
-92.8056
-92.8068
-92.8088
-92.8114
-92.8146
-92.8182
-92.8222
-92.8265
-92.8309
-92.8354
-92.8401
-92.8447
-92.8494
-92.8539
-92.8584
-92.8628
-92.867
-92.8711
-92.875
-92.8787
-92.8822
-92.8855
-92.8885
-92.8913
-92.8939
-92.8963
-92.8983
-92.9002
-92.9018
-92.9031
-92.9042
-92.905
-92.9055
-92.9058
-92.9059
-92.9057
-92.9052
-92.9045
-92.9036
-92.9024
-92.9009
-92.8993
-92.8973
-92.8952
-92.8928
-92.8902
-92.8874
-92.8843
-92.881
-92.8775
-92.8738
-92.8699
-92.8658
-92.8615
-92.8569
-92.8522
-92.8473
-92.8422
-92.8369
-92.8314
-92.8257
-92.8198
-92.8138
-92.8076
-92.8012
-92.7947
-92.788
-92.7811
-92.7741
-92.7669
-92.7595
-92.752
-92.7443
-92.7365
-92.7286
-92.7205
-92.7122
-92.7038
-92.6953
-92.6867
-92.6779
-92.6689
-92.6599
-92.6507
-92.6414
-92.632
-92.6224
-92.6127
-92.6029
-92.593
-92.583
-92.5729
-92.5626
-92.5523
-92.5418
-92.5312
-92.5205
-92.5097
-92.4988
-92.4878
-92.4768
-92.4656
-92.4543
-92.4429
-92.4314
-92.4198
-92.4082
-92.3964
-92.3846
-92.3726
-92.3606
-92.3485
-92.3363
-92.324
-92.3117
-92.2992
-92.2867
-92.2741
-92.2614
-92.2487
-92.2358
-92.2229
-92.2099
-92.1969
-92.1837
-92.1705
-92.1573
-92.1439
-92.1305
-92.117
-92.1035
-92.0898
-92.0762
-92.0624
-92.0486
-92.0347
-92.0208
-92.0068
-91.9927
-91.9786
-91.9644
-91.9501
-91.9358
-91.9215
-91.907
-91.8926
-91.878
-91.8634
-91.8488
-91.8341
-91.8194
-91.8046
-91.7897
-91.7748
-91.7598
-91.7448
-91.7298
-91.7147
-91.6995
-91.6843
-91.669
-91.6537
-91.6384
-91.623
-91.6076
-91.5921
-91.5765
-91.561
-91.5454
-91.5297
-91.514
-91.4983
-91.4825
-91.4667
-91.4508
-91.4349
-91.4189
-91.4029
-91.3869
-91.3709
-91.3548
-91.3386
-91.3225
-91.3062
-91.29
-91.2737
-91.2574
-91.2411
-91.2247
-91.2082
-91.1918
-91.1753
-91.1588
-91.1422
-91.1257
-91.109
-91.0924
-91.0757
-91.059
-91.0423
-91.0255
-91.0087
-90.9919
-90.9751
-90.9582
-90.9413
-90.9243
-90.9074
-90.8904
-90.8734
-90.8563
-90.8393
-90.8222
-90.8051
-90.788
-90.7708
-90.7536
-90.7364
-90.7192
-90.7019
-90.6846
-90.6673
-90.65
-90.6327
-90.6153
-90.5979
-90.5805
-90.5631
-90.5457
-90.5282
-90.5107
-90.4932
-90.4757
-90.4582
-90.4406
-90.4231
-90.4055
-90.3879
-90.3703
-90.3526
-90.335
-90.3173
-90.2996
-90.2819
-90.2642
-90.2465
-90.2288
-90.211
-90.1932
-90.1755
-90.1577
-90.1399
-90.122
-90.1042
-90.0864
-90.0685
-90.0506
-90.0328
-90.0149
-89.997
-89.9791
-89.9611
-89.9432
-89.9253
-89.9073
-89.8894
-89.8714
-89.8534
-89.8354
-89.8175
-89.7995
-89.7815
-89.7634
-89.7454
-89.7274
-89.7093
-89.6913
-89.6733
-89.6552
-89.6372
-89.6191
-89.601
-89.5829
-89.5649
-89.5468
-89.5287
-89.5106
-89.4925
-89.4744
-89.4563
-89.4382
-89.4201
-89.402
-89.3838
-89.3657
-89.3476
-89.3295
-89.3114
-89.2932
-89.2751
-89.257
-89.2388
-89.2207
-89.2026
-89.1844
-89.1663
-89.1482
-89.13
-89.1119
-89.0938
-89.0756
-89.0575
-89.0394
-89.0212
-89.0031
-88.985
-88.9668
-88.9487
-88.9306
-88.9124
-88.8943
-88.8762
-88.8581
-88.84
-88.8219
-88.8037
-88.7856
-88.7675
-88.7494
-88.7313
-88.7132
-88.6951
-88.6771
-88.659
-88.6409
-88.6228
-88.6047
-88.5867
-88.5686
-88.5506
-88.5325
-88.5144
-88.4964
-88.4784
-88.4603
-88.4423
-88.4243
-88.4063
-88.3882
-88.3702
-88.3522
-88.3342
-88.3162
-88.2983
-88.2803
-88.2623
-88.2443
-88.2264
-88.2084
-88.1905
-88.1725
-88.1546
-88.1367
-88.1188
-88.1008
-88.0829
-88.065
-88.0471
-88.0292
-88.0114
-87.9935
-87.9756
-87.9578
-87.9399
-87.9221
-87.9043
-87.8864
-87.8686
-87.8508
-87.833
-87.8152
-87.7974
-87.7796
-87.7618
-87.7441
-87.7263
-87.7086
-87.6908
-87.6731
-87.6554
-87.6377
-87.62
-87.6023
-87.5846
-87.5669
-87.5492
-87.5315
-87.5139
-87.4962
-87.4786
-87.461
-87.4433
-87.4257
-87.4081
-87.3905
-87.3729
-87.3554
-87.3378
-87.3202
-87.3027
-87.2851
-87.2676
-87.25
-87.2325
-87.215
-87.1975
-87.18
-87.1625
-87.145
-87.1276
-87.1101
-87.0926
-87.0752
-87.0578
-87.0403
-87.0229
-87.0055
-86.9881
-86.9707
-86.9533
-86.9359
-86.9186
-86.9012
-86.8838
-86.8665
-86.8491
-86.8318
-86.8145
-86.7972
-86.7798
-86.7625
-86.7453
-86.728
-86.7107
-86.6934
-86.6762
-86.6589
-86.6417
-86.6244
-86.6072
-86.5899
-86.5727
-86.5555
-86.5383
-86.5211
-86.5039
-86.4867
-86.4695
-86.4524
-86.4352
-86.418
-86.4009
-86.3837
-86.3666
-86.3495
-86.3323
-86.3152
-86.2981
-86.281
-86.2639
-86.2468
-86.2297
-86.2126
-86.1955
-86.1784
-86.1613
-86.1443
-86.1272
-86.1101
-86.0931
-86.076
-86.059
-86.0419
-86.0249
-86.0078
-85.9908
-85.9738
-85.9568
-85.9397
-85.9227
-85.9057
-85.8887
-85.8717
-85.8547
-85.8377
-85.8206
-85.8036
-85.7866
-85.7697
-85.7527
-85.7357
-85.7187
-85.7017
-85.6847
-85.6677
-85.6507
-85.6337
-85.6167
-85.5998
-85.5828
-85.5658
-85.5488
-85.5318
-85.5148
-85.4979
-85.4809
-85.4639
-85.4469
-85.4299
-85.4129
-85.3959
-85.3789
-85.3619
-85.3449
-85.3279
-85.3109
-85.2939
-85.2769
-85.2598
-85.2428
-85.2258
-85.2088
-85.1917
-85.1747
-85.1577
-85.1406
-85.1235
-85.1065
-85.0894
-85.0723
-85.0553
-85.0382
-85.0211
-85.004
-84.9869
-84.9698
-84.9527
-84.9355
-84.9184
-84.9012
-84.8841
-84.8669
-84.8497
-84.8325
-84.8154
-84.7981
-84.7809
-84.7637
-84.7465
-84.7292
-84.712
-84.6947
-84.6774
-84.6601
-84.6428
-84.6254
-84.6081
-84.5907
-84.5734
-84.556
-84.5386
-84.5212
-84.5037
-84.4863
-84.4688
-84.4513
-84.4338
-84.4163
-84.3987
-84.3812
-84.3636
-84.346
-84.3284
-84.3107
-84.2931
-84.2754
-84.2577
-84.24
-84.2222
-84.2044
-84.1866
-84.1688
-84.151
-84.1331
-84.1152
-84.0973
-84.0793
-84.0613
-84.0433
-84.0253
-84.0072
-83.9892
-83.971
-83.9529
-83.9347
-83.9165
-83.8982
-83.8799
-83.8616
-83.8432
-83.8249
-83.8064
-83.788
-83.7695
-83.751
-83.7324
-83.7138
-83.6951
-83.6764
-83.6577
-83.6389
-83.6201
-83.6013
-83.5824
-83.5634
-83.5444
-83.5254
-83.5063
-83.4872
-83.468
-83.4487
-83.4295
-83.4101
-83.3907
-83.3713
-83.3518
-83.3322
-83.3126
-83.293
-83.2733
-83.2535
-83.2336
-83.2137
-83.1938
-83.1737
-83.1536
-83.1335
-83.1132
-83.093
-83.0726
-83.0522
-83.0317
-83.0111
-82.9904
-82.9697
-82.9489
-82.928
-82.907
-82.886
-82.8649
-82.8436
-82.8224
-82.801
-82.7795
-82.7579
-82.7363
-82.7145
-82.6927
-82.6707
-82.6487
-82.6265
-82.6043
-82.582
-82.5595
-82.5369
-82.5143
-82.4915
-82.4686
-82.4455
-82.4224
-82.3991
-82.3757
-82.3522
-82.3286
-82.3048
-82.2809
-82.2569
-82.2327
-82.2084
-82.1839
-82.1593
-82.1345
-82.1096
-82.0845
-82.0593
-82.0339
-82.0083
-81.9826
-81.9566
-81.9305
-81.9043
-81.8778
-81.8512
-81.8243
-81.7973
-81.7701
-81.7426
-81.715
-81.6871
-81.659
-81.6307
-81.6022
-81.5734
-81.5444
-81.5151
-81.4856
-81.4558
-81.4257
-81.3954
-81.3648
-81.334
-81.3028
-81.2713
-81.2395
-81.2074
-81.175
-81.1423
-81.1092
-81.0758
-81.042
-81.0079
-80.9733
-80.9384
-80.9031
-80.8674
-80.8313
-80.7947
-80.7577
-80.7202
-80.6823
-80.6439
-80.605
-80.5655
-80.5256
-80.485
-80.444
-80.4023
-80.3601
-80.3172
-80.2737
-80.2295
-80.1846
-80.1391
-80.0928
-80.0457
-79.9978
-79.9492
-79.8997
-79.8493
-79.798
-79.7458
-79.6925
-79.6383
-79.583
-79.5266
-79.469
-79.4102
-79.3502
-79.2889
-79.2261
-79.162
-79.0964
-79.0291
-78.9602
-78.8896
-78.8172
-78.7428
-78.6664
-78.5879
-78.5071
-78.4239
-78.3382
-78.2498
-78.1586
-78.0644
-77.9669
-77.8659
-77.7613
-77.6527
-77.5398
-77.4224
-77.3
-77.1722
-77.0387
-76.8987
-76.7519
-76.5974
-76.4345
-76.2624
-76.0799
-75.8859
-75.6789
-75.4571
-75.2186
-74.9607
-74.6805
-74.3738
-74.0358
-73.66
-73.2375
-72.7565
-72.1999
-71.5425
-70.7446
-69.7389
-68.3997
-66.4541
-63.1549
-55.3994
-20.0225
47.4209
44.2005
12.0005
-11.77
-25.0327
-38.7084
-66.3348
-93.9019
-94.9411
-94.9604
-94.9301
-94.8685
-94.7677
-94.6255
-94.4516
-94.262
-94.0726
-93.894
-93.732
-93.5886
-93.4635
-93.3555
-93.2629
-93.1838
-93.1166
-93.0597
-93.0118
-92.9717
-92.9382
-92.9106
-92.888
-92.8698
-92.8553
-92.8441
-92.8356
-92.8295
-92.8254
-92.8231
-92.8223
-92.8227
-92.8242
-92.8266
-92.8297
-92.8334
-92.8375
-92.8421
-92.8469
-92.8519
-92.8571
-92.8624
-92.8677
-92.8729
-92.8782
-92.8833
-92.8883
-92.8932
-92.8979
-92.9025
-92.9068
-92.9109
-92.9148
-92.9185
-92.9219
-92.9251
-92.9281
-92.9307
-92.9332
-92.9353
-92.9372
-92.9389
-92.9403
-92.9414
-92.9422
-92.9429
-92.9432
-92.9433
-92.9431
-92.9427
-92.942
-92.9411
-92.94
-92.9386
-92.937
-92.9351
-92.933
-92.9307
-92.9281
-92.9254
-92.9224
-92.9192
-92.9158
-92.9121
-92.9083
-92.9043
-92.9001
-92.8956
-92.891
-92.8862
-92.8812
-92.8761
-92.8707
-92.8652
-92.8595
-92.8536
-92.8476
-92.8414
-92.835
-92.8285
-92.8218
-92.815
-92.808
-92.8008
-92.7935
-92.7861
-92.7785
-92.7708
-92.7629
-92.7549
-92.7468
-92.7385
-92.7302
-92.7216
-92.713
-92.7042
-92.6953
-92.6863
-92.6772
-92.668
-92.6586
-92.6491
-92.6396
-92.6299
-92.6201
-92.6102
-92.6002
-92.5901
-92.5799
-92.5696
-92.5592
-92.5487
-92.5381
-92.5274
-92.5166
-92.5058
-92.4948
-92.4837
-92.4726
-92.4614
-92.4501
-92.4387
-92.4272
-92.4157
-92.4041
-92.3923
-92.3806
-92.3687
-92.3568
-92.3448
-92.3327
-92.3205
-92.3083
-92.296
-92.2836
-92.2712
-92.2587
-92.2461
-92.2335
-92.2208
-92.2081
-92.1952
-92.1823
-92.1694
-92.1564
-92.1433
-92.1302
-92.117
-92.1038
-92.0905
-92.0771
-92.0637
-92.0503
-92.0368
-92.0232
-92.0096
-91.9959
-91.9822
-91.9684
-91.9546
-91.9408
-91.9268
-91.9129
-91.8989
-91.8848
-91.8707
-91.8566
-91.8424
-91.8282
-91.8139
-91.7996
-91.7852
-91.7708
-91.7564
-91.7419
-91.7274
-91.7128
-91.6982
-91.6836
-91.6689
-91.6542
-91.6394
-91.6247
-91.6098
-91.595
-91.5801
-91.5652
-91.5502
-91.5352
-91.5202
-91.5052
-91.4901
-91.475
-91.4598
-91.4446
-91.4294
-91.4142
-91.3989
-91.3836
-91.3683
-91.353
-91.3376
-91.3222
-91.3068
-91.2913
-91.2758
-91.2603
-91.2448
-91.2292
-91.2137
-91.1981
-91.1824
-91.1668
-91.1511
-91.1354
-91.1197
-91.104
-91.0883
-91.0725
-91.0567
-91.0409
-91.025
-91.0092
-90.9933
-90.9774
-90.9615
-90.9456
-90.9297
-90.9137
-90.8977
-90.8818
-90.8658
-90.8497
-90.8337
-90.8177
-90.8016
-90.7855
-90.7694
-90.7533
-90.7372
-90.7211
-90.7049
-90.6888
-90.6726
-90.6565
-90.6403
-90.6241
-90.6079
-90.5917
-90.5754
-90.5592
-90.5429
-90.5267
-90.5104
-90.4942
-90.4779
-90.4616
-90.4453
-90.429
-90.4127
-90.3964
-90.3801
-90.3637
-90.3474
-90.3311
-90.3147
-90.2984
-90.282
-90.2657
-90.2493
-90.2329
-90.2166
-90.2002
-90.1838
-90.1675
-90.1511
-90.1347
-90.1183
-90.1019
-90.0856
-90.0692
-90.0528
-90.0364
-90.02
-90.0036
-89.9872
-89.9708
-89.9545
-89.9381
-89.9217
-89.9053
-89.8889
-89.8725
-89.8562
-89.8398
-89.8234
-89.807
-89.7907
-89.7743
-89.7579
-89.7416
-89.7252
-89.7089
-89.6925
-89.6762
-89.6599
-89.6435
-89.6272
-89.6109
-89.5946
-89.5783
-89.5619
-89.5456
-89.5294
-89.5131
-89.4968
-89.4805
-89.4642
-89.448
-89.4317
-89.4155
-89.3992
-89.383
-89.3668
-89.3506
-89.3344
-89.3182
-89.302
-89.2858
-89.2696
-89.2535
-89.2373
-89.2212
-89.2051
-89.1889
-89.1728
-89.1567
-89.1406
-89.1246
-89.1085
-89.0924
-89.0764
-89.0603
-89.0443
-89.0283
-89.0123
-88.9963
-88.9803
-88.9643
-88.9484
-88.9324
-88.9165
-88.9006
-88.8847
-88.8688
-88.8529
-88.837
-88.8212
-88.8053
-88.7895
-88.7737
-88.7579
-88.7421
-88.7263
-88.7106
-88.6948
-88.6791
-88.6634
-88.6477
-88.632
-88.6163
-88.6006
-88.585
-88.5694
-88.5537
-88.5381
-88.5226
-88.507
-88.4914
-88.4759
-88.4604
-88.4449
-88.4294
-88.4139
-88.3984
-88.383
-88.3675
-88.3521
-88.3367
-88.3213
-88.306
-88.2906
-88.2753
-88.26
-88.2447
-88.2294
-88.2141
-88.1989
-88.1837
-88.1684
-88.1532
-88.1381
-88.1229
-88.1077
-88.0926
-88.0775
-88.0624
-88.0473
-88.0323
-88.0172
-88.0022
-87.9872
-87.9722
-87.9572
-87.9423
-87.9273
-87.9124
-87.8975
-87.8826
-87.8678
-87.8529
-87.8381
-87.8233
-87.8085
-87.7937
-87.7789
-87.7642
-87.7495
-87.7348
-87.7201
-87.7054
-87.6908
-87.6762
-87.6616
-87.647
-87.6324
-87.6178
-87.6033
-87.5888
-87.5743
-87.5598
-87.5453
-87.5309
-87.5165
-87.5021
-87.4877
-87.4733
-87.459
-87.4446
-87.4303
-87.416
-87.4018
-87.3875
-87.3733
-87.359
-87.3448
-87.3307
-87.3165
-87.3024
-87.2882
-87.2741
-87.26
-87.246
-87.2319
-87.2179
-87.2039
-87.1899
-87.1759
-87.162
-87.148
-87.1341
-87.1202
-87.1063
-87.0925
-87.0786
-87.0648
-87.051
-87.0372
-87.0234
-87.0097
-86.996
-86.9823
-86.9686
-86.9549
-86.9412
-86.9276
-86.914
-86.9004
-86.8868
-86.8732
-86.8597
-86.8462
-86.8326
-86.8192
-86.8057
-86.7922
-86.7788
-86.7654
-86.752
-86.7386
-86.7252
-86.7119
-86.6986
-86.6853
-86.672
-86.6587
-86.6455
-86.6322
-86.619
-86.6058
-86.5926
-86.5795
-86.5663
-86.5532
-86.5401
-86.527
-86.5139
-86.5009
-86.4878
-86.4748
-86.4618
-86.4488
-86.4359
-86.4229
-86.41
-86.397
-86.3841
-86.3713
-86.3584
-86.3455
-86.3327
-86.3199
-86.3071
-86.2943
-86.2816
-86.2688
-86.2561
-86.2434
-86.2307
-86.218
-86.2053
-86.1927
-86.1801
-86.1675
-86.1549
-86.1423
-86.1297
-86.1172
-86.1046
-86.0921
-86.0796
-86.0671
-86.0547
-86.0422
-86.0298
-86.0173
-86.0049
-85.9926
-85.9802
-85.9678
-85.9555
-85.9432
-85.9309
-85.9186
-85.9063
-85.894
-85.8818
-85.8695
-85.8573
-85.8451
-85.8329
-85.8207
-85.8086
-85.7964
-85.7843
-85.7722
-85.7601
-85.748
-85.7359
-85.7239
-85.7118
-85.6998
-85.6878
-85.6758
-85.6638
-85.6518
-85.6398
-85.6279
-85.616
-85.604
-85.5921
-85.5802
-85.5683
-85.5565
-85.5446
-85.5328
-85.521
-85.5091
-85.4974
-85.4856
-85.4738
-85.462
-85.4503
-85.4385
-85.4268
-85.4151
-85.4034
-85.3917
-85.38
-85.3684
-85.3567
-85.3451
-85.3334
-85.3218
-85.3102
-85.2986
-85.287
-85.2755
-85.2639
-85.2524
-85.2408
-85.2293
-85.2178
-85.2063
-85.1948
-85.1833
-85.1718
-85.1604
-85.1489
-85.1375
-85.126
-85.1146
-85.1032
-85.0918
-85.0804
-85.069
-85.0577
-85.0463
-85.0349
-85.0236
-85.0123
-85.001
-84.9896
-84.9783
-84.967
-84.9558
-84.9445
-84.9332
-84.9219
-84.9107
-84.8994
-84.8882
-84.877
-84.8657
-84.8545
-84.8433
-84.8321
-84.8209
-84.8098
-84.7986
-84.7874
-84.7763
-84.7651
-84.754
-84.7428
-84.7317
-84.7206
-84.7095
-84.6983
-84.6872
-84.6761
-84.665
-84.654
-84.6429
-84.6318
-84.6207
-84.6097
-84.5986
-84.5876
-84.5765
-84.5655
-84.5544
-84.5434
-84.5324
-84.5214
-84.5104
-84.4993
-84.4883
-84.4773
-84.4663
-84.4553
-84.4443
-84.4333
-84.4224
-84.4114
-84.4004
-84.3894
-84.3784
-84.3675
-84.3565
-84.3456
-84.3346
-84.3236
-84.3127
-84.3017
-84.2908
-84.2798
-84.2689
-84.258
-84.247
-84.2361
-84.2251
-84.2142
-84.2033
-84.1923
-84.1814
-84.1704
-84.1595
-84.1486
-84.1376
-84.1267
-84.1158
-84.1048
-84.0939
-84.083
-84.072
-84.0611
-84.0502
-84.0392
-84.0283
-84.0173
-84.0064
-83.9955
-83.9845
-83.9736
-83.9626
-83.9516
-83.9407
-83.9297
-83.9188
-83.9078
-83.8968
-83.8858
-83.8749
-83.8639
-83.8529
-83.8419
-83.8309
-83.8199
-83.8089
-83.7979
-83.7869
-83.7759
-83.7649
-83.7539
-83.7428
-83.7318
-83.7208
-83.7097
-83.6986
-83.6876
-83.6765
-83.6654
-83.6543
-83.6432
-83.6321
-83.621
-83.6099
-83.5988
-83.5877
-83.5765
-83.5654
-83.5542
-83.543
-83.5319
-83.5207
-83.5095
-83.4983
-83.487
-83.4758
-83.4646
-83.4533
-83.442
-83.4308
-83.4195
-83.4082
-83.3968
-83.3855
-83.3742
-83.3628
-83.3515
-83.3401
-83.3287
-83.3173
-83.3059
-83.2944
-83.283
-83.2715
-83.26
-83.2485
-83.237
-83.2255
-83.2139
-83.2023
-83.1908
-83.1792
-83.1675
-83.1559
-83.1442
-83.1326
-83.1209
-83.1091
-83.0974
-83.0857
-83.0739
-83.0621
-83.0503
-83.0384
-83.0266
-83.0147
-83.0028
-82.9908
-82.9789
-82.9669
-82.9549
-82.9428
-82.9308
-82.9187
-82.9066
-82.8945
-82.8823
-82.8701
-82.8579
-82.8457
-82.8334
-82.8211
-82.8088
-82.7964
-82.784
-82.7716
-82.7592
-82.7467
-82.7342
-82.7216
-82.709
-82.6964
-82.6838
-82.6711
-82.6584
-82.6456
-82.6328
-82.62
-82.6071
-82.5942
-82.5813
-82.5683
-82.5553
-82.5422
-82.5291
-82.516
-82.5028
-82.4896
-82.4763
-82.463
-82.4496
-82.4362
-82.4227
-82.4092
-82.3957
-82.3821
-82.3684
-82.3548
-82.341
-82.3272
-82.3134
-82.2995
-82.2855
-82.2715
-82.2574
-82.2433
-82.2291
-82.2149
-82.2006
-82.1862
-82.1718
-82.1573
-82.1427
-82.1281
-82.1135
-82.0987
-82.0839
-82.0691
-82.0541
-82.0391
-82.024
-82.0088
-81.9936
-81.9783
-81.9629
-81.9474
-81.9319
-81.9163
-81.9006
-81.8848
-81.8689
-81.853
-81.8369
-81.8208
-81.8046
-81.7883
-81.7719
-81.7554
-81.7388
-81.7221
-81.7053
-81.6884
-81.6714
-81.6543
-81.6371
-81.6197
-81.6023
-81.5848
-81.5671
-81.5494
-81.5315
-81.5134
-81.4953
-81.477
-81.4586
-81.4401
-81.4215
-81.4027
-81.3837
-81.3647
-81.3455
-81.3261
-81.3066
-81.287
-81.2671
-81.2472
-81.227
-81.2067
-81.1863
-81.1656
-81.1448
-81.1238
-81.1027
-81.0813
-81.0598
-81.038
-81.0161
-80.994
-80.9716
-80.949
-80.9263
-80.9033
-80.8801
-80.8566
-80.833
-80.809
-80.7848
-80.7604
-80.7357
-80.7108
-80.6856
-80.6601
-80.6343
-80.6082
-80.5819
-80.5552
-80.5282
-80.5009
-80.4732
-80.4452
-80.4169
-80.3882
-80.3592
-80.3297
-80.2999
-80.2697
-80.2391
-80.208
-80.1765
-80.1446
-80.1122
-80.0794
-80.046
-80.0122
-79.9778
-79.9429
-79.9075
-79.8715
-79.8349
-79.7977
-79.7599
-79.7214
-79.6823
-79.6425
-79.6019
-79.5607
-79.5186
-79.4758
-79.4321
-79.3876
-79.3422
-79.2958
-79.2485
-79.2002
-79.1509
-79.1005
-79.049
-78.9962
-78.9423
-78.8871
-78.8305
-78.7725
-78.713
-78.652
-78.5894
-78.525
-78.4589
-78.3909
-78.3209
-78.2488
-78.1745
-78.0979
-78.0187
-77.9369
-77.8523
-77.7648
-77.674
-77.5798
-77.482
-77.3803
-77.2744
-77.164
-77.0486
-76.928
-76.8016
-76.6689
-76.5293
-76.3822
-76.2268
-76.0622
-75.8873
-75.7008
-75.5015
-75.2875
-75.0569
-74.8069
-74.5346
-74.2358
-73.9057
-73.5376
-73.1227
-72.6491
-72.0993
-71.4478
-70.6539
-69.6489
-68.3031
-66.3329
-62.9487
-54.7649
-16.3983
48.6679
44.366
11.7927
-11.9394
-25.2692
-38.9235
-66.8831
-93.9511
-94.9416
-94.9592
-94.9276
-94.864
-94.7601
-94.6144
-94.4373
-94.2454
-94.0546
-93.8755
-93.7136
-93.5708
-93.4467
-93.3398
-93.2484
-93.1707
-93.1048
-93.0493
-93.0027
-92.9639
-92.9317
-92.9053
-92.8839
-92.8668
-92.8533
-92.8431
-92.8355
-92.8303
-92.8271
-92.8255
-92.8254
-92.8265
-92.8286
-92.8316
-92.8352
-92.8394
-92.8441
-92.8491
-92.8543
-92.8597
-92.8653
-92.8709
-92.8765
-92.882
-92.8875
-92.8929
-92.8982
-92.9033
-92.9083
-92.913
-92.9175
-92.9219
-92.9259
-92.9298
-92.9334
-92.9367
-92.9398
-92.9427
-92.9452
-92.9476
-92.9496
-92.9514
-92.9529
-92.9542
-92.9551
-92.9559
-92.9564
-92.9566
-92.9565
-92.9562
-92.9557
-92.9549
-92.9539
-92.9526
-92.9511
-92.9494
-92.9474
-92.9453
-92.9429
-92.9402
-92.9374
-92.9343
-92.9311
-92.9276
-92.9239
-92.92
-92.916
-92.9117
-92.9073
-92.9026
-92.8978
-92.8928
-92.8876
-92.8823
-92.8767
-92.8711
-92.8652
-92.8592
-92.853
-92.8467
-92.8402
-92.8335
-92.8267
-92.8198
-92.8127
-92.8055
-92.7982
-92.7907
-92.783
-92.7753
-92.7674
-92.7593
-92.7512
-92.7429
-92.7345
-92.726
-92.7174
-92.7086
-92.6998
-92.6908
-92.6817
-92.6725
-92.6632
-92.6538
-92.6443
-92.6347
-92.625
-92.6152
-92.6053
-92.5953
-92.5852
-92.575
-92.5648
-92.5544
-92.544
-92.5334
-92.5228
-92.5121
-92.5013
-92.4904
-92.4795
-92.4685
-92.4574
-92.4462
-92.4349
-92.4236
-92.4122
-92.4007
-92.3892
-92.3776
-92.3659
-92.3541
-92.3423
-92.3304
-92.3185
-92.3065
-92.2944
-92.2823
-92.2701
-92.2578
-92.2455
-92.2331
-92.2207
-92.2082
-92.1957
-92.1831
-92.1704
-92.1577
-92.145
-92.1321
-92.1193
-92.1064
-92.0934
-92.0804
-92.0674
-92.0543
-92.0411
-92.0279
-92.0147
-92.0014
-91.9881
-91.9747
-91.9613
-91.9478
-91.9343
-91.9208
-91.9072
-91.8936
-91.8799
-91.8663
-91.8525
-91.8388
-91.825
-91.8111
-91.7972
-91.7833
-91.7694
-91.7554
-91.7414
-91.7274
-91.7133
-91.6992
-91.685
-91.6709
-91.6567
-91.6424
-91.6282
-91.6139
-91.5996
-91.5852
-91.5709
-91.5565
-91.5421
-91.5276
-91.5131
-91.4986
-91.4841
-91.4696
-91.455
-91.4404
-91.4258
-91.4112
-91.3965
-91.3818
-91.3671
-91.3524
-91.3377
-91.3229
-91.3081
-91.2933
-91.2785
-91.2637
-91.2488
-91.234
-91.2191
-91.2042
-91.1892
-91.1743
-91.1594
-91.1444
-91.1294
-91.1144
-91.0994
-91.0844
-91.0694
-91.0543
-91.0393
-91.0242
-91.0091
-90.994
-90.9789
-90.9638
-90.9487
-90.9335
-90.9184
-90.9032
-90.8881
-90.8729
-90.8577
-90.8425
-90.8273
-90.8121
-90.7969
-90.7817
-90.7665
-90.7512
-90.736
-90.7208
-90.7055
-90.6903
-90.675
-90.6597
-90.6445
-90.6292
-90.6139
-90.5987
-90.5834
-90.5681
-90.5528
-90.5376
-90.5223
-90.507
-90.4917
-90.4764
-90.4611
-90.4458
-90.4305
-90.4152
-90.4
-90.3847
-90.3694
-90.3541
-90.3388
-90.3235
-90.3083
-90.293
-90.2777
-90.2624
-90.2472
-90.2319
-90.2166
-90.2014
-90.1861
-90.1709
-90.1556
-90.1404
-90.1252
-90.1099
-90.0947
-90.0795
-90.0643
-90.0491
-90.0339
-90.0187
-90.0035
-89.9883
-89.9732
-89.958
-89.9428
-89.9277
-89.9125
-89.8974
-89.8823
-89.8672
-89.8521
-89.837
-89.8219
-89.8068
-89.7917
-89.7767
-89.7616
-89.7466
-89.7316
-89.7166
-89.7015
-89.6866
-89.6716
-89.6566
-89.6416
-89.6267
-89.6118
-89.5968
-89.5819
-89.567
-89.5521
-89.5373
-89.5224
-89.5075
-89.4927
-89.4779
-89.4631
-89.4483
-89.4335
-89.4187
-89.404
-89.3893
-89.3745
-89.3598
-89.3451
-89.3305
-89.3158
-89.3011
-89.2865
-89.2719
-89.2573
-89.2427
-89.2281
-89.2136
-89.199
-89.1845
-89.17
-89.1555
-89.1411
-89.1266
-89.1122
-89.0977
-89.0833
-89.069
-89.0546
-89.0402
-89.0259
-89.0116
-88.9973
-88.983
-88.9687
-88.9545
-88.9403
-88.9261
-88.9119
-88.8977
-88.8836
-88.8694
-88.8553
-88.8412
-88.8271
-88.8131
-88.799
-88.785
-88.771
-88.757
-88.7431
-88.7291
-88.7152
-88.7013
-88.6875
-88.6736
-88.6598
-88.6459
-88.6321
-88.6184
-88.6046
-88.5909
-88.5771
-88.5635
-88.5498
-88.5361
-88.5225
-88.5089
-88.4953
-88.4817
-88.4682
-88.4546
-88.4411
-88.4276
-88.4142
-88.4007
-88.3873
-88.3739
-88.3605
-88.3472
-88.3338
-88.3205
-88.3072
-88.294
-88.2807
-88.2675
-88.2543
-88.2411
-88.2279
-88.2148
-88.2017
-88.1886
-88.1755
-88.1625
-88.1494
-88.1364
-88.1234
-88.1105
-88.0975
-88.0846
-88.0717
-88.0589
-88.046
-88.0332
-88.0204
-88.0076
-87.9948
-87.9821
-87.9694
-87.9567
-87.944
-87.9314
-87.9188
-87.9062
-87.8936
-87.8811
-87.8685
-87.856
-87.8435
-87.8311
-87.8186
-87.8062
-87.7938
-87.7814
-87.7691
-87.7568
-87.7445
-87.7322
-87.7199
-87.7077
-87.6955
-87.6833
-87.6712
-87.659
-87.6469
-87.6348
-87.6227
-87.6107
-87.5987
-87.5867
-87.5747
-87.5627
-87.5508
-87.5389
-87.527
-87.5151
-87.5033
-87.4915
-87.4797
-87.4679
-87.4562
-87.4444
-87.4327
-87.4211
-87.4094
-87.3978
-87.3862
-87.3746
-87.363
-87.3515
-87.34
-87.3285
-87.317
-87.3055
-87.2941
-87.2827
-87.2713
-87.26
-87.2486
-87.2373
-87.226
-87.2147
-87.2035
-87.1923
-87.1811
-87.1699
-87.1588
-87.1476
-87.1365
-87.1254
-87.1144
-87.1033
-87.0923
-87.0813
-87.0703
-87.0594
-87.0484
-87.0375
-87.0267
-87.0158
-87.0049
-86.9941
-86.9833
-86.9726
-86.9618
-86.9511
-86.9404
-86.9297
-86.919
-86.9084
-86.8978
-86.8872
-86.8766
-86.8661
-86.8555
-86.845
-86.8345
-86.8241
-86.8136
-86.8032
-86.7928
-86.7824
-86.7721
-86.7617
-86.7514
-86.7411
-86.7309
-86.7206
-86.7104
-86.7002
-86.69
-86.6798
-86.6697
-86.6596
-86.6495
-86.6394
-86.6293
-86.6193
-86.6093
-86.5993
-86.5893
-86.5794
-86.5694
-86.5595
-86.5496
-86.5397
-86.5299
-86.5201
-86.5103
-86.5005
-86.4907
-86.481
-86.4713
-86.4616
-86.4519
-86.4422
-86.4326
-86.4229
-86.4133
-86.4038
-86.3942
-86.3847
-86.3751
-86.3656
-86.3561
-86.3467
-86.3372
-86.3278
-86.3184
-86.309
-86.2997
-86.2903
-86.281
-86.2717
-86.2624
-86.2531
-86.2439
-86.2347
-86.2255
-86.2163
-86.2071
-86.198
-86.1889
-86.1797
-86.1706
-86.1616
-86.1525
-86.1435
-86.1345
-86.1255
-86.1165
-86.1075
-86.0986
-86.0897
-86.0808
-86.0719
-86.063
-86.0542
-86.0453
-86.0365
-86.0277
-86.019
-86.0102
-86.0015
-85.9928
-85.9841
-85.9754
-85.9667
-85.9581
-85.9494
-85.9408
-85.9322
-85.9237
-85.9151
-85.9066
-85.898
-85.8895
-85.881
-85.8726
-85.8641
-85.8557
-85.8473
-85.8389
-85.8305
-85.8221
-85.8138
-85.8054
-85.7971
-85.7888
-85.7805
-85.7723
-85.764
-85.7558
-85.7476
-85.7394
-85.7312
-85.7231
-85.7149
-85.7068
-85.6987
-85.6906
-85.6825
-85.6744
-85.6664
-85.6584
-85.6503
-85.6423
-85.6344
-85.6264
-85.6184
-85.6105
-85.6026
-85.5947
-85.5868
-85.5789
-85.5711
-85.5632
-85.5554
-85.5476
-85.5398
-85.532
-85.5242
-85.5165
-85.5088
-85.5011
-85.4934
-85.4857
-85.478
-85.4704
-85.4627
-85.4551
-85.4475
-85.4399
-85.4323
-85.4247
-85.4172
-85.4096
-85.4021
-85.3946
-85.3871
-85.3796
-85.3721
-85.3647
-85.3573
-85.3498
-85.3424
-85.335
-85.3276
-85.3203
-85.3129
-85.3056
-85.2983
-85.291
-85.2837
-85.2764
-85.2691
-85.2619
-85.2546
-85.2474
-85.2402
-85.233
-85.2258
-85.2186
-85.2115
-85.2043
-85.1972
-85.1901
-85.183
-85.1759
-85.1688
-85.1617
-85.1547
-85.1476
-85.1406
-85.1336
-85.1266
-85.1196
-85.1126
-85.1056
-85.0987
-85.0917
-85.0848
-85.0779
-85.071
-85.0641
-85.0572
-85.0504
-85.0435
-85.0367
-85.0298
-85.023
-85.0162
-85.0094
-85.0027
-84.9959
-84.9891
-84.9824
-84.9757
-84.9689
-84.9622
-84.9555
-84.9488
-84.9422
-84.9355
-84.9288
-84.9222
-84.9156
-84.9089
-84.9023
-84.8957
-84.8891
-84.8826
-84.876
-84.8694
-84.8629
-84.8564
-84.8498
-84.8433
-84.8368
-84.8304
-84.8239
-84.8174
-84.811
-84.8045
-84.7981
-84.7917
-84.7853
-84.7789
-84.7725
-84.7661
-84.7597
-84.7534
-84.747
-84.7407
-84.7343
-84.728
-84.7217
-84.7154
-84.7091
-84.7028
-84.6966
-84.6903
-84.684
-84.6778
-84.6716
-84.6653
-84.6591
-84.6529
-84.6467
-84.6405
-84.6343
-84.6282
-84.622
-84.6159
-84.6097
-84.6036
-84.5975
-84.5914
-84.5853
-84.5792
-84.5731
-84.567
-84.5609
-84.5549
-84.5488
-84.5428
-84.5368
-84.5307
-84.5247
-84.5187
-84.5127
-84.5067
-84.5008
-84.4948
-84.4888
-84.4829
-84.4769
-84.471
-84.465
-84.4591
-84.4532
-84.4473
-84.4414
-84.4355
-84.4296
-84.4237
-84.4178
-84.412
-84.4061
-84.4003
-84.3944
-84.3886
-84.3828
-84.377
-84.3712
-84.3653
-84.3596
-84.3538
-84.348
-84.3422
-84.3364
-84.3307
-84.3249
-84.3192
-84.3135
-84.3077
-84.302
-84.2963
-84.2906
-84.2849
-84.2792
-84.2735
-84.2678
-84.2622
-84.2565
-84.2508
-84.2452
-84.2395
-84.2339
-84.2283
-84.2226
-84.217
-84.2114
-84.2058
-84.2002
-84.1946
-84.189
-84.1834
-84.1778
-84.1722
-84.1666
-84.1611
-84.1555
-84.15
-84.1444
-84.1389
-84.1333
-84.1278
-84.1223
-84.1167
-84.1112
-84.1057
-84.1002
-84.0947
-84.0892
-84.0838
-84.0783
-84.0728
-84.0673
-84.0619
-84.0564
-84.051
-84.0455
-84.0401
-84.0346
-84.0292
-84.0238
-84.0184
-84.0129
-84.0075
-84.0021
-83.9967
-83.9913
-83.9859
-83.9805
-83.9751
-83.9697
-83.9643
-83.959
-83.9536
-83.9482
-83.9428
-83.9375
-83.9321
-83.9268
-83.9214
-83.9161
-83.9107
-83.9054
-83.9001
-83.8947
-83.8894
-83.8841
-83.8788
-83.8734
-83.8681
-83.8628
-83.8575
-83.8522
-83.8469
-83.8416
-83.8364
-83.8311
-83.8258
-83.8205
-83.8152
-83.81
-83.8047
-83.7994
-83.7942
-83.7889
-83.7837
-83.7784
-83.7732
-83.7679
-83.7627
-83.7574
-83.7522
-83.7469
-83.7417
-83.7365
-83.7312
-83.726
-83.7208
-83.7155
-83.7103
-83.7051
-83.6999
-83.6947
-83.6894
-83.6842
-83.679
-83.6738
-83.6686
-83.6634
-83.6582
-83.653
-83.6478
-83.6426
-83.6374
-83.6322
-83.627
-83.6218
-83.6166
-83.6114
-83.6063
-83.6011
-83.5959
-83.5907
-83.5855
-83.5804
-83.5752
-83.57
-83.5648
-83.5597
-83.5545
-83.5493
-83.5442
-83.539
-83.5338
-83.5286
-83.5235
-83.5183
-83.5131
-83.508
-83.5028
-83.4976
-83.4925
-83.4873
-83.4821
-83.477
-83.4718
-83.4666
-83.4614
-83.4563
-83.4511
-83.4459
-83.4408
-83.4356
-83.4304
-83.4253
-83.4201
-83.4149
-83.4098
-83.4046
-83.3994
-83.3942
-83.3891
-83.3839
-83.3787
-83.3736
-83.3684
-83.3632
-83.358
-83.3529
-83.3477
-83.3425
-83.3374
-83.3322
-83.327
-83.3218
-83.3166
-83.3115
-83.3063
-83.3011
-83.2959
-83.2907
-83.2855
-83.2803
-83.2751
-83.2699
-83.2647
-83.2595
-83.2543
-83.2491
-83.2439
-83.2387
-83.2335
-83.2283
-83.223
-83.2178
-83.2126
-83.2074
-83.2021
-83.1969
-83.1917
-83.1864
-83.1812
-83.176
-83.1707
-83.1655
-83.1602
-83.155
-83.1497
-83.1444
-83.1392
-83.1339
-83.1287
-83.1234
-83.1181
-83.1128
-83.1075
-83.1023
-83.097
-83.0917
-83.0864
-83.0811
-83.0758
-83.0705
-83.0652
-83.0599
-83.0546
-83.0492
-83.0439
-83.0386
-83.0332
-83.0279
-83.0225
-83.0172
-83.0118
-83.0064
-83.0011
-82.9957
-82.9903
-82.9849
-82.9795
-82.9741
-82.9687
-82.9633
-82.9579
-82.9525
-82.9471
-82.9416
-82.9362
-82.9308
-82.9253
-82.9199
-82.9144
-82.9089
-82.9035
-82.898
-82.8925
-82.887
-82.8815
-82.876
-82.8705
-82.865
-82.8595
-82.8539
-82.8484
-82.8429
-82.8373
-82.8318
-82.8262
-82.8206
-82.8151
-82.8095
-82.8039
-82.7983
-82.7927
-82.787
-82.7814
-82.7758
-82.7701
-82.7645
-82.7588
-82.7531
-82.7474
-82.7417
-82.736
-82.7303
-82.7246
-82.7189
-82.7132
-82.7074
-82.7017
-82.6959
-82.6901
-82.6843
-82.6785
-82.6727
-82.6669
-82.6611
-82.6553
-82.6494
-82.6436
-82.6377
-82.6318
-82.6259
-82.62
-82.6141
-82.6082
-82.6023
-82.5964
-82.5904
-82.5845
-82.5785
-82.5725
-82.5665
-82.5605
-82.5545
-82.5484
-82.5424
-82.5363
-82.5302
-82.5241
-82.518
-82.5119
-82.5058
-82.4996
-82.4935
-82.4873
-82.4811
-82.4749
-82.4687
-82.4625
-82.4562
-82.45
-82.4437
-82.4374
-82.4311
-82.4248
-82.4185
-82.4121
-82.4057
-82.3994
-82.393
-82.3866
-82.3801
-82.3737
-82.3672
-82.3608
-82.3543
-82.3478
-82.3413
-82.3347
-82.3282
-82.3216
-82.315
-82.3084
-82.3017
-82.2951
-82.2884
-82.2817
-82.275
-82.2683
-82.2615
-82.2547
-82.2479
-82.2411
-82.2343
-82.2274
-82.2206
-82.2137
-82.2068
-82.1998
-82.1929
-82.1859
-82.1789
-82.1718
-82.1648
-82.1577
-82.1506
-82.1435
-82.1364
-82.1292
-82.122
-82.1148
-82.1076
-82.1004
-82.0931
-82.0858
-82.0784
-82.0711
-82.0637
-82.0563
-82.0488
-82.0414
-82.0339
-82.0263
-82.0188
-82.0112
-82.0036
-81.9959
-81.9883
-81.9806
-81.9728
-81.9651
-81.9573
-81.9495
-81.9416
-81.9337
-81.9258
-81.9179
-81.9099
-81.9019
-81.8939
-81.8858
-81.8777
-81.8695
-81.8614
-81.8532
-81.8449
-81.8366
-81.8283
-81.82
-81.8116
-81.8031
-81.7946
-81.7861
-81.7776
-81.769
-81.7603
-81.7517
-81.743
-81.7342
-81.7254
-81.7166
-81.7077
-81.6988
-81.6898
-81.6808
-81.6717
-81.6626
-81.6535
-81.6443
-81.635
-81.6258
-81.6164
-81.607
-81.5976
-81.5881
-81.5786
-81.569
-81.5593
-81.5496
-81.5399
-81.5301
-81.5202
-81.5103
-81.5003
-81.4903
-81.4802
-81.47
-81.4598
-81.4496
-81.4392
-81.4288
-81.4184
-81.4079
-81.3973
-81.3867
-81.3759
-81.3652
-81.3543
-81.3434
-81.3324
-81.3214
-81.3102
-81.299
-81.2877
-81.2764
-81.2649
-81.2534
-81.2418
-81.2301
-81.2184
-81.2065
-81.1946
-81.1826
-81.1705
-81.1583
-81.1461
-81.1337
-81.1213
-81.1087
-81.0961
-81.0834
-81.0705
-81.0576
-81.0446
-81.0314
-81.0182
-81.0048
-80.9914
-80.9778
-80.9641
-80.9503
-80.9364
-80.9224
-80.9083
-80.894
-80.8796
-80.8651
-80.8505
-80.8357
-80.8208
-80.8058
-80.7906
-80.7753
-80.7598
-80.7442
-80.7284
-80.7125
-80.6965
-80.6803
-80.6639
-80.6474
-80.6307
-80.6138
-80.5968
-80.5795
-80.5621
-80.5445
-80.5268
-80.5088
-80.4906
-80.4723
-80.4537
-80.435
-80.416
-80.3968
-80.3774
-80.3578
-80.3379
-80.3178
-80.2974
-80.2768
-80.256
-80.2348
-80.2135
-80.1918
-80.1699
-80.1477
-80.1252
-80.1024
-80.0793
-80.0558
-80.0321
-80.008
-79.9836
-79.9588
-79.9337
-79.9082
-79.8824
-79.8561
-79.8295
-79.8024
-79.7749
-79.747
-79.7186
-79.6898
-79.6605
-79.6308
-79.6005
-79.5697
-79.5383
-79.5064
-79.474
-79.441
-79.4073
-79.3731
-79.3381
-79.3025
-79.2663
-79.2292
-79.1915
-79.153
-79.1137
-79.0735
-79.0325
-78.9906
-78.9478
-78.904
-78.8592
-78.8133
-78.7664
-78.7183
-78.669
-78.6185
-78.5666
-78.5134
-78.4588
-78.4027
-78.345
-78.2857
-78.2246
-78.1617
-78.0969
-78.03
-77.961
-77.8898
-77.8161
-77.7399
-77.661
-77.5792
-77.4943
-77.4061
-77.3144
-77.2189
-77.1194
-77.0156
-76.907
-76.7933
-76.674
-76.5488
-76.4169
-76.2777
-76.1306
-75.9747
-75.8089
-75.6322
-75.4431
-75.24
-75.0211
-74.7839
-74.5255
-74.2422
-73.9295
-73.5813
-73.1897
-72.7438
-72.2282
-71.6206
-70.8861
-69.9674
-68.76
-67.0475
-64.2798
-58.4593
-36.3433
40.0609
44.745
14.5306
-11.4584
-24.6914
-38.3797
-65.4955
-93.8076
-94.9361
-94.9609
-94.9333
-94.8753
-94.7791
-94.6414
-94.4693
-94.2779
-94.0832
-93.8971
-93.7267
-93.5748
-93.4417
-93.3265
-93.2275
-93.1428
-93.0707
-93.0096
-92.958
-92.9147
-92.8785
-92.8486
-92.8239
-92.8039
-92.7879
-92.7754
-92.7658
-92.7587
-92.7538
-92.7508
-92.7493
-92.7492
-92.7503
-92.7523
-92.755
-92.7585
-92.7624
-92.7667
-92.7714
-92.7763
-92.7814
-92.7866
-92.7919
-92.7971
-92.8023
-92.8074
-92.8124
-92.8173
-92.8221
-92.8266
-92.831
-92.8351
-92.8391
-92.8428
-92.8462
-92.8495
-92.8525
-92.8552
-92.8577
-92.8599
-92.8618
-92.8635
-92.8649
-92.8661
-92.867
-92.8676
-92.868
-92.8682
-92.8681
-92.8677
-92.8671
-92.8662
-92.8651
-92.8638
-92.8622
-92.8604
-92.8583
-92.856
-92.8535
-92.8508
-92.8479
-92.8447
-92.8414
-92.8378
-92.8341
-92.8301
-92.8259
-92.8216
-92.817
-92.8123
-92.8074
-92.8023
-92.797
-92.7916
-92.786
-92.7802
-92.7742
-92.7681
-92.7618
-92.7554
-92.7488
-92.7421
-92.7352
-92.7281
-92.721
-92.7136
-92.7062
-92.6986
-92.6909
-92.683
-92.675
-92.6669
-92.6587
-92.6503
-92.6418
-92.6332
-92.6245
-92.6156
-92.6067
-92.5976
-92.5885
-92.5792
-92.5698
-92.5603
-92.5508
-92.5411
-92.5313
-92.5214
-92.5114
-92.5014
-92.4912
-92.481
-92.4706
-92.4602
-92.4497
-92.4391
-92.4284
-92.4176
-92.4068
-92.3959
-92.3849
-92.3738
-92.3626
-92.3514
-92.3401
-92.3288
-92.3173
-92.3058
-92.2942
-92.2826
-92.2709
-92.2591
-92.2473
-92.2354
-92.2234
-92.2114
-92.1993
-92.1871
-92.1749
-92.1627
-92.1504
-92.138
-92.1256
-92.1131
-92.1005
-92.088
-92.0753
-92.0627
-92.0499
-92.0371
-92.0243
-92.0114
-91.9985
-91.9855
-91.9725
-91.9595
-91.9464
-91.9332
-91.92
-91.9068
-91.8935
-91.8802
-91.8669
-91.8535
-91.8401
-91.8266
-91.8131
-91.7996
-91.786
-91.7724
-91.7588
-91.7451
-91.7314
-91.7177
-91.7039
-91.6901
-91.6763
-91.6624
-91.6485
-91.6346
-91.6207
-91.6067
-91.5927
-91.5786
-91.5646
-91.5505
-91.5364
-91.5223
-91.5081
-91.4939
-91.4797
-91.4655
-91.4513
-91.437
-91.4227
-91.4084
-91.394
-91.3797
-91.3653
-91.3509
-91.3365
-91.3221
-91.3076
-91.2932
-91.2787
-91.2642
-91.2496
-91.2351
-91.2206
-91.206
-91.1914
-91.1768
-91.1622
-91.1476
-91.133
-91.1183
-91.1037
-91.089
-91.0743
-91.0596
-91.0449
-91.0302
-91.0155
-91.0007
-90.986
-90.9712
-90.9565
-90.9417
-90.9269
-90.9121
-90.8973
-90.8825
-90.8677
-90.8529
-90.8381
-90.8233
-90.8084
-90.7936
-90.7788
-90.7639
-90.7491
-90.7342
-90.7194
-90.7045
-90.6896
-90.6748
-90.6599
-90.645
-90.6302
-90.6153
-90.6004
-90.5855
-90.5707
-90.5558
-90.5409
-90.526
-90.5112
-90.4963
-90.4814
-90.4666
-90.4517
-90.4368
-90.422
-90.4071
-90.3922
-90.3774
-90.3625
-90.3477
-90.3329
-90.318
-90.3032
-90.2883
-90.2735
-90.2587
-90.2439
-90.2291
-90.2143
-90.1995
-90.1847
-90.1699
-90.1551
-90.1403
-90.1256
-90.1108
-90.0961
-90.0813
-90.0666
-90.0519
-90.0372
-90.0225
-90.0078
-89.9931
-89.9784
-89.9637
-89.9491
-89.9344
-89.9198
-89.9051
-89.8905
-89.8759
-89.8613
-89.8467
-89.8322
-89.8176
-89.8031
-89.7885
-89.774
-89.7595
-89.745
-89.7305
-89.716
-89.7015
-89.6871
-89.6727
-89.6582
-89.6438
-89.6294
-89.6151
-89.6007
-89.5864
-89.572
-89.5577
-89.5434
-89.5291
-89.5148
-89.5005
-89.4863
-89.4721
-89.4579
-89.4437
-89.4295
-89.4153
-89.4012
-89.387
-89.3729
-89.3588
-89.3447
-89.3307
-89.3166
-89.3026
-89.2886
-89.2746
-89.2606
-89.2466
-89.2327
-89.2188
-89.2049
-89.191
-89.1771
-89.1633
-89.1494
-89.1356
-89.1218
-89.1081
-89.0943
-89.0806
-89.0668
-89.0531
-89.0395
-89.0258
-89.0122
-88.9985
-88.9849
-88.9714
-88.9578
-88.9443
-88.9307
-88.9172
-88.9038
-88.8903
-88.8769
-88.8635
-88.8501
-88.8367
-88.8233
-88.81
-88.7967
-88.7834
-88.7701
-88.7569
-88.7437
-88.7304
-88.7173
-88.7041
-88.691
-88.6779
-88.6648
-88.6517
-88.6386
-88.6256
-88.6126
-88.5996
-88.5867
-88.5737
-88.5608
-88.5479
-88.535
-88.5222
-88.5093
-88.4965
-88.4838
-88.471
-88.4583
-88.4455
-88.4329
-88.4202
-88.4075
-88.3949
-88.3823
-88.3697
-88.3572
-88.3447
-88.3322
-88.3197
-88.3072
-88.2948
-88.2824
-88.27
-88.2576
-88.2453
-88.2329
-88.2206
-88.2084
-88.1961
-88.1839
-88.1717
-88.1595
-88.1474
-88.1352
-88.1231
-88.111
-88.099
-88.0869
-88.0749
-88.0629
-88.051
-88.039
-88.0271
-88.0152
-88.0033
-87.9915
-87.9797
-87.9679
-87.9561
-87.9444
-87.9326
-87.9209
-87.9093
-87.8976
-87.886
-87.8744
-87.8628
-87.8512
-87.8397
-87.8282
-87.8167
-87.8052
-87.7938
-87.7824
-87.771
-87.7596
-87.7483
-87.737
-87.7257
-87.7144
-87.7032
-87.692
-87.6808
-87.6696
-87.6584
-87.6473
-87.6362
-87.6251
-87.6141
-87.6031
-87.592
-87.5811
-87.5701
-87.5592
-87.5483
-87.5374
-87.5265
-87.5157
-87.5049
-87.4941
-87.4833
-87.4726
-87.4618
-87.4511
-87.4405
-87.4298
-87.4192
-87.4086
-87.398
-87.3875
-87.3769
-87.3664
-87.3559
-87.3455
-87.335
-87.3246
-87.3142
-87.3039
-87.2935
-87.2832
-87.2729
-87.2626
-87.2524
-87.2422
-87.232
-87.2218
-87.2116
-87.2015
-87.1914
-87.1813
-87.1713
-87.1612
-87.1512
-87.1412
-87.1312
-87.1213
-87.1114
-87.1015
-87.0916
-87.0817
-87.0719
-87.0621
-87.0523
-87.0425
-87.0328
-87.023
-87.0133
-87.0037
-86.994
-86.9844
-86.9748
-86.9652
-86.9556
-86.9461
-86.9366
-86.9271
-86.9176
-86.9082
-86.8987
-86.8893
-86.8799
-86.8706
-86.8612
-86.8519
-86.8426
-86.8333
-86.8241
-86.8149
-86.8056
-86.7965
-86.7873
-86.7781
-86.769
-86.7599
-86.7508
-86.7418
-86.7328
-86.7237
-86.7147
-86.7058
-86.6968
-86.6879
-86.679
-86.6701
-86.6612
-86.6524
-86.6436
-86.6348
-86.626
-86.6172
-86.6085
-86.5997
-86.591
-86.5824
-86.5737
-86.5651
-86.5564
-86.5478
-86.5393
-86.5307
-86.5222
-86.5137
-86.5052
-86.4967
-86.4883
-86.4798
-86.4714
-86.463
-86.4547
-86.4463
-86.438
-86.4297
-86.4214
-86.4131
-86.4048
-86.3966
-86.3884
-86.3802
-86.372
-86.3638
-86.3557
-86.3476
-86.3395
-86.3314
-86.3234
-86.3153
-86.3073
-86.2993
-86.2913
-86.2833
-86.2754
-86.2675
-86.2596
-86.2517
-86.2438
-86.236
-86.2282
-86.2203
-86.2126
-86.2048
-86.197
-86.1893
-86.1816
-86.1739
-86.1662
-86.1585
-86.1509
-86.1432
-86.1356
-86.128
-86.1205
-86.1129
-86.1054
-86.0979
-86.0903
-86.0829
-86.0754
-86.0679
-86.0605
-86.0531
-86.0457
-86.0383
-86.031
-86.0236
-86.0163
-86.009
-86.0017
-85.9945
-85.9872
-85.98
-85.9727
-85.9655
-85.9584
-85.9512
-85.944
-85.9369
-85.9298
-85.9227
-85.9156
-85.9085
-85.9015
-85.8944
-85.8874
-85.8804
-85.8734
-85.8664
-85.8595
-85.8525
-85.8456
-85.8387
-85.8318
-85.8249
-85.8181
-85.8113
-85.8044
-85.7976
-85.7908
-85.7841
-85.7773
-85.7706
-85.7638
-85.7571
-85.7504
-85.7437
-85.7371
-85.7304
-85.7238
-85.7172
-85.7106
-85.704
-85.6974
-85.6908
-85.6843
-85.6778
-85.6712
-85.6647
-85.6583
-85.6518
-85.6453
-85.6389
-85.6325
-85.626
-85.6196
-85.6133
-85.6069
-85.6005
-85.5942
-85.5879
-85.5816
-85.5753
-85.569
-85.5627
-85.5565
-85.5502
-85.544
-85.5378
-85.5316
-85.5254
-85.5193
-85.5131
-85.507
-85.5009
-85.4948
-85.4887
-85.4826
-85.4765
-85.4704
-85.4644
-85.4584
-85.4524
-85.4463
-85.4404
-85.4344
-85.4284
-85.4225
-85.4165
-85.4106
-85.4047
-85.3988
-85.3929
-85.387
-85.3812
-85.3753
-85.3695
-85.3636
-85.3578
-85.352
-85.3463
-85.3405
-85.3347
-85.329
-85.3232
-85.3175
-85.3118
-85.3061
-85.3004
-85.2948
-85.2891
-85.2835
-85.2778
-85.2722
-85.2666
-85.261
-85.2554
-85.2499
-85.2443
-85.2388
-85.2332
-85.2277
-85.2222
-85.2167
-85.2112
-85.2057
-85.2002
-85.1948
-85.1893
-85.1839
-85.1785
-85.173
-85.1676
-85.1623
-85.1569
-85.1515
-85.1461
-85.1408
-85.1355
-85.1301
-85.1248
-85.1195
-85.1142
-85.1089
-85.1037
-85.0984
-85.0932
-85.0879
-85.0827
-85.0775
-85.0723
-85.0671
-85.0619
-85.0567
-85.0516
-85.0464
-85.0413
-85.0362
-85.0311
-85.0259
-85.0209
-85.0158
-85.0107
-85.0056
-85.0006
-84.9955
-84.9905
-84.9854
-84.9804
-84.9754
-84.9704
-84.9654
-84.9604
-84.9555
-84.9505
-84.9455
-84.9406
-84.9357
-84.9307
-84.9258
-84.9209
-84.916
-84.9111
-84.9062
-84.9014
-84.8965
-84.8917
-84.8868
-84.882
-84.8772
-84.8724
-84.8676
-84.8628
-84.858
-84.8532
-84.8484
-84.8437
-84.8389
-84.8342
-84.8294
-84.8247
-84.82
-84.8153
-84.8106
-84.8059
-84.8012
-84.7966
-84.7919
-84.7872
-84.7826
-84.778
-84.7733
-84.7687
-84.7641
-84.7595
-84.7549
-84.7503
-84.7457
-84.7412
-84.7366
-84.732
-84.7275
-84.7229
-84.7184
-84.7139
-84.7094
-84.7049
-84.7003
-84.6958
-84.6914
-84.6869
-84.6824
-84.6779
-84.6735
-84.669
-84.6646
-84.6601
-84.6557
-84.6513
-84.6469
-84.6425
-84.6381
-84.6337
-84.6293
-84.6249
-84.6205
-84.6162
-84.6118
-84.6075
-84.6031
-84.5988
-84.5945
-84.5902
-84.5858
-84.5815
-84.5772
-84.573
-84.5687
-84.5644
-84.5601
-84.5559
-84.5516
-84.5474
-84.5431
-84.5389
-84.5346
-84.5304
-84.5262
-84.522
-84.5178
-84.5136
-84.5094
-84.5052
-84.501
-84.4969
-84.4927
-84.4885
-84.4844
-84.4802
-84.4761
-84.4719
-84.4678
-84.4637
-84.4595
-84.4554
-84.4513
-84.4472
-84.4431
-84.439
-84.4349
-84.4308
-84.4268
-84.4227
-84.4186
-84.4146
-84.4105
-84.4065
-84.4024
-84.3984
-84.3944
-84.3903
-84.3863
-84.3823
-84.3783
-84.3743
-84.3703
-84.3663
-84.3623
-84.3583
-84.3544
-84.3504
-84.3464
-84.3425
-84.3385
-84.3346
-84.3306
-84.3267
-84.3227
-84.3188
-84.3149
-84.311
-84.3071
-84.3032
-84.2992
-84.2954
-84.2915
-84.2876
-84.2837
-84.2798
-84.2759
-84.2721
-84.2682
-84.2643
-84.2605
-84.2566
-84.2528
-84.2489
-84.2451
-84.2412
-84.2374
-84.2336
-84.2297
-84.2259
-84.2221
-84.2183
-84.2145
-84.2107
-84.2069
-84.2031
-84.1993
-84.1955
-84.1917
-84.1879
-84.1842
-84.1804
-84.1766
-84.1728
-84.1691
-84.1653
-84.1616
-84.1578
-84.1541
-84.1503
-84.1466
-84.1429
-84.1391
-84.1354
-84.1317
-84.128
-84.1243
-84.1205
-84.1168
-84.1131
-84.1094
-84.1057
-84.102
-84.0984
-84.0947
-84.091
-84.0873
-84.0836
-84.08
-84.0763
-84.0726
-84.069
-84.0653
-84.0617
-84.058
-84.0544
-84.0507
-84.0471
-84.0434
-84.0398
-84.0362
-84.0325
-84.0289
-84.0253
-84.0217
-84.018
-84.0144
-84.0108
-84.0072
-84.0036
-84
-83.9964
-83.9928
-83.9892
-83.9856
-83.982
-83.9784
-83.9748
-83.9712
-83.9676
-83.964
-83.9604
-83.9569
-83.9533
-83.9497
-83.9461
-83.9426
-83.939
-83.9354
-83.9319
-83.9283
-83.9248
-83.9212
-83.9177
-83.9141
-83.9106
-83.907
-83.9035
-83.8999
-83.8964
-83.8928
-83.8893
-83.8858
-83.8822
-83.8787
-83.8752
-83.8717
-83.8681
-83.8646
-83.8611
-83.8576
-83.8541
-83.8505
-83.847
-83.8435
-83.84
-83.8365
-83.833
-83.8295
-83.826
-83.8225
-83.819
-83.8155
-83.812
-83.8085
-83.805
-83.8016
-83.7981
-83.7946
-83.7911
-83.7876
-83.7841
-83.7806
-83.7772
-83.7737
-83.7702
-83.7667
-83.7632
-83.7597
-83.7563
-83.7528
-83.7493
-83.7458
-83.7424
-83.7389
-83.7354
-83.732
-83.7285
-83.725
-83.7215
-83.7181
-83.7146
-83.7111
-83.7077
-83.7042
-83.7007
-83.6973
-83.6938
-83.6904
-83.6869
-83.6834
-83.68
-83.6765
-83.6731
-83.6696
-83.6661
-83.6627
-83.6592
-83.6558
-83.6523
-83.6489
-83.6454
-83.642
-83.6385
-83.635
-83.6316
-83.6281
-83.6247
-83.6212
-83.6178
-83.6143
-83.6109
-83.6074
-83.604
-83.6005
-83.5971
-83.5936
-83.5902
-83.5867
-83.5833
-83.5798
-83.5764
-83.573
-83.5695
-83.5661
-83.5626
-83.5592
-83.5557
-83.5523
-83.5488
-83.5454
-83.5419
-83.5385
-83.535
-83.5315
-83.5281
-83.5246
-83.5212
-83.5177
-83.5143
-83.5108
-83.5074
-83.5039
-83.5004
-83.497
-83.4935
-83.49
-83.4866
-83.4831
-83.4797
-83.4762
-83.4727
-83.4693
-83.4658
-83.4623
-83.4588
-83.4554
-83.4519
-83.4484
-83.445
-83.4415
-83.438
-83.4345
-83.431
-83.4276
-83.4241
-83.4206
-83.4171
-83.4136
-83.4102
-83.4067
-83.4032
-83.3997
-83.3962
-83.3927
-83.3892
-83.3857
-83.3822
-83.3787
-83.3752
-83.3718
-83.3683
-83.3648
-83.3612
-83.3577
-83.3542
-83.3507
-83.3472
-83.3437
-83.3402
-83.3367
-83.3332
-83.3297
-83.3261
-83.3226
-83.3191
-83.3156
-83.3121
-83.3085
-83.305
-83.3015
-83.2979
-83.2944
-83.2909
-83.2873
-83.2838
-83.2802
-83.2767
-83.2731
-83.2696
-83.266
-83.2625
-83.2589
-83.2553
-83.2518
-83.2482
-83.2446
-83.241
-83.2375
-83.2339
-83.2303
-83.2267
-83.2231
-83.2195
-83.216
-83.2124
-83.2088
-83.2052
-83.2016
-83.198
-83.1943
-83.1907
-83.1871
-83.1835
-83.1799
-83.1763
-83.1726
-83.169
-83.1654
-83.1617
-83.1581
-83.1545
-83.1508
-83.1472
-83.1435
-83.1399
-83.1362
-83.1325
-83.1289
-83.1252
-83.1215
-83.1179
-83.1142
-83.1105
-83.1068
-83.1031
-83.0995
-83.0958
-83.0921
-83.0884
-83.0847
-83.081
-83.0773
-83.0735
-83.0698
-83.0661
-83.0624
-83.0586
-83.0549
-83.0512
-83.0474
-83.0437
-83.0399
-83.0362
-83.0324
-83.0286
-83.0248
-83.0211
-83.0173
-83.0135
-83.0097
-83.0059
-83.0021
-82.9983
-82.9945
-82.9907
-82.9869
-82.9831
-82.9792
-82.9754
-82.9716
-82.9677
-82.9639
-82.96
-82.9562
-82.9523
-82.9484
-82.9446
-82.9407
-82.9368
-82.9329
-82.929
-82.9251
-82.9212
-82.9173
-82.9134
-82.9095
-82.9056
-82.9017
-82.8977
-82.8938
-82.8898
-82.8859
-82.8819
-82.878
-82.874
-82.87
-82.8661
-82.8621
-82.8581
-82.8541
-82.8501
-82.8461
-82.8421
-82.8381
-82.834
-82.83
-82.826
-82.8219
-82.8179
-82.8138
-82.8098
-82.8057
-82.8016
-82.7975
-82.7934
-82.7893
-82.7852
-82.7811
-82.777
-82.7729
-82.7687
-82.7646
-82.7604
-82.7563
-82.7521
-82.748
-82.7438
-82.7396
-82.7354
-82.7312
-82.727
-82.7228
-82.7186
-82.7143
-82.7101
-82.7059
-82.7016
-82.6973
-82.6931
-82.6888
-82.6845
-82.6802
-82.6759
-82.6716
-82.6673
-82.663
-82.6586
-82.6543
-82.6499
-82.6456
-82.6412
-82.6369
-82.6325
-82.6281
-82.6237
-82.6193
-82.6149
-82.6104
-82.606
-82.6016
-82.5971
-82.5926
-82.5882
-82.5837
-82.5792
-82.5747
-82.5702
-82.5657
-82.5611
-82.5566
-82.552
-82.5475
-82.5429
-82.5383
-82.5337
-82.5291
-82.5245
-82.5199
-82.5152
-82.5106
-82.5059
-82.5013
-82.4966
-82.4919
-82.4872
-82.4825
-82.4778
-82.473
-82.4683
-82.4635
-82.4588
-82.454
-82.4492
-82.4444
-82.4396
-82.4347
-82.4299
-82.4251
-82.4202
-82.4153
-82.4104
-82.4055
-82.4006
-82.3957
-82.3908
-82.3858
-82.3809
-82.3759
-82.3709
-82.3659
-82.3609
-82.3559
-82.3508
-82.3458
-82.3407
-82.3356
-82.3305
-82.3254
-82.3203
-82.3151
-82.31
-82.3048
-82.2996
-82.2944
-82.2892
-82.284
-82.2787
-82.2735
-82.2682
-82.2629
-82.2576
-82.2523
-82.2469
-82.2416
-82.2362
-82.2308
-82.2254
-82.22
-82.2146
-82.2091
-82.2037
-82.1982
-82.1927
-82.1871
-82.1816
-82.1761
-82.1705
-82.1649
-82.1593
-82.1537
-82.148
-82.1424
-82.1367
-82.131
-82.1253
-82.1195
-82.1138
-82.108
-82.1022
-82.0964
-82.0906
-82.0847
-82.0788
-82.0729
-82.067
-82.0611
-82.0551
-82.0491
-82.0431
-82.0371
-82.0311
-82.025
-82.0189
-82.0128
-82.0066
-82.0005
-81.9943
-81.9881
-81.9819
-81.9756
-81.9693
-81.963
-81.9567
-81.9504
-81.944
-81.9376
-81.9312
-81.9247
-81.9183
-81.9118
-81.9052
-81.8987
-81.8921
-81.8855
-81.8789
-81.8722
-81.8656
-81.8589
-81.8521
-81.8454
-81.8386
-81.8317
-81.8249
-81.818
-81.8111
-81.8041
-81.7972
-81.7902
-81.7831
-81.776
-81.7689
-81.7618
-81.7546
-81.7474
-81.7402
-81.7329
-81.7257
-81.7183
-81.711
-81.7036
-81.6961
-81.6887
-81.6811
-81.6736
-81.666
-81.6584
-81.6508
-81.6431
-81.6354
-81.6276
-81.6198
-81.612
-81.6041
-81.5962
-81.5882
-81.5802
-81.5721
-81.5641
-81.5559
-81.5477
-81.5395
-81.5313
-81.523
-81.5146
-81.5062
-81.4978
-81.4893
-81.4807
-81.4721
-81.4635
-81.4548
-81.4461
-81.4373
-81.4285
-81.4196
-81.4107
-81.4017
-81.3926
-81.3836
-81.3744
-81.3652
-81.356
-81.3467
-81.3373
-81.3278
-81.3184
-81.3088
-81.2992
-81.2895
-81.2798
-81.27
-81.2601
-81.2502
-81.2402
-81.2302
-81.22
-81.2098
-81.1996
-81.1893
-81.1789
-81.1684
-81.1579
-81.1473
-81.1366
-81.1258
-81.115
-81.1041
-81.0931
-81.082
-81.0708
-81.0596
-81.0482
-81.0368
-81.0253
-81.0137
-81.0021
-80.9903
-80.9784
-80.9665
-80.9544
-80.9423
-80.9301
-80.9177
-80.9053
-80.8928
-80.8801
-80.8674
-80.8545
-80.8416
-80.8285
-80.8153
-80.802
-80.7886
-80.775
-80.7613
-80.7476
-80.7336
-80.7196
-80.7055
-80.6912
-80.6767
-80.6622
-80.6475
-80.6326
-80.6177
-80.6025
-80.5872
-80.5718
-80.5562
-80.5405
-80.5245
-80.5085
-80.4922
-80.4758
-80.4592
-80.4425
-80.4255
-80.4084
-80.3911
-80.3736
-80.3559
-80.338
-80.3199
-80.3015
-80.283
-80.2642
-80.2453
-80.2261
-80.2066
-80.187
-80.167
-80.1469
-80.1265
-80.1058
-80.0848
-80.0636
-80.0421
-80.0203
-79.9982
-79.9758
-79.9531
-79.9301
-79.9068
-79.8831
-79.8591
-79.8347
-79.81
-79.7849
-79.7594
-79.7335
-79.7073
-79.6806
-79.6535
-79.6259
-79.5979
-79.5695
-79.5405
-79.5111
-79.4811
-79.4507
-79.4197
-79.3881
-79.356
-79.3232
-79.2899
-79.2559
-79.2212
-79.1859
-79.1499
-79.1131
-79.0756
-79.0373
-78.9982
-78.9582
-78.9174
-78.8757
-78.833
-78.7893
-78.7446
-78.6988
-78.6519
-78.6039
-78.5546
-78.504
-78.4521
-78.3989
-78.3441
-78.2878
-78.2299
-78.1704
-78.109
-78.0458
-77.9805
-77.9132
-77.8437
-77.7718
-77.6974
-77.6204
-77.5406
-77.4578
-77.3718
-77.2823
-77.1892
-77.0922
-76.9909
-76.885
-76.7742
-76.658
-76.5359
-76.4075
-76.272
-76.1289
-75.9771
-75.8159
-75.6442
-75.4606
-75.2636
-75.0514
-74.8217
-74.5719
-74.2984
-73.9971
-73.6622
-73.2867
-72.8605
-72.37
-71.7952
-71.1056
-70.2524
-69.1489
-67.6237
-65.2709
-60.7946
-47.0681
21.0388
48.78
30.1995
-9.52908
-22.6767
-36.689
-61.2145
-92.7205
-94.8776
-94.9576
-94.9376
-94.8852
-94.7961
-94.6657
-94.499
-94.3099
-94.1141
-93.9246
-93.7494
-93.5922
-93.4538
-93.3336
-93.23
-93.1412
-93.0656
-93.0014
-92.9472
-92.9016
-92.8635
-92.8318
-92.8058

