-70
-56.9785
21.7099
49.897
47.7674
37.8632
17.3214
-1.09849
-12.8117
-23.6352
-34.117
-51.0373
-86.7162
-94.8648
-94.9885
-94.9815
-94.9615
-94.921
-94.8448
-94.7139
-94.5142
-94.2455
-93.9213
-93.5611
-93.1833
-92.8011
-92.4229
-92.0531
-91.6939
-91.3458
-91.0089
-90.6827
-90.3665
-90.0597
-89.7615
-89.4712
-89.1881
-88.9115
-88.6408
-88.3753
-88.1143
-87.8572
-87.6034
-87.3522
-87.1029
-86.8548
-86.6073
-86.3596
-86.1109
-85.8604
-85.6071
-85.3501
-85.0883
-84.8204
-84.545
-84.2605
-83.9649
-83.6559
-83.3309
-82.9864
-82.618
-82.2206
-81.7866
-81.3067
-80.7672
-80.1485
-79.4208
-78.535
-77.4042
-75.8542
-73.4647
-68.857
-53.845
35.1002
49.7534
46.9629
36.4422
16.6912
-0.646709
-12.2032
-22.87
-33.427
-49.3853
-84.7157
-94.8356
-94.9875
-94.9803
-94.9588
-94.9153
-94.8325
-94.6884
-94.4638
-94.1542
-93.7725
-93.3419
-92.8861
-92.4239
-91.9676
-91.5243
-91.0976
-90.6887
-90.2977
-89.924
-89.5666
-89.2245
-88.8965
-88.5814
-88.2782
-87.9857
-87.703
-87.429
-87.1627
-86.9033
-86.6497
-86.4011
-86.1567
-85.9155
-85.6766
-85.4391
-85.2021
-84.9646
-84.7255
-84.4837
-84.2379
-83.9868
-83.7287
-83.4619
-83.1842
-82.8931
-82.5856
-82.2579
-81.9052
-81.5212
-81.0977
-80.6235
-80.0824
-79.4503
-78.6893
-77.7352
-76.467
-74.6217
-71.4793
-64.0634
-26.0581
48.991
49.4847
45.4525
32.5745
11.7971
-3.561
-14.6416
-25.5228
-35.3313
-53.909
-89.554
-94.9156
-94.9863
-94.9743
-94.9457
-94.8871
-94.7752
-94.5818
-94.2884
-93.8994
-93.4395
-92.9405
-92.4294
-91.9246
-91.4369
-90.9714
-90.53
-90.1125
-89.7181
-89.3452
-88.9924
-88.658
-88.3406
-88.0387
-87.7509
-87.4759
-87.2126
-86.9597
-86.7162
-86.4812
-86.2535
-86.0324
-85.8169
-85.6062
-85.3995
-85.1958
-84.9945
-84.7947
-84.5955
-84.396
-84.1954
-83.9927
-83.7867
-83.5764
-83.3605
-83.1373
-82.9053
-82.6625
-82.4063
-82.134
-81.8419
-81.5253
-81.1784
-80.7933
-80.359
-79.8603
-79.2741
-78.5647
-77.6715
-76.4823
-74.7579
-71.8639
-65.3472
-35.5509
49.068
49.4852
45.5236
32.9166
12.4035
-3.10212
-14.2182
-25.0517
-35.0119
-53.1257
-88.9198
-94.9066
-94.9857
-94.9732
-94.9432
-94.8818
-94.7641
-94.5602
-94.2496
-93.8358
-93.3447
-92.8106
-92.2637
-91.7248
-91.206
-90.7133
-90.2487
-89.8121
-89.4022
-89.0174
-88.6557
-88.3152
-87.9943
-87.691
-87.4038
-87.1313
-86.8719
-86.6245
-86.3879
-86.1608
-85.9423
-85.7314
-85.5271
-85.3285
-85.1349
-84.9453
-84.7589
-84.575
-84.3928
-84.2115
-84.0301
-83.848
-83.6641
-83.4774
-83.2869
-83.0914
-82.8896
-82.6799
-82.4604
-82.2291
-81.9833
-81.7199
-81.435
-81.1233
-80.7782
-80.3906
-79.9479
-79.4318
-78.8143
-78.0502
-77.0604
-75.6889
-73.573
-69.603
-58.1172
15.5806
49.9659
48.7718
41.7965
24.5428
4.00432
-8.76233
-19.3239
-30.324
-42.7703
-72.2587
-94.4207
-94.9793
-94.978
-94.9543
-94.905
-94.809
-94.6363
-94.3583
-93.9651
-93.4741
-92.9196
-92.3377
-91.7563
-91.193
-90.6573
-90.1531
-89.6809
-89.2397
-88.8277
-88.4426
-88.0821
-87.7442
-87.4266
-87.1275
-86.8451
-86.5777
-86.3239
-86.0821
-85.8512
-85.63
-85.4172
-85.2119
-85.013
-84.8197
-84.6309
-84.4459
-84.2637
-84.0835
-83.9045
-83.7257
-83.5463
-83.3652
-83.1814
-82.9938
-82.8012
-82.602
-82.3946
-82.1772
-81.9473
-81.7023
-81.4386
-81.1518
-80.8364
-80.4847
-80.0865
-79.6272
-79.0854
-78.4273
-77.5973
-76.4928
-74.9005
-72.2752
-66.6556
-44.2725
47.7546
49.5535
45.8792
33.7772
13.425
-2.48945
-13.6991
-24.4906
-34.6301
-52.2054
-88.0695
-94.893
-94.984
-94.97
-94.9365
-94.8678
-94.7363
-94.5086
-94.1614
-93.6978
-93.1464
-92.546
-91.9315
-91.3275
-90.7485
-90.2017
-89.6895
-89.2114
-88.766
-88.351
-87.9638
-87.602
-87.2632
-86.9453
-86.6461
-86.3638
-86.0966
-85.8428
-85.6011
-85.37
-85.1483
-84.9347
-84.7281
-84.5274
-84.3317
-84.1399
-83.951
-83.764
-83.5781
-83.392
-83.2048
-83.0153
-82.8224
-82.6245
-82.4201
-82.2076
-81.9846
-81.7488
-81.4971
-81.2257
-80.9298
-80.6029
-80.2367
-79.8192
-79.3336
-78.7542
-78.0404
-77.1215
-75.8621
-73.9594
-70.546
-61.7506
-10.3768
49.956
49.5922
45.6037
32.394
11.0225
-4.26031
-15.3202
-26.2879
-35.8293
-55.1432
-90.4042
-94.9239
-94.9811
-94.9627
-94.9211
-94.8363
-94.6751
-94.3998
-93.989
-93.4555
-92.839
-92.1856
-91.532
-90.9013
-90.3056
-89.7494
-89.2331
-88.7548
-88.3116
-87.9006
-87.5186
-87.1629
-86.8307
-86.5195
-86.2273
-85.952
-85.6916
-85.4446
-85.2094
-84.9846
-84.7688
-84.5608
-84.3595
-84.1637
-83.9724
-83.7846
-83.5991
-83.4151
-83.2314
-83.0469
-82.8605
-82.6709
-82.4767
-82.2764
-82.0681
-81.8498
-81.619
-81.3726
-81.1067
-80.8166
-80.4958
-80.136
-79.7253
-79.2467
-78.6746
-77.9681
-77.0565
-75.8037
-73.9051
-70.4876
-61.6529
-9.90424
49.9578
49.5906
45.5738
32.2818
10.8518
-4.37999
-15.4292
-26.4067
-35.8996
-55.3163
-90.5129
-94.9249
-94.9801
-94.9607
-94.9167
-94.8272
-94.6574
-94.3679
-93.937
-93.3791
-92.7365
-92.0577
-91.3809
-90.7302
-90.1175
-89.5475
-89.0199
-88.5326
-88.0825
-87.6661
-87.2802
-86.9216
-86.5874
-86.2751
-85.9823
-85.7069
-85.4468
-85.2004
-84.9659
-84.742
-84.5272
-84.3202
-84.1198
-83.9249
-83.7343
-83.547
-83.3619
-83.1779
-82.9938
-82.8085
-82.6208
-82.4292
-82.2322
-82.0281
-81.8149
-81.5901
-81.3509
-81.0936
-80.8137
-80.5053
-80.1606
-79.7687
-79.3141
-78.774
-78.1122
-77.2674
-76.1257
-74.4424
-71.5675
-64.9827
-34.5591
49.0488
49.4675
45.4029
32.5419
11.862
-3.47772
-14.5554
-25.4226
-35.2602
-53.732
-89.4182
-94.9116
-94.9814
-94.9637
-94.9228
-94.8389
-94.6777
-94.3983
-93.975
-93.4173
-92.7659
-92.0704
-91.3721
-90.6978
-90.0616
-89.4691
-88.9208
-88.4147
-87.9475
-87.5158
-87.1161
-86.7449
-86.3994
-86.0766
-85.7741
-85.4895
-85.2208
-84.966
-84.7233
-84.4913
-84.2683
-84.0529
-83.8439
-83.6399
-83.4397
-83.242
-83.0456
-82.8492
-82.6515
-82.4509
-82.2459
-82.0346
-81.8151
-81.5848
-81.3409
-81.0798
-80.7968
-80.4861
-80.14
-79.7479
-79.2944
-78.757
-78.1003
-77.2645
-76.1388
-74.4867
-71.6876
-65.3862
-37.4474
48.925
49.4789
45.4564
32.66
11.9869
-3.40685
-14.4963
-25.3601
-35.2212
-53.6377
-89.3418
-94.9102
-94.9809
-94.9626
-94.9205
-94.8341
-94.668
-94.3802
-93.9446
-93.371
-92.7011
-91.9862
-91.2687
-90.5763
-89.9237
-89.3165
-88.7552
-88.2377
-87.7607
-87.3205
-86.9133
-86.5356
-86.1843
-85.8563
-85.549
-85.26
-84.9871
-84.7282
-84.4815
-84.2453
-84.0179
-83.7979
-83.5839
-83.3745
-83.1682
-82.9637
-82.7596
-82.5545
-82.3467
-82.1345
-81.916
-81.6889
-81.4506
-81.1978
-80.9267
-80.6322
-80.3078
-79.9447
-79.5308
-79.0485
-78.471
-77.7557
-76.8276
-75.541
-73.564
-69.9157
-59.9635
2.04138
49.9819
49.4021
44.3854
29.3307
7.62426
-6.43201
-17.2465
-28.3073
-39.0142
-63.0689
-93.387
-94.9623
-94.9748
-94.9479
-94.8906
-94.7765
-94.566
-94.2192
-93.7207
-93.0939
-92.3876
-91.6529
-90.9283
-90.2371
-89.5907
-88.9924
-88.4415
-87.9351
-87.4694
-87.0403
-86.6442
-86.2773
-85.9365
-85.6187
-85.3212
-85.0418
-84.778
-84.528
-84.29
-84.0621
-83.8429
-83.6309
-83.4246
-83.2227
-83.024
-82.8269
-82.6302
-82.4324
-82.232
-82.0273
-81.8163
-81.5969
-81.3666
-81.1221
-80.8597
-80.5745
-80.2601
-79.908
-79.5066
-79.0387
-78.4788
-77.7861
-76.8894
-75.6522
-73.7685
-70.3599
-61.5069
-9.55184
49.9579
49.5794
45.4734
31.9553
10.3933
-4.69224
-15.7114
-26.7116
-36.3009
-56.2987
-91.0829
-94.9315
-94.9773
-94.9543
-94.9033
-94.7996
-94.6037
-94.2719
-93.7826
-93.1552
-92.4395
-91.6902
-90.9496
-90.2437
-89.5846
-88.9763
-88.4179
-87.906
-87.4366
-87.0054
-86.6083
-86.2416
-85.9017
-85.5856
-85.2906
-85.0141
-84.7538
-84.5078
-84.2741
-84.0512
-83.8374
-83.6313
-83.4314
-83.2365
-83.0453
-82.8566
-82.669
-82.4812
-82.2918
-82.0993
-81.9022
-81.6984
-81.4857
-81.2617
-81.0232
-80.7662
-80.486
-80.1759
-79.8274
-79.4282
-78.961
-78.3993
-77.7002
-76.7894
-75.5218
-73.567
-69.9519
-60.1066
1.06917
49.9811
49.4266
44.52
29.6365
7.92153
-6.24122
-17.0766
-28.1338
-38.7073
-62.2963
-93.225
-94.9597
-94.9741
-94.9466
-94.8878
-94.7705
-94.5536
-94.1957
-93.6808
-93.0336
-92.3054
-91.5495
-90.8063
-90.0996
-89.441
-88.8336
-88.2763
-87.7658
-87.2979
-86.8683
-86.4729
-86.108
-85.7699
-85.4557
-85.1625
-84.8877
-84.6292
-84.3849
-84.1528
-83.9313
-83.7188
-83.5139
-83.3151
-83.1211
-82.9305
-82.7422
-82.5548
-82.3668
-82.177
-81.9836
-81.785
-81.5792
-81.3638
-81.1361
-80.8927
-80.6294
-80.3406
-80.0192
-79.6553
-79.2353
-78.7387
-78.1341
-77.3691
-76.3491
-74.8804
-72.4826
-67.5251
-49.8638
43.4606
49.62
46.1835
34.3801
13.9639
-2.26837
-13.5457
-24.3391
-34.5382
-51.9929
-87.8437
-94.8866
-94.9797
-94.9612
-94.9176
-94.8286
-94.6582
-94.3637
-93.9167
-93.3242
-92.6264
-91.8763
-91.1197
-90.3877
-89.6976
-89.0569
-88.4667
-87.925
-87.4284
-86.9726
-86.5536
-86.1673
-85.81
-85.4785
-85.1696
-84.8807
-84.6092
-84.3529
-84.1098
-83.878
-83.6558
-83.4415
-83.2338
-83.031
-82.8319
-82.6349
-82.4386
-82.2415
-82.042
-81.8383
-81.6285
-81.4103
-81.1809
-80.937
-80.6748
-80.3889
-80.0727
-79.717
-79.3091
-78.8305
-78.2528
-77.5299
-76.5801
-75.2414
-73.1323
-69.0696
-56.8912
21.6353
49.9205
48.1692
39.6535
20.8631
1.49291
-10.6292
-21.1787
-32.0358
-46.3112
-79.6996
-94.7163
-94.9785
-94.9654
-94.9273
-94.8492
-94.6989
-94.4344
-94.0208
-93.455
-92.7704
-92.0194
-91.2517
-90.5029
-89.794
-89.1344
-88.5265
-87.969
-87.4584
-86.9906
-86.5611
-86.1659
-85.801
-85.4631
-85.1489
-84.8555
-84.5803
-84.321
-84.0756
-83.842
-83.6185
-83.4035
-83.1953
-82.9925
-82.7936
-82.5973
-82.4021
-82.2064
-82.0086
-81.8071
-81.5998
-81.3845
-81.1587
-80.9191
-80.6618
-80.3819
-80.0729
-79.7259
-79.3291
-78.8649
-78.3067
-77.6117
-76.7052
-75.4416
-73.4878
-69.8607
-59.917
2.17199
49.9815
49.3944
44.3365
29.2003
7.47703
-6.53428
-17.3402
-28.4044
-39.1889
-63.5088
-93.4722
-94.9624
-94.9723
-94.9425
-94.8792
-94.7534
-94.522
-94.1423
-93.5996
-92.9216
-92.1629
-91.3791
-90.6115
-89.8846
-89.2094
-88.5891
-88.0218
-87.5038
-87.0306
-86.5975
-86.2001
-85.8343
-85.4963
-85.183
-84.8912
-84.6184
-84.3622
-84.1204
-83.8911
-83.6726
-83.4631
-83.2613
-83.0656
-82.8747
-82.6872
-82.5019
-82.3172
-82.132
-81.9446
-81.7535
-81.5567
-81.3522
-81.1375
-80.9098
-80.6653
-80.3994
-80.1062
-79.7776
-79.4027
-78.9657
-78.4432
-77.7977
-76.9654
-75.8264
-74.1195
-71.1349
-64.0152
-28.523
48.8886
49.4533
45.2773
32.0918
11.1669
-3.97877
-15.0128
-25.9261
-35.5845
-54.5288
-90.0095
-94.9181
-94.9778
-94.9557
-94.9059
-94.8037
-94.6079
-94.2711
-93.7663
-93.1103
-92.3554
-91.5616
-90.7765
-90.0294
-89.3345
-88.696
-88.1127
-87.5808
-87.0955
-86.6518
-86.2452
-85.8713
-85.5262
-85.2065
-84.909
-84.6311
-84.3702
-84.1241
-83.8909
-83.6686
-83.4557
-83.2506
-83.0517
-82.8577
-82.6673
-82.4789
-82.2912
-82.1029
-81.9123
-81.7176
-81.5172
-81.3086
-81.0894
-80.8565
-80.6061
-80.3331
-80.0312
-79.6919
-79.3034
-78.8483
-78.3006
-77.6185
-76.7289
-75.4905
-73.5824
-70.0694
-60.6464
-3.17551
49.9761
49.5055
44.9645
30.6462
8.91128
-5.6274
-16.5372
-27.5803
-37.7505
-59.8937
-92.584
-94.9504
-94.9735
-94.9456
-94.8853
-94.7642
-94.5386
-94.1635
-93.6205
-92.9356
-92.1646
-91.3656
-90.5825
-89.8411
-89.1534
-88.5224
-87.9463
-87.4212
-86.9422
-86.5043
-86.103
-85.734
-85.3934
-85.0778
-84.7842
-84.5098
-84.2522
-84.0091
-83.7786
-83.5589
-83.3482
-83.145
-82.9478
-82.7553
-82.5659
-82.3784
-82.1913
-82.0031
-81.8121
-81.6168
-81.415
-81.2045
-80.9824
-80.7455
-80.4897
-80.2095
-79.898
-79.5457
-79.1391
-78.6586
-78.0738
-77.3346
-76.351
-74.9399
-72.6554
-68.0279
-52.4369
38.6393
49.6853
46.5252
35.1794
14.8733
-1.78885
-13.1635
-23.9309
-34.2509
-51.313
-87.1133
-94.8737
-94.9786
-94.9593
-94.9138
-94.8211
-94.644
-94.338
-93.8726
-93.254
-92.5243
-91.7394
-90.9485
-90.1851
-89.4676
-88.804
-88.1952
-87.6389
-87.1311
-86.6671
-86.2423
-85.8522
-85.4928
-85.1606
-84.852
-84.5642
-84.2947
-84.0408
-83.8006
-83.5721
-83.3534
-83.1429
-82.939
-82.7401
-82.5449
-82.3518
-82.1594
-81.9661
-81.7701
-81.5697
-81.3628
-81.147
-80.9193
-80.6764
-80.4137
-80.1257
-79.8048
-79.4409
-79.0196
-78.5192
-77.9064
-77.125
-76.0716
-74.5297
-71.9442
-66.3115
-43.6093
47.8816
49.527
45.6879
33.1666
12.5132
-3.11905
-14.2603
-25.1109
-35.0643
-53.2586
-89.0236
-94.904
-94.978
-94.9568
-94.908
-94.8081
-94.6164
-94.2854
-93.7862
-93.1319
-92.3721
-91.5667
-90.765
-89.9987
-89.284
-88.6264
-88.0256
-87.4781
-86.9793
-86.524
-86.1075
-85.7252
-85.3731
-85.0474
-84.7449
-84.4627
-84.1983
-83.9491
-83.7132
-83.4885
-83.2735
-83.0663
-82.8654
-82.6695
-82.4769
-82.2862
-82.096
-81.9048
-81.7107
-81.5121
-81.3067
-81.0923
-80.8658
-80.6238
-80.3618
-80.0741
-79.7531
-79.3885
-78.9655
-78.4621
-77.8441
-77.0534
-75.9831
-74.4066
-71.735
-65.7878
-40.5451
48.5643
49.4951
45.5225
32.7698
12.0534
-3.39316
-14.4934
-25.3615
-35.2264
-53.6525
-89.3502
-94.9087
-94.9777
-94.9559
-94.9062
-94.8043
-94.6089
-94.2717
-93.7643
-93.1011
-92.333
-91.5211
-90.7147
-89.9454
-89.2288
-88.5703
-87.9692
-87.4218
-86.9233
-86.4686
-86.0526
-85.671
-85.3195
-84.9944
-84.6926
-84.411
-84.147
-83.8984
-83.6629
-83.4387
-83.2239
-83.017
-82.8163
-82.6205
-82.4279
-82.2372
-82.0468
-81.8552
-81.6607
-81.4613
-81.2551
-81.0394
-80.8113
-80.5672
-80.3025
-80.0112
-79.6855
-79.3146
-78.8828
-78.3669
-77.7302
-76.9102
-75.789
-74.1123
-71.1925
-64.3007
-30.8072
48.9847
49.4469
45.2502
32.0465
11.139
-3.9861
-15.0159
-25.9276
-35.5838
-54.5262
-90.008
-94.9177
-94.977
-94.954
-94.9021
-94.7958
-94.5923
-94.2424
-93.7186
-93.0388
-92.2571
-91.4361
-90.6252
-89.8549
-89.1398
-88.4842
-87.8868
-87.3435
-86.8491
-86.3984
-85.9863
-85.6083
-85.2602
-84.9383
-84.6394
-84.3606
-84.0993
-83.853
-83.6199
-83.3978
-83.1851
-82.9802
-82.7815
-82.5875
-82.3967
-82.2078
-82.0192
-81.8294
-81.6367
-81.4393
-81.235
-81.0213
-80.7953
-80.5535
-80.2913
-80.0028
-79.6803
-79.3131
-78.8858
-78.3756
-77.7465
-76.9375
-75.8339
-74.1899
-71.3486
-64.7558
-33.9449
49.0163
49.4515
45.2874
32.1742
11.3309
-3.84894
-14.8908
-25.7904
-35.4975
-54.3141
-89.8568
-94.9157
-94.9771
-94.9543
-94.9027
-94.797
-94.5945
-94.246
-93.7237
-93.0445
-92.2622
-91.4392
-90.6252
-89.8512
-89.1322
-88.4729
-87.872
-87.3256
-86.8285
-86.3753
-85.9612
-85.5814
-85.2317
-84.9085
-84.6084
-84.3285
-84.0662
-83.8191
-83.5851
-83.3623
-83.1489
-82.9432
-82.7436
-82.5487
-82.3571
-82.1672
-81.9775
-81.7864
-81.5923
-81.3931
-81.1868
-80.9708
-80.742
-80.4966
-80.23
-79.936
-79.6064
-79.2297
-78.7895
-78.2613
-77.6055
-76.754
-75.577
-73.7855
-70.566
-62.4204
-16.9823
49.8603
49.5304
45.3895
31.9786
10.6428
-4.4555
-15.4779
-26.4491
-35.9148
-55.349
-90.54
-94.9235
-94.9754
-94.9504
-94.8946
-94.7809
-94.5648
-94.197
-93.6527
-92.9541
-92.1587
-91.3297
-90.5155
-89.7455
-89.033
-88.3815
-87.789
-87.2512
-86.7625
-86.3177
-85.9115
-85.5395
-85.1974
-84.8816
-84.5888
-84.3162
-84.061
-83.8212
-83.5945
-83.3791
-83.1733
-82.9756
-82.7844
-82.5984
-82.4161
-82.2363
-82.0576
-81.8785
-81.6976
-81.5132
-81.3236
-81.1265
-80.9197
-80.7002
-80.4642
-80.2072
-79.9233
-79.6045
-79.2397
-78.8133
-78.3015
-77.6667
-76.8447
-75.7138
-74.0082
-71.0003
-63.7245
-26.578
48.7452
49.4572
45.277
32.0364
11.039
-4.08351
-15.1123
-26.0371
-35.6553
-54.7043
-90.1292
-94.9189
-94.9764
-94.9527
-94.8994
-94.7902
-94.5817
-94.224
-93.6903
-93
-92.2088
-91.3802
-90.5638
-89.7901
-89.0733
-88.4176
-87.8212
-87.2798
-86.7881
-86.3407
-85.9324
-85.5586
-85.2151
-84.8982
-84.6046
-84.3313
-84.0758
-83.8357
-83.609
-83.3938
-83.1884
-82.9912
-82.8008
-82.6157
-82.4346
-82.2562
-82.079
-81.9018
-81.7231
-81.5413
-81.3547
-81.1612
-80.9585
-80.7438
-80.5138
-80.264
-79.9889
-79.6812
-79.3309
-78.9235
-78.4379
-77.8409
-77.077
-76.044
-74.5286
-71.9849
-66.4559
-44.4182
47.5895
49.537
45.7434
33.3083
12.6882
-3.01113
-14.1675
-25.0102
-34.9973
-53.0966
-88.8837
-94.9017
-94.9775
-94.9557
-94.9058
-94.8036
-94.6076
-94.2695
-93.7594
-93.0905
-92.3135
-91.49
-90.6709
-89.889
-89.1609
-88.4925
-87.8833
-87.3296
-86.8264
-86.3685
-85.9507
-85.5682
-85.2168
-84.8928
-84.5926
-84.3133
-84.0522
-83.8068
-83.5752
-83.3552
-83.1451
-82.9432
-82.7481
-82.5583
-82.3723
-82.1888
-82.0062
-81.8232
-81.6382
-81.4494
-81.2549
-81.0525
-80.8396
-80.613
-80.3687
-80.1018
-79.8056
-79.4712
-79.0864
-78.6329
-78.0833
-77.3925
-76.4813
-75.1931
-73.1618
-69.2664
-57.831
16.1159
49.9601
48.6685
41.2955
23.4355
3.03674
-9.51541
-20.0427
-31.0134
-44.1696
-75.3858
-94.5712
-94.9755
-94.9643
-94.9249
-94.8439
-94.6866
-94.4071
-93.9658
-93.3576
-92.6196
-91.8105
-90.9865
-90.1872
-89.4356
-88.7416
-88.1072
-87.5299
-87.0054
-86.5285
-86.0941
-85.6974
-85.3338
-84.9994
-84.6906
-84.4042
-84.1374
-83.8876
-83.6527
-83.4306
-83.2194
-83.0175
-82.8233
-82.6354
-82.4523
-82.2727
-82.0952
-81.9186
-81.7413
-81.5617
-81.3783
-81.1892
-80.9921
-80.7846
-80.5634
-80.3247
-80.0636
-79.7737
-79.4461
-79.0689
-78.6241
-78.085
-77.4078
-76.5157
-75.2581
-73.286
-69.5498
-58.915
9.16403
49.9796
49.1284
43.0847
26.6372
5.29908
-7.95444
-18.6131
-29.6666
-41.5157
-69.2795
-94.2099
-94.971
-94.9671
-94.9312
-94.8562
-94.7092
-94.4434
-94.0166
-93.4192
-92.6858
-91.8763
-91.0489
-90.2456
-89.4904
-88.7938
-88.158
-87.5805
-87.0567
-86.5815
-86.1494
-85.7556
-85.3955
-85.0651
-84.7608
-84.4794
-84.218
-83.9743
-83.7459
-83.5309
-83.3275
-83.1341
-82.9492
-82.7714
-82.5995
-82.4323
-82.2686
-82.1072
-81.9469
-81.7866
-81.625
-81.4607
-81.2922
-81.1178
-80.9355
-80.7428
-80.537
-80.3145
-80.0707
-79.7998
-79.4938
-79.1417
-78.7279
-78.2286
-77.6061
-76.7958
-75.6755
-73.9772
-70.965
-63.62
-25.6417
48.9746
49.4654
45.3109
32.1228
11.1468
-4.01352
-15.0503
-25.9702
-35.6149
-54.6051
-90.0607
-94.9179
-94.9762
-94.9522
-94.8983
-94.7881
-94.5775
-94.2167
-93.6787
-92.9832
-92.1868
-91.3536
-90.5338
-89.7578
-89.0403
-88.3851
-87.7905
-87.252
-86.7642
-86.3216
-85.9188
-85.5512
-85.2146
-84.9052
-84.6196
-84.355
-84.1088
-83.8788
-83.6628
-83.4591
-83.2661
-83.0823
-82.9064
-82.737
-82.573
-82.4134
-82.2569
-82.1026
-81.9494
-81.7961
-81.6415
-81.4845
-81.3236
-81.1572
-80.9835
-80.8003
-80.6051
-80.3946
-80.1649
-79.9107
-79.6251
-79.2986
-78.918
-78.4638
-77.9056
-77.1932
-76.2365
-74.8514
-72.5885
-67.9569
-52.1219
39.2916
49.6785
46.5053
35.179
14.9424
-1.71223
-13.0886
-23.8442
-34.1821
-51.1472
-86.9311
-94.8706
-94.9778
-94.9577
-94.9104
-94.814
-94.6301
-94.3123
-93.8289
-93.1865
-92.429
-91.6153
-90.797
-90.0095
-89.2719
-88.5925
-87.9719
-87.4077
-86.8951
-86.4292
-86.0049
-85.6175
-85.2625
-84.9362
-84.635
-84.3558
-84.0959
-83.8528
-83.6244
-83.4087
-83.204
-83.0086
-82.821
-82.6399
-82.4639
-82.2918
-82.1223
-81.9541
-81.786
-81.6167
-81.4445
-81.268
-81.0852
-80.8939
-80.6918
-80.4755
-80.2411
-79.9837
-79.6966
-79.3711
-78.9945
-78.5486
-78.0054
-77.3193
-76.4095
-75.1153
-73.0589
-69.0677
-57.0526
20.5887
49.9298
48.2728
39.9877
21.3839
1.80742
-10.3938
-20.9204
-31.8046
-45.8154
-78.7579
-94.6884
-94.9765
-94.9622
-94.9206
-94.8352
-94.6708
-94.3809
-93.9278
-93.3089
-92.5626
-91.748
-90.9207
-90.1197
-89.3674
-88.6736
-88.04
-87.4641
-86.9416
-86.4672
-86.0357
-85.6422
-85.2823
-84.9519
-84.6474
-84.3656
-84.1037
-83.8593
-83.63
-83.4139
-83.2092
-83.0143
-82.8276
-82.6477
-82.4734
-82.3034
-82.1365
-81.9715
-81.807
-81.6418
-81.4746
-81.3037
-81.1276
-80.9442
-80.7511
-80.5457
-80.3244
-80.083
-79.8156
-79.5149
-79.1704
-78.7674
-78.2836
-77.6844
-76.911
-75.8539
-74.2802
-71.5774
-65.4324
-38.2468
48.8241
49.4783
45.4462
32.611
11.8997
-3.47343
-14.5579
-25.4284
-35.2671
-53.7501
-89.4296
-94.9095
-94.9768
-94.9538
-94.9016
-94.7948
-94.5902
-94.2379
-93.7091
-93.0201
-92.2249
-91.3873
-90.5588
-89.7717
-89.042
-88.3747
-87.7687
-87.2198
-86.7226
-86.2716
-85.8615
-85.4875
-85.1451
-84.8306
-84.5405
-84.2719
-84.022
-83.7885
-83.5693
-83.3626
-83.1667
-82.98
-82.8012
-82.629
-82.4621
-82.2994
-82.1397
-81.9819
-81.8249
-81.6675
-81.5083
-81.3461
-81.1793
-81.0061
-80.8245
-80.632
-80.4257
-80.2017
-79.9554
-79.6804
-79.3683
-79.0072
-78.58
-78.0606
-77.407
-76.5454
-75.3325
-73.4411
-69.9068
-60.206
0.0927628
49.98
49.447
44.6361
29.9049
8.18886
-6.07048
-16.9248
-27.9781
-38.4344
-61.6097
-93.0622
-94.9558
-94.9707
-94.9394
-94.8725
-94.7388
-94.4917
-94.0841
-93.4996
-92.7686
-91.952
-91.1118
-90.2937
-89.5241
-88.8149
-88.1685
-87.5826
-87.0522
-86.572
-86.1364
-85.7402
-85.3788
-85.0479
-84.7438
-84.4633
-84.2036
-83.9619
-83.7362
-83.5244
-83.3248
-83.1356
-82.9556
-82.7832
-82.6174
-82.4569
-82.3007
-82.1477
-81.9967
-81.8469
-81.697
-81.5459
-81.3924
-81.2351
-81.0724
-80.9024
-80.7232
-80.5321
-80.3259
-80.1006
-79.8512
-79.5706
-79.2497
-78.8753
-78.4279
-77.8777
-77.1749
-76.2306
-74.8636
-72.6326
-68.0836
-52.7017
37.8452
49.6985
46.6145
35.443
15.2561
-1.5444
-12.9549
-23.7003
-34.0771
-50.901
-86.646
-94.8654
-94.9775
-94.9573
-94.9096
-94.8125
-94.6274
-94.3076
-93.821
-93.1737
-92.4101
-91.5899
-90.7652
-89.9721
-89.2302
-88.5475
-87.925
-87.3598
-86.8474
-86.3825
-85.9599
-85.5749
-85.2229
-84.9001
-84.6029
-84.3281
-84.0731
-83.8354
-83.6128
-83.4033
-83.2053
-83.0172
-82.8375
-82.665
-82.4983
-82.3364
-82.1781
-82.0222
-81.8677
-81.7135
-81.5583
-81.4008
-81.2397
-81.0733
-80.8997
-80.717
-80.5222
-80.3123
-80.0832
-79.8295
-79.5444
-79.2182
-78.8376
-78.3823
-77.8215
-77.1036
-76.1352
-74.7246
-72.3961
-67.536
-50.1101
42.9159
49.6267
46.2258
34.4979
14.1245
-2.16745
-13.4592
-24.2442
-34.4697
-51.8287
-87.6731
-94.8827
-94.9773
-94.9561
-94.907
-94.8066
-94.6153
-94.2853
-93.7858
-93.1259
-92.3523
-91.5257
-90.6981
-89.9044
-89.1635
-88.4827
-87.8626
-87.3001
-86.7903
-86.328
-85.9079
-85.5252
-85.1755
-84.8548
-84.5595
-84.2867
-84.0335
-83.7974
-83.5765
-83.3686
-83.1722
-82.9856
-82.8074
-82.6364
-82.4713
-82.311
-82.1543
-82.0002
-81.8475
-81.6952
-81.5421
-81.3869
-81.2283
-81.0646
-80.8942
-80.7149
-80.5242
-80.319
-80.0953
-79.8484
-79.5714
-79.2554
-78.8879
-78.4504
-77.9146
-77.2338
-76.3256
-75.0246
-72.9388
-68.832
-56.0817
25.4984
49.8768
47.7802
38.5201
19.2643
0.62634
-11.2664
-21.8695
-32.6285
-47.6008
-81.9723
-94.7717
-94.977
-94.9601
-94.9161
-94.8264
-94.6545
-94.3544
-93.8899
-93.2607
-92.5069
-91.6877
-90.8578
-90.0558
-89.3035
-88.6106
-87.9785
-87.4049
-86.8851
-86.414
-85.9862
-85.597
-85.2417
-84.9163
-84.6172
-84.3412
-84.0856
-83.8478
-83.6256
-83.4171
-83.2205
-83.0343
-82.857
-82.6874
-82.5241
-82.3662
-82.2125
-82.0619
-81.9134
-81.7661
-81.6187
-81.4702
-81.3194
-81.1648
-81.005
-80.8382
-80.6623
-80.4749
-80.2726
-80.0517
-79.8072
-79.5324
-79.2182
-78.8519
-78.4147
-77.8779
-77.1941
-76.2787
-74.9621
-72.8374
-68.6057
-55.1059
29.7939
49.8175
47.3427
37.3153
17.6353
-0.254036
-11.9374
-22.598
-33.2278
-48.9424
-84.0688
-94.8169
-94.9772
-94.9588
-94.9132
-94.8204
-94.6435
-94.3364
-93.8645
-93.2297
-92.4732
-91.6539
-90.8257
-90.0263
-89.2769
-88.5868
-87.9575
-87.3864
-86.8691
-86.4002
-85.9746
-85.5875
-85.2342
-84.9108
-84.6136
-84.3396
-84.0859
-83.8501
-83.63
-83.4236
-83.2292
-83.0453
-82.8704
-82.7034
-82.5429
-82.3879
-82.2373
-82.0902
-81.9456
-81.8024
-81.6597
-81.5164
-81.3713
-81.2233
-81.0709
-80.9127
-80.7467
-80.5707
-80.3821
-80.1777
-79.9532
-79.7031
-79.4202
-79.0944
-78.7115
-78.2503
-77.6775
-76.937
-75.9256
-74.4263
-71.8798
-66.2522
-43.0767
48.0113
49.5272
45.7144
33.2952
12.7449
-2.94396
-14.0994
-24.9314
-34.9394
-52.9541
-88.7624
-94.8998
-94.9769
-94.9544
-94.9031
-94.7981
-94.5973
-94.2515
-93.7311
-93.0494
-92.2581
-91.4201
-90.5873
-89.7935
-89.0559
-88.3805
-87.767
-87.2115
-86.7089
-86.2537
-85.8405
-85.4645
-85.1211
-84.8065
-84.5172
-84.2501
-84.0025
-83.7721
-83.5567
-83.3545
-83.1637
-82.9829
-82.8107
-82.646
-82.4875
-82.3341
-82.1848
-82.0386
-81.8946
-81.7518
-81.609
-81.4654
-81.3196
-81.1704
-81.0165
-80.856
-80.6872
-80.5077
-80.3146
-80.1044
-79.8726
-79.6132
-79.3182
-78.9765
-78.5719
-78.0802
-77.4626
-76.6522
-75.5206
-73.7839
-70.6434
-62.6765
-18.4308
49.8133
49.5254
45.4365
32.2184
11.0514
-4.15258
-15.1974
-26.1414
-35.7294
-54.8918
-90.2479
-94.9194
-94.9748
-94.9493
-94.8923
-94.776
-94.555
-94.1783
-93.6202
-92.903
-92.0861
-91.2349
-90.4004
-89.6129
-88.8867
-88.2254
-87.6269
-87.0864
-86.5983
-86.1567
-85.7563
-85.3921
-85.0598
-84.7555
-84.4758
-84.2177
-83.9787
-83.7565
-83.5489
-83.3544
-83.1712
-82.9979
-82.8333
-82.6761
-82.5254
-82.38
-82.2391
-82.1018
-81.9671
-81.8342
-81.7023
-81.5704
-81.4375
-81.3026
-81.1646
-81.0223
-80.874
-80.7183
-80.5529
-80.3753
-80.1827
-79.971
-79.7351
-79.4685
-79.162
-78.8027
-78.3717
-77.8396
-77.1584
-76.2417
-74.9152
-72.7582
-68.4086
-54.1546
33.4362
49.7645
47.0094
36.4659
16.5724
-0.804271
-12.3584
-23.0512
-33.5823
-49.7501
-85.2036
-94.8393
-94.9773
-94.958
-94.9114
-94.8166
-94.6361
-94.3235
-93.8452
-93.2042
-92.4427
-91.6197
-90.789
-89.9879
-89.2374
-88.5465
-87.9166
-87.3452
-86.8276
-86.3587
-85.9332
-85.5462
-85.1931
-84.8699
-84.573
-84.2993
-84.046
-83.8105
-83.5907
-83.3846
-83.1906
-83.007
-82.8324
-82.6656
-82.5054
-82.3507
-82.2004
-82.0535
-81.909
-81.766
-81.6233
-81.4801
-81.335
-81.1868
-81.0343
-80.8756
-80.7091
-80.5324
-80.3428
-80.1369
-79.9105
-79.6578
-79.3713
-79.0406
-78.6507
-78.1792
-77.5909
-76.8256
-75.7711
-74.1865
-71.4296
-65.0193
-35.269
48.9919
49.4645
45.3851
32.4862
11.7815
-3.53383
-14.6059
-25.4781
-35.2968
-53.8216
-89.4871
-94.9102
-94.9763
-94.9527
-94.8993
-94.79
-94.5808
-94.221
-93.6815
-92.9795
-92.1704
-91.3195
-90.4793
-89.6825
-88.9454
-88.2727
-87.6632
-87.1125
-86.6149
-86.1648
-85.7567
-85.3855
-85.0468
-84.7366
-84.4515
-84.1884
-83.9446
-83.7178
-83.5059
-83.3071
-83.1197
-82.9422
-82.7733
-82.6118
-82.4565
-82.3064
-82.1606
-82.0179
-81.8776
-81.7386
-81.5999
-81.4606
-81.3194
-81.1754
-81.027
-80.8728
-80.711
-80.5393
-80.3553
-80.1557
-79.9364
-79.6921
-79.4157
-79.0975
-78.7235
-78.2735
-77.7154
-76.9957
-76.0167
-74.5755
-72.1599
-66.9731
-47.107
46.0835
49.577
45.9731
33.9134
13.4663
-2.52476
-13.7486
-24.5535
-34.6832
-52.3375
-88.1874
-94.8909
-94.9769
-94.9548
-94.9042
-94.8006
-94.6029
-94.2625
-93.7487
-93.0728
-92.2842
-91.4448
-90.6075
-89.8069
-89.0614
-88.3781
-87.7569
-87.1943
-86.6855
-86.2247
-85.8068
-85.4267
-85.08
-84.7625
-84.4708
-84.2017
-83.9525
-83.7207
-83.5042
-83.3011
-83.1097
-82.9285
-82.756
-82.591
-82.4324
-82.279
-82.1298
-81.9839
-81.8401
-81.6976
-81.5552
-81.4119
-81.2666
-81.1179
-80.9644
-80.8044
-80.636
-80.4568
-80.264
-80.0538
-79.8218
-79.5617
-79.2655
-78.9217
-78.5137
-78.0163
-77.3892
-76.5619
-75.3988
-73.5936
-70.264
-61.4345
-8.91705
49.9601
49.5753
45.4561
31.9389
10.4074
-4.6712
-15.689
-26.6855
-36.2594
-56.1972
-91.0265
-94.9288
-94.9731
-94.9453
-94.8841
-94.7599
-94.5257
-94.1309
-93.5529
-92.8183
-91.989
-91.1307
-90.2932
-89.5057
-88.7812
-88.1229
-87.528
-86.9916
-86.5079
-86.0709
-85.6752
-85.3158
-84.9883
-84.6889
-84.4143
-84.1613
-83.9275
-83.7106
-83.5086
-83.3197
-83.1424
-82.9753
-82.8171
-82.6667
-82.5231
-82.3854
-82.2526
-82.124
-81.9987
-81.8761
-81.7553
-81.6355
-81.5161
-81.3962
-81.2749
-81.1512
-81.0241
-80.8924
-80.7547
-80.6093
-80.4543
-80.2873
-80.1052
-79.9044
-79.6799
-79.4254
-79.1318
-78.7866
-78.3718
-77.859
-77.2023
-76.3199
-75.0478
-72.9983
-68.9505
-56.3908
24.2445
49.8934
47.934
39.0133
20.0453
1.12055
-10.876
-21.4373
-32.2511
-46.769
-80.5401
-94.7376
-94.9766
-94.9607
-94.9173
-94.8287
-94.6586
-94.3602
-93.8961
-93.2647
-92.5057
-91.6794
-90.8418
-90.0327
-89.2746
-88.5774
-87.9426
-87.3676
-86.8478
-86.3778
-85.9522
-85.566
-85.2144
-84.8935
-84.5994
-84.3291
-84.0797
-83.8487
-83.6339
-83.4334
-83.2454
-83.0685
-82.9014
-82.7426
-82.5912
-82.4462
-82.3065
-82.1713
-82.0397
-81.9109
-81.7842
-81.6585
-81.5332
-81.4074
-81.2801
-81.1502
-81.0167
-80.8781
-80.7331
-80.5797
-80.4159
-80.239
-80.0457
-79.8316
-79.5914
-79.3175
-78.9997
-78.6232
-78.1661
-77.5937
-76.8468
-75.8157
-74.2657
-71.5763
-65.3805
-37.3377
48.8971
49.4796
45.478
32.7488
12.134
-3.29852
-14.3971
-25.2499
-35.1473
-53.4563
-89.195
-94.9062
-94.9764
-94.9532
-94.9004
-94.7923
-94.5852
-94.2285
-93.6923
-92.9925
-92.1839
-91.3319
-90.4897
-89.6904
-88.9509
-88.2762
-87.6653
-87.1137
-86.6158
-86.1659
-85.7585
-85.3885
-85.0513
-84.743
-84.4602
-84.1997
-83.9588
-83.7352
-83.5269
-83.332
-83.1488
-82.976
-82.8121
-82.6562
-82.5069
-82.3635
-82.2249
-82.0902
-81.9586
-81.8293
-81.7014
-81.5741
-81.4465
-81.3176
-81.1865
-81.0519
-80.9125
-80.767
-80.6135
-80.4499
-80.2737
-80.0816
-79.8694
-79.6321
-79.3622
-79.0502
-78.6819
-78.2368
-77.6823
-76.964
-75.982
-74.5276
-72.0692
-66.7106
-45.4615
47.0968
49.5571
45.8779
33.7078
13.2545
-2.63251
-13.8334
-24.6426
-34.742
-52.4779
-88.3252
-94.8932
-94.9768
-94.9545
-94.9034
-94.7988
-94.5988
-94.2539
-93.7331
-93.0484
-92.2507
-91.4035
-90.5603
-89.7557
-89.0081
-88.3239
-87.7029
-87.1414
-86.6341
-86.1753
-85.7595
-85.3818
-85.0375
-84.7226
-84.4335
-84.167
-83.9205
-83.6915
-83.4779
-83.2778
-83.0894
-82.9113
-82.7421
-82.5806
-82.4257
-82.2762
-82.1312
-81.9897
-81.8507
-81.7135
-81.5768
-81.4398
-81.3015
-81.1606
-81.0158
-80.8658
-80.7087
-80.5427
-80.3651
-80.1731
-79.9628
-79.7294
-79.4662
-79.1646
-78.8121
-78.3905
-77.8718
-77.2103
-76.3248
-75.0532
-73.0122
-69.0006
-56.6589
22.7611
49.9093
48.072
39.4001
20.5646
1.382
-10.6921
-21.2407
-32.0833
-46.4086
-79.8813
-94.7195
-94.9762
-94.9605
-94.9168
-94.8276
-94.6562
-94.355
-93.886
-93.2473
-92.4793
-91.6432
-90.7962
-89.9784
-89.2129
-88.5093
-87.8692
-87.29
-86.7667
-86.2939
-85.866
-85.4778
-85.1247
-84.8024
-84.5073
-84.236
-83.9856
-83.7537
-83.5381
-83.3367
-83.1479
-82.9701
-82.8019
-82.6421
-82.4895
-82.3431
-82.2019
-82.065
-81.9315
-81.8006
-81.6713
-81.5429
-81.4144
-81.2849
-81.1532
-81.0184
-80.8791
-80.7337
-80.5806
-80.4176
-80.2422
-80.0512
-79.8405
-79.6048
-79.3371
-79.0277
-78.6627
-78.2218
-77.6728
-76.9619
-75.9912
-74.5559
-72.1382
-66.9083
-46.5723
46.4442
49.5709
45.9478
33.8686
13.4347
-2.53254
-13.7515
-24.555
-34.6826
-52.3353
-88.1872
-94.891
-94.9767
-94.9544
-94.9032
-94.7986
-94.5986
-94.2541
-93.7341
-93.0503
-92.2534
-91.4068
-90.5639
-89.7598
-89.0129
-88.3299
-87.7105
-87.1511
-86.6463
-86.1905
-85.7783
-85.4044
-85.0644
-84.7542
-84.4703
-84.2094
-83.9689
-83.7463
-83.5396
-83.3469
-83.1665
-82.997
-82.8371
-82.6858
-82.5417
-82.4042
-82.2722
-82.145
-82.0218
-81.9019
-81.7845
-81.6689
-81.5544
-81.4404
-81.3259
-81.2103
-81.0926
-80.9719
-80.847
-80.7166
-80.5792
-80.4331
-80.276
-80.1052
-79.9174
-79.7083
-79.472
-79.2008
-78.8841
-78.5062
-78.0439
-77.46
-76.6907
-75.6152
-73.9684
-71.0216
-63.7733
-26.007
48.8995
49.472
45.3842
32.3832
11.5418
-3.73153
-14.7933
-25.6881
-35.4367
-54.1674
-89.7474
-94.9133
-94.9756
-94.951
-94.8959
-94.7831
-94.5676
-94.1982
-93.6466
-92.9324
-92.1135
-91.2563
-90.4132
-89.6164
-88.8814
-88.2125
-87.608
-87.0633
-86.5724
-86.1296
-85.7293
-85.3664
-85.0364
-84.7354
-84.4599
-84.2068
-83.9737
-83.7581
-83.558
-83.3717
-83.1976
-83.0342
-82.8805
-82.7353
-82.5976
-82.4665
-82.3412
-82.221
-82.1051
-81.993
-81.8839
-81.7773
-81.6726
-81.5692
-81.4665
-81.3638
-81.2606
-81.156
-81.0493
-80.9397
-80.826
-80.7072
-80.582
-80.4487
-80.3054
-80.1497
-79.9788
-79.7888
-79.5748
-79.3304
-79.0466
-78.7108
-78.3049
-77.8
-77.1496
-76.2702
-74.9948
-72.9233
-68.7819
-55.5758
27.9908
49.8462
47.5673
38.0007
18.6772
0.395953
-11.4109
-22.015
-32.7388
-47.8372
-82.3698
-94.7815
-94.9769
-94.9596
-94.9151
-94.8242
-94.6504
-94.3467
-93.8767
-93.2397
-92.4757
-91.6449
-90.8031
-89.9899
-89.2279
-88.5269
-87.8886
-87.3106
-86.7881
-86.3157
-85.888
-85.4999
-85.1468
-84.8244
-84.5292
-84.2579
-84.0075
-83.7756
-83.5601
-83.3588
-83.1702
-82.9926
-82.8248
-82.6654
-82.5133
-82.3676
-82.2271
-82.0911
-81.9587
-81.8289
-81.701
-81.5742
-81.4475
-81.3201
-81.1909
-81.0588
-80.9227
-80.7812
-80.6325
-80.4748
-80.3057
-80.1222
-79.9208
-79.6966
-79.4434
-79.1525
-78.812
-78.4043
-77.9027
-77.2636
-76.4101
-75.1905
-73.2527
-69.5265
-58.6731
11.1593
49.9769
49.036
42.7513
26.1193
5.0137
-8.11085
-18.7428
-29.7822
-41.7284
-69.7941
-94.25
-94.9708
-94.9654
-94.9275
-94.8487
-94.6943
-94.4159
-93.9695
-93.3458
-92.5815
-91.7395
-90.8808
-90.0494
-89.2705
-88.555
-87.905
-87.3176
-86.7878
-86.3098
-85.8779
-85.4868
-85.1315
-84.8077
-84.5117
-84.24
-83.9898
-83.7585
-83.5437
-83.3437
-83.1565
-82.9806
-82.8147
-82.6575
-82.5079
-82.3649
-82.2275
-82.0948
-81.966
-81.8402
-81.7168
-81.5948
-81.4736
-81.3521
-81.2297
-81.1052
-80.9776
-80.8457
-80.7082
-80.5633
-80.409
-80.2432
-80.0626
-79.8636
-79.6414
-79.3895
-79.0991
-78.7578
-78.3475
-77.8403
-77.1903
-76.3163
-75.0559
-73.0242
-69.0121
-56.5796
23.3368
49.9035
48.0232
39.2717
20.4091
1.31814
-10.7315
-21.2808
-32.1155
-46.4761
-80.0083
-94.7233
-94.9761
-94.9602
-94.9162
-94.8263
-94.6536
-94.3502
-93.8779
-93.2353
-92.4633
-91.6236
-90.7739
-89.9546
-89.1885
-88.4855
-87.8469
-87.27
-86.7497
-86.2805
-85.8567
-85.4731
-85.125
-84.8081
-84.5186
-84.2534
-84.0096
-83.7846
-83.5763
-83.3827
-83.2022
-83.0332
-82.8745
-82.7249
-82.5832
-82.4487
-82.3204
-82.1975
-82.0792
-81.965
-81.8541
-81.7459
-81.6398
-81.5353
-81.4315
-81.328
-81.224
-81.1189
-81.0117
-80.9017
-80.7879
-80.6689
-80.5437
-80.4103
-80.2671
-80.1115
-79.9406
-79.7506
-79.5364
-79.2914
-79.0066
-78.6692
-78.2602
-77.7502
-77.0909
-76.1949
-74.8857
-72.7342
-68.3335
-53.5038
35.5505
49.7361
46.8574
36.1308
16.2274
-0.943928
-12.4525
-23.1465
-33.6489
-49.8994
-85.4088
-94.8436
-94.9771
-94.9573
-94.9098
-94.8133
-94.6293
-94.3108
-93.8235
-93.1712
-92.3973
-91.5625
-90.7215
-89.9123
-89.1563
-88.4624
-87.8318
-87.2618
-86.7474
-86.2832
-85.8638
-85.4841
-85.1393
-84.8255
-84.5389
-84.2763
-84.035
-83.8124
-83.6065
-83.4153
-83.2372
-83.0707
-82.9146
-82.7676
-82.6289
-82.4973
-82.3723
-82.2529
-82.1384
-82.0284
-81.922
-81.8188
-81.7183
-81.6198
-81.5229
-81.427
-81.3315
-81.236
-81.1396
-81.0419
-80.942
-80.8392
-80.7324
-80.6206
-80.5026
-80.3767
-80.2412
-80.0937
-79.9315
-79.751
-79.5475
-79.3148
-79.0446
-78.725
-78.3388
-77.8595
-77.2443
-76.418
-75.2321
-73.3437
-69.7186
-59.2531
7.56452
49.9816
49.2285
43.6115
27.8554
6.47023
-7.12084
-17.8418
-28.8929
-40.0586
-65.6919
-93.8201
-94.9654
-94.9678
-94.9329
-94.8594
-94.7142
-94.4494
-94.0191
-93.4103
-92.6567
-91.8205
-90.9639
-90.1324
-89.3524
-88.6355
-87.9843
-87.396
-86.8657
-86.3877
-85.9563
-85.5661
-85.2122
-84.8902
-84.5964
-84.3274
-84.0803
-83.8525
-83.6418
-83.4462
-83.264
-83.0937
-82.934
-82.7836
-82.6415
-82.5068
-82.3785
-82.256
-82.1384
-82.0251
-81.9155
-81.8089
-81.7047
-81.6025
-81.5015
-81.4013
-81.3011
-81.2004
-81.0984
-80.9944
-80.8875
-80.7768
-80.6611
-80.5391
-80.4092
-80.2696
-80.118
-79.9514
-79.7662
-79.5575
-79.3192
-79.0424
-78.715
-78.3192
-77.8274
-77.1946
-76.3413
-75.1088
-73.1233
-69.2212
-57.2863
19.6217
49.9392
48.4037
40.4991
22.3427
2.51798
-9.83398
-20.3212
-31.2481
-44.6367
-76.3856
-94.6097
-94.9751
-94.9623
-94.9207
-94.8355
-94.6707
-94.3787
-93.9191
-93.2868
-92.5203
-91.6814
-90.8285
-90.0038
-89.2313
-88.5214
-87.8761
-87.2927
-86.7663
-86.2912
-85.862
-85.4732
-85.1201
-84.7984
-84.5044
-84.2348
-83.9865
-83.7572
-83.5445
-83.3465
-83.1615
-82.9879
-82.8244
-82.6699
-82.523
-82.3829
-82.2487
-82.1195
-81.9945
-81.8729
-81.7541
-81.6372
-81.5215
-81.4064
-81.2909
-81.1742
-81.0556
-80.9338
-80.8078
-80.6762
-80.5376
-80.3899
-80.2309
-80.0579
-79.8672
-79.6543
-79.4131
-79.1353
-78.8094
-78.4187
-77.9375
-77.3246
-76.5077
-75.3462
-73.519
-70.0819
-60.6039
-1.94023
49.978
49.4944
44.9367
30.6733
9.04436
-5.50707
-16.4188
-27.4497
-37.5236
-59.3286
-92.3987
-94.9466
-94.9707
-94.9396
-94.8725
-94.7378
-94.487
-94.0704
-93.4693
-92.7146
-91.8699
-91.0008
-90.1559
-89.3636
-88.6363
-87.9766
-87.3818
-86.8466
-86.365
-85.931
-85.539
-85.184
-84.8615
-84.5676
-84.2988
-84.0522
-83.8251
-83.6154
-83.4209
-83.24
-83.0712
-82.913
-82.7644
-82.6241
-82.4914
-82.3653
-82.245
-82.1298
-82.0192
-81.9123
-81.8087
-81.7078
-81.609
-81.5119
-81.4158
-81.3201
-81.2244
-81.1279
-81.03
-80.9299
-80.8267
-80.7196
-80.6073
-80.4886
-80.3618
-80.2251
-80.0762
-79.912
-79.7289
-79.5219
-79.2845
-79.0078
-78.6792
-78.2801
-77.7817
-77.1368
-76.2605
-74.9822
-72.8901
-68.6554
-54.7726
31.4149
49.7974
47.2353
37.1113
17.4957
-0.245742
-11.9029
-22.5493
-33.177
-48.8201
-83.9011
-94.8143
-94.9768
-94.9581
-94.9116
-94.817
-94.6363
-94.3219
-93.8379
-93.1862
-92.4094
-91.569
-90.721
-89.9046
-89.142
-88.4423
-87.8069
-87.2329
-86.7154
-86.2487
-85.8273
-85.4461
-85.1002
-84.7855
-84.4983
-84.2353
-83.9936
-83.7708
-83.5648
-83.3736
-83.1954
-83.029
-82.8729
-82.7261
-82.5874
-82.456
-82.331
-82.2116
-82.0973
-81.9872
-81.8808
-81.7776
-81.677
-81.5783
-81.4812
-81.3849
-81.2891
-81.193
-81.096
-80.9974
-80.8964
-80.7923
-80.6839
-80.5702
-80.4497
-80.3208
-80.1815
-80.0294
-79.8614
-79.6735
-79.4606
-79.2156
-78.9291
-78.5873
-78.1699
-77.6454
-76.9605
-76.0182
-74.6164
-72.2433
-67.0919
-46.9909
46.159
49.5827
46.0329
34.1364
13.8356
-2.2592
-13.5102
-24.2877
-34.4891
-51.8698
-87.7267
-94.8841
-94.9767
-94.9548
-94.904
-94.8003
-94.6022
-94.2604
-93.7429
-93.0601
-92.2615
-91.4104
-90.5611
-89.7497
-88.9954
-88.3055
-87.68
-87.1155
-86.6066
-86.1477
-85.7331
-85.3578
-85.0171
-84.7068
-84.4234
-84.1635
-83.9245
-83.7039
-83.4995
-83.3096
-83.1325
-82.9667
-82.811
-82.6642
-82.5252
-82.3933
-82.2675
-82.1471
-82.0313
-81.9196
-81.8113
-81.7057
-81.6024
-81.5007
-81.3999
-81.2997
-81.1992
-81.0978
-80.9948
-80.8893
-80.7805
-80.6672
-80.5483
-80.4222
-80.2873
-80.1413
-79.9817
-79.805
-79.6071
-79.3821
-79.1225
-78.8175
-78.4518
-78.0021
-77.4313
-76.6757
-75.6144
-73.9825
-71.0478
-63.772
-25.4224
49.0455
49.4782
45.4114
32.455
11.6347
-3.67064
-14.7394
-25.6296
-35.3997
-54.0766
-89.6789
-94.9122
-94.9752
-94.9502
-94.8942
-94.7797
-94.5609
-94.1856
-93.6253
-92.8998
-92.0684
-91.1986
-90.3439
-89.537
-88.7936
-88.118
-87.5083
-86.9597
-86.4662
-86.0218
-85.6207
-85.2577
-84.9283
-84.6283
-84.3543
-84.1031
-83.8722
-83.6591
-83.4619
-83.2786
-83.1079
-82.9483
-82.7985
-82.6575
-82.5244
-82.3983
-82.2784
-82.1639
-82.0543
-81.949
-81.8473
-81.7488
-81.6529
-81.5592
-81.4671
-81.3761
-81.2859
-81.1957
-81.1051
-81.0135
-80.9201
-80.8243
-80.7252
-80.6219
-80.5133
-80.3979
-80.2743
-80.1405
-79.9942
-79.8323
-79.6511
-79.4455
-79.209
-78.9323
-78.6025
-78.2003
-77.6962
-77.0407
-76.145
-74.8276
-72.6443
-68.1134
-52.3119
38.6778
49.6931
46.6218
35.5678
15.5644
-1.28607
-12.7175
-23.4303
-33.862
-50.3912
-86.0413
-94.8553
-94.9769
-94.9565
-94.908
-94.8095
-94.6219
-94.2978
-93.8031
-93.1424
-92.3598
-91.5164
-90.6672
-89.8505
-89.0874
-88.3871
-87.7507
-87.1754
-86.6562
-86.1877
-85.7644
-85.381
-85.0328
-84.7157
-84.4259
-84.1603
-83.9158
-83.6901
-83.481
-83.2864
-83.1048
-82.9347
-82.7747
-82.6236
-82.4803
-82.344
-82.2137
-82.0886
-81.9679
-81.851
-81.7372
-81.6257
-81.5159
-81.4072
-81.2989
-81.1902
-81.0803
-80.9685
-80.8536
-80.7348
-80.6107
-80.4799
-80.3406
-80.1907
-80.0276
-79.848
-79.6477
-79.4212
-79.1609
-78.8565
-78.4931
-78.0483
-77.4866
-76.7476
-75.7175
-74.1508
-71.3869
-64.8163
-33.0201
49.0234
49.4633
45.3935
32.5369
11.8762
-3.46063
-14.5378
-25.4023
-35.246
-53.6973
-89.3903
-94.9086
-94.9756
-94.9513
-94.8964
-94.7839
-94.5687
-94.1987
-93.6438
-92.9218
-92.0904
-91.2175
-90.3573
-89.5438
-88.7934
-88.1112
-87.4955
-86.9416
-86.4434
-85.9949
-85.5903
-85.2242
-84.8921
-84.5897
-84.3136
-84.0606
-83.8279
-83.6132
-83.4144
-83.2297
-83.0576
-82.8966
-82.7454
-82.603
-82.4685
-82.3408
-82.2194
-82.1033
-81.992
-81.8847
-81.7811
-81.6803
-81.5821
-81.4857
-81.3907
-81.2966
-81.2027
-81.1085
-81.0134
-80.9167
-80.8175
-80.7151
-80.6084
-80.4963
-80.3774
-80.2501
-80.1122
-79.9615
-79.7947
-79.6078
-79.3956
-79.1511
-78.8645
-78.5218
-78.1023
-77.5735
-76.8808
-75.9234
-74.4903
-72.0398
-66.6127
-44.4087
47.5484
49.5498
45.8607
33.721
13.3415
-2.54718
-13.7503
-24.5473
-34.671
-52.3042
-88.1619
-94.8908
-94.9765
-94.9539
-94.9021
-94.7961
-94.5934
-94.2441
-93.7166
-93.0228
-92.2141
-91.3551
-90.5002
-89.6852
-88.9288
-88.2379
-87.6123
-87.0482
-86.5402
-86.0823
-85.6691
-85.2952
-84.9559
-84.6472
-84.3652
-84.107
-83.8696
-83.6507
-83.448
-83.2599
-83.0845
-82.9206
-82.7668
-82.6219
-82.4851
-82.3553
-82.2319
-82.1139
-82.0008
-81.8919
-81.7866
-81.6844
-81.5846
-81.4868
-81.3903
-81.2948
-81.1995
-81.1038
-81.0073
-80.909
-80.8082
-80.7041
-80.5956
-80.4816
-80.3605
-80.2307
-80.0902
-79.9364
-79.766
-79.5748
-79.3573
-79.1062
-78.8111
-78.4573
-78.0228
-77.4721
-76.7456
-75.7312
-74.1872
-71.4671
-65.0379
-34.3895
49.016
49.47
45.4406
32.6855
12.092
-3.31007
-14.4023
-25.2532
-35.1472
-53.4552
-89.1952
-94.906
-94.9759
-94.9519
-94.8978
-94.7868
-94.5744
-94.2087
-93.6594
-92.9428
-92.1158
-91.2454
-90.3862
-89.5724
-88.8211
-88.1375
-87.5202
-86.9647
-86.4652
-86.0155
-85.6098
-85.2429
-84.9102
-84.6075
-84.3312
-84.0781
-83.8457
-83.6313
-83.4331
-83.2491
-83.0779
-82.9179
-82.768
-82.6271
-82.4943
-82.3685
-82.2492
-82.1355
-82.0269
-81.9226
-81.8223
-81.7253
-81.6312
-81.5395
-81.4497
-81.3614
-81.2741
-81.1873
-81.1005
-81.0131
-80.9246
-80.8343
-80.7416
-80.6454
-80.5451
-80.4393
-80.3268
-80.2061
-80.0751
-79.9316
-79.7725
-79.594
-79.391
-79.157
-78.8826
-78.5548
-78.1542
-77.6507
-76.9942
-76.0945
-74.766
-72.5514
-67.9074
-51.3144
40.7792
49.6643
46.4671
35.1946
15.117
-1.52853
-12.9107
-23.6385
-34.0171
-50.7532
-86.4838
-94.8632
-94.9768
-94.9559
-94.9068
-94.8067
-94.6163
-94.2874
-93.7867
-93.1196
-92.3312
-91.4832
-90.6306
-89.8114
-89.0468
-88.3455
-87.7087
-87.1335
-86.6148
-86.1471
-85.7247
-85.3426
-84.9959
-84.6804
-84.3924
-84.1287
-83.8864
-83.6629
-83.4561
-83.2642
-83.0853
-82.9181
-82.7612
-82.6135
-82.4739
-82.3414
-82.2154
-82.0949
-81.9793
-81.8678
-81.76
-81.6551
-81.5527
-81.452
-81.3526
-81.2539
-81.1552
-81.056
-80.9553
-80.8526
-80.7469
-80.6373
-80.5225
-80.4012
-80.2719
-80.1324
-79.9804
-79.8128
-79.6257
-79.414
-79.1708
-78.8868
-78.5483
-78.1356
-77.6174
-76.9419
-76.0144
-74.6389
-72.3231
-67.3553
-48.5321
44.7652
49.6053
46.1465
34.3978
14.1308
-2.0983
-13.3801
-24.1484
-34.3911
-51.6363
-87.4791
-94.8798
-94.9765
-94.9544
-94.9034
-94.7994
-94.601
-94.2595
-93.7426
-93.0594
-92.2584
-91.4023
-90.5459
-89.7261
-88.963
-88.2645
-87.6311
-87.0595
-86.5446
-86.0807
-85.662
-85.2833
-84.94
-84.6278
-84.343
-84.0823
-83.8429
-83.6223
-83.4184
-83.2292
-83.0531
-82.8887
-82.7347
-82.5899
-82.4533
-82.3239
-82.2011
-82.084
-81.972
-81.8644
-81.7607
-81.6602
-81.5625
-81.4671
-81.3734
-81.281
-81.1892
-81.0976
-81.0056
-80.9125
-80.8177
-80.7203
-80.6196
-80.5145
-80.4038
-80.2862
-80.1599
-80.023
-79.8727
-79.706
-79.5187
-79.3053
-79.0584
-78.7678
-78.4189
-77.9896
-77.4449
-76.7254
-75.7197
-74.1879
-71.4885
-65.109
-34.7368
49.0072
49.4718
45.4528
32.7223
12.1441
-3.27451
-14.3705
-25.2183
-35.1238
-53.398
-89.1478
-94.9053
-94.9758
-94.9519
-94.8976
-94.7865
-94.574
-94.2084
-93.6594
-92.9436
-92.1172
-91.2472
-90.3879
-89.5737
-88.8217
-88.1374
-87.5197
-86.9639
-86.4643
-86.015
-85.61
-85.2442
-84.9128
-84.6118
-84.3375
-84.0867
-83.8569
-83.6455
-83.4505
-83.2702
-83.1029
-82.9473
-82.8022
-82.6665
-82.5393
-82.4197
-82.3071
-82.2008
-82.1001
-82.0047
-81.914
-81.8276
-81.7451
-81.6662
-81.5905
-81.5178
-81.4477
-81.38
-81.3145
-81.2509
-81.1889
-81.1284
-81.0691
-81.0107
-80.953
-80.8959
-80.8389
-80.7819
-80.7245
-80.6663
-80.6072
-80.5464
-80.4837
-80.4185
-80.3501
-80.2778
-80.2007
-80.1179
-80.0281
-79.9297
-79.821
-79.6995
-79.5625
-79.4061
-79.2256
-79.0142
-78.763
-78.4592
-78.084
-77.6077
-76.982
-76.1195
-74.8413
-72.7106
-68.2655
-52.6097
37.7958
49.709
46.7316
35.9021
16.0698
-0.953176
-12.4337
-23.1149
-33.613
-49.8095
-85.2981
-94.8423
-94.9772
-94.9576
-94.9107
-94.8152
-94.6336
-94.319
-93.8364
-93.1875
-92.4138
-91.5753
-90.7272
-89.9086
-89.1419
-88.4368
-87.7952
-87.2147
-86.6904
-86.2171
-85.7893
-85.4017
-85.0497
-84.7292
-84.4362
-84.1677
-83.9206
-83.6925
-83.4812
-83.2847
-83.1014
-82.9296
-82.7681
-82.6157
-82.4713
-82.3339
-82.2026
-82.0767
-81.9553
-81.8378
-81.7235
-81.6116
-81.5016
-81.3927
-81.2843
-81.1756
-81.0659
-80.9544
-80.84
-80.7218
-80.5985
-80.4687
-80.3306
-80.1823
-80.0212
-79.8439
-79.6465
-79.4236
-79.1679
-78.8695
-78.5138
-78.0797
-77.5332
-76.8173
-75.8257
-74.3328
-71.746
-65.8282
-39.5537
48.6775
49.4991
45.5894
33.0455
12.5164
-3.0511
-14.1805
-25.0138
-34.9898
-53.0742
-88.8705
-94.9011
-94.9757
-94.9519
-94.8976
-94.7866
-94.5742
-94.2088
-93.6592
-92.9406
-92.1084
-91.2293
-90.3585
-89.5313
-88.7658
-88.068
-87.437
-86.8684
-86.3565
-85.8952
-85.4786
-85.1013
-84.7586
-84.4462
-84.1604
-83.898
-83.656
-83.432
-83.2238
-83.0296
-82.8476
-82.6763
-82.5144
-82.3606
-82.214
-82.0734
-81.9379
-81.8066
-81.6788
-81.5534
-81.4298
-81.3071
-81.1844
-81.0607
-80.9351
-80.8064
-80.6734
-80.5346
-80.3881
-80.2321
-80.0638
-79.8802
-79.6771
-79.4492
-79.1894
-78.8879
-78.5305
-78.0964
-77.5526
-76.8439
-75.8679
-74.4093
-71.9118
-66.3424
-43.0992
47.9652
49.5285
45.7263
33.3353
12.8063
-2.90109
-14.061
-24.8889
-34.91
-52.8824
-88.6976
-94.8983
-94.9756
-94.9517
-94.8974
-94.7862
-94.5738
-94.2081
-93.6579
-92.938
-92.1039
-91.2233
-90.352
-89.5257
-88.7624
-88.0682
-87.4421
-86.8793
-86.374
-85.9199
-85.5111
-85.1422
-84.8082
-84.5051
-84.2289
-83.9765
-83.7452
-83.5324
-83.3361
-83.1544
-82.9857
-82.8286
-82.6819
-82.5445
-82.4155
-82.2939
-82.1791
-82.0703
-81.9671
-81.8687
-81.7747
-81.6847
-81.5981
-81.5148
-81.4341
-81.3558
-81.2796
-81.205
-81.1318
-81.0596
-80.988
-80.9167
-80.8452
-80.7732
-80.7001
-80.6254
-80.5486
-80.4689
-80.3856
-80.2979
-80.2044
-80.1041
-79.9953
-79.8761
-79.7441
-79.5963
-79.4289
-79.2367
-79.0129
-78.7479
-78.4283
-78.0341
-77.5337
-76.8746
-75.9604
-74.591
-72.2594
-67.1702
-47.1492
45.9848
49.5883
46.0751
34.2729
14.0454
-2.11403
-13.3819
-24.1451
-34.3835
-51.6157
-87.4622
-94.88
-94.9767
-94.9548
-94.9042
-94.801
-94.6042
-94.2653
-93.7524
-93.0742
-92.2787
-91.4281
-90.577
-89.7621
-89.0035
-88.3093
-87.6803
-87.113
-86.6024
-86.1429
-85.7289
-85.3552
-85.0171
-84.7104
-84.4314
-84.1769
-83.9441
-83.7306
-83.5343
-83.3532
-83.1859
-83.0308
-82.8869
-82.753
-82.6281
-82.5116
-82.4026
-82.3005
-82.2048
-82.115
-82.0306
-81.9514
-81.8769
-81.8069
-81.7412
-81.6794
-81.6216
-81.5675
-81.517
-81.4699
-81.4264
-81.3862
-81.3494
-81.316
-81.2861
-81.2596
-81.2366
-81.2173
-81.2019
-81.1904
-81.183
-81.1801
-81.1817
-81.1881
-81.1998
-81.2168
-81.2397
-81.2687
-81.3043
-81.3468
-81.3967
-81.4542
-81.5198
-81.5939
-81.6767
-81.7686
-81.8697
-81.9802
-82.1002
-82.2297
-82.3685
-82.5165
-82.6733
-82.8385
-83.0116
-83.1919
-83.3788
-83.5716
-83.7694
-83.9714
-84.1768
-84.3847
-84.5944
-84.805
-85.0158
-85.226
-85.4351
-85.6425
-85.8475
-86.0498
-86.249
-86.4446
-86.6365
-86.8243
-87.0079
-87.1871
-87.3618
-87.5319
-87.6974
-87.8583
-88.0146
-88.1663
-88.3134
-88.4561
-88.5943
-88.7282
-88.8578
-88.9833
-89.1048
-89.2223
-89.3361
-89.446
-89.5524
-89.6553
-89.7548
-89.851
-89.9441
-90.0341
-90.1211
-90.2053
-90.2867
-90.3654
-90.4415
-90.5152
-90.5864
-90.6554
-90.7221
-90.7866
-90.849
-90.9095
-90.968
-91.0246
-91.0793
-91.1324
-91.1837
-91.2334
-91.2816
-91.3281
-91.3733
-91.417
-91.4593
-91.5002
-91.5399
-91.5783
-91.6155
-91.6515
-91.6864
-91.7202
-91.7529
-91.7846
-91.8153
-91.845
-91.8738
-91.9016
-91.9286
-91.9546
-91.9799
-92.0043
-92.028
-92.0509
-92.073
-92.0944
-92.1151
-92.1351
-92.1545
-92.1732
-92.1913
-92.2088
-92.2256
-92.2419
-92.2577
-92.2728
-92.2875
-92.3016
-92.3153
-92.3284
-92.341
-92.3532
-92.365
-92.3762
-92.3871
-92.3975
-92.4076
-92.4172
-92.4264
-92.4353
-92.4438
-92.4519
-92.4597
-92.4671
-92.4742
-92.481
-92.4875
-92.4936
-92.4995
-92.5051
-92.5103
-92.5154
-92.5201
-92.5245
-92.5288
-92.5327
-92.5364
-92.5399
-92.5431
-92.5461
-92.5489
-92.5515
-92.5539
-92.556
-92.558
-92.5597
-92.5613
-92.5627
-92.5639
-92.5649
-92.5658
-92.5664
-92.567
-92.5673
-92.5675
-92.5676
-92.5675
-92.5673
-92.5669
-92.5664
-92.5657
-92.5649
-92.564
-92.563
-92.5619
-92.5606
-92.5592
-92.5578
-92.5562
-92.5545
-92.5527
-92.5508
-92.5488
-92.5467
-92.5445
-92.5422
-92.5399
-92.5374
-92.5349
-92.5323
-92.5296
-92.5268
-92.524
-92.5211
-92.5181
-92.5151
-92.512
-92.5088
-92.5056
-92.5023
-92.4989
-92.4955
-92.492
-92.4885
-92.4849
-92.4813
-92.4776
-92.4739
-92.4701
-92.4663
-92.4625
-92.4586
-92.4547
-92.4507
-92.4467
-92.4426
-92.4385
-92.4344
-92.4303
-92.4261
-92.4219
-92.4176
-92.4134
-92.4091
-92.4047
-92.4004
-92.396
-92.3916
-92.3872
-92.3827
-92.3783
-92.3738
-92.3693
-92.3648
-92.3602
-92.3557
-92.3511
-92.3465
-92.3419
-92.3373
-92.3327
-92.328
-92.3234
-92.3187
-92.3141
-92.3094
-92.3047
-92.3
-92.2953
-92.2906
-92.2858
-92.2811
-92.2764
-92.2716
-92.2669
-92.2621
-92.2574
-92.2526
-92.2479
-92.2431
-92.2383
-92.2336
-92.2288
-92.224
-92.2193
-92.2145
-92.2097
-92.205
-92.2002
-92.1955
-92.1907
-92.1859
-92.1812
-92.1764
-92.1717
-92.167
-92.1622
-92.1575
-92.1528
-92.148
-92.1433
-92.1386
-92.1339
-92.1292
-92.1245
-92.1198
-92.1152
-92.1105
-92.1058
-92.1012
-92.0965
-92.0919
-92.0873
-92.0826
-92.078
-92.0734
-92.0688
-92.0642
-92.0597
-92.0551
-92.0505
-92.046
-92.0415
-92.0369
-92.0324
-92.0279
-92.0234
-92.0189
-92.0145
-92.01
-92.0056
-92.0011
-91.9967
-91.9923
-91.9879
-91.9835
-91.9791
-91.9747
-91.9704
-91.966
-91.9617
-91.9574
-91.9531
-91.9488
-91.9445
-91.9403
-91.936
-91.9318
-91.9275
-91.9233
-91.9191
-91.915
-91.9108
-91.9066
-91.9025
-91.8984
-91.8942
-91.8901
-91.886
-91.882
-91.8779
-91.8739
-91.8698
-91.8658
-91.8618
-91.8578
-91.8539
-91.8499
-91.846
-91.842
-91.8381
-91.8342
-91.8303
-91.8265
-91.8226
-91.8188
-91.8149
-91.8111
-91.8073
-91.8035
-91.7998
-91.796
-91.7923
-91.7886
-91.7848
-91.7811
-91.7775
-91.7738
-91.7701
-91.7665
-91.7629
-91.7593
-91.7557
-91.7521
-91.7485
-91.745
-91.7415
-91.7379
-91.7344
-91.7309
-91.7275
-91.724
-91.7206
-91.7171
-91.7137
-91.7103
-91.7069
-91.7036
-91.7002
-91.6969
-91.6935
-91.6902
-91.6869
-91.6837
-91.6804
-91.6771
-91.6739
-91.6707
-91.6675
-91.6643
-91.6611
-91.6579
-91.6548
-91.6516
-91.6485
-91.6454
-91.6423
-91.6393
-91.6362
-91.6331
-91.6301
-91.6271
-91.6241
-91.6211
-91.6181
-91.6151
-91.6122
-91.6093
-91.6063
-91.6034
-91.6005
-91.5977
-91.5948
-91.592
-91.5891
-91.5863
-91.5835
-91.5807
-91.5779
-91.5751
-91.5724
-91.5697
-91.5669
-91.5642
-91.5615
-91.5588
-91.5561
-91.5535
-91.5508
-91.5482
-91.5456
-91.543
-91.5404
-91.5378
-91.5352
-91.5327
-91.5301
-91.5276
-91.5251
-91.5226
-91.5201
-91.5176
-91.5152
-91.5127
-91.5103
-91.5078
-91.5054
-91.503
-91.5006
-91.4982
-91.4959
-91.4935
-91.4912
-91.4889
-91.4865
-91.4842
-91.482
-91.4797
-91.4774
-91.4752
-91.4729
-91.4707
-91.4685
-91.4663
-91.4641
-91.4619
-91.4597
-91.4576
-91.4554
-91.4533
-91.4511
-91.449
-91.4469
-91.4448
-91.4428
-91.4407
-91.4386
-91.4366
-91.4346
-91.4325
-91.4305
-91.4285
-91.4266
-91.4246
-91.4226
-91.4207
-91.4187
-91.4168
-91.4149
-91.4129
-91.411
-91.4091
-91.4073
-91.4054
-91.4035
-91.4017
-91.3999
-91.398
-91.3962
-91.3944
-91.3926
-91.3908
-91.389
-91.3873
-91.3855
-91.3838
-91.382
-91.3803
-91.3786
-91.3769
-91.3752
-91.3735
-91.3718
-91.3702
-91.3685
-91.3668
-91.3652
-91.3636
-91.362
-91.3603
-91.3587
-91.3572
-91.3556
-91.354
-91.3524
-91.3509
-91.3493
-91.3478
-91.3463
-91.3447
-91.3432
-91.3417
-91.3402
-91.3387
-91.3373
-91.3358
-91.3343
-91.3329
-91.3314
-91.33
-91.3286
-91.3272
-91.3258
-91.3244
-91.323
-91.3216
-91.3202
-91.3188
-91.3175
-91.3161
-91.3148
-91.3134
-91.3121
-91.3108
-91.3095
-91.3082
-91.3069
-91.3056
-91.3043
-91.303
-91.3018
-91.3005
-91.2992
-91.298
-91.2968
-91.2955
-91.2943
-91.2931
-91.2919
-91.2907
-91.2895
-91.2883
-91.2871
-91.286
-91.2848
-91.2836
-91.2825
-91.2813
-91.2802
-91.2791
-91.2779
-91.2768
-91.2757
-91.2746
-91.2735
-91.2724
-91.2713
-91.2703
-91.2692
-91.2681
-91.2671
-91.266
-91.265
-91.2639
-91.2629
-91.2619
-91.2608
-91.2598
-91.2588
-91.2578
-91.2568
-91.2558
-91.2548
-91.2539
-91.2529
-91.2519
-91.251
-91.25
-91.2491
-91.2481
-91.2472
-91.2462
-91.2453
-91.2444
-91.2435
-91.2426
-91.2417
-91.2408
-91.2399
-91.239
-91.2381
-91.2372
-91.2364
-91.2355
-91.2346
-91.2338
-91.2329
-91.2321
-91.2312
-91.2304
-91.2296
-91.2288
-91.2279
-91.2271
-91.2263
-91.2255
-91.2247
-91.2239
-91.2231
-91.2223
-91.2216
-91.2208
-91.22
-91.2192
-91.2185
-91.2177
-91.217
-91.2162
-91.2155
-91.2147
-91.214
-91.2133
-91.2125
-91.2118
-91.2111
-91.2104
-91.2097
-91.209
-91.2083
-91.2076
-91.2069
-91.2062
-91.2055
-91.2048
-91.2042
-91.2035
-91.2028
-91.2022
-91.2015
-91.2009
-91.2002
-91.1996
-91.1989
-91.1983
-91.1976
-91.197
-91.1964
-91.1958
-91.1951
-91.1945
-91.1939
-91.1933
-91.1927
-91.1921
-91.1915
-91.1909
-91.1903
-91.1897
-91.1891
-91.1885
-91.188
-91.1874
-91.1868
-91.1863
-91.1857
-91.1851
-91.1846
-91.184
-91.1835
-91.1829
-91.1824
-91.1818
-91.1813
-91.1808
-91.1802
-91.1797
-91.1792
-91.1787
-91.1781
-91.1776
-91.1771
-91.1766
-91.1761
-91.1756
-91.1751
-91.1746
-91.1741
-91.1736
-91.1731
-91.1726
-91.1721
-91.1717
-91.1712
-91.1707
-91.1702
-91.1698
-91.1693
-91.1688
-91.1684
-91.1679
-91.1674
-91.167
-91.1665
-91.1661
-91.1656
-91.1652
-91.1647
-91.1643
-91.1639
-91.1634
-91.163
-91.1626
-91.1621
-91.1617
-91.1613
-91.1609
-91.1605
-91.16
-91.1596
-91.1592
-91.1588
-91.1584
-91.158
-91.1576
-91.1572
-91.1568
-91.1564
-91.156
-91.1556
-91.1552
-91.1548
-91.1545
-91.1541
-91.1537
-91.1533
-91.1529
-91.1526
-91.1522
-91.1518
-91.1514
-91.1511
-91.1507
-91.1504
-91.15
-91.1496
-91.1493
-91.1489
-91.1486
-91.1482
-91.1479
-91.1475
-91.1472
-91.1468
-91.1465
-91.1461
-91.1458
-91.1455
-91.1451
-91.1448
-91.1445
-91.1441
-91.1438
-91.1435
-91.1431
-91.1428
-91.1425
-91.1422
-91.1419
-91.1415
-91.1412
-91.1409
-91.1406
-91.1403
-91.14
-91.1397
-91.1394
-91.139
-91.1387
-91.1384
-91.1381
-91.1378
-91.1375
-91.1372
-91.1369
-91.1367
-91.1364
-91.1361
-91.1358
-91.1355
-91.1352
-91.1349
-91.1346
-91.1343
-91.1341
-91.1338
-91.1335
-91.1332
-91.1329
-91.1327
-91.1324
-91.1321
-91.1318
-91.1316
-91.1313
-91.131
-91.1308
-91.1305
-91.1302
-91.13
-91.1297
-91.1295
-91.1292
-91.1289
-91.1287
-91.1284
-91.1282
-91.1279
-91.1276
-91.1274
-91.1271
-91.1269
-91.1266
-91.1264
-91.1261
-91.1259
-91.1257
-91.1254
-91.1252
-91.1249
-91.1247
-91.1244
-91.1242
-91.124
-91.1237
-91.1235
-91.1232
-91.123
-91.1228
-91.1225
-91.1223
-91.1221
-91.1218
-91.1216
-91.1214
-91.1212
-91.1209
-91.1207
-91.1205
-91.1203
-91.12
-91.1198
-91.1196
-91.1194
-91.1191
-91.1189
-91.1187
-91.1185
-91.1183
-91.118
-91.1178
-91.1176
-91.1174
-91.1172
-91.117
-91.1168
-91.1165
-91.1163
-91.1161
-91.1159
-91.1157
-91.1155
-91.1153
-91.1151
-91.1149
-91.1147
-91.1145
-91.1143
-91.1141
-91.1138
-91.1136
-91.1134
-91.1132
-91.113
-91.1128
-91.1126
-91.1124
-91.1122
-91.112
-91.1118
-91.1117
-91.1115
-91.1113
-91.1111
-91.1109
-91.1107
-91.1105
-91.1103
-91.1101
-91.1099
-91.1097
-91.1095
-91.1093
-91.1091
-91.1089
-91.1088
-91.1086
-91.1084
-91.1082
-91.108
-91.1078
-91.1076
-91.1074
-91.1073
-91.1071
-91.1069
-91.1067
-91.1065
-91.1063
-91.1062
-91.106
-91.1058
-91.1056
-91.1054
-91.1053
-91.1051
-91.1049
-91.1047
-91.1045
-91.1044
-91.1042
-91.104
-91.1038
-91.1036
-91.1035
-91.1033
-91.1031
-91.1029
-91.1028
-91.1026
-91.1024
-91.1022
-91.1021
-91.1019
-91.1017
-91.1015
-91.1014
-91.1012
-91.101
-91.1009
-91.1007
-91.1005
-91.1003
-91.1002
-91.1
-91.0998
-91.0997
-91.0995
-91.0993
-91.0992
-91.099
-91.0988
-91.0987
-91.0985
-91.0983
-91.0982
-91.098
-91.0978
-91.0977
-91.0975
-91.0973
-91.0972
-91.097
-91.0968
-91.0967
-91.0965
-91.0963
-91.0962
-91.096
-91.0958
-91.0957
-91.0955
-91.0953
-91.0952
-91.095
-91.0949
-91.0947
-91.0945
-91.0944
-91.0942
-91.094
-91.0939
-91.0937
-91.0936
-91.0934
-91.0932
-91.0931
-91.0929
-91.0928
-91.0926
-91.0924
-91.0923
-91.0921
-91.092
-91.0918
-91.0916
-91.0915
-91.0913
-91.0912
-91.091
-91.0908
-91.0907
-91.0905
-91.0904
-91.0902
-91.0901
-91.0899
-91.0897
-91.0896
-91.0894
-91.0893
-91.0891
-91.089
-91.0888
-91.0886
-91.0885
-91.0883
-91.0882
-91.088
-91.0879
-91.0877
-91.0875
-91.0874
-91.0872
-91.0871
-91.0869
-91.0868
-91.0866
-91.0864
-91.0863
-91.0861
-91.086
-91.0858
-91.0857
-91.0855
-91.0854
-91.0852
-91.0851
-91.0849
-91.0847
-91.0846
-91.0844
-91.0843
-91.0841
-91.084
-91.0838
-91.0837
-91.0835
-91.0833
-91.0832
-91.083
-91.0829
-91.0827
-91.0826
-91.0824
-91.0823
-91.0821
-91.082
-91.0818
-91.0817
-91.0815
-91.0813
-91.0812
-91.081
-91.0809
-91.0807
-91.0806
-91.0804
-91.0803
-91.0801
-91.08
-91.0798
-91.0797
-91.0795
-91.0793
-91.0792
-91.079
-91.0789
-91.0787
-91.0786
-91.0784
-91.0783
-91.0781
-91.078
-91.0778
-91.0777
-91.0775
-91.0773
-91.0772
-91.077
-91.0769
-91.0767
-91.0766
-91.0764
-91.0763
-91.0761
-91.076
-91.0758
-91.0757
-91.0755
-91.0753
-91.0752
-91.075
-91.0749
-91.0747
-91.0746
-91.0744
-91.0743
-91.0741
-91.074
-91.0738
-91.0737
-91.0735
-91.0733
-91.0732
-91.073
-91.0729
-91.0727
-91.0726
-91.0724
-91.0723
-91.0721
-91.072
-91.0718
-91.0716
-91.0715
-91.0713
-91.0712
-91.071
-91.0709
-91.0707
-91.0706
-91.0704
-91.0703
-91.0701
-91.0699
-91.0698
-91.0696
-91.0695
-91.0693
-91.0692
-91.069
-91.0689
-91.0687
-91.0686
-91.0684
-91.0682
-91.0681
-91.0679
-91.0678
-91.0676
-91.0675
-91.0673
-91.0672
-91.067
-91.0668
-91.0667
-91.0665
-91.0664
-91.0662
-91.0661
-91.0659
-91.0657
-91.0656
-91.0654
-91.0653
-91.0651
-91.065
-91.0648
-91.0647
-91.0645
-91.0643
-91.0642
-91.064
-91.0639
-91.0637
-91.0636
-91.0634
-91.0632
-91.0631
-91.0629
-91.0628
-91.0626
-91.0624
-91.0623
-91.0621
-91.062
-91.0618
-91.0617
-91.0615
-91.0613
-91.0612
-91.061
-91.0609
-91.0607
-91.0605
-91.0604
-91.0602
-91.0601
-91.0599
-91.0598
-91.0596
-91.0594
-91.0593
-91.0591
-91.059
-91.0588
-91.0586
-91.0585
-91.0583
-91.0582
-91.058
-91.0578
-91.0577
-91.0575
-91.0574
-91.0572
-91.057
-91.0569
-91.0567
-91.0566
-91.0564
-91.0562
-91.0561
-91.0559
-91.0557
-91.0556
-91.0554
-91.0553
-91.0551
-91.0549
-91.0548
-91.0546
-91.0545
-91.0543
-91.0541
-91.054
-91.0538
-91.0536
-91.0535
-91.0533
-91.0532
-91.053
-91.0528
-91.0527
-91.0525
-91.0523
-91.0522
-91.052
-91.0518
-91.0517
-91.0515
-91.0514
-91.0512
-91.051
-91.0509
-91.0507
-91.0505
-91.0504
-91.0502
-91.05
-91.0499
-91.0497
-91.0495
-91.0494
-91.0492
-91.0491
-91.0489
-91.0487
-91.0486
-91.0484
-91.0482
-91.0481
-91.0479
-91.0477
-91.0476
-91.0474
-91.0472
-91.0471
-91.0469
-91.0467
-91.0466
-91.0464
-91.0462
-91.0461
-91.0459
-91.0457
-91.0456
-91.0454
-91.0452
-91.0451
-91.0449
-91.0447
-91.0445
-91.0444
-91.0442
-91.044
-91.0439
-91.0437
-91.0435
-91.0434
-91.0432
-91.043
-91.0429
-91.0427
-91.0425
-91.0423
-91.0422
-91.042
-91.0418
-91.0417
-91.0415
-91.0413
-91.0412
-91.041
-91.0408
-91.0406
-91.0405
-91.0403
-91.0401
-91.04
-91.0398
-91.0396
-91.0394
-91.0393
-91.0391
-91.0389
-91.0388
-91.0386
-91.0384
-91.0382
-91.0381
-91.0379
-91.0377
-91.0376
-91.0374
-91.0372
-91.037
-91.0369
-91.0367
-91.0365
-91.0363
-91.0362
-91.036
-91.0358
-91.0356
-91.0355
-91.0353
-91.0351
-91.0349
-91.0348
-91.0346
-91.0344
-91.0342
-91.0341
-91.0339
-91.0337
-91.0335
-91.0334
-91.0332
-91.033
-91.0328
-91.0327
-91.0325
-91.0323
-91.0321
-91.032
-91.0318
-91.0316
-91.0314
-91.0313
-91.0311
-91.0309
-91.0307
-91.0305
-91.0304
-91.0302
-91.03
-91.0298
-91.0297
-91.0295
-91.0293
-91.0291
-91.0289
-91.0288
-91.0286
-91.0284
-91.0282
-91.028
-91.0279
-91.0277
-91.0275
-91.0273
-91.0271
-91.027
-91.0268
-91.0266
-91.0264
-91.0262
-91.0261
-91.0259
-91.0257
-91.0255
-91.0253
-91.0252
-91.025
-91.0248
-91.0246
-91.0244
-91.0243
-91.0241
-91.0239
-91.0237
-91.0235
-91.0233
-91.0232
-91.023
-91.0228
-91.0226
-91.0224
-91.0222
-91.0221
-91.0219
-91.0217
-91.0215
-91.0213
-91.0211
-91.021
-91.0208
-91.0206
-91.0204
-91.0202
-91.02
-91.0199
-91.0197
-91.0195
-91.0193
-91.0191
-91.0189
-91.0187
-91.0186
-91.0184
-91.0182
-91.018
-91.0178
-91.0176
-91.0174
-91.0173
-91.0171
-91.0169
-91.0167
-91.0165
-91.0163
-91.0161
-91.016
-91.0158
-91.0156
-91.0154
-91.0152
-91.015
-91.0148
-91.0146
-91.0145
-91.0143
-91.0141
-91.0139
-91.0137
-91.0135
-91.0133
-91.0131
-91.0129
-91.0128
-91.0126
-91.0124
-91.0122
-91.012
-91.0118
-91.0116
-91.0114
-91.0112
-91.011
-91.0109
-91.0107
-91.0105
-91.0103
-91.0101
-91.0099
-91.0097
-91.0095
-91.0093
-91.0091
-91.0089
-91.0088
-91.0086
-91.0084
-91.0082
-91.008
-91.0078
-91.0076
-91.0074
-91.0072
-91.007
-91.0068
-91.0066
-91.0064
-91.0063
-91.0061
-91.0059
-91.0057
-91.0055
-91.0053
-91.0051
-91.0049
-91.0047
-91.0045
-91.0043
-91.0041
-91.0039
-91.0037
-91.0035
-91.0033
-91.0031
-91.003
-91.0028
-91.0026
-91.0024
-91.0022
-91.002
-91.0018
-91.0016
-91.0014
-91.0012
-91.001
-91.0008
-91.0006
-91.0004
-91.0002
-91
-90.9998
-90.9996
-90.9994
-90.9992
-90.999
-90.9988
-90.9986
-90.9984
-90.9982
-90.998
-90.9978
-90.9976
-90.9974
-90.9972
-90.997
-90.9968
-90.9966
-90.9964
-90.9962
-90.996
-90.9958
-90.9956
-90.9954
-90.9952
-90.995
-90.9948
-90.9946
-90.9944
-90.9942
-90.994
-90.9938
-90.9936
-90.9934
-90.9932
-90.993
-90.9928
-90.9926
-90.9924
-90.9922
-90.992
-90.9918
-90.9916
-90.9914
-90.9912
-90.991
-90.9908
-90.9906
-90.9904
-90.9902
-90.99
-90.9898
-90.9896
-90.9894
-90.9892
-90.989
-90.9888
-90.9886
-90.9884
-90.9882
-90.988
-90.9878
-90.9876
-90.9874
-90.9871
-90.9869
-90.9867
-90.9865
-90.9863
-90.9861
-90.9859
-90.9857
-90.9855
-90.9853
-90.9851
-90.9849
-90.9847
-90.9845
-90.9843
-90.9841
-90.9839
-90.9837
-90.9834
-90.9832
-90.983
-90.9828
-90.9826
-90.9824
-90.9822
-90.982
-90.9818
-90.9816
-90.9814
-90.9812
-90.981
-90.9807
-90.9805
-90.9803
-90.9801
-90.9799
-90.9797
-90.9795
-90.9793
-90.9791
-90.9789
-90.9787
-90.9784
-90.9782
-90.978
-90.9778
-90.9776
-90.9774
-90.9772
-90.977
-90.9768
-90.9766
-90.9763
-90.9761
-90.9759
-90.9757
-90.9755
-90.9753
-90.9751
-90.9749
-90.9747
-90.9744
-90.9742
-90.974
-90.9738
-90.9736
-90.9734
-90.9732
-90.973
-90.9727
-90.9725
-90.9723
-90.9721
-90.9719
-90.9717
-90.9715
-90.9713
-90.971
-90.9708
-90.9706
-90.9704
-90.9702
-90.97
-90.9698
-90.9695
-90.9693
-90.9691
-90.9689
-90.9687
-90.9685
-90.9683
-90.968
-90.9678
-90.9676
-90.9674
-90.9672
-90.967
-90.9667
-90.9665
-90.9663
-90.9661
-90.9659
-90.9657
-90.9654
-90.9652
-90.965
-90.9648
-90.9646
-90.9644
-90.9641
-90.9639
-90.9637
-90.9635
-90.9633
-90.9631
-90.9628
-90.9626
-90.9624
-90.9622
-90.962
-90.9617
-90.9615
-90.9613
-90.9611
-90.9609
-90.9607
-90.9604
-90.9602
-90.96
-90.9598
-90.9596
-90.9593
-90.9591
-90.9589
-90.9587
-90.9585
-90.9582
-90.958
-90.9578
-90.9576
-90.9574
-90.9571
-90.9569
-90.9567
-90.9565
-90.9563
-90.956
-90.9558
-90.9556
-90.9554
-90.9551
-90.9549
-90.9547
-90.9545
-90.9543
-90.954
-90.9538
-90.9536
-90.9534
-90.9531
-90.9529
-90.9527
-90.9525
-90.9522
-90.952
-90.9518
-90.9516
-90.9514
-90.9511
-90.9509
-90.9507
-90.9505
-90.9502
-90.95
-90.9498
-90.9496
-90.9493
-90.9491
-90.9489
-90.9487
-90.9484
-90.9482
-90.948
-90.9478
-90.9475
-90.9473
-90.9471
-90.9469
-90.9466
-90.9464
-90.9462
-90.9459
-90.9457
-90.9455
-90.9453
-90.945
-90.9448
-90.9446
-90.9444
-90.9441
-90.9439
-90.9437
-90.9434
-90.9432
-90.943
-90.9428
-90.9425
-90.9423
-90.9421
-90.9419
-90.9416
-90.9414
-90.9412
-90.9409
-90.9407
-90.9405
-90.9402
-90.94
-90.9398
-90.9396
-90.9393
-90.9391
-90.9389
-90.9386
-90.9384
-90.9382
-90.938
-90.9377
-90.9375
-90.9373
-90.937
-90.9368
-90.9366
-90.9363
-90.9361
-90.9359
-90.9356
-90.9354
-90.9352
-90.9349
-90.9347
-90.9345
-90.9343
-90.934
-90.9338
-90.9336
-90.9333
-90.9331
-90.9329
-90.9326
-90.9324
-90.9322
-90.9319
-90.9317
-90.9315
-90.9312
-90.931
-90.9308
-90.9305
-90.9303
-90.9301
-90.9298
-90.9296
-90.9294
-90.9291
-90.9289
-90.9287
-90.9284
-90.9282
-90.9279
-90.9277
-90.9275
-90.9272
-90.927
-90.9268
-90.9265
-90.9263
-90.9261
-90.9258
-90.9256
-90.9254
-90.9251
-90.9249
-90.9246
-90.9244
-90.9242
-90.9239
-90.9237
-90.9235
-90.9232
-90.923
-90.9228
-90.9225
-90.9223
-90.922
-90.9218
-90.9216
-90.9213
-90.9211
-90.9208
-90.9206
-90.9204
-90.9201
-90.9199
-90.9197
-90.9194
-90.9192
-90.9189
-90.9187
-90.9185
-90.9182
-90.918
-90.9177
-90.9175
-90.9173
-90.917
-90.9168
-90.9165
-90.9163
-90.9161
-90.9158
-90.9156
-90.9153
-90.9151
-90.9149
-90.9146
-90.9144
-90.9141
-90.9139
-90.9137
-90.9134
-90.9132
-90.9129
-90.9127
-90.9124
-90.9122
-90.912
-90.9117
-90.9115
-90.9112
-90.911
-90.9108
-90.9105
-90.9103
-90.91
-90.9098
-90.9095
-90.9093
-90.9091
-90.9088
-90.9086
-90.9083
-90.9081
-90.9078
-90.9076
-90.9073
-90.9071
-90.9069
-90.9066
-90.9064
-90.9061
-90.9059
-90.9056
-90.9054
-90.9051
-90.9049
-90.9047
-90.9044
-90.9042
-90.9039
-90.9037
-90.9034
-90.9032
-90.9029
-90.9027
-90.9024
-90.9022
-90.9019
-90.9017
-90.9015
-90.9012
-90.901
-90.9007
-90.9005
-90.9002
-90.9
-90.8997
-90.8995
-90.8992
-90.899
-90.8987
-90.8985
-90.8982
-90.898
-90.8977
-90.8975
-90.8972
-90.897
-90.8968
-90.8965
-90.8963
-90.896
-90.8958
-90.8955
-90.8953
-90.895
-90.8948
-90.8945
-90.8943
-90.894
-90.8938
-90.8935
-90.8933
-90.893
-90.8928
-90.8925
-90.8923
-90.892
-90.8918
-90.8915
-90.8913
-90.891
-90.8908
-90.8905
-90.8903
-90.89
-90.8898
-90.8895
-90.8892
-90.889
-90.8887
-90.8885
-90.8882
-90.888
-90.8877
-90.8875
-90.8872
-90.887
-90.8867
-90.8865
-90.8862
-90.886
-90.8857
-90.8855
-90.8852
-90.885
-90.8847
-90.8844
-90.8842
-90.8839
-90.8837
-90.8834
-90.8832
-90.8829
-90.8827
-90.8824
-90.8822
-90.8819
-90.8817
-90.8814
-90.8811
-90.8809
-90.8806
-90.8804
-90.8801
-90.8799
-90.8796
-90.8794
-90.8791
-90.8788
-90.8786
-90.8783
-90.8781
-90.8778
-90.8776
-90.8773
-90.877
-90.8768
-90.8765
-90.8763
-90.876
-90.8758
-90.8755
-90.8752
-90.875
-90.8747
-90.8745
-90.8742
-90.874
-90.8737
-90.8734
-90.8732
-90.8729
-90.8727
-90.8724
-90.8722
-90.8719
-90.8716
-90.8714
-90.8711
-90.8709
-90.8706
-90.8703
-90.8701
-90.8698
-90.8696
-90.8693
-90.869
-90.8688
-90.8685
-90.8683
-90.868
-90.8677
-90.8675
-90.8672
-90.867
-90.8667
-90.8664
-90.8662
-90.8659
-90.8657
-90.8654
-90.8651
-90.8649
-90.8646
-90.8644
-90.8641
-90.8638
-90.8636
-90.8633
-90.863
-90.8628
-90.8625
-90.8623
-90.862
-90.8617
-90.8615
-90.8612
-90.8609
-90.8607
-90.8604
-90.8602
-90.8599
-90.8596
-90.8594
-90.8591
-90.8588
-90.8586
-90.8583
-90.858
-90.8578
-90.8575
-90.8573
-90.857
-90.8567
-90.8565
-90.8562
-90.8559
-90.8557
-90.8554
-90.8551
-90.8549
-90.8546
-90.8543
-90.8541
-90.8538
-90.8535
-90.8533
-90.853
-90.8528
-90.8525
-90.8522
-90.852
-90.8517
-90.8514
-90.8512
-90.8509
-90.8506
-90.8504
-90.8501
-90.8498
-90.8496
-90.8493
-90.849
-90.8488
-90.8485
-90.8482
-90.8479
-90.8477
-90.8474
-90.8471
-90.8469
-90.8466
-90.8463
-90.8461
-90.8458
-90.8455
-90.8453
-90.845
-90.8447
-90.8445
-90.8442
-90.8439
-90.8436
-90.8434
-90.8431
-90.8428
-90.8426
-90.8423
-90.842
-90.8418
-90.8415
-90.8412
-90.8409
-90.8407
-90.8404
-90.8401
-90.8399
-90.8396
-90.8393
-90.839
-90.8388
-90.8385
-90.8382
-90.838
-90.8377
-90.8374
-90.8371
-90.8369
-90.8366
-90.8363
-90.8361
-90.8358
-90.8355
-90.8352
-90.835
-90.8347
-90.8344
-90.8341
-90.8339
-90.8336
-90.8333
-90.833
-90.8328
-90.8325
-90.8322
-90.8319
-90.8317
-90.8314
-90.8311
-90.8309
-90.8306
-90.8303
-90.83
-90.8298
-90.8295
-90.8292
-90.8289
-90.8287
-90.8284
-90.8281
-90.8278
-90.8275
-90.8273
-90.827
-90.8267
-90.8264
-90.8262
-90.8259
-90.8256
-90.8253
-90.8251
-90.8248
-90.8245
-90.8242
-90.824
-90.8237
-90.8234
-90.8231
-90.8228
-90.8226
-90.8223
-90.822
-90.8217
-90.8215
-90.8212
-90.8209
-90.8206
-90.8203
-90.8201
-90.8198
-90.8195
-90.8192
-90.8189
-90.8187
-90.8184
-90.8181
-90.8178
-90.8175
-90.8173
-90.817
-90.8167
-90.8164
-90.8162
-90.8159
-90.8156
-90.8153
-90.815
-90.8147
-90.8145
-90.8142
-90.8139
-90.8136
-90.8133
-90.8131
-90.8128
-90.8125
-90.8122
-90.8119
-90.8117
-90.8114
-90.8111
-90.8108
-90.8105
-90.8103
-90.81
-90.8097
-90.8094
-90.8091
-90.8088
-90.8086
-90.8083
-90.808
-90.8077
-90.8074
-90.8071
-90.8069
-90.8066
-90.8063
-90.806
-90.8057
-90.8054
-90.8052
-90.8049
-90.8046
-90.8043
-90.804
-90.8037
-90.8035
-90.8032
-90.8029
-90.8026
-90.8023
-90.802
-90.8017
-90.8015
-90.8012
-90.8009
-90.8006
-90.8003
-90.8
-90.7998
-90.7995
-90.7992
-90.7989
-90.7986
-90.7983
-90.798
-90.7977
-90.7975
-90.7972
-90.7969
-90.7966
-90.7963
-90.796
-90.7957
-90.7955
-90.7952
-90.7949
-90.7946
-90.7943
-90.794
-90.7937
-90.7934
-90.7932
-90.7929
-90.7926
-90.7923
-90.792
-90.7917
-90.7914
-90.7911
-90.7909
-90.7906
-90.7903
-90.79
-90.7897
-90.7894
-90.7891
-90.7888
-90.7885
-90.7883
-90.788
-90.7877
-90.7874
-90.7871
-90.7868
-90.7865
-90.7862
-90.7859
-90.7856
-90.7854
-90.7851
-90.7848
-90.7845
-90.7842
-90.7839
-90.7836
-90.7833
-90.783
-90.7827
-90.7824
-90.7822
-90.7819
-90.7816
-90.7813
-90.781
-90.7807
-90.7804
-90.7801
-90.7798
-90.7795
-90.7792
-90.7789
-90.7787
-90.7784
-90.7781
-90.7778
-90.7775
-90.7772
-90.7769
-90.7766
-90.7763
-90.776
-90.7757
-90.7754
-90.7751
-90.7748
-90.7746
-90.7743
-90.774
-90.7737
-90.7734
-90.7731
-90.7728
-90.7725
-90.7722
-90.7719
-90.7716
-90.7713
-90.771
-90.7707
-90.7704
-90.7701
-90.7698
-90.7695
-90.7692
-90.769
-90.7687
-90.7684
-90.7681
-90.7678
-90.7675
-90.7672
-90.7669
-90.7666
-90.7663
-90.766
-90.7657
-90.7654
-90.7651
-90.7648
-90.7645
-90.7642
-90.7639
-90.7636
-90.7633
-90.763
-90.7627
-90.7624
-90.7621
-90.7618
-90.7615
-90.7612
-90.7609
-90.7606
-90.7603
-90.76
-90.7597
-90.7594
-90.7592
-90.7589
-90.7586
-90.7583
-90.758
-90.7577
-90.7574
-90.7571
-90.7568
-90.7565
-90.7562
-90.7559
-90.7556
-90.7553
-90.755
-90.7547
-90.7544
-90.7541
-90.7538
-90.7535
-90.7532
-90.7529
-90.7526
-90.7523
-90.752
-90.7517
-90.7514
-90.7511
-90.7508
-90.7505
-90.7502
-90.7499
-90.7495
-90.7492
-90.7489
-90.7486
-90.7483
-90.748
-90.7477
-90.7474
-90.7471
-90.7468
-90.7465
-90.7462
-90.7459
-90.7456
-90.7453
-90.745
-90.7447
-90.7444
-90.7441
-90.7438
-90.7435
-90.7432
-90.7429
-90.7426
-90.7423
-90.742
-90.7417
-90.7414
-90.7411
-90.7408
-90.7405
-90.7402
-90.7399
-90.7395
-90.7392
-90.7389
-90.7386
-90.7383
-90.738
-90.7377
-90.7374
-90.7371
-90.7368
-90.7365
-90.7362
-90.7359
-90.7356
-90.7353
-90.735
-90.7347
-90.7344
-90.734
-90.7337
-90.7334
-90.7331
-90.7328
-90.7325
-90.7322
-90.7319
-90.7316
-90.7313
-90.731
-90.7307
-90.7304
-90.7301
-90.7298
-90.7294
-90.7291
-90.7288
-90.7285
-90.7282
-90.7279
-90.7276
-90.7273
-90.727
-90.7267
-90.7264
-90.7261
-90.7257
-90.7254
-90.7251
-90.7248
-90.7245
-90.7242
-90.7239
-90.7236
-90.7233
-90.723
-90.7226
-90.7223
-90.722
-90.7217
-90.7214
-90.7211
-90.7208
-90.7205
-90.7202
-90.7199
-90.7195
-90.7192
-90.7189
-90.7186
-90.7183
-90.718
-90.7177
-90.7174
-90.7171
-90.7167
-90.7164
-90.7161
-90.7158
-90.7155
-90.7152
-90.7149
-90.7146
-90.7142
-90.7139
-90.7136
-90.7133
-90.713
-90.7127
-90.7124
-90.7121
-90.7117
-90.7114
-90.7111
-90.7108
-90.7105
-90.7102
-90.7099
-90.7096
-90.7092
-90.7089
-90.7086
-90.7083
-90.708
-90.7077
-90.7074
-90.707
-90.7067
-90.7064
-90.7061
-90.7058
-90.7055
-90.7052
-90.7048
-90.7045
-90.7042
-90.7039
-90.7036
-90.7033
-90.7029
-90.7026
-90.7023
-90.702
-90.7017
-90.7014
-90.701
-90.7007
-90.7004
-90.7001
-90.6998
-90.6995
-90.6991
-90.6988
-90.6985
-90.6982
-90.6979
-90.6976
-90.6972
-90.6969
-90.6966
-90.6963
-90.696
-90.6957
-90.6953
-90.695
-90.6947
-90.6944
-90.6941
-90.6937
-90.6934
-90.6931
-90.6928
-90.6925
-90.6922
-90.6918
-90.6915
-90.6912
-90.6909
-90.6906
-90.6902
-90.6899
-90.6896
-90.6893
-90.689
-90.6886
-90.6883
-90.688
-90.6877
-90.6874
-90.687
-90.6867
-90.6864
-90.6861
-90.6858
-90.6854
-90.6851
-90.6848
-90.6845
-90.6842
-90.6838
-90.6835
-90.6832
-90.6829
-90.6825
-90.6822
-90.6819
-90.6816
-90.6813
-90.6809
-90.6806
-90.6803
-90.68
-90.6797
-90.6793
-90.679
-90.6787
-90.6784
-90.678
-90.6777
-90.6774
-90.6771
-90.6767
-90.6764
-90.6761
-90.6758
-90.6755
-90.6751
-90.6748
-90.6745
-90.6742
-90.6738
-90.6735
-90.6732
-90.6729
-90.6725
-90.6722
-90.6719
-90.6716
-90.6712
-90.6709
-90.6706
-90.6703
-90.6699
-90.6696
-90.6693
-90.669
-90.6686
-90.6683
-90.668
-90.6677
-90.6673
-90.667
-90.6667
-90.6664
-90.666
-90.6657
-90.6654
-90.665
-90.6647
-90.6644
-90.6641
-90.6637
-90.6634
-90.6631
-90.6628
-90.6624
-90.6621
-90.6618
-90.6614
-90.6611
-90.6608
-90.6605
-90.6601
-90.6598
-90.6595
-90.6591
-90.6588
-90.6585
-90.6582
-90.6578
-90.6575
-90.6572
-90.6568
-90.6565
-90.6562
-90.6559
-90.6555
-90.6552
-90.6549
-90.6545
-90.6542
-90.6539
-90.6536
-90.6532
-90.6529
-90.6526
-90.6522
-90.6519
-90.6516
-90.6512
-90.6509
-90.6506
-90.6502
-90.6499
-90.6496
-90.6493
-90.6489
-90.6486
-90.6483
-90.6479
-90.6476
-90.6473
-90.6469
-90.6466
-90.6463
-90.6459
-90.6456
-90.6453
-90.6449
-90.6446
-90.6443
-90.6439
-90.6436
-90.6433
-90.6429
-90.6426
-90.6423
-90.6419
-90.6416
-90.6413
-90.6409
-90.6406
-90.6403
-90.6399
-90.6396
-90.6393
-90.6389
-90.6386
-90.6383
-90.6379
-90.6376
-90.6373
-90.6369
-90.6366
-90.6363
-90.6359
-90.6356
-90.6353
-90.6349
-90.6346
-90.6343
-90.6339
-90.6336
-90.6333
-90.6329
-90.6326
-90.6322
-90.6319
-90.6316
-90.6312
-90.6309
-90.6306
-90.6302
-90.6299
-90.6296
-90.6292
-90.6289
-90.6285
-90.6282
-90.6279
-90.6275
-90.6272
-90.6269
-90.6265
-90.6262
-90.6258
-90.6255
-90.6252
-90.6248
-90.6245
-90.6242
-90.6238
-90.6235
-90.6231
-90.6228
-90.6225
-90.6221
-90.6218
-90.6214
-90.6211
-90.6208
-90.6204
-90.6201
-90.6197
-90.6194
-90.6191
-90.6187
-90.6184
-90.618
-90.6177
-90.6174
-90.617
-90.6167
-90.6163
-90.616
-90.6157
-90.6153
-90.615
-90.6146
-90.6143
-90.614
-90.6136
-90.6133
-90.6129
-90.6126
-90.6123
-90.6119
-90.6116
-90.6112
-90.6109
-90.6105
-90.6102
-90.6099
-90.6095
-90.6092
-90.6088
-90.6085
-90.6081
-90.6078
-90.6075
-90.6071
-90.6068
-90.6064
-90.6061
-90.6057
-90.6054
-90.6051
-90.6047
-90.6044
-90.604
-90.6037
-90.6033
-90.603
-90.6026
-90.6023
-90.602
-90.6016
-90.6013
-90.6009
-90.6006
-90.6002
-90.5999
-90.5995
-90.5992
-90.5989
-90.5985
-90.5982
-90.5978
-90.5975
-90.5971
-90.5968
-90.5964
-90.5961
-90.5957
-90.5954
-90.595
-90.5947
-90.5943
-90.594
-90.5936
-90.5933
-90.593
-90.5926
-90.5923
-90.5919
-90.5916
-90.5912
-90.5909
-90.5905
-90.5902
-90.5898
-90.5895
-90.5891
-90.5888
-90.5884
-90.5881
-90.5877
-90.5874
-90.587
-90.5867
-90.5863
-90.586
-90.5856
-90.5853
-90.5849
-90.5846
-90.5842
-90.5839
-90.5835
-90.5832
-90.5828
-90.5825
-90.5821
-90.5818
-90.5814
-90.5811
-90.5807
-90.5804
-90.58
-90.5797
-90.5793
-90.579
-90.5786
-90.5783
-90.5779
-90.5775
-90.5772
-90.5768
-90.5765
-90.5761
-90.5758
-90.5754
-90.5751
-90.5747
-90.5744
-90.574
-90.5737
-90.5733
-90.573
-90.5726
-90.5722
-90.5719
-90.5715
-90.5712
-90.5708
-90.5705
-90.5701
-90.5698
-90.5694
-90.5691
-90.5687
-90.5684
-90.568
-90.5676
-90.5673
-90.5669
-90.5666
-90.5662
-90.5659
-90.5655
-90.5652
-90.5648
-90.5644
-90.5641
-90.5637
-90.5634
-90.563
-90.5627
-90.5623
-90.5619
-90.5616
-90.5612
-90.5609
-90.5605
-90.5602
-90.5598
-90.5594
-90.5591
-90.5587
-90.5584
-90.558
-90.5577
-90.5573
-90.5569
-90.5566
-90.5562
-90.5559
-90.5555
-90.5551
-90.5548
-90.5544
-90.5541
-90.5537
-90.5534
-90.553
-90.5526
-90.5523
-90.5519
-90.5516
-90.5512
-90.5508
-90.5505
-90.5501
-90.5498
-90.5494
-90.549
-90.5487
-90.5483
-90.548
-90.5476
-90.5472
-90.5469
-90.5465
-90.5462
-90.5458
-90.5454
-90.5451
-90.5447
-90.5443
-90.544
-90.5436
-90.5433
-90.5429
-90.5425
-90.5422
-90.5418
-90.5415
-90.5411
-90.5407
-90.5404
-90.54
-90.5396
-90.5393
-90.5389
-90.5386
-90.5382
-90.5378
-90.5375
-90.5371
-90.5367
-90.5364
-90.536
-90.5356
-90.5353
-90.5349
-90.5346
-90.5342
-90.5338
-90.5335
-90.5331
-90.5327
-90.5324
-90.532
-90.5316
-90.5313
-90.5309
-90.5305
-90.5302
-90.5298
-90.5294
-90.5291
-90.5287
-90.5283
-90.528
-90.5276
-90.5273
-90.5269
-90.5265
-90.5262
-90.5258
-90.5254
-90.5251
-90.5247
-90.5243
-90.524
-90.5236
-90.5232
-90.5229
-90.5225
-90.5221
-90.5218
-90.5214
-90.521
-90.5206
-90.5203
-90.5199
-90.5195
-90.5192
-90.5188
-90.5184
-90.5181
-90.5177
-90.5173
-90.517
-90.5166
-90.5162
-90.5159
-90.5155
-90.5151
-90.5148
-90.5144
-90.514
-90.5136
-90.5133
-90.5129
-90.5125
-90.5122
-90.5118
-90.5114
-90.5111
-90.5107
-90.5103
-90.5099
-90.5096
-90.5092
-90.5088
-90.5085
-90.5081
-90.5077
-90.5073
-90.507
-90.5066
-90.5062
-90.5059
-90.5055
-90.5051
-90.5047
-90.5044
-90.504
-90.5036
-90.5033
-90.5029
-90.5025
-90.5021
-90.5018
-90.5014
-90.501
-90.5007
-90.5003
-90.4999
-90.4995
-90.4992
-90.4988
-90.4984
-90.498
-90.4977
-90.4973
-90.4969
-90.4965
-90.4962
-90.4958
-90.4954
-90.495
-90.4947
-90.4943
-90.4939
-90.4935
-90.4932
-90.4928
-90.4924
-90.492
-90.4917
-90.4913
-90.4909
-90.4905
-90.4902
-90.4898
-90.4894
-90.489
-90.4887
-90.4883
-90.4879
-90.4875
-90.4872
-90.4868
-90.4864
-90.486
-90.4856
-90.4853
-90.4849
-90.4845
-90.4841
-90.4838
-90.4834
-90.483
-90.4826
-90.4823
-90.4819
-90.4815
-90.4811
-90.4807
-90.4804
-90.48
-90.4796
-90.4792
-90.4788
-90.4785
-90.4781
-90.4777
-90.4773
-90.477
-90.4766
-90.4762
-90.4758
-90.4754
-90.4751
-90.4747
-90.4743
-90.4739
-90.4735
-90.4732
-90.4728
-90.4724
-90.472
-90.4716
-90.4713
-90.4709
-90.4705
-90.4701
-90.4697
-90.4693
-90.469
-90.4686
-90.4682
-90.4678
-90.4674
-90.4671
-90.4667
-90.4663
-90.4659
-90.4655
-90.4651
-90.4648
-90.4644
-90.464
-90.4636
-90.4632
-90.4628
-90.4625
-90.4621
-90.4617
-90.4613
-90.4609
-90.4605
-90.4602
-90.4598
-90.4594
-90.459
-90.4586
-90.4582
-90.4579
-90.4575
-90.4571
-90.4567
-90.4563
-90.4559
-90.4556
-90.4552
-90.4548
-90.4544
-90.454
-90.4536
-90.4532
-90.4529
-90.4525
-90.4521
-90.4517
-90.4513
-90.4509
-90.4505
-90.4502
-90.4498
-90.4494
-90.449
-90.4486
-90.4482
-90.4478
-90.4474
-90.4471
-90.4467
-90.4463
-90.4459
-90.4455
-90.4451
-90.4447
-90.4443
-90.444
-90.4436
-90.4432
-90.4428
-90.4424
-90.442
-90.4416
-90.4412
-90.4409
-90.4405
-90.4401
-90.4397
-90.4393
-90.4389
-90.4385
-90.4381
-90.4377
-90.4373
-90.437
-90.4366
-90.4362
-90.4358
-90.4354
-90.435
-90.4346
-90.4342
-90.4338
-90.4334
-90.4331
-90.4327
-90.4323
-90.4319
-90.4315
-90.4311
-90.4307
-90.4303
-90.4299
-90.4295
-90.4291
-90.4287
-90.4284
-90.428
-90.4276
-90.4272
-90.4268
-90.4264
-90.426
-90.4256
-90.4252
-90.4248
-90.4244
-90.424
-90.4236
-90.4233
-90.4229
-90.4225
-90.4221
-90.4217
-90.4213
-90.4209
-90.4205
-90.4201
-90.4197
-90.4193
-90.4189
-90.4185
-90.4181
-90.4177
-90.4173
-90.4169
-90.4165
-90.4162
-90.4158
-90.4154
-90.415
-90.4146
-90.4142
-90.4138
-90.4134
-90.413
-90.4126
-90.4122
-90.4118
-90.4114
-90.411
-90.4106
-90.4102
-90.4098
-90.4094
-90.409
-90.4086
-90.4082
-90.4078
-90.4074
-90.407
-90.4066
-90.4062
-90.4058
-90.4054
-90.405
-90.4046
-90.4042
-90.4038
-90.4034
-90.4031
-90.4027
-90.4023
-90.4019
-90.4015
-90.4011
-90.4007
-90.4003
-90.3999
-90.3995
-90.3991
-90.3987
-90.3983
-90.3979
-90.3975
-90.3971
-90.3967
-90.3963
-90.3959
-90.3955
-90.3951
-90.3947
-90.3943
-90.3939
-90.3934
-90.393
-90.3926
-90.3922
-90.3918
-90.3914
-90.391
-90.3906
-90.3902
-90.3898
-90.3894
-90.389
-90.3886
-90.3882
-90.3878
-90.3874
-90.387
-90.3866
-90.3862
-90.3858
-90.3854
-90.385
-90.3846
-90.3842
-90.3838
-90.3834
-90.383
-90.3826
-90.3822
-90.3818
-90.3814
-90.381
-90.3806
-90.3801
-90.3797
-90.3793
-90.3789
-90.3785
-90.3781
-90.3777
-90.3773
-90.3769
-90.3765
-90.3761
-90.3757
-90.3753
-90.3749
-90.3745
-90.3741
-90.3737
-90.3732
-90.3728
-90.3724
-90.372
-90.3716
-90.3712
-90.3708
-90.3704
-90.37
-90.3696
-90.3692
-90.3688
-90.3684
-90.368
-90.3675
-90.3671
-90.3667
-90.3663
-90.3659
-90.3655
-90.3651
-90.3647
-90.3643
-90.3639
-90.3635
-90.363
-90.3626
-90.3622
-90.3618
-90.3614
-90.361
-90.3606
-90.3602
-90.3598
-90.3594
-90.3589
-90.3585
-90.3581
-90.3577
-90.3573
-90.3569
-90.3565
-90.3561
-90.3557
-90.3552
-90.3548
-90.3544
-90.354
-90.3536
-90.3532
-90.3528
-90.3524
-90.3519
-90.3515
-90.3511
-90.3507
-90.3503
-90.3499
-90.3495
-90.349
-90.3486
-90.3482
-90.3478
-90.3474
-90.347
-90.3466
-90.3461
-90.3457
-90.3453
-90.3449
-90.3445
-90.3441
-90.3436
-90.3432
-90.3428
-90.3424
-90.342
-90.3416
-90.3411
-90.3407
-90.3403
-90.3399
-90.3395
-90.3391
-90.3386
-90.3382
-90.3378
-90.3374
-90.337
-90.3366
-90.3361
-90.3357
-90.3353
-90.3349
-90.3345
-90.334
-90.3336
-90.3332
-90.3328
-90.3324
-90.332
-90.3315
-90.3311
-90.3307
-90.3303
-90.3299
-90.3294
-90.329
-90.3286
-90.3282
-90.3278
-90.3273
-90.3269
-90.3265
-90.3261
-90.3257
-90.3252
-90.3248
-90.3244
-90.324
-90.3235
-90.3231
-90.3227
-90.3223
-90.3219
-90.3214
-90.321
-90.3206
-90.3202
-90.3197
-90.3193
-90.3189
-90.3185
-90.3181
-90.3176
-90.3172
-90.3168
-90.3164
-90.3159
-90.3155
-90.3151
-90.3147
-90.3142
-90.3138
-90.3134
-90.313
-90.3125
-90.3121
-90.3117
-90.3113
-90.3108
-90.3104
-90.31
-90.3096
-90.3091
-90.3087
-90.3083
-90.3079
-90.3074
-90.307
-90.3066
-90.3062
-90.3057
-90.3053
-90.3049
-90.3045
-90.304
-90.3036
-90.3032
-90.3027
-90.3023
-90.3019
-90.3015
-90.301
-90.3006
-90.3002
-90.2997
-90.2993
-90.2989
-90.2985
-90.298
-90.2976
-90.2972
-90.2967
-90.2963
-90.2959
-90.2955
-90.295
-90.2946
-90.2942
-90.2937
-90.2933
-90.2929
-90.2925
-90.292
-90.2916
-90.2912
-90.2907
-90.2903
-90.2899
-90.2894
-90.289
-90.2886
-90.2881
-90.2877
-90.2873
-90.2869
-90.2864
-90.286
-90.2856
-90.2851
-90.2847
-90.2843
-90.2838
-90.2834
-90.283
-90.2825
-90.2821
-90.2817
-90.2812
-90.2808
-90.2804
-90.2799
-90.2795
-90.2791
-90.2786
-90.2782
-90.2778
-90.2773
-90.2769
-90.2765
-90.276
-90.2756
-90.2752
-90.2747
-90.2743
-90.2739
-90.2734
-90.273
-90.2725
-90.2721
-90.2717
-90.2712
-90.2708
-90.2704
-90.2699
-90.2695
-90.2691
-90.2686
-90.2682
-90.2677
-90.2673
-90.2669
-90.2664
-90.266
-90.2656
-90.2651
-90.2647
-90.2643
-90.2638
-90.2634
-90.2629
-90.2625
-90.2621
-90.2616
-90.2612
-90.2607
-90.2603
-90.2599
-90.2594
-90.259
-90.2586
-90.2581
-90.2577
-90.2572
-90.2568
-90.2564
-90.2559
-90.2555
-90.255
-90.2546
-90.2542
-90.2537
-90.2533
-90.2528
-90.2524
-90.252
-90.2515
-90.2511
-90.2506
-90.2502
-90.2497
-90.2493
-90.2489
-90.2484
-90.248
-90.2475
-90.2471
-90.2467
-90.2462
-90.2458
-90.2453
-90.2449
-90.2444
-90.244
-90.2435
-90.2431
-90.2427
-90.2422
-90.2418
-90.2413
-90.2409
-90.2404
-90.24
-90.2396
-90.2391
-90.2387
-90.2382
-90.2378
-90.2373
-90.2369
-90.2364
-90.236
-90.2355
-90.2351
-90.2347
-90.2342
-90.2338
-90.2333
-90.2329
-90.2324
-90.232
-90.2315
-90.2311
-90.2306
-90.2302
-90.2297
-90.2293
-90.2289
-90.2284
-90.228
-90.2275
-90.2271
-90.2266
-90.2262
-90.2257
-90.2253
-90.2248
-90.2244
-90.2239
-90.2235
-90.223
-90.2226
-90.2221
-90.2217
-90.2212
-90.2208
-90.2203
-90.2199
-90.2194
-90.219
-90.2185
-90.2181
-90.2176
-90.2172
-90.2167
-90.2163
-90.2158
-90.2154
-90.2149
-90.2145
-90.214
-90.2136
-90.2131
-90.2127
-90.2122
-90.2118
-90.2113
-90.2109
-90.2104
-90.21
-90.2095
-90.2091
-90.2086
-90.2081
-90.2077
-90.2072
-90.2068
-90.2063
-90.2059
-90.2054
-90.205
-90.2045
-90.2041
-90.2036
-90.2032
-90.2027
-90.2022
-90.2018
-90.2013
-90.2009
-90.2004
-90.2
-90.1995
-90.1991
-90.1986
-90.1982
-90.1977
-90.1972
-90.1968
-90.1963
-90.1959
-90.1954
-90.195
-90.1945
-90.194
-90.1936
-90.1931
-90.1927
-90.1922
-90.1918
-90.1913
-90.1908
-90.1904
-90.1899
-90.1895
-90.189
-90.1886
-90.1881
-90.1876
-90.1872
-90.1867
-90.1863
-90.1858
-90.1853
-90.1849
-90.1844
-90.184
-90.1835
-90.183
-90.1826
-90.1821
-90.1817
-90.1812
-90.1807
-90.1803
-90.1798
-90.1794
-90.1789
-90.1784
-90.178
-90.1775
-90.1771
-90.1766
-90.1761
-90.1757
-90.1752
-90.1747
-90.1743
-90.1738
-90.1734
-90.1729
-90.1724
-90.172
-90.1715
-90.171
-90.1706
-90.1701
-90.1697
-90.1692
-90.1687
-90.1683
-90.1678
-90.1673
-90.1669
-90.1664
-90.1659
-90.1655
-90.165
-90.1645
-90.1641
-90.1636
-90.1631
-90.1627
-90.1622
-90.1618
-90.1613
-90.1608
-90.1604
-90.1599
-90.1594
-90.159
-90.1585
-90.158
-90.1576
-90.1571
-90.1566
-90.1562
-90.1557
-90.1552
-90.1547
-90.1543
-90.1538
-90.1533
-90.1529
-90.1524
-90.1519
-90.1515
-90.151
-90.1505
-90.1501
-90.1496
-90.1491
-90.1487
-90.1482
-90.1477
-90.1472
-90.1468
-90.1463
-90.1458
-90.1454
-90.1449
-90.1444
-90.144
-90.1435
-90.143
-90.1425
-90.1421
-90.1416
-90.1411
-90.1407
-90.1402
-90.1397
-90.1392
-90.1388
-90.1383
-90.1378
-90.1373
-90.1369
-90.1364
-90.1359
-90.1355
-90.135
-90.1345
-90.134
-90.1336
-90.1331
-90.1326
-90.1321
-90.1317
-90.1312
-90.1307
-90.1302
-90.1298
-90.1293
-90.1288
-90.1283
-90.1279
-90.1274
-90.1269
-90.1264
-90.126
-90.1255
-90.125
-90.1245
-90.1241
-90.1236
-90.1231
-90.1226
-90.1221
-90.1217
-90.1212
-90.1207
-90.1202
-90.1198
-90.1193
-90.1188
-90.1183
-90.1178
-90.1174
-90.1169
-90.1164
-90.1159
-90.1155
-90.115
-90.1145
-90.114
-90.1135
-90.1131
-90.1126
-90.1121
-90.1116
-90.1111
-90.1106
-90.1102
-90.1097
-90.1092
-90.1087
-90.1082
-90.1078
-90.1073
-90.1068
-90.1063
-90.1058
-90.1053
-90.1049
-90.1044
-90.1039
-90.1034
-90.1029
-90.1024
-90.102
-90.1015
-90.101
-90.1005
-90.1
-90.0995
-90.099
-90.0986
-90.0981
-90.0976
-90.0971
-90.0966
-90.0961
-90.0956
-90.0952
-90.0947
-90.0942
-90.0937
-90.0932
-90.0927
-90.0922
-90.0918
-90.0913
-90.0908
-90.0903
-90.0898
-90.0893
-90.0888
-90.0883
-90.0878
-90.0874
-90.0869
-90.0864
-90.0859
-90.0854
-90.0849
-90.0844
-90.0839
-90.0834
-90.0829
-90.0825
-90.082
-90.0815
-90.081
-90.0805
-90.08
-90.0795
-90.079
-90.0785
-90.078
-90.0775
-90.0771
-90.0766
-90.0761
-90.0756
-90.0751
-90.0746
-90.0741
-90.0736
-90.0731
-90.0726
-90.0721
-90.0716
-90.0711
-90.0706
-90.0701
-90.0697
-90.0692
-90.0687
-90.0682
-90.0677
-90.0672
-90.0667
-90.0662
-90.0657
-90.0652
-90.0647
-90.0642
-90.0637
-90.0632
-90.0627
-90.0622
-90.0617
-90.0612
-90.0607
-90.0602
-90.0597
-90.0592
-90.0587
-90.0582
-90.0577
-90.0572
-90.0567
-90.0562
-90.0557
-90.0552
-90.0547
-90.0542
-90.0537
-90.0532
-90.0527
-90.0522
-90.0517
-90.0512
-90.0507
-90.0502
-90.0497
-90.0492
-90.0487
-90.0482
-90.0477
-90.0472
-90.0467
-90.0462
-90.0457
-90.0452
-90.0447
-90.0442
-90.0437
-90.0432
-90.0427
-90.0422
-90.0417
-90.0412
-90.0407
-90.0402
-90.0397
-90.0392
-90.0387
-90.0382
-90.0377
-90.0372
-90.0367
-90.0362
-90.0357
-90.0352
-90.0347
-90.0342
-90.0336
-90.0331
-90.0326
-90.0321
-90.0316
-90.0311
-90.0306
-90.0301
-90.0296
-90.0291
-90.0286
-90.0281
-90.0276
-90.0271
-90.0266
-90.0261
-90.0255
-90.025
-90.0245
-90.024
-90.0235
-90.023
-90.0225
-90.022
-90.0215
-90.021
-90.0205
-90.0199
-90.0194
-90.0189
-90.0184
-90.0179
-90.0174
-90.0169
-90.0164
-90.0159
-90.0154
-90.0148
-90.0143
-90.0138
-90.0133
-90.0128
-90.0123
-90.0118
-90.0113
-90.0107
-90.0102
-90.0097
-90.0092
-90.0087
-90.0082
-90.0077
-90.0072
-90.0066
-90.0061
-90.0056
-90.0051
-90.0046
-90.0041
-90.0036
-90.003
-90.0025
-90.002
-90.0015
-90.001
-90.0005
-90
-89.9994
-89.9989
-89.9984
-89.9979
-89.9974
-89.9969
-89.9963
-89.9958
-89.9953
-89.9948
-89.9943
-89.9938
-89.9932
-89.9927
-89.9922
-89.9917
-89.9912
-89.9906
-89.9901
-89.9896
-89.9891
-89.9886
-89.988
-89.9875
-89.987
-89.9865
-89.986
-89.9854
-89.9849
-89.9844
-89.9839
-89.9834
-89.9828
-89.9823
-89.9818
-89.9813
-89.9808
-89.9802
-89.9797
-89.9792
-89.9787
-89.9782
-89.9776
-89.9771
-89.9766
-89.9761
-89.9755
-89.975
-89.9745
-89.974
-89.9734
-89.9729
-89.9724
-89.9719
-89.9713
-89.9708
-89.9703
-89.9698
-89.9692
-89.9687
-89.9682
-89.9677
-89.9671
-89.9666
-89.9661
-89.9656
-89.965
-89.9645
-89.964
-89.9635
-89.9629
-89.9624
-89.9619
-89.9614
-89.9608
-89.9603
-89.9598
-89.9592
-89.9587
-89.9582
-89.9577
-89.9571
-89.9566
-89.9561
-89.9555
-89.955
-89.9545
-89.9539
-89.9534
-89.9529
-89.9524
-89.9518
-89.9513
-89.9508
-89.9502
-89.9497
-89.9492
-89.9486
-89.9481
-89.9476
-89.947
-89.9465
-89.946
-89.9454
-89.9449
-89.9444
-89.9438
-89.9433
-89.9428
-89.9422
-89.9417
-89.9412
-89.9406
-89.9401
-89.9396
-89.939
-89.9385
-89.938
-89.9374
-89.9369
-89.9364
-89.9358
-89.9353
-89.9348
-89.9342
-89.9337
-89.9331
-89.9326
-89.9321
-89.9315
-89.931
-89.9305
-89.9299
-89.9294
-89.9289
-89.9283
-89.9278
-89.9272
-89.9267
-89.9262
-89.9256
-89.9251
-89.9245
-89.924
-89.9235
-89.9229
-89.9224
-89.9218
-89.9213
-89.9208
-89.9202
-89.9197
-89.9191
-89.9186
-89.9181
-89.9175
-89.917
-89.9164
-89.9159
-89.9153
-89.9148
-89.9143
-89.9137
-89.9132
-89.9126
-89.9121
-89.9115
-89.911
-89.9105
-89.9099
-89.9094
-89.9088
-89.9083
-89.9077
-89.9072
-89.9067
-89.9061
-89.9056
-89.905
-89.9045
-89.9039
-89.9034
-89.9028
-89.9023
-89.9017
-89.9012
-89.9006
-89.9001
-89.8995
-89.899
-89.8985
-89.8979
-89.8974
-89.8968
-89.8963
-89.8957
-89.8952
-89.8946
-89.8941
-89.8935
-89.893
-89.8924
-89.8919
-89.8913
-89.8908
-89.8902
-89.8897
-89.8891
-89.8886
-89.888
-89.8875
-89.8869
-89.8864
-89.8858
-89.8853
-89.8847
-89.8842
-89.8836
-89.883
-89.8825
-89.8819
-89.8814
-89.8808
-89.8803
-89.8797
-89.8792
-89.8786
-89.8781
-89.8775
-89.877
-89.8764
-89.8758
-89.8753
-89.8747
-89.8742
-89.8736
-89.8731
-89.8725
-89.872
-89.8714
-89.8708
-89.8703
-89.8697
-89.8692
-89.8686
-89.868
-89.8675
-89.8669
-89.8664
-89.8658
-89.8653
-89.8647
-89.8641
-89.8636
-89.863
-89.8624
-89.8619
-89.8613
-89.8608
-89.8602
-89.8596
-89.8591
-89.8585
-89.858
-89.8574
-89.8568
-89.8563
-89.8557
-89.8551
-89.8546
-89.854
-89.8534
-89.8529
-89.8523
-89.8518
-89.8512
-89.8506
-89.8501
-89.8495
-89.8489
-89.8484
-89.8478
-89.8472
-89.8467
-89.8461
-89.8455
-89.845
-89.8444
-89.8438
-89.8433
-89.8427
-89.8421
-89.8415
-89.841
-89.8404
-89.8398
-89.8393
-89.8387
-89.8381
-89.8376
-89.837
-89.8364
-89.8358
-89.8353
-89.8347
-89.8341
-89.8336
-89.833
-89.8324
-89.8318
-89.8313
-89.8307
-89.8301
-89.8296
-89.829
-89.8284
-89.8278
-89.8273
-89.8267
-89.8261
-89.8255
-89.825
-89.8244
-89.8238
-89.8232
-89.8227
-89.8221
-89.8215
-89.8209
-89.8203
-89.8198
-89.8192
-89.8186
-89.818
-89.8175
-89.8169
-89.8163
-89.8157
-89.8152
-89.8146
-89.814
-89.8134
-89.8128
-89.8123
-89.8117
-89.8111
-89.8105
-89.8099
-89.8094
-89.8088
-89.8082
-89.8076
-89.807

